4	[[0.8489524140446696, -0.5135124485683378, 0.12483895166604869], [0.522794976890395, 0.7815435453534784, -0.34040431673891397], [0.0772347773085365, 0.35425224329800037, 0.9319550081910795]]	0.7772547464565046	0.22274525354349559	[[0.6598522933319272, -0.39912998801424227, 0.09703166772509049], [0.40634487721167806, 0.6074584301884353, -0.26458087089960425], [0.06003109725457114, 0.27534423754623527, 0.7243664536004272]]	0.8893552633776428	0.18602486475989274	[[0.7236047876697183, -0.4629457215826318, 0.0569389948175626], [0.5065592982638011, 0.6666584946506098, -0.2981982848525604], [0.02718160913232899, 0.2753422555710302, 0.8064182478619757]]	[[-0.031415510118064566, -0.006250722638439526, -0.05408718392118495], [0.04160883389893507, -0.02841137096832974, 0.004542085915662939], [-0.041507546582818085, -0.03971384156938368, -0.022420843903914925]]	0.43882003758753685	[[0.68122667299512, -0.6812266729951199, 0.0], [0.7071067811865475, 0.7071067811865476, 0.0], [0.0, 0.0, 0.9634]]
4	[[-0.42203838922340475, -0.825029846081567, 0.3757783270710803], [0.2588054115689476, 0.28760896992378115, 0.9221175843470338], [-0.8688517462515349, 0.4864224845687207, 0.09214016247897017]]	0.6900760648313996	0.30992393516860034	[[-0.29123859084306974, -0.5693333495524232, 0.2593156291941377], [0.17859541997257017, 0.19847206617521534, 0.6363312739180375], [-0.599573793975149, 0.33566851399669506, 0.0635837207364135]]	0.8275260441198455	0.28480041376818843	[[-0.26706901812679545, -0.5943740247101981, 0.31863258677579326], [0.2615463258884408, 0.23429724036584132, 0.8296784060951568], [-0.6912471555756452, 0.3542190923774665, 0.023473535147113655]]	[[0.08217874057396032, 0.08835966009848614, 0.007666234308688688], [0.04737810745598112, -0.003706672768568963, 0.06660208930710784], [0.027750292926507353, -0.048308182048633595, -0.05277484901366834]]	0.5127072418754157	[[-0.43072152141849673, -0.43072152141849684, 0.6091322171960118], [0.5, 0.5000000000000001, 0.7071067811865475], [-0.6091322171960118, 0.6091322171960117, 0.0]]
4	[[-0.30792515101507295, 0.09349718223056193, 0.9468053539599837], [0.3027085282091916, -0.9338174967034747, 0.1906631317268273], [0.9019698710720718, 0.34531602882779927, 0.2592434992682147]]	0.6950306107727653	0.3049693892272349	[[-0.21401740578230216, 0.06498340367124002, 0.6580587034457317], [0.21039169324735932, -0.649031745084111, 0.13251671289594505], [0.6268966703898543, 0.2400052104258112, 0.18018216763525624]]	0.8365254173645774	0.27497343710140937	[[-0.24253131167772043, 0.07485228660867708, 0.7322031591690067], [0.24573857571936225, -0.8491746852912878, 0.11838594459960153], [0.6699121766353876, 0.2562408537428379, 0.16767902506904336]]	[[0.015055903792213981, -0.0033604827791556763, -0.0598235847153851], [-0.007484802180648771, -0.06801261411906873, -0.04110861124422009], [-0.08460854621345143, -0.03262478139501528, -0.049184751355353454]]	0.47252190403796973	[[0.0, 0.0, 0.9634], [0.0, -1.0, 0.0], [0.9634, 0.0, 0.0]]
4	[[-0.5446221603179724, 0.8109226453022452, -0.2139887049042392], [-0.8354447797583356, -0.5021691245819775, 0.22328947644507607], [0.07361197229480154, 0.30038414347728, 0.9509735242804028]]	0.6924719466054925	0.3075280533945076	[[-0.3771355675198748, 0.5615411827389211, -0.14818117503662678], [-0.5785220729206515, -0.3477380312244579, 0.1546216984104431], [0.05097422574845081, 0.2080075925631356, 0.658522487528736]]	0.8196618037166357	0.2707029052764239	[[-0.49236494212425624, 0.6304131393954351, -0.1212782097677265], [-0.7357721245555022, -0.4073850151677152, 0.09548347705446117], [0.0764483775176312, 0.12708340926454662, 0.7603135909065791]]	[[-0.04595895985397623, -0.03426917872766908, 0.054120158069069085], [-0.05098994947313735, 0.004223835257952342, -0.08753837795945309], [0.01611145553133512, -0.11912999958591736, -0.0191630832918617]]	0.4024702487470047	[[-0.6562937767634986, 0.6562937767634985, 0.0], [-0.7071067811865475, -0.7071067811865476, 0.0], [0.0, 0.0, 0.9281395600000001]]
4	[[0.3802729664721569, 0.7767473726770865, -0.5020517802076895], [0.4287143634067757, 0.332951791095048, 0.839849450446521], [0.8195098935212374, -0.5346088512602871, -0.20639019011321075]]	0.6843782864150146	0.31562171358498564	[[0.260250561164169, 0.5315890358901094, -0.3435933370301461], [0.293402801389833, 0.2278649762484388, 0.574774727743182], [0.5608547766282155, -0.3658746895278148, -0.14124896464254827]]	0.827242675432615	0.2753889601269062	[[0.34703907211743346, 0.5554161699914814, -0.42210317584265755], [0.4065872733311058, 0.29415179084153487, 0.715254387831792], [0.6235228773307959, -0.42210317584265755, -0.07564158300510097]]	[[0.03246104593830929, -0.08714240471716612, -0.006784517977941388], [0.051936456350094286, 0.018719860385986317, 0.020495081483800526], [-0.05441067952920983, 0.02014808058385928, 0.09509319004719752]]	0.39364926127250466	[[0.43072152141849673, 0.43072152141849684, -0.6091322171960118], [0.5, 0.5000000000000001, 0.7071067811865475], [0.6091322171960118, -0.6091322171960117, 0.0]]
4	[[0.22433838825039393, -0.7661379269479729, -0.6022499185961573], [-0.9416906372873723, -0.011392912655017143, -0.3362869982418849], [0.2507808429735371, 0.642575192824231, -0.724020780340167]]	0.5615309646959007	0.43846903530409925	[[0.1259729515725673, -0.43021016920921273, -0.3381819777773279], [-0.5287884520010758, -0.006397473233867926, -0.18883556253745434], [0.14082120868218154, 0.3608258679162448, -0.4065600872442929]]	0.7578621451746933	0.408889847405024	[[0.20218865368516328, -0.49711361028498247, -0.3930292195925391], [-0.8300254475249558, 0.0319359103955842, -0.18320283968762696], [0.15781881167688738, 0.39302921959253906, -0.4230440811224467]]	[[0.032171081520686505, 0.08351332253150087, 0.06339319564602916], [-0.11635376105942385, 0.04057016762010342, 0.07165634619432627], [-0.03223849594775545, -0.09395419447727488, 0.1256638606172077]]	0.7329561960716533	[[1.7200731446739782e-16, -0.8614430428369937, 0.0], [-1.0, -1.7938038903913487e-16, 0.0], [0.0, 0.0, -0.8614430428369937]]
4	[[-0.8305561570912853, 0.32773595720904825, 0.4502950280316503], [-0.5100865793185324, -0.772219296347621, -0.37879947194723407], [0.22358030216652452, -0.5443036842615101, 0.808545204538665]]	0.6193507072376441	0.38064929276235593	[[-0.5144055432950673, 0.2029834968846303, 0.27889054407699737], [-0.3159224836533636, -0.478274567335455, -0.23460972085176554], [0.13847461827124316, -0.3371148717994215, 0.5007730442646278]]	0.7794094099584126	0.37347476671760216	[[-0.6196561476714476, 0.24621930957749524, 0.19816871901638694], [-0.5655463896624314, -0.6266749936536731, -0.304636977538062], [0.17922292456174163, -0.27683456894305986, 0.5991272870136137]]	[[0.027687136664397878, -0.009221179452964608, -0.15279546308896844], [-0.16798010984806902, -0.024800007528873395, -0.009397104615109996], [0.004962333171807156, 0.14740084444539378, -0.031060453780570943]]	0.6778374250649122	[[-0.8614430428369937, 0.0, 0.0], [0.0, -0.7071067811865476, -0.7071067811865475], [0.0, -0.6091322171960117, 0.6091322171960118]]
4	[[0.8787972042104137, -0.3840163418041313, 0.28327887866788265], [-0.395223040501579, -0.9183905790867732, -0.018907472103605397], [0.2674214316928388, -0.09534250611366366, -0.9588511794847616]]	0.6696854805657125	0.3303145194342877	[[0.5885177280214555, -0.25717016840618656, 0.18970775199481715], [-0.26467513180894203, -0.6150328363027486, -0.012662059541985784], [0.1790882499967896, -0.06384949202506822, -0.6421287129242528]]	0.8335379906098468	0.2635803823111417	[[0.6828971447090441, -0.30610590345238786, 0.13450518214405058], [-0.3579371868259432, -0.840476889829139, -0.0271856692604867], [0.12369016559256708, -0.05134185474161459, -0.7992388854416097]]	[[-0.0496137110420552, 0.013986306456371812, -0.10161852516298689], [-0.028503767803542995, -0.07496345194213665, -0.01142557295573572], [-0.09921575722669013, 0.028129746224075634, 0.0]]	0.4839620651381229	[[0.6562937767634986, -0.6562937767634985, 0.0], [-0.7071067811865475, -0.7071067811865476, 0.0], [0.0, 0.0, -0.9281395600000001]]
4	[[0.034229894132735264, 0.2773841392786001, 0.9601491309293217], [-0.1827544195208179, -0.9427759796974285, 0.2788803941677556], [0.9825625356654255, -0.18501754344446375, 0.018422055382213542]]	0.8500861118419899	0.1499138881580101	[[0.029098357612059863, 0.2358004044459822, 0.8162094415001729], [-0.15535699391239194, -0.8014407669190099, 0.23707234994702894], [0.8352627655854281, -0.1572808441292606, 0.01566033343200371]]	0.9096126321227725	0.13725506271082333	[[0.00907687273270982, 0.23158924850514492, 0.8448069261763502], [-0.16552715896910275, -0.8261863374430274, 0.2540961425016812], [0.8772405847871818, -0.15704723379931948, 0.0]]	[[-0.022059071366651358, -0.02072286853317227, -0.028556852038662477], [0.0007085696032978483, 0.031374602951676364, 0.0004230131153127488], [-0.01651070950467148, 0.011247060882088633, -0.016756934285326753]]	0.3540747550238045	[[0.0, 0.0, 0.9634], [0.0, -1.0, 0.0], [0.9634, 0.0, 0.0]]
4	[[0.8592155572171323, 0.2624339665249735, -0.4391776855101157], [-0.4266000482917053, 0.8413623931712975, -0.33184593135155627], [0.2824199444684594, 0.4724804086637203, 0.8348660002631537]]	0.6782743366966232	0.3217256633033768	[[0.58278386215087, 0.17800222457139023, -0.2978829533313319], [-0.28935186478980385, 0.5706745191497455, -0.22508257897295], [0.1915582005042415, 0.3204713357885344, 0.5662681825590534]]	0.7865199853161426	0.37925746223670875	[[0.5503989475681188, 0.20654075416119494, -0.2845235356894492], [-0.32455144443962125, 0.752932581837644, -0.27192206730844326], [0.2437212599461386, 0.3416498677997785, 0.5352371960421204]]	[[-0.12539125987770133, 0.00013119466351568104, 0.060898491069144446], [0.01097801927863647, 0.0911842447150004, -0.010918610254595632], [0.021592329369820137, -0.029965416284575892, -0.12140159822580199]]	0.534616749192413	[[0.6091322171960118, 0.43072152141849684, -0.43072152141849673], [-0.7071067811865475, 0.5000000000000001, -0.5], [0.0, 0.6091322171960117, 0.6091322171960118]]
4	[[0.08740825448676931, -0.06334395238859675, -0.994156597696443], [0.7119981850616444, -0.6940087028176986, 0.10681996481098455], [-0.6967197295301035, -0.717174639895393, -0.015561310176609944]]	0.7949953008959688	0.20500469910403124	[[0.06948915157650058, -0.0503581444891124, -0.7903498235233963], [0.5660352113704656, -0.5517336575209772, 0.08492137006660545], [-0.5538889110179428, -0.5701504686385962, -0.012371168466189525]]	0.9166941572387741	0.1411746323652933	[[0.054962377303106845, -0.05496237730310686, -0.8573960780418847], [0.684270070610091, -0.6720088580997502, 0.09023061948046755], [-0.6215680434834456, -0.6321303796972246, 0.0]]	[[-0.02516425887935445, 0.003104653747930872, 0.05394146644682328], [0.03158549439947028, -0.03581513515390521, -0.007690618138213439], [0.017110861809779325, 0.025299422414703933, 0.01426496211787861]]	0.1709780721421847	[[0.0, 0.0, -0.8941696521040001], [0.7071067811865475, -0.7071067811865476, 0.0], [-0.6322734245339546, -0.6322734245339545, 0.0]]
4	[[0.5319609947059123, -0.8460851799387872, 0.03402011756955908], [-0.703274286200726, -0.4190807785627857, 0.5742617690636116], [-0.47161719485230363, -0.3294103357928521, -0.8179645788128509]]	0.628398590416861	0.37160140958313903	[[0.3342835392299466, -0.5316787344461301, 0.021378193926526796], [-0.44193657012496024, -0.26334977051965525, 0.36086528620986646], [-0.2963635804615417, -0.20700099068097313, -0.5140077883369168]]	0.7665678206355082	0.4067675831016384	[[0.49000365312360317, -0.6459853111402306, 0.0967220653290026], [-0.5097061817789185, -0.3691589527376454, 0.3373831733257004], [-0.2749241635103025, -0.11243428925039231, -0.5805355226093688]]	[[0.08221947274879494, 0.0025963613174472995, 0.07064333794594198], [0.02940125510296466, -0.04790511364453868, -0.10282741945968382], [0.08660240172185968, 0.14008107395314529, 0.04648980192823969]]	0.6685798944395837	[[0.6562937767634986, -0.6562937767634985, 0.0], [-0.7071067811865475, -0.7071067811865476, 0.0], [0.0, 0.0, -0.9281395600000001]]
4	[[-0.3195682178843842, -0.5708200961323295, -0.7563336379995778], [0.910087742671785, 0.03735879733279218, -0.41272826520656647], [0.2638493031197415, -0.8202248094963509, 0.507557688474819]]	0.6159854921657572	0.38401450783424296	[[-0.19684938597404633, -0.3516168978541779, -0.46589054824468745], [0.5606008460837023, 0.023012477161760702, -0.254234623573986], [0.16252734283980594, -0.505246582964174, 0.3126481725376754]]	0.7480628173464946	0.400830390873106	[[-0.2697251545521102, -0.38874777152637385, -0.5003335375460517], [0.777969680778986, 0.02781746805419169, -0.23355269175994045], [0.20119234145245354, -0.5003335375460516, 0.2992792472025835]]	[[-0.0306680531471193, 0.038261517784373485, 0.06545153454983642], [0.09716687996341887, -0.000129259131253499, 0.07519397710901486], [0.0038164884057905624, 0.1132461443032805, -0.08040578720376397]]	0.7116645026694338	[[0.0, 0.0, -0.8614430428369937], [1.0, -1.7938038903913487e-16, 0.0], [-1.7200731446739782e-16, -0.8614430428369937, 0.0]]
4	[[0.04673222253661188, -0.9725397674033924, -0.22799671093185395], [-0.8377629715199755, -0.16246744520517667, 0.5213036857710898], [-0.5440306084466285, 0.16664552219444034, -0.8223502702654952]]	0.5974050473560937	0.40259495264390627	[[0.02791806561754015, -0.581000165801308, -0.1362063858912778], [-0.5004838276740727, -0.0970588717966221, 0.31142945308498404], [-0.3250066314022226, 0.0995548760782506, -0.49127620215125456]]	0.7700695836338468	0.37993146770125047	[[-0.011048509216740169, -0.8169489817091325, -0.1304158412058286], [-0.6885070367757787, -0.15169434419283137, 0.2746488582479345], [-0.2781575365348718, 0.0382198829580883, -0.5947925081994163]]	[[-0.047035572367793016, -0.06802568795744393, 0.04515749105135069], [-0.04337125411353686, -0.026583106309626302, -0.12679125400059835], [0.14078388759569171, -0.09010876493262936, 0.0384744220251151]]	0.6385686627354624	[[-1.7854194983122048e-16, -0.8941696521040001, 0.0], [-1.0, 1.7938038903913487e-16, 0.0], [0.0, 0.0, -0.8941696521040001]]
