4	[[0.8592155572171323, 0.2624339665249735, -0.4391776855101157], [-0.4266000482917053, 0.8413623931712975, -0.33184593135155627], [0.2824199444684594, 0.4724804086637203, 0.8348660002631537]]	0.6718621346522342	0.3281378653477659	[[0.5772743983983114, 0.17631944495472177, -0.29506685727845405], [-0.2866164190880113, 0.5652795334921804, -0.2229547158135154], [0.1897472667589446, 0.317441695946167, 0.5609148530853751]]	0.7840995099988568	0.38298686265494547	[[0.5466118779586447, 0.20554610464138628, -0.28362007699543085], [-0.3247016744438259, 0.752945922892384, -0.27173962914894906], [0.24288308971143568, 0.33951770833450867, 0.5318560100200751]]	[[-0.1270986194387033, -0.00022823991790185683, 0.06073893101548293], [0.009795214387188823, 0.09323408267530411, -0.011539396981079482], [0.021437749639812275, -0.030953948582774015, -0.12276201170096902]]	0.5384382913743944	[[0.6030850361877609, 0.4264455187205001, -0.4264455187205], [-0.7071067811865475, 0.5000000000000001, -0.5], [0.0, 0.6030850361877609, 0.6030850361877609]]
4	[[0.8489524140446696, -0.5135124485683378, 0.12483895166604869], [0.522794976890395, 0.7815435453534784, -0.34040431673891397], [0.0772347773085365, 0.35425224329800037, 0.9319550081910795]]	0.7704486786765571	0.2295513213234432	[[0.6540742656599889, -0.3956349874834393, 0.0961820053584738], [0.40278669916394616, 0.6021391918457789, -0.2622640560472925], [0.05950543212524008, 0.2729331727671506, 0.7180235046468171]]	0.8859995603547195	0.19048691938090526	[[0.7201931264284149, -0.4615184428114424, 0.0554940301443821], [0.50681156483905, 0.6676419602129111, -0.29557172237867657], [0.02576644792830401, 0.2709036557821577, 0.8042488031599603]]	[[-0.03197833917724021, -0.0065466391432197285, -0.05511322614688112], [0.043615445158504344, -0.02480527736833944, 0.006026352594849819], [-0.04266353081115402, -0.04296367603454384, -0.021462924367715117]]	0.4396427165967807	[[0.6795296167202722, -0.6795296167202721, 0.0], [0.7071067811865475, 0.7071067811865476, 0.0], [0.0, 0.0, 0.9610000000000001]]
4	[[0.3802729664721569, 0.7767473726770865, -0.5020517802076895], [0.4287143634067757, 0.332951791095048, 0.839849450446521], [0.8195098935212374, -0.5346088512602871, -0.20639019011321075]]	0.6770728902609155	0.3229271097390848	[[0.25747251649739544, 0.5259145886210473, -0.33992564988585816], [0.29027087312819405, 0.2254326315142727, 0.5686392947978676], [0.5548679322038392, -0.36196916008187047, -0.13974120254145142]]	0.8231642474046811	0.28176210458433276	[[0.347171977043326, 0.5481997165388582, -0.4203800476501215], [0.40719121404906244, 0.2944724303287114, 0.7147832603380561], [0.6173126062401982, -0.42038004765012155, -0.07469045166588642]]	[[0.034144866788927385, -0.09119094991443899, -0.007108971837278495], [0.05428887774374697, 0.02039841978991567, 0.023449219528010642], [-0.05727863850090143, 0.019690845053433728, 0.09520257385036375]]	0.3965895512571252	[[0.4264455187205, 0.4264455187205001, -0.6030850361877609], [0.5, 0.5000000000000001, 0.7071067811865475], [0.6030850361877609, -0.6030850361877609, 0.0]]
4	[[-0.3195682178843842, -0.5708200961323295, -0.7563336379995778], [0.910087742671785, 0.03735879733279218, -0.41272826520656647], [0.2638493031197415, -0.8202248094963509, 0.507557688474819]]	0.6107844505524356	0.3892155494475644	[[-0.19518729837453463, -0.34864803878047335, -0.46195682551989675], [0.5558674418622926, 0.02281817250220931, -0.2520880066916526], [0.16115505163463434, -0.5009805595977048, 0.31000834387875653]]	0.7446076882348626	0.40545684693669837	[[-0.267322242599365, -0.385267145457468, -0.49599731869611596], [0.7784137642798921, 0.027317728983059092, -0.23290160955812342], [0.19863969539770673, -0.49599731869611596, 0.29735594846840907]]	[[-0.029369290647138807, 0.039769886721627956, 0.06717452302901308], [0.10075543411816973, -0.0004999187341461243, 0.07441902986652335], [0.0021754757593365204, 0.11474838053584255, -0.08057540859265641]]	0.7121223538042852	[[0.0, 0.0, -0.8528910374410003], [1.0, 1.7938038903913487e-16, 0.0], [1.7029970594503858e-16, -0.8528910374410003, 0.0]]
4	[[0.034229894132735264, 0.2773841392786001, 0.9601491309293217], [-0.1827544195208179, -0.9427759796974285, 0.2788803941677556], [0.9825625356654255, -0.18501754344446375, 0.018422055382213542]]	0.8470684740941525	0.15293152590584766	[[0.02899506419142045, 0.2349633595966437, 0.8133120592391272], [-0.15480550727746178, -0.7985958105349203, 0.23623078994245658], [0.8322977477881933, -0.15672252820615046, 0.015604742342289594]]	0.9076594673274074	0.140180331382326	[[0.00908557429607519, 0.2305195391272113, 0.8415051902054159], [-0.16566478723139647, -0.82606598666994, 0.25424906670801706], [0.8737696707582867, -0.15638956068893034, 0.0]]	[[-0.02198351317911685, -0.021250800975474292, -0.0299832585287654], [0.00021399184259866637, 0.02965355687130264, 0.0011206366896545994], [-0.018062516979660253, 0.01154336424009712, -0.01672095297529594]]	0.35513707049359794	[[0.0, 0.0, 0.9610000000000001], [0.0, -1.0, 0.0], [0.9610000000000001, 0.0, 0.0]]
4	[[-0.30792515101507295, 0.09349718223056193, 0.9468053539599837], [0.3027085282091916, -0.9338174967034747, 0.1906631317268273], [0.9019698710720718, 0.34531602882779927, 0.2592434992682147]]	0.690325243855593	0.30967475614440715	[[-0.2125685049637506, 0.06454346512312346, 0.6536036368562068], [0.20896733855317784, -0.6446377911284457, 0.13161957290359313], [0.6226525711982257, 0.23838037180779553, 0.17896233185030763]]	0.8345003431266017	0.2768424230664112	[[-0.2401274429478574, 0.07433331450124671, 0.7307423754908959], [0.24617189739979004, -0.848969425480045, 0.11844816393928592], [0.6686124313402629, 0.25511813530174876, 0.1657941284466107]]	[[0.016836201231531657, -0.0036901161515276388, -0.05936701726281384], [-0.006438473258128995, -0.06969840406337094, -0.040660284908343905], [-0.08408173555923751, -0.03304820924216519, -0.05054466064605535]]	0.4730025905021197	[[0.0, 0.0, 0.9610000000000001], [0.0, -1.0, 0.0], [0.9610000000000001, 0.0, 0.0]]
4	[[0.8787972042104137, -0.3840163418041313, 0.28327887866788265], [-0.395223040501579, -0.9183905790867732, -0.018907472103605397], [0.2674214316928388, -0.09534250611366366, -0.9588511794847616]]	0.6652984390233685	0.33470156097663156	[[0.5846624081792886, -0.2554854727617528, 0.18846499578603249], [-0.26294127191177, -0.6110038186801977, -0.01257911167640656], [0.17791506106663998, -0.06343122048999641, -0.6379221929669275]]	0.8319648309912139	0.27746551372130973	[[0.6541892420233798, -0.27594827130283445, 0.17376348078543863], [-0.3250259487841432, -0.8535044640534297, -0.02864556092518209], [0.1637312208720121, -0.05067479501543135, -0.7575328310579825]]	[[-0.07693912545308848, 0.043539819604103865, -0.06191458362886694], [0.00378572131058667, -0.08943580113957937, -0.012915209092034932], [-0.05875400534974895, 0.028646816969701623, 0.0401976284277834]]	0.4852026665708959	[[0.6530279616681817, -0.6530279616681816, 0.0], [-0.7071067811865475, -0.7071067811865476, 0.0], [0.0, 0.0, -0.9235210000000001]]
4	[[-0.5446221603179724, 0.8109226453022452, -0.2139887049042392], [-0.8354447797583356, -0.5021691245819775, 0.22328947644507607], [0.07361197229480154, 0.30038414347728, 0.9509735242804028]]	0.6876602905424769	0.31233970945752304	[[-0.3745150330001284, 0.557639301876016, -0.1471515349872575], [-0.5745021999808128, -0.34532176611150395, 0.15354730624729857], [0.050620030255647985, 0.2065622473779395, 0.653946730004865]]	0.8169226022240079	0.2742880308510075	[[-0.4900371570937516, 0.6281103128311526, -0.11940898158120375], [-0.7356510651632798, -0.40719484751693136, 0.09568330646676282], [0.07617108816505144, 0.12484532793437482, 0.7571710695903289]]	[[-0.04512300465793281, -0.034350724771533954, 0.055403228075712685], [-0.053157341668637136, 0.0030384604931296827, -0.08672691367998507], [0.016035804203140616, -0.1205452682219145, -0.019700696510953557]]	0.40412759527556363	[[-0.6530279616681817, 0.6530279616681816, 0.0], [-0.7071067811865475, -0.7071067811865476, 0.0], [0.0, 0.0, 0.9235210000000001]]
4	[[0.08740825448676931, -0.06334395238859675, -0.994156597696443], [0.7119981850616444, -0.6940087028176986, 0.10681996481098455], [-0.6967197295301035, -0.717174639895393, -0.015561310176609944]]	0.7844648481839924	0.21553515181600758	[[0.06856870308599126, -0.04969110399389459, -0.7798809044830547], [0.5585375481516611, -0.5444254316942554, 0.08379650747846841], [-0.5465521368526249, -0.5625982950069489, -0.012207300825238335]]	0.9127337110618952	0.1477430016671747	[[0.054430125622149717, -0.05443012562214974, -0.8507825152948078], [0.684217006178586, -0.6721147657765646, 0.09025282067387223], [-0.6168411020234658, -0.6271629943953063, 0.0]]	[[-0.02535033487300178, 0.0033860351148221725, 0.056617725497334244], [0.034352260457937454, -0.03866962694451474, -0.007245362223558759], [0.01907848228058538, 0.02742647615589401, 0.014203332386482428]]	0.17566760658260136	[[0.0, 0.0, -0.8875036810000002], [0.7071067811865475, -0.7071067811865476, 0.0], [-0.6275598711631226, -0.6275598711631226, 0.0]]
4	[[-0.8305561570912853, 0.32773595720904825, 0.4502950280316503], [-0.5100865793185324, -0.772219296347621, -0.37879947194723407], [0.22358030216652452, -0.5443036842615101, 0.808545204538665]]	0.6142312716628082	0.38576872833719167	[[-0.5101535645575555, 0.20130567376614134, 0.27658528769132046], [-0.313311128272954, -0.47432124039815826, -0.23267048135934978], [0.1373300133184993, -0.3343283441546989, 0.4966337491806495]]	0.7762555678238835	0.3772713894772065	[[-0.6152660043104407, 0.24439598350034356, 0.19788751525469095], [-0.5662658155882588, -0.6260870657983874, -0.3043383642502176], [0.17852758273992111, -0.27454918555956753, 0.5947569924542883]]	[[0.029457837022077646, -0.010010878059270137, -0.1516565074182893], [-0.17030826832000914, -0.02664753742750512, -0.010293165062430155], [0.00497212832741021, 0.14796957993548274, -0.03288072440615096]]	0.680601746557276	[[-0.6530279616681817, 0.6530279616681816, 0.0], [-0.7071067811865475, -0.7071067811865476, 0.0], [0.0, 0.0, 0.9235210000000001]]
4	[[0.5319609947059123, -0.8460851799387872, 0.03402011756955908], [-0.703274286200726, -0.4190807785627857, 0.5742617690636116], [-0.47161719485230363, -0.3294103357928521, -0.8179645788128509]]	0.6240795762711026	0.37592042372889756	[[0.3319859921688199, -0.5280244805854578, 0.02123126055750352], [-0.43889911853451113, -0.261539754708827, 0.3583850415059125], [-0.2943266591255917, -0.20557826278092475, -0.5104749877502948]]	0.7639055764655022	0.41055838003543266	[[0.48667096808027976, -0.6412396670203041, 0.09637971630045283], [-0.5090390530983068, -0.36763860234101586, 0.3386800517601553], [-0.2731548559175299, -0.11208204108921352, -0.5761746423831617]]	[[0.08030299776229788, 0.005089520099753261, 0.07039155877705469], [0.028196095915223318, -0.04750045860739959, -0.10000171597848204], [0.08711614918716218, 0.13955635136831984, 0.048673060723230806]]	0.6702620211479507	[[0.6530279616681817, -0.6530279616681816, 0.0], [-0.7071067811865475, -0.7071067811865476, 0.0], [0.0, 0.0, -0.9235210000000001]]
4	[[0.22433838825039393, -0.7661379269479729, -0.6022499185961573], [-0.9416906372873723, -0.011392912655017143, -0.3362869982418849], [0.2507808429735371, 0.642575192824231, -0.724020780340167]]	0.5560246504009793	0.44397534959902074	[[0.1247376738984445, -0.42599157299017765, -0.3348658004414465], [-0.5236032073835866, -0.006334740276054858, -0.1869838606318388], [0.13944033054162377, 0.35728764694643483, -0.40257340127168556]]	0.7597238990308103	0.4095641217635689	[[0.20605098702746494, -0.5165769098343884, -0.37366495357339236], [-0.8188261577750329, 0.05337961017963612, -0.20328440071556156], [0.17337944342186729, 0.37366495357339236, -0.4285465797796597]]	[[0.035615752003587894, 0.06547638322190778, 0.08387870277346839], [-0.10340127513426171, 0.062035078203223314, 0.052200868782130476], [-0.017144756404221674, -0.11451477733950721, 0.12150931043970184]]	0.7324539852406228	[[1.7029970594503858e-16, -0.8528910374410003, 0.0], [-1.0, -1.7938038903913487e-16, 0.0], [0.0, 0.0, -0.8528910374410003]]
4	[[0.04673222253661188, -0.9725397674033924, -0.22799671093185395], [-0.8377629715199755, -0.16246744520517667, 0.5213036857710898], [-0.5440306084466285, 0.16664552219444034, -0.8223502702654952]]	0.5945561445325296	0.40544385546747025	[[0.027784930056804137, -0.5782294945119241, -0.13555684541774066], [-0.49809712237903203, -0.09659601783323984, 0.3099443095426564], [-0.32345674106571376, 0.09908011917953653, -0.48893340614433656]]	0.7666467079814752	0.38489195016336225	[[-0.010612282089043176, -0.8122310829187382, -0.1288865667575118], [-0.6881542221784822, -0.15023152358231798, 0.27383235519701266], [-0.2759839175112335, 0.035255750018166866, -0.5912869085970072]]	[[-0.04643938665339449, -0.06663667185785802, 0.04590636110899803], [-0.04588599799391477, -0.025676391561608496, -0.12582339935800277], [0.14109535749553312, -0.09250249097205468, 0.039165218909711086]]	0.6408461036825996	[[1.7721093230493087e-16, -0.8875036810000002, 0.0], [-1.0, -1.7938038903913487e-16, 0.0], [0.0, 0.0, -0.8875036810000002]]
4	[[-0.42203838922340475, -0.825029846081567, 0.3757783270710803], [0.2588054115689476, 0.28760896992378115, 0.9221175843470338], [-0.8688517462515349, 0.4864224845687207, 0.09214016247897017]]	0.6809230823399055	0.3190769176600946	[[-0.28737568085576953, -0.5617818658162783, 0.25587613674577314], [0.1762265785717756, 0.19583958630910625, 0.6278911478134099], [-0.5916212091540046, 0.3312162975119684, 0.06274036344248007]]	0.823506945168709	0.2916034124591501	[[-0.2651283889753929, -0.5877626484656073, 0.31630539199415353], [0.2622394629400793, 0.23460015307295018, 0.8293519108698473], [-0.6837734919987308, 0.35137484379240097, 0.02357331966672914]]	[[0.08242315567789579, 0.09165515975403418, 0.00684932980724012], [0.04911140906580481, -0.0022478311521020055, 0.06998167589787199], [0.03173195536136904, -0.04919745053615978, -0.05230474406367608]]	0.5156717885121447	[[-0.4264455187205, -0.4264455187205001, 0.6030850361877609], [0.5, 0.5000000000000001, 0.7071067811865475], [-0.6030850361877609, 0.6030850361877609, 0.0]]
