4	[[0.08740825448676931, -0.06334395238859675, -0.994156597696443], [0.7119981850616444, -0.6940087028176986, 0.10681996481098455], [-0.6967197295301035, -0.717174639895393, -0.015561310176609944]]	0.928147618322216	0.071852381677784	[[0.08112776322359708, -0.05879253854459192, -0.9227240783912711], [0.6608394197147055, -0.6441425246151375, 0.09914469592857823], [-0.6466587576014642, -0.6656439339400019, -0.01444319297839378]]	0.9646105083108625	0.05780919834113975	[[0.06638882062029536, -0.05835988185272688, -0.9409218363769756], [0.6806168182167726, -0.6727124721926727, 0.09014200625236958], [-0.680021732278748, -0.6991113564977874, -0.005677317048279248]]	[[-0.0179261001707524, 0.002742360259256514, 0.01805206466758825], [-0.006184112991951752, -0.003264384595530267, -0.012897654301702683], [-0.007958559826508078, -0.0073171625606327, 0.009333286271163466]]	0.1167184591309582	[[0.0, 0.0, -0.9838873225359998], [0.7071067811865475, -0.7071067811865476, 0.0], [-0.6957133976886813, -0.6957133976886812, 0.0]]
4	[[0.034229894132735264, 0.2773841392786001, 0.9601491309293217], [-0.1827544195208179, -0.9427759796974285, 0.2788803941677556], [0.9825625356654255, -0.18501754344446375, 0.018422055382213542]]	0.8681402400051812	0.1318597599948188	[[0.029716348507744735, 0.24080833324695444, 0.8335440969657475], [-0.1586564656248104, -0.8184617652856456, 0.2421072923255349], [0.8530020755326819, -0.1606211745710458, 0.015992927580903607]]	0.9339686953434281	0.12246785210050246	[[0.012055333071806616, 0.24417760392951443, 0.8881986395369972], [-0.16319876197799585, -0.8280282948653912, 0.25197766090240364], [0.9224963848716218, -0.1663690044411125, 0.0]]	[[-0.0199143164930878, -0.01489049874147953, -0.00855059161218769], [0.007488144790107967, 0.05249495689373844, -0.008487896995316041], [0.00481373534285372, 0.006431589225359359, -0.017205623030870358]]	0.3406486477816112	[[0.0, 0.0, 0.9945999999999999], [0.0, -1.0, 0.0], [0.9945999999999999, 0.0, 0.0]]
4	[[0.8489524140446696, -0.5135124485683378, 0.12483895166604869], [0.522794976890395, 0.7815435453534784, -0.34040431673891397], [0.0772347773085365, 0.35425224329800037, 0.9319550081910795]]	0.8313939916452947	0.16860600835470554	[[0.705813936229507, -0.4269311643747795, 0.10379035433845024], [0.43464860264901517, 0.6497706078160439, -0.28301010366685486], [0.06421252980037961, 0.2945231866048246, 0.7748217942938046]]	0.9211015698439303	0.13596039590423725	[[0.776071263783326, -0.48674939963565694, 0.06499973106123232], [0.5085429423335437, 0.6696117152786578, -0.2890849354899042], [0.023581890521093343, 0.3010488633703085, 0.8600971224326655]]	[[-0.005900137516013714, -0.013752277124960374, -0.04998962329603568], [0.026995668413279415, -0.050269271247822, 0.02446201503995997], [-0.04755918410434601, -0.025253434052213652, 0.001671901363949312]]	0.4286566854910936	[[0.7032884045681401, -0.70328840456814, 0.0], [0.7071067811865475, 0.7071067811865476, 0.0], [0.0, 0.0, 0.9945999999999999]]
4	[[-0.30792515101507295, 0.09349718223056193, 0.9468053539599837], [0.3027085282091916, -0.9338174967034747, 0.1906631317268273], [0.9019698710720718, 0.34531602882779927, 0.2592434992682147]]	0.7516255634659078	0.24837443653409227	[[-0.23144441513702904, 0.07027487227652078, 0.711643107662711], [0.2275234680811693, -0.7018811021340727, 0.1433072838163512], [0.6779436125738181, 0.25954835474150423, 0.19485404121234556]]	0.8622693664651857	0.24580657564117603	[[-0.2660256973504435, 0.0834960971224924, 0.7601394931052251], [0.24308781435819415, -0.8495978577857751, 0.1200150771853546], [0.6953067323126049, 0.27460144334748415, 0.18252960022795112]]	[[-0.0005112724659799328, 0.0028763410342657284, -0.05626175961969584], [-0.01792847648435427, -0.044395636509164414, -0.044387900617005024], [-0.08243425698739561, -0.023153990060136145, -0.041008127646270216]]	0.4670610787878247	[[0.0, 0.0, 0.9945999999999999], [0.0, -1.0, 0.0], [0.9945999999999999, 0.0, 0.0]]
4	[[0.8787972042104137, -0.3840163418041313, 0.28327887866788265], [-0.395223040501579, -0.9183905790867732, -0.018907472103605397], [0.2674214316928388, -0.09534250611366366, -0.9588511794847616]]	0.7261739763833884	0.27382602361661174	[[0.6381596602160806, -0.2788626739241084, 0.20570974974768375], [-0.28700068687936464, -0.6669113386884848, -0.013730114200833116], [0.19419448442252743, -0.06923524678291668, -0.6962927737663516]]	0.8605759464601501	0.23241258719089491	[[0.703637266602182, -0.3187599802304952, 0.15600926894174927], [-0.3586297540172473, -0.840828570589284, -0.02564406960841531], [0.14109466873894072, -0.061374891524707056, -0.82516426129953]]	[[-0.05263446915772864, 0.011715246573759611, -0.0877737201800339], [-0.018510311874742672, -0.050483728771598624, -0.009372753907686202], [-0.08904178294385243, 0.020674575911941696, 0.0]]	0.4702135070217586	[[0.6994906471834721, -0.699490647183472, 0.0], [-0.7071067811865475, -0.7071067811865476, 0.0], [0.0, 0.0, -0.9892291599999998]]
4	[[0.3802729664721569, 0.7767473726770865, -0.5020517802076895], [0.4287143634067757, 0.332951791095048, 0.839849450446521], [0.8195098935212374, -0.5346088512602871, -0.20639019011321075]]	0.7860773370209708	0.21392266297902932	[[0.2989239608254981, 0.6105835062520397, -0.3946515264322982], [0.33700264512943895, 0.2617258573003578, 0.660186619505527], [0.6441981547615135, -0.4202439021465267, -0.1622386510314446]]	0.8820358290304192	0.20255401121225353	[[0.3431385134219158, 0.6549699596599057, -0.4428276581716872], [0.4037189103677165, 0.3020911771070351, 0.7214113522632701], [0.7021881918363401, -0.45514133656891137, -0.08981390126063467]]	[[0.00772413218178996, -0.030149053146528413, 8.47827842152313e-19], [0.025577481422972604, 0.008415768021351508, -0.01936595402206922], [-0.02064889649429528, 0.016402824759456112, 0.092229641179617]]	0.3678625270112796	[[0.48928716549715257, 0.4892871654971527, -0.6919565453411625], [0.5, 0.5000000000000001, 0.7071067811865475], [0.6919565453411625, -0.6919565453411624, 0.0]]
4	[[-0.5446221603179724, 0.8109226453022452, -0.2139887049042392], [-0.8354447797583356, -0.5021691245819775, 0.22328947644507607], [0.07361197229480154, 0.30038414347728, 0.9509735242804028]]	0.7524943208960481	0.24750567910395194	[[-0.4098250826734113, 0.6102146852759398, -0.16102528517634032], [-0.6286674521903973, -0.3778794143772781, 0.16802406294077166], [0.05539259110179539, 0.2260373620538769, 0.7156021763435032]]	0.8608040651392186	0.23467159908017182	[[-0.547100550874267, 0.6558107085243045, -0.1669837896447688], [-0.7254241933091274, -0.3997424652890192, 0.10899705611170464], [0.10666172126486013, 0.1669837896447688, 0.7757654554133573]]	[[-0.0782875813076531, -0.04223480106531692, 0.01721855743067695], [-0.0062699306938129844, 0.032526758538549756, -0.08321143291502461], [0.04329623627057945, -0.09158810216383609, -0.0428364201269829]]	0.38320390911544816	[[-0.6994906471834721, 0.699490647183472, 0.0], [-0.7071067811865475, -0.7071067811865476, 0.0], [0.0, 0.0, 0.9892291599999998]]
4	[[-0.8305561570912853, 0.32773595720904825, 0.4502950280316503], [-0.5100865793185324, -0.772219296347621, -0.37879947194723407], [0.22358030216652452, -0.5443036842615101, 0.808545204538665]]	0.689715655849959	0.310284344150041	[[-0.5728475846084373, 0.22604462067205272, 0.31057553058482534], [-0.3518146995949437, -0.5326117384403933, -0.2612639262297047], [0.15420683474391647, -0.37541477257197636, 0.5576662860327245]]	0.8190969718922101	0.32556049680230026	[[-0.6750284190742911, 0.27227358230846577, 0.20939889466617803], [-0.5676981160161398, -0.6312020223513304, -0.29558184009933375], [0.1906627019699311, -0.29803916514193013, 0.6565951801002016]]	[[0.005277614185611486, 0.003826052178339442, -0.15943639925266456], [-0.1498877434934744, 0.0013204649237390873, 0.014691660327013842], [0.007528753490585507, 0.14779833442644646, -0.005681748575386525]]	0.6381257743046714	[[-0.9785743309943054, 0.0, 0.0], [0.0, -0.7071067811865476, -0.7071067811865475], [0.0, -0.6919565453411624, 0.6919565453411625]]
4	[[-0.42203838922340475, -0.825029846081567, 0.3757783270710803], [0.2588054115689476, 0.28760896992378115, 0.9221175843470338], [-0.8688517462515349, 0.4864224845687207, 0.09214016247897017]]	0.7689130268757315	0.23108697312426854	[[-0.3245108153155263, -0.6343761962133967, 0.288940850902523], [0.19899885238129894, 0.22114628362070587, 0.7090282229156154], [-0.6680714261165327, 0.3740165849501488, 0.07084777122852665]]	0.8789092768974899	0.19708024299773189	[[-0.2985149650105653, -0.6806335811965976, 0.35355141744762025], [0.2564380748219324, 0.23317970658403284, 0.829345221382506], [-0.7907061285093122, 0.3999429512149896, 0.022220960874281867]]	[[0.07241849048475879, 0.044492804241799924, 0.023276359727828638], [0.028971597682711417, -0.019602485200909618, 0.018887522109594247], [-0.027064268480254283, -0.027578282963985144, -0.05876188270332702]]	0.4805949250673659	[[-0.48928716549715257, -0.4892871654971527, 0.6919565453411625], [0.5, 0.5000000000000001, 0.7071067811865475], [-0.6919565453411625, 0.6919565453411624, 0.0]]
4	[[0.04673222253661188, -0.9725397674033924, -0.22799671093185395], [-0.8377629715199755, -0.16246744520517667, 0.5213036857710898], [-0.5440306084466285, 0.16664552219444034, -0.8223502702654952]]	0.641140373844526	0.35885962615547395	[[0.029961914627708842, -0.6235345100516795, -0.14617789648217128], [-0.5371236647534182, -0.10416443855641194, 0.33422883998180575], [-0.34879998768233633, 0.10684317239925975, -0.5272419597091667]]	0.8120165802924855	0.31885051532431036	[[-0.03218161408713679, -0.9030286554790068, -0.15673275410524978], [-0.6762538384890128, -0.14508628377456884, 0.28692901666920917], [-0.3271393973308568, 0.04357200480226887, -0.6376989117402999]]	[[-0.07012895362078367, -0.11331023935365474, 0.028404355423568676], [0.004023584740308568, -0.013160024510204654, -0.13637821954449963], [0.11462247691441471, -0.09174692225111608, 0.03006314252328851]]	0.610569804858322	[[1.9645618766690693e-16, -0.9838873225359998, 0.0], [-1.0, -1.7938038903913487e-16, 0.0], [0.0, 0.0, -0.9838873225359998]]
4	[[0.8592155572171323, 0.2624339665249735, -0.4391776855101157], [-0.4266000482917053, 0.8413623931712975, -0.33184593135155627], [0.2824199444684594, 0.4724804086637203, 0.8348660002631537]]	0.7501670534850029	0.24983294651499707	[[0.6445552028660512, 0.19686931540242128, -0.3294566302954868], [-0.3200213012435485, 0.6311623473984027, -0.24893988453298355], [0.21186213758730232, 0.35443923599665317, 0.6262889674722197]]	0.8218579662695022	0.26236569312652175	[[0.6794592638267692, 0.26982934281474324, -0.28199657330793904], [-0.33247211858377645, 0.6908571493779965, -0.34932189095912564], [0.14563920444247794, 0.39941516084486517, 0.6762452579421053]]	[[-0.02669388661482029, 0.05414589680648985, 0.07894510613635172], [0.018132529515715878, -0.0006232359694072201, -0.07659166870372675], [-0.08646987675231586, 0.01110337307831661, -0.00989601514172385]]	0.4864499307925071	[[0.6919565453411625, 0.4892871654971527, -0.48928716549715257], [-0.7071067811865475, 0.5000000000000001, -0.5], [0.0, 0.6919565453411624, 0.6919565453411625]]
4	[[0.22433838825039393, -0.7661379269479729, -0.6022499185961573], [-0.9416906372873723, -0.011392912655017143, -0.3362869982418849], [0.2507808429735371, 0.642575192824231, -0.724020780340167]]	0.6360505637573226	0.36394943624267734	[[0.14269055831907226, -0.4873024603511246, -0.3830614002458875], [-0.5989628607316255, -0.007246468517061601, -0.21389553481600868], [0.15950929655285492, 0.40871031365232247, -0.4605138255073799]]	0.7886773469998363	0.3437560038594439	[[0.23268998815321396, -0.619811729716774, -0.3729424666000952], [-0.8247386806003599, 0.027071003509775357, -0.18647449620043868], [0.1824791553668445, 0.3729424666000952, -0.5337159232714255]]	[[0.055759383277673956, -0.015576102055492336, 0.10203840142918952], [-0.08204860708996983, 0.03605633563713516, 0.07874744140350971], [-0.015306014547907282, -0.13384203172442757, 0.037302864940008604]]	0.7489901800697114	[[-1.9539532425350562e-16, -0.9785743309943054, 0.0], [-1.0, 1.7938038903913487e-16, 0.0], [0.0, 0.0, -0.9785743309943054]]
4	[[0.5319609947059123, -0.8460851799387872, 0.03402011756955908], [-0.703274286200726, -0.4190807785627857, 0.5742617690636116], [-0.47161719485230363, -0.3294103357928521, -0.8179645788128509]]	0.6736271910624986	0.3263728089375014	[[0.35834339061855636, -0.569945983161774, 0.022916876237998034], [-0.4737446819598788, -0.2823042076915342, 0.3868383424289019], [-0.31769416622513236, -0.22189975920709343, -0.5510031816143205]]	0.7966829497190691	0.3591334338042364	[[0.5239845478857246, -0.7199215156761098, 0.09102370794189878], [-0.512049488819217, -0.39361982883847746, 0.32490783965690934], [-0.30511173484367954, -0.10385844492528436, -0.6371676091686418]]	[[0.10018029348792835, -0.04585987880888745, 0.06392046032679295], [0.048237143972750085, -0.05974531800251331, -0.13259672043157958], [0.07061764308948663, 0.15857715306211415, 0.014490824245696187]]	0.6470688520118739	[[0.6994906471834721, -0.699490647183472, 0.0], [-0.7071067811865475, -0.7071067811865476, 0.0], [0.0, 0.0, -0.9892291599999998]]
4	[[-0.3195682178843842, -0.5708200961323295, -0.7563336379995778], [0.910087742671785, 0.03735879733279218, -0.41272826520656647], [0.2638493031197415, -0.8202248094963509, 0.507557688474819]]	0.6829249766045905	0.3170750233954096	[[-0.21824111772226368, -0.38982730079660133, -0.5165191320361264], [0.6215216503722533, 0.02551325579447279, -0.2818624408602476], [0.180189279160187, -0.5601520088358001, 0.3466238225271458]]	0.7854378411018685	0.3273087658075644	[[-0.24350892637820806, -0.40819023484057215, -0.57574280306892], [0.7915734785724573, 0.05944631649227473, -0.2330499919517662], [0.2064956978796947, -0.5973038451516531, 0.311490112875208]]	[[0.007492044761674192, 0.04015346912316582, 0.018310256714190634], [0.07675612675505758, 0.030103303369044092, 0.09112240563379882], [-0.0007415291389076747, 0.046931758437352165, -0.08716490219510856]]	0.7049828281515781	[[-0.48928716549715257, -0.4892871654971527, -0.6919565453411625], [0.5, 0.5000000000000001, -0.7071067811865475], [0.6919565453411625, -0.6919565453411624, 0.0]]
