4	[[0.034229894132735264, 0.2773841392786001, 0.9601491309293217], [-0.1827544195208179, -0.9427759796974285, 0.2788803941677556], [0.9825625356654255, -0.18501754344446375, 0.018422055382213542]]	0.866802153783079	0.1331978462169211	[[0.029670545958021703, 0.2404371693519561, 0.8322593346424875], [-0.15841192445402133, -0.8172002497366835, 0.2417341263124846], [0.8516873221413542, -0.16037360514531557, 0.01596827728241386]]	0.9276089812718559	0.1237231580509158	[[0.010397520358321925, 0.241021870396014, 0.8764841898793331], [-0.1639783160686748, -0.8275080543295508, 0.25245407856904684], [0.9103186536922826, -0.16364504293063714, 0.0]]	[[-0.021354436867188117, -0.0162821484611788, -0.014158767331072896], [0.005546324845960413, 0.04701941176515671, -0.006237879761598663], [-0.00111517905221429, 0.007978892061303233, -0.017088464026028823]]	0.34419355132593293	[[0.0, 0.0, 0.9862], [0.0, -1.0, 0.0], [0.9862, 0.0, 0.0]]
4	[[0.5319609947059123, -0.8460851799387872, 0.03402011756955908], [-0.703274286200726, -0.4190807785627857, 0.5742617690636116], [-0.47161719485230363, -0.3294103357928521, -0.8179645788128509]]	0.6626212247098714	0.3373787752901287	[[0.35248864580991296, -0.5606339981399111, 0.022542451968715047], [-0.4660044688292857, -0.2776918187436394, 0.3805180367209877], [-0.31250356324726747, -0.21827428013514966, -0.5420006909822653]]	0.7863427345439952	0.3727451249632057	[[0.5075873400832263, -0.7089368975791992, 0.08475183129379417], [-0.5088238146226285, -0.3928794449435548, 0.32844019090413723], [-0.3005004597798685, -0.09493351203368135, -0.6229033884009018]]	[[0.0892836768354355, -0.043623963528985114, 0.05800035901463891], [0.04419081072292652, -0.06333831953366734, -0.12312637892541531], [0.07035229487826013, 0.16409591220072567, 0.020297115262922587]]	0.6527929580633627	[[0.687725295441208, -0.6877252954412079, 0.0], [-0.7071067811865475, -0.7071067811865476, 0.0], [0.0, 0.0, -0.97259044]]
4	[[-0.42203838922340475, -0.825029846081567, 0.3757783270710803], [0.2588054115689476, 0.28760896992378115, 0.9221175843470338], [-0.8688517462515349, 0.4864224845687207, 0.09214016247897017]]	0.7515305382510146	0.24846946174898543	[[-0.3171747378156566, -0.6200351242988317, 0.2824088884067948], [0.19450017025868654, 0.21614692397263907, 0.6929995244950516], [-0.65296862052075, 0.36556135164532644, 0.0692461459023564]]	0.8651513926289687	0.21993022820544766	[[-0.2899788409712517, -0.6559533230081417, 0.3460569713241892], [0.2586858132308348, 0.23426656392993062, 0.8305398858435769], [-0.7625354381532565, 0.3869930563688185, 0.023098953333956677]]	[[0.07514825920826358, 0.057822397289789766, 0.020951828338860064], [0.03477995099204644, -0.014558736932211876, 0.03276857357808011], [-0.0108471398956298, -0.0338360335618533, -0.05661623655178381]]	0.4878410280122749	[[-0.47296608198969664, -0.47296608198969675, 0.6688750476922944], [0.5, 0.5000000000000001, 0.7071067811865475], [-0.6688750476922944, 0.6688750476922943, 0.0]]
4	[[-0.8305561570912853, 0.32773595720904825, 0.4502950280316503], [-0.5100865793185324, -0.772219296347621, -0.37879947194723407], [0.22358030216652452, -0.5443036842615101, 0.808545204538665]]	0.6705692826211678	0.3294307173788322	[[-0.556945446437297, 0.2197696657148332, 0.3019540139150624], [-0.3420483915683137, -0.5178265395780471, -0.25401129016093393], [0.1499260828320303, -0.3649933310832995, 0.5421855777742779]]	0.8075375026835204	0.3386404875592662	[[-0.6614915624151024, 0.27117981335504104, 0.20300432305047522], [-0.5678714018218509, -0.6299764897988426, -0.2953353210725177], [0.18286512823385373, -0.2902326457596214, 0.645257693203185]]	[[0.009213682520815891, 0.006520736930853121, -0.1606257993570094], [-0.15595735940658373, -0.006380447702259148, 0.010559458521587923], [0.002315649373071651, 0.14931299213035795, -0.007672882076704691]]	0.6484996053938041	[[-0.9459321639793935, 0.0, 0.0], [0.0, -0.7071067811865476, -0.7071067811865475], [0.0, -0.6688750476922943, 0.6688750476922944]]
4	[[0.8787972042104137, -0.3840163418041313, 0.28327887866788265], [-0.395223040501579, -0.9183905790867732, -0.018907472103605397], [0.2674214316928388, -0.09534250611366366, -0.9588511794847616]]	0.7108564352562808	0.28914356474371933	[[0.6246986478982007, -0.27298048781504225, 0.20137061387324753], [-0.2809468417021011, -0.652843853222575, -0.013440498219276495], [0.19009824564430236, -0.0677748340243591, -0.6816055313898178]]	0.8535321093058454	0.2411339109907723	[[0.6970468532413645, -0.317147518606645, 0.15037544662588523], [-0.36021424811924674, -0.8405090704649536, -0.024830917039754048], [0.13662628375841535, -0.05734372799522021, -0.8184102697360263]]	[[-0.05303477812042966, 0.01062275962134963, -0.09141217220530734], [-0.022878692713664366, -0.05663322233040326, -0.008692782493522289], [-0.09162649490796242, 0.02403416235448056, 0.0]]	0.4734473406955096	[[0.687725295441208, -0.6877252954412079, 0.0], [-0.7071067811865475, -0.7071067811865476, 0.0], [0.0, 0.0, -0.97259044]]
4	[[0.3802729664721569, 0.7767473726770865, -0.5020517802076895], [0.4287143634067757, 0.332951791095048, 0.839849450446521], [0.8195098935212374, -0.5346088512602871, -0.20639019011321075]]	0.7579884820559585	0.2420115179440416	[[0.2882425286231466, 0.5887655619564588, -0.3805494667931182], [0.32496054955428844, 0.2523736227299481, 0.6365962100994894], [0.621179060220003, -0.4052273516604647, -0.15644138691515333]]	0.8684112402598514	0.21876520160409238	[[0.34306207391403454, 0.6280889402463818, -0.43598740912482586], [0.40521415086072166, 0.3016071045946862, 0.7197156023704779], [0.6793953516469877, -0.4471221384390873, -0.08618239645510806]]	[[0.012828755462655878, -0.046447209028707935, 3.0226676969716106e-18], [0.03291377881743088, 0.012468026743096678, -0.009619100523339912], [-0.03227625139100892, 0.017138197137753046, 0.09304916451857181]]	0.37211322086918325	[[0.47296608198969664, 0.47296608198969675, -0.6688750476922944], [0.5, 0.5000000000000001, 0.7071067811865475], [0.6688750476922944, -0.6688750476922943, 0.0]]
4	[[0.08740825448676931, -0.06334395238859675, -0.994156597696443], [0.7119981850616444, -0.6940087028176986, 0.10681996481098455], [-0.6967197295301035, -0.717174639895393, -0.015561310176609944]]	0.9014792052766408	0.09852079472335931	[[0.07879672378935115, -0.05710325585835357, -0.8962114996119185], [0.6418515580277817, -0.6256344138711714, 0.09629597698548507], [-0.6280783480773537, -0.6465180244174601, -0.014028197531073636]]	0.9494512276586023	0.07953386386304653	[[0.06766615770983427, -0.0646508758843922, -0.9175401697870639], [0.6796203412243076, -0.6623717971159614, 0.1011641231696283], [-0.6612008933356367, -0.678855048908098, 0.0]]	[[-0.015323716820124402, -0.004508882524290946, 0.02636303238072325], [0.003612790326832687, -0.0034443822199433432, -0.0002562235586096818], [0.0003005092006892838, 0.00206729338619895, 0.014774705051158611]]	0.12986900528703094	[[0.0, 0.0, -0.9591686919279999], [0.7071067811865475, -0.7071067811865476, 0.0], [-0.6782346863641193, -0.6782346863641192, 0.0]]
4	[[-0.5446221603179724, 0.8109226453022452, -0.2139887049042392], [-0.8354447797583356, -0.5021691245819775, 0.22328947644507607], [0.07361197229480154, 0.30038414347728, 0.9509735242804028]]	0.7371578847052931	0.2628421152947069	[[-0.4014725196636235, 0.5977780218706238, -0.1577434610580342], [-0.6158547066347342, -0.37017792964115925, 0.1645995981332047], [0.054263645785820575, 0.22143053980472302, 0.7010176315692795]]	0.8428531147672023	0.2387438281976901	[[-0.5125907066014693, 0.6363697481812206, -0.15175354341957237], [-0.7404219613039682, -0.4172148351469563, 0.0867619955549074], [0.0716810132277914, 0.16214349239820502, 0.78131441535348]]	[[-0.05355422240622366, -0.04711892924703592, 0.028607503033965375], [-0.03626472646865561, 0.006039975646882672, -0.10143823516156279], [0.009636933094960942, -0.09103621855829865, -0.02021658164740108]]	0.38793697315888065	[[-0.687725295441208, 0.6877252954412079, 0.0], [-0.7071067811865475, -0.7071067811865476, 0.0], [0.0, 0.0, 0.97259044]]
4	[[0.8489524140446696, -0.5135124485683378, 0.12483895166604869], [0.522794976890395, 0.7815435453534784, -0.34040431673891397], [0.0772347773085365, 0.35425224329800037, 0.9319550081910795]]	0.8202085510522856	0.17979144894771437	[[0.6963180294359185, -0.4211873013875478, 0.10239397566089611], [0.4288009104926841, 0.6410286989186427, -0.27920253140436785], [0.06334862478708068, 0.29056071918247467, 0.7643974669143263]]	0.910395279975455	0.14829151701328444	[[0.7658274326181369, -0.4752976420474215, 0.05468440599140787], [0.4997991037525909, 0.6733357444020065, -0.28883817245459636], [0.02243791159377713, 0.2891922335566779, 0.8484474406066452]]	[[-0.007054838051898486, -0.007798332662168145, -0.05896838636244683], [0.02384902439669824, -0.03817781038308305, 0.02106431078778065], [-0.04787626511786987, -0.033317336662538125, 0.0]]	0.4312936966600538	[[0.6973487076061732, -0.6973487076061731, 0.0], [0.7071067811865475, 0.7071067811865476, 0.0], [0.0, 0.0, 0.9862]]
4	[[-0.30792515101507295, 0.09349718223056193, 0.9468053539599837], [0.3027085282091916, -0.9338174967034747, 0.1906631317268273], [0.9019698710720718, 0.34531602882779927, 0.2592434992682147]]	0.7370250978734404	0.26297490212655966	[[-0.22694856456457807, 0.06890976988437078, 0.6978193086694543], [0.22310378263050454, -0.6882469319038096, 0.14052351332182156], [0.6647744325057883, 0.25450657994407655, 0.19106896542120916]]	0.8554936212870744	0.2552752512670133	[[-0.26246627535706535, 0.08116727528470787, 0.7497305100390813], [0.24303233626801035, -0.8497619835703712, 0.11967432058043126], [0.6859135090129643, 0.26885573091573356, 0.18129900007235752]]	[[0.0009617271701887049, 0.0011810322781469432, -0.06025543087413549], [-0.015932878724151448, -0.0508870716942849, -0.04343677242648669], [-0.08571596228231794, -0.02655992907463226, -0.04048215991174051]]	0.46838421863539104	[[0.0, 0.0, 0.9862], [0.0, -1.0, 0.0], [0.9862, 0.0, 0.0]]
4	[[0.8592155572171323, 0.2624339665249735, -0.4391776855101157], [-0.4266000482917053, 0.8413623931712975, -0.33184593135155627], [0.2824199444684594, 0.4724804086637203, 0.8348660002631537]]	0.7339407975133645	0.26605920248663567	[[0.630613351299832, 0.19261099468593468, -0.32233042075336793], [-0.31309917966245404, 0.617510185841895, -0.24355526750772638], [0.20727951927686122, 0.34677264794409113, 0.6127422180499317]]	0.8116389878732054	0.2734765550612685	[[0.6639426850082585, 0.2679817823631859, -0.27677345030239775], [-0.3372947809488088, 0.6897328016039368, -0.34805505232403466], [0.14048305254147134, 0.3883897146048827, 0.6634736975198031]]	[[-0.033430160216366904, 0.05498014338930575, 0.07968028186152945], [0.008950450473331427, 0.006850280375807096, -0.07871595647201632], [-0.08873998534211595, 0.00490619392714222, -0.014136097943534213]]	0.4990897209269995	[[0.6688750476922944, 0.47296608198969675, -0.47296608198969664], [-0.7071067811865475, 0.5000000000000001, -0.5], [0.0, 0.6688750476922943, 0.6688750476922944]]
4	[[0.22433838825039393, -0.7661379269479729, -0.6022499185961573], [-0.9416906372873723, -0.011392912655017143, -0.3362869982418849], [0.2507808429735371, 0.642575192824231, -0.724020780340167]]	0.6152256819552636	0.38477431804473633	[[0.13801873790009334, -0.4713477285783585, -0.3705196168758229], [-0.5793522645160104, -0.00700921245763975, -0.2068923978260522], [0.15428681513971018, 0.3953287612128226, -0.44543617833456134]]	0.7767130709497827	0.3667963145554763	[[0.22728127368310896, -0.5849963782983263, -0.36332465564246186], [-0.8370238672478418, -0.015067629738699712, -0.15673491616157248], [0.14826059841584505, 0.36332465564246186, -0.5308787659154561]]	[[0.053034715213220784, 0.01007296371253404, 0.10445072810961607], [-0.105600440475709, -0.006218605563358581, 0.1044635909633661], [-0.046524160265506126, -0.13577189569219536, 0.03147763781401305]]	0.7428101806993943	[[1.88877549766477e-16, -0.9459321639793935, 0.0], [-1.0, -1.7938038903913487e-16, 0.0], [0.0, 0.0, -0.9459321639793935]]
4	[[0.04673222253661188, -0.9725397674033924, -0.22799671093185395], [-0.8377629715199755, -0.16246744520517667, 0.5213036857710898], [-0.5440306084466285, 0.16664552219444034, -0.8223502702654952]]	0.627736599906937	0.37226340009306286	[[0.02933552648122701, -0.610498806864089, -0.14312188011032678], [-0.5258944792698815, -0.10198676164866413, 0.32724140322489825], [-0.3415079243915887, 0.104609493492054, -0.5162193625890128]]	0.7997078452950176	0.33681672023534504	[[-0.03219798524008421, -0.8790754938118387, -0.15525351327502418], [-0.6873061125649376, -0.1484277188037142, 0.2794114189783857], [-0.31126533379178145, 0.04553482740761565, -0.6265939699196227]]	[[-0.06957011023068523, -0.10132781195795432, 0.027077245158639667], [-0.017340491742746787, -0.018501228268096172, -0.13747922831396345], [0.12380021186360925, -0.08773290407456323, 0.031045992792171778]]	0.6177760485915252	[[1.9152053312358245e-16, -0.9591686919279999, 0.0], [-1.0, -1.7938038903913487e-16, 0.0], [0.0, 0.0, -0.9591686919279999]]
4	[[-0.3195682178843842, -0.5708200961323295, -0.7563336379995778], [0.910087742671785, 0.03735879733279218, -0.41272826520656647], [0.2638493031197415, -0.8202248094963509, 0.507557688474819]]	0.6650779508234315	0.33492204917656854	[[-0.2125377754988421, -0.3796398598245238, -0.5030208260995903], [0.6052792909656732, 0.024846512375321345, -0.27449646887049306], [0.17548035384506808, -0.5455134355143725, 0.3375654273755102]]	0.7805641607575086	0.3575817217696391	[[-0.29246300793462554, -0.42328347331378124, -0.5434178468611197], [0.7739267327011158, 0.03464613227559915, -0.2404241651712095], [0.2274249508333414, -0.5434178468611197, 0.317000666859392]]	[[-0.04301951013692852, 0.02227823596727085, 0.046949084536694004], [0.06354485762681855, 0.0054851939886182395, 0.08173672678065652], [0.02147364097722689, 0.09682024319588686, -0.07918067428097601]]	0.7118092995153835	[[0.0, 0.0, -0.9459321639793935], [1.0, 1.7938038903913487e-16, 0.0], [1.88877549766477e-16, -0.9459321639793935, 0.0]]
