4	[[0.034229894132735264, 0.2773841392786001, 0.9601491309293217], [-0.1827544195208179, -0.9427759796974285, 0.2788803941677556], [0.9825625356654255, -0.18501754344446375, 0.018422055382213542]]	0.8641238825801106	0.1358761174198894	[[0.029578869018285353, 0.2396942593995661, 0.8296877948745646], [-0.15792245855500353, -0.8146752399794095, 0.24098720898371268], [0.849055753196966, -0.1598780779866643, 0.015918938021984193]]	0.9197042721013606	0.12664949646339785	[[0.00902863452411026, 0.23725123449240115, 0.8622044474148679], [-0.16481985427260334, -0.8268014786391658, 0.25331836497968874], [0.8955361351520432, -0.16052120477012394, 0.0]]	[[-0.02245274534334366, -0.017860143415286175, -0.020848810155238016], [0.003260166106097152, 0.04027361752310492, -0.003169124941707443], [-0.008130826506194051, 0.009640220349448453, -0.01694284303590966]]	0.348567066450395	[[0.0, 0.0, 0.976], [0.0, -1.0, 0.0], [0.976, 0.0, 0.0]]
4	[[0.8489524140446696, -0.5135124485683378, 0.12483895166604869], [0.522794976890395, 0.7815435453534784, -0.34040431673891397], [0.0772347773085365, 0.35425224329800037, 0.9319550081910795]]	0.8065131189350502	0.19348688106494982	[[0.6846912592786065, -0.4141545265068247, 0.10068425227276691], [0.42164100737545, 0.6303251223465908, -0.2745405471920563], [0.06229086113736182, 0.28570908163200853, 0.7516339403633278]]	0.9027566556399681	0.16374819782018488	[[0.744632590548712, -0.4690894870413758, 0.06628990653903755], [0.5084087680882488, 0.6668328916057575, -0.2959277835337585], [0.021936487862361333, 0.2911071056364757, 0.8259651503597761]]	[[-0.021764851551731305, -0.005512706342332073, -0.046409287960604194], [0.0364521231653013, -0.038710745634552415, 0.011374479010871966], [-0.04778772139979079, -0.028696464776183386, -0.015363436041721933]]	0.4345952428317169	[[0.6901362184380704, -0.6901362184380703, 0.0], [0.7071067811865475, 0.7071067811865476, 0.0], [0.0, 0.0, 0.976]]
4	[[-0.30792515101507295, 0.09349718223056193, 0.9468053539599837], [0.3027085282091916, -0.9338174967034747, 0.1906631317268273], [0.9019698710720718, 0.34531602882779927, 0.2592434992682147]]	0.7188585808217298	0.28114141917827035	[[-0.22135463705801217, 0.06721125172909237, 0.6806191530620893], [0.21760462299109404, -0.6712827204267603, 0.1370598282881736], [0.6483887814628282, 0.24823339041814727, 0.18635941397120795]]	0.8470763058733318	0.26448964516807644	[[-0.25412724867785236, 0.07805856997568716, 0.7411328593751184], [0.24396795181263226, -0.8497626826002823, 0.11873701742831773], [0.677998439523641, 0.2628114609770599, 0.17606867870216522]]	[[0.00670885072948349, -0.00114067775774296, -0.06088352223839682], [-0.012449270019163038, -0.05874800713282091, -0.04276920386108357], [-0.08603886687313507, -0.02969756508124129, -0.04353034697962992]]	0.47013814650115465	[[0.0, 0.0, 0.976], [0.0, -1.0, 0.0], [0.976, 0.0, 0.0]]
4	[[-0.8305561570912853, 0.32773595720904825, 0.4502950280316503], [-0.5100865793185324, -0.772219296347621, -0.37879947194723407], [0.22358030216652452, -0.5443036842615101, 0.808545204538665]]	0.6470732780410186	0.35292672195898134	[[-0.5374306951662093, 0.21206918016316978, 0.29137387987401225], [-0.3300633949643728, -0.4996824714541839, -0.24511101603310362], [0.1446728390282945, -0.352204369224899, 0.5231879959451797]]	0.7935003758493094	0.3518774705587099	[[-0.6460584132131783, 0.2611230351631057, 0.1984569192292235], [-0.56314948519379, -0.6264642933190591, -0.30275931275597795], [0.17543129584538128, -0.2884719905735759, 0.625192579477742]]	[[0.012988209602714688, 0.0010644299383927025, -0.15885235475696638], [-0.158395592788846, -0.013707991429132663, -0.002181789394327739], [-0.001979757956258053, 0.1434331874640962, -0.016388344214845498]]	0.661440895020329	[[-0.907401035776, 0.0, 0.0], [0.0, -0.7071067811865476, -0.7071067811865475], [0.0, -0.6416294256529065, 0.6416294256529066]]
4	[[-0.42203838922340475, -0.825029846081567, 0.3757783270710803], [0.2588054115689476, 0.28760896992378115, 0.9221175843470338], [-0.8688517462515349, 0.4864224845687207, 0.09214016247897017]]	0.725019034337082	0.274980965662918	[[-0.3059858654079305, -0.5981623423053293, 0.27244643981787886], [0.18763884957692947, 0.20852197764082275, 0.6685528005485291], [-0.6299340540493754, 0.35266556004185806, 0.06680337162416479]]	0.8479050211896657	0.24969493521673905	[[-0.2781799628482489, -0.629221072927751, 0.32832184684412724], [0.2558500543440903, 0.23134473376198444, 0.830567161451681], [-0.7314213493045616, 0.37116972296221146, 0.022236153278225885]]	[[0.07966850650907453, 0.07032587619614683, 0.009697516466305739], [0.03640764636372162, -0.012520355975577232, 0.048699031556545744], [0.005282409011524231, -0.04127034412315948, -0.055889953140924556]]	0.4981466445456005	[[-0.45370051788799987, -0.453700517888, 0.6416294256529066], [0.5, 0.5000000000000001, 0.7071067811865475], [-0.6416294256529066, 0.6416294256529065, 0.0]]
4	[[0.3802729664721569, 0.7767473726770865, -0.5020517802076895], [0.4287143634067757, 0.332951791095048, 0.839849450446521], [0.8195098935212374, -0.5346088512602871, -0.20639019011321075]]	0.7253418105887126	0.27465818941128767	[[0.2758278820188551, 0.5634073456676235, -0.36415914726513177], [0.3109644525788581, 0.24150385499163685, 0.6091779210088146], [0.5944247899620572, -0.3877741521298883, -0.14970343418446488]]	0.8485497079713078	0.24383154690025538	[[0.346105640571382, 0.5941975625257624, -0.4310925757855034], [0.4032330282000976, 0.2926036495046212, 0.71796737182458], [0.6569038063812954, -0.4310925757855034, -0.08065540648296106]]	[[0.023425125922050368, -0.06491119372686015, -0.0050766843037934], [0.03944758032817288, 0.010077504402394378, 0.005313365908321257], [-0.03849107444574809, 0.022549608830289603, 0.09447692906574665]]	0.38016063038973125	[[0.45370051788799987, 0.453700517888, -0.6416294256529066], [0.5, 0.5000000000000001, 0.7071067811865475], [0.6416294256529066, -0.6416294256529065, 0.0]]
4	[[0.8787972042104137, -0.3840163418041313, 0.28327887866788265], [-0.395223040501579, -0.9183905790867732, -0.018907472103605397], [0.2674214316928388, -0.09534250611366366, -0.9588511794847616]]	0.6924058214950944	0.30759417850490556	[[0.6084843001089039, -0.26589515061443053, 0.19614394469624447], [-0.27365473403228485, -0.6358989833659328, -0.013091643754292483], [0.1851641560966743, -0.06601570626903236, -0.6639141386226867]]	0.8446645833515823	0.25117963561924406	[[0.6907980928613523, -0.3122286731086553, 0.1431162587140878], [-0.3591767434024564, -0.840495516412547, -0.025901144133689352], [0.13072527852869026, -0.05458728068897631, -0.8099076320156695]]	[[-0.05149078148357234, 0.012136330241530088, -0.09615937730822277], [-0.02534583856624457, -0.06476352057419911, -0.009930672087065825], [-0.09515613365142507, 0.025945157513217097, 0.0]]	0.47785441619597296	[[0.6735729491955568, -0.6735729491955567, 0.0], [-0.7071067811865475, -0.7071067811865476, 0.0], [0.0, 0.0, -0.952576]]
4	[[0.8592155572171323, 0.2624339665249735, -0.4391776855101157], [-0.4266000482917053, 0.8413623931712975, -0.33184593135155627], [0.2824199444684594, 0.4724804086637203, 0.8348660002631537]]	0.7113676140722591	0.28863238592774093	[[0.611218120911318, 0.18668702461838954, -0.312416782295108], [-0.30346945851638085, 0.5985179582003918, -0.23606444842514318], [0.2009044020629479, 0.33610726100699667, 0.5938966346772496]]	0.799208249528246	0.35950300705059296	[[0.5704216409322598, 0.21172744360437815, -0.2893594973106727], [-0.3239626529087989, 0.752808773778627, -0.27280975793447587], [0.2481426840444998, 0.35314128888780455, 0.5530629215747069]]	[[-0.11627052051868089, 0.0019880526011997746, 0.06163493195773345], [0.01697962493508006, 0.08038500831329849, -0.007595752025928146], [0.022430334593997903, -0.024468951456717673, -0.11416887308625617]]	0.514789650363601	[[0.6416294256529066, 0.453700517888, -0.45370051788799987], [-0.7071067811865475, 0.5000000000000001, -0.5], [0.0, 0.6416294256529065, 0.6416294256529066]]
4	[[0.08740825448676931, -0.06334395238859675, -0.994156597696443], [0.7119981850616444, -0.6940087028176986, 0.10681996481098455], [-0.6967197295301035, -0.717174639895393, -0.015561310176609944]]	0.8556250724931921	0.1443749275068081	[[0.07478869408174538, -0.054198673854498385, -0.8506253109736042], [0.6092034987083905, -0.5938112466592994, 0.0913978401351189], [-0.5961308690866322, -0.6136326032507744, -0.013314647147950932]]	0.9284783333630566	0.10927905890518114	[[0.06436451601239464, -0.05297613701155107, -0.8887340251307446], [0.679180152524756, -0.6616629215649064, 0.10031415867016832], [-0.6357981404510626, -0.656410515003552, 0.0]]	[[-0.01679215443565485, 0.005837350330842053, 0.034318835800335665], [0.018105264301199235, -0.01729087783327277, 0.0011341357725650402], [0.011091032844207517, 0.009470599376772948, 0.014448339337724374]]	0.1473956156712089	[[0.0, 0.0, -0.929714176], [0.7071067811865475, -0.7071067811865476, 0.0], [-0.6574071984148634, -0.6574071984148633, 0.0]]
4	[[0.22433838825039393, -0.7661379269479729, -0.6022499185961573], [-0.9416906372873723, -0.011392912655017143, -0.3362869982418849], [0.2507808429735371, 0.642575192824231, -0.724020780340167]]	0.590749294258092	0.409250705741908	[[0.13252774453391813, -0.4525954396488726, -0.35577871437767317], [-0.5563030793869681, -0.006730355110495537, -0.1986613068795657], [0.14814860600006638, 0.3796008416686718, -0.42771476501414674]]	0.7626384636702773	0.3865857179292354	[[0.21786250357586057, -0.5667972007727906, -0.3496546373567291], [-0.8383949657448722, -0.01304355387392149, -0.15620221733900558], [0.14173805380392152, 0.349654637356729, -0.5153007506825474]]	[[0.0467734198183139, 0.017489050794342362, 0.10964431530699388], [-0.12022546487134599, -0.004354880469969447, 0.10026318235247472], [-0.049517062999353836, -0.14039792049137478, 0.03686534490143267]]	0.7372139010527705	[[1.8118390601280767e-16, -0.907401035776, 0.0], [-1.0, -1.7938038903913487e-16, 0.0], [0.0, 0.0, -0.907401035776]]
4	[[0.04673222253661188, -0.9725397674033924, -0.22799671093185395], [-0.8377629715199755, -0.16246744520517667, 0.5213036857710898], [-0.5440306084466285, 0.16664552219444034, -0.8223502702654952]]	0.613188697482371	0.3868113025176288	[[0.02865567066768135, -0.5963503932238943, -0.13980500620656816], [-0.5137067853052946, -0.09962320110865071, 0.3196575280707338], [-0.3335934201839299, 0.10218515069567845, -0.5042558910983749]]	0.7875675906508344	0.3579638048075803	[[-0.03474664093957565, -0.8447316181545615, -0.15813884438086945], [-0.6895762602051374, -0.15482683274286824, 0.27496161404989766], [-0.29709440593409053, 0.04775389369374287, -0.6089002869838926]]	[[-0.07155142484849382, -0.0787908167285489, 0.02142397592404552], [-0.029781295188666675, -0.026872738363430702, -0.13560027375023914], [0.13136646960052822, -0.08349071871368269, 0.03875613404016588]]	0.626875251733961	[[1.856392479639423e-16, -0.929714176, 0.0], [-1.0, -1.7938038903913487e-16, 0.0], [0.0, 0.0, -0.929714176]]
4	[[-0.5446221603179724, 0.8109226453022452, -0.2139887049042392], [-0.8354447797583356, -0.5021691245819775, 0.22328947644507607], [0.07361197229480154, 0.30038414347728, 0.9509735242804028]]	0.7173540508997274	0.2826459491002727	[[-0.3906869129138583, 0.5817186445738883, -0.15350566430984233], [-0.5993096970626726, -0.36023305575565134, 0.16017761045115458], [0.05280584652039438, 0.2154817821494717, 0.6821847099409372]]	0.8339281101114601	0.2520866683833919	[[-0.5046163419795047, 0.6424088021666055, -0.13144581359487992], [-0.7363644905664696, -0.40828948628471795, 0.09451646684005643], [0.07782074713882178, 0.13938940636461328, 0.7768973315299865]]	[[-0.05044061310071752, -0.03384238687688185, 0.04700538267111123], [-0.039663604280115665, 0.010483462734256866, -0.09169090425956324], [0.016433654201440794, -0.11110937471284447, -0.016146222339204333]]	0.3941537079551718	[[-0.6735729491955568, 0.6735729491955567, 0.0], [-0.7071067811865475, -0.7071067811865476, 0.0], [0.0, 0.0, 0.952576]]
4	[[-0.3195682178843842, -0.5708200961323295, -0.7563336379995778], [0.910087742671785, 0.03735879733279218, -0.41272826520656647], [0.2638493031197415, -0.8202248094963509, 0.507557688474819]]	0.6432074690380069	0.35679253096199315	[[-0.20554866461040108, -0.3671557493093075, -0.4864794450460165], [0.5853752335664317, 0.02402945747872914, -0.2654699028639629], [0.16970984246709084, -0.5275747237583291, 0.32646489619466945]]	0.7660427907784193	0.3764834544691537	[[-0.2799836109182972, -0.40757367690020857, -0.5240643072744138], [0.7771394957516469, 0.032180015786390154, -0.23618990322445627], [0.21431896282570478, -0.5240643072744138, 0.3092277229590542]]	[[-0.03518068144605756, 0.02969894257340675, 0.055319623538377515], [0.07997334150212074, 0.003561578417452639, 0.07997760888751751], [0.012199106318916983, 0.10426299485786825, -0.07958318520123955]]	0.7106784266899283	[[0.0, 0.0, -0.907401035776], [1.0, -1.7938038903913487e-16, 0.0], [-1.8118390601280767e-16, -0.907401035776, 0.0]]
4	[[0.5319609947059123, -0.8460851799387872, 0.03402011756955908], [-0.703274286200726, -0.4190807785627857, 0.5742617690636116], [-0.47161719485230363, -0.3294103357928521, -0.8179645788128509]]	0.6500687400553297	0.3499312599446703	[[0.34581121358705225, -0.5500135269022944, 0.022115414964977445], [-0.45717662914381735, -0.2724313137017168, 0.3733096246771267], [-0.30658359564606597, -0.21413936195006245, -0.5317332031587585]]	0.7767694400951116	0.3878962747555051	[[0.5107306150482243, -0.671097685518958, 0.0994189049470892], [-0.5187509688780809, -0.37945168201131885, 0.3240749981675478], [-0.27986674245964116, -0.11361815149378626, -0.6086640110265649]]	[[0.09751957103807414, -0.013884574025134502, 0.07299311727061297], [0.02753100464734644, -0.053922540292480205, -0.12199399465602202], [0.08647108192500984, 0.14225773060157015, 0.02670587687552715]]	0.6598114220266851	[[0.6735729491955568, -0.6735729491955567, 0.0], [-0.7071067811865475, -0.7071067811865476, 0.0], [0.0, 0.0, -0.952576]]
