4	[[-0.3195682178843842, -0.5708200961323295, -0.7563336379995778], [0.910087742671785, 0.03735879733279218, -0.41272826520656647], [0.2638493031197415, -0.8202248094963509, 0.507557688474819]]	0.6543807156160838	0.3456192843839163	[[-0.2091192791073399, -0.37353366299511553, -0.49493014727867973], [0.5955438683229889, 0.02444687653318879, -0.2700814175408577], [0.17265789579030139, -0.536739297804288, 0.33213596340059737]]	0.7734691768649278	0.3670555724684291	[[-0.28748016296245743, -0.41530705495521436, -0.5335240991454208], [0.7750497937089845, 0.03199308327756481, -0.23820217528671467], [0.22078821142103203, -0.5335240991454208, 0.3135970259464598]]	[[-0.04030399652323083, 0.026204694938217497, 0.0514766572733689], [0.07112497650977893, 0.003097205055906392, 0.08103041627149789], [0.01670890812062083, 0.10089450909991408, -0.07898320156962392]]	0.711024278948794	[[0.0, 0.0, -0.9268941862318338], [1.0, -1.7938038903913487e-16, 0.0], [-1.8507617084482094e-16, -0.9268941862318338, 0.0]]
4	[[0.034229894132735264, 0.2773841392786001, 0.9601491309293217], [-0.1827544195208179, -0.9427759796974285, 0.2788803941677556], [0.9825625356654255, -0.18501754344446375, 0.018422055382213542]]	0.865986481799436	0.134013518200564	[[0.029642625592374572, 0.24021091488083968, 0.8314761678962695], [-0.15826285679413127, -0.8164312537831926, 0.24150665138817468], [0.8508858734088348, -0.1602226915186455, 0.015953250927957477]]	0.9237690054280535	0.12484151702854598	[[0.009439970345853302, 0.23934401935858457, 0.8694514916280189], [-0.1644464129053444, -0.8271167078044253, 0.2529307758209231], [0.9030870998181432, -0.16205064163297128, 0.0]]	[[-0.022180544913051117, -0.016894851104324544, -0.017504516113170537], [0.004376455452982797, 0.04379052130212717, -0.00469028853280808], [-0.004573716524373164, 0.008862830461462676, -0.017017723778367924]]	0.34632795059141674	[[0.0, 0.0, 0.9812000000000001], [0.0, -1.0, 0.0], [0.9812000000000001, 0.0, 0.0]]
4	[[0.8787972042104137, -0.3840163418041313, 0.28327887866788265], [-0.395223040501579, -0.9183905790867732, -0.018907472103605397], [0.2674214316928388, -0.09534250611366366, -0.9588511794847616]]	0.7018057154175068	0.29819428458249325	[[0.6167449006077943, -0.2695048634918622, 0.1988067361061825], [-0.2773697886886929, -0.6445317573886914, -0.01326937198640734], [0.18767788918716666, -0.06691191571279774, -0.6729272379972233]]	0.8492009395902048	0.24605860510449384	[[0.6940002544541506, -0.3147406906549585, 0.1467846539813533], [-0.3597019438740593, -0.8405025427043186, -0.02535898069319852], [0.13371058560711507, -0.05597803908174956, -0.8142573225456355]]	[[-0.05227515707057785, 0.011366347623102964, -0.09377603594947226], [-0.024078166532420755, -0.060604400033038394, -0.009302737617541232], [-0.09338394545300141, 0.02498690669285846, 0.0]]	0.47554443662676604	[[0.6807694860346761, -0.680769486034676, 0.0], [-0.7071067811865475, -0.7071067811865476, 0.0], [0.0, 0.0, -0.9627534400000002]]
4	[[0.22433838825039393, -0.7661379269479729, -0.6022499185961573], [-0.9416906372873723, -0.011392912655017143, -0.3362869982418849], [0.2507808429735371, 0.642575192824231, -0.724020780340167]]	0.6031183073290123	0.3968816926709877	[[0.1353025889904964, -0.4620718096814199, -0.3632279514927499], [-0.5679508631883389, -0.006871274196041246, -0.2028208451564001], [0.15125051752474258, 0.38754886262776383, -0.4366701875097921]]	0.7698216198906022	0.37648833516223684	[[0.2226294551300472, -0.5760286039632143, -0.3565802110710269], [-0.837693439090613, -0.014068914402548219, -0.15647902575598543], [0.14503949924044438, 0.35658021107102683, -0.523205244421368]]	[[0.04992891368348207, 0.013760936019501888, 0.1070447968416502], [-0.1127596272582343, -0.005298403927190741, 0.10240197597873046], [-0.048017015534974755, -0.13808806477043872, 0.03416160553455728]]	0.7398144145908889	[[1.8507617084482094e-16, -0.9268941862318338, 0.0], [-1.0, -1.7938038903913487e-16, 0.0], [0.0, 0.0, -0.9268941862318338]]
4	[[0.08740825448676931, -0.06334395238859675, -0.994156597696443], [0.7119981850616444, -0.6940087028176986, 0.10681996481098455], [-0.6967197295301035, -0.717174639895393, -0.015561310176609944]]	0.8796266863842152	0.12037331361578493	[[0.07688663325682507, -0.05571903094206084, -0.8744866737787274], [0.6262926042373494, -0.6104685755813397, 0.09396169168636478], [-0.6128532670250716, -0.6308459520499773, -0.013688143706448372]]	0.9390338948110378	0.09690984779331137	[[0.0710590473753801, -0.05911898679243176, -0.9002509565030027], [0.6762468708316802, -0.6585625686424353, 0.10841870627769772], [-0.6454687047054055, -0.6668369269217761, 0.0]]	[[-0.011020266273965268, 0.00036313153175718087, 0.033295785483978206], [0.007656442014854413, -0.006864873402775829, 0.008111138677660881], [0.008774736506940394, 0.006614368438898155, 0.014612597703504673]]	0.13826312830552812	[[0.0, 0.0, -0.9446536753280002], [0.7071067811865475, -0.7071067811865476, 0.0], [-0.6679710196972242, -0.667971019697224, 0.0]]
4	[[-0.30792515101507295, 0.09349718223056193, 0.9468053539599837], [0.3027085282091916, -0.9338174967034747, 0.1906631317268273], [0.9019698710720718, 0.34531602882779927, 0.2592434992682147]]	0.7281501949318807	0.2718498050681194	[[-0.22421575873605415, 0.06807999146676524, 0.6894165030485104], [0.22041727382306556, -0.6799593922554359, 0.13883139653321214], [0.6567695374438125, 0.25144193370406503, 0.1887682045269734]]	0.8513762197170907	0.25978429198959035	[[-0.25839043705702613, 0.07963769903620906, 0.7454822544935845], [0.24347447350542684, -0.8497656695192279, 0.11922328467529472], [0.6820072102488905, 0.26586702674096596, 0.17875273802081712]]	[[0.0037697139700008982, 3.6421474553290784e-05, -0.06060530856876842], [-0.014244368917439021, -0.05473565927014673, -0.043102771653713186], [-0.08590848888316142, -0.028126828490163736, -0.04196101237238589]]	0.4692240370793872	[[0.0, 0.0, 0.9812000000000001], [0.0, -1.0, 0.0], [0.9812000000000001, 0.0, 0.0]]
4	[[0.5319609947059123, -0.8460851799387872, 0.03402011756955908], [-0.703274286200726, -0.4190807785627857, 0.5742617690636116], [-0.47161719485230363, -0.3294103357928521, -0.8179645788128509]]	0.6563641500743146	0.34363584992568547	[[0.3491601261628331, -0.5553399800209956, 0.02232958555397188], [-0.4616040291312597, -0.27506959903384487, 0.37692483797160975], [-0.3095526192596647, -0.21621313507836992, -0.5368826255633917]]	0.7812389981222482	0.37861162375744173	[[0.520613002034941, -0.668625307574297, 0.1122228171320557], [-0.5124097711594338, -0.364345221571091, 0.3366734966799901], [-0.2905938469356265, -0.13368967692745465, -0.6025682912981306]]	[[0.10502432749077947, -0.007630569272836649, 0.0856449745660123], [0.037015527597160716, -0.036942973994408476, -0.11196219244317566], [0.07785189786801225, 0.12365852377846649, 0.03645753675310773]]	0.656224248718026	[[0.6807694860346761, -0.680769486034676, 0.0], [-0.7071067811865475, -0.7071067811865476, 0.0], [0.0, 0.0, -0.9627534400000002]]
4	[[0.8489524140446696, -0.5135124485683378, 0.12483895166604869], [0.522794976890395, 0.7815435453534784, -0.34040431673891397], [0.0772347773085365, 0.35425224329800037, 0.9319550081910795]]	0.8135150768820235	0.18648492311797651	[[0.6906355883807288, -0.41775011907694737, 0.10155836936247686], [0.4253015958185254, 0.6357974573848841, -0.27692404390283026], [0.06283165580012004, 0.28818954094220206, 0.758159450139153]]	0.9079626875017554	0.15512966016656018	[[0.7533556689443834, -0.4756011052297057, 0.0634075168573466], [0.5081584321484621, 0.6680720869004597, -0.29318643738664607], [0.023941219354536285, 0.29144349344943954, 0.8364075954961884]]	[[-0.017461446472717766, -0.009350962361990858, -0.04994159320226072], [0.03348009991864093, -0.04154029093833455, 0.015887980876817077], [-0.04618507661912212, -0.030204325428938635, -0.009772778371704566]]	0.43289864108258486	[[0.6938131737002405, -0.6938131737002404, 0.0], [0.7071067811865475, 0.7071067811865476, 0.0], [0.0, 0.0, 0.9812000000000001]]
4	[[0.04673222253661188, -0.9725397674033924, -0.22799671093185395], [-0.8377629715199755, -0.16246744520517667, 0.5213036857710898], [-0.5440306084466285, 0.16664552219444034, -0.8223502702654952]]	0.6204270828508487	0.37957291714915137	[[0.028993936503526836, -0.6033900108465295, -0.1414553342630383], [-0.519770836540597, -0.10079920308687786, 0.3234309250423527], [-0.33753132338011405, 0.10339139520525298, -0.5102083792624281]]	0.7948311554143415	0.34799152284762563	[[-0.037566812202672134, -0.8579463371467108, -0.1625974771724195], [-0.692802100649862, -0.15606713172676567, 0.27459553153396116], [-0.3018277925885945, 0.05241693376353934, -0.6179061515178462]]	[[-0.07471103863652759, -0.08494143013507759, 0.01862141200821557], [-0.026921990033287865, -0.0269329445371188, -0.1397528793492289], [0.13058468450380656, -0.08003811918689396, 0.03572346395257319]]	0.6221917628638589	[[1.8862226951163974e-16, -0.9446536753280002, 0.0], [-1.0, -1.7938038903913487e-16, 0.0], [0.0, 0.0, -0.9446536753280002]]
4	[[-0.42203838922340475, -0.825029846081567, 0.3757783270710803], [0.2588054115689476, 0.28760896992378115, 0.9221175843470338], [-0.8688517462515349, 0.4864224845687207, 0.09214016247897017]]	0.7383292316438408	0.26167076835615927	[[-0.31160327963952067, -0.6091436523406397, 0.2774481234947987], [0.1910836006689691, 0.21235010977770183, 0.6808263675362201], [-0.641498642222305, 0.3591399392859116, 0.0680297753666367]]	0.8567108075191184	0.23436909524771346	[[-0.284148063889601, -0.6427461223422327, 0.3372792967145644], [0.25730280910516634, 0.23282889105997012, 0.8305591289286096], [-0.7471556955752976, 0.3791613133243237, 0.02268473235040685]]	[[0.07741678534605012, 0.06406586332168038, 0.015345942681315762], [0.035581415969615476, -0.013568821813174224, 0.040571028615083354], [-0.002801014429748865, -0.03756208622600097, -0.05625274065189448]]	0.49270554171701286	[[-0.4634470931159168, -0.4634470931159169, 0.6554131645269164], [0.5, 0.5000000000000001, 0.7071067811865475], [-0.6554131645269164, 0.6554131645269163, 0.0]]
4	[[0.8592155572171323, 0.2624339665249735, -0.4391776855101157], [-0.4266000482917053, 0.8413623931712975, -0.33184593135155627], [0.2824199444684594, 0.4724804086637203, 0.8348660002631537]]	0.7236865274660481	0.2763134725339519	[[0.6218027229472722, 0.18991992592359924, -0.3178269741673918], [-0.30872470756507275, 0.6088826286546603, -0.24015242971354425], [0.20438350889953355, 0.3419277062415871, 0.6041812766299106]]	0.8054758230113448	0.2811978602396965	[[0.6555524349744848, 0.26656707354739545, -0.27186806461725443], [-0.3396274634042378, 0.6890646792650472, -0.3479916680437785], [0.13773148842366748, 0.3817227120358978, 0.6564908104910766]]	[[-0.03652492311913616, 0.055182858374560634, 0.08187894306722351], [0.003988561590203011, 0.011367613174601821, -0.08069779337541753], [-0.08975094878188318, 0.0011511660107511226, -0.015973568175076756]]	0.5067416205935594	[[0.6554131645269164, 0.4634470931159169, -0.4634470931159168], [-0.7071067811865475, 0.5000000000000001, -0.5], [0.0, 0.6554131645269163, 0.6554131645269164]]
4	[[-0.5446221603179724, 0.8109226453022452, -0.2139887049042392], [-0.8354447797583356, -0.5021691245819775, 0.22328947644507607], [0.07361197229480154, 0.30038414347728, 0.9509735242804028]]	0.7274024014602305	0.27259759853976956	[[-0.3961594673037518, 0.5898670795913359, -0.15565589783270822], [-0.6077045390836268, -0.3652790271601119, 0.1624213013869459], [0.0535455254234626, 0.2185001473259479, 0.6917404252866638]]	0.8397594444290349	0.24483566168293128	[[-0.5096864965070821, 0.6473115408489339, -0.13581871347819757], [-0.7365889016749306, -0.40861476923688644, 0.09415731912119858], [0.07834351176953251, 0.1447490733932795, 0.7837861646847619]]	[[-0.05233489373472078, -0.03366840924500301, 0.04388032246627506], [-0.03501625757393306, 0.013086495831489759, -0.09335212756516853], [0.016527162811924484, -0.10750134804849268, -0.014802833731670623]]	0.39092312175198746	[[-0.6807694860346761, 0.680769486034676, 0.0], [-0.7071067811865475, -0.7071067811865476, 0.0], [0.0, 0.0, 0.9627534400000002]]
4	[[0.3802729664721569, 0.7767473726770865, -0.5020517802076895], [0.4287143634067757, 0.332951791095048, 0.839849450446521], [0.8195098935212374, -0.5346088512602871, -0.20639019011321075]]	0.7419131663410096	0.25808683365899066	[[0.2821295206292464, 0.5762791027099173, -0.37247882592102743], [0.3180688308109912, 0.2470213175702374, 0.6230953650305352], [0.6080051799501248, -0.39663334559244945, -0.15312359944861512]]	0.8602594908430634	0.22933406774664708	[[0.3429510459614743, 0.6124366460539541, -0.4318948088183205], [0.40607280252325717, 0.3013282970198642, 0.7187414648291588], [0.6660751458128499, -0.4423442036403886, -0.08408819365449369]]	[[0.015817617442755255, -0.0557676532789238, 4.2646025109478894e-18], [0.037267202541836325, 0.014903358737152284, -0.0037469957967920936], [-0.03891601792858296, 0.017558134544980997, 0.09346092620730008]]	0.37569642582947754	[[0.4634470931159168, 0.4634470931159169, -0.6554131645269164], [0.5, 0.5000000000000001, 0.7071067811865475], [0.6554131645269164, -0.6554131645269163, 0.0]]
4	[[-0.8305561570912853, 0.32773595720904825, 0.4502950280316503], [-0.5100865793185324, -0.772219296347621, -0.37879947194723407], [0.22358030216652452, -0.5443036842615101, 0.808545204538665]]	0.6590592281016283	0.3409407718983717	[[-0.5473856997876374, 0.21599740697934364, 0.2967710935925405], [-0.336177267230672, -0.5089382533760458, -0.24965128758684857], [0.14735266136459851, -0.35872836600226327, 0.5328791783885256]]	0.8006659374639066	0.3473597481654006	[[-0.6518706316430863, 0.27198455485810913, 0.2007709763051062], [-0.5715283992277582, -0.6282648549392835, -0.29299169898294464], [0.1791895771055616, -0.28388037469450267, 0.6380039134878659]]	[[0.01312739249082734, 0.009577537438695742, -0.15976491444919122], [-0.16311945000992803, -0.009975168101397296, 0.010300135334520368], [0.0001764448729377323, 0.15192504492979753, -0.009370690686030258]]	0.6548008351671161	[[-0.9268941862318338, 0.0, 0.0], [0.0, -0.7071067811865476, -0.7071067811865475], [0.0, -0.6554131645269163, 0.6554131645269164]]
