4	[[-0.3195682178843842, -0.5708200961323295, -0.7563336379995778], [0.910087742671785, 0.03735879733279218, -0.41272826520656647], [0.2638493031197415, -0.8202248094963509, 0.507557688474819]]	0.5867996751888496	0.4132003248111504	[[-0.1875225264552362, -0.3349570470017189, -0.44381633311255314], [0.5340391917931567, 0.0219221301403285, -0.24218881196447056], [0.15482668536946861, -0.4813076517942948, 0.29783468673662705]]	0.7297576719613128	0.4246673161813035	[[-0.24527124129370384, -0.3711765204670078, -0.4797851282682323], [0.7874553004183351, 0.033170413572210206, -0.22628433475279885], [0.1847760715133134, -0.4797851282682323, 0.2879951235576306]]	[[-0.01206388257757006, 0.0453838239952538, 0.07215514662436993], [0.12331178804564691, 0.005907544603357194, 0.07490728321697643], [-0.007769981679963909, 0.11878021919473611, -0.08239899356981853]]	0.7150041378765323	[[0.0, 0.0, -0.8165659002209292], [1.0, 1.7938038903913487e-16, 0.0], [1.6304654004760797e-16, -0.8165659002209292, 0.0]]
4	[[-0.5446221603179724, 0.8109226453022452, -0.2139887049042392], [-0.8354447797583356, -0.5021691245819775, 0.22328947644507607], [0.07361197229480154, 0.30038414347728, 0.9509735242804028]]	0.6667218541876259	0.33327814581237414	[[-0.36311149655886893, 0.5406598496786473, -0.1426709461089631], [-0.5570092926318503, -0.33480712985707284, 0.14887197375604533], [0.049078710658798236, 0.200272673107734, 0.6340348313915715]]	0.8049726623349046	0.28974789320678607	[[-0.47997315036430255, 0.6180680782497192, -0.11155247973916382], [-0.7350940323401373, -0.406308142480759, 0.09660762454171237], [0.07491550459858796, 0.11552346704268474, 0.743608798904096]]	[[-0.041567200006557115, -0.03470248248689268, 0.06070257775719991], [-0.06258382374427178, -0.002075725323616228, -0.0831342997836475], [0.015659879280718332, -0.1262775566554113, -0.02189889074590704]]	0.4115586042491166	[[-0.6389702263098529, 0.6389702263098529, 0.0], [-0.7071067811865475, -0.7071067811865476, 0.0], [0.0, 0.0, 0.9036403599999998]]
4	[[-0.42203838922340475, -0.825029846081567, 0.3757783270710803], [0.2588054115689476, 0.28760896992378115, 0.9221175843470338], [-0.8688517462515349, 0.4864224845687207, 0.09214016247897017]]	0.6439636100720049	0.35603638992799536	[[-0.2717773647132776, -0.5312891980998363, 0.24198756808751143], [0.16666126714011048, 0.18520971056120877, 0.5938101685269924], [-0.559508907133504, 0.31323837918306746, 0.05933491166257871]]	0.8060241088726356	0.3211553730064675	[[-0.25807222510525996, -0.5584936751156693, 0.3065407274470677], [0.2654495210111433, 0.23588932022973472, 0.8271088913858171], [-0.6512510645134122, 0.34083138885387865, 0.024137851961782385]]	[[0.08210089147857744, 0.1065002713655537, 0.0036543362359502947], [0.056846119779866616, 0.004069556543142304, 0.08385988718671175], [0.04906439000141458, -0.05123686080623787, -0.05012934039170939]]	0.5291053697486042	[[-0.4082829501104645, -0.4082829501104646, 0.5773992853319169], [0.5, 0.5000000000000001, 0.7071067811865475], [-0.5773992853319169, 0.5773992853319168, 0.0]]
4	[[-0.30792515101507295, 0.09349718223056193, 0.9468053539599837], [0.3027085282091916, -0.9338174967034747, 0.1906631317268273], [0.9019698710720718, 0.34531602882779927, 0.2592434992682147]]	0.66983490571839	0.33016509428161	[[-0.20625901449850234, 0.06262767624434358, 0.6342032750034526], [0.20276473845315648, -0.625503554862555, 0.12771282086421226], [0.6041709035503896, 0.23130472961291781, 0.17365034489043013]]	0.8257092755506347	0.2850628230132028	[[-0.2297428026036532, 0.072148795965389, 0.7244554360125821], [0.2481151562772534, -0.8480262193383377, 0.11878200612124595], [0.6630239594777474, 0.25034250957014503, 0.15759400663826423]]	[[0.02451385076482241, -0.005052694640233953, -0.057330526893178045], [-0.0018340832533569676, -0.07696445063880453, -0.038650310251127855], [-0.08174092933367243, -0.034788138429279226, -0.056465755333704834]]	0.47518200043800873	[[0.0, 0.0, 0.9505999999999999], [0.0, -1.0, 0.0], [0.9505999999999999, 0.0, 0.0]]
4	[[0.034229894132735264, 0.2773841392786001, 0.9601491309293217], [-0.1827544195208179, -0.9427759796974285, 0.2788803941677556], [0.9825625356654255, -0.18501754344446375, 0.018422055382213542]]	0.828508557248116	0.17149144275188422	[[0.028359760202668245, 0.2298151330372234, 0.7954917712092849], [-0.15141360044790972, -0.7810979667472954, 0.2310547930167131], [0.8140614688302122, -0.1532886179847633, 0.015262830526262632]]	0.8990805319375363	0.15385043684058247	[[0.00912145045732965, 0.22591635611677863, 0.8272421211360867], [-0.16627213516792838, -0.8255324054905295, 0.25492989769144475], [0.8587804080828497, -0.1535544245238294, 0.0]]	[[-0.021653980967695528, -0.023474323376860846, -0.03600927023921131], [-0.0019611944512157604, 0.02209912383376634, 0.0041939645561492505], [-0.024622439145115645, 0.012791246853995296, -0.01656291135242331]]	0.35978956907323745	[[0.0, 0.0, 0.9505999999999999], [0.0, -1.0, 0.0], [0.9505999999999999, 0.0, 0.0]]
4	[[0.8489524140446696, -0.5135124485683378, 0.12483895166604869], [0.522794976890395, 0.7815435453534784, -0.34040431673891397], [0.0772347773085365, 0.35425224329800037, 0.9319550081910795]]	0.7415592154312669	0.25844078456873326	[[0.6295484860974452, -0.38079988847452545, 0.0925754750527369], [0.3876834328942487, 0.579560818317696, -0.2524299580503254], [0.05727416086492694, 0.26269901560483144, 0.691099824691417]]	0.8752759796841646	0.20837276030804336	[[0.7046833081205621, -0.45153422828127704, 0.05210971120730688], [0.503903961508276, 0.6680885090394777, -0.29740126147609175], [0.02480952421873903, 0.2622446344980033, 0.7877735966582833]]	[[-0.03838434778762264, -0.002069116780610998, -0.05715882451493797], [0.0463140759365754, -0.0159777832856232, 0.0005464603462799621], [-0.042792221155678545, -0.047823844809967084, -0.027944236157727426]]	0.4432727156958802	[[0.672175706195932, -0.6721757061959319, 0.0], [0.7071067811865475, 0.7071067811865476, 0.0], [0.0, 0.0, 0.9505999999999999]]
4	[[0.22433838825039393, -0.7661379269479729, -0.6022499185961573], [-0.9416906372873723, -0.011392912655017143, -0.3362869982418849], [0.2507808429735371, 0.642575192824231, -0.724020780340167]]	0.5330599772810289	0.4669400227189711	[[0.11958581614401761, -0.40839746593302106, -0.32103532792436906], [-0.5019775897181643, -0.006073105761048171, -0.17926113964272453], [0.13368123045799093, 0.34253111768823746, -0.38594650071912223]]	0.743362291021642	0.4309375332127485	[[0.20643324366733085, -0.48890132987723334, -0.36589603029865136], [-0.8149787417821931, 0.04657530172934793, -0.20431337986572184], [0.16683533895723382, 0.3658960302986513, -0.4075734401716778]]	[[0.039668545413415475, 0.08061671473738316, 0.08179384895658548], [-0.11496143221462203, 0.05504436338199091, 0.04566969358815663], [-0.01958568301991329, -0.1117701371928425, 0.13063630584926575]]	0.7313304737413301	[[1.6304654004760797e-16, -0.8165659002209292, 0.0], [-1.0, -1.7938038903913487e-16, 0.0], [0.0, 0.0, -0.8165659002209292]]
4	[[0.3802729664721569, 0.7767473726770865, -0.5020517802076895], [0.4287143634067757, 0.332951791095048, 0.839849450446521], [0.8195098935212374, -0.5346088512602871, -0.20639019011321075]]	0.6461405912014562	0.353859408798544	[[0.24570979937425103, 0.5018880065957506, -0.32439603407714], [0.27700975222820995, 0.21513366713973803, 0.5426608204317332], [0.5295186070952547, -0.34543247921485337, -0.13335707945793093]]	0.8054836328823366	0.3053871077354707	[[0.3454057573370395, 0.5196008356080598, -0.40822154709677416], [0.4070347990314163, 0.2999656380441316, 0.7172150364923617], [0.5907901509365175, -0.4165950726654972, -0.06841400602685138]]	[[0.03910210681610359, -0.10605645996769, -0.003827055280040185], [0.06171239612568838, 0.031778419778211615, 0.04073005007246392], [-0.06931165527998563, 0.014023607018691686, 0.09782991409681371]]	0.41046573134200687	[[0.4082829501104645, 0.4082829501104646, -0.5773992853319169], [0.5, 0.5000000000000001, 0.7071067811865475], [0.5773992853319169, -0.5773992853319168, 0.0]]
4	[[0.08740825448676931, -0.06334395238859675, -0.994156597696443], [0.7119981850616444, -0.6940087028176986, 0.10681996481098455], [-0.6967197295301035, -0.717174639895393, -0.015561310176609944]]	0.7416065718309441	0.2583934281690559	[[0.06482253595965973, -0.046976291377129775, -0.7372730662807743], [0.5280225331734202, -0.5146814149174739, 0.07921838790657634], [-0.5166919301438027, -0.5318614260969142, -0.011540369893273682]]	0.8921488951614964	0.17481161012608995	[[0.05052450784285943, -0.050524507842859445, -0.8241527225059565], [0.6814775743153372, -0.6690610404362606, 0.08750358569255162], [-0.5930261060621493, -0.603691915198055, 0.0]]	[[-0.02745666982550672, 0.0059877292957895845, 0.06278298774643737], [0.04626918015560058, -0.049901942984987714, -0.007795727894758182], [0.028551630875349135, 0.03613464742246401, 0.013883005681327911]]	0.19655960665388683	[[0.0, 0.0, -0.8590005262159996], [0.7071067811865475, -0.7071067811865476, 0.0], [-0.6074050971301461, -0.607405097130146, 0.0]]
4	[[0.8787972042104137, -0.3840163418041313, 0.28327887866788265], [-0.395223040501579, -0.9183905790867732, -0.018907472103605397], [0.2674214316928388, -0.09534250611366366, -0.9588511794847616]]	0.6462866219756569	0.35371337802434294	[[0.5679548765107999, -0.24818462432804136, 0.18307934957131783], [-0.2554273637727138, -0.5935435450122583, -0.012219646275938089], [0.17283089373265864, -0.061618586206893096, -0.6196926897665809]]	0.8228970897717196	0.2867901698320162	[[0.652303386658126, -0.2653737252835659, 0.1650765927940724], [-0.316499807308636, -0.8546835302499041, -0.034325184798225314], [0.15653208171425573, -0.05164589688087541, -0.7493768629188867]]	[[-0.07085627518614697, 0.05063220481183573, -0.06803277205552431], [0.008728082530843817, -0.09894259544563411, -0.018766281029228477], [-0.06352823616836797, 0.026811173931600797, 0.03965898220330432]]	0.4908440248283656	[[0.6389702263098529, -0.6389702263098529, 0.0], [-0.7071067811865475, -0.7071067811865476, 0.0], [0.0, 0.0, -0.9036403599999998]]
4	[[-0.8305561570912853, 0.32773595720904825, 0.4502950280316503], [-0.5100865793185324, -0.772219296347621, -0.37879947194723407], [0.22358030216652452, -0.5443036842615101, 0.808545204538665]]	0.5934279305270896	0.4065720694729103	[[-0.49287522148921376, 0.19448767084588026, 0.26721764661146], [-0.3026996231546389, -0.45825649894465414, -0.22479018672240145], [0.13267879602130206, -0.3230050089295783, 0.47981330746698236]]	0.7626069130174155	0.393633701389312	[[-0.5966598574731093, 0.23665800919212426, 0.19654374914657097], [-0.5694597350023729, -0.6234833951300308, -0.3030738328132276], [0.17549296866011202, -0.26486862855238036, 0.5762551175551162]]	[[0.036728009573883114, -0.013275697419875764, -0.14685435212773634], [-0.1804641833766538, -0.03458362136989075, -0.014198736858920447], [0.004989084613397842, 0.15022112384629577, -0.04034704491314991]]	0.6813240598862149	[[-0.6389702263098529, 0.6389702263098529, 0.0], [-0.7071067811865475, -0.7071067811865476, 0.0], [0.0, 0.0, 0.9036403599999998]]
4	[[0.8592155572171323, 0.2624339665249735, -0.4391776855101157], [-0.4266000482917053, 0.8413623931712975, -0.33184593135155627], [0.2824199444684594, 0.4724804086637203, 0.8348660002631537]]	0.6428043385290226	0.3571956614709774	[[0.5523074879108043, 0.16869369225963327, -0.282305321631037], [-0.2742203618585987, 0.5408313966056714, -0.21331200439598444], [0.18154076559145138, 0.303712456559005, 0.5366554870595274]]	0.7737703082668428	0.40366217515349034	[[0.5138557162119339, 0.20917565308986258, -0.29338459211586954], [-0.3552704090682444, 0.7489554847392307, -0.25080466443368415], [0.24527041212466055, 0.3315992446031988, 0.5112603842438952]]	[[-0.15097977036363372, 0.006112041912143514, 0.046438060985211214], [-0.02517995819492166, 0.09793424641094724, 0.005967864165307106], [0.02674224463259612, -0.03399206685857188, -0.13473413814123114]]	0.555131817611697	[[0.5773992853319169, 0.4082829501104646, -0.4082829501104645], [-0.7071067811865475, 0.5000000000000001, -0.5], [0.0, 0.5773992853319168, 0.5773992853319169]]
4	[[0.5319609947059123, -0.8460851799387872, 0.03402011756955908], [-0.703274286200726, -0.4190807785627857, 0.5742617690636116], [-0.47161719485230363, -0.3294103357928521, -0.8179645788128509]]	0.6059183132676791	0.39408168673232097	[[0.32232490863640306, -0.5126585051092906, 0.020613412254915364], [-0.42612676925927484, -0.2539287184696688, 0.34795572248513695], [-0.2857614952129421, -0.19959575503654475, -0.4956197179069901]]	0.7521633567215845	0.426883838080548	[[0.4719713676110405, -0.6214677177760813, 0.093260799021674], [-0.5050976941140348, -0.36312937281479074, 0.3444891947700429], [-0.26533393271415173, -0.10922499575130543, -0.5582433133760059]]	[[0.0718498001880886, 0.014926551239062657, 0.06767211319449153], [0.02387945369067962, -0.047912167673510773, -0.0874494650857185], [0.08939923965357452, 0.1385453881574305, 0.056999669903225074]]	0.6775938063254254	[[0.6389702263098529, -0.6389702263098529, 0.0], [-0.7071067811865475, -0.7071067811865476, 0.0], [0.0, 0.0, -0.9036403599999998]]
4	[[0.04673222253661188, -0.9725397674033924, -0.22799671093185395], [-0.8377629715199755, -0.16246744520517667, 0.5213036857710898], [-0.5440306084466285, 0.16664552219444034, -0.8223502702654952]]	0.5816734728479799	0.4183265271520201	[[0.027182894176775687, -0.5657005839882978, -0.13261963864564844], [-0.48730449706746737, -0.09450300307723397, 0.30322852531092176], [-0.31644817335075, 0.09693327962940522, -0.47833933760280545]]	0.7517133830520487	0.40608218730462536	[[-0.008648619028443617, -0.7917976286135779, -0.12232317842214749], [-0.6865969096430087, -0.14406177309964865, 0.27036610712659664], [-0.26673164295632923, 0.02318910851699404, -0.57613015187774]]	[[-0.043777856128981434, -0.06072646990612113, 0.04906500047717647], [-0.05683927212599081, -0.021932820228641847, -0.12150485010189138], [0.14222344620295038, -0.10208056074226399, 0.042041551837302175]]	0.650878356902662	[[1.7151960871829158e-16, -0.8590005262159996, 0.0], [-1.0, -1.7938038903913487e-16, 0.0], [0.0, 0.0, -0.8590005262159996]]
