4	[[-0.3195682178843842, -0.5708200961323295, -0.7563336379995778], [0.910087742671785, 0.03735879733279218, -0.41272826520656647], [0.2638493031197415, -0.8202248094963509, 0.507557688474819]]	0.680386049176738	0.319613950823262	[[-0.2174297572088071, -0.3883780299981615, -0.514598855818002], [0.6192110036406315, 0.025418404519252993, -0.28081455374746467], [0.17951938492767655, -0.5580695175699649, 0.34533517039065964]]	0.7837109325746493	0.3301862641523537	[[-0.2423562278981341, -0.4063669265397911, -0.5739455362505561], [0.7925143817090811, 0.05864474515069154, -0.23177706709424903], [0.20507571802076532, -0.5945882819068796, 0.31022895025548525]]	[[0.008092878161255417, 0.04099102333242777, 0.01880140452367017], [0.079268668175019, 0.029366247253141582, 0.0916825865307063], [-0.001705865386378666, 0.04823086846436958, -0.08754955911454852]]	0.7064386684514206	[[-0.4869301059567368, -0.4869301059567369, -0.6886231597717856], [0.5, 0.5000000000000001, -0.7071067811865475], [0.6886231597717856, -0.6886231597717855, 0.0]]
4	[[-0.42203838922340475, -0.825029846081567, 0.3757783270710803], [0.2588054115689476, 0.28760896992378115, 0.9221175843470338], [-0.8688517462515349, 0.4864224845687207, 0.09214016247897017]]	0.7665673084845657	0.23343269151543436	[[-0.3235208321041469, -0.6324409085301824, 0.2880593807697108], [0.19839176776764844, 0.22047163397049144, 0.7068651947391953], [-0.6660333445961539, 0.37287557478221944, 0.07063163635483474]]	0.8770204020629185	0.20049085279771686	[[-0.2969999466010235, -0.6773294284737191, 0.3509714598748036], [0.25562225388682325, 0.23238356909450514, 0.8296802608204619], [-0.7868934502458153, 0.3978244166176046, 0.022196935889647933]]	[[0.07313633120167344, 0.0462385788506446, 0.021406200380393856], [0.028644627776565713, -0.01985536534495134, 0.02096432624713921], [-0.024892742415225228, -0.028778026371298573, -0.05861186645380113]]	0.4815525810231779	[[-0.4869301059567368, -0.4869301059567369, 0.6886231597717856], [0.5, 0.5000000000000001, 0.7071067811865475], [-0.6886231597717856, 0.6886231597717855, 0.0]]
4	[[0.08740825448676931, -0.06334395238859675, -0.994156597696443], [0.7119981850616444, -0.6940087028176986, 0.10681996481098455], [-0.6967197295301035, -0.717174639895393, -0.015561310176609944]]	0.9280490221850342	0.07195097781496596	[[0.08111914510734688, -0.058786293075572565, -0.9226260583909843], [0.6607692194439779, -0.6440740980378692, 0.09913416389267396], [-0.646590063727434, -0.6655732232908234, -0.01444165869332088]]	0.9627292704997427	0.06024292134859078	[[0.06508748624369425, -0.059019634392067706, -0.9388770423370976], [0.6813520134280826, -0.6727747452235975, 0.09027882398749289], [-0.6794400642372386, -0.6961453054178037, -0.00412865112684563]]	[[-0.01906299883400904, 0.0019634426815764716, 0.01822661372570511], [-0.004109479873455062, -0.004632253039441865, -0.012559882809794441], [-0.00868758728394393, -0.005700287530396468, 0.010852677667502282]]	0.11851927670035832	[[0.0, 0.0, -0.9803303925040002], [0.7071067811865475, -0.7071067811865476, 0.0], [-0.6931982683428484, -0.6931982683428483, 0.0]]
4	[[0.8787972042104137, -0.3840163418041313, 0.28327887866788265], [-0.395223040501579, -0.9183905790867732, -0.018907472103605397], [0.2674214316928388, -0.09534250611366366, -0.9588511794847616]]	0.7239773465367618	0.2760226534632383	[[0.63622926804818, -0.2780191321661092, 0.205087490907883], [-0.2861325281525243, -0.6648939745316023, -0.013688581483286085], [0.19360705852404334, -0.0690258145883352, -0.6941865326470221]]	0.8595821048604871	0.2336659765428653	[[0.702678232001408, -0.31857278532001854, 0.15520044647428002], [-0.35888958431885126, -0.8407800093752582, -0.02550147644831727], [0.14045647755997734, -0.060761057519630436, -0.8242113151094721]]	[[-0.05272011853929081, 0.011520790068800989, -0.0883010083135771], [-0.019162931275142316, -0.051347902319807966, -0.009248951779909191], [-0.089414199579358, 0.021193654568226417, 0.0]]	0.4706524615554032	[[0.6978037732462737, -0.6978037732462736, 0.0], [-0.7071067811865475, -0.7071067811865476, 0.0], [0.0, 0.0, -0.9868435600000002]]
4	[[-0.5446221603179724, 0.8109226453022452, -0.2139887049042392], [-0.8354447797583356, -0.5021691245819775, 0.22328947644507607], [0.07361197229480154, 0.30038414347728, 0.9509735242804028]]	0.7505820492089258	0.2494179507910744	[[-0.4087836171360558, 0.608663980860882, -0.16061608063458802], [-0.6270698547919112, -0.3769191305781928, 0.16759707279693337], [0.0552518250113428, 0.2254629459610448, 0.7137836565978188]]	0.859359342781677	0.23632849444056292	[[-0.5456748632639089, 0.6548239452292757, -0.1655381164110719], [-0.7252761123546132, -0.3994269480769469, 0.10927582857462129], [0.10641938157270113, 0.16553811641107188, 0.7744304926665698]]	[[-0.07764872150871892, -0.04205000628444077, 0.018355076398137316], [-0.007328835491107, 0.03211678078907135, -0.08261006915328402], [0.04316024544057749, -0.09259980370960041, -0.04279749016181224]]	0.3838572949412997	[[-0.6978037732462737, 0.6978037732462736, 0.0], [-0.7071067811865475, -0.7071067811865476, 0.0], [0.0, 0.0, 0.9868435600000002]]
4	[[-0.30792515101507295, 0.09349718223056193, 0.9468053539599837], [0.3027085282091916, -0.9338174967034747, 0.1906631317268273], [0.9019698710720718, 0.34531602882779927, 0.2592434992682147]]	0.749580532181497	0.25041946781850305	[[-0.23081469856994616, 0.070083667613855, 0.7097068610936152], [0.22690441967092348, -0.6999714161393839, 0.14291737174718608], [0.6760990559698798, 0.25884217265954296, 0.19432388014606186]]	0.8613089813182784	0.2471022620357741	[[-0.2653721384464636, 0.08308403275150485, 0.7587588133218001], [0.24310121968767406, -0.8496581605338519, 0.11985608814361952], [0.6940309677992336, 0.27376540845759934, 0.1822881056949588]]	[[-0.00015344030339412094, 0.0025540699683701336, -0.05673314160416523], [-0.01762435438054004, -0.04535276371099729, -0.04436377961896683], [-0.0828437830336316, -0.023658388564945766, -0.04100064857313306]]	0.46724329190291514	[[0.0, 0.0, 0.9934000000000001], [0.0, -1.0, 0.0], [0.9934000000000001, 0.0, 0.0]]
4	[[0.034229894132735264, 0.2773841392786001, 0.9601491309293217], [-0.1827544195208179, -0.9427759796974285, 0.2788803941677556], [0.9825625356654255, -0.18501754344446375, 0.018422055382213542]]	0.8679515147825424	0.1320484852174577	[[0.029709888463353623, 0.24075598386351266, 0.8333628926072465], [-0.15862197525629812, -0.8182838396789784, 0.24205466056105598], [0.8528166411993819, -0.16058625709396715, 0.01598945087440013]]	0.9330671974535677	0.12261176603211192	[[0.011814672667741846, 0.24363825744912887, 0.8865589621186423], [-0.16330959793656813, -0.8279905566343663, 0.25195793309299164], [0.9207546640366093, -0.16597632775788235, 0.0]]	[[-0.02012411871982177, -0.015179784005624607, -0.009324696615058482], [0.0072125561079750085, 0.0516827845684549, -0.008256214717862337], [0.0039577925603999, 0.006657472983587157, -0.017189015586816403]]	0.34115193230462554	[[0.0, 0.0, 0.9934000000000001], [0.0, -1.0, 0.0], [0.9934000000000001, 0.0, 0.0]]
4	[[0.8489524140446696, -0.5135124485683378, 0.12483895166604869], [0.522794976890395, 0.7815435453534784, -0.34040431673891397], [0.0772347773085365, 0.35425224329800037, 0.9319550081910795]]	0.8298006821506181	0.17019931784938203	[[0.7044612922876808, -0.4261129801148409, 0.10359144725145525], [0.4338156284485664, 0.6485253670647287, -0.28246773423696586], [0.06408947089637466, 0.2939587531420675, 0.7733369015306425]]	0.9196691369581217	0.13703950243817756	[[0.7749518801364522, -0.4848235520078955, 0.062056251752551764], [0.5061513656969963, 0.6704842640101041, -0.28936999314516276], [0.024047187579382335, 0.2987838333485955, 0.8585333791711066]]	[[-0.005803453806523081, -0.012562001615800553, -0.0527542791849199], [0.025352960494165567, -0.04827721384032024, 0.023689351046933434], [-0.04698325341111217, -0.027011021510755077, 0.0014431211042171882]]	0.4290287962560822	[[0.7024398764307164, -0.7024398764307163, 0.0], [0.7071067811865475, 0.7071067811865476, 0.0], [0.0, 0.0, 0.9934000000000001]]
4	[[0.3802729664721569, 0.7767473726770865, -0.5020517802076895], [0.4287143634067757, 0.332951791095048, 0.839849450446521], [0.8195098935212374, -0.5346088512602871, -0.20639019011321075]]	0.7819781675663982	0.21802183243360201	[[0.29736515749693565, 0.6073994871480425, -0.392593531110257], [0.3352452723062254, 0.2603610314884558, 0.6567439342918172], [0.6408388448382711, -0.41805244987329643, -0.16139262266840915]]	0.8800949886278745	0.20474352154856687	[[0.34313604436013434, 0.6510847019381761, -0.4418532557924905], [0.4039364920702904, 0.30202085074851087, 0.721164640429203], [0.6989000590829866, -0.45399639904766903, -0.08928639154207887]]	[[0.00845971225733335, -0.03252676818479539, 1.1653581211451884e-18], [0.026627129283197742, 0.008991647951084225, -0.017982652110654505], [-0.022346491336017234, 0.01651017182261428, 0.09235658047851217]]	0.36832321782144073	[[0.4869301059567368, 0.4869301059567369, -0.6886231597717856], [0.5, 0.5000000000000001, 0.7071067811865475], [0.6886231597717856, -0.6886231597717855, 0.0]]
4	[[0.8592155572171323, 0.2624339665249735, -0.4391776855101157], [-0.4266000482917053, 0.8413623931712975, -0.33184593135155627], [0.2824199444684594, 0.4724804086637203, 0.8348660002631537]]	0.7479229984561129	0.25207700154388724	[[0.6426270758739773, 0.19628039914008932, -0.3284710914017415], [-0.31906398725985485, 0.6292742838888876, -0.24819520400191733], [0.21122837169065906, 0.35337896395953927, 0.6244154822258798]]	0.8203978955147734	0.2644490565314426	[[0.6777192334765578, 0.26939162381047177, -0.2799941698247725], [-0.33280997777265214, 0.690708954895381, -0.3495837881538679], [0.145055331873327, 0.3976758532564035, 0.6747776341557626]]	[[-0.02717940145793063, 0.054091349961789076, 0.08030627912477545], [0.01717180407236365, 0.0004570181723752287, -0.07733808443791115], [-0.08664139621999624, 0.010053920316727284, -0.010144675496964734]]	0.48823778566267745	[[0.6886231597717856, 0.4869301059567369, -0.4869301059567368], [-0.7071067811865475, 0.5000000000000001, -0.5], [0.0, 0.6886231597717855, 0.6886231597717856]]
4	[[0.22433838825039393, -0.7661379269479729, -0.6022499185961573], [-0.9416906372873723, -0.011392912655017143, -0.3362869982418849], [0.2507808429735371, 0.642575192824231, -0.724020780340167]]	0.6330377738624611	0.36696222613753904	[[0.1420146738899218, -0.4849942477467456, -0.3812469477769598], [-0.5961257446955204, -0.007212144064941431, -0.2128823727459322], [0.15875374656331934, 0.40677436960469293, -0.45833250301670125]]	0.7864320761799459	0.3529613139873934	[[0.23400927470826316, -0.5980192002833047, -0.3732167897337604], [-0.8361442018809282, -0.016567461007306022, -0.15699333107575805], [0.15288955867043996, 0.3732167897337604, -0.5420594569181187]]	[[0.05758237026964311, 0.004496240246589282, 0.10041186412701898], [-0.09556847887980363, -0.007607709054284253, 0.10747355114392936], [-0.04433254033539588, -0.1321249532607288, 0.027333708562223395]]	0.7480165991031694	[[1.9445403977751413e-16, -0.9738602119134738, 0.0], [-1.0, -1.7938038903913487e-16, 0.0], [0.0, 0.0, -0.9738602119134738]]
4	[[-0.8305561570912853, 0.32773595720904825, 0.4502950280316503], [-0.5100865793185324, -0.772219296347621, -0.37879947194723407], [0.22358030216652452, -0.5443036842615101, 0.808545204538665]]	0.6869198694792501	0.31308013052075	[[-0.5705255270243332, 0.22512834094969647, 0.3093166018826565], [-0.3503886064886034, -0.5304527782564663, -0.2602048838288029], [0.15358175198236038, -0.37389301574999145, 0.5554057663697731]]	0.8173909065742603	0.32432587951358816	[[-0.6785177286923807, 0.26654283851627114, 0.2048526091886005], [-0.5570882422852703, -0.6325263131845685, -0.30339130880092197], [0.18647986271405018, -0.304301732143286, 0.6552672420840668]]	[[0.00037132151329877326, -0.0013455526638157848, -0.16321445200007204], [-0.14014811078473183, -0.0013212824688492225, 0.006235934983878691], [0.0037273568340076097, 0.1406071497869396, -0.005630255660063171]]	0.6395899212076669	[[-0.9738602119134738, 0.0, 0.0], [0.0, -0.7071067811865476, -0.7071067811865475], [0.0, -0.6886231597717855, 0.6886231597717856]]
4	[[0.5319609947059123, -0.8460851799387872, 0.03402011756955908], [-0.703274286200726, -0.4190807785627857, 0.5742617690636116], [-0.47161719485230363, -0.3294103357928521, -0.8179645788128509]]	0.6720145935641433	0.32798540643585666	[[0.3574855516492711, -0.5685815883172092, 0.022862015481511608], [-0.47261058360529384, -0.2816283990764151, 0.38591228933670885], [-0.31693363751653214, -0.22136855292366148, -0.5496841339807836]]	0.7952549211412867	0.3609822943879383	[[0.5214557573551223, -0.7183491701149552, 0.08996598435404053], [-0.5112092784540376, -0.39350216905729285, 0.3257967862992013], [-0.3046796826211754, -0.10256682907893405, -0.6348829751502136]]	[[0.09841115846003153, -0.0454957670639236, 0.06291131843904357], [0.04807305855921549, -0.060226117549515644, -0.13088771157193696], [0.07037621247996816, 0.1593983615351354, 0.015607381469965848]]	0.6478834296088786	[[0.6978037732462737, -0.6978037732462736, 0.0], [-0.7071067811865475, -0.7071067811865476, 0.0], [0.0, 0.0, -0.9868435600000002]]
4	[[0.04673222253661188, -0.9725397674033924, -0.22799671093185395], [-0.8377629715199755, -0.16246744520517667, 0.5213036857710898], [-0.5440306084466285, 0.16664552219444034, -0.8223502702654952]]	0.6391448804762025	0.3608551195237975	[[0.02986866078754999, -0.6215938133953952, -0.14572293055750704], [-0.5354519142995229, -0.1038402358469365, 0.33318858193396705], [-0.3477143782110161, 0.10651063236485991, -0.5256009651984129]]	0.8103393426159237	0.32119754270828677	[[-0.030846176482512606, -0.9007791149246258, -0.15482518973939247], [-0.6752360745285693, -0.1443532166766412, 0.28768138463795556], [-0.32668465078497466, 0.0419046120448606, -0.6350682299404169]]	[[-0.0687151349718116, -0.11269187913911738, 0.0299295151157188], [0.0036362210808904526, -0.012699453932589881, -0.1347515013930473], [0.11416475482660725, -0.09313481086006949, 0.03131454746655174]]	0.6115819690072981	[[1.9574596313419983e-16, -0.9803303925040002, 0.0], [-1.0, -1.7938038903913487e-16, 0.0], [0.0, 0.0, -0.9803303925040002]]
