4	[[0.8592155572171323, 0.2624339665249735, -0.4391776855101157], [-0.4266000482917053, 0.8413623931712975, -0.33184593135155627], [0.2824199444684594, 0.4724804086637203, 0.8348660002631537]]	0.6164852644947727	0.38351473550522724	[[0.5296937300490274, 0.16178667326556065, -0.27074657161190585], [-0.2629926436045949, 0.5186875174901624, -0.2045781267607784], [0.17410773416423725, 0.29127720970365184, 0.5146825869899233]]	0.764783934019552	0.41891748614470203	[[0.4978634281429978, 0.20223936873186027, -0.2925946852498654], [-0.3559383911259677, 0.7487824215472278, -0.2505544938812419], [0.24383005387170487, 0.3267660115287899, 0.4950474351978802]]	[[-0.15925082587632222, 0.0015340873925355353, 0.04328135280816253], [-0.0296815279405064, 0.10532198056157784, 0.0032359429861835505], [0.02783981769553308, -0.03457941415621574, -0.14344466886254287]]	0.5700434094308812	[[0.5553691838022949, 0.39270531592864083, -0.3927053159286407], [-0.7071067811865475, 0.5000000000000001, -0.5], [0.0, 0.5553691838022948, 0.5553691838022949]]
4	[[0.034229894132735264, 0.2773841392786001, 0.9601491309293217], [-0.1827544195208179, -0.9427759796974285, 0.2788803941677556], [0.9825625356654255, -0.18501754344446375, 0.018422055382213542]]	0.8101472089222097	0.1898527910777905	[[0.02773125319333819, 0.22472198623584733, 0.7778621385714753], [-0.1480579828929892, -0.7637873285907736, 0.2259341729581329], [0.7960202958608734, -0.14989144642317595, 0.014924576750510673]]	0.8913345518618779	0.16640392206172464	[[0.009150671451730697, 0.2218877386623321, 0.8146847747439451], [-0.16682451268041798, -0.8250436962615895, 0.2555573686275196], [0.8455899936221054, -0.15106627231869563, 0.0]]	[[-0.02135961589535041, -0.0253543288151517, -0.041129320593513645], [-0.00392918405605212, 0.01528510910816111, 0.006981637468939273], [-0.030201943781507232, 0.013846256853960995, -0.016420214478479998]]	0.36397200571101973	[[0.0, 0.0, 0.9414], [0.0, -1.0, 0.0], [0.9414, 0.0, 0.0]]
4	[[0.8787972042104137, -0.3840163418041313, 0.28327887866788265], [-0.395223040501579, -0.9183905790867732, -0.018907472103605397], [0.2674214316928388, -0.09534250611366366, -0.9588511794847616]]	0.629693771420656	0.37030622857934414	[[0.5533731258331837, -0.2418126985578071, 0.17837894547219346], [-0.248869486925778, -0.5783048273823506, -0.011905917416950114], [0.168393609881375, -0.060036582251409815, -0.6037826154409038]]	0.8145829197941239	0.29561620291597235	[[0.6434358270069781, -0.26592399954906387, 0.16031273427743048], [-0.3205944031044858, -0.8539829581085461, -0.0319219197674624], [0.15277502172718982, -0.046487937234381355, -0.7418669326417078]]	[[-0.07241736550565377, 0.046889153406403664, -0.07044140182385876], [0.0013475351972017117, -0.1058776786846263, -0.016520215935381576], [-0.06506190891668766, 0.03117643977617589, 0.039196860791028805]]	0.49617219985953964	[[0.6266620428338076, -0.6266620428338074, 0.0], [-0.7071067811865475, -0.7071067811865476, 0.0], [0.0, 0.0, -0.88623396]]
4	[[0.22433838825039393, -0.7661379269479729, -0.6022499185961573], [-0.9416906372873723, -0.011392912655017143, -0.3362869982418849], [0.2507808429735371, 0.642575192824231, -0.724020780340167]]	0.5138378689193583	0.48616213108064177	[[0.11527355933538608, -0.39367067968124136, -0.3094588147283065], [-0.48387631024505573, -0.005854109959438393, -0.17279699452189812], [0.12886069391932253, 0.3301794677012485, -0.37202929482332225]]	0.7306642228114932	0.4482875369121285	[[0.20847818391066586, -0.4732935747021553, -0.351523833292175], [-0.8099686586201955, 0.04070589337099778, -0.2068922744825848], [0.16249539202775712, 0.35152383329217496, -0.39715267390910836]]	[[0.044562149812908666, 0.08649599825769413, 0.08851863541717131], [-0.12190900099775777, 0.049030287041635125, 0.038820603729432065], [-0.020741197699513506, -0.11798287057068718, 0.13186340685751077]]	0.7316598572855292	[[1.5682565976155505e-16, -0.7854106318572817, 0.0], [-1.0, -1.7938038903913487e-16, 0.0], [0.0, 0.0, -0.7854106318572817]]
4	[[0.8489524140446696, -0.5135124485683378, 0.12483895166604869], [0.522794976890395, 0.7815435453534784, -0.34040431673891397], [0.0772347773085365, 0.35425224329800037, 0.9319550081910795]]	0.7200355709463583	0.27996442905364183	[[0.6112759361529428, -0.3697472290929655, 0.08988848583920818], [0.37643097967316375, 0.5627391528980327, -0.2451032165557089], [0.05561178697626692, 0.25507421626210397, 0.6710407564191819]]	0.8663411591388723	0.224350350009063	[[0.6917498463826819, -0.4338129024638676, 0.0542568184527705], [0.4957623803666549, 0.6667135217151656, -0.30886235566415876], [0.02233482007889436, 0.26556305655033585, 0.7669181634721035]]	[[-0.04373257205452105, 0.011064067461066735, -0.05389630363927578], [0.04284357409545006, -0.010369819283870908, -0.013956085324692249], [-0.04457684642041582, -0.041340242535999626, -0.04047281858943354]]	0.44657053970191607	[[0.6656703238090159, -0.6656703238090158, 0.0], [0.7071067811865475, 0.7071067811865476, 0.0], [0.0, 0.0, 0.9414]]
4	[[0.04673222253661188, -0.9725397674033924, -0.22799671093185395], [-0.8377629715199755, -0.16246744520517667, 0.5213036857710898], [-0.5440306084466285, 0.16664552219444034, -0.8223502702654952]]	0.5682455088303642	0.43175449116963566	[[0.026555375574090816, -0.5526413549859047, -0.12955810701512077], [-0.4760550460306064, -0.0923213960689849, 0.2962284781761372], [-0.30914294991604707, 0.09469556955368151, -0.46729684776380387]]	0.7388319688381191	0.4223258492660649	[[-0.012474010235609472, -0.7633831001920757, -0.12570094002359994], [-0.6800183729471746, -0.1502737029546038, 0.27816388709487794], [-0.2649560919237454, 0.027389002084729958, -0.5500263480503919]]	[[-0.04700127022051565, -0.04483962906806083, 0.04275031880279724], [-0.06105230727939806, -0.030237560541563832, -0.10699194142594454], [0.13699111362307692, -0.09573403717624487, 0.05755232120442352]]	0.6599510759502591	[[1.6658769891815917e-16, -0.834300649944, 0.0], [-1.0, -1.7938038903913487e-16, 0.0], [0.0, 0.0, -0.834300649944]]
4	[[-0.42203838922340475, -0.825029846081567, 0.3757783270710803], [0.2588054115689476, 0.28760896992378115, 0.9221175843470338], [-0.8688517462515349, 0.4864224845687207, 0.09214016247897017]]	0.6130568280163085	0.3869431719836915	[[-0.2587335161984126, -0.5057901804575488, 0.23037346923147145], [0.15866242468991423, 0.1763206428105111, 0.5653104813178534], [-0.5326554955733966, 0.2982046254655117, 0.056487155742264726]]	0.7900563182175305	0.34639044365788213	[[-0.2514819377718875, -0.5339286940853942, 0.29906568197960787], [0.2692494386635537, 0.23970639285479894, 0.8246731955623868], [-0.6245036733267753, 0.33244574481322725, 0.023203422275642784]]	[[0.08195215816441277, 0.11789134852938482, 0.0021796404278871273], [0.06477858806461827, 0.012479108990479895, 0.0961483719095261], [0.061938138393584787, -0.051855412443359776, -0.049592495252457416]]	0.5416647904378508	[[-0.3927053159286407, -0.39270531592864083, 0.5553691838022949], [0.5, 0.5000000000000001, 0.7071067811865475], [-0.5553691838022949, 0.5553691838022948, 0.0]]
4	[[-0.8305561570912853, 0.32773595720904825, 0.4502950280316503], [-0.5100865793185324, -0.772219296347621, -0.37879947194723407], [0.22358030216652452, -0.5443036842615101, 0.808545204538665]]	0.5758278133931215	0.42417218660687844	[[-0.47825733583806873, 0.18871947960998786, 0.25929240137325954], [-0.2937220396101676, -0.44466534887582543, -0.21812327164584489], [0.12874375651432327, -0.31342520033012544, 0.4655828171589937]]	0.7506131830226338	0.40421829501630324	[[-0.5861125544176352, 0.23123369068372385, 0.1942517959208811], [-0.5702802167542728, -0.6221264907586745, -0.2923365730350347], [0.16667740433710296, -0.25079323540478066, 0.566589038752143]]	[[0.0373138463357012, -0.01476923934792955, -0.14374558836922208], [-0.18740250583486195, -0.04248850673568841, -0.00800469566942849], [-0.0011449179332742917, 0.15776828556969819, -0.04031565084431091]]	0.6823478568133162	[[-0.6266620428338076, 0.6266620428338074, 0.0], [-0.7071067811865475, -0.7071067811865476, 0.0], [0.0, 0.0, 0.88623396]]
4	[[-0.30792515101507295, 0.09349718223056193, 0.9468053539599837], [0.3027085282091916, -0.9338174967034747, 0.1906631317268273], [0.9019698710720718, 0.34531602882779927, 0.2592434992682147]]	0.6515881089939081	0.348411891006092	[[-0.200640366861575, 0.06092165216587066, 0.6169271101720937], [0.19724127747215625, -0.608464376822442, 0.1242338294567398], [0.5877128426613304, 0.22500381822919158, 0.16891998145713966]]	0.8178781448730028	0.2916299279505285	[[-0.21929252401175509, 0.07083162689458176, 0.7203612520423864], [0.25025278950066826, -0.8466089818732692, 0.12006588680710255], [0.6596616565206935, 0.24671283413830042, 0.14846089711717333]]	[[0.03255272726019199, -0.00563767505900333, -0.05401015441023167], [0.0026741000116975895, -0.08286006001947986, -0.03587332166531193], [-0.07803978836307399, -0.035713598914292446, -0.06356869513469976]]	0.47723822947820344	[[0.0, 0.0, 0.9414], [0.0, -1.0, 0.0], [0.9414, 0.0, 0.0]]
4	[[-0.5446221603179724, 0.8109226453022452, -0.2139887049042392], [-0.8354447797583356, -0.5021691245819775, 0.22328947644507607], [0.07361197229480154, 0.30038414347728, 0.9509735242804028]]	0.6481003075142464	0.3518996924857536	[[-0.3529697895811511, 0.5255592157906513, -0.13868614545301272], [-0.5414520186725492, -0.32545596406573946, 0.14471397834874888], [0.04770794188099107, 0.1946790557600287, 0.6163262335240358]]	0.7942750826550088	0.30319631933271524	[[-0.470956233012157, 0.6091179473130324, -0.10487451430568437], [-0.734540571638826, -0.4052962009071231, 0.09758024516715287], [0.07370905609621248, 0.10780602022299389, 0.7316996197237254]]	[[-0.0383764216098501, -0.034977703811226765, 0.06509138196936852], [-0.07096760014257834, -0.0064357779729795, -0.07977302219225357], [0.015240900717360773, -0.13078162016567674, -0.02363495487681644]]	0.41844699970907895	[[-0.6266620428338076, 0.6266620428338074, 0.0], [-0.7071067811865475, -0.7071067811865476, 0.0], [0.0, 0.0, 0.88623396]]
4	[[0.08740825448676931, -0.06334395238859675, -0.994156597696443], [0.7119981850616444, -0.6940087028176986, 0.10681996481098455], [-0.6967197295301035, -0.717174639895393, -0.015561310176609944]]	0.7069024133714359	0.29309758662856406	[[0.06178910604528186, -0.044777992815984366, -0.7027716981807514], [0.5033132353361587, -0.49059642692261074, 0.07551129092113684], [-0.49251285824832425, -0.5069724837508438, -0.011000327719067053]]	0.8803022031830369	0.1999293994116135	[[0.051179002065607083, -0.0511790020656071, -0.7980499138434869], [0.6787435544014259, -0.665540290584529, 0.09215311824688176], [-0.5733747389579963, -0.5842894493523942, 0.0]]	[[-0.025766676935479512, 0.004582818780396007, 0.07710832941764398], [0.051969983429336626, -0.05460290046590756, -0.0018807321201624056], [0.03994917394844344, 0.047040966214521404, 0.013698655632884346]]	0.21564294715944984	[[0.0, 0.0, -0.834300649944], [0.7071067811865475, -0.7071067811865476, 0.0], [-0.5899396471237465, -0.5899396471237464, 0.0]]
4	[[-0.3195682178843842, -0.5708200961323295, -0.7563336379995778], [0.910087742671785, 0.03735879733279218, -0.41272826520656647], [0.2638493031197415, -0.8202248094963509, 0.507557688474819]]	0.5632897516997125	0.4367102483002874	[[-0.18000950210321437, -0.3215371102155859, -0.4260349871509224], [0.5126430985945418, 0.021043827673388384, -0.23248560202765994], [0.14862360844046138, -0.4620242292791435, 0.28590204431426086]]	0.7166337286660353	0.4424347665949547	[[-0.23346478189123626, -0.35854973939037144, -0.4644943183233219], [0.7912354074068795, 0.03353705214731453, -0.22265609443455195], [0.1748764638167161, -0.46449431832332183, 0.2803775545694821]]	[[-0.00445141834559006, 0.05051919449844452, 0.07751987679186298], [0.1390358349627429, 0.006764477916236858, 0.073118901186294], [-0.014206846083919221, 0.12330644525043674, -0.08335540423534142]]	0.7186586325916928	[[0.0, 0.0, -0.7854106318572817], [1.0, 1.7938038903913487e-16, 0.0], [1.5682565976155505e-16, -0.7854106318572817, 0.0]]
4	[[0.3802729664721569, 0.7767473726770865, -0.5020517802076895], [0.4287143634067757, 0.332951791095048, 0.839849450446521], [0.8195098935212374, -0.5346088512602871, -0.20639019011321075]]	0.6199381490940937	0.3800618509059066	[[0.23574571898526925, 0.48153532853113323, -0.3112410513713497], [0.26577638894044914, 0.20640951710902744, 0.5206547138275077], [0.5080454465538538, -0.331424421739622, -0.127949152449962]]	0.7898404880959907	0.3252438645927834	[[0.34256671031917973, 0.4957893289616019, -0.39536027981768423], [0.4054522580363905, 0.3064350618737254, 0.721477300578345], [0.5677114729767229, -0.4144888543343008, -0.06205031842297157]]	[[0.042211724871101, -0.11771719500094638, 0.0011805433110181757], [0.06683629598942084, 0.043456256682778444, 0.058130200710515306], [-0.07957062132158456, 0.0077668616855612405, 0.10096501007427115]]	0.4240379440391533	[[0.3927053159286407, 0.39270531592864083, -0.5553691838022949], [0.5, 0.5000000000000001, 0.7071067811865475], [0.5553691838022949, -0.5553691838022948, 0.0]]
4	[[0.5319609947059123, -0.8460851799387872, 0.03402011756955908], [-0.703274286200726, -0.4190807785627857, 0.5742617690636116], [-0.47161719485230363, -0.3294103357928521, -0.8179645788128509]]	0.5905526018255394	0.40944739817446063	[[0.31415094949327843, -0.49965780437888035, 0.02009066894511386], [-0.4153204595128378, -0.24748924415532583, 0.3391317818494529], [-0.2785147614856903, -0.19453413087069346, -0.48305111021906044]]	0.7411097126096804	0.4409488621309608	[[0.45937086673242034, -0.6091436621911561, 0.08916143248936155], [-0.5080963889221901, -0.36062979023014174, 0.34055249576767055], [-0.25720207827095803, -0.10317469955140833, -0.546473810340664]]	[[0.06512940682636195, 0.0178982823565881, 0.0639487929344381], [0.013107015209808216, -0.05004495486923451, -0.08503847886578937], [0.09231800546781642, 0.1409544997386906, 0.05972768358822634]]	0.6841353690449047	[[0.6266620428338076, -0.6266620428338074, 0.0], [-0.7071067811865475, -0.7071067811865476, 0.0], [0.0, 0.0, -0.88623396]]
