4	[[0.8592155572171323, 0.2624339665249735, -0.4391776855101157], [-0.4266000482917053, 0.8413623931712975, -0.33184593135155627], [0.2824199444684594, 0.4724804086637203, 0.8348660002631537]]	0.5574293449354589	0.44257065506454113	[[0.47895196521790134, 0.1462883940488302, -0.24481052954417482], [-0.23779938546868037, 0.46900008767880647, -0.18498066013279527], [0.15742916464176204, 0.2633744446962555, 0.4653788076355765]]	0.744555522273672	0.4508477099192882	[[0.46654699214653206, 0.18884164731303116, -0.2867015201005705], [-0.35328723600178114, 0.7495483091025873, -0.2513566328820266], [0.2387292331206342, 0.3121826783485334, 0.46342975127448244]]	[[-0.1731866958029341, -0.006555011695321869, 0.04029065090535618], [-0.035659814243976865, 0.12310729303350525, -0.00427891215017551], [0.02845190386641894, -0.039605219088160865, -0.15817433957998148]]	0.6033798503686015	[[0.5087723758451552, 0.35975639704050005, -0.3597563970405], [-0.7071067811865475, 0.5000000000000001, -0.5], [0.0, 0.5087723758451551, 0.5087723758451552]]
4	[[-0.42203838922340475, -0.825029846081567, 0.3757783270710803], [0.2588054115689476, 0.28760896992378115, 0.9221175843470338], [-0.8688517462515349, 0.4864224845687207, 0.09214016247897017]]	0.5509371846960486	0.4490628153039514	[[-0.2325166419923978, -0.4545396206903929, 0.2070302535863318], [0.14258552483389814, 0.15845447618313846, 0.508028865878876], [-0.4786827349980663, 0.26798823422114815, 0.0507634417136003]]	0.7507607773833578	0.3985946775315014	[[-0.22593438188183912, -0.4940091073027765, 0.27289874434445033], [0.26882772505015273, 0.2356903852382851, 0.8287984290364845], [-0.573401203197575, 0.29582861455285964, 0.023690852510819364]]	[[0.0909154872971444, 0.12539094130589276, -0.009220884611251663], [0.07452677306962975, 0.01976485139588035, 0.1365087145732413], [0.07889860924911532, -0.0693583080986975, -0.04548436750012116]]	0.5711651328496072	[[-0.3597563970405, -0.35975639704050005, 0.5087723758451552], [0.5, 0.5000000000000001, 0.7071067811865475], [-0.5087723758451552, 0.5087723758451551, 0.0]]
4	[[0.22433838825039393, -0.7661379269479729, -0.6022499185961573], [-0.9416906372873723, -0.011392912655017143, -0.3362869982418849], [0.2507808429735371, 0.642575192824231, -0.724020780340167]]	0.47521774486487106	0.524782255135129	[[0.1066095829509721, -0.36408233789966304, -0.286199848160318], [-0.44750810101206834, -0.005414114259359703, -0.1598095489318854], [0.11917550665319561, 0.30536313404004073, -0.34406752246855843]]	0.6989661795463922	0.4892709902075888	[[0.18809359370988296, -0.42726313814507605, -0.33747285787455966], [-0.8143414606984513, 0.04555062938375354, -0.20452622776692986], [0.14715923760343072, 0.3374728578745596, -0.35801481805177354]]	[[0.03128864754890986, 0.10824136165934144, 0.08347946685872203], [-0.1561315536390894, 0.053513890016136705, 0.030527010625324775], [-0.028128090113206158, -0.11166546972507937, 0.14805122069479057]]	0.7317941452358309	[[-1.5599089073902643e-16, -0.7812299610000001, 0.0], [-1.0, 1.7938038903913487e-16, 0.0], [0.0, 0.0, -0.7812299610000001]]
4	[[0.3802729664721569, 0.7767473726770865, -0.5020517802076895], [0.4287143634067757, 0.332951791095048, 0.839849450446521], [0.8195098935212374, -0.5346088512602871, -0.20639019011321075]]	0.5631731168053654	0.4368268831946348	[[0.21415951176494682, 0.43744323884093356, -0.2827420658572467], [0.24144040425902194, 0.1875094979369271, 0.47298063265524054], [0.4615259409871884, -0.301077333035992, -0.1162334066441088]]	0.75535209886119	0.37648940127658803	[[0.3000284938891688, 0.4405576242463129, -0.35687396947334504], [0.4111823095733791, 0.312677648776648, 0.7122347074564602], [0.54288170757425, -0.38537445614185667, -0.03892990901457912]]	[[0.012788510524254199, -0.14616013399023944, 0.02235189644352995], [0.0873520153621321, 0.06118181455341101, 0.0778526623342636], [-0.07613681053452703, 0.018443461727370936, 0.11696735427179464]]	0.4572510443776865	[[0.3597563970405, 0.35975639704050005, -0.5087723758451552], [0.5, 0.5000000000000001, 0.7071067811865475], [0.5087723758451552, -0.5087723758451551, 0.0]]
4	[[0.8787972042104137, -0.3840163418041313, 0.28327887866788265], [-0.395223040501579, -0.9183905790867732, -0.018907472103605397], [0.2674214316928388, -0.09534250611366366, -0.9588511794847616]]	0.5939318545912604	0.40606814540873964	[[0.5219456533063057, -0.22807953808107906, 0.1682483497737482], [-0.23473555342229963, -0.5454614198761489, -0.011229749972126878], [0.15883010688277782, -0.056626951477466825, -0.5694922593084019]]	0.7969281600544792	0.3597422247097962	[[0.5576335119828192, -0.23684870437522984, 0.22731239136169157], [-0.3455023254713655, -0.8472387455060717, -0.02329596693300395], [0.2040250838255415, -0.07598112797214492, -0.6475543514112172]]	[[-0.14270472702960627, 0.06918473232958856, 0.001559475802599835], [-0.03053795499330516, -0.11534743110308189, -0.00822806997819631], [-0.00909058569256706, 0.0, 0.11658115482164116]]	0.5089975847356772	[[0.5997969631804583, -0.5997969631804583, 0.0], [-0.7071067811865475, -0.7071067811865476, 0.0], [0.0, 0.0, -0.848241]]
4	[[-0.8305561570912853, 0.32773595720904825, 0.4502950280316503], [-0.5100865793185324, -0.772219296347621, -0.37879947194723407], [0.22358030216652452, -0.5443036842615101, 0.808545204538665]]	0.5382288095240254	0.46177119047597454	[[-0.4470292516740919, 0.17639693408684298, 0.24236175687206282], [-0.2745432923407961, -0.41563067256466063, -0.20388078883448932], [0.12033735986811042, -0.29295992399961357, 0.4351823228852052]]	0.7276616080771567	0.43445441743592983	[[-0.48974495028167103, 0.17871326100673224, 0.25907802232526994], [-0.4456037076175754, -0.6755821188506719, -0.27066229392920504], [0.15911083826488273, -0.36796448104716795, 0.4631517359502242]]	[[0.11461887858575717, -0.05976761264071004, -0.06858438188138921], [-0.07443328705207602, -0.11366778388215155, 0.004975538966697064], [-0.0035799639439871057, 0.028104413124883494, -0.1251955677874543]]	0.6858214345971517	[[-0.5997969631804583, 0.5997969631804583, 0.0], [-0.7071067811865475, -0.7071067811865476, 0.0], [0.0, 0.0, 0.848241]]
4	[[-0.5446221603179724, 0.8109226453022452, -0.2139887049042392], [-0.8354447797583356, -0.5021691245819775, 0.22328947644507607], [0.07361197229480154, 0.30038414347728, 0.9509735242804028]]	0.6051875430148151	0.39481245698518497	[[-0.32959854707425434, 0.4907602832855402, -0.12950329855391882], [-0.5056007735865005, -0.3039064986836674, 0.13513200963086006], [0.04454904864956558, 0.18178874175162477, 0.5755173306313968]]	0.7692059628087701	0.3303384107967195	[[-0.4430384828775308, 0.5901094493946809, -0.08828237035060826], [-0.7321464750083148, -0.39448443278850626, 0.10445272278562809], [0.06950747880549366, 0.09392996196597, 0.7064538278920881]]	[[-0.024111869683152574, -0.03365708474846733, 0.07631901743545882], [-0.08951736882074342, -0.008212947821589081, -0.06730287392837285], [0.01288471078221835, -0.1371273123299588, -0.02504067745766832]]	0.4346531360418293	[[-0.5997969631804583, 0.5997969631804583, 0.0], [-0.7071067811865475, -0.7071067811865476, 0.0], [0.0, 0.0, 0.848241]]
4	[[0.04673222253661188, -0.9725397674033924, -0.22799671093185395], [-0.8377629715199755, -0.16246744520517667, 0.5213036857710898], [-0.5440306084466285, 0.16664552219444034, -0.8223502702654952]]	0.5325537735725776	0.4674462264274225	[[0.0248874214593061, -0.5179297230800733, -0.12142050876889503], [-0.4461538318423388, -0.08652265102671286, 0.2776222450346871], [-0.28972555346723744, 0.08874770169362194, -0.43794573962831856]]	0.7089018150623957	0.45806720268488754	[[-0.0033196483849234643, -0.7143694514651593, -0.11256089762045948], [-0.6730014246933878, -0.15120269049425322, 0.28111847159326797], [-0.24763757121406677, 0.020573901091166278, -0.5155110106204301]]	[[-0.036448205763027305, -0.024934245132534342, 0.04906638458738814], [-0.07910973359081103, -0.03602922369975324, -0.08843465744857423], [0.1380267145632478, -0.09756141206449323, 0.06745458858783104]]	0.6806055991001588	[[1.5599089073902643e-16, -0.7812299610000001, 0.0], [-1.0, -1.7938038903913487e-16, 0.0], [0.0, 0.0, -0.7812299610000001]]
4	[[0.8489524140446696, -0.5135124485683378, 0.12483895166604869], [0.522794976890395, 0.7815435453534784, -0.34040431673891397], [0.0772347773085365, 0.35425224329800037, 0.9319550081910795]]	0.6825630122001651	0.3174369877998348	[[0.5794635169449315, -0.35050460369708714, 0.08521045088908902], [0.3568405141894238, 0.5334527164820666, -0.2323473957992522], [0.052717602246323644, 0.2417994782641489, 0.6361180176259328]]	0.8275018204857195	0.2595170033731208	[[0.6623454103485032, -0.41046146021187657, 0.04914082553022331], [0.47649970355101146, 0.6267016391128089, -0.2639119779670141], [0.02806709504094037, 0.22724967474388622, 0.7305219180358231]]	[[-0.040164257779206985, 0.014471025820502387, -0.05416363424096073], [0.04388590843341994, -0.020027067456057732, 0.017773213835634755], [-0.03584482378668274, -0.06589470149635916, -0.04067254785307886]]	0.4541652908382647	[[0.6512453454728103, -0.6512453454728102, 0.0], [0.7071067811865475, 0.7071067811865476, 0.0], [0.0, 0.0, 0.921]]
4	[[-0.30792515101507295, 0.09349718223056193, 0.9468053539599837], [0.3027085282091916, -0.9338174967034747, 0.1906631317268273], [0.9019698710720718, 0.34531602882779927, 0.2592434992682147]]	0.6108204668145963	0.389179533185404	[[-0.1880869844869819, 0.057109992495921226, 0.5783280882883961], [0.1849005645094978, -0.5703948392560539, 0.11646094312571356], [0.550941657700944, 0.21092609792715894, 0.15835123524166037]]	0.8006567537298503	0.2994379636231437	[[-0.1777262445246054, 0.07297952592064284, 0.7301424293622172], [0.2610294932941666, -0.8371561069536748, 0.1321104418479054], [0.6712510045055113, 0.24538511192906692, 0.10474671860396259]]	[[0.06881610727889687, -0.001879624486967121, -0.02792367175342527], [0.018663865771854443, -0.08948882146693554, -0.020545282256462995], [-0.05091726442918547, -0.03109449872308228, -0.10281833994569302]]	0.48221367388996245	[[0.0, 0.0, 0.921], [0.0, -1.0, 0.0], [0.921, 0.0, 0.0]]
4	[[0.034229894132735264, 0.2773841392786001, 0.9601491309293217], [-0.1827544195208179, -0.9427759796974285, 0.2788803941677556], [0.9825625356654255, -0.18501754344446375, 0.018422055382213542]]	0.7680820233882034	0.2319179766117966	[[0.026291366345835288, 0.2130537709529024, 0.7374732872386186], [-0.1403703843286864, -0.7241292820877966, 0.21420301743566947], [0.7546886204993438, -0.14210864913113855, 0.014149649572940121]]	0.8736286275252171	0.19446835601175788	[[0.00920682748547794, 0.21309876262001534, 0.787039778754747], [-0.16810157185835503, -0.8239018975247483, 0.25703685544556476], [0.8165723131543037, -0.1456145103522701, 0.0]]	[[-0.020697387946037055, -0.029231962275211687, -0.05177398871856628], [-0.008442079158215177, -0.0002658123179418298, 0.013398959445096888], [-0.04182244633677913, 0.016022112195203976, -0.016094034959756757]]	0.3734707825252446	[[0.0, 0.0, 0.921], [0.0, -1.0, 0.0], [0.921, 0.0, 0.0]]
4	[[0.08740825448676931, -0.06334395238859675, -0.994156597696443], [0.7119981850616444, -0.6940087028176986, 0.10681996481098455], [-0.6967197295301035, -0.717174639895393, -0.015561310176609944]]	0.6386648834563448	0.3613351165436552	[[0.05582458266491505, -0.0404555579699274, -0.6349329076051551], [0.45472823788352407, -0.44323898730275435, 0.06822216037681829], [-0.44497042486207966, -0.45803425780663737, -0.009938462350372624]]	0.847987255560109	0.2523202483373447	[[0.04799488915342548, -0.047994889153425487, -0.745462009173715], [0.673351779911187, -0.6649951679140537, 0.09433469942957895], [-0.5347174724001935, -0.5418058933172539, 0.0]]	[[-0.026126196682109602, 0.005719975188910876, 0.09757011570386705], [0.06958639299698455, -0.07648463267684194, 0.003752730630484733], [0.05609197893862035, 0.06634906132494982, 0.01319579270958306]]	0.259098982057805	[[0.0, 0.0, -0.7812299610000001], [0.7071067811865475, -0.7071067811865476, 0.0], [-0.5524130030892022, -0.552413003089202, 0.0]]
4	[[-0.3195682178843842, -0.5708200961323295, -0.7563336379995778], [0.910087742671785, 0.03735879733279218, -0.41272826520656647], [0.2638493031197415, -0.8202248094963509, 0.507557688474819]]	0.5130220382022248	0.4869779617977752	[[-0.16394553848369947, -0.2928432891645976, -0.38801582452744704], [0.46689506868834096, 0.019165886352452855, -0.21173869583994104], [0.13536050726472634, -0.42079340355184947, 0.2603882798465615]]	0.6878472102691802	0.4904425948701783	[[-0.22854626108584114, -0.364200989149695, -0.3976340601510252], [0.7894753891855668, 0.012427159075367594, -0.21567210864521832], [0.15517884149666214, -0.3976340601510252, 0.30368910862445064]]	[[-0.008732153923373953, 0.028436021540513078, 0.12260792277972427], [0.16347407428860394, -0.013269985449005303, 0.06822187717635675], [-0.026309165585719378, 0.1665552868546095, -0.04543303144362715]]	0.7298447890446816	[[0.0, 0.0, -0.7195127940810001], [1.0, 1.7938038903913487e-16, 0.0], [1.4366761037064335e-16, -0.7195127940810001, 0.0]]
4	[[0.5319609947059123, -0.8460851799387872, 0.03402011756955908], [-0.703274286200726, -0.4190807785627857, 0.5742617690636116], [-0.47161719485230363, -0.3294103357928521, -0.8179645788128509]]	0.5571836474167265	0.44281635258327356	[[0.2963999673136702, -0.47142482658353074, 0.018955453192952797], [-0.3918529319197153, -0.23350495676185432, 0.319969267058845], [-0.26277738881225154, -0.18354205239383004, -0.45575648748063075]]	0.715108960150924	0.47355228644404	[[0.4370365142906347, -0.5622841118742191, 0.08760909917761531], [-0.5216367062863595, -0.34579027036729254, 0.3351322739908486], [-0.2437577430389151, -0.10945943854634718, -0.5086035272157314]]	[[0.056626440525638554, 0.04275898135091452, 0.06328100827823575], [-0.01871896278047505, -0.04610185059001904, -0.07552746253866072], [0.09349993876121146, 0.12610484414544598, 0.07633027217941507]]	0.6988152794073009	[[0.5997969631804583, -0.5997969631804583, 0.0], [-0.7071067811865475, -0.7071067811865476, 0.0], [0.0, 0.0, -0.848241]]
