4	[[-0.3195682178843842, -0.5708200961323295, -0.7563336379995778], [0.910087742671785, 0.03735879733279218, -0.41272826520656647], [0.2638493031197415, -0.8202248094963509, 0.507557688474819]]	0.5973372116677473	0.4026627883322526	[[-0.1908899882086892, -0.34097208458760114, -0.45178622641319116], [0.5436292745805584, 0.022315799830030552, -0.24653795111495697], [0.15760700702602465, -0.4899508006452595, 0.3031830943940754]]	0.7357526050800728	0.4165704704440244	[[-0.250794178382532, -0.377037923504175, -0.4868953865731713], [0.7857374971803185, 0.033004395638331796, -0.22793337111100595], [0.18943383657734253, -0.4868953865731712, 0.2914864369770945]]	[[-0.01567102957329999, 0.042944449257243986, 0.06957905789470675], [0.11613806965810952, 0.005517563178071491, 0.07573252520490452], [-0.004693975541568932, 0.1165871537650753, -0.08195045454667353]]	0.7136711489290128	[[0.0, 0.0, -0.831093032380442], [1.0, -1.7938038903913487e-16, 0.0], [-1.6594722281525973e-16, -0.831093032380442, 0.0]]
4	[[0.22433838825039393, -0.7661379269479729, -0.6022499185961573], [-0.9416906372873723, -0.011392912655017143, -0.3362869982418849], [0.2507808429735371, 0.642575192824231, -0.724020780340167]]	0.5421661691220112	0.45783383087798885	[[0.12162868454472245, -0.41537406487246176, -0.3265195312193217], [-0.51055280531616, -0.00617685180931226, -0.18232343356234323], [0.13596488892415126, 0.34838253066635094, -0.3925395728417575]]	0.750640189461078	0.42141475341323603	[[0.20380905270064842, -0.5085733685729296, -0.3614213468440115], [-0.8178910018441147, 0.0513548668406964, -0.203380880495166], [0.16902843269893186, 0.36142134684401145, -0.42396540963701923]]	[[0.03541164244097987, 0.06652055006461428, 0.09065164615392672], [-0.11102016345699811, 0.05990684495457187, 0.04904965557841965], [-0.019217746783932857, -0.12092141764055803, 0.11951368609128127]]	0.7315841223485617	[[-1.6594722281525973e-16, -0.831093032380442, 0.0], [-1.0, 1.7938038903913487e-16, 0.0], [0.0, 0.0, -0.831093032380442]]
4	[[0.8787972042104137, -0.3840163418041313, 0.28327887866788265], [-0.395223040501579, -0.9183905790867732, -0.018907472103605397], [0.2674214316928388, -0.09534250611366366, -0.9588511794847616]]	0.6539325571865425	0.3460674428134576	[[0.5746741029976999, -0.25112078839739693, 0.18524528152422484], [-0.25844921353423805, -0.6005654998782435, -0.012364211582643895], [0.1748755806733844, -0.06234756883148163, -0.6270240037618028]]	0.8265674312553387	0.2828763374367437	[[0.6546856186038417, -0.2673801859426481, 0.16793375658883616], [-0.3173690132911634, -0.8545738011901961, -0.03372088819983132], [0.15884298414104356, -0.05268847916590289, -0.7527046077275898]]	[[-0.07169952907473334, 0.05003521526246486, -0.06621533848056832], [0.009309480069151487, -0.09546205934533901, -0.018092587551622248], [-0.0621988617159312, 0.0261185312019145, 0.03985054865528126]]	0.4885151339792548	[[0.6446289756055191, -0.644628975605519, 0.0], [-0.7071067811865475, -0.7071067811865476, 0.0], [0.0, 0.0, -0.9116430400000002]]
4	[[-0.42203838922340475, -0.825029846081567, 0.3757783270710803], [0.2588054115689476, 0.28760896992378115, 0.9221175843470338], [-0.8688517462515349, 0.4864224845687207, 0.09214016247897017]]	0.6583891050339541	0.34161089496604585	[[-0.277865477370769, -0.5431906619879439, 0.24740835645148504], [0.17039466330082353, 0.18935861230785575, 0.6071121710943154], [-0.5720425236217364, 0.3202552642835924, 0.060664079112212305]]	0.8130678580383466	0.30903931384222405	[[-0.2607633428056237, -0.5703296895748182, 0.31118128518652605], [0.2647578410126924, 0.23590893695110604, 0.8281535415454055], [-0.6642965149621771, 0.3447989328080614, 0.02397612315739634]]	[[0.08238250633020404, 0.10047556019642828, 0.005648005697609582], [0.054331479379595496, 0.0020633278225619944, 0.07840937238086822], [0.04213891331543533, -0.05069555482191905, -0.05094008138868516]]	0.5235725513100564	[[-0.41554651619022087, -0.415546516190221, 0.5876715189931014], [0.5, 0.5000000000000001, 0.7071067811865475], [-0.5876715189931014, 0.5876715189931013, 0.0]]
4	[[-0.30792515101507295, 0.09349718223056193, 0.9468053539599837], [0.3027085282091916, -0.9338174967034747, 0.1906631317268273], [0.9019698710720718, 0.34531602882779927, 0.2592434992682147]]	0.6781286416406012	0.3218713583593992	[[-0.2088128643848284, 0.06340311718323471, 0.642055828578932], [0.2052753230475247, -0.6332483905797539, 0.1292941305288564], [0.6116516034708521, 0.2341686895657221, 0.17580044201291062]]	0.8292696340358358	0.2818453627804998	[[-0.23410281459232174, 0.07294724410523312, 0.7267956893828149], [0.24727479343938658, -0.8484833992132156, 0.11851863910473803], [0.6650671837473319, 0.2521887774415685, 0.16115557048708865]]	[[0.02125016270037722, -0.004587129986486812, -0.058361239998750696], [-0.003752196968176186, -0.074096905465665, -0.03959250636649442], [-0.08290904114795511, -0.03417131941116872, -0.05382719127723326]]	0.4742831239568176	[[0.0, 0.0, 0.9548000000000001], [0.0, -1.0, 0.0], [0.9548000000000001, 0.0, 0.0]]
4	[[0.034229894132735264, 0.2773841392786001, 0.9601491309293217], [-0.1827544195208179, -0.9427759796974285, 0.2788803941677556], [0.9825625356654255, -0.18501754344446375, 0.018422055382213542]]	0.8361248129830783	0.16387518701692194	[[0.02862046383016384, 0.2319277615787916, 0.8028045125341444], [-0.1528055048436749, -0.788278389709451, 0.23317881741816182], [0.8215449163774329, -0.15469775891109078, 0.01540313761121721]]	0.9025676902210826	0.14821378111395775	[[0.009107322138527106, 0.22776904273082244, 0.832993524360079], [-0.16602470153618876, -0.8257502695354023, 0.254651360991299], [0.8648237313981247, -0.15469650155310746, 0.0]]	[[-0.021787474345367947, -0.022588919161826735, -0.03360605901057883], [-0.0010764672315893929, 0.025168868856023936, 0.0029429277793627546], [-0.022005466915188336, 0.012294355283941016, -0.016627151975449336]]	0.3579010520767149	[[0.0, 0.0, 0.9548000000000001], [0.0, -1.0, 0.0], [0.9548000000000001, 0.0, 0.0]]
4	[[-0.5446221603179724, 0.8109226453022452, -0.2139887049042392], [-0.8354447797583356, -0.5021691245819775, 0.22328947644507607], [0.07361197229480154, 0.30038414347728, 0.9509735242804028]]	0.6751938430301015	0.3248061569698984	[[-0.3677255294244479, 0.547529977281759, -0.14448385602932756], [-0.5640871714844674, -0.33906150107756716, 0.15076367970913027], [0.04970235046675242, 0.20281752421973004, 0.642091468478765]]	0.8098142190810586	0.28352603445466656	[[-0.48403285147355196, 0.6221357875408432, -0.11467806247869133], [-0.7353254692667599, -0.40667826237655996, 0.09622287893454486], [0.07543282655784543, 0.11921540015893292, 0.7490753595016876]]	[[-0.04299008202141406, -0.034560901199740854, 0.058613033475502244], [-0.05877040736141614, -1.4564906587143794e-05, -0.08460011406184285], [0.015820804698914226, -0.12403995041545322, -0.021036522430208957]]	0.4085102140688742	[[-0.6446289756055191, 0.644628975605519, 0.0], [-0.7071067811865475, -0.7071067811865476, 0.0], [0.0, 0.0, 0.9116430400000002]]
4	[[0.8489524140446696, -0.5135124485683378, 0.12483895166604869], [0.522794976890395, 0.7815435453534784, -0.34040431673891397], [0.0772347773085365, 0.35425224329800037, 0.9319550081910795]]	0.7543283324078749	0.24567166759212514	[[0.6403888587799554, -0.3873569889992388, 0.0941695582297978], [0.39435906310894514, 0.5895404392706277, -0.2567766205901069], [0.05826038077104192, 0.2672225039387294, 0.7030000672079444]]	0.8795698299866693	0.20124061148301925	[[0.7116849172395632, -0.4546874900967659, 0.053423257597359344], [0.5046839640166745, 0.668855694339504, -0.29476910981151666], [0.023325102783276007, 0.2649543118265898, 0.7954389998725088]]	[[-0.0350280132484794, -0.0030174330134748687, -0.05638131789526116], [0.04484927507530506, -0.018566428974233756, 0.004640257189258231], [-0.04460827716305171, -0.04663527358342854, -0.024280508237343946]]	0.44179411310518385	[[0.6751455546769157, -0.6751455546769156, 0.0], [0.7071067811865475, 0.7071067811865476, 0.0], [0.0, 0.0, 0.9548000000000001]]
4	[[0.3802729664721569, 0.7767473726770865, -0.5020517802076895], [0.4287143634067757, 0.332951791095048, 0.839849450446521], [0.8195098935212374, -0.5346088512602871, -0.20639019011321075]]	0.6588353800239969	0.3411646199760033	[[0.2505372843785362, 0.5117486504603493, -0.33076947540485724], [0.28245219053684895, 0.21936041981577634, 0.5533225318478787], [0.5399221121314898, -0.3522192256842637, -0.13597715933646218]]	0.8126288405252272	0.2966596557516141	[[0.34660086955860936, 0.5306360374893023, -0.41407501123010076], [0.40766625994584105, 0.2969365629705466, 0.7153288916010119], [0.6014428215742849, -0.4174076536435919, -0.07137957113029361]]	[[0.03758008973125187, -0.10057127935029492, -0.006093255196299829], [0.05928060389408205, 0.026370335022180086, 0.03284300646890627], [-0.06451455299683063, 0.01703091729057886, 0.09633904975718605]]	0.40465421945429136	[[0.41554651619022087, 0.415546516190221, -0.5876715189931014], [0.5, 0.5000000000000001, 0.7071067811865475], [0.5876715189931014, -0.5876715189931013, 0.0]]
4	[[0.08740825448676931, -0.06334395238859675, -0.994156597696443], [0.7119981850616444, -0.6940087028176986, 0.10681996481098455], [-0.6967197295301035, -0.717174639895393, -0.015561310176609944]]	0.758394149066619	0.24160585093338105	[[0.0662899087828919, -0.04803968287026625, -0.753962546948959], [0.5399752576968029, -0.5263321396182565, 0.08101163631615281], [-0.5283881664149078, -0.5439010507556256, -0.011801606589751816]]	0.9025434678136158	0.1645867666123596	[[0.053212495648439675, -0.05321249564843969, -0.8337755110540812], [0.6839505698678552, -0.670224670891215, 0.09054802543368506], [-0.6029104715535624, -0.6144060267409318, 0.0]]	[[-0.025677253471584144, 0.003958174805384984, 0.0634940321806521], [0.04134125884531793, -0.043851649557300004, -0.005861636038549349], [0.025909369230701893, 0.032875259778237284, 0.014044758850520849]]	0.18802092243572477	[[0.0, 0.0, -0.8704367745920003], [0.7071067811865475, -0.7071067811865476, 0.0], [-0.6154917459081498, -0.6154917459081497, 0.0]]
4	[[0.8592155572171323, 0.2624339665249735, -0.4391776855101157], [-0.4266000482917053, 0.8413623931712975, -0.33184593135155627], [0.2824199444684594, 0.4724804086637203, 0.8348660002631537]]	0.6551608561107736	0.34483914388922654	[[0.5629244000500719, 0.1719364621810477, -0.2877320284235555], [-0.279491652855691, 0.5512277058095167, -0.21741246448116264], [0.185030492600713, 0.30955066903569106, 0.546971523470185]]	0.7779182248090049	0.3931585247830142	[[0.531067371838407, 0.21050067751949827, -0.28467789419032685], [-0.34034172178652455, 0.7511583749783806, -0.2604151042236292], [0.24145699831711837, 0.33101935637047064, 0.5243677964122553]]	[[-0.13733206916022464, 0.006348512150805098, 0.056966431297429794], [-0.008481769516005485, 0.096647235661509, -0.002266106396535657], [0.021757376465556706, -0.036531764394243826, -0.1250896804658517]]	0.5483661869130075	[[0.5876715189931014, 0.415546516190221, -0.41554651619022087], [-0.7071067811865475, 0.5000000000000001, -0.5], [0.0, 0.5876715189931013, 0.5876715189931014]]
4	[[0.5319609947059123, -0.8460851799387872, 0.03402011756955908], [-0.703274286200726, -0.4190807785627857, 0.5742617690636116], [-0.47161719485230363, -0.3294103357928521, -0.8179645788128509]]	0.6131471797960426	0.3868528202039575	[[0.3261703836654276, -0.5187747419466946, 0.02085933914410493], [-0.43121064520705005, -0.25695819748250187, 0.3521069841660397], [-0.28917075296701067, -0.20197701838705465, -0.5015326746721572]]	0.7569449159631425	0.42022196283358787	[[0.47772271225742663, -0.629699086838881, 0.09378870637086892], [-0.5062676471081539, -0.36591505829619403, 0.34216537306902084], [-0.26838005557058403, -0.10977990827980266, -0.5658220304483097]]	[[0.0750575418240901, 0.010740788587544455, 0.06803735133612286], [0.02607224835909358, -0.048693993585217775, -0.09251915345568018], [0.08860818235366602, 0.13956557066430833, 0.053332098922010976]]	0.6746246727335867	[[0.6446289756055191, -0.644628975605519, 0.0], [-0.7071067811865475, -0.7071067811865476, 0.0], [0.0, 0.0, -0.9116430400000002]]
4	[[-0.8305561570912853, 0.32773595720904825, 0.4502950280316503], [-0.5100865793185324, -0.772219296347621, -0.37879947194723407], [0.22358030216652452, -0.5443036842615101, 0.808545204538665]]	0.6016633388056633	0.39833666119433675	[[-0.4997151905411437, 0.19718671026106596, 0.27092601001311245], [-0.306900394392748, -0.46461604013066954, -0.22790975502959498], [0.13452007109269024, -0.3274875719970036, 0.4864720073380411]]	0.7681155005879724	0.38704667818122834	[[-0.6040932350282032, 0.2397513365387936, 0.19711051241592004], [-0.568154836549041, -0.6245459168245556, -0.303578747945477], [0.17672256829534014, -0.2687350052468627, 0.5836428433983434]]	[[0.03386982334239207, -0.011987732293512859, -0.148768078452886], [-0.17634942833257994, -0.03139230544681104, -0.012617001928267731], [0.004987072575090002, 0.14935309166154476, -0.03741326113387779]]	0.6809755306002896	[[-0.6446289756055191, 0.644628975605519, 0.0], [-0.7071067811865475, -0.7071067811865476, 0.0], [0.0, 0.0, 0.9116430400000002]]
4	[[0.04673222253661188, -0.9725397674033924, -0.22799671093185395], [-0.8377629715199755, -0.16246744520517667, 0.5213036857710898], [-0.5440306084466285, 0.16664552219444034, -0.8223502702654952]]	0.5871980986098014	0.4128019013901985	[[0.027441072217308564, -0.5710735022416906, -0.1338792351484731], [-0.4919328239622268, -0.09540057491047178, 0.3061085330830653], [-0.31945373886539363, 0.09785393377441282, -0.4828825150911551]]	0.7577632064247618	0.3975863083376254	[[-0.00945401861002121, -0.8000460436662409, -0.12496006068774078], [-0.6872313028494953, -0.14652154775009074, 0.2717519887718936], [-0.27043569577065474, 0.027913488669916418, -0.5822437145696772]]	[[-0.04486597740271986, -0.06309119114305418, 0.047807458042280385], [-0.05240534732658245, -0.023409695531776714, -0.12327276367905385], [0.14181068247907663, -0.09836435656447148, 0.040903063030973894]]	0.6467962801606141	[[1.7380312402100933e-16, -0.8704367745920003, 0.0], [-1.0, -1.7938038903913487e-16, 0.0], [0.0, 0.0, -0.8704367745920003]]
