4	[[0.034229894132735264, 0.2773841392786001, 0.9601491309293217], [-0.1827544195208179, -0.9427759796974285, 0.2788803941677556], [0.9825625356654255, -0.18501754344446375, 0.018422055382213542]]	0.801478519736253	0.19852148026374702	[[0.02743452488023331, 0.22231742934732704, 0.7695389041832825], [-0.1464737416328033, -0.7556146966507907, 0.22351664550103553], [0.7875027666334246, -0.14828758684510668, 0.014764881678235779]]	0.8875775921287076	0.1724496508836793	[[0.009163799043714579, 0.21997533919704085, 0.8086989129223922], [-0.1670938032989742, -0.8248042939624424, 0.25586604628642756], [0.8393044471061061, -0.14988281333381345, 0.0]]	[[-0.02121788796943916, -0.026224607238553126, -0.0435079407923264], [-0.004885075669806983, 0.0119825400141843, 0.0083380575391061], [-0.03279604241568964, 0.014334612378192184, -0.016351003558206796]]	0.3659945276346511	[[0.0, 0.0, 0.937], [0.0, -1.0, 0.0], [0.937, 0.0, 0.0]]
4	[[0.22433838825039393, -0.7661379269479729, -0.6022499185961573], [-0.9416906372873723, -0.011392912655017143, -0.3362869982418849], [0.2507808429735371, 0.642575192824231, -0.724020780340167]]	0.5052207697749803	0.49477923022501974	[[0.11334041320194238, -0.3870687932064625, -0.3042691674700698], [-0.47576166866021796, -0.00575593610154683, -0.16989917611708255], [0.1266996905319089, 0.32464233355696437, -0.36579033597654104]]	0.723891084548204	0.45664013423081085	[[0.19987783145688698, -0.4680363131791631, -0.34443838706717755], [-0.8137539261518159, 0.04369635239420806, -0.20434569563609914], [0.1575157036688273, 0.3444383870671775, -0.3933127181175021]]	[[0.03748127228051322, 0.08656410167271773, 0.09152495967446234], [-0.13207246941697054, 0.0519435802922114, 0.039089464240678905], [-0.024022312735199322, -0.12071606617012644, 0.13079946979837825]]	0.7314051619041538	[[-1.6426276164173307e-16, -0.8226569530000002, 0.0], [-1.0, 1.7938038903913487e-16, 0.0], [0.0, 0.0, -0.8226569530000002]]
4	[[0.8787972042104137, -0.3840163418041313, 0.28327887866788265], [-0.395223040501579, -0.9183905790867732, -0.018907472103605397], [0.2674214316928388, -0.09534250611366366, -0.9588511794847616]]	0.6218353638946331	0.378164636105367	[[0.546467179269769, -0.23879494164725784, 0.17615282460010642], [-0.24576366320984272, -0.5710877399438263, -0.011757334795873065], [0.16629210328994018, -0.059287341983816313, -0.5962475721157049]]	0.810485530972803	0.29948731327777445	[[0.6403852955414042, -0.26545308895701225, 0.15714135337023652], [-0.3216155131285955, -0.853535620475086, -0.03198077832501215], [0.15013478122905433, -0.044993493454220206, -0.7387092220951296]]	[[-0.07186712313048775, 0.04578659973234246, -0.07245207902028256], [-0.0012929572949876324, -0.10919334434352251, -0.016656545757768065], [-0.06660641983002327, 0.03228022823759019, 0.03842578523347595]]	0.49882512954910324	[[0.620817833571572, -0.6208178335715719, 0.0], [-0.7071067811865475, -0.7071067811865476, 0.0], [0.0, 0.0, -0.8779690000000001]]
4	[[0.3802729664721569, 0.7767473726770865, -0.5020517802076895], [0.4287143634067757, 0.332951791095048, 0.839849450446521], [0.8195098935212374, -0.5346088512602871, -0.20639019011321075]]	0.6072703738479617	0.39272962615203855	[[0.23092850651382013, 0.4716956673910364, -0.3048811722577583], [0.26034553174002356, 0.20219175865163816, 0.5100156897486641], [0.4976640794107452, -0.324652116967264, -0.1253346479086014]]	0.7823612427943032	0.3350302613004573	[[0.34110341207497435, 0.48457628733865876, -0.38919801449030816], [0.40460029596581143, 0.3094474463113312, 0.7235770331380621], [0.5567991204293826, -0.41332624516569827, -0.05907258598065593]]	[[0.043592581424741324, -0.12312075248619653, 0.003587840220072122], [0.0691907938071178, 0.04895886923962027, 0.06651137332660938], [-0.08435365834811978, 0.004931000115134752, 0.10239909965686815]]	0.4308817479827374	[[0.3854147824805, 0.3854147824805001, -0.5450588125229996], [0.5, 0.5000000000000001, 0.7071067811865475], [0.5450588125229996, -0.5450588125229995, 0.0]]
4	[[0.8489524140446696, -0.5135124485683378, 0.12483895166604869], [0.522794976890395, 0.7815435453534784, -0.34040431673891397], [0.0772347773085365, 0.35425224329800037, 0.9319550081910795]]	0.7113072207859943	0.2886927792140057	[[0.6038659822136746, -0.36526511263015504, 0.08879884775541415], [0.3718678420527849, 0.5559175671686155, -0.2421320484831122], [0.05493765479536027, 0.2519821786375045, 0.6629063267739853]]	0.8614410839649367	0.23209342255005516	[[0.6846227320926193, -0.42926584224366326, 0.054113931479220036], [0.4949475426219133, 0.6660920114899372, -0.3111776518237999], [0.022212388936471244, 0.26345602960901626, 0.7587768446395229]]	[[-0.04669975569667055, 0.0130948780805345, -0.05342747036502728], [0.0445904710380275, -0.007161707385163016, -0.017939388225886206], [-0.04432082134798494, -0.041711406854623684, -0.04404748782315181]]	0.4481760265732404	[[0.6625590539717952, -0.662559053971795, 0.0], [0.7071067811865475, 0.7071067811865476, 0.0], [0.0, 0.0, 0.937]]
4	[[-0.5446221603179724, 0.8109226453022452, -0.2139887049042392], [-0.8354447797583356, -0.5021691245819775, 0.22328947644507607], [0.07361197229480154, 0.30038414347728, 0.9509735242804028]]	0.6391688635436252	0.3608311364563748	[[-0.3481055272711125, 0.5183165056196264, -0.13677491732481475], [-0.5339902904315895, -0.32097086866575975, 0.14271968090065035], [0.047050480674873135, 0.19199619161289833, 0.6078326667743812]]	0.7888857921352409	0.3090641796290546	[[-0.46478586973478164, 0.6050236682495798, -0.10113692404445476], [-0.734066703221909, -0.40290750798204455, 0.0990435425899819], [0.07276767788177417, 0.10471493700951262, 0.7262586627078007]]	[[-0.035141185377931865, -0.03470168515008702, 0.06767572493192033], [-0.07499618635700246, -0.0067534203503307995, -0.07710635291085517], [0.014696238807352272, -0.13225384596242726, -0.023950839293786705]]	0.4218383281465264	[[-0.620817833571572, 0.6208178335715719, 0.0], [-0.7071067811865475, -0.7071067811865476, 0.0], [0.0, 0.0, 0.8779690000000001]]
4	[[0.8592155572171323, 0.2624339665249735, -0.4391776855101157], [-0.4266000482917053, 0.8413623931712975, -0.33184593135155627], [0.2824199444684594, 0.4724804086637203, 0.8348660002631537]]	0.6042589182113167	0.3957410817886833	[[0.5191886631143582, 0.15857806471428543, -0.2653770331488924], [-0.2577768836896413, 0.5084007295213727, -0.2005208634913183], [0.1706547701258114, 0.2855005006151804, 0.5044752261704222]]	0.7604471247080421	0.4257740957555882	[[0.49128060934470497, 0.19875676166132378, -0.2912433537410669], [-0.35475762005065736, 0.7489063697106951, -0.25143602761927847], [0.2426388933427781, 0.3241871438410743, 0.48793010431050043]]	[[-0.1621073906454815, -0.0008103936083189217, 0.04272805444103333], [-0.030350839926918134, 0.10909475698610467, 0.0009152567230748029], [0.02787345861153323, -0.035109224408132474, -0.14694134510611834]]	0.5772100865107376	[[0.5450588125229996, 0.3854147824805001, -0.3854147824805], [-0.7071067811865475, 0.5000000000000001, -0.5], [0.0, 0.5450588125229995, 0.5450588125229996]]
4	[[0.08740825448676931, -0.06334395238859675, -0.994156597696443], [0.7119981850616444, -0.6940087028176986, 0.10681996481098455], [-0.6967197295301035, -0.717174639895393, -0.015561310176609944]]	0.6911776026472186	0.30882239735278155	[[0.0604146277877432, -0.04378192115414986, -0.6871387738517427], [0.49211719864007797, -0.4796832714298428, 0.07383156719291656], [-0.4815570723736356, -0.49569504828228, -0.010755629061919025]]	0.872982317307533	0.21142651887492406	[[0.05029504787979133, -0.05029504787979135, -0.7865484116019293], [0.6785860450164303, -0.66534768680892, 0.09227453391127231], [-0.564921037951469, -0.5756947883396272, 0.0]]	[[-0.026010812673875092, 0.005003102463823881, 0.08133271882168439], [0.05702421950255811, -0.0594903611915305, -0.0009774065041300798], [0.04330296604759839, 0.0503859907104485, 0.01358474861831824]]	0.22491363154512248	[[0.0, 0.0, -0.8226569530000002], [0.7071067811865475, -0.7071067811865476, 0.0], [-0.581706310056563, -0.581706310056563, 0.0]]
4	[[-0.30792515101507295, 0.09349718223056193, 0.9468053539599837], [0.3027085282091916, -0.9338174967034747, 0.1906631317268273], [0.9019698710720718, 0.34531602882779927, 0.2592434992682147]]	0.6428270002791414	0.3571729997208586	[[-0.19794260113752096, 0.06010251318782438, 0.6086320455343271], [0.19458921514762853, -0.6002831002140716, 0.1225634090317832], [0.5798105865634239, 0.22197846695967977, 0.16664872097645422]]	0.8141362796193147	0.2948726455571447	[[-0.2143267288344373, 0.07021681661147013, 0.7183849256039901], [0.2513035523194636, -0.8459076191837014, 0.12070836330560432], [0.6580344967124407, 0.24500039828361714, 0.14410991222296718]]	[[0.03636630801418979, -0.005902631484608652, -0.05244366279263928], [0.004857557354194065, -0.08565291657411273, -0.03451740941904219], [-0.07629189845088874, -0.03613390871916337, -0.06694962578674965]]	0.47826339302000687	[[0.0, 0.0, 0.937], [0.0, -1.0, 0.0], [0.937, 0.0, 0.0]]
4	[[-0.8305561570912853, 0.32773595720904825, 0.4502950280316503], [-0.5100865793185324, -0.772219296347621, -0.37879947194723407], [0.22358030216652452, -0.5443036842615101, 0.808545204538665]]	0.5676174290567583	0.43238257094324156	[[-0.4714381505754165, 0.18602864144045567, 0.2555953061283663], [-0.2895340327491416, -0.4383251316608557, -0.2150131823947466], [0.12690807630349588, -0.30895625788663994, 0.4589443502764079]]	0.7490342885115077	0.3975044569022637	[[-0.5399218702317021, 0.21942327975637899, 0.23340508159394227], [-0.4562159850000527, -0.6760340443954942, -0.25760757937988144], [0.13871870238335496, -0.35271025654904264, 0.5267517488168181]]	[[0.08219316996402057, -0.026062189771338416, -0.10388133434801432], [-0.07414364698092699, -0.09761531318089686, 0.02612621357864983], [-0.028750610175135635, 0.05499186632596984, -0.07887633319419235]]	0.6829600921243191	[[-0.620817833571572, 0.6208178335715719, 0.0], [-0.7071067811865475, -0.7071067811865476, 0.0], [0.0, 0.0, 0.8779690000000001]]
4	[[-0.3195682178843842, -0.5708200961323295, -0.7563336379995778], [0.910087742671785, 0.03735879733279218, -0.41272826520656647], [0.2638493031197415, -0.8202248094963509, 0.507557688474819]]	0.5520236259506314	0.44797637404936863	[[-0.17640920637511914, -0.31510617923245654, -0.417514037276959], [0.5023899356429039, 0.020622938764802652, -0.22783575349164267], [0.1456510490127069, -0.4527834734328415, 0.2801838355709906]]	0.7117961242603468	0.46275452981517257	[[-0.24133617262944249, -0.3932481317801756, -0.41609530856230825], [0.7875956334850588, 0.015950295850201995, -0.21901119537995814], [0.1688203044563217, -0.41609530856230825, 0.32439254311818344]]	[[-0.013868753702551771, 0.013059400296735201, 0.12226004361351925], [0.1397987055144345, -0.010641551298307267, 0.07476718416677237], [-0.0189866068931036, 0.16773753185937557, -0.03688505237673314]]	0.7207351714077357	[[0.0, 0.0, -0.7708295649610002], [1.0, -1.7938038903913487e-16, 0.0], [-1.5391420765830388e-16, -0.7708295649610002, 0.0]]
4	[[-0.42203838922340475, -0.825029846081567, 0.3757783270710803], [0.2588054115689476, 0.28760896992378115, 0.9221175843470338], [-0.8688517462515349, 0.4864224845687207, 0.09214016247897017]]	0.5987727781048829	0.40122722189511706	[[-0.2527050987822079, -0.4940054129577039, 0.22500583285195605], [0.1549656352737164, 0.17221242192914615, 0.5521389077188372], [-0.5202447738643105, 0.29125654241789245, 0.055171021062568236]]	0.7820132192129357	0.357892066475593	[[-0.2458654583574737, -0.5249641066035264, 0.2936289580706695], [0.2693552982947866, 0.23883204343877257, 0.8257994422371855], [-0.6130223975428712, 0.3241780384663617, 0.023528227261855113]]	[[0.08417414103056299, 0.12022013927747284, -0.00023466119263750073], [0.06696604524402511, 0.013918026994159996, 0.10469130160910589], [0.06643115356207228, -0.05621077458877822, -0.0485265978171273]]	0.5478570917165204	[[-0.3854147824805, -0.3854147824805001, 0.5450588125229996], [0.5, 0.5000000000000001, 0.7071067811865475], [-0.5450588125229996, 0.5450588125229995, 0.0]]
4	[[0.04673222253661188, -0.9725397674033924, -0.22799671093185395], [-0.8377629715199755, -0.16246744520517667, 0.5213036857710898], [-0.5440306084466285, 0.16664552219444034, -0.8223502702654952]]	0.5610944072089288	0.43890559279107105	[[0.026221188701736012, -0.545686624278316, -0.1279276793658941], [-0.47006411788659136, -0.09115957485814782, 0.2925005825435593], [-0.30525253174987393, 0.0935038704897119, -0.4614161374127204]]	0.7323980878419105	0.43106450291828086	[[-0.011090085966197524, -0.7558611417154231, -0.1220839469350594], [-0.6798072778810192, -0.14670408017352043, 0.2758094952748439], [-0.2605739911329223, 0.021558979372222314, -0.5449612492143869]]	[[-0.04531667639261483, -0.043574875718962146, 0.04490040818567527], [-0.06623127947503216, -0.027713233968688557, -0.10599232736884243], [0.13787298622085953, -0.10049188243040245, 0.05732651626434006]]	0.6643481066609296	[[1.6426276164173307e-16, -0.8226569530000002, 0.0], [-1.0, -1.7938038903913487e-16, 0.0], [0.0, 0.0, -0.8226569530000002]]
4	[[0.5319609947059123, -0.8460851799387872, 0.03402011756955908], [-0.703274286200726, -0.4190807785627857, 0.5742617690636116], [-0.47161719485230363, -0.3294103357928521, -0.8179645788128509]]	0.5832358211974348	0.4167641788025652	[[0.31025870759230695, -0.4934671847245779, 0.01984175120791508], [-0.41017475583932017, -0.24442292203312668, 0.3349300344621071], [-0.275064041930514, -0.19212390770706683, -0.4770662428343269]]	0.7357941527448376	0.44850373242946245	[[0.45621615386253533, -0.5974627231615225, 0.09294176232922371], [-0.5100717133577195, -0.35562968382124843, 0.3426216484210637], [-0.2517118778410763, -0.10533278068677665, -0.5398542914793114]]	[[0.06480236446959757, 0.025081804961501118, 0.0679099587458502], [0.007393394204573914, -0.047272497426996664, -0.07991680340084804], [0.09530129646517145, 0.13704541824331745, 0.06199926276357806]]	0.687281739298372	[[0.620817833571572, -0.6208178335715719, 0.0], [-0.7071067811865475, -0.7071067811865476, 0.0], [0.0, 0.0, -0.8779690000000001]]
