4	[[0.8489524140446696, -0.5135124485683378, 0.12483895166604869], [0.522794976890395, 0.7815435453534784, -0.34040431673891397], [0.0772347773085365, 0.35425224329800037, 0.9319550081910795]]	0.7371978517515898	0.26280214824841036	[[0.6258458958730567, -0.37856027393227726, 0.09203100698313162], [0.38540333387012116, 0.5761522226849053, -0.2509453310268952], [0.056937311912365555, 0.2611539927374674, 0.687035229967599]]	0.8739050010412075	0.21139787048477499	[[0.7008438617796195, -0.44903912157443204, 0.05268987925770164], [0.5026018797418543, 0.6660637869515271, -0.3035914547672801], [0.027609728899831692, 0.26474480174519865, 0.7814841420299106]]	[[-0.041059898500023104, -0.000278024673645837, -0.05640750492799988], [0.045728734918115674, -0.016931025864353293, -0.006110419993127993], [-0.03988612924440232, -0.04483800530299044, -0.03295600037367348]]	0.44391159741280317	[[0.6709029139897964, -0.6709029139897963, 0.0], [0.7071067811865475, 0.7071067811865476, 0.0], [0.0, 0.0, 0.9488000000000001]]
4	[[0.8787972042104137, -0.3840163418041313, 0.28327887866788265], [-0.395223040501579, -0.9183905790867732, -0.018907472103605397], [0.2674214316928388, -0.09534250611366366, -0.9588511794847616]]	0.6430232639391074	0.35697673606089264	[[0.5650870465919426, -0.24693144151284838, 0.18215490916603228], [-0.25413760948726344, -0.590546507735304, -0.012157944424897945], [0.17195820185439825, -0.06130744947334231, -0.6165636150641542]]	0.8212971673792349	0.28850510551076225	[[0.6506692231570674, -0.26535807317078325, 0.16409675391329812], [-0.3171261492812413, -0.8545793905176983, -0.033950258379492844], [0.15576042198703394, -0.05068843608358992, -0.7479246301945575]]	[[-0.07108443136173637, 0.05003346058028586, -0.06855938671499988], [0.007469414365714194, -0.10030780936595632, -0.01842160509849982], [-0.06387204235879411, 0.027616094118399413, 0.0395771274545156]]	0.4918624068391739	[[0.6365526847935189, -0.6365526847935188, 0.0], [-0.7071067811865475, -0.7071067811865476, 0.0], [0.0, 0.0, -0.9002214400000002]]
4	[[0.3802729664721569, 0.7767473726770865, -0.5020517802076895], [0.4287143634067757, 0.332951791095048, 0.839849450446521], [0.8195098935212374, -0.5346088512602871, -0.20639019011321075]]	0.6408566083054854	0.3591433916945148	[[0.243700443523612, 0.4977836867640345, -0.3217432010576309], [0.2747444328647115, 0.21337435557040904, 0.5382230703003832], [0.5251883308348096, -0.3426076151887593, -0.13226651722347657]]	0.8024222622064927	0.3091982574300167	[[0.3448740510973022, 0.5149030859548163, -0.40570886393983113], [0.40674658493901333, 0.3012493922327115, 0.7180349989804278], [0.5862470436482903, -0.4162180087907761, -0.06715452125537565]]	[[0.0397345570847402, -0.10837629799168122, -0.0028513387207801354], [0.0627366356137319, 0.03408146281651956, 0.044121103040250687], [-0.07134593901162327, 0.012764035033117871, 0.098457561992495]]	0.41303458471443266	[[0.40519932051783686, 0.40519932051783697, -0.5730383745406878], [0.5, 0.5000000000000001, 0.7071067811865475], [0.5730383745406878, -0.5730383745406877, 0.0]]
4	[[-0.8305561570912853, 0.32773595720904825, 0.4502950280316503], [-0.5100865793185324, -0.772219296347621, -0.37879947194723407], [0.22358030216652452, -0.5443036842615101, 0.808545204538665]]	0.5899374284545609	0.41006257154543907	[[-0.4899761635015353, 0.1933437078079999, 0.2656458908828662], [-0.3009191648923584, -0.45556106589030615, -0.22346798638049684], [0.1318983885132132, -0.3211051157915785, 0.47699107875480695]]	0.7602474005066777	0.39644642045063777	[[-0.5935069415444743, 0.2353452492164837, 0.1962910947334508], [-0.5700252766083351, -0.6230233978893287, -0.3028598292863691], [0.17496437161002334, -0.26322918786310245, 0.573123218025966]]	[[0.03792121785899122, -0.013815160304262981, -0.14604452978869298], [-0.1822332806480775, -0.035945685219954004, -0.014878515425182218], [0.004988028083425581, 0.15057627318291805, -0.041571171916694225]]	0.6814965232158976	[[-0.6365526847935189, 0.6365526847935188, 0.0], [-0.7071067811865475, -0.7071067811865476, 0.0], [0.0, 0.0, 0.9002214400000002]]
4	[[-0.5446221603179724, 0.8109226453022452, -0.2139887049042392], [-0.8354447797583356, -0.5021691245819775, 0.22328947644507607], [0.07361197229480154, 0.30038414347728, 0.9509735242804028]]	0.6630849976653247	0.3369150023346753	[[-0.36113078390292674, 0.5377106403669982, -0.14189269989183328], [-0.5539708998355637, -0.3329808128010386, 0.1480599019672748], [0.048810994477238426, 0.19918021907633274, 0.6305762771272565]]	0.8028912580901593	0.29240292051768013	[[-0.4782352459676845, 0.6163198305966523, -0.11023230353658416], [-0.7349920766820802, -0.4061446628924448, 0.09677729566242034], [0.07468971411064304, 0.11397077831387417, 0.7412701683260006]]	[[-0.04096287448620733, -0.03476287230386735, 0.06157735696106431], [-0.06422076639705408, -0.0029574626827869738, -0.08249987299885982], [0.015587305064371896, -0.1272050245529341, -0.022258160993924764]]	0.4128839681305445	[[-0.6365526847935189, 0.6365526847935188, 0.0], [-0.7071067811865475, -0.7071067811865476, 0.0], [0.0, 0.0, 0.9002214400000002]]
4	[[-0.42203838922340475, -0.825029846081567, 0.3757783270710803], [0.2588054115689476, 0.28760896992378115, 0.9221175843470338], [-0.8688517462515349, 0.4864224845687207, 0.09214016247897017]]	0.6379735619549595	0.3620264380450406	[[-0.2692493344545892, -0.5263472296238092, 0.23973663782701288], [0.16511101027186081, 0.18348691899247158, 0.5882866398271798], [-0.5543044433668785, 0.31032468509528804, 0.05878298765581731]]	0.8029494646300113	0.325977553867656	[[-0.2567159315382912, -0.5536827094973827, 0.30558702238722224], [0.26663748534481824, 0.23667864232486877, 0.8268454854583892], [-0.6457958520915925, 0.3387725463883262, 0.02427860567036822]]	[[0.08215956714195394, 0.10877456371759217, 0.0038560158459370756], [0.058829818682182046, 0.005743173901779627, 0.08643166478101894], [0.05184819240392786, -0.051800127180128004, -0.049705288463043146]]	0.5315173134835319	[[-0.40519932051783686, -0.40519932051783697, 0.5730383745406878], [0.5, 0.5000000000000001, 0.7071067811865475], [-0.5730383745406878, 0.5730383745406877, 0.0]]
4	[[0.5319609947059123, -0.8460851799387872, 0.03402011756955908], [-0.703274286200726, -0.4190807785627857, 0.5742617690636116], [-0.47161719485230363, -0.3294103357928521, -0.8179645788128509]]	0.6028622892986021	0.3971377107013981	[[0.3206992230859678, -0.5100728485195168, 0.020509445960191955], [-0.4239775461838099, -0.2526479975654015, 0.346200764754354], [-0.28432022176124466, -0.19858906915470004, -0.49311999854828203]]	0.750040533536865	0.42974065313993387	[[0.4694881620428921, -0.6181594432859231, 0.09291550989674095], [-0.5047635605584955, -0.36213815394850135, 0.3452339046232794], [-0.26395814858926236, -0.10873444845362372, -0.5552220776810516]]	[[0.07049585375286829, 0.016438736492999224, 0.067399042763882], [0.022720660286254746, -0.04781058320022465, -0.08548569903501581], [0.08977386386291905, 0.13833665555700494, 0.05828451142599614]]	0.6788696380047481	[[0.6365526847935189, -0.6365526847935188, 0.0], [-0.7071067811865475, -0.7071067811865476, 0.0], [0.0, 0.0, -0.9002214400000002]]
4	[[-0.30792515101507295, 0.09349718223056193, 0.9468053539599837], [0.3027085282091916, -0.9338174967034747, 0.1906631317268273], [0.9019698710720718, 0.34531602882779927, 0.2592434992682147]]	0.6662731623382852	0.3337268376617149	[[-0.2051622641303066, 0.062294663274475415, 0.6308309973017376], [0.20168656835670612, -0.6221775365754454, 0.12703372771695423], [0.6009583183330447, 0.23007480253319626, 0.17272698607307632]]	0.8241762942363146	0.28632405538180744	[[-0.22769095858907668, 0.07188765973716539, 0.7236583754974504], [0.24852713407105373, -0.8477541123126549, 0.11902695279926594], [0.6623702896166344, 0.2496270315129145, 0.1558032988519113]]	[[0.02609365127668369, -0.005170501435156551, -0.05667615249239108], [-0.0009580589421266956, -0.07812386838655346, -0.03811308055484088], [-0.08101189623635213, -0.03497425346678148, -0.05785904767982064]]	0.4755749239094726	[[0.0, 0.0, 0.9488000000000001], [0.0, -1.0, 0.0], [0.9488000000000001, 0.0, 0.0]]
4	[[0.04673222253661188, -0.9725397674033924, -0.22799671093185395], [-0.8377629715199755, -0.16246744520517667, 0.5213036857710898], [-0.5440306084466285, 0.16664552219444034, -0.8223502702654952]]	0.5790843180525997	0.42091568194740026	[[0.027061897218696184, -0.5631825279858275, -0.1320293198682083], [-0.4851353990523646, -0.09408234971238776, 0.3018787893730582], [-0.31503959389205677, 0.09650180857648687, -0.47621014545706536]]	0.7491130823360992	0.4096967446426977	[[-0.008299392502208564, -0.7882648744902243, -0.12119948124277316], [-0.6863228035265959, -0.1430201054883075, 0.2697778757575692], [-0.26515753919880963, 0.021224063538713325, -0.5735135568467892]]	[[-0.043307111771026516, -0.059722611636236295, 0.04959583764588053], [-0.05874360166421745, -0.021313616831386224, -0.12073753512358104], [0.1423829067798277, -0.10361227724987271, 0.04251978887172003]]	0.6526397378271735	[[1.705471143091823e-16, -0.8541301022720003, 0.0], [-1.0, -1.7938038903913487e-16, 0.0], [0.0, 0.0, -0.8541301022720003]]
4	[[0.034229894132735264, 0.2773841392786001, 0.9601491309293217], [-0.1827544195208179, -0.9427759796974285, 0.2788803941677556], [0.9825625356654255, -0.18501754344446375, 0.018422055382213542]]	0.8248906466621903	0.1751093533378099	[[0.028235919506330306, 0.22881158202335955, 0.7920180375044283], [-0.15075241129890068, -0.7776870875501918, 0.23004582868644644], [0.8105066454310941, -0.15261924105575364, 0.015196181177080815]]	0.8975766390903845	0.15629058961104364	[[0.009127354895375637, 0.22512494945249378, 0.824780827349217], [-0.16637908214878996, -0.82543803648299, 0.2550507776484531], [0.8561945648332303, -0.15306615256001785, 0.0]]	[[-0.02159659843670455, -0.023848574018171254, -0.037026602615877195], [-0.002342984496380072, 0.020775658788972716, 0.004734250743157317], [-0.025730613625468367, 0.013001272257623143, -0.016535206555104157]]	0.36060293178842795	[[0.0, 0.0, 0.9488000000000001], [0.0, -1.0, 0.0], [0.9488000000000001, 0.0, 0.0]]
4	[[0.08740825448676931, -0.06334395238859675, -0.994156597696443], [0.7119981850616444, -0.6940087028176986, 0.10681996481098455], [-0.6967197295301035, -0.717174639895393, -0.015561310176609944]]	0.7346157098587586	0.26538429014124154	[[0.06421147691731308, -0.0465334625492084, -0.7303230547275407], [0.5230450521372075, -0.5098296958685797, 0.07847162427670902], [-0.5118212586813592, -0.5268477571794536, -0.011431582921722637]]	0.8891552443952075	0.1795995931206049	[[0.05014020560865947, -0.050140205608659484, -0.819347227993412], [0.681478957876355, -0.6690159674660859, 0.08749886191976022], [-0.589489718970086, -0.6001347342438241, 0.0]]	[[-0.027579302271682385, 0.006182401858381644, 0.06461232459847693], [0.04840203762892446, -0.05193448969981432, -0.0074806699980381995], [0.030002282415216134, 0.03754485796640883, 0.013836420553193243]]	0.2002554825097491	[[0.0, 0.0, -0.8541301022720003], [0.7071067811865475, -0.7071067811865476, 0.0], [-0.6039611873320908, -0.6039611873320907, 0.0]]
4	[[0.8592155572171323, 0.2624339665249735, -0.4391776855101157], [-0.4266000482917053, 0.8413623931712975, -0.33184593135155627], [0.2824199444684594, 0.4724804086637203, 0.8348660002631537]]	0.6375742938144902	0.3624257061855098	[[0.5478137521271368, 0.16732115088009558, -0.28000840269819427], [-0.27198922453081137, 0.5364310336682594, -0.21157643533668033], [0.18006369665360553, 0.3012413628949532, 0.5322891005475083]]	0.7720156830930995	0.4067754339470239	[[0.510407979533976, 0.20787201728932683, -0.2935214428359719], [-0.3558494898682375, 0.7488584808471813, -0.25045977174547995], [0.24513677784391852, 0.33073614489068276, 0.5079006565444092]]	[[-0.15291990579522652, 0.00526887935571776, 0.0455306180423665], [-0.026507562178767444, 0.0993135181541969, 0.005730491628557623], [0.02710415149598557, -0.034026140551946096, -0.13662898893995326]]	0.5580401199543124	[[0.5730383745406878, 0.40519932051783697, -0.40519932051783686], [-0.7071067811865475, 0.5000000000000001, -0.5], [0.0, 0.5730383745406877, 0.5730383745406878]]
4	[[0.22433838825039393, -0.7661379269479729, -0.6022499185961573], [-0.9416906372873723, -0.011392912655017143, -0.3362869982418849], [0.2507808429735371, 0.642575192824231, -0.724020780340167]]	0.5292230180130254	0.47077698198697476	[[0.1187250388860514, -0.40545782591364904, -0.3187245195175572], [-0.49836436109983245, -0.006029391619246968, -0.17797082012811125], [0.13271899457830594, 0.34006558284674127, -0.3831684624757689]]	0.7407612703777269	0.4345727093943684	[[0.20620155731625253, -0.4847684941548733, -0.3642610734496833], [-0.8142825113901261, 0.046194906573758604, -0.20485204542528287], [0.16601181922602745, 0.3642610734496832, -0.40416815655169075]]	[[0.04002036784139894, 0.08275680989566524, 0.0818623413344889], [-0.11671455861032065, 0.05463433502539161, 0.0442563386038882], [-0.019756916601447187, -0.11173374270000695, 0.13215839647296462]]	0.7313013361733087	[[1.618151020565522e-16, -0.8103986410356739, 0.0], [-1.0, -1.7938038903913487e-16, 0.0], [0.0, 0.0, -0.8103986410356739]]
4	[[-0.3195682178843842, -0.5708200961323295, -0.7563336379995778], [0.910087742671785, 0.03735879733279218, -0.41272826520656647], [0.2638493031197415, -0.8202248094963509, 0.507557688474819]]	0.5821406726407001	0.4178593273592998	[[-0.18603365731380525, -0.33229759471930337, -0.44029257276586203], [0.5297990906810095, 0.021748075408359206, -0.24026590992517988], [0.15359741079390632, -0.47748622231679577, 0.29546997417269005]]	0.7271890801345638	0.4281422386955985	[[-0.24292996095020497, -0.36868319541972994, -0.47676291955505656], [0.7881930056800815, 0.03324182793896577, -0.225576210290311], [0.18280665426924542, -0.47676291955505656, 0.28650142568282577]]	[[-0.010543442546617753, 0.04641094520906208, 0.07323464293668466], [0.12638713724484438, 0.006074918471599029, 0.07455527723078641], [-0.00906167776054501, 0.1196956051661428, -0.08258898291440338]]	0.7156419167021066	[[0.0, 0.0, -0.8103986410356739], [1.0, -1.7938038903913487e-16, 0.0], [-1.618151020565522e-16, -0.8103986410356739, 0.0]]
