4	[[-0.30792515101507295, 0.09349718223056193, 0.9468053539599837], [0.3027085282091916, -0.9338174967034747, 0.1906631317268273], [0.9019698710720718, 0.34531602882779927, 0.2592434992682147]]	0.6918947190486641	0.3081052809513361	[[-0.2130517858495914, 0.06469020663125638, 0.6550896243719139], [0.20944243207893315, -0.6461033945243775, 0.13191881395907157], [0.6240681905357708, 0.23892233674881053, 0.17936920809137394]]	0.8351753067882659	0.27621484603935154	[[-0.24092401161207427, 0.07450751794222989, 0.7312337941954895], [0.24602791526547213, -0.8490366962967455, 0.11842973995557318], [0.6690505429084111, 0.25549319098237677, 0.16641649366984443]]	[[0.0162474708547624, -0.0035790199110180467, -0.05951465776681245], [-0.006786772649063903, -0.0691353820031707, -0.04080739957759135], [-0.08425242087797916, -0.032906229332786086, -0.05009727536435035]]	0.47284142579082317	[[0.0, 0.0, 0.9618], [0.0, -1.0, 0.0], [0.9618, 0.0, 0.0]]
4	[[0.22433838825039393, -0.7661379269479729, -0.6022499185961573], [-0.9416906372873723, -0.011392912655017143, -0.3362869982418849], [0.2507808429735371, 0.642575192824231, -0.724020780340167]]	0.5578509912971444	0.4421490087028555	[[0.12514739227148594, -0.42739080201826596, -0.3359657140974909], [-0.5253230555060003, -0.006355547618363169, -0.18759803532957658], [0.1398983418511211, 0.35846120829995104, -0.40389571003249425]]	0.7608896042106871	0.40798717912099036	[[0.20663783100237937, -0.5178247888818613, -0.3749808852114992], [-0.8187981220504676, 0.05337020387635939, -0.20330854022173744], [0.17397815183686757, 0.3749808852114992, -0.4294388291455389]]	[[0.03594108355727367, 0.06512159512437798, 0.0832648169850494], [-0.10227550575596933, 0.06203895267724244, 0.052568740771730384], [-0.016838384516889456, -0.11394789893213596, 0.12146105584780362]]	0.7326108904782576	[[1.7086748942759768e-16, -0.8557345975093775, 0.0], [-1.0, -1.7938038903913487e-16, 0.0], [0.0, 0.0, -0.8557345975093775]]
4	[[-0.42203838922340475, -0.825029846081567, 0.3757783270710803], [0.2588054115689476, 0.28760896992378115, 0.9221175843470338], [-0.8688517462515349, 0.4864224845687207, 0.09214016247897017]]	0.6839461827976367	0.3160538172023633	[[-0.28865154530341103, -0.5642760139216095, 0.2570121523783473], [0.17700897332995313, 0.1967090571177304, 0.6306788019047317], [-0.5942478352657982, 0.33268680154771896, 0.06301891240984572]]	0.8248500947281519	0.28934392834734945	[[-0.26569469340820917, -0.5900399041011682, 0.31697014839469007], [0.26191735383368725, 0.2344339716191173, 0.8295047616764467], [-0.6863174423477247, 0.3522305578508693, 0.023518481017581496]]	[[0.08242371192163284, 0.09048604259276485, 0.007009359713322998], [0.048441685584882516, -0.0028003144671797666, 0.06889598487730139], [0.030355002852573948, -0.048995074623542974, -0.05248334073146436]]	0.5146774875836733	[[-0.42786729875468865, -0.42786729875468876, 0.6050957367948218], [0.5, 0.5000000000000001, 0.7071067811865475], [-0.6050957367948218, 0.6050957367948216, 0.0]]
4	[[0.8489524140446696, -0.5135124485683378, 0.12483895166604869], [0.522794976890395, 0.7815435453534784, -0.34040431673891397], [0.0772347773085365, 0.35425224329800037, 0.9319550081910795]]	0.7727183205450415	0.2272816794549586	[[0.6560010836032557, -0.3968004768366981, 0.09646534506999274], [0.40397325653212973, 0.6039130157983573, -0.263036651936776], [0.05968072740952262, 0.2737371984905443, 0.7201387087529513]]	0.8879407543159179	0.18857470918568045	[[0.7211842685867806, -0.4584289759673181, 0.061833894881758715], [0.5077424680309618, 0.6662814636143162, -0.29792534852665575], [0.022508193051611364, 0.27763984650793333, 0.8028168016728556]]	[[-0.03263517831836289, -0.0024603450349342144, -0.04901569802860099], [0.043531501898331534, -0.02768290157758839, 0.0043335172508901796], [-0.046071713371152484, -0.03691515762419916, -0.024704031288829136]]	0.43936785921589466	[[0.6800953021452214, -0.6800953021452213, 0.0], [0.7071067811865475, 0.7071067811865476, 0.0], [0.0, 0.0, 0.9618]]
4	[[0.3802729664721569, 0.7767473726770865, -0.5020517802076895], [0.4287143634067757, 0.332951791095048, 0.839849450446521], [0.8195098935212374, -0.5346088512602871, -0.20639019011321075]]	0.6794915055171873	0.3205084944828128	[[0.25839225049565284, 0.5277932416668732, -0.3411399199809069], [0.2913077682281125, 0.22623791379581815, 0.570670567491689], [0.5568500113349756, -0.3632621732056666, -0.14024038100400407]]	0.8245232497777475	0.27962703729176763	[[0.3471287734059912, 0.5505992210999789, -0.42095505844116404], [0.40699081316959046, 0.2943655595789728, 0.7149393939035654], [0.6193781360503363, -0.42095505844116404, -0.07500653088434127]]	[[0.03358487128774393, -0.08984704687605954, -0.007001693067616586], [0.05350585302703753, 0.019839066765962282, 0.022463995697344596], [-0.0563268245808103, 0.019842368959916295, 0.09516697939005042]]	0.39559759644719666	[[0.42786729875468865, 0.42786729875468876, -0.6050957367948218], [0.5, 0.5000000000000001, 0.7071067811865475], [0.6050957367948218, -0.6050957367948216, 0.0]]
4	[[0.5319609947059123, -0.8460851799387872, 0.03402011756955908], [-0.703274286200726, -0.4190807785627857, 0.5742617690636116], [-0.47161719485230363, -0.3294103357928521, -0.8179645788128509]]	0.6255137229814576	0.37448627701854253	[[0.33274890227941456, -0.5292378908629471, 0.02128005039720179], [-0.4399077170385432, -0.2621407780287758, 0.35920861713289776], [-0.29500302737413586, -0.206050685530359, -0.5116480689601861]]	0.7647951120170935	0.409294128779567	[[0.48778095000789695, -0.6428198334246817, 0.09649417222088798], [-0.5092620365232353, -0.36814604310732535, 0.33824687948772036], [-0.27374402806038217, -0.1121997014377332, -0.5776267335306674]]	[[0.08093978147306426, 0.004261976542605701, 0.07047575259344238], [0.028598699970390266, -0.04763511212218891, -0.10094571451041867], [0.08694649730587284, 0.13973171322454955, 0.0479485781485217]]	0.6697008961225394	[[0.654115661603274, -0.6541156616032738, 0.0], [-0.7071067811865475, -0.7071067811865476, 0.0], [0.0, 0.0, -0.92505924]]
4	[[-0.5446221603179724, 0.8109226453022452, -0.2139887049042392], [-0.8354447797583356, -0.5021691245819775, 0.22328947644507607], [0.07361197229480154, 0.30038414347728, 0.9509735242804028]]	0.6892650924632668	0.3107349075367332	[[-0.3753890436891113, 0.5589406720948091, -0.14749494447191513], [-0.5758429233680827, -0.34612764808719454, 0.15390564162798986], [0.0507381628901798, 0.20704430442836666, 0.6554728541432505]]	0.8178364419007368	0.27309318289100504	[[-0.4908128700755852, 0.6288785430852668, -0.12002969119012818], [-0.7356917216140022, -0.40725885370657594, 0.0956161377842138], [0.07626405677502421, 0.12558767159727932, 0.7582180245468599]]	[[-0.04540102030084206, -0.03432354780545454, 0.054978069835701554], [-0.05243453553190015, 0.0034333563739563262, -0.08699813314550563], [0.01606150327214815, -0.12007742750757971, -0.019522778892428528]]	0.4035726630487781	[[-0.654115661603274, 0.6541156616032738, 0.0], [-0.7071067811865475, -0.7071067811865476, 0.0], [0.0, 0.0, 0.92505924]]
4	[[0.8787972042104137, -0.3840163418041313, 0.28327887866788265], [-0.395223040501579, -0.9183905790867732, -0.018907472103605397], [0.2674214316928388, -0.09534250611366366, -0.9588511794847616]]	0.6667717551317202	0.3332282448682799	[[0.5859571542562263, -0.2560512502240032, 0.18888235512112972], [-0.26352356038373276, -0.6123568983141245, -0.012606968359625003], [0.17830905736967148, -0.06357169014006427, -0.6393348838551746]]	0.8321114896820149	0.2651539107888937	[[0.681879535331222, -0.30532492323596705, 0.1334397100704875], [-0.3577832109821641, -0.84047430907233, -0.02734587560235568], [0.12281689591698557, -0.050942296901802964, -0.797871083344422]]	[[-0.04937771539269517, 0.014219487004906373, -0.10227989965329506], [-0.028913577993739926, -0.07627095619850693, -0.01161275082410344], [-0.09970754998183969, 0.02839329789045432, 0.0]]	0.4847864980060772	[[0.654115661603274, -0.6541156616032738, 0.0], [-0.7071067811865475, -0.7071067811865476, 0.0], [0.0, 0.0, -0.92505924]]
4	[[0.8592155572171323, 0.2624339665249735, -0.4391776855101157], [-0.4266000482917053, 0.8413623931712975, -0.33184593135155627], [0.2824199444684594, 0.4724804086637203, 0.8348660002631537]]	0.6740026716878217	0.32599732831217837	[[0.5791135811200876, 0.1768811945794645, -0.2960069333794919], [-0.2875295722907631, 0.567080500855114, -0.22366504431968234], [0.19035179710966788, 0.3184530577595012, 0.5627019146786914]]	0.7849064509035824	0.3817449007331103	[[0.5478732725825508, 0.20587788327124265, -0.2839206442951022], [-0.3246502340001942, 0.7529418394541554, -0.2718009278845336], [0.2431623570663094, 0.34022646872340906, 0.5329825536314157]]	[[-0.12653056099389248, -0.00010822999042382764, 0.0607927541546923], [0.01019089585974494, 0.09255106950632774, -0.011332915660589724], [0.021489120789184128, -0.03062645196230579, -0.12230915561520558]]	0.5371630244016201	[[0.6050957367948218, 0.42786729875468876, -0.42786729875468865], [-0.7071067811865475, 0.5000000000000001, -0.5], [0.0, 0.6050957367948216, 0.6050957367948218]]
4	[[0.034229894132735264, 0.2773841392786001, 0.9601491309293217], [-0.1827544195208179, -0.9427759796974285, 0.2788803941677556], [0.9825625356654255, -0.18501754344446375, 0.018422055382213542]]	0.8480752307524966	0.15192476924750353	[[0.029029525365252978, 0.2352426179257814, 0.8142786957696935], [-0.1549894965061562, -0.799544956529808, 0.23651155463616652], [0.8332869491632138, -0.1569087958499236, 0.015623288869206022]]	0.9083116269376733	0.1391888201175333	[[0.009082691246109725, 0.23087579828434063, 0.8426053405645296], [-0.1656188067172757, -0.8261062182908936, 0.25419791949719583], [0.8749261472511004, -0.15660864233176855, 0.0]]	[[-0.022008719583499363, -0.02107544055051081, -0.029509278652675688], [0.0003791574077284775, 0.03022816566583692, 0.0008876149496621147], [-0.017546828087167843, 0.011444943566284005, -0.0167329670957543]]	0.3547824937414635	[[0.0, 0.0, 0.9618], [0.0, -1.0, 0.0], [0.9618, 0.0, 0.0]]
4	[[0.08740825448676931, -0.06334395238859675, -0.994156597696443], [0.7119981850616444, -0.6940087028176986, 0.10681996481098455], [-0.6967197295301035, -0.717174639895393, -0.015561310176609944]]	0.7879468738485451	0.212053126151455	[[0.06887306087140795, -0.049911669261805895, -0.783342583270818], [0.5610167441051607, -0.5468419878088894, 0.08416845733742687], [-0.5489781328318492, -0.565095515509031, -0.012261485706647356]]	0.9140552684472745	0.1455566474548829	[[0.054607097363776586, -0.0546070973637766, -0.8529830724685991], [0.6842347168793961, -0.6720794446397687, 0.09024538439657358], [-0.618414011698008, -0.6288156986956025, 0.0]]	[[-0.025288878155635023, 0.0032927760412935717, 0.05573100331745235], [0.03342902469890239, -0.03771713348099241, -0.007393967214259316], [0.018426327710143076, 0.026721559297558407, 0.014223897550872507]]	0.17409828146343573	[[0.0, 0.0, -0.889721977032], [0.7071067811865475, -0.7071067811865476, 0.0], [-0.6291284433300289, -0.6291284433300288, 0.0]]
4	[[-0.3195682178843842, -0.5708200961323295, -0.7563336379995778], [0.910087742671785, 0.03735879733279218, -0.41272826520656647], [0.2638493031197415, -0.8202248094963509, 0.507557688474819]]	0.6125184981680654	0.38748150183193464	[[-0.19574144488078807, -0.3496378680071251, -0.4632683440614905], [0.5574455773424865, 0.022882954435647012, -0.2528036971558371], [0.16161257888959465, -0.5024028684728923, 0.31088847307825085]]	0.7457600645550989	0.40391348576601166	[[-0.2681215390591117, -0.38642485713623903, -0.49743948552997064], [0.7782654683400944, 0.02748388656071321, -0.2331187302200767], [0.19948776277677457, -0.4974394855299706, 0.29799667220209614]]	[[-0.029800324259895386, 0.03926997460475477, 0.0666039371697874], [0.09955837461437944, -0.00037681254989083493, 0.07467752748408629], [0.0027194894493782432, 0.1142514213497218, -0.0805195823203216]]	0.7119606878850385	[[0.0, 0.0, -0.8557345975093775], [1.0, 1.7938038903913487e-16, 0.0], [1.7086748942759768e-16, -0.8557345975093775, 0.0]]
4	[[-0.8305561570912853, 0.32773595720904825, 0.4502950280316503], [-0.5100865793185324, -0.772219296347621, -0.37879947194723407], [0.22358030216652452, -0.5443036842615101, 0.808545204538665]]	0.6159080798307346	0.38409192016926547	[[-0.5115462479056873, 0.20185522409611265, 0.27734034607230046], [-0.31416644561550494, -0.4756161040217044, -0.2333056554079171], [0.13770491459535958, -0.33524103701830105, 0.49798952438375765]]	0.7773066657523291	0.37600648478755727	[[-0.6167252980775285, 0.2450021724190868, 0.19798248000452034], [-0.5660252786726228, -0.6262835744206978, -0.3044376186300548], [0.1787595772864569, -0.27530880591144646, 0.5962094924411221]]	[[0.028871539111166012, -0.009749171726226495, -0.1520348468396132], [-0.16953158045752337, -0.026032367947118776, -0.009994264102007364], [0.0049691180814975325, 0.14778207605857643, -0.032278084608862535]]	0.6799459542118875	[[-0.8557345975093775, 0.0, 0.0], [0.0, -0.7071067811865476, -0.7071067811865475], [0.0, -0.6050957367948216, 0.6050957367948218]]
4	[[0.04673222253661188, -0.9725397674033924, -0.22799671093185395], [-0.8377629715199755, -0.16246744520517667, 0.5213036857710898], [-0.5440306084466285, 0.16664552219444034, -0.8223502702654952]]	0.595502023729566	0.40449797627043405	[[0.027829133093932805, -0.5791493996462016, -0.13577250276360384], [-0.4988895449458402, -0.09674969240985504, 0.31043739985436564], [-0.32397132830079445, 0.09923774571225953, -0.4897112501576579]]	0.7677886800464471	0.38324124630703876	[[-0.010758526367354998, -0.8138037076058903, -0.1293958012384699], [-0.6882721062430721, -0.1507174235296897, 0.27410382323638993], [-0.2767068430764968, 0.03623608692211246, -0.5924551624051679]]	[[-0.04663899782437717, -0.06709868329856092, 0.045657492502829584], [-0.045047180147961, -0.02597675822508856, -0.12614724556514292], [0.14099369968760558, -0.0917124585992078, 0.038936066137815785]]	0.6400852970310702	[[1.7765386715283603e-16, -0.889721977032, 0.0], [-1.0, -1.7938038903913487e-16, 0.0], [0.0, 0.0, -0.889721977032]]
