4	[[-0.5446221603179724, 0.8109226453022452, -0.2139887049042392], [-0.8354447797583356, -0.5021691245819775, 0.22328947644507607], [0.07361197229480154, 0.30038414347728, 0.9509735242804028]]	0.7442394087540268	0.2557605912459732	[[-0.4053292745893886, 0.6035205900849945, -0.1592588272179709], [-0.6217709289339821, -0.37373405237341817, 0.16618082793047964], [0.0547849307379009, 0.22355771734061564, 0.70775197345118]]	0.8459829983734612	0.23921775706776302	[[-0.5035743137283061, 0.6432918684798538, -0.14174100256053063], [-0.7353461421201207, -0.40582922500557184, 0.09655388887520905], [0.06714026399285804, 0.1672750927664577, 0.7953154813621371]]	[[-0.04283322556187594, -0.04273490244187847, 0.03928980363241148], [-0.028574062364707862, 0.01899731669886562, -0.09234521191303677], [0.004865786954717684, -0.08684478559629556, -0.009191952082375622]]	0.3858635905127784	[[-0.6927553702398567, 0.6927553702398566, 0.0], [-0.7071067811865475, -0.7071067811865476, 0.0], [0.0, 0.0, 0.97970404]]
4	[[0.8489524140446696, -0.5135124485683378, 0.12483895166604869], [0.522794976890395, 0.7815435453534784, -0.34040431673891397], [0.0772347773085365, 0.35425224329800037, 0.9319550081910795]]	0.8250115114166698	0.17498848858333022	[[0.7003955142318236, -0.4236536813246394, 0.10299357219767943], [0.4313118740453878, 0.6447824215900158, -0.28083747984553026], [0.06371958036124561, 0.29226217866602916, 0.7688736098800575]]	0.9153912487503755	0.14211457774936134	[[0.7713214335750465, -0.4791379579133674, 0.05506847332558098], [0.5000133314098862, 0.6726735932772477, -0.29022251902303425], [0.02472047041660882, 0.2930747868363821, 0.8535982166105827]]	[[-0.005802176846949478, -0.00907315636953376, -0.05920801053269109], [0.021451384673763764, -0.04274452865666862, 0.02138061355661866], [-0.045979568830809586, -0.031204616528796292, 0.0004947578833838465]]	0.43015437111467236	[[0.6998942920184448, -0.6998942920184447, 0.0], [0.7071067811865475, 0.7071067811865476, 0.0], [0.0, 0.0, 0.9898]]
4	[[0.8787972042104137, -0.3840163418041313, 0.28327887866788265], [-0.395223040501579, -0.9183905790867732, -0.018907472103605397], [0.2674214316928388, -0.09534250611366366, -0.9588511794847616]]	0.717404151217027	0.282595848782973	[[0.6304527623784683, -0.27549491774546053, 0.20322544350844352], [-0.28353464991244803, -0.6588572138754604, -0.013564298976146642], [0.19184924522084315, -0.06839910967337709, -0.6878838165617107]]	0.85657940712362	0.2374240933668416	[[0.6997910368459277, -0.31799409157309266, 0.15279807630028502], [-0.35967468982270945, -0.8406307208754678, -0.02507678526535942], [0.13855714266135397, -0.058948482966647744, -0.8213321748428408]]	[[-0.0529685513185232, 0.010946398815271496, -0.08985277763969376], [-0.021134772108272318, -0.05395626313340143, -0.008881034020646723], [-0.09051054875024755, 0.022719944393874397, 0.0]]	0.4720158605908465	[[0.6927553702398567, -0.6927553702398566, 0.0], [-0.7071067811865475, -0.7071067811865476, 0.0], [0.0, 0.0, -0.97970404]]
4	[[-0.30792515101507295, 0.09349718223056193, 0.9468053539599837], [0.3027085282091916, -0.9338174967034747, 0.1906631317268273], [0.9019698710720718, 0.34531602882779927, 0.2592434992682147]]	0.7433766006857628	0.25662339931423744	[[-0.22890435202723514, 0.06950361750025245, 0.7038329455378531], [0.22502643669873912, -0.6941780763603174, 0.1417345107391907], [0.6705032966785323, 0.2566998556723163, 0.19271555123588746]]	0.8584101635386112	0.25116661755635955	[[-0.2638786639864612, 0.08210095840384292, 0.754265296344656], [0.24307125892853249, -0.8497207547028173, 0.11973493321111937], [0.6899831305861684, 0.2712991652513998, 0.1817777055826183]]	[[0.0004474152540390771, 0.0018420269149069315, -0.05848204238736615], [-0.0167768182760519, -0.048122324642371185, -0.04393223687529023], [-0.08427697394770868, -0.025123623527175096, -0.04075954902053171]]	0.467803587098432	[[0.0, 0.0, 0.9898], [0.0, -1.0, 0.0], [0.9898, 0.0, 0.0]]
4	[[-0.42203838922340475, -0.825029846081567, 0.3757783270710803], [0.2588054115689476, 0.28760896992378115, 0.9221175843470338], [-0.8688517462515349, 0.4864224845687207, 0.09214016247897017]]	0.7594314198538322	0.24056858014616786	[[-0.3205092131607545, -0.6265535874315131, 0.28537786847788826], [0.1965449611736613, 0.21841928839191532, 0.7002850663528538], [-0.6598333152982847, 0.36940451810485236, 0.0699741344169671]]	0.8713384389145868	0.21110088241513614	[[-0.29249396172471515, -0.6674771545434218, 0.34331315862103373], [0.2531724510670587, 0.23000058979036897, 0.8306736737378458], [-0.7755382364128162, 0.39154218142191666, 0.022106746161412488]]	[[0.07524430950323317, 0.051403063599232746, 0.015883057732983652], [0.027665347767924765, -0.020604161080850926, 0.027197177297211418], [-0.01847431218579108, -0.03229642693514709, -0.058178519174349776]]	0.4845845112805282	[[-0.4799100029961607, -0.4799100029961608, 0.6786952349556834], [0.5, 0.5000000000000001, 0.7071067811865475], [-0.6786952349556834, 0.6786952349556833, 0.0]]
4	[[0.3802729664721569, 0.7767473726770865, -0.5020517802076895], [0.4287143634067757, 0.332951791095048, 0.839849450446521], [0.8195098935212374, -0.5346088512602871, -0.20639019011321075]]	0.7698556717651813	0.23014432823481884	[[0.29275530005756073, 0.597983370384158, -0.3865074105126959], [0.3300481842359053, 0.25632482479889845, 0.646562862855125], [0.6309043395950046, -0.4115716563186002, -0.15889065845534933]]	0.8742613331744377	0.21156985961194316	[[0.34311173548789126, 0.6395192674613878, -0.43892445868697433], [0.4045813263878854, 0.3018122002765884, 0.7204333802563423], [0.6890997839442841, -0.45056022192799516, -0.08772132682256518]]	[[0.010653784849745124, -0.03956092611502365, 2.104239411078454e-18], [0.029772935484847312, 0.010725323511014838, -0.01381451995685212], [-0.027366028115234385, 0.016827625101678116, 0.0927176359399361]]	0.3700048729616613	[[0.4799100029961607, 0.4799100029961608, -0.6786952349556834], [0.5, 0.5000000000000001, 0.7071067811865475], [0.6786952349556834, -0.6786952349556833, 0.0]]
4	[[0.08740825448676931, -0.06334395238859675, -0.994156597696443], [0.7119981850616444, -0.6940087028176986, 0.10681996481098455], [-0.6967197295301035, -0.717174639895393, -0.015561310176609944]]	0.9162100615369215	0.08378993846307846	[[0.0800843222221578, -0.05803636651594806, -0.9108562775527946], [0.6523399009495057, -0.6358577563157628, 0.09786952653284395], [-0.6383416262667637, -0.6570826209512775, -0.014257428954506922]]	0.956834344790993	0.06788306980921865	[[0.06298246575434396, -0.06298246575434398, -0.9314609602107561], [0.6816363257706216, -0.6702030912614697, 0.09279933394324852], [-0.6753424993672837, -0.6863716917199137, 0.0]]	[[-0.020652754156828313, -0.002372796574129171, 0.019782216565762904], [0.0003720088747867188, -0.006151728821650197, -0.009409677097266806], [-0.008697133459389127, -0.0001543650548890183, 0.014889596026925987]]	0.12408021696659152	[[0.0, 0.0, -0.969711058792], [0.7071067811865475, -0.7071067811865476, 0.0], [-0.6856892654634101, -0.68568926546341, 0.0]]
4	[[0.5319609947059123, -0.8460851799387872, 0.03402011756955908], [-0.703274286200726, -0.4190807785627857, 0.5742617690636116], [-0.47161719485230363, -0.3294103357928521, -0.8179645788128509]]	0.6672588954006408	0.3327411045993593	[[0.3549557057236931, -0.5645578625808075, 0.022700226070863923], [-0.4692660233739705, -0.2796353773874449, 0.3831812736962033], [-0.31469076848909683, -0.21980197679469257, -0.5457941413355134]]	0.7908674523289422	0.3667397547334383	[[0.5142376836467805, -0.7136332653840066, 0.08711150833116506], [-0.5094300406105071, -0.39317761860441314, 0.3277104573419888], [-0.3029301769955348, -0.09872438446536434, -0.6285175220312378]]	[[0.09352704702534569, -0.04449203467254331, 0.06020610462099673], [0.046766702405516426, -0.06174027094243316, -0.12645448492726116], [0.07005651237182887, 0.16179552857394994, 0.018384040509797892]]	0.6503334930744886	[[0.6927553702398567, -0.6927553702398566, 0.0], [-0.7071067811865475, -0.7071067811865476, 0.0], [0.0, 0.0, -0.97970404]]
4	[[0.04673222253661188, -0.9725397674033924, -0.22799671093185395], [-0.8377629715199755, -0.16246744520517667, 0.5213036857710898], [-0.5440306084466285, 0.16664552219444034, -0.8223502702654952]]	0.6332270984110053	0.36677290158899467	[[0.02959210967915607, -0.6158385350021642, -0.14437369571063058], [-0.5304942156117758, -0.10287878891352295, 0.3301036203317896], [-0.3444949236334323, 0.10552446048237225, -0.5207344755177256]]	0.8052643677186315	0.330664885617126	[[-0.03060963193235954, -0.8913247892408874, -0.15435019980049614], [-0.690626981552122, -0.1464216681013074, 0.27514255759224504], [-0.3112233989030278, 0.043288556617991254, -0.6387835538891263]]	[[-0.06824142556539055, -0.1081731683615697, 0.02924742746997084], [-0.01600631199300696, -0.015592423563299547, -0.1446447253196037], [0.12686506502732894, -0.09090514444505593, 0.023425816539463323]]	0.6146536809978632	[[1.936255640104009e-16, -0.969711058792, 0.0], [-1.0, -1.7938038903913487e-16, 0.0], [0.0, 0.0, -0.969711058792]]
4	[[0.034229894132735264, 0.2773841392786001, 0.9601491309293217], [-0.1827544195208179, -0.9427759796974285, 0.2788803941677556], [0.9825625356654255, -0.18501754344446375, 0.018422055382213542]]	0.867380505442372	0.132619494557628	[[0.029690342874090794, 0.24059759492916943, 0.8328146384855293], [-0.15851762077579434, -0.817745505788883, 0.2418954172511958], [0.8522555888142155, -0.160480610348565, 0.01597893170871175]]	0.9303486368131307	0.12310907967161505	[[0.011100255327232016, 0.24222897424628217, 0.8815596377473096], [-0.16364319205217795, -0.8277913188734084, 0.25210534148202335], [0.9155340418880997, -0.16480538329838562, 0.0]]	[[-0.020745480017416017, -0.015834981605147035, -0.011713797350096934], [0.006382133020589992, 0.04931902865825817, -0.007350653065856718], [0.001408326248118039, 0.0073254360316854, -0.017138934112138363]]	0.3426680414899307	[[0.0, 0.0, 0.9898], [0.0, -1.0, 0.0], [0.9898, 0.0, 0.0]]
4	[[-0.3195682178843842, -0.5708200961323295, -0.7563336379995778], [0.910087742671785, 0.03735879733279218, -0.41272826520656647], [0.2638493031197415, -0.8202248094963509, 0.507557688474819]]	0.672747324270139	0.3272526757298612	[[-0.21498866350349616, -0.3840176923126481, -0.5088214312197158], [0.6122590937334941, 0.02513303094358635, -0.27766183606837386], [0.17750391268434682, -0.5518040458886544, 0.34145807683417106]]	0.7785386778571084	0.3388849358129041	[[-0.23891077315370188, -0.40093920088072377, -0.568552077787248], [0.7953612126675916, 0.05625607757410136, -0.22794081762951413], [0.20083245791070722, -0.5865017768195957, 0.3065018341870354]]	[[0.009885444683158884, 0.04346632205640765, 0.02028291275980003], [0.08682270475393966, 0.027170808892297706, 0.09338410027866406], [-0.004584429693655613, 0.052074961911291816, -0.08865145753436027]]	0.7108280875031505	[[-0.4799100029961607, -0.4799100029961608, -0.6786952349556834], [0.5, 0.5000000000000001, -0.7071067811865475], [0.6786952349556834, -0.6786952349556833, 0.0]]
4	[[0.22433838825039393, -0.7661379269479729, -0.6022499185961573], [-0.9416906372873723, -0.011392912655017143, -0.3362869982418849], [0.2507808429735371, 0.642575192824231, -0.724020780340167]]	0.6240753865545736	0.3759246134454262	[[0.14000406636639456, -0.47812782291417594, -0.3758493507503574], [-0.5876859484799398, -0.007110036369162298, -0.20986843842108155], [0.15650615151919195, 0.4010153618521618, -0.4518435483643338]]	0.7815446000100118	0.35986885680187997	[[0.23074336344222038, -0.5915244099592971, -0.36817589770812775], [-0.8365248604136554, -0.015900869213251304, -0.15688878390469518], [0.15058499350753254, 0.36817589770812775, -0.5365164470171164]]	[[0.05541290753017561, 0.007246549709755953, 0.10250927402716814], [-0.1005516279617227, -0.006996799849336977, 0.10593450362482629], [-0.045411420104394015, -0.13402527434404224, 0.02933808415277611]]	0.7452788651838772	[[1.916505832574948e-16, -0.9598200059923216, 0.0], [-1.0, -1.7938038903913487e-16, 0.0], [0.0, 0.0, -0.9598200059923216]]
4	[[-0.8305561570912853, 0.32773595720904825, 0.4502950280316503], [-0.5100865793185324, -0.772219296347621, -0.37879947194723407], [0.22358030216652452, -0.5443036842615101, 0.808545204538665]]	0.6787794239473242	0.32122057605267573	[[-0.5637644298663259, 0.22246042424118265, 0.3056509997336677], [-0.34623627447309446, -0.5241665691358462, -0.25712128735989415], [0.15176170871056227, -0.36946214125543403, 0.5488238481721265]]	0.8124737383023297	0.3323919433760399	[[-0.6685205517076718, 0.27053531381752505, 0.2046173357871174], [-0.5652286968073323, -0.6311970084259194, -0.2970455957525979], [0.1855494667709752, -0.294901080008355, 0.6505297509417782]]	[[0.006284514114301646, 0.004258455487797257, -0.16123554897670983], [-0.15079674685055655, -0.0037891099331731487, 0.010719027287319827], [0.003896342858974639, 0.1473313691153249, -0.006391993976172568]]	0.6440189678049375	[[-0.9598200059923216, 0.0, 0.0], [0.0, -0.7071067811865476, -0.7071067811865475], [0.0, -0.6786952349556833, 0.6786952349556834]]
4	[[0.8592155572171323, 0.2624339665249735, -0.4391776855101157], [-0.4266000482917053, 0.8413623931712975, -0.33184593135155627], [0.2824199444684594, 0.4724804086637203, 0.8348660002631537]]	0.7410445327334297	0.2589554672665702	[[0.6367169911152634, 0.1944752560968795, -0.3254502227457929], [-0.3161296334503853, 0.6234870015071043, -0.2459126131379038], [0.2092857557832307, 0.35012902366390664, 0.6186728850600361]]	0.8160459449784065	0.2680525995260727	[[0.6700220053877224, 0.26898654699435637, -0.28037433434122633], [-0.3356129322120915, 0.6902031699361928, -0.3481048691899714], [0.14249259728363645, 0.3932527400027028, 0.6685264380906625]]	[[-0.031137365941680553, 0.05482837278705284, 0.0780148350443056], [0.012512307323946988, 0.0036128007314277077, -0.07730334255295133], [-0.0879750531808766, 0.007687018430933532, -0.012762576024425442]]	0.4936377982042018	[[0.6786952349556834, 0.4799100029961608, -0.4799100029961607], [-0.7071067811865475, 0.5000000000000001, -0.5], [0.0, 0.6786952349556833, 0.6786952349556834]]
