4	[[0.08740825448676931, -0.06334395238859675, -0.994156597696443], [0.7119981850616444, -0.6940087028176986, 0.10681996481098455], [-0.6967197295301035, -0.717174639895393, -0.015561310176609944]]	0.7011150451538489	0.2988849548461512	[[0.06128324229131037, -0.04441139803915427, -0.6970181478839383], [0.4991926396689532, -0.48657994301319485, 0.07489308445178598], [-0.48848068462907585, -0.5028219300334538, -0.010910268687126929]]	0.877644759078351	0.20412267862006495	[[0.05085642881664291, -0.05085642881664292, -0.7938541317386721], [0.6786861227479788, -0.6654702427552479, 0.09219748947862058], [-0.570290481896373, -0.5811538527731392, 0.0]]	[[-0.02585696763385693, 0.0047370590165176025, 0.07866219593277564], [0.05380464715532867, -0.056377141972529785, -0.0015524928026738934], [0.04118193727220866, 0.04827071127495585, 0.013657302320894325]]	0.21900504387261285	[[0.0, 0.0, -0.8300539527919999], [0.7071067811865475, -0.7071067811865476, 0.0], [-0.5869367787699216, -0.5869367787699215, 0.0]]
4	[[0.034229894132735264, 0.2773841392786001, 0.9601491309293217], [-0.1827544195208179, -0.9427759796974285, 0.2788803941677556], [0.9825625356654255, -0.18501754344446375, 0.018422055382213542]]	0.8069866172971866	0.19301338270281343	[[0.02762306647661684, 0.2238452882483291, 0.774827499269487], [-0.14748037080521575, -0.7608075987250689, 0.22505274591994312], [0.792914816939588, -0.14930668152488308, 0.01486635215655394]]	0.8899723137477596	0.16860074438302022	[[0.009155509011557409, 0.22119125058119507, 0.8125066160615507], [-0.16692205070046445, -0.8249570699911697, 0.2556689649243779], [0.8433026279423037, -0.1506354370346946, 0.0]]	[[-0.021308149069093847, -0.025672953649511467, -0.04199952753451851], [-0.004275677111893424, 0.0140874500059614, 0.007473135268013251], [-0.031150825325720548, 0.014025054188501453, -0.01639511925249795]]	0.3647058020786165	[[0.0, 0.0, 0.9398], [0.0, -1.0, 0.0], [0.9398, 0.0, 0.0]]
4	[[-0.30792515101507295, 0.09349718223056193, 0.9468053539599837], [0.3027085282091916, -0.9338174967034747, 0.1906631317268273], [0.9019698710720718, 0.34531602882779927, 0.2592434992682147]]	0.6484046299086228	0.3515953700913774	[[-0.19966009358348508, 0.060624005841706546, 0.6139129751299257], [0.19627761120366477, -0.6054915883522131, 0.12362685736455245], [0.584841440441215, 0.2239045118736045, 0.1680946851992231]]	0.8165172182718192	0.29280174993723873	[[-0.2174843921618249, 0.07060694413769264, 0.7196439791198015], [0.25063273567344674, -0.8463557242691502, 0.12029735857696262], [0.6590714165995171, 0.24608839994140735, 0.14687744802413227]]	[[0.03394179558093226, -0.005735115013459139, -0.053438894740469506], [0.003466010272921099, -0.0838776594872753, -0.03538237136761986], [-0.07740251349324248, -0.03586808334173867, -0.06479933285340277]]	0.477607917717137	[[0.0, 0.0, 0.9398], [0.0, -1.0, 0.0], [0.9398, 0.0, 0.0]]
4	[[-0.5446221603179724, 0.8109226453022452, -0.2139887049042392], [-0.8354447797583356, -0.5021691245819775, 0.22328947644507607], [0.07361197229480154, 0.30038414347728, 0.9509735242804028]]	0.6448541650282591	0.35514583497174085	[[-0.3512018684477327, 0.5229268453388866, -0.13799150762650172], [-0.5387400458782794, -0.323825851535283, 0.14398914889258663], [0.0474689869302476, 0.19370396602977016, 0.6132392379638201]]	0.7923164866712328	0.30533049404616236	[[-0.46870271148196135, 0.6076294029457004, -0.10350505332140109], [-0.7343709206107538, -0.4044238270109208, 0.0981112452944925], [0.07336434609029456, 0.10667578905754918, 0.7297214384168919]]	[[-0.03718959485552863, -0.03487797834231671, 0.06604172553565292], [-0.07243424790480733, -0.006546950507359821, -0.07880468819312918], [0.015040366824737292, -0.13132352015411677, -0.0237505632583172]]	0.41967319756903826	[[-0.6245337079909785, 0.6245337079909784, 0.0], [-0.7071067811865475, -0.7071067811865476, 0.0], [0.0, 0.0, 0.88322404]]
4	[[0.3802729664721569, 0.7767473726770865, -0.5020517802076895], [0.4287143634067757, 0.332951791095048, 0.839849450446521], [0.8195098935212374, -0.5346088512602871, -0.20639019011321075]]	0.6154655041008118	0.38453449589918853	[[0.23404489300569714, 0.4780612132836842, -0.3089955519902355], [0.2638589017894098, 0.204920341947582, 0.5168983653878579], [0.5043800697316508, -0.32903330613766846, -0.12702604239948967]]	0.7871206684549182	0.3287833829770112	[[0.34204241358318643, 0.49169875240779615, -0.3931199468858594], [0.40514949713941584, 0.3075366471732522, 0.7222363530464944], [0.5637339111794545, -0.4140775723548448, -0.06096251513693526]]	[[0.04272170201828754, -0.1196951587943937, 0.002055385950198725], [0.0676995608384499, 0.04546341080325585, 0.06117349220953308], [-0.08131926401440062, 0.006724104011068318, 0.10149146926751285]]	0.4265025789686896	[[0.3900423524169606, 0.3900423524169607, -0.5516031846879722], [0.5, 0.5000000000000001, 0.7071067811865475], [0.5516031846879722, -0.5516031846879722, 0.0]]
4	[[0.8592155572171323, 0.2624339665249735, -0.4391776855101157], [-0.4266000482917053, 0.8413623931712975, -0.33184593135155627], [0.2824199444684594, 0.4724804086637203, 0.8348660002631537]]	0.6120123930205322	0.38798760697946794	[[0.5258505692929271, 0.1606128398628193, -0.2687821862702646], [-0.26108451641768105, 0.5149242116422476, -0.20309382256059325], [0.17284450605086765, 0.28916386556160256, 0.5109483386725329]]	0.7632094861028629	0.4214112676920456	[[0.49546839172993296, 0.2009707658625292, -0.2921043256165072], [-0.35550323252401445, 0.7488291721701439, -0.25087678649530193], [0.24339916818034707, 0.3258259199340745, 0.4924568510174767]]	[[-0.16029307214533944, 0.0006786731350682251, 0.04308025004951299], [-0.02991802889584556, 0.10669341245160317, 0.0023911762368452097], [0.027853587497375112, -0.03477560995583415, -0.1447208000081174]]	0.5726472707438716	[[0.5516031846879722, 0.3900423524169607, -0.3900423524169606], [-0.7071067811865475, 0.5000000000000001, -0.5], [0.0, 0.5516031846879722, 0.5516031846879722]]
4	[[-0.8305561570912853, 0.32773595720904825, 0.4502950280316503], [-0.5100865793185324, -0.772219296347621, -0.37879947194723407], [0.22358030216652452, -0.5443036842615101, 0.808545204538665]]	0.5728269952199523	0.42717300478004766	[[-0.4757649878280315, 0.18773600359359394, 0.25794114786985434], [-0.2921913625330588, -0.4423480591776735, -0.2169865633064387], [0.12807283268041927, -0.31179184394267045, 0.46315652001538515]]	0.7513065747791333	0.3780161450124482	[[-0.5875314327155582, 0.228489328343772, 0.20657053343768175], [-0.45208521728601964, -0.6683014514040041, -0.24321896392568393], [0.10492304552266547, -0.3187562586814897, 0.5695003749220209]]	[[0.03647086883041511, -0.017740851098918636, -0.13173908171285123], [-0.06885381653740834, -0.0881280168867205, 0.041375569871136844], [-0.06305430548614972, 0.09018267798068828, -0.03796495325401733]]	0.6825614801480226	[[-0.6245337079909785, 0.6245337079909784, 0.0], [-0.7071067811865475, -0.7071067811865476, 0.0], [0.0, 0.0, 0.88322404]]
4	[[0.8489524140446696, -0.5135124485683378, 0.12483895166604869], [0.522794976890395, 0.7815435453534784, -0.34040431673891397], [0.0772347773085365, 0.35425224329800037, 0.9319550081910795]]	0.7167633761625727	0.2832366238374274	[[0.6084979984920236, -0.3680669163373513, 0.08947998847275329], [0.37472029267679363, 0.5601817901856257, -0.24398934732609773], [0.05535905974083109, 0.2539150339194398, 0.6679912181026562]]	0.8645676943620672	0.22716154661372723	[[0.6891590967251382, -0.43216051539886763, 0.05420534469302797], [0.49546608967943057, 0.6664890035494906, -0.3097006811519543], [0.02228975338508241, 0.26479674873016573, 0.7639592884952904]]	[[-0.04481773450857283, 0.01180575828607979, -0.05372637991546528], [0.04347444188523158, -0.00920829750032182, -0.015398105878096641], [-0.044484939957126685, -0.041478296480576556, -0.04177890418565244]]	0.44715225279849047	[[0.6645389529591174, -0.6645389529591172, 0.0], [0.7071067811865475, 0.7071067811865476, 0.0], [0.0, 0.0, 0.9398]]
4	[[-0.3195682178843842, -0.5708200961323295, -0.7563336379995778], [0.910087742671785, 0.03735879733279218, -0.41272826520656647], [0.2638493031197415, -0.8202248094963509, 0.507557688474819]]	0.5591758627773981	0.4408241372226019	[[-0.17869483395173608, -0.3191888197454727, -0.42292351457598215], [0.5088990987116301, 0.020890137730890046, -0.23078768378950054], [0.14753816171519668, -0.458649915521549, 0.28381400836220866]]	0.7158902649808118	0.4572444236243508	[[-0.24335503552652987, -0.3967562817822454, -0.42105067523318074], [0.787306320046194, 0.017174121278814874, -0.21980743390933125], [0.17146841720146244, -0.42105067523318074, 0.3260888207676581]]	[[-0.014579259345832263, 0.011888268094300505, 0.12040121328823841], [0.13578336478910102, -0.00957067804312229, 0.07566071323446837], [-0.017418730323931902, 0.16614028098099784, -0.03726678732762836]]	0.7193903507521322	[[0.0, 0.0, -0.7800847048339214], [1.0, 1.7938038903913487e-16, 0.0], [1.5576221347575008e-16, -0.7800847048339214, 0.0]]
4	[[-0.42203838922340475, -0.825029846081567, 0.3757783270710803], [0.2588054115689476, 0.28760896992378115, 0.9221175843470338], [-0.8688517462515349, 0.4864224845687207, 0.09214016247897017]]	0.6078017096879693	0.39219829031203074	[[-0.2565156545239421, -0.5014545509919786, 0.22839870965748754], [0.1573023716281049, 0.17480922364126986, 0.5604646442994674], [-0.5280895768370606, 0.29564841775153833, 0.05600294828564535]]	0.7871346965269552	0.35058707764299046	[[-0.24942784031787987, -0.5306568645160415, 0.29708081407617365], [0.26928852327441205, 0.2393894821222394, 0.8250825618885413], [-0.6203105020624287, 0.3294204499189665, 0.023323784692009963]]	[[0.08277321910620983, 0.11875275300505331, 0.001292654635671978], [0.06557380417955472, 0.013002482862853744, 0.09925181697137006], [0.06359285355018841, -0.053459564855921037, -0.04920293413881856]]	0.5439038317758916	[[-0.3900423524169606, -0.3900423524169607, 0.5516031846879722], [0.5, 0.5000000000000001, 0.7071067811865475], [-0.5516031846879722, 0.5516031846879722, 0.0]]
4	[[0.8787972042104137, -0.3840163418041313, 0.28327887866788265], [-0.395223040501579, -0.9183905790867732, -0.018907472103605397], [0.2674214316928388, -0.09534250611366366, -0.9588511794847616]]	0.6268302963960973	0.3731697036039028	[[0.5508567119872753, -0.2407130773540286, 0.17756778347814295], [-0.24773777562017157, -0.5756750388963455, -0.011851776342803912], [0.16762785529069085, -0.059763571366374495, -0.6010369690361805]]	0.8131046606131758	0.2971615452967921	[[0.641858135267791, -0.26604662764419224, 0.15950942390322273], [-0.3213775609570978, -0.8538415448199753, -0.0314801637940182], [0.15213569343168012, -0.04560579755569639, -0.7405414472627716]]	[[-0.07269596720952516, 0.046198849628369336, -0.07082595259490695], [-1.986474355389647e-05, -0.1070938847012864, -0.016106410106163038], [-0.06530591902561514, 0.031917638519863734, 0.039104915610728846]]	0.49712930265461297	[[0.6245337079909785, -0.6245337079909784, 0.0], [-0.7071067811865475, -0.7071067811865476, 0.0], [0.0, 0.0, -0.88322404]]
4	[[0.5319609947059123, -0.8460851799387872, 0.03402011756955908], [-0.703274286200726, -0.4190807785627857, 0.5742617690636116], [-0.47161719485230363, -0.3294103357928521, -0.8179645788128509]]	0.5879376322869978	0.4120623677130022	[[0.3127598876964302, -0.4974453174063291, 0.020001707373971854], [-0.4134814186771833, -0.2463933606851958, 0.3376301048162026], [-0.2772814968872991, -0.19367273287691436, -0.4809121577618589]]	0.7392121449256565	0.44404716076297723	[[0.45871551526537163, -0.60354640345795, 0.09202425131114138], [-0.5088668148120045, -0.35823951512727764, 0.3427455194443155], [-0.2547306457119126, -0.10466414296809677, -0.5440575599911542]]	[[0.06548348735202844, 0.02189003719441081, 0.06687616723192462], [0.011002078761494134, -0.04844991390876675, -0.08175575461399887], [0.09389451247868011, 0.1388399779140182, 0.06059179078630442]]	0.6852781954191788	[[0.6245337079909785, -0.6245337079909784, 0.0], [-0.7071067811865475, -0.7071067811865476, 0.0], [0.0, 0.0, -0.88322404]]
4	[[0.22433838825039393, -0.7661379269479729, -0.6022499185961573], [-0.9416906372873723, -0.011392912655017143, -0.3362869982418849], [0.2507808429735371, 0.642575192824231, -0.724020780340167]]	0.510628926875536	0.48937107312446415	[[0.114553670449286, -0.39121218747609104, -0.30752622964363474], [-0.48085447956679045, -0.005817550763018153, -0.17171786903444897], [0.12805595272851952, 0.32811748114867767, -0.3697059541006877]]	0.7282070660569249	0.4513222763351791	[[0.20533179843278987, -0.4713814071017355, -0.3489353339356268], [-0.8113439684734556, 0.04179631063787777, -0.20596863024991202], [0.16067297813354972, 0.3489353339356268, -0.39575964466550595]]	[[0.04196699892103122, 0.0865256448759824, 0.08962731231830275], [-0.12559819236114245, 0.05009271013623061, 0.03891793809290123], [-0.021947403751492057, -0.11899246195186927, 0.13147740355025236]]	0.7315573371339409	[[1.6573974619679728e-16, -0.8300539527919999, 0.0], [-1.0, -1.7938038903913487e-16, 0.0], [0.0, 0.0, -0.8300539527919999]]
4	[[0.04673222253661188, -0.9725397674033924, -0.22799671093185395], [-0.8377629715199755, -0.16246744520517667, 0.5213036857710898], [-0.5440306084466285, 0.16664552219444034, -0.8223502702654952]]	0.5657866341026783	0.4342133658973217	[[0.02644046689312697, -0.5502500015301669, -0.1289974916646149], [-0.47399509183214483, -0.09192190897389815, 0.2949466577177451], [-0.30780524680185, 0.09428580909067556, -0.4652747914669423]]	0.7364954885310109	0.4255133468170594	[[-0.011969040940778556, -0.7606543802697744, -0.12437565168317195], [-0.6799450551763678, -0.14896397015017016, 0.277300777393601], [-0.26335233727759927, 0.025233793345433873, -0.5481918201399044]]	[[-0.04638711200802055, -0.044383229160177354, 0.043542897318047454], [-0.06293640619357212, -0.029307429723398226, -0.10663703533139432], [0.13732375146612352, -0.09749988193466588, 0.05746544390289043]]	0.6615459099951317	[[1.6573974619679728e-16, -0.8300539527919999, 0.0], [-1.0, -1.7938038903913487e-16, 0.0], [0.0, 0.0, -0.8300539527919999]]
