4	[[-0.30792515101507295, 0.09349718223056193, 0.9468053539599837], [0.3027085282091916, -0.9338174967034747, 0.1906631317268273], [0.9019698710720718, 0.34531602882779927, 0.2592434992682147]]	0.6444214347594334	0.3555785652405668	[[-0.19843356761564848, 0.0602515883189829, 0.6101416646368059], [0.1950718640624836, -0.6017720110291155, 0.12286740890312886], [0.5812487184260458, 0.2225290507426403, 0.16706206775047908]]	0.8148164604025104	0.29427836901733445	[[-0.21522806779828363, 0.07032788540720429, 0.7187451550949118], [0.25111112012219683, -0.8460362885481194, 0.1205901601782312], [0.6583312819109203, 0.2453106413521695, 0.14490018239107938]]	[[0.035674413820726565, -0.005855157675510671, -0.05272743210890807], [0.004459228633129812, -0.08514642122226121, -0.03476529794467985], [-0.0766086158257337, -0.03605854297754913, -0.06633568806500811]]	0.4780750109406234	[[0.0, 0.0, 0.9378], [0.0, -1.0, 0.0], [0.9378, 0.0, 0.0]]
4	[[-0.42203838922340475, -0.825029846081567, 0.3757783270710803], [0.2588054115689476, 0.28760896992378115, 0.9221175843470338], [-0.8688517462515349, 0.4864224845687207, 0.09214016247897017]]	0.60133105020676	0.39866894979324013	[[-0.2537847878192793, -0.4961160637961502, 0.22596717606259212], [0.15562772993794802, 0.17294820393315175, 0.5544979354095226], [-0.5224675330474129, 0.29250094348989036, 0.05540674066970066]]	0.7834776058704476	0.3558100331797417	[[-0.2468791017582525, -0.5265863387726928, 0.29461239411322715], [0.2693364315748401, 0.23899167988733397, 0.8255945583252777], [-0.6150982420232332, 0.325669157241229, 0.023470616731779175]]	[[0.08377852501592073, 0.11980606980695709, 0.00019849008157511055], [0.06656818733248518, 0.013656492704584279, 0.10313608101002336], [0.06562764398627711, -0.055431966410227004, -0.04871913717175841]]	0.546723186391126	[[-0.3867327202654726, -0.38673272026547273, 0.5469226580128719], [0.5, 0.5000000000000001, 0.7071067811865475], [-0.5469226580128719, 0.5469226580128718, 0.0]]
4	[[-0.8305561570912853, 0.32773595720904825, 0.4502950280316503], [-0.5100865793185324, -0.772219296347621, -0.37879947194723407], [0.22358030216652452, -0.5443036842615101, 0.808545204538665]]	0.5691004722273577	0.43089952777264223	[[-0.47266990121199, 0.1865146880135544, 0.25626311309444344], [-0.29029051316701443, -0.4394703662145091, -0.21557495836464463], [0.12723965554370448, -0.309763483748316, 0.46014345772011966]]	0.7501191374993672	0.39622691716020075	[[-0.5413287290274267, 0.2201071818690237, 0.2335631404675639], [-0.45625157869983074, -0.6761378571410462, -0.2575872901874437], [0.1388432965548326, -0.3534906638097221, 0.5281777579137579]]	[[0.0816873391746772, -0.025733831680157117, -0.10421177757979096], [-0.07362587377141068, -0.0968813846044006, 0.026557442994831225], [-0.02886856686816869, 0.054801946366249674, -0.0783274735440348]]	0.6828430061010747	[[-0.6218783806062668, 0.6218783806062667, 0.0], [-0.7071067811865475, -0.7071067811865476, 0.0], [0.0, 0.0, 0.8794688399999999]]
4	[[-0.5446221603179724, 0.8109226453022452, -0.2139887049042392], [-0.8354447797583356, -0.5021691245819775, 0.22328947644507607], [0.07361197229480154, 0.30038414347728, 0.9509735242804028]]	0.6407937962486978	0.3592062037513022	[[-0.34899050163132045, 0.519634200347262, -0.1371226345699298], [-0.5353478319775011, -0.3217868596997707, 0.14308251127362448], [0.04717009517613985, 0.1924842956317198, 0.6093779347556425]]	0.7898663988844878	0.3079975961368125	[[-0.4659015036593774, 0.6057682706582722, -0.10180985611952661], [-0.7341545768091614, -0.4033394102150232, 0.09877676924021062], [0.07293731167100018, 0.10527296178312948, 0.7272481458667998]]	[[-0.03572275913633039, -0.034752278960495084, 0.06721263162514017], [-0.0742648171546008, -0.006692892150480905, -0.07759208542826428], [0.014793688199720607, -0.13199037990727097, -0.023893887191052114]]	0.42121724258149496	[[-0.6218783806062668, 0.6218783806062667, 0.0], [-0.7071067811865475, -0.7071067811865476, 0.0], [0.0, 0.0, 0.8794688399999999]]
4	[[0.034229894132735264, 0.2773841392786001, 0.9601491309293217], [-0.1827544195208179, -0.9427759796974285, 0.2788803941677556], [0.9825625356654255, -0.18501754344446375, 0.018422055382213542]]	0.8030492947867259	0.19695070521327407	[[0.02748829234391734, 0.22275313743270278, 0.7710470824828796], [-0.14676080771535027, -0.7570955856378846, 0.22395470386626026], [0.7890461513499772, -0.14857820778624906, 0.014793818583208595]]	0.8882632025714575	0.1713494994444477	[[0.009161453331605169, 0.22032236060804136, 0.8097862992458246], [-0.16704459293668228, -0.8248480980482472, 0.25580950423068183], [0.8404461732643344, -0.15009767515290381, 0.0]]	[[-0.021243702054420194, -0.026067763290095206, -0.0430788427396565], [-0.00471056696903294, 0.012585112985234008, 0.008090312172840798], [-0.0323279713925684, 0.01424660051897934, -0.016363633911753755]]	0.3656257250362739	[[0.0, 0.0, 0.9378], [0.0, -1.0, 0.0], [0.9378, 0.0, 0.0]]
4	[[0.8592155572171323, 0.2624339665249735, -0.4391776855101157], [-0.4266000482917053, 0.8413623931712975, -0.33184593135155627], [0.2824199444684594, 0.4724804086637203, 0.8348660002631537]]	0.6064645937698758	0.39353540623012445	[[0.5210838138684455, 0.15915690889998527, -0.2663457166356866], [-0.25871782498943835, 0.5102565019878813, -0.20125280795130757], [0.17127769689457514, 0.28654263910446803, 0.5063166697018745]]	0.7612372840219819	0.42452775253042696	[[0.4924766579690505, 0.19938854960479002, -0.2914897145493517], [-0.35496857457524944, 0.7488849144464367, -0.2512768706846431], [0.24285692019941776, 0.3246545406052183, 0.48922257994250096]]	[[-0.1615902591963531, -0.0003859703077965411, 0.04282871397142894], [-0.03022471245002533, 0.10840849139048322, 0.0013366248111606194], [0.027868328718608767, -0.035015162439548275, -0.1463085466201174]]	0.5759056873377212	[[0.5469226580128719, 0.38673272026547273, -0.3867327202654726], [-0.7071067811865475, 0.5000000000000001, -0.5], [0.0, 0.5469226580128718, 0.5469226580128719]]
4	[[0.3802729664721569, 0.7767473726770865, -0.5020517802076895], [0.4287143634067757, 0.332951791095048, 0.839849450446521], [0.8195098935212374, -0.5346088512602871, -0.20639019011321075]]	0.609594464750613	0.39040553524938726	[[0.23181229545572227, 0.4735008988935335, -0.3060479862327988], [0.26134190289185316, 0.20296556888034367, 0.5119675762160434], [0.4995686948989106, -0.32589459653495473, -0.12581431747183996]]	0.7837210535647623	0.33323882971834645	[[0.34137447772819873, 0.48660659596833655, -0.39031870121203394], [0.40475971705759706, 0.3089037150448042, 0.7231923911813946], [0.558777113280801, -0.4135449950406632, -0.0596107753031067]]	[[0.04334654780244239, -0.12214667329981073, 0.003149848916400841], [0.06876724449009243, 0.047962386541518624, 0.06498469504166056], [-0.08349004387640924, 0.005439217114096273, 0.1021415619378504]]	0.4296222468990351	[[0.3867327202654726, 0.38673272026547273, -0.5469226580128719], [0.5, 0.5000000000000001, 0.7071067811865475], [0.5469226580128719, -0.5469226580128718, 0.0]]
4	[[0.8787972042104137, -0.3840163418041313, 0.28327887866788265], [-0.395223040501579, -0.9183905790867732, -0.018907472103605397], [0.2674214316928388, -0.09534250611366366, -0.9588511794847616]]	0.6232603801646454	0.37673961983535487	[[0.5477194795838097, -0.23934217118227927, 0.17655650161115893], [-0.24632686247284116, -0.572396461461251, -0.011784278251245528], [0.16667318318105245, -0.05942320660625202, -0.5976139506469911]]	0.8112350750132843	0.2995496961154446	[[0.639483326821374, -0.26430664965645745, 0.15968560627758882], [-0.32155223343387895, -0.8536232457786136, -0.03183251182354543], [0.15202741051181257, -0.04648422232878502, -0.7373665261753]]	[[-0.07342778905772548, 0.047220876193344016, -0.07012015610823008], [-0.0009334405256021514, -0.1085925954616615, -0.016494107273265522], [-0.0649142346876874, 0.030860962770287437, 0.04048718234059672]]	0.4983379211393136	[[0.6218783806062668, -0.6218783806062667, 0.0], [-0.7071067811865475, -0.7071067811865476, 0.0], [0.0, 0.0, -0.8794688399999999]]
4	[[0.22433838825039393, -0.7661379269479729, -0.6022499185961573], [-0.9416906372873723, -0.011392912655017143, -0.3362869982418849], [0.2507808429735371, 0.642575192824231, -0.724020780340167]]	0.5067628344849016	0.4932371655150985	[[0.11368635751354397, -0.3882502274665412, -0.30519787581608987], [-0.4772138165596421, -0.005773504710095398, -0.17041775242947668], [0.1270864108197827, 0.3256332260852895, -0.36690682287115334]]	0.7251262797844714	0.45511989649641027	[[0.20142932585491663, -0.4689918953772012, -0.34571895880446046], [-0.8130649678164592, 0.04315456032295356, -0.20481023634755588], [0.15841363968180944, 0.34571895880446046, -0.3940130143241679]]	[[0.038755664970064135, 0.08655484939236936, 0.09098828416767182], [-0.13022033929239896, 0.051415860692395454, 0.03904030362746919], [-0.023434140024805244, -0.1202292002499637, 0.13099348061054736]]	0.731441670896799	[[1.6468385802741348e-16, -0.8247658781519999, 0.0], [-1.0, -1.7938038903913487e-16, 0.0], [0.0, 0.0, -0.8247658781519999]]
4	[[0.04673222253661188, -0.9725397674033924, -0.22799671093185395], [-0.8377629715199755, -0.16246744520517667, 0.5213036857710898], [-0.5440306084466285, 0.16664552219444034, -0.8223502702654952]]	0.5624341846814135	0.4375658153185865	[[0.026283799480729654, -0.5469896111497785, -0.12823314422300114], [-0.47118653384311554, -0.09137724508124566, 0.29319901347807864], [-0.3059814117034128, 0.09372713840623846, -0.4625179037793139]]	0.7335698636026381	0.429482043233752	[[-0.011340560906364079, -0.7572329039129053, -0.12273514287219778], [-0.6798478644142566, -0.1473456411950581, 0.2762330991726684], [-0.26136416487126596, 0.022596496749675336, -0.545886831584774]]	[[-0.04562191101839469, -0.043807039390657214, 0.0445163732679324], [-0.0652901956650075, -0.0281644195760275, -0.10617957449398235], [0.13772029436258754, -0.09964963623649067, 0.05736454400747783]]	0.6635460483754735	[[1.6468385802741348e-16, -0.8247658781519999, 0.0], [-1.0, -1.7938038903913487e-16, 0.0], [0.0, 0.0, -0.8247658781519999]]
4	[[0.8489524140446696, -0.5135124485683378, 0.12483895166604869], [0.522794976890395, 0.7815435453534784, -0.34040431673891397], [0.0772347773085365, 0.35425224329800037, 0.9319550081910795]]	0.7128202532555132	0.28717974674448676	[[0.6051504747812007, -0.36604207363834124, 0.08898773314274559], [0.3726588478277216, 0.5571000679290783, -0.24264709126710254], [0.05505451352120416, 0.25251817378401425, 0.6643164049615091]]	0.8623373994695066	0.23068273509533013	[[0.6859191688849319, -0.4300932812136882, 0.054140224705533584], [0.4950957008601448, 0.6662059696382997, -0.3107543742782488], [0.02223430065040774, 0.2638390559930172, 0.7602581149009325]]	[[-0.04616424811570834, 0.01272770827995101, -0.05351307222666629], [0.04427004003276082, -0.007748258833997296, -0.01721100101341952], [-0.04436813636244209, -0.04164590224881944, -0.04340154328514589]]	0.44788277151058603	[[0.6631247393967443, -0.6631247393967442, 0.0], [0.7071067811865475, 0.7071067811865476, 0.0], [0.0, 0.0, 0.9378]]
4	[[0.08740825448676931, -0.06334395238859675, -0.994156597696443], [0.7119981850616444, -0.6940087028176986, 0.10681996481098455], [-0.6967197295301035, -0.717174639895393, -0.015561310176609944]]	0.6939925200820818	0.3060074799179183	[[0.060660674807248974, -0.043960229150121655, -0.6899372425915827], [0.49412141474479904, -0.48163684862735107, 0.07413225657425446], [-0.4835182808875029, -0.49771383567996325, -0.010799432865244478]]	0.8743159807691565	0.2093441845496817	[[0.0504550372585286, -0.050455037258528616, -0.7886309755430141], [0.6786145827688055, -0.6653826987773988, 0.09225260010592055], [-0.566451533187622, -0.577250860332799, 0.0]]	[[-0.02596739649039114, 0.004927592599902102, 0.08057602521007913], [0.05610319129077462, -0.058599799111012645, -0.001141802193522187], [0.042701660457711864, 0.04978638833010818, 0.013605502169115779]]	0.22322241838781326	[[0.0, 0.0, -0.8247658781519999], [0.7071067811865475, -0.7071067811865476, 0.0], [-0.583197545332557, -0.5831975453325569, 0.0]]
4	[[0.5319609947059123, -0.8460851799387872, 0.03402011756955908], [-0.703274286200726, -0.4190807785627857, 0.5742617690636116], [-0.47161719485230363, -0.3294103357928521, -0.8179645788128509]]	0.5845747002575403	0.4154252997424597	[[0.3109709390289116, -0.4945999904550636, 0.019887300030951266], [-0.411116355054625, -0.24498402051203716, 0.3356989015197256], [-0.2756954803170874, -0.19256494830784227, -0.4781613984808076]]	0.7367673388538348	0.4472316335548586	[[0.4569362638850658, -0.5991883378565056, 0.0926902942509311], [-0.5097303689972235, -0.3563688474586982, 0.3426568211781152], [-0.25256917473073615, -0.10515432866365927, -0.5410511328626922]]	[[0.06500477744155192, 0.02417958861066269, 0.0676253827617125], [0.008419155331215709, -0.04760381747220119, -0.0804404942203773], [0.09490297087830608, 0.13754444782938846, 0.06159845314594965]]	0.6867088338501754	[[0.6218783806062668, -0.6218783806062667, 0.0], [-0.7071067811865475, -0.7071067811865476, 0.0], [0.0, 0.0, -0.8794688399999999]]
4	[[-0.3195682178843842, -0.5708200961323295, -0.7563336379995778], [0.910087742671785, 0.03735879733279218, -0.41272826520656647], [0.2638493031197415, -0.8202248094963509, 0.507557688474819]]	0.5540596865970875	0.4459403134029124	[[-0.1770598666474117, -0.3162684035663979, -0.4190539784328811], [0.5042429294805801, 0.020699003541850978, -0.2286760932701098], [0.14618826219538392, -0.454453500888704, 0.28121725380630036]]	0.7129779333685597	0.46119857766337036	[[-0.2417349308044619, -0.39434260331432003, -0.4174608522412978], [0.7876289626721568, 0.016402667071479943, -0.21916524448794078], [0.16951674237693745, -0.41746085224129775, 0.3249557477759123]]	[[-0.01388984324698004, 0.012639529151351008, 0.12178834191676566], [0.13875648471796997, -0.010233331043989088, 0.07510090108182779], [-0.018601988482110386, 0.16734133733103107, -0.0369216840181873]]	0.7203427261704461	[[0.0, 0.0, -0.7734654405309455], [1.0, -1.7938038903913487e-16, 0.0], [-1.5444052205810838e-16, -0.7734654405309455, 0.0]]
