4	[[0.8787972042104137, -0.3840163418041313, 0.28327887866788265], [-0.395223040501579, -0.9183905790867732, -0.018907472103605397], [0.2674214316928388, -0.09534250611366366, -0.9588511794847616]]	0.7086796230693524	0.2913203769306477	[[0.6227856714342367, -0.27214455636222334, 0.2007539689578639], [-0.28008651537098245, -0.6508446894176587, -0.013399340203577378], [0.18951611941274754, -0.06756729129511857, -0.679518292456865]]	0.8524953773307591	0.24231584536678596	[[0.69631857160282, -0.31657065993445516, 0.1495079685686246], [-0.36009064940133134, -0.8405075195641626, -0.024958259963392935], [0.13592247187018341, -0.05701341815393455, -0.8174161980589054]]	[[-0.052851982597752846, 0.010801496273035534, -0.09198596599118636], [-0.023164834359127858, -0.05758379630856941, -0.00883972739805905], [-0.09205306244713501, 0.024265627571093358, 0.0]]	0.47393925616026683	[[0.6860526767767183, -0.6860526767767182, 0.0], [-0.7071067811865475, -0.7071067811865476, 0.0], [0.0, 0.0, -0.9702250000000002]]
4	[[-0.3195682178843842, -0.5708200961323295, -0.7563336379995778], [0.910087742671785, 0.03735879733279218, -0.41272826520656647], [0.2638493031197415, -0.8202248094963509, 0.507557688474819]]	0.6625151896093998	0.33748481039060013	[[-0.2117187984648108, -0.3781769842219661, -0.5010825235872574], [0.6029469533973885, 0.024750770698514016, -0.27343874488048703], [0.17480417108468352, -0.5434113951858088, 0.33626467821760336]]	0.7788698138630897	0.3598935379514078	[[-0.29146629522411666, -0.4213216450647279, -0.5409690166102936], [0.7741185327187698, 0.033759057694370764, -0.23986492683117416], [0.22579362283917565, -0.5409690166102935, 0.31625731468202195]]	[[-0.0425642568439471, 0.023272896959170477, 0.04811642323683099], [0.06527866198491732, 0.00466141816962995, 0.08159666026630015], [0.020289365230396653, 0.09787932808801758, -0.07906404766514036]]	0.7115790747135843	[[0.0, 0.0, -0.9413365506250003], [1.0, 1.7938038903913487e-16, 0.0], [1.8795992773912113e-16, -0.9413365506250003, 0.0]]
4	[[0.8489524140446696, -0.5135124485683378, 0.12483895166604869], [0.522794976890395, 0.7815435453534784, -0.34040431673891397], [0.0772347773085365, 0.35425224329800037, 0.9319550081910795]]	0.8186045164682207	0.18139548353177926	[[0.6949562804035655, -0.4203636096606963, 0.10219372966498537], [0.4279623292693764, 0.639775076042943, -0.2786565111077537], [0.06322473753318525, 0.2899924863327421, 0.7629025788503954]]	0.9086447836570934	0.15042197745586539	[[0.7638680245069847, -0.4742599772103999, 0.054854047632543076], [0.5001662843670672, 0.6735000229024203, -0.2880743884564146], [0.02152025005975127, 0.2878130237263209, 0.8468160567959281]]	[[-0.0075281580878012256, -0.00765956947579833, -0.05858021459603206], [0.025131355693479136, -0.03664544278388895, 0.02123221828275661], [-0.048658727458567676, -0.03407642924523066, 0.0]]	0.4316765029879684	[[0.6965001794687494, -0.6965001794687493, 0.0], [0.7071067811865475, 0.7071067811865476, 0.0], [0.0, 0.0, 0.9850000000000001]]
4	[[0.3802729664721569, 0.7767473726770865, -0.5020517802076895], [0.4287143634067757, 0.332951791095048, 0.839849450446521], [0.8195098935212374, -0.5346088512602871, -0.20639019011321075]]	0.7540879328667937	0.2459120671332066	[[0.2867592552121123, 0.585735820621777, -0.3785911891289103], [0.3232883280917188, 0.2510749278911612, 0.6333203360065297], [0.617982521569316, -0.40314208353916114, -0.1556363518264556]]	0.8672595203243146	0.21973597523358837	[[0.34483783920697214, 0.6263683278068258, -0.42744467445529016], [0.4035446337137861, 0.3039825296240809, 0.7223690527809892], [0.6725107250960046, -0.453440260487151, -0.08592638823354824]]	[[0.015042488712025206, -0.047273226034275945, 0.007964511625598735], [0.03173802054948196, 0.015226918987868314, -0.005998378757899742], [-0.03821703206025375, 0.010204355417978362, 0.093067469043679]]	0.37290589374491334	[[0.47066827531250005, 0.47066827531250016, -0.6656254583256915], [0.5, 0.5000000000000001, 0.7071067811865475], [0.6656254583256915, -0.6656254583256914, 0.0]]
4	[[-0.42203838922340475, -0.825029846081567, 0.3757783270710803], [0.2588054115689476, 0.28760896992378115, 0.9221175843470338], [-0.8688517462515349, 0.4864224845687207, 0.09214016247897017]]	0.7483248708099999	0.2516751291900002	[[-0.3158218230924648, -0.6173903529833827, 0.2812042680586641], [0.19367052617726155, 0.21522494526201064, 0.6900435221781233], [-0.6501833707667226, 0.36400204292396715, 0.06895077518348774]]	0.8631281006344063	0.2233574410456948	[[-0.28857114858113064, -0.6527654020438696, 0.34393550061156364], [0.25835512772956126, 0.2339206096674927, 0.8305455201925347], [-0.7588217501663551, 0.38510012708428454, 0.02300110494873199]]	[[0.07570204470407094, 0.05934104197120994, 0.019590666907127373], [0.03497290440814974, -0.014322774268238633, 0.034639921053492256], [-0.008891392691380813, -0.034744788127384206, -0.05652765848388711]]	0.4889735227000384	[[-0.47066827531250005, -0.47066827531250016, 0.6656254583256915], [0.5, 0.5000000000000001, 0.7071067811865475], [-0.6656254583256915, 0.6656254583256914, 0.0]]
4	[[0.034229894132735264, 0.2773841392786001, 0.9601491309293217], [-0.1827544195208179, -0.9427759796974285, 0.2788803941677556], [0.9825625356654255, -0.18501754344446375, 0.018422055382213542]]	0.866607717602503	0.13339228239749706	[[0.029663890428145018, 0.24038323583936244, 0.8320726469126865], [-0.15837639038270632, -0.8170169399760522, 0.24167990187380511], [0.8514962764347425, -0.16033763104082868, 0.01596469536832698]]	0.9266910852918864	0.12395803881384229	[[0.010165754873859184, 0.24061932481605336, 0.8747945874994852], [-0.16409038066245002, -0.8274139087465294, 0.25256930151863954], [0.9085817987715084, -0.16326057466888277, 0.0]]	[[-0.02155478286943164, -0.016430084254788348, -0.014967052683469434], [0.005266510705185404, 0.046248187066402185, -0.00586667361930694], [-0.0019501437714327355, 0.00819353346370608, -0.017071554495450704]]	0.3447041473927179	[[0.0, 0.0, 0.9850000000000001], [0.0, -1.0, 0.0], [0.9850000000000001, 0.0, 0.0]]
4	[[-0.30792515101507295, 0.09349718223056193, 0.9468053539599837], [0.3027085282091916, -0.9338174967034747, 0.1906631317268273], [0.9019698710720718, 0.34531602882779927, 0.2592434992682147]]	0.7349006601494336	0.2650993398505665	[[-0.22629439675759114, 0.06871114094335183, 0.6958078796582102], [0.2224606972137983, -0.6862630947864751, 0.1401184613722038], [0.6628582536857651, 0.2537729775457305, 0.19051821875166022]]	0.8545078995797774	0.25637996522654466	[[-0.2615321920498558, 0.08080404207145371, 0.7486649839925174], [0.24312601058598593, -0.8497644360458658, 0.11957472546285547], [0.6849372444337507, 0.268126545334171, 0.1807281499784021]]	[[0.0015922819718199154, 0.0009099612669885709, -0.060387670330715806], [-0.015540818038936172, -0.05181000834693394, -0.043348426756338154], [-0.08580313558028795, -0.026948729150701553, -0.040797468060991604]]	0.46858224916825997	[[0.0, 0.0, 0.9850000000000001], [0.0, -1.0, 0.0], [0.9850000000000001, 0.0, 0.0]]
4	[[-0.5446221603179724, 0.8109226453022452, -0.2139887049042392], [-0.8354447797583356, -0.5021691245819775, 0.22328947644507607], [0.07361197229480154, 0.30038414347728, 0.9509735242804028]]	0.7348081271192354	0.2651918728807648	[[-0.4001927896108811, 0.5958725502331188, -0.15724063947535472], [-0.6138916139257647, -0.36899795393118867, 0.164074921992041], [0.05409067549549615, 0.2207247098848558, 0.6987830743164615]]	0.8439998915349797	0.23995970132948755	[[-0.5133963997601817, 0.6508759243375356, -0.13908090740756024], [-0.7367459115517407, -0.40883393078758673, 0.09390952955773745], [0.07870827834086508, 0.14877310169139227, 0.7888380359723753]]	[[-0.05373535552426684, -0.033542700340818035, 0.04152553632132842], [-0.03163060805224046, 0.014996755891817912, -0.09454676434280915], [0.016579781708376637, -0.10475108282225985, -0.01378351537292195]]	0.38864255556067745	[[-0.6860526767767183, 0.6860526767767182, 0.0], [-0.7071067811865475, -0.7071067811865476, 0.0], [0.0, 0.0, 0.9702250000000002]]
4	[[0.8592155572171323, 0.2624339665249735, -0.4391776855101157], [-0.4266000482917053, 0.8413623931712975, -0.33184593135155627], [0.2824199444684594, 0.4724804086637203, 0.8348660002631537]]	0.7315215167339248	0.26847848326607526	[[0.628534667616861, 0.1919760932348487, -0.3212679266200545], [-0.3120671143651139, 0.6154746939755522, -0.24275243902427238], [0.20659626613347826, 0.34562958517274933, 0.6107224427820874]]	0.8101643227726419	0.2753115982143695	[[0.6619233996264378, 0.267644313128546, -0.2755861220593512], [-0.33785495892682993, 0.6895740096546183, -0.3480392147581266], [0.1398185053505819, 0.38678046294546564, 0.6617941624020373]]	[[-0.034182390402098486, 0.055029676366302474, 0.08021997009880805], [0.007761180292195869, 0.007932216184624702, -0.07918948051983637], [-0.08898805769719464, 0.003993692637081503, -0.014584485307065149]]	0.5009179725916779	[[0.6656254583256915, 0.47066827531250016, -0.47066827531250005], [-0.7071067811865475, 0.5000000000000001, -0.5], [0.0, 0.6656254583256914, 0.6656254583256915]]
4	[[0.5319609947059123, -0.8460851799387872, 0.03402011756955908], [-0.703274286200726, -0.4190807785627857, 0.5742617690636116], [-0.47161719485230363, -0.3294103357928521, -0.8179645788128509]]	0.6611004703027912	0.33889952969720893	[[0.3516796637828191, -0.5593473103737538, 0.02249071572499177], [-0.4649349613591597, -0.27705449980271757, 0.3796447256048665], [-0.3117863493197409, -0.2177733279152549, -0.5407567677442001]]	0.7848329006827702	0.3747523504824048	[[0.5053922463891154, -0.7073737353841678, 0.08398086310104938], [-0.5086354526275647, -0.3927760710700007, 0.32867137175962224], [-0.29968617039703094, -0.09368506808540837, -0.6210475010762835]]	[[0.08789175586398244, -0.04333824938810581, 0.057280755547363414], [0.04331734538695571, -0.06386768801017596, -0.12202815820579112], [0.07045452065077379, 0.16484700126978116, 0.020918011969166816]]	0.6536148478295254	[[0.6860526767767183, -0.6860526767767182, 0.0], [-0.7071067811865475, -0.7071067811865476, 0.0], [0.0, 0.0, -0.9702250000000002]]
4	[[0.04673222253661188, -0.9725397674033924, -0.22799671093185395], [-0.8377629715199755, -0.16246744520517667, 0.5213036857710898], [-0.5440306084466285, 0.16664552219444034, -0.8223502702654952]]	0.6259496453852146	0.3740503546147854	[[0.02925201812485518, -0.6087609225291727, -0.1427144603567892], [-0.5243974349397923, -0.1016964397128221, 0.326309857246419], [-0.34053576643586964, 0.10431170552264384, -0.514749860055122]]	0.7978631421742136	0.3389548531599095	[[-0.03266815978852884, -0.8750646742944902, -0.15547026594777036], [-0.6862272239685134, -0.1490429892929182, 0.28078689762715947], [-0.3112153550977709, 0.04619975463070905, -0.622642241793869]]	[[-0.06995407770237472, -0.09911103958464054, 0.02643990624170451], [-0.017807027114379613, -0.019416202960498976, -0.135142099129161], [0.12284661559640543, -0.08676056533660977, 0.03348072880797279]]	0.6188276314316649	[[1.9082226166408236e-16, -0.9556716250000002, 0.0], [-1.0, -1.7938038903913487e-16, 0.0], [0.0, 0.0, -0.9556716250000002]]
4	[[-0.8305561570912853, 0.32773595720904825, 0.4502950280316503], [-0.5100865793185324, -0.772219296347621, -0.37879947194723407], [0.22358030216652452, -0.5443036842615101, 0.808545204538665]]	0.6678178669872742	0.33218213301272587	[[-0.5546602412418494, 0.21886792787837916, 0.3007150651350714], [-0.3406449313793374, -0.5157018433332821, -0.25296905537170755], [0.14931092049321867, -0.36349572541683645, 0.5399609338578005]]	0.8058899840298995	0.34073018239730735	[[-0.6591676448955462, 0.2713824968615472, 0.2024675813747079], [-0.568750516737071, -0.6295674484132578, -0.29476946678819854], [0.18197742890354712, -0.2886942335781739, 0.6435095897106398]]	[[0.010169243278684362, 0.007263371540323484, -0.16042067157446188], [-0.15767685147619284, -0.007243652012093231, 0.010501233609892299], [0.0017963027611666328, 0.14995465383874995, -0.008088892262476733]]	0.6500039145864662	[[-0.9413365506250003, 0.0, 0.0], [0.0, -0.7071067811865476, -0.7071067811865475], [0.0, -0.6656254583256914, 0.6656254583256915]]
4	[[0.22433838825039393, -0.7661379269479729, -0.6022499185961573], [-0.9416906372873723, -0.011392912655017143, -0.3362869982418849], [0.2507808429735371, 0.642575192824231, -0.724020780340167]]	0.6123005379482941	0.3876994620517059	[[0.1373625158081695, -0.4691066648128347, -0.3687579491357434], [-0.5765976837919299, -0.006975886547464949, -0.20590870992852314], [0.15355324505982348, 0.3934491362385054, -0.44331831328802795]]	0.7750605351353036	0.36911919318971476	[[0.22615873115335752, -0.5828359272557532, -0.361698337413506], [-0.837184116157744, -0.014826820255507009, -0.15667441380555672], [0.14748335226291676, 0.361698337413506, -0.5290305886856478]]	[[0.05228289990461568, 0.010967344391994812, 0.10508180677882471], [-0.10731686688988828, -0.005996623276359629, 0.10396836701084347], [-0.04688698209383545, -0.13633633540151352, 0.03212934477388212]]	0.7420458457936376	[[1.8795992773912113e-16, -0.9413365506250003, 0.0], [-1.0, -1.7938038903913487e-16, 0.0], [0.0, 0.0, -0.9413365506250003]]
4	[[0.08740825448676931, -0.06334395238859675, -0.994156597696443], [0.7119981850616444, -0.6940087028176986, 0.10681996481098455], [-0.6967197295301035, -0.717174639895393, -0.015561310176609944]]	0.8963782701921612	0.10362172980783889	[[0.07835085995736649, -0.05678014246922497, -0.8911403713432619], [0.6382197015055151, -0.6220943205300342, 0.09575109527925785], [-0.6245244259649446, -0.6428597631351186, -0.013948820298033297]]	0.9469573109805379	0.0835452747366271	[[0.06849594653473387, -0.0633037050278003, -0.9133710973755458], [0.678812942844597, -0.6614599163406386, 0.1029046375525179], [-0.6573957104799969, -0.6759607725498321, 0.0]]	[[-0.014275939091559733, -0.00331968620701552, 0.02805276107263831], [0.004581056095599013, -0.004263301323299227, 0.001750690916072272], [0.002368131102917566, 0.003172995948944788, 0.014735896440176631]]	0.1318470452878637	[[0.0, 0.0, -0.9556716250000002], [0.7071067811865475, -0.7071067811865476, 0.0], [-0.6757618866250675, -0.6757618866250674, 0.0]]
