4	[[0.8489524140446696, -0.5135124485683378, 0.12483895166604869], [0.522794976890395, 0.7815435453534784, -0.34040431673891397], [0.0772347773085365, 0.35425224329800037, 0.9319550081910795]]	0.8108303497716131	0.18916965022838697	[[0.6883563828192947, -0.41637147828474275, 0.10122321084450375], [0.4238980339708813, 0.6336992262407074, -0.2760101512051806], [0.06262430149961329, 0.28723847034069616, 0.7556574052629795]]	0.9061066202078907	0.15810905686476054	[[0.7499311398400831, -0.47212372023292304, 0.06617413966709118], [0.5081764518059322, 0.6669439914549892, -0.29589188105328257], [0.0229684355358288, 0.2936103548302547, 0.8312867237398984]]	[[-0.01931026276726234, -0.006826691025988201, -0.04694326089732842], [0.034468462234114025, -0.04121778897054337, 0.01255072389119106], [-0.0470145074937183, -0.027379948045559818, -0.013163878917937757]]	0.4335478878991136	[[0.6923989601378674, -0.6923989601378673, 0.0], [0.7071067811865475, 0.7071067811865476, 0.0], [0.0, 0.0, 0.9792000000000001]]
4	[[-0.5446221603179724, 0.8109226453022452, -0.2139887049042392], [-0.8354447797583356, -0.5021691245819775, 0.22328947644507607], [0.07361197229480154, 0.30038414347728, 0.9509735242804028]]	0.7235259827842582	0.27647401721574194	[[-0.39404828379014667, 0.5867236039043173, -0.1548263880205703], [-0.6044660053366279, -0.3633324093870858, 0.16155573789030614], [0.05326017459928388, 0.21733573262220662, 0.6880540537567881]]	0.8375205328352732	0.24756380991234692	[[-0.5077355202156854, 0.6454292767179834, -0.1341244290359636], [-0.7365039177902429, -0.40849308920486144, 0.09429270452542074], [0.07814561830638196, 0.14266775453506203, 0.7811333582729916]]	[[-0.05160327831227961, -0.03373508926374212, 0.04509550511616488], [-0.036801760692594374, 0.0120838635884589, -0.09271681676336851], [0.01649408004698444, -0.10891013336529662, -0.015326494494568795]]	0.3921509437783276	[[-0.6779970617669998, 0.6779970617669997, 0.0], [-0.7071067811865475, -0.7071067811865476, 0.0], [0.0, 0.0, 0.9588326400000001]]
4	[[0.5319609947059123, -0.8460851799387872, 0.03402011756955908], [-0.703274286200726, -0.4190807785627857, 0.5742617690636116], [-0.47161719485230363, -0.3294103357928521, -0.8179645788128509]]	0.6539181546901746	0.34608184530982544	[[0.3478589520252398, -0.5532704595762761, 0.022246372503428837], [-0.4598838234734285, -0.2740445293838985, 0.3755201963351921], [-0.30839904577797495, -0.2154073989175326, -0.5348818879792253]]	0.778786584688131	0.38187663283642725	[[0.5180900098463226, -0.6636973011623204, 0.11269838037557157], [-0.5116673097452809, -0.3620804219248653, 0.3383540688236674], [-0.28921383530015987, -0.1345537524572292, -0.5981361659974507]]	[[0.10380592359200422, -0.004777513522549435, 0.08620396920288603], [0.03603326970396564, -0.03570593367951047, -0.10887329302234694], [0.07807530915906236, 0.1219865979158565, 0.03888367473207502]]	0.657601702649528	[[0.6779970617669998, -0.6779970617669997, 0.0], [-0.7071067811865475, -0.7071067811865476, 0.0], [0.0, 0.0, -0.9588326400000001]]
4	[[-0.30792515101507295, 0.09349718223056193, 0.9468053539599837], [0.3027085282091916, -0.9338174967034747, 0.1906631317268273], [0.9019698710720718, 0.34531602882779927, 0.2592434992682147]]	0.7245836864388211	0.2754163135611789	[[-0.22311754106973225, 0.06774653297226285, 0.686039713712338], [0.21933766128628593, -0.6766289242224754, 0.13815139485459507], [0.6535526542381501, 0.25021036115446105, 0.18784361038506286]]	0.8497243898181379	0.2615879892146282	[[-0.25674582997492174, 0.07902803374599353, 0.7438086147613102], [0.24366198995718846, -0.849765160786712, 0.11903699641247273], [0.6804652810676831, 0.2646868524203418, 0.17771779622892825]]	[[0.004905681081019019, -0.00041880237458594496, -0.060714986908883085], [-0.01355682946811344, -0.05627765819885098, -0.042974116854920835], [-0.08596051726337775, -0.028736599469782468, -0.04256772800107442]]	0.4695707360948454	[[0.0, 0.0, 0.9792000000000001], [0.0, -1.0, 0.0], [0.9792000000000001, 0.0, 0.0]]
4	[[0.3802729664721569, 0.7767473726770865, -0.5020517802076895], [0.4287143634067757, 0.332951791095048, 0.839849450446521], [0.8195098935212374, -0.5346088512602871, -0.20639019011321075]]	0.7356110156464821	0.264388984353518	[[0.2797329830894839, 0.5713839237157281, -0.36931481994570287], [0.31536700828789327, 0.24492300520874358, 0.6178025072331051], [0.6028405051054979, -0.3932641600491789, -0.1518228973686495]]	0.8540626763167385	0.23650818345190408	[[0.34586013965816753, 0.6042815504579703, -0.43332836190139473], [0.402371042417849, 0.29214103217472503, 0.7186377352345968], [0.6655163204615246, -0.4333283619013948, -0.08202519052711138]]	[[0.021083192182051867, -0.059109389472617346, -0.004544674847632558], [0.03622210583123134, 0.007779334387636852, 0.0013536658830990665], [-0.03439649246726866, 0.023261104388583198, 0.09424496760649781]]	0.3773285679656694	[[0.4596800157646848, 0.4596800157646849, -0.6500857126462956], [0.5, 0.5000000000000001, 0.7071067811865475], [0.6500857126462956, -0.6500857126462956, 0.0]]
4	[[0.034229894132735264, 0.2773841392786001, 0.9601491309293217], [-0.1827544195208179, -0.9427759796974285, 0.2788803941677556], [0.9825625356654255, -0.18501754344446375, 0.018422055382213542]]	0.8655719313263491	0.13442806867365092	[[0.029628435573568125, 0.24009592515467496, 0.8310781376198086], [-0.15818709586306018, -0.8160404255547944, 0.24139104138883774], [0.8504785516448372, -0.16014599240848118, 0.015945614056183537]]	0.9222216712492617	0.12542367537527388	[[0.009062928209201578, 0.23867245735609, 0.8666438050131235], [-0.16463449953100523, -0.8269608603041154, 0.25311893834417204], [0.900198433310789, -0.1614184064185431, 0.0]]	[[-0.022504621964574832, -0.017137207147458554, -0.01882653116104184], [0.003905586667672165, 0.042487579306107054, -0.004070604843868348], [-0.005942030437492196, 0.009208781707243157, -0.01698921870243143]]	0.3471868120441422	[[0.0, 0.0, 0.9792000000000001], [0.0, -1.0, 0.0], [0.9792000000000001, 0.0, 0.0]]
4	[[-0.42203838922340475, -0.825029846081567, 0.3757783270710803], [0.2588054115689476, 0.28760896992378115, 0.9221175843470338], [-0.8688517462515349, 0.4864224845687207, 0.09214016247897017]]	0.7331607546189436	0.26683924538105647	[[-0.3094219839211948, -0.6048795045363125, 0.2755059218448774], [0.18974597084535594, 0.21086360942449636, 0.6760604239872687], [-0.6370080019337623, 0.35662587585002475, 0.06755355105379385]]	0.8533272088498403	0.24023748039109055	[[-0.28184113380423137, -0.6375188977251385, 0.3338135582247593], [0.2567458042308826, 0.2322566928773786, 0.8305636793213349], [-0.7410727402219282, 0.3760692436744704, 0.022514310186083786]]	[[0.0782957068992592, 0.06650151804945852, 0.01315168723893188], [0.035900104741518404, -0.013167866667859221, 0.043695654839123535], [0.0003420953112036893, -0.03900829740436054, -0.05611139748506661]]	0.4947544491398666	[[-0.4596800157646848, -0.4596800157646849, 0.6500857126462956], [0.5, 0.5000000000000001, 0.7071067811865475], [-0.6500857126462956, 0.6500857126462956, 0.0]]
4	[[0.04673222253661188, -0.9725397674033924, -0.22799671093185395], [-0.8377629715199755, -0.16246744520517667, 0.5213036857710898], [-0.5440306084466285, 0.16664552219444034, -0.8223502702654952]]	0.6176005670878454	0.3823994329121545	[[0.028861847139886942, -0.6006411118638164, -0.1408108979656765], [-0.5174028862959354, -0.10033998629203056, 0.321957451957209], [-0.33599361228978336, 0.10292036900993648, -0.5078839932608129]]	0.7920412344024644	0.35182842634078054	[[-0.03647081177092738, -0.8528447093503576, -0.16087215862323795], [-0.6915622260464535, -0.15559632832987125, 0.27473653444737783], [-0.300000098597468, 0.050605452791311505, -0.6144305647098733]]	[[-0.07348465899519623, -0.08255311147068889, 0.019710637742929513], [-0.028019407947095447, -0.026915412479348266, -0.13815748032931047], [0.13089457606932353, -0.08138467231521629, 0.036904758462409835]]	0.6239824826695771	[[1.874712010763763e-16, -0.9388889210880002, 0.0], [-1.0, -1.7938038903913487e-16, 0.0], [0.0, 0.0, -0.9388889210880002]]
4	[[0.22433838825039393, -0.7661379269479729, -0.6022499185961573], [-0.9416906372873723, -0.011392912655017143, -0.3362869982418849], [0.2507808429735371, 0.642575192824231, -0.724020780340167]]	0.5983343789612964	0.40166562103870357	[[0.1342293702109777, -0.4584066607191104, -0.36034683102272314], [-0.5634458826350075, -0.006816771318000004, -0.20121207224581678], [0.15005079993596177, 0.38447482893442164, -0.4332065239599071]]	0.7670607677115439	0.3803715076314642	[[0.22078746035778438, -0.572466603026177, -0.3539058650749959], [-0.8379626370440604, -0.013672911287525444, -0.15637385766352233], [0.14376387471190516, 0.3539058650749959, -0.5201558887963784]]	[[0.04870628403926672, 0.015207743391465661, 0.10805641983758729], [-0.11562869385963567, -0.0049338549598974026, 0.10157870537930852], [-0.048600271226724355, -0.13898835564515213, 0.035212046810461285]]	0.7387532355979313	[[1.8357180009398771e-16, -0.9193600315293698, 0.0], [-1.0, -1.7938038903913487e-16, 0.0], [0.0, 0.0, -0.9193600315293698]]
4	[[0.8787972042104137, -0.3840163418041313, 0.28327887866788265], [-0.395223040501579, -0.9183905790867732, -0.018907472103605397], [0.2674214316928388, -0.09534250611366366, -0.9588511794847616]]	0.6981998367797939	0.30180016322020614	[[0.6135760645422501, -0.268120147168418, 0.19778526684907874], [-0.27594466236981635, -0.6412201524184857, -0.013201193936655798], [0.18671359995935888, -0.06656812220673645, -0.6694697370123734]]	0.8474600379633994	0.24802836128390174	[[0.6927727146841182, -0.3137755910975125, 0.1453657777630205], [-0.35949901909655113, -0.8404998740506583, -0.025568348170566323], [0.13255671938384095, -0.05543956923706728, -0.8125880569674064]]	[[-0.051972797358168406, 0.01166291250638227, -0.09470175150709255], [-0.024563286189072796, -0.06220055903255326, -0.009545021143852982], [-0.0940722572707988, 0.025359394613543765, 0.0]]	0.4764176443318701	[[0.6779970617669998, -0.6779970617669997, 0.0], [-0.7071067811865475, -0.7071067811865476, 0.0], [0.0, 0.0, -0.9588326400000001]]
4	[[-0.8305561570912853, 0.32773595720904825, 0.4502950280316503], [-0.5100865793185324, -0.772219296347621, -0.37879947194723407], [0.22358030216652452, -0.5443036842615101, 0.808545204538665]]	0.6544227771670954	0.3455772228329046	[[-0.5435348669169093, 0.21447787529426168, 0.2946833227890077], [-0.33381227583329787, -0.5053578964978303, -0.24789500242113818], [0.1463160422636754, -0.3562047286766992, 0.5291303982193303]]	0.7979122475712209	0.35085193887407035	[[-0.6480675559674146, 0.27227729603614526, 0.19987991060648025], [-0.5729867467188223, -0.6275748090323277, -0.2920647062277266], [0.17773636988292799, -0.28138168890636006, 0.6351242380767425]]	[[0.014643374071408859, 0.010772761809568024, -0.15941600728039979], [-0.16598241775885628, -0.011411574665730567, 0.01018403181248248], [-0.0006610915314163398, 0.15292488716403754, -0.010023883339636311]]	0.657344791572636	[[-0.9193600315293698, 0.0, 0.0], [0.0, -0.7071067811865476, -0.7071067811865475], [0.0, -0.6500857126462956, 0.6500857126462956]]
4	[[0.8592155572171323, 0.2624339665249735, -0.4391776855101157], [-0.4266000482917053, 0.8413623931712975, -0.33184593135155627], [0.2824199444684594, 0.4724804086637203, 0.8348660002631537]]	0.7194544015798299	0.2805455984201702	[[0.618166414545732, 0.18880927234044592, -0.31596831891589494], [-0.30691928245763533, 0.6053218770908295, -0.23874801595723522], [0.20318827214176421, 0.3399281096733504, 0.6006480186186733]]	0.8029967653940652	0.2843356477722829	[[0.6522135280848418, 0.2659947758833435, -0.2699362594457761], [-0.34055953435355923, 0.6887927056254578, -0.3479682705618442], [0.1366436198606176, 0.3790837936023177, 0.6537086615398342]]	[[-0.03773378513677487, 0.05526114963425541, 0.08272200145209885], [0.001998924541632084, 0.013181425384696424, -0.08149706107736363], [-0.09013868203032682, -0.00031644626671581584, -0.016686036208959067]]	0.5098266469457733	[[0.6500857126462956, 0.4596800157646849, -0.4596800157646848], [-0.7071067811865475, 0.5000000000000001, -0.5], [0.0, 0.6500857126462956, 0.6500857126462956]]
4	[[-0.3195682178843842, -0.5708200961323295, -0.7563336379995778], [0.910087742671785, 0.03735879733279218, -0.41272826520656647], [0.2638493031197415, -0.8202248094963509, 0.507557688474819]]	0.6500886398953415	0.34991136010465856	[[-0.20774766811823747, -0.37108365991959424, -0.49168390603424106], [0.5916377028189223, 0.024286529746200616, -0.2683099565745006], [0.17152543460244643, -0.5332188308138983, 0.3299574873690185]]	0.7705906077925438	0.3706459962079225	[[-0.28456647741565066, -0.41231310190338943, -0.52988670475221], [0.7758555043319825, 0.0320901307523368, -0.23743666304396133], [0.21828977802232472, -0.52988670475221, 0.3118946182233644]]	[[-0.03831021016494297, 0.02755550291542064, 0.052936893047830516], [0.07455043756198747, 0.0033017924092619377, 0.08060786169472896], [0.014969983165643956, 0.10217082972410653, -0.07922456942822495]]	0.7108359580450514	[[0.0, 0.0, -0.9193600315293698], [1.0, 1.7938038903913487e-16, 0.0], [1.8357180009398771e-16, -0.9193600315293698, 0.0]]
4	[[0.08740825448676931, -0.06334395238859675, -0.994156597696443], [0.7119981850616444, -0.6940087028176986, 0.10681996481098455], [-0.6967197295301035, -0.717174639895393, -0.015561310176609944]]	0.870728255052083	0.1292717449479171	[[0.07610883690641304, -0.05515536913142509, -0.8656402395607394], [0.6199569372789757, -0.6042929867954143, 0.09301116156459348], [-0.6066535543541062, -0.6244642227637216, -0.013549672456403797]]	0.9348383018092458	0.1042122151457179	[[0.07233292256515503, -0.05704957176735344, -0.8934197128717838], [0.6748863932305962, -0.6570030299938204, 0.11126674707356718], [-0.6392717350272764, -0.6620435555954447, 0.0]]	[[-0.009379661623366784, 0.0021667811134880545, 0.03595595265121648], [0.009283219016303433, -0.008217112810885573, 0.011407352570342973], [0.01204855376364251, 0.008398766865021811, 0.014547308779428975]]	0.14172918227815126	[[0.0, 0.0, -0.9388889210880002], [0.7071067811865475, -0.7071067811865476, 0.0], [-0.6638947228822463, -0.6638947228822462, 0.0]]
