4	[[0.8787972042104137, -0.3840163418041313, 0.28327887866788265], [-0.395223040501579, -0.9183905790867732, -0.018907472103605397], [0.2674214316928388, -0.09534250611366366, -0.9588511794847616]]	0.6678777433114492	0.3321222566885507	[[0.586929093576462, -0.25647596775886133, 0.18919565821250328], [-0.2639606723948841, -0.6133726274389694, -0.012627879800280148], [0.17860482231213007, -0.06367713782485174, -0.640395361925804]]	0.8326467858672966	0.2645638743622305	[[0.6822615157834442, -0.30561787987176736, 0.13383852536904936], [-0.3578408598837289, -0.8404752835578005, -0.027285874084751357], [0.12314384249377189, -0.05109180047369832, -0.7983843527230532]]	[[-0.04946615173152311, 0.014132092851959738, -0.10203272245785495], [-0.028759665509388715, -0.07578031971039359, -0.01154262820880875], [-0.09952375307730113, 0.02829483079837679, 0.0]]	0.48447609565660776	[[0.6549320305242894, -0.6549320305242893, 0.0], [-0.7071067811865475, -0.7071067811865476, 0.0], [0.0, 0.0, -0.9262137599999999]]
4	[[-0.30792515101507295, 0.09349718223056193, 0.9468053539599837], [0.3027085282091916, -0.9338174967034747, 0.1906631317268273], [0.9019698710720718, 0.34531602882779927, 0.2592434992682147]]	0.6930711594829292	0.30692884051707103	[[-0.21341404144797269, 0.06480020049692226, 0.656203484473691], [0.20979855063131536, -0.6472019751857236, 0.13214311777655866], [0.625129304362589, 0.23932858048772346, 0.17967419262623355]]	0.8356815652058794	0.27574713059635664	[[-0.24152450869559655, 0.07463738717328158, 0.7315994454780805], [0.24591963409235923, -0.8490878946455449, 0.11841441738064344], [0.6693759717666702, 0.25577395933259917, 0.166887121522315]]	[[0.015802863470936426, -0.0034964844154937403, -0.05962833466450538], [-0.007048302562666207, -0.06871382738374905, -0.04091924696788637], [-0.0843836218593841, -0.03280028012889475, -0.04975789171559587]]	0.47272116592357116	[[0.0, 0.0, 0.9623999999999999], [0.0, -1.0, 0.0], [0.9623999999999999, 0.0, 0.0]]
4	[[0.22433838825039393, -0.7661379269479729, -0.6022499185961573], [-0.9416906372873723, -0.011392912655017143, -0.3362869982418849], [0.2507808429735371, 0.642575192824231, -0.724020780340167]]	0.5592266871379027	0.4407733128620973	[[0.12545601365912445, -0.42844477477781545, -0.3367942268056006], [-0.5266185353989977, -0.0063712208009167395, -0.18806066395435903], [0.14024334001374175, 0.3593451963200937, -0.4048917424086308]]	0.7564291018499478	0.41089626654587247	[[0.20142810343461032, -0.4952776118843058, -0.39167004183350185], [-0.8301004012445898, 0.031974068972909386, -0.1831436917682419], [0.1571138321804746, 0.39167004183350185, -0.4215980319895375]]	[[0.03173201789989988, 0.08425141209013019, 0.0638893231793936], [-0.1177781982607977, 0.04059199965999891, 0.07123358027568205], [-0.03258409563117094, -0.09439253414558826, 0.1260723566038734]]	0.7327354368224501	[[1.712942578478445e-16, -0.8578719292133373, 0.0], [-1.0, -1.7938038903913487e-16, 0.0], [0.0, 0.0, -0.8578719292133373]]
4	[[0.034229894132735264, 0.2773841392786001, 0.9601491309293217], [-0.1827544195208179, -0.9427759796974285, 0.2788803941677556], [0.9825625356654255, -0.18501754344446375, 0.018422055382213542]]	0.8488297186965965	0.1511702813034035	[[0.029055351407703954, 0.2354519009147517, 0.8150031167135178], [-0.15512738251241567, -0.8002562696404765, 0.23672196653141192], [0.8340282807506979, -0.15704838935589951, 0.015637188087897443]]	0.9088000215063525	0.13845532890624548	[[0.009080517485485868, 0.23114319646106035, 0.8434307343531017], [-0.16558438991692154, -0.8261363166627229, 0.25415967240007425], [0.8757938293092928, -0.15677304719330937, 0.0]]	[[-0.022027611038504112, -0.020943515280852566, -0.029152816484771724], [0.000502830473978727, 0.030658513961972618, 0.0007131641827178656], [-0.01715902423478225, 0.011370900268071788, -0.016741964327546884]]	0.35451687071197	[[0.0, 0.0, 0.9623999999999999], [0.0, -1.0, 0.0], [0.9623999999999999, 0.0, 0.0]]
4	[[-0.5446221603179724, 0.8109226453022452, -0.2139887049042392], [-0.8354447797583356, -0.5021691245819775, 0.22328947644507607], [0.07361197229480154, 0.30038414347728, 0.9509735242804028]]	0.6904680965300165	0.30953190346998344	[[-0.37604422636281587, 0.559916215334927, -0.14775237375415345], [-0.576847966835677, -0.34673175958626273, 0.15417425977621563], [0.05082671839221194, 0.20740566777455688, 0.6566168791603312]]	0.8185213148429659	0.27219687607687704	[[-0.4913947965277569, 0.6294543087283831, -0.12049677490170474], [-0.7357220143964742, -0.40730645432694024, 0.09556612817920937], [0.07633343080145569, 0.12614684284879646, 0.7590036019003068]]	[[-0.04560994977167378, -0.034303161140346615, 0.05465754119805656], [-0.05189265478998934, 0.0037296777994410626, -0.08720106767121173], [0.016080462450530797, -0.11972398122820482, -0.01938849757453748]]	0.40315808827330074	[[-0.6549320305242894, 0.6549320305242893, 0.0], [-0.7071067811865475, -0.7071067811865476, 0.0], [0.0, 0.0, 0.9262137599999999]]
4	[[0.8489524140446696, -0.5135124485683378, 0.12483895166604869], [0.522794976890395, 0.7815435453534784, -0.34040431673891397], [0.0772347773085365, 0.35425224329800037, 0.9319550081910795]]	0.7744331815077329	0.2255668184922672	[[0.6574569189572835, -0.39768107928860374, 0.09667942651482819], [0.40486977722949025, 0.6052532543149274, -0.2636203980110832], [0.059813174314091194, 0.27434469183352195, 0.7217368820154829]]	0.8885777935500134	0.18753020672704795	[[0.7221465481158847, -0.45896430070477046, 0.06195506159240735], [0.5078040501953102, 0.666305707385517, -0.2978052367210713], [0.022547473030393048, 0.27811689581276466, 0.8038172692185359]]	[[-0.03221371478488514, -0.0026685421954522337, -0.04897405862810697], [0.043260043151012714, -0.02815653170793176, 0.004670479961692829], [-0.04608163497575296, -0.03666378089711506, -0.024297255647778158]]	0.4391621299720942	[[0.6805195662139333, -0.6805195662139332, 0.0], [0.7071067811865475, 0.7071067811865476, 0.0], [0.0, 0.0, 0.9623999999999999]]
4	[[0.8592155572171323, 0.2624339665249735, -0.4391776855101157], [-0.4266000482917053, 0.8413623931712975, -0.33184593135155627], [0.2824199444684594, 0.4724804086637203, 0.8348660002631537]]	0.6756060234093669	0.324393976590633	[[0.5804912058629302, 0.17730196853148425, -0.29671108967761883], [-0.2882135622126029, 0.5684295006966487, -0.2241971100650027], [0.1908046156138301, 0.31921061003612866, 0.5640404985174728]]	0.7855115812426055	0.38081266113247925	[[0.548819950248297, 0.20612656754724817, -0.28414645214096673], [-0.32461254912012416, 0.7529385383006048, -0.2718465824542769], [0.243371887242994, 0.34075932235221595, 0.5338278021664006]]	[[-0.12610382072957887, -1.835246955272929e-05, 0.060832706050551986], [0.010486729371665074, 0.09203863444255615, -0.011177760189390859], [0.0215277500891256, -0.03037951056337538, -0.12196910982599873]]	0.5362074976826412	[[0.6066070585363368, 0.42893596460666866, -0.42893596460666855], [-0.7071067811865475, 0.5000000000000001, -0.5], [0.0, 0.6066070585363367, 0.6066070585363368]]
4	[[0.3802729664721569, 0.7767473726770865, -0.5020517802076895], [0.4287143634067757, 0.332951791095048, 0.839849450446521], [0.8195098935212374, -0.5346088512602871, -0.20639019011321075]]	0.6813162559416647	0.3186837440583356	[[0.25908615375264016, 0.5292106117648775, -0.3420560391799504], [0.2920900649447185, 0.2268454677179494, 0.5722030831328885], [0.5583454123610416, -0.3642377009339332, -0.1406169915910211]]	0.8255428128322909	0.2780326237688535	[[0.34709565046011037, 0.5524027725355553, -0.4213859014777508], [0.40683991306115846, 0.2942854013881236, 0.7150570914022123], [0.6209302749411162, -0.4213859014777508, -0.07524422345572815]]	[[0.033164036074606516, -0.08883543836437827, -0.006920662657635867], [0.05291785159272397, 0.019419443229968372, 0.021725413724937585], [-0.05561022770029736, 0.01995659335670645, 0.09513971463132312]]	0.3948613540544997	[[0.42893596460666855, 0.42893596460666866, -0.6066070585363368], [0.5, 0.5000000000000001, 0.7071067811865475], [0.6066070585363368, -0.6066070585363367, 0.0]]
4	[[0.5319609947059123, -0.8460851799387872, 0.03402011756955908], [-0.703274286200726, -0.4190807785627857, 0.5742617690636116], [-0.47161719485230363, -0.3294103357928521, -0.8179645788128509]]	0.6265929469457486	0.3734070530542514	[[0.33332300733296927, -0.5301510062649687, 0.021316765723350846], [-0.44066670750168074, -0.26259306004797467, 0.3598283741958473], [-0.29551200795279225, -0.20640619305883184, -0.5125308359355824]]	0.7654608722185021	0.4083463605820994	[[0.48861403593459746, -0.6440060840458361, 0.09657979154545637], [-0.5094288756585494, -0.3685261927061909, 0.3379225772328254], [-0.27418629865639127, -0.11228778614453205, -0.5787168102400305]]	[[0.08141870894078786, 0.003639015761256189, 0.07053872267768573], [0.02890007286550269, -0.047736254417512024, -0.1016523373963467], [0.0868182106684963, 0.1398629368092542, 0.0474030697018939]]	0.6692803250389024	[[0.6549320305242894, -0.6549320305242893, 0.0], [-0.7071067811865475, -0.7071067811865476, 0.0], [0.0, 0.0, -0.9262137599999999]]
4	[[-0.42203838922340475, -0.825029846081567, 0.3757783270710803], [0.2588054115689476, 0.28760896992378115, 0.9221175843470338], [-0.8688517462515349, 0.4864224845687207, 0.09214016247897017]]	0.686231693629555	0.3137683063704449	[[-0.2896161186134664, -0.566161628571485, 0.25787099781526834], [0.17760047590145295, 0.19736639053384816, 0.632786311632059], [-0.5962336053431874, 0.3337985254050893, 0.06322949974924606]]	0.825856871229232	0.2876481554887699	[[-0.2661198849666294, -0.5917520442467079, 0.31746925496837997], [0.26167619590051555, 0.23430973578477188, 0.829619134736321], [-0.6882300496933144, 0.3528734326017424, 0.023476917935232967]]	[[0.08242341869603638, 0.08960452310895009, 0.007130141497702575], [0.04793996844499075, -0.0032141082539443567, 0.06808199162202228], [0.029317135028032865, -0.04884191859973071, -0.05261766836420242]]	0.513935748084052	[[-0.42893596460666855, -0.42893596460666866, 0.6066070585363368], [0.5, 0.5000000000000001, 0.7071067811865475], [-0.6066070585363368, 0.6066070585363367, 0.0]]
4	[[0.08740825448676931, -0.06334395238859675, -0.994156597696443], [0.7119981850616444, -0.6940087028176986, 0.10681996481098455], [-0.6967197295301035, -0.717174639895393, -0.015561310176609944]]	0.7905767601997766	0.20942323980022345	[[0.06910293464686765, -0.050078256657625726, -0.7859571021380868], [0.562889218414156, -0.5486671518240657, 0.0844493817049223], [-0.5508104265391737, -0.5669816033059412, -0.012302410183888102]]	0.9150455133132332	0.1439148350559717	[[0.05474011831705497, -0.054740118317054984, -0.8546360903740002], [0.6842479850704913, -0.6720529660015675, 0.09023983078788385], [-0.6195954897168523, -0.6300572542523033, 0.0]]	[[-0.02524241277760458, 0.0032224811116575427, 0.05506244387887905], [0.03273724034266866, -0.03700341628789552, -0.007505298744685019], [0.017934772826478457, 0.026190182246009767, 0.014239307058382488]]	0.17292528175389954	[[0.0, 0.0, -0.8913881226239998], [0.7071067811865475, -0.7071067811865476, 0.0], [-0.6303065861765761, -0.630306586176576, 0.0]]
4	[[-0.8305561570912853, 0.32773595720904825, 0.4502950280316503], [-0.5100865793185324, -0.772219296347621, -0.37879947194723407], [0.22358030216652452, -0.5443036842615101, 0.808545204538665]]	0.6171865712624404	0.38281342873755947	[[-0.5126081068360793, 0.20227423170926637, 0.2779160444073787], [-0.31481858693659187, -0.4766033797754825, -0.2337899472871364], [0.1379907600959777, -0.33593692461487545, 0.4990232424999072]]	0.7780951085675787	0.3750573737642979	[[-0.6178224465795991, 0.2454578541393869, 0.19805289782540386], [-0.5658453542907805, -0.6264306059943678, -0.3045122453765214], [0.17893343324670505, -0.27587994603412674, 0.5973016619872281]]	[[0.02842923664381549, -0.009551891066686878, -0.15231946089832396], [-0.16894948197706228, -0.0255705487647865, -0.009770229126396874], [0.004966693758871069, 0.1476400882650661, -0.03182340672007961]]	0.6791546388326155	[[-0.8578719292133373, 0.0, 0.0], [0.0, -0.7071067811865476, -0.7071067811865475], [0.0, -0.6066070585363367, 0.6066070585363368]]
4	[[0.04673222253661188, -0.9725397674033924, -0.22799671093185395], [-0.8377629715199755, -0.16246744520517667, 0.5213036857710898], [-0.5440306084466285, 0.16664552219444034, -0.8223502702654952]]	0.5962150728526463	0.4037849271473536	[[0.02786245546423212, -0.5798428682745094, -0.135935075618399], [-0.49948691109803167, -0.0968655396791877, 0.31080911499036323], [-0.3243592488490761, 0.09935657215572556, -0.4902976262967356]]	0.7686444965968378	0.38200137722225197	[[-0.010867669491512938, -0.8149831873780147, -0.12977807616171966], [-0.6883603364092816, -0.15108296375193975, 0.2743078829174696], [-0.27725009590754945, 0.03697638386526385, -0.5933315391168167]]	[[-0.046788135158018496, -0.06744584744182824, 0.04547034093823], [-0.0444184388978391, -0.026203256118832362, -0.1263893262061258], [0.14091603725518068, -0.09111477965199889, 0.038763470397678385]]	0.6395157757890843	[[1.7798655221097725e-16, -0.8913881226239998, 0.0], [-1.0, -1.7938038903913487e-16, 0.0], [0.0, 0.0, -0.8913881226239998]]
4	[[-0.3195682178843842, -0.5708200961323295, -0.7563336379995778], [0.910087742671785, 0.03735879733279218, -0.41272826520656647], [0.2638493031197415, -0.8202248094963509, 0.507557688474819]]	0.613818802162229	0.3861811978377711	[[-0.1961569807109109, -0.3503801076580749, -0.4642518077119017], [0.5586289680693218, 0.022931532229035986, -0.25334036936758936], [0.16195566319229857, -0.5034694100687924, 0.3115484523678431]]	0.746623910037005	0.4027567291527799	[[-0.26872210935530083, -0.38729477848448823, -0.4985232348988232], [0.7781544222872874, 0.027608782118265257, -0.23328150970670164], [0.20012565878188812, -0.4985232348988232, 0.2984774619070718]]	[[-0.030124836994904404, 0.03889315361753068, 0.06617354319693422], [0.09866115337692785, -0.000284189220624188, 0.07487128144461493], [0.003129460426087787, 0.1138762194766998, -0.08047724403134172]]	0.7118453518343995	[[0.0, 0.0, -0.8578719292133373], [1.0, 1.7938038903913487e-16, 0.0], [1.712942578478445e-16, -0.8578719292133373, 0.0]]
