4	[[-0.42203838922340475, -0.825029846081567, 0.3757783270710803], [0.2588054115689476, 0.28760896992378115, 0.9221175843470338], [-0.8688517462515349, 0.4864224845687207, 0.09214016247897017]]	0.7740175341007445	0.2259824658992555	[[-0.32666511332254994, -0.6385875670235714, 0.2908590140880607], [0.20031992647452512, 0.22261438568566033, 0.7137351787872264], [-0.6725064861327389, 0.3764995320370387, 0.07131810135361445]]	0.8829929832794681	0.1899667726717615	[[-0.30181996477627204, -0.687827049684623, 0.35918824196503807], [0.2582042683081585, 0.2349076410686378, 0.8286127491458611], [-0.7990145170664773, 0.4045754214851503, 0.022262466096423527]]	[[0.07083697158256336, 0.040668515401540185, 0.027378615892777135], [0.029680905858022973, -0.019049061302296562, 0.014389392408817356], [-0.031824521616259115, -0.024932219298395508, -0.05909665085073723]]	0.4786158389124755	[[-0.4944234761267329, -0.494423476126733, 0.6992203854940761], [0.5, 0.5000000000000001, 0.7071067811865475], [-0.6992203854940761, 0.699220385494076, 0.0]]
4	[[0.08740825448676931, -0.06334395238859675, -0.994156597696443], [0.7119981850616444, -0.6940087028176986, 0.10681996481098455], [-0.6967197295301035, -0.717174639895393, -0.015561310176609944]]	0.9283284036942391	0.07167159630576093	[[0.08114356535740236, -0.058803990204589894, -0.9229038073616348], [0.6609681385714719, -0.6442679912366636, 0.09916400741565606], [-0.646784714336963, -0.665773588624081, -0.014446006235643225]]	0.9686675497869642	0.05257738025399185	[[0.0692751788773985, -0.05666669965499785, -0.9454242843635018], [0.6788395019460619, -0.6725405555538722, 0.09005878628910725], [-0.6812794467681399, -0.7053392230276831, -0.008915541158609198]]	[[-0.015394360827455756, 0.004692531499086275, 0.01758295123165636], [-0.010850035430366561, -0.0002768458646227345, -0.013414247292678884], [-0.006389653475978229, -0.010635421830864569, 0.006158195041642509]]	0.11291074182506562	[[0.0, 0.0, -0.9916234980480002], [0.7071067811865475, -0.7071067811865476, 0.0], [-0.7011836998536661, -0.701183699853666, 0.0]]
4	[[0.8592155572171323, 0.2624339665249735, -0.4391776855101157], [-0.4266000482917053, 0.8413623931712975, -0.33184593135155627], [0.2824199444684594, 0.4724804086637203, 0.8348660002631537]]	0.7549359098142484	0.2450640901857517	[[0.6486526784142722, 0.19812082528469288, -0.33155100558069506], [-0.3220556955839008, 0.6351746837722668, -0.25052241010304377], [0.21320895772698595, 0.35669242718395366, 0.6302703234816464]]	0.8242794876543513	0.257004259642611	[[0.6732639694105949, 0.2661496511763533, -0.2976442705064738], [-0.33348951457612624, 0.683605887600497, -0.33173702551471745], [0.14181987340781893, 0.39306527489440507, 0.6881629189569499]]	[[-0.034969789876990946, 0.049830715706048974, 0.06436088709502821], [0.01814815466308213, -0.009911874774378923, -0.058203231240075634], [-0.09097309372201311, 0.00360936571435512, 0.0]]	0.4825980565353022	[[0.6992203854940761, 0.494423476126733, -0.4944234761267329], [-0.7071067811865475, 0.5000000000000001, -0.5], [0.0, 0.699220385494076, 0.6992203854940761]]
4	[[-0.3195682178843842, -0.5708200961323295, -0.7563336379995778], [0.910087742671785, 0.03735879733279218, -0.41272826520656647], [0.2638493031197415, -0.8202248094963509, 0.507557688474819]]	0.6884126868624425	0.3115873131375574	[[-0.2199948155096314, -0.39295979609353476, -0.5206696718997353], [0.626515948213259, 0.025718270049817, -0.2841273739949272], [0.18163720768744432, -0.564653164936618, 0.3494091520606407]]	0.7891843634392943	0.3211194198433884	[[-0.2460137341136327, -0.4121650714509308, -0.5796356370235146], [0.7895487349105019, 0.061192297391120795, -0.23579794458166795], [0.20958169458475262, -0.6032220212859761, 0.3142554023149484]]	[[0.00618450649288476, 0.03831722275361846, 0.0172510436289078], [0.07132171903616494, 0.03170931869918352, 0.08992074866878053], [0.001355950258297961, 0.044086572873518144, -0.08630118897277124]]	0.7018417527857123	[[-0.4944234761267329, -0.494423476126733, -0.6992203854940761], [0.5, 0.5000000000000001, -0.7071067811865475], [0.6992203854940761, -0.699220385494076, 0.0]]
4	[[0.034229894132735264, 0.2773841392786001, 0.9601491309293217], [-0.1827544195208179, -0.9427759796974285, 0.2788803941677556], [0.9825625356654255, -0.18501754344446375, 0.018422055382213542]]	0.8685464113345013	0.1314535886654989	[[0.02973025170934712, 0.24092099873153758, 0.8339340820146026], [-0.15873069523032635, -0.8188446938585701, 0.24222056554595534], [0.8534011642639331, -0.16069632339261414, 0.016000410091627004]]	0.9359139093475526	0.12217940986903873	[[0.01258067352829994, 0.24534409589385406, 0.8917574818695659], [-0.1629593315288979, -0.8281122344005064, 0.2520144433874073], [0.9262744712173322, -0.1672237976773992, 0.0]]	[[-0.019455560506021173, -0.014263578289386628, -0.006859444815150656], [0.008083071695373456, 0.05424491839708274, -0.008993596558523286], [0.006680527284259789, 0.005936694705589497, -0.017241457870984595]]	0.3395617687785078	[[0.0, 0.0, 0.9972000000000001], [0.0, -1.0, 0.0], [0.9972000000000001, 0.0, 0.0]]
4	[[0.8787972042104137, -0.3840163418041313, 0.28327887866788265], [-0.395223040501579, -0.9183905790867732, -0.018907472103605397], [0.2674214316928388, -0.09534250611366366, -0.9588511794847616]]	0.7309427397151176	0.2690572602848826	[[0.6423504360995453, -0.28069395697368876, 0.20706063967692856], [-0.2888854120227631, -0.6712909260062394, -0.013820279460496479], [0.19546975394010274, -0.06968991263002669, -0.7008653081116637]]	0.8627171750399443	0.2296957490800104	[[0.705709430213278, -0.31915574772201616, 0.15777552798028655], [-0.3580700047189465, -0.8409317389430937, -0.025954748467740627], [0.14248612988616843, -0.06272147760089054, -0.8272173808488121]]	[[-0.0524440112361312, 0.012141745848417606, -0.08661402597255227], [-0.0171042997067268, -0.04862041297005431, -0.009642947547371626], [-0.08822293220901485, 0.019532139934717994, 0.0]]	0.46928964003805046	[[0.7031525269290675, -0.7031525269290674, 0.0], [-0.7071067811865475, -0.7071067811865476, 0.0], [0.0, 0.0, -0.9944078400000002]]
4	[[0.8489524140446696, -0.5135124485683378, 0.12483895166604869], [0.522794976890395, 0.7815435453534784, -0.34040431673891397], [0.0772347773085365, 0.35425224329800037, 0.9319550081910795]]	0.8348408534061248	0.16515914659387526	[[0.7087401578422416, -0.4287011707974599, 0.10422065694721004], [0.4364506046636127, 0.6524644803769464, -0.2841834302894437], [0.06447874740089062, 0.2957442451159368, 0.7780341143743529]]	0.9238195275053481	0.1334638098868968	[[0.7791840140144466, -0.49109597972406877, 0.06736064049464703], [0.5106909695280536, 0.6680082307222341, -0.29080806245856833], [0.025978849025351382, 0.30522070819263525, 0.8632760653380888]]	[[-0.005094804002824599, -0.01670315211955268, -0.047968020847745076], [0.02772276099499951, -0.05399695807107099, 0.023664092591956065], [-0.045372146454801594, -0.022044431828633065, 0.0023178300147629143]]	0.4278557690593574	[[0.7051268821992253, -0.7051268821992251, 0.0], [0.7071067811865475, 0.7071067811865476, 0.0], [0.0, 0.0, 0.9972000000000001]]
4	[[0.3802729664721569, 0.7767473726770865, -0.5020517802076895], [0.4287143634067757, 0.332951791095048, 0.839849450446521], [0.8195098935212374, -0.5346088512602871, -0.20639019011321075]]	0.7937214284595512	0.20627857154044912	[[0.30183080215283137, 0.6165210341934603, -0.3984892561471078], [0.3402797769243531, 0.2642709712361275, 0.6666065054993816], [0.650462563322411, -0.4243305010894347, -0.163816316516696]]	0.8865561809656383	0.19766044839498925	[[0.3467967265319279, 0.6618463882034689, -0.44509710890792914], [0.4040523032879258, 0.3016916173146914, 0.720912456258093], [0.7071132699886362, -0.46066605212842915, -0.09193215829720282]]	[[0.009663377651898224, -0.026783796092222402, -1.5352680679419401e-19], [0.0239729345409, 0.006511148955796676, -0.023661265115864617], [-0.01942829147510878, 0.013294729355317962, 0.09104434043833731]]	0.3670434267803922	[[0.4944234761267329, 0.494423476126733, -0.6992203854940761], [0.5, 0.5000000000000001, 0.7071067811865475], [0.6992203854940761, -0.699220385494076, 0.0]]
4	[[0.22433838825039393, -0.7661379269479729, -0.6022499185961573], [-0.9416906372873723, -0.011392912655017143, -0.3362869982418849], [0.2507808429735371, 0.642575192824231, -0.724020780340167]]	0.6426221589418396	0.35737784105816056	[[0.1441648193910008, -0.4923372086625317, -0.38701914291080974], [-0.6051512703889278, -0.007321338127002936, -0.21610547683427073], [0.1611573267329089, 0.4129330576951762, -0.4652717969809535]]	0.7925805655659431	0.3383769685309705	[[0.23507758730973252, -0.62299252485505, -0.3784214739614683], [-0.8245276391851808, 0.026600744416134636, -0.18649074992120257], [0.18441080968304455, 0.3784214739614683, -0.5359540400456421]]	[[0.0572713406720831, -0.015766493413106264, 0.0989101071315173], [-0.07816194129580195, 0.03563054557169153, 0.08004378933782387], [-0.014353212674025449, -0.13087113578580586, 0.03789075951786301]]	0.7512060487536351	[[1.9744649410161278e-16, -0.988846952253466, 0.0], [-1.0, -1.7938038903913487e-16, 0.0], [0.0, 0.0, -0.988846952253466]]
4	[[0.04673222253661188, -0.9725397674033924, -0.22799671093185395], [-0.8377629715199755, -0.16246744520517667, 0.5213036857710898], [-0.5440306084466285, 0.16664552219444034, -0.8223502702654952]]	0.6454298735545098	0.3545701264454902	[[0.030162372482726532, -0.6277062191019039, -0.14715588830759058], [-0.5407172487767881, -0.10486134261550134, 0.3364649719907343], [-0.3511336068194905, 0.10755799831838288, -0.5307694309549755]]	0.8156433549635053	0.31389211749972173	[[-0.035108623305994804, -0.9079053862822198, -0.16090583699183514], [-0.6784721333347207, -0.14667201709755873, 0.28529402004508825], [-0.32810531251578523, 0.04723173469885108, -0.6434321571358295]]	[[-0.07322545008065792, -0.11465978756188992, 0.02505816523326671], [0.0048436674200275295, -0.014156525018059108, -0.13990386717208436], [0.11562963816045996, -0.08869157811346755, 0.027312376258664346]]	0.6083976864382855	[[1.980008966121267e-16, -0.9916234980480002, 0.0], [-1.0, -1.7938038903913487e-16, 0.0], [0.0, 0.0, -0.9916234980480002]]
4	[[-0.30792515101507295, 0.09349718223056193, 0.9468053539599837], [0.3027085282091916, -0.9338174967034747, 0.1906631317268273], [0.9019698710720718, 0.34531602882779927, 0.2592434992682147]]	0.7560503210001295	0.24394967899987058	[[-0.23280690926895925, 0.07068857463802396, 0.7158324917860869], [0.22886287992203602, -0.7060130181381995, 0.14415092194495774], [0.6819346105564853, 0.2610762944417475, 0.19600113083893056]]	0.8643443409823622	0.24300891718414155	[[-0.26744951550782836, 0.08439503467061019, 0.7631351389488495], [0.24305932603283215, -0.8494664528257444, 0.12036080514738583], [0.6980754037383613, 0.2764206977376874, 0.18305448083721823]]	[[-0.001296153781810815, 0.0035812743118273176, -0.055230710758264724], [-0.01858507729188235, -0.04232658403978028, -0.044437793794672054], [-0.0815371500593749, -0.022051257630123194, -0.041021170691728316]]	0.46667414152178993	[[0.0, 0.0, 0.9972000000000001], [0.0, -1.0, 0.0], [0.9972000000000001, 0.0, 0.0]]
4	[[-0.8305561570912853, 0.32773595720904825, 0.4502950280316503], [-0.5100865793185324, -0.772219296347621, -0.37879947194723407], [0.22358030216652452, -0.5443036842615101, 0.808545204538665]]	0.6958928009400805	0.30410719905991934	[[-0.5779780504962841, 0.22806909323098296, 0.31335706830633725], [-0.35496557840391807, -0.5373818490753242, -0.2636038255279842], [0.15558792270969235, -0.37877701540274755, 0.5626607870730819]]	0.8226184536264679	0.32166366276966923	[[-0.6822005811693208, 0.2767919646485794, 0.20674165778782405], [-0.5651998203507916, -0.6328944191382038, -0.2948066665639564], [0.1883767845381228, -0.2996531083037679, 0.6651242058446929]]	[[0.0010302404270541878, 0.0071903183314819185, -0.16367934184725913], [-0.14559318725616585, 0.0023474242837953387, 0.01680076928379992], [0.004455502108557897, 0.1481011467466247, 0.0]]	0.6349755684213806	[[-0.988846952253466, 0.0, 0.0], [0.0, -0.7071067811865476, -0.7071067811865475], [0.0, -0.699220385494076, 0.6992203854940761]]
4	[[-0.5446221603179724, 0.8109226453022452, -0.2139887049042392], [-0.8354447797583356, -0.5021691245819775, 0.22328947644507607], [0.07361197229480154, 0.30038414347728, 0.9509735242804028]]	0.7566213404004607	0.24337865959953944	[[-0.4120727489515787, 0.6135613788496719, -0.1619084207352041], [-0.6321153490913197, -0.37995187614894166, 0.16894558296519052], [0.0556963891472143, 0.2272770532728239, 0.7195268626263883]]	0.8639307821943502	0.23151506658291052	[[-0.5502014154234517, 0.6579439085095401, -0.17014733422664974], [-0.7257393448784882, -0.40042395807430103, 0.10839962098802065], [0.10719063483943508, 0.17014733422664974, 0.7786541619753723]]	[[-0.07968556645956909, -0.04263712674554, 0.01472409498202563], [-0.003972882821682944, 0.033415406519658755, -0.08450703105294081], [0.04359498603591839, -0.08936377380645663, -0.04292113870231396]]	0.38181536385718096	[[-0.7031525269290675, 0.7031525269290674, 0.0], [-0.7071067811865475, -0.7071067811865476, 0.0], [0.0, 0.0, 0.9944078400000002]]
4	[[0.5319609947059123, -0.8460851799387872, 0.03402011756955908], [-0.703274286200726, -0.4190807785627857, 0.5742617690636116], [-0.47161719485230363, -0.3294103357928521, -0.8179645788128509]]	0.6768732263588197	0.3231267736411802	[[0.3600701547836379, -0.5726924055195495, 0.02302730674041381], [-0.4760275351158814, -0.2836645586907588, 0.3887024164006102], [-0.3192250522859749, -0.22296903678405, -0.5536583235082876]]	0.7997640141526278	0.35518803414938127	[[0.5294934438933884, -0.7233222908005924, 0.09333401675703602], [-0.5138620852909326, -0.39387707235681, 0.3229886894310678], [-0.3060389631836944, -0.10668143472959432, -0.642135374812073]]	[[0.10405018339476324, -0.04665381097769953, 0.06612595096766118], [0.048591380891283995, -0.05871134663922792, -0.1362852081696355], [0.07114349771478601, 0.15676909772746217, 0.012043260173956119]]	0.6453075850253837	[[0.7031525269290675, -0.7031525269290674, 0.0], [-0.7071067811865475, -0.7071067811865476, 0.0], [0.0, 0.0, -0.9944078400000002]]
