4	[[0.8787972042104137, -0.3840163418041313, 0.28327887866788265], [-0.395223040501579, -0.9183905790867732, -0.018907472103605397], [0.2674214316928388, -0.09534250611366366, -0.9588511794847616]]	0.6329231364193557	0.3670768635806443	[[0.5562110827654161, -0.2430528274909581, 0.1792937563678344], [-0.2501458063794534, -0.581270645773589, -0.01196697654557539], [0.16925721129278604, -0.0603444780035416, -0.6068790958788939]]	0.8162345905017608	0.2938811413447297	[[0.6452047428847584, -0.26578621640061495, 0.16122281231896704], [-0.31972771824952584, -0.8541366797061463, -0.03241748785666679], [0.15349692108043225, -0.04749139924166228, -0.7433513079862863]]	[[-0.07209993322802094, 0.04766120509786441, -0.06999920720831018], [0.0028669983711413164, -0.10451452146457889, -0.01698455510675697], [-0.06478170170876658, 0.03033045219343561, 0.03929619185258838]]	0.4951060229647339	[[0.6290607470254912, -0.6290607470254911, 0.0], [-0.7071067811865475, -0.7071067811865476, 0.0], [0.0, 0.0, -0.8896262400000001]]
4	[[-0.8305561570912853, 0.32773595720904825, 0.4502950280316503], [-0.5100865793185324, -0.772219296347621, -0.37879947194723407], [0.22358030216652452, -0.5443036842615101, 0.808545204538665]]	0.5792247476330439	0.42077525236695607	[[-0.4810786804862704, 0.18983277710468505, 0.26082202397204696], [-0.2954547701767795, -0.44728852704431754, -0.2194100285421669], [0.12950324409812491, -0.3152741641521092, 0.46832939204881613]]	0.7529480627224336	0.401249779019833	[[-0.5894863984151931, 0.23256242709835262, 0.19448783155874202], [-0.5695434100311106, -0.6226715522200287, -0.29194229409352673], [0.166805364863097, -0.25199430269803597, 0.5699709988541799]]	[[0.03587925104887929, -0.01420572696668271, -0.144560937451233], [-0.1854747083125088, -0.04123052903820647, -0.006725965530575985], [-0.001538990516083914, 0.15783810189935127, -0.03882154652672182]]	0.6821199688150094	[[-0.6290607470254912, 0.6290607470254911, 0.0], [-0.7071067811865475, -0.7071067811865476, 0.0], [0.0, 0.0, 0.8896262400000001]]
4	[[0.8592155572171323, 0.2624339665249735, -0.4391776855101157], [-0.4266000482917053, 0.8413623931712975, -0.33184593135155627], [0.2824199444684594, 0.4724804086637203, 0.8348660002631537]]	0.6215541166743704	0.37844588332562956	[[0.5340489666989716, 0.16311691224878125, -0.2729726983803345], [-0.2651550161891947, 0.5229522590906202, -0.2062602047332003], [0.17553927911531808, 0.2936721430529243, 0.5189143993350293]]	0.7665516330043936	0.41611141924304	[[0.5005595850687251, 0.2036695600921624, -0.29314492583673857], [-0.35643578012290905, 0.7487275451927357, -0.25018958812356923], [0.24431168871833786, 0.32782681327339513, 0.49796520405246913]]	[[-0.15807350341884754, 0.0025003744966236013, 0.043507446170130644], [-0.0294248164651493, 0.10377982875879302, 0.004187452459830108], [0.027822219093030166, -0.034353815550362876, -0.1420026917890978]]	0.5671174019133907	[[0.5596289471078789, 0.3957174234482689, -0.39571742344826877], [-0.7071067811865475, 0.5000000000000001, -0.5], [0.0, 0.5596289471078788, 0.5596289471078789]]
4	[[0.034229894132735264, 0.2773841392786001, 0.9601491309293217], [-0.1827544195208179, -0.9427759796974285, 0.2788803941677556], [0.9825625356654255, -0.18501754344446375, 0.018422055382213542]]	0.8137143489280616	0.18628565107193834	[[0.027853356018095146, 0.22571145429605685, 0.7812871249479972], [-0.14870989349410815, -0.7671503425045085, 0.2269289783690165], [0.7995252339900972, -0.1505514299041811, 0.014990290801254585]]	0.8928617092678219	0.16393561801886006	[[0.009145142253226409, 0.22267275177497722, 0.817137229331489], [-0.16671530692445546, -0.8251405681516689, 0.25543270495263937], [0.8481656215866191, -0.15155162832512734, 0.0]]	[[-0.021417419530184195, -0.02499292494509729, -0.04014316486207899], [-0.003540883534849394, 0.016628004537622542, 0.006431079534733179], [-0.029126843470138147, 0.013643451759230074, -0.016448347856789666]]	0.3631487592367723	[[0.0, 0.0, 0.9432], [0.0, -1.0, 0.0], [0.9432, 0.0, 0.0]]
4	[[0.22433838825039393, -0.7661379269479729, -0.6022499185961573], [-0.9416906372873723, -0.011392912655017143, -0.3362869982418849], [0.2507808429735371, 0.642575192824231, -0.724020780340167]]	0.5175245450351115	0.48247545496488853	[[0.1161006223131953, -0.3964951820778931, -0.31167911511890917], [-0.4873480186259715, -0.005896111938412503, -0.17403677576635482], [0.1297852416634015, 0.3325484343172092, -0.37469852494151135]]	0.7323653048240966	0.444982566427893	[[0.20724154472477263, -0.47743586692027634, -0.35434538984845015], [-0.8103525595604574, 0.045790286439574265, -0.20861439810776317], [0.16510470422683093, 0.3543453898484501, -0.3981734212055966]]	[[0.042943892630026424, 0.08365696948627721, 0.08672155536451198], [-0.120691008933493, 0.05413406038900019, 0.037670531868035276], [-0.01855848428152743, -0.11625438711667052, 0.1320742782872102]]	0.7315037134122581	[[1.5802853563279547e-16, -0.7914348468965378, 0.0], [-1.0, -1.7938038903913487e-16, 0.0], [0.0, 0.0, -0.7914348468965378]]
4	[[-0.30792515101507295, 0.09349718223056193, 0.9468053539599837], [0.3027085282091916, -0.9338174967034747, 0.1906631317268273], [0.9019698710720718, 0.34531602882779927, 0.2592434992682147]]	0.6551661194866909	0.34483388051330927	[[-0.2017421262828987, 0.06125618606493727, 0.6203147896631854], [0.19832437176234352, -0.6118055856239912, 0.12491602414264524], [0.5909401003242002, 0.2262393626036635, 0.169847557417707]]	0.8194095349225953	0.29032188249105984	[[-0.22132995025460545, 0.07108593282136494, 0.7211663036789275], [0.2498282689061302, -0.8468914763012613, 0.11980840552228728], [0.6603237085066507, 0.24741770872480356, 0.15024401743324053]]	[[0.030986854529625386, -0.005526549786752955, -0.054655031071645904], [0.0017860145891332654, -0.08171251562488495, -0.0364227825728778], [-0.07875900406270887, -0.03553753785830088, -0.062182577733833455]]	0.4768265841023392	[[0.0, 0.0, 0.9432], [0.0, -1.0, 0.0], [0.9432, 0.0, 0.0]]
4	[[0.3802729664721569, 0.7767473726770865, -0.5020517802076895], [0.4287143634067757, 0.332951791095048, 0.839849450446521], [0.8195098935212374, -0.5346088512602871, -0.20639019011321075]]	0.624995077571898	0.3750049224281021	[[0.23766873217876155, 0.48546328444008374, -0.31377989131601436], [0.2679443668136047, 0.20809323050315187, 0.5249017724305394], [0.5121896494722437, -0.3341279004640465, -0.12899285287988493]]	0.7929004707762942	0.3212898316190089	[[0.3431458047066604, 0.5004091311034771, -0.3978797133013238], [0.40578318251323253, 0.3051873906809113, 0.7206295737720572], [0.5721990730090702, -0.41493574661225346, -0.0632808639576608]]	[[0.04162719056738927, -0.11547422636643453, 0.00019737957942973783], [0.06585536193944078, 0.041189758775837415, 0.05471254913179871], [-0.07759070736974966, 0.00895586323320209, 0.10036601494671288]]	0.4212998575596232	[[0.39571742344826877, 0.3957174234482689, -0.5596289471078789], [0.5, 0.5000000000000001, 0.7071067811865475], [0.5596289471078789, -0.5596289471078788, 0.0]]
4	[[-0.3195682178843842, -0.5708200961323295, -0.7563336379995778], [0.910087742671785, 0.03735879733279218, -0.41272826520656647], [0.2638493031197415, -0.8202248094963509, 0.507557688474819]]	0.5678307144451982	0.4321692855548018	[[-0.18146064947526863, -0.3241291830064973, -0.4294694700242362], [0.5167757731291374, 0.021213472580292755, -0.23435978570397192], [0.14982173829635045, -0.4657488395819896, 0.28820684486880976]]	0.7192005740387758	0.4389589381449271	[[-0.23574357265350968, -0.3609974120274299, -0.46745561922254597], [0.7904939295004014, 0.03346500187527417, -0.22336772814117817], [0.17678100372304079, -0.46745561922254597, 0.2818645933397599]]	[[-0.005909926906512038, 0.04953672878381062, 0.07649996739158602], [0.13595830254520022, 0.006596533388131742, 0.0734666771174125], [-0.012979566540408148, 0.12245053460807508, -0.08317118756912402]]	0.7178683424651473	[[0.0, 0.0, -0.7914348468965378], [1.0, -1.7938038903913487e-16, 0.0], [-1.5802853563279547e-16, -0.7914348468965378, 0.0]]
4	[[-0.5446221603179724, 0.8109226453022452, -0.2139887049042392], [-0.8354447797583356, -0.5021691245819775, 0.22328947644507607], [0.07361197229480154, 0.30038414347728, 0.9509735242804028]]	0.6517497573457277	0.34825024265427224	[[-0.3549573608323445, 0.528518637301894, -0.13946708649606443], [-0.5445009324832502, -0.3272886050928203, 0.1455288620909329], [0.047976585080877335, 0.1957752926218215, 0.6197967636919641]]	0.7963911294733302	0.30061352142545983	[[-0.4728361773230649, 0.6108622725349304, -0.10619852810717859], [-0.7346639627255733, -0.40561789661277425, 0.09732360335616753], [0.07397221167990482, 0.10925160754888158, 0.7340098451946446]]	[[-0.039103919931229796, -0.03494932887282541, 0.06422017828604366], [-0.06932315096123486, -0.005694860300299709, -0.08050215498943514], [0.015348289921288349, -0.12997165975086833, -0.023337033906258825]]	0.4170772913513597	[[-0.6290607470254912, 0.6290607470254911, 0.0], [-0.7071067811865475, -0.7071067811865476, 0.0], [0.0, 0.0, 0.8896262400000001]]
4	[[0.08740825448676931, -0.06334395238859675, -0.994156597696443], [0.7119981850616444, -0.6940087028176986, 0.10681996481098455], [-0.6967197295301035, -0.717174639895393, -0.015561310176609944]]	0.7135103927989392	0.2864896072010608	[[0.062366697992724415, -0.04519656835022498, -0.7093410645260462], [0.5080181046954657, -0.4951824221533383, 0.07621715505105445], [-0.49711676788779496, -0.5117115590171997, -0.011103156536579091]]	0.8797955604992113	0.19438594545919463	[[0.04895685262487095, -0.04895685262487096, -0.8045207944514925], [0.6814842142654154, -0.6688798968574606, 0.08748091548494116], [-0.5785844760565493, -0.5891607016905612, 0.0]]	[[-0.027944541623573942, 0.006772875471089863, 0.07013376664283866], [0.055071371964684895, -0.05829412117063318, -0.006498815328445031], [0.03438644889624702, 0.041806362592026046, 0.013690771608932626]]	0.21187425925723433	[[0.0, 0.0, -0.8390954695680001], [0.7071067811865475, -0.7071067811865476, 0.0], [-0.5933300965944432, -0.5933300965944431, 0.0]]
4	[[0.8489524140446696, -0.5135124485683378, 0.12483895166604869], [0.522794976890395, 0.7815435453534784, -0.34040431673891397], [0.0772347773085365, 0.35425224329800037, 0.9319550081910795]]	0.724142298268903	0.275857701731097	[[0.6147623522272404, -0.371856084695968, 0.090401165372933], [0.37857795608884864, 0.5659487391294944, -0.24650116426397273], [0.05592896914649056, 0.2565290336287286, 0.6748680415147026]]	0.8683248928298137	0.22119395849666856	[[0.69466317959157, -0.43567035318011027, 0.05431407627665651], [0.4960956684792092, 0.6669640838799861, -0.3079241569750767], [0.022386284075658534, 0.26642534658053707, 0.7702446997974686]]	[[-0.042503334351379485, 0.010225288689766856, -0.054086693049751514], [0.042139776198892046, -0.011669631380905734, -0.012342615123953193], [-0.044678595653510955, -0.041180694615920194, -0.038995032812258607]]	0.44591899391743023	[[0.6669431160151517, -0.6669431160151515, 0.0], [0.7071067811865475, 0.7071067811865476, 0.0], [0.0, 0.0, 0.9432]]
4	[[-0.42203838922340475, -0.825029846081567, 0.3757783270710803], [0.2588054115689476, 0.28760896992378115, 0.9221175843470338], [-0.8688517462515349, 0.4864224845687207, 0.09214016247897017]]	0.6190543065711593	0.3809456934288407	[[-0.2612646823871039, -0.5107382792665347, 0.232627191689458], [0.16021460459567835, 0.17804557143981167, 0.5708408617550256], [-0.5378664152888848, 0.3011219338853099, 0.05703976439077281]]	0.7932545769585329	0.34143918667873774	[[-0.25302484236120537, -0.5384100045353323, 0.3010496517450148], [0.2689725516351657, 0.23929131733058726, 0.825016135057721], [-0.6294557554090363, 0.3343404005569867, 0.023490763127544393]]	[[0.08175904154246724, 0.11604869699626456, 0.0029617738740598714], [0.06367397436646119, 0.011144185564218756, 0.09354214078049032], [0.05976486900340744, -0.05151646166269232, -0.049599842480601564]]	0.539164131668889	[[-0.39571742344826877, -0.3957174234482689, 0.5596289471078789], [0.5, 0.5000000000000001, 0.7071067811865475], [-0.5596289471078789, 0.5596289471078788, 0.0]]
4	[[0.5319609947059123, -0.8460851799387872, 0.03402011756955908], [-0.703274286200726, -0.4190807785627857, 0.5742617690636116], [-0.47161719485230363, -0.3294103357928521, -0.8179645788128509]]	0.5935101369619653	0.40648986303803464	[[0.3157242428263294, -0.5021601310269588, 0.020191284638171166], [-0.4174004179248212, -0.24872869028292602, 0.3408301812089647], [-0.27990958591040865, -0.19550837351310263, -0.48547026920125147]]	0.742490903966216	0.43804587572306913	[[0.4617140665637025, -0.6114825217386496, 0.08923712402842167], [-0.5066440630189556, -0.36156011032175456, 0.3415714580509588], [-0.25895569942867774, -0.10447521075536521, -0.5484870841174567]]	[[0.06673786672974222, 0.016728028346518962, 0.06397749618116283], [0.01553069747841674, -0.050396444211806155, -0.08481268197432054], [0.09121577790322027, 0.14010896724328434, 0.05884417541764208]]	0.6828514955668499	[[0.6290607470254912, -0.6290607470254911, 0.0], [-0.7071067811865475, -0.7071067811865476, 0.0], [0.0, 0.0, -0.8896262400000001]]
4	[[0.04673222253661188, -0.9725397674033924, -0.22799671093185395], [-0.8377629715199755, -0.16246744520517667, 0.5213036857710898], [-0.5440306084466285, 0.16664552219444034, -0.8223502702654952]]	0.5709080928426948	0.42909190715730505	[[0.026679804042677467, -0.5552308238219488, -0.1301651674125119], [-0.47828566032469805, -0.09275397929111238, 0.29761649303544035], [-0.3105914771163157, 0.09513927725680292, -0.4694864244459485]]	0.7414561109991488	0.41872710959436105	[[-0.0130441884596274, -0.7664435135230142, -0.12720557731407425], [-0.6800960943994739, -0.15176347054087774, 0.27914448054880175], [-0.26677450923852397, 0.02986264777640769, -0.5520798201890409]]	[[-0.04769408043997053, -0.045347959792078146, 0.04184397729405529], [-0.058931619597182204, -0.031300990455080044, -0.10737932295255287], [0.13660030996481393, -0.0936976930253044, 0.05765681308111224]]	0.6581626612432903	[[1.675450971509706e-16, -0.8390954695680001, 0.0], [-1.0, -1.7938038903913487e-16, 0.0], [0.0, 0.0, -0.8390954695680001]]
