4	[[0.3802729664721569, 0.7767473726770865, -0.5020517802076895], [0.4287143634067757, 0.332951791095048, 0.839849450446521], [0.8195098935212374, -0.5346088512602871, -0.20639019011321075]]	0.6874666072212939	0.31253339277870634	[[0.26142496607859045, 0.5339878809623707, -0.34514383398879095], [0.2947268088782929, 0.22889323819236557, 0.577368452275138], [0.5633856860833288, -0.36752573316638293, -0.14188636376088684]]	0.8289432738146293	0.2727631900594159	[[0.3469807748348212, 0.5584389235233391, -0.42281944428599966], [0.4063332122025168, 0.2940181581962019, 0.7154530965063083], [0.6261226182396096, -0.42281944428599966, -0.07604044810303776]]	[[0.03175605706419071, -0.08544058651051693, -0.006646997976174886], [0.050953324268749364, 0.01802001046342829, 0.019265543541751817], [-0.05320459581936323, 0.020340967087980995, 0.09504531177263087]]	0.39245625628039654	[[0.43251264706868453, 0.43251264706868464, -0.6116652513824218], [0.5, 0.5000000000000001, 0.7071067811865475], [0.6116652513824218, -0.6116652513824217, 0.0]]
4	[[-0.42203838922340475, -0.825029846081567, 0.3757783270710803], [0.2588054115689476, 0.28760896992378115, 0.9221175843470338], [-0.8688517462515349, 0.4864224845687207, 0.09214016247897017]]	0.6939651769890194	0.3060348230109807	[[-0.2928799454735807, -0.5725419831572179, 0.26077707325451993], [0.1796019432451607, 0.19959060971678635, 0.6399174926260763], [-0.602952855864665, 0.3375602655951708, 0.06394206416251554]]	0.8291928538886594	0.28194612533564767	[[-0.2680588544863401, -0.5969664396510291, 0.31985098895518416], [0.26145917904629234, 0.23431594654243032, 0.8297163321615079], [-0.6942460315980953, 0.3556128848482858, 0.023479582680492356]]	[[0.08189236192438766, 0.08714241296466696, 0.00825828550160906], [0.046859581225607655, -0.004167356032647394, 0.06510302077587411], [0.02619962748236042, -0.047725163326863974, -0.05292238160320967]]	0.5114885772954622	[[-0.43251264706868453, -0.43251264706868464, 0.6116652513824218], [0.5, 0.5000000000000001, 0.7071067811865475], [-0.6116652513824218, 0.6116652513824217, 0.0]]
4	[[0.8787972042104137, -0.3840163418041313, 0.28327887866788265], [-0.395223040501579, -0.9183905790867732, -0.018907472103605397], [0.2674214316928388, -0.09534250611366366, -0.9588511794847616]]	0.671482693354431	0.32851730664556905	[[0.5900971135955526, -0.25786032748675386, 0.19021686441833288], [-0.2653854317117277, -0.6166833795965221, -0.012696040292652717], [0.17956886321380536, -0.0640208427963642, -0.6438519725265006]]	0.8344280003381508	0.2625967711410204	[[0.6835315164777126, -0.3065936282398997, 0.13517429642481524], [-0.35803381960182024, -0.8404784744160071, -0.027085210953502248], [0.12423825432838645, -0.05159301179444836, -0.800092272319347]]	[[-0.04976147733434054, 0.013840359948893313, -0.10120153184005977], [-0.02824864822852368, -0.0741476599792345, -0.011308286814641431], [-0.09890567616663441, 0.027963444929203933, 0.0]]	0.4834521991395535	[[0.6576569372162699, -0.6576569372162698, 0.0], [-0.7071067811865475, -0.7071067811865476, 0.0], [0.0, 0.0, -0.9300673599999999]]
4	[[0.034229894132735264, 0.2773841392786001, 0.9601491309293217], [-0.1827544195208179, -0.9427759796974285, 0.2788803941677556], [0.9825625356654255, -0.18501754344446375, 0.018422055382213542]]	0.8513411695489485	0.14865883045105155	[[0.029141318104499537, 0.23614853754777188, 0.8174144840667752], [-0.1555863612550923, -0.8026240051782646, 0.23742236093504876], [0.8364959382683839, -0.15751305182308314, 0.015683454174589172]]	0.9104235185335603	0.1360870575544499	[[0.00907320075467531, 0.23203578635159178, 0.8461837877043852], [-0.16547009066248286, -0.8262361797160988, 0.2540328809166726], [0.8786881140108711, -0.15732164375339308, 0.0]]	[[-0.0220904999006808, -0.02050125771583446, -0.027958562393227953], [0.0009138309852185778, 0.03208924490895851, 0.0001336112084383851], [-0.015859926888902198, 0.011122679139751441, -0.01677187247969496]]	0.3536333757239417	[[0.0, 0.0, 0.9643999999999999], [0.0, -1.0, 0.0], [0.9643999999999999, 0.0, 0.0]]
4	[[-0.30792515101507295, 0.09349718223056193, 0.9468053539599837], [0.3027085282091916, -0.9338174967034747, 0.1906631317268273], [0.9019698710720718, 0.34531602882779927, 0.2592434992682147]]	0.6969884393588759	0.3030115606411243	[[-0.21462027044534193, 0.06516645512733182, 0.659912386033197], [0.2109843446571467, -0.6508599996733672, 0.13288999862555712], [0.6286625727872497, 0.24068128001829245, 0.18068972196888686]]	0.8373694080523324	0.2742072874874565	[[-0.24354575957714436, 0.07506516900858384, 0.7327995206314526], [0.24555673991089055, -0.8492633580451553, 0.11835370544307286], [0.6704404254231329, 0.2567063534630085, 0.16848059056856052]]	[[0.014301341852772282, -0.0032265111303828153, -0.060026318154798], [-0.007922121168032939, -0.06731315360165593, -0.041301768308424386], [-0.08484155159752642, -0.03245072518750787, -0.04860198495507965]]	0.4723241093628176	[[0.0, 0.0, 0.9643999999999999], [0.0, -1.0, 0.0], [0.9643999999999999, 0.0, 0.0]]
4	[[-0.3195682178843842, -0.5708200961323295, -0.7563336379995778], [0.910087742671785, 0.03735879733279218, -0.41272826520656647], [0.2638493031197415, -0.8202248094963509, 0.507557688474819]]	0.6181515212094753	0.38184847879052475	[[-0.19754158001543315, -0.3528533107611384, -0.4675287888713355], [0.5625721225666613, 0.023093397401821977, -0.2551286049835868], [0.16309884809352815, -0.5070232137239213, 0.3137475572322742]]	0.7495006763490845	0.3989062250986102	[[-0.27073082269751425, -0.3902046763879887, -0.5021489175155807], [0.7777853585865964, 0.0280268100874681, -0.23382372626168785], [0.20226343758581236, -0.5021489175155807, 0.3000816173159127]]	[[-0.0312142272534967, 0.037625371736841606, 0.06472365571066643], [0.09567397991708215, 2.6366218951868678e-05, 0.07551638765901808], [0.004508206443331461, 0.11261013196023317, -0.08033321348214201]]	0.7114980307679672	[[0.0, 0.0, -0.8650252941373693], [1.0, 1.7938038903913487e-16, 0.0], [1.7272259498541756e-16, -0.8650252941373693, 0.0]]
4	[[0.8489524140446696, -0.5135124485683378, 0.12483895166604869], [0.522794976890395, 0.7815435453534784, -0.34040431673891397], [0.0772347773085365, 0.35425224329800037, 0.9319550081910795]]	0.7799368512506325	0.22006314874936767	[[0.6621292726716226, -0.40050728221439175, 0.09736649887584792], [0.40774706812554196, 0.6095546118782479, -0.2654938709494715], [0.060238249021063776, 0.2762943791863154, 0.726866054595808]]	0.890738082464687	0.18407045229454627	[[0.7254644464794783, -0.4606984172895765, 0.06213666078428392], [0.5078388604118943, 0.666520397987315, -0.29725211754191194], [0.022622147845127994, 0.27951510433142507, 0.8072926505816583]]	[[-0.030729798910437738, -0.0032933235300690606, -0.04906214763963403], [0.0421654651743735, -0.0296302009634955, 0.005958970812810244], [-0.046173809594264925, -0.03603085957264949, -0.022835166357825606]]	0.43847893437933433	[[0.6819337797763064, -0.6819337797763063, 0.0], [0.7071067811865475, 0.7071067811865476, 0.0], [0.0, 0.0, 0.9643999999999999]]
4	[[-0.8305561570912853, 0.32773595720904825, 0.4502950280316503], [-0.5100865793185324, -0.772219296347621, -0.37879947194723407], [0.22358030216652452, -0.5443036842615101, 0.808545204538665]]	0.6215199610937904	0.37848003890620957	[[-0.5162072304415837, 0.20369443937360385, 0.27986734830295856], [-0.3170289909325189, -0.4799497070218476, -0.23543143306699327], [0.13895962070387624, -0.33829560466542047, 0.5025269840674419]]	0.7807240025139207	0.3718913116286494	[[-0.6214962748534479, 0.24698325403643107, 0.19828260325439134], [-0.5652485593883134, -0.6269185521358045, -0.3047621525673575], [0.179512077318264, -0.2777926070346663, 0.6009596165780189]]	[[0.026938852423440948, -0.00888807424354817, -0.15327353334259675], [-0.16701172355411423, -0.024028412272806318, -0.009024312678553349], [0.0049575689275431715, 0.14715834392505325, -0.0302910317228443]]	0.6765223174165027	[[-0.8650252941373693, 0.0, 0.0], [0.0, -0.7071067811865476, -0.7071067811865475], [0.0, -0.6116652513824217, 0.6116652513824218]]
4	[[0.04673222253661188, -0.9725397674033924, -0.22799671093185395], [-0.8377629715199755, -0.16246744520517667, 0.5213036857710898], [-0.5440306084466285, 0.16664552219444034, -0.8223502702654952]]	0.598603791026698	0.40139620897330186	[[0.027974085573519165, -0.5821659916918939, -0.13647969550542596], [-0.5014880907336491, -0.09725362861824108, 0.31205436257876484], [-0.325658784650713, 0.09975464134321574, -0.4922619893327552]]	0.7714930619835622	0.37785729750165503	[[-0.011227966535970683, -0.81891473274438, -0.13105437238483683], [-0.6886532976164575, -0.15230843877148803, 0.2749909314796009], [-0.2790675048803341, 0.03947555631989231, -0.5962538849971167]]	[[-0.04728155199403872, -0.06860704968955549, 0.04484350825416029], [-0.04232497750206374, -0.026965931997499557, -0.12719124527925382], [0.14064833504293578, -0.08909030786374611, 0.03818364303301987]]	0.6376241948172455	[[1.7909850164394192e-16, -0.8969569619839998, 0.0], [-1.0, -1.7938038903913487e-16, 0.0], [0.0, 0.0, -0.8969569619839998]]
4	[[0.08740825448676931, -0.06334395238859675, -0.994156597696443], [0.7119981850616444, -0.6940087028176986, 0.10681996481098455], [-0.6967197295301035, -0.717174639895393, -0.015561310176609944]]	0.7994586544099186	0.20054134559008133	[[0.06987928551631233, -0.0506408709415935, -0.7947870958671414], [0.5692131109716865, -0.5548312637034104, 0.08539814533190454], [-0.5569986174709791, -0.5733514725876888, -0.012440624094647957]]	0.9183405881936837	0.1384296918235686	[[0.055185334291328624, -0.05518533429132864, -0.8601622703046475], [0.6842921212035906, -0.6719647790102489, 0.09022146372808415], [-0.6235448812992263, -0.6342083441059535, 0.0]]	[[-0.025085213547034302, 0.00298598820372799, 0.052812084380535244], [0.030435289141244867, -0.0346284186531082, -0.007875645587263988], [0.016281124923593158, 0.024402236533174772, 0.01429058274065233]]	0.169040848140027	[[0.0, 0.0, -0.8969569619839998], [0.7071067811865475, -0.7071067811865476, 0.0], [-0.6342443502513706, -0.6342443502513705, 0.0]]
4	[[0.8592155572171323, 0.2624339665249735, -0.4391776855101157], [-0.4266000482917053, 0.8413623931712975, -0.33184593135155627], [0.2824199444684594, 0.4724804086637203, 0.8348660002631537]]	0.6809376815106216	0.3190623184893785	[[0.5850722494492909, 0.17870117671515157, -0.299052634942459], [-0.29048804781607296, 0.5729153573162913, -0.22596639911326166], [0.19231038219871127, 0.3217297140346647, 0.5684917185912379]]	0.7875282022084181	0.3777004264133984	[[0.5519794436414255, 0.2069545790289539, -0.2849015526798111], [-0.32449246616614524, 0.7529260570454022, -0.2719967978238415], [0.24407083280562736, 0.3425434991271601, 0.5366473939034103]]	[[-0.12467703944328687, 0.00028042917311729004, 0.06096326044002434], [0.011467102927045725, 0.09032944414543782, -0.01065876809637227], [0.021657161670580273, -0.029548147686478243, -0.12083312636876384]]	0.5330282960685018	[[0.6116652513824218, 0.43251264706868464, -0.43251264706868453], [-0.7071067811865475, 0.5000000000000001, -0.5], [0.0, 0.6116652513824217, 0.6116652513824218]]
4	[[0.22433838825039393, -0.7661379269479729, -0.6022499185961573], [-0.9416906372873723, -0.011392912655017143, -0.3362869982418849], [0.2507808429735371, 0.642575192824231, -0.724020780340167]]	0.5638497442369769	0.4361502557630229	[[0.12649314283752028, -0.4319866741598622, -0.3395784625671835], [-0.5309720249848408, -0.0064238908866456265, -0.18961533794890753], [0.14140271417016234, 0.36231585812696887, -0.4082389318170597]]	0.7592940308578073	0.40688091657236647	[[0.20295073569305827, -0.49895422989241883, -0.3943920326156778], [-0.8299507568624852, 0.03189869116602048, -0.1832621136404312], [0.15852636375605, 0.39439203261567773, -0.42449281335403094]]	[[0.03261193660227291, 0.08276972485295186, 0.0628927356589849], [-0.11493067705549898, 0.04054926173905937, 0.07207859677972195], [-0.03189003336724577, -0.0935114756730655, 0.12525184337526965]]	0.7331935700464285	[[1.7272259498541756e-16, -0.8650252941373693, 0.0], [-1.0, -1.7938038903913487e-16, 0.0], [0.0, 0.0, -0.8650252941373693]]
4	[[-0.5446221603179724, 0.8109226453022452, -0.2139887049042392], [-0.8354447797583356, -0.5021691245819775, 0.22328947644507607], [0.07361197229480154, 0.30038414347728, 0.9509735242804028]]	0.694474325361802	0.3055256746381981	[[-0.37822610736391093, 0.5631649570168847, -0.14860966147341725], [-0.5801949497997093, -0.34874356401159545, 0.1550688085145842], [0.051121624797983954, 0.20860907539076676, 0.660426696711568]]	0.8208010841641095	0.26920907789096954	[[-0.4933354205399341, 0.6313709920038849, -0.12206335631551338], [-0.7358217655504206, -0.40746260371749377, 0.09540169782993957], [0.07656247110114724, 0.12802576694091405, 0.7616244542348912]]	[[-0.046308960891143, -0.0342351944334256, 0.05357880466875986], [-0.05008778456553291, 0.004718358173135019, -0.08787454651861527], [0.016141684434115757, -0.11852986369094475, -0.018935645505827478]]	0.4017863406120189	[[-0.6576569372162699, 0.6576569372162698, 0.0], [-0.7071067811865475, -0.7071067811865476, 0.0], [0.0, 0.0, 0.9300673599999999]]
4	[[0.5319609947059123, -0.8460851799387872, 0.03402011756955908], [-0.703274286200726, -0.4190807785627857, 0.5742617690636116], [-0.47161719485230363, -0.3294103357928521, -0.8179645788128509]]	0.6302129775525612	0.3697870224474389	[[0.33524872241543524, -0.5332138605123176, 0.021439919590200023], [-0.44321258194271157, -0.2641101452930987, 0.3619072193761799], [-0.29721927663285674, -0.20759866855660233, -0.5154918927461732]]	0.7676714521817548	0.40518990150173895	[[0.4913946944851274, -0.6479672143746457, 0.09686380631907647], [-0.5099825387834329, -0.36979068216541017, 0.33684514542445554], [-0.27566296440668503, -0.11258041291192608, -0.5823566285071246]]	[[0.083023425175189, 0.0015482243784244178, 0.07074753326105905], [0.02990105378636544, -0.04807433230465609, -0.10399922076507065], [0.08638409243946849, 0.14029849792985216, 0.045571427543374135]]	0.6678801177881317	[[0.6576569372162699, -0.6576569372162698, 0.0], [-0.7071067811865475, -0.7071067811865476, 0.0], [0.0, 0.0, -0.9300673599999999]]
