4	[[0.8489524140446696, -0.5135124485683378, 0.12483895166604869], [0.522794976890395, 0.7815435453534784, -0.34040431673891397], [0.0772347773085365, 0.35425224329800037, 0.9319550081910795]]	0.7440384057921152	0.2559615942078849	[[0.6316532007391636, -0.38207298358719155, 0.0928849745783658], [0.3889795411616552, 0.5814984135419198, -0.2532738851511757], [0.057465640580352535, 0.26357727435172473, 0.6934103185644683]]	0.8763176280322306	0.20666362148158204	[[0.7061628754876538, -0.45248865024138035, 0.052429061299584384], [0.5041888578302837, 0.6680450978220182, -0.2972211691040344], [0.024900291265070783, 0.2630648291779139, 0.7893479814356984]]	[[-0.03778909030020724, -0.002488639346951817, -0.05696951271043768], [0.04605440373452783, -0.0168352880460419, 0.001081134312542834], [-0.04278190558754348, -0.047372656394086485, -0.02734062077506661]]	0.4429191250321269	[[0.6728828129771187, -0.6728828129771186, 0.0], [0.7071067811865475, 0.7071067811865476, 0.0], [0.0, 0.0, 0.9516]]
4	[[0.5319609947059123, -0.8460851799387872, 0.03402011756955908], [-0.703274286200726, -0.4190807785627857, 0.5742617690636116], [-0.47161719485230363, -0.3294103357928521, -0.8179645788128509]]	0.6076268968314962	0.39237310316850404	[[0.32323380844854943, -0.5141041123413231, 0.02067153846863383], [-0.4273283721455327, -0.25464475299983286, 0.3489368967050876], [-0.28656729260048025, -0.2001585801220319, -0.4970172787421344]]	0.7533071679824631	0.42529659964740657	[[0.4733384093979506, -0.6234233326575543, 0.09338711442199031], [-0.5053774859366302, -0.36379480809310877, 0.34393377063028674], [-0.26605772183268206, -0.10935760484296211, -0.5600439933197281]]	[[0.07260837899890576, 0.013938698114066218, 0.06775951600123535], [0.024404074916126887, -0.04809825363809089, -0.08866173630362183], [0.08921489159334037, 0.13878956231730352, 0.05613458705574873]]	0.676885874043404	[[0.6403152848290261, -0.640315284829026, 0.0], [-0.7071067811865475, -0.7071067811865476, 0.0], [0.0, 0.0, -0.90554256]]
4	[[-0.42203838922340475, -0.825029846081567, 0.3757783270710803], [0.2588054115689476, 0.28760896992378115, 0.9221175843470338], [-0.8688517462515349, 0.4864224845687207, 0.09214016247897017]]	0.647340293717995	0.35265970628200505	[[-0.2732024548401484, -0.5340750628885538, 0.24325645261904985], [0.16753517114084907, 0.18618087506639053, 0.5969238678937369], [-0.5624427446158615, 0.3148808740317525, 0.05964603984236033]]	0.8076599224205466	0.317974692395512	[[-0.2585268106105951, -0.5614805173607583, 0.30855572456841124], [0.2660730432202603, 0.23659909426393622, 0.8275254044357145], [-0.6544080415913046, 0.3414432676741248, 0.024168854128439485]]	[[0.08233668208807239, 0.10486302412011558, 0.005054630078859687], [0.05704628459046652, 0.004308855927841757, 0.08276798779936721], [0.04732869238116661, -0.05142067847625766, -0.05024906235114214]]	0.5277757051372335	[[-0.41000366398567667, -0.4100036639856768, 0.5798327422312054], [0.5, 0.5000000000000001, 0.7071067811865475], [-0.5798327422312054, 0.5798327422312054, 0.0]]
4	[[0.8592155572171323, 0.2624339665249735, -0.4391776855101157], [-0.4266000482917053, 0.8413623931712975, -0.33184593135155627], [0.2824199444684594, 0.4724804086637203, 0.8348660002631537]]	0.6457269175939997	0.3542730824060004	[[0.5548186133106295, 0.1694606762761381, -0.2835888531405141], [-0.27546713422885427, 0.5432903447220128, -0.21428185036775038], [0.18236616020868684, 0.3050933179099774, 0.5390954489539576]]	0.77474584626836	0.4019323616055977	[[0.5157752101345197, 0.2099000015166644, -0.29330490260294084], [-0.35495096522456926, 0.7490087451680747, -0.2509955262277065], [0.24534189731865924, 0.3320793720600205, 0.5131298630975354]]	[[-0.149898473868608, 0.006580376031711341, 0.0469461850197733], [-0.024444349792688835, 0.0971667258522052, 0.006100730687967121], [0.02653821843837941, -0.03397286199537403, -0.13367910279702241]]	0.5535182801100673	[[0.5798327422312054, 0.4100036639856768, -0.41000366398567667], [-0.7071067811865475, 0.5000000000000001, -0.5], [0.0, 0.5798327422312054, 0.5798327422312054]]
4	[[0.034229894132735264, 0.2773841392786001, 0.9601491309293217], [-0.1827544195208179, -0.9427759796974285, 0.2788803941677556], [0.9825625356654255, -0.18501754344446375, 0.018422055382213542]]	0.8305239319048929	0.16947606809510718	[[0.028428746263807526, 0.2303741660017175, 0.7974268314344862], [-0.15178191907342603, -0.7829980135637957, 0.23161684149539075], [0.8160417004632908, -0.15366149765288042, 0.015299957869805687]]	0.8999135899882859	0.1525001182806708	[[0.00911813110022653, 0.22635670054568496, 0.8286104376576031], [-0.16621295514575596, -0.8255845729816256, 0.2548631342490982], [0.8602180636505491, -0.15382599476430803, 0.0]]	[[-0.021685815813682223, -0.023265056038330706, -0.03544081368113556], [-0.0017497693885514462, 0.022832343462610517, 0.0038948775562450333], [-0.02400331520811707, 0.012673806967612977, -0.01657825799397081]]	0.3593387379544984	[[0.0, 0.0, 0.9516], [0.0, -1.0, 0.0], [0.9516, 0.0, 0.0]]
4	[[-0.5446221603179724, 0.8109226453022452, -0.2139887049042392], [-0.8354447797583356, -0.5021691245819775, 0.22328947644507607], [0.07361197229480154, 0.30038414347728, 0.9509735242804028]]	0.6687408190120137	0.3312591809879863	[[-0.36421106954313304, 0.5422970739748122, -0.143102981776981], [-0.5586960262549008, -0.33582099165549745, 0.1493227873546439], [0.04922733064151525, 0.20087913812721842, 0.6359548134860178]]	0.8061273273489481	0.28826977312177104	[[-0.4809391666161123, 0.6190380528414172, -0.11229091430695703], [-0.7351499511475931, -0.4063977141813364, 0.09651460392107261], [0.07503989734582256, 0.11639369943266675, 0.7449091102269737]]	[[-0.04190436010397495, -0.034668851902820895, 0.06021122846036008], [-0.061675083693375383, -0.0015854599049060052, -0.0834851449507425], [0.015699274858929396, -0.12575416732667596, -0.02169663528079755]]	0.41082714426524847	[[-0.6403152848290261, 0.640315284829026, 0.0], [-0.7071067811865475, -0.7071067811865476, 0.0], [0.0, 0.0, 0.90554256]]
4	[[0.3802729664721569, 0.7767473726770865, -0.5020517802076895], [0.4287143634067757, 0.332951791095048, 0.839849450446521], [0.8195098935212374, -0.5346088512602871, -0.20639019011321075]]	0.6491162851686108	0.3508837148313894	[[0.24684137534645423, 0.5041993690666289, -0.3258899865307031], [0.27828547497303197, 0.21612442977585286, 0.545159955374745], [0.5319572177414293, -0.34702331154833593, -0.13397123350153073]]	0.8071846016706161	0.30328740167973095	[[0.34569610554382013, 0.5222188932513812, -0.4096164996778672], [0.40719037206895714, 0.2992486918956899, 0.7167624946366453], [0.5933198956237303, -0.4167971079161695, -0.06911670768506924]]	[[0.038745622575888615, -0.10475962536167059, -0.004368033452899656], [0.06113873941198707, 0.030495133025115473, 0.0388489505146843], [-0.06817587134333858, 0.014730924737951007, 0.09747827571018548]]	0.4090583486086902	[[0.41000366398567667, 0.4100036639856768, -0.5798327422312054], [0.5, 0.5000000000000001, 0.7071067811865475], [0.5798327422312054, -0.5798327422312054, 0.0]]
4	[[-0.30792515101507295, 0.09349718223056193, 0.9468053539599837], [0.3027085282091916, -0.9338174967034747, 0.1906631317268273], [0.9019698710720718, 0.34531602882779927, 0.2592434992682147]]	0.6718117982372712	0.32818820176272884	[[-0.20686774942591946, 0.06281251012443166, 0.6360750074245328], [0.20336316067797477, -0.6273496116857884, 0.12808974138294957], [0.6059540010407682, 0.23198738228695726, 0.17416284142470206]]	0.8265611067488177	0.2843672874554614	[[-0.23088424639946883, 0.07229460334927702, 0.7248974271884079], [0.24788758196291832, -0.8481763127904743, 0.11864722278780891], [0.6633862470576036, 0.250741133852293, 0.15858964305019183]]	[[0.023634707219346657, -0.004986531073112135, -0.057695054056462164], [-0.002319514135976775, -0.07631908921384008, -0.0389475063885131], [-0.08214696782981636, -0.034683665113719356, -0.055690950622380025]]	0.474965698279636	[[0.0, 0.0, 0.9516], [0.0, -1.0, 0.0], [0.9516, 0.0, 0.0]]
4	[[0.04673222253661188, -0.9725397674033924, -0.22799671093185395], [-0.8377629715199755, -0.16246744520517667, 0.5213036857710898], [-0.5440306084466285, 0.16664552219444034, -0.8223502702654952]]	0.5830652301789634	0.41693476982103644	[[0.027247934090084112, -0.5670541233392545, -0.13293695473952793], [-0.4884704598247069, -0.09472911833514441, 0.3039540535372624], [-0.31720533193833506, 0.09716520975659491, -0.4794838496200837]]	0.7531560708250508	0.404067166780914	[[-0.008841652629333995, -0.7937609139486239, -0.1229491581692472], [-0.6867486176433006, -0.14464367811744724, 0.2706943803280528], [-0.2676095979157585, 0.024296143821856315, -0.5775847516491565]]	[[-0.044038309735930606, -0.061286684009976014, 0.048767948797222835], [-0.05578234973059702, -0.022280335449732066, -0.12192865535391811], [0.142130357550466, -0.10121394289469718, 0.04177334674592255]]	0.6499028513762535	[[1.720614773433296e-16, -0.861714300096, 0.0], [-1.0, -1.7938038903913487e-16, 0.0], [0.0, 0.0, -0.861714300096]]
4	[[0.08740825448676931, -0.06334395238859675, -0.994156597696443], [0.7119981850616444, -0.6940087028176986, 0.10681996481098455], [-0.6967197295301035, -0.717174639895393, -0.015561310176609944]]	0.7455424376339459	0.25445756236605416	[[0.06516656311939427, -0.04722560467316304, -0.7411859332364762], [0.5308248624818037, -0.5174129400378796, 0.07963881695315375], [-0.5194341255015369, -0.5346841292368588, -0.011601617121847707]]	0.8977501505632681	0.1731871496436091	[[0.05258037260440935, -0.05258037260440936, -0.825127100771527], [0.6836202856071857, -0.6704222419677738, 0.09068196528895431], [-0.5968176089691352, -0.6077528767076532, 0.0]]	[[-0.02589040102156027, 0.0042866701897258585, 0.06737713449392124], [0.044423807767320606, -0.047375824520966336, -0.005215674203270087], [0.028662633116914703, 0.036090764238593656, 0.013970168554013295]]	0.1945154170389183	[[0.0, 0.0, -0.861714300096], [0.7071067811865475, -0.7071067811865476, 0.0], [-0.6093240250433013, -0.6093240250433012, 0.0]]
4	[[0.8787972042104137, -0.3840163418041313, 0.28327887866788265], [-0.395223040501579, -0.9183905790867732, -0.018907472103605397], [0.2674214316928388, -0.09534250611366366, -0.9588511794847616]]	0.6481031071619261	0.3518968928380739	[[0.569551198613983, -0.2488821843242138, 0.18359392145800102], [-0.2561452805710571, -0.5952117878943785, -0.012253991418924078], [0.1733166608018196, -0.061791774456870355, -0.6214344287299517]]	0.8237726123154094	0.2858580089659501	[[0.6528719479380756, -0.26585127116753215, 0.16575375520389046], [-0.3167063572199288, -0.8546575260719562, -0.0341814145260126], [0.15708020011993448, -0.05189253993198325, -0.7501701112879358]]	[[-0.07105712066981534, 0.05049087389226429, -0.06760362669013116], [0.008867559301295829, -0.0981125196117831, -0.018605956838944858], [-0.06321425125480215, 0.026648005393967365, 0.03970522965793793]]	0.4902834684288388	[[0.6403152848290261, -0.640315284829026, 0.0], [-0.7071067811865475, -0.7071067811865476, 0.0], [0.0, 0.0, -0.90554256]]
4	[[-0.3195682178843842, -0.5708200961323295, -0.7563336379995778], [0.910087742671785, 0.03735879733279218, -0.41272826520656647], [0.2638493031197415, -0.8202248094963509, 0.507557688474819]]	0.5894006298565581	0.41059937014344194	[[-0.18835370890319386, -0.336441724195176, -0.4457835226186531], [0.5364062887554832, 0.022019298678631193, -0.2432622994723548], [0.15551294544598954, -0.4834410193411245, 0.29915482127559706]]	0.7311848419825037	0.42273780181722825	[[-0.2465785951404375, -0.3725665402507864, -0.4814706080000508], [0.7870458553703352, 0.033130807023462355, -0.22667737423114856], [0.18587710795484663, -0.4814706080000508, 0.28882563059401345]]	[[-0.012915158244013777, 0.04480846154016861, 0.07154908358672257], [0.1216034930546528, 0.005814620699028369, 0.0751032771456276], [-0.007045503053955144, 0.11826533972166761, -0.08229285765045183]]	0.7146668113064358	[[0.0, 0.0, -0.8200073279713536], [1.0, -1.7938038903913487e-16, 0.0], [-1.6373370183991243e-16, -0.8200073279713536, 0.0]]
4	[[0.22433838825039393, -0.7661379269479729, -0.6022499185961573], [-0.9416906372873723, -0.011392912655017143, -0.3362869982418849], [0.2507808429735371, 0.642575192824231, -0.724020780340167]]	0.5352083944591386	0.4647916055408615	[[0.12006778859104425, -0.4100434498160774, -0.3223292119949962], [-0.5040007340597776, -0.006097582490304919, -0.1799836244065224], [0.13422001232897615, 0.343911637270728, -0.38750199940091345]]	0.744804565918879	0.4289140423452865	[[0.20656015652701729, -0.49120733528706867, -0.36680596817220124], [-0.8153653011967782, 0.046787310031753765, -0.20401463716532905], [0.16729349748898673, 0.36680596817220124, -0.4094738560774819]]	[[0.03947190064724162, 0.0794156908274061, 0.08175252102248998], [-0.11398981486208426, 0.05527280339632552, 0.04645345458438091], [-0.019489219402689186, -0.11178696938949023, 0.12978012694002422]]	0.731367059751807	[[1.6373370183991243e-16, -0.8200073279713536, 0.0], [-1.0, -1.7938038903913487e-16, 0.0], [0.0, 0.0, -0.8200073279713536]]
4	[[-0.8305561570912853, 0.32773595720904825, 0.4502950280316503], [-0.5100865793185324, -0.772219296347621, -0.37879947194723407], [0.22358030216652452, -0.5443036842615101, 0.808545204538665]]	0.5953771456815296	0.40462285431847034	[[-0.4944941541372296, 0.195126498740327, 0.26809536850406834], [-0.30369389164512295, -0.45976172049964587, -0.22552854839361486], [0.13311460213451934, -0.3240659739195584, 0.4813893360327189]]	0.7639180873224807	0.39206831063588693	[[-0.5984199432426723, 0.23739066705881073, 0.19668159920845202], [-0.5691471824140895, -0.6237377450035912, -0.30319334291142364], [0.1757862167186085, -0.265783966686946, 0.5780039026379092]]	[[0.036056927696412125, -0.012972758519127802, -0.1473069173363091], [-0.17948281837220925, -0.03382545714420466, -0.013821574822726876], [0.004989179924574799, 0.15001946271668629, -0.039658403527031705]]	0.6812342020138488	[[-0.6403152848290261, 0.640315284829026, 0.0], [-0.7071067811865475, -0.7071067811865476, 0.0], [0.0, 0.0, 0.90554256]]
