4	[[-0.8305561570912853, 0.32773595720904825, 0.4502950280316503], [-0.5100865793185324, -0.772219296347621, -0.37879947194723407], [0.22358030216652452, -0.5443036842615101, 0.808545204538665]]	0.6377361165902686	0.3622638834097313	[[-0.5296756582335335, 0.20900905661749292, 0.2871694024968108], [-0.3253006342194149, -0.4924721352088016, -0.24157410420607342], [0.1425852336497582, -0.34712211784671104, 0.5156384788301727]]	0.7876987397202712	0.3586152268929564	[[-0.638592011092458, 0.2601771005633225, 0.19659433255283698], [-0.564551821937696, -0.6249946515715639, -0.3024957164664348], [0.17244306836525022, -0.28465727201852276, 0.6184482108915413]]	[[0.015636027115258744, 0.0020199001087385544, -0.15810249352999803], [-0.16275726626026396, -0.016718485050868363, -0.004115849806894362], [-0.0036708538775985125, 0.14409005409936912, -0.01844182773043384]]	0.6668617447177034	[[-0.8918823693346576, 0.0, 0.0], [0.0, -0.7071067811865476, -0.7071067811865475], [0.0, -0.6306560713772612, 0.6306560713772613]]
4	[[-0.3195682178843842, -0.5708200961323295, -0.7563336379995778], [0.910087742671785, 0.03735879733279218, -0.41272826520656647], [0.2638493031197415, -0.8202248094963509, 0.507557688474819]]	0.6341532147064698	0.36584678529353026	[[-0.2026552126893998, -0.36198739898137283, -0.4796314079280716], [0.5771350676802668, 0.023691201426157698, -0.26173295618096853], [0.16732088377144586, -0.5201481997241126, 0.3218693397952913]]	0.7600382137619759	0.38425247447238386	[[-0.27402364635178644, -0.4013964325903808, -0.5165278693342698], [0.7788334440614895, 0.03234148588527627, -0.23456283801948988], [0.20920245973068421, -0.5165278693342696, 0.3056982835895353]]	[[-0.031139588855841213, 0.03244865365347426, 0.05831459789902632], [0.08713198175455718, 0.003947372292165146, 0.07912641543718796], [0.008666906685213756, 0.10687432975859383, -0.08006495534002359]]	0.7107307298537274	[[0.0, 0.0, -0.8918823693346576], [1.0, 1.7938038903913487e-16, 0.0], [1.7808524016265495e-16, -0.8918823693346576, 0.0]]
4	[[0.8592155572171323, 0.2624339665249735, -0.4391776855101157], [-0.4266000482917053, 0.8413623931712975, -0.33184593135155627], [0.2824199444684594, 0.4724804086637203, 0.8348660002631537]]	0.7004872134394826	0.2995127865605174	[[0.6018695114188813, 0.18383163792294915, -0.3076383531277824], [-0.29882787908100533, 0.5893635982853366, -0.2324538317436815], [0.19783155992044457, 0.3309664848695973, 0.584812958119703]]	0.7949827254985125	0.36612080851823553	[[0.5637213793783639, 0.2100053268891819, -0.2877292685469517], [-0.32412179894218807, 0.7528600919283451, -0.27252671892804103], [0.2466645258141893, 0.3492540781704344, 0.5471074007869136]]	[[-0.11934014608883511, 0.0013748569177730596, 0.061409404858008554], [0.015017870146548803, 0.08399152347307616, -0.00871493597658856], [0.022145548625514884, -0.026359684853700945, -0.11659664752833028]]	0.5213508233579963	[[0.6306560713772613, 0.4459411846673288, -0.4459411846673287], [-0.7071067811865475, 0.5000000000000001, -0.5], [0.0, 0.6306560713772612, 0.6306560713772613]]
4	[[0.08740825448676931, -0.06334395238859675, -0.994156597696443], [0.7119981850616444, -0.6940087028176986, 0.10681996481098455], [-0.6967197295301035, -0.717174639895393, -0.015561310176609944]]	0.8355135606047056	0.16448643939529448	[[0.07303078193248284, -0.05292473120297143, -0.830631318740015], [0.5948841387449426, -0.5798536823818684, 0.08924952914289508], [-0.5821187819632441, -0.5992091369543974, -0.013001685673333615]]	0.9293203904941283	0.11844830504972448	[[0.05814960429525261, -0.05507072171277812, -0.8800963630070828], [0.6826907411753566, -0.6703952602616198, 0.09220493853054061], [-0.6364771426843517, -0.6487185802564197, 0.0]]	[[-0.023080668896801992, 0.0037961048564340823, 0.0437936345764896], [0.021016309802758495, -0.025438821552752688, -0.007065032880172588], [0.010998708427527272, 0.017766436143652628, 0.014461442849927404]]	0.15504408613280282	[[0.0, 0.0, -0.917763294232], [0.7071067811865475, -0.7071067811865476, 0.0], [-0.6489566488755519, -0.6489566488755518, 0.0]]
4	[[-0.42203838922340475, -0.825029846081567, 0.3757783270710803], [0.2588054115689476, 0.28760896992378115, 0.9221175843470338], [-0.8688517462515349, 0.4864224845687207, 0.09214016247897017]]	0.7145631085613697	0.28543689143863027	[[-0.30157306333570943, -0.5895358914719531, 0.2685173295219023], [0.18493279940321186, 0.20551475959887058, 0.6589112075301176], [-0.6208494046804712, 0.34757956264757, 0.0658399609243226]]	0.8414915252213039	0.26074880800925426	[[-0.2754538186990295, -0.6164285506356281, 0.32892856262649994], [0.2607828399306199, 0.23445324888508315, 0.8299885931758497], [-0.7167692949571102, 0.3660676281663212, 0.023482898045306008]]	[[0.0796879091505157, 0.07782707289664739, 0.012714285034346491], [0.043000279413938934, -0.007567261883407654, 0.05403446069027967], [0.014362086187287532, -0.04325277027534784, -0.05405226781326135]]	0.5027980172444129	[[-0.4459411846673287, -0.4459411846673288, 0.6306560713772613], [0.5, 0.5000000000000001, 0.7071067811865475], [-0.6306560713772613, 0.6306560713772612, 0.0]]
4	[[0.8787972042104137, -0.3840163418041313, 0.28327887866788265], [-0.395223040501579, -0.9183905790867732, -0.018907472103605397], [0.2674214316928388, -0.09534250611366366, -0.9588511794847616]]	0.6848145483895725	0.3151854516104277	[[0.6018131105273732, -0.26297997768681186, 0.19399349736325056], [-0.2706544879942425, -0.6289272296625465, -0.012948111969818977], [0.1831340869744243, -0.06529193526655862, -0.6566352374516659]]	0.8409768717704391	0.25531476033701883	[[0.6881867172367764, -0.31019329007808255, 0.14020231220541776], [-0.3587582994393688, -0.8404895989722883, -0.026333874061303986], [0.12834903597958833, -0.053485925537206956, -0.8063716654164905]]	[[-0.05086140648070524, 0.012755571761083497, -0.09802867301533597], [-0.026384863186749295, -0.06814436270845167, -0.010433127318527078], [-0.09654620308982738, 0.026694917001015867, 0.0]]	0.479812207187746	[[0.6677882783242971, -0.667788278324297, 0.0], [-0.7071067811865475, -0.7071067811865476, 0.0], [0.0, 0.0, -0.94439524]]
4	[[0.8489524140446696, -0.5135124485683378, 0.12483895166604869], [0.522794976890395, 0.7815435453534784, -0.34040431673891397], [0.0772347773085365, 0.35425224329800037, 0.9319550081910795]]	0.7992305095371706	0.20076949046282933	[[0.6785086704497324, -0.4104148159229527, 0.0997750989501423], [0.41783369576358376, 0.6246334459783476, -0.27206151551589464], [0.06172839042229153, 0.2831292009157466, 0.7448468760622745]]	0.8984921799539943	0.1710730681483228	[[0.7377369933736678, -0.4655934869602677, 0.065145729653967], [0.5080579170147254, 0.6666897725232794, -0.2966241546372351], [0.021879951594842902, 0.2873637023926726, 0.8189854213020977]]	[[-0.02504011179853343, -0.004206567612588412, -0.047021092171632424], [0.03833071855947621, -0.03552099127034079, 0.00922646197526164], [-0.04751489183736536, -0.030929167941740436, -0.01836886562654777]]	0.4359857518955145	[[0.6871663699570869, -0.6871663699570868, 0.0], [0.7071067811865475, 0.7071067811865476, 0.0], [0.0, 0.0, 0.9718]]
4	[[0.034229894132735264, 0.2773841392786001, 0.9601491309293217], [-0.1827544195208179, -0.9427759796974285, 0.2788803941677556], [0.9825625356654255, -0.18501754344446375, 0.018422055382213542]]	0.8605020616851266	0.13949793831487364	[[0.029454894472482313, 0.23868962372798969, 0.8262103066898638], [-0.1572605547797323, -0.8112606742368523, 0.2399771541449144], [0.8454970876746641, -0.1592079775818785, 0.015852216636872335]]	0.9163706284147934	0.12904879895656238	[[0.009045187339091557, 0.2353552966125757, 0.8563934136889066], [-0.16505280185406718, -0.826599515767299, 0.25357299890258156], [0.8894239183406119, -0.1593592435804583, 0.0]]	[[-0.0223220822578949, -0.01883138141045169, -0.023459048792713776], [0.0024179804078054857, 0.037332701202406005, -0.001984803153489985], [-0.010967529923946878, 0.010185398973506248, -0.01688143046729114]]	0.3503900196456634	[[0.0, 0.0, 0.9718], [0.0, -1.0, 0.0], [0.9718, 0.0, 0.0]]
4	[[-0.30792515101507295, 0.09349718223056193, 0.9468053539599837], [0.3027085282091916, -0.9338174967034747, 0.1906631317268273], [0.9019698710720718, 0.34531602882779927, 0.2592434992682147]]	0.7112174079721787	0.28878259202782147	[[-0.21900172775438184, 0.0664968235987227, 0.6733844496976007], [0.21529157480401437, -0.6641472595245138, 0.13560293834261214], [0.6414966737728792, 0.24559477095415355, 0.1843784895831771]]	0.8435910182394918	0.2683249212119595	[[-0.2507141607146042, 0.07679731137318076, 0.7376246838966265], [0.24438067755011564, -0.8497563154400457, 0.11833966337543127], [0.6747611034211003, 0.2603739078610897, 0.17391684934142343]]	[[0.00904873097175047, -0.002076071787222312, -0.061091808725078495], [-0.010981517991654206, -0.061996262546108155, -0.04250204205873331], [-0.08613257853793183, -0.030931592512171185, -0.044778638178218734]]	0.4709063902241998	[[0.0, 0.0, 0.9718], [0.0, -1.0, 0.0], [0.9718, 0.0, 0.0]]
4	[[0.22433838825039393, -0.7661379269479729, -0.6022499185961573], [-0.9416906372873723, -0.011392912655017143, -0.3362869982418849], [0.2507808429735371, 0.642575192824231, -0.724020780340167]]	0.5809215184932867	0.41907848150671334	[[0.13032299715875528, -0.4450660078979152, -0.34985993722333797], [-0.5470483549638911, -0.006618388119613922, -0.195356353668225], [0.14568398810921362, 0.37328575676156883, -0.4205992511359042]]	0.7621506826800354	0.39225553152688175	[[0.19214329214907425, -0.5217030835557602, -0.39605318872702355], [-0.8419279454776182, 0.032232413565584386, -0.17142315736926533], [0.1528892917533282, 0.39605318872702355, -0.44840214932959443]]	[[0.021163636392697773, 0.06220946049470445, 0.06295199787503339], [-0.12421778339564968, 0.0409155297233197, 0.08487820791720706], [-0.038243498922027816, -0.09368593315721951, 0.10341078268119586]]	0.7354819758778279	[[1.7808524016265495e-16, -0.8918823693346576, 0.0], [-1.0, -1.7938038903913487e-16, 0.0], [0.0, 0.0, -0.8918823693346576]]
4	[[0.04673222253661188, -0.9725397674033924, -0.22799671093185395], [-0.8377629715199755, -0.16246744520517667, 0.5213036857710898], [-0.5440306084466285, 0.16664552219444034, -0.8223502702654952]]	0.6077588429781976	0.39224115702180246	[[0.028401921498650885, -0.591069643787371, -0.13856701723877807], [-0.509157854260957, -0.09874102651952187, 0.31682692490450737], [-0.33063941313424783, 0.1012802897563906, -0.49979064877936547]]	0.7817885634740882	0.36594161611860926	[[-0.028595559098461194, -0.8369661378814501, -0.14878922513670623], [-0.6848163140651128, -0.14813919162285694, 0.27196676508078327], [-0.2900651436632168, 0.03668686821302499, -0.6082893638750515]]	[[-0.06513027622331052, -0.07664567020172827, 0.02945599597952483], [-0.02986280402872772, -0.021124001024596637, -0.1355824945519445], [0.13525176420020715, -0.0935946951927558, 0.03461467258833811]]	0.6307212764370906	[[1.832529740303097e-16, -0.917763294232, 0.0], [-1.0, -1.7938038903913487e-16, 0.0], [0.0, 0.0, -0.917763294232]]
4	[[-0.5446221603179724, 0.8109226453022452, -0.2139887049042392], [-0.8354447797583356, -0.5021691245819775, 0.22328947644507607], [0.07361197229480154, 0.30038414347728, 0.9509735242804028]]	0.7092433684962371	0.29075663150376296	[[-0.3862696555416164, 0.5751415085440436, -0.15177006988642988], [-0.5925336697883989, -0.35616012147332826, 0.15836658042366694], [0.052208803192016734, 0.2130454617626831, 0.6744716657113712]]	0.8291941067659008	0.2582073749768225	[[-0.5005270283410567, 0.638428175910186, -0.12798983054944463], [-0.7361748737595474, -0.4080059288201255, 0.0948235369945249], [0.07737941297826452, 0.1351818584145495, 0.7713528818877814]]	[[-0.048929542591280545, -0.03398410261745061, 0.04944834247161797], [-0.04342898585559959, 0.008389749883041628, -0.09032678097657557], [0.016340799364000343, -0.11389490312273384, -0.017188760135927884]]	0.39685148692855265	[[-0.6677882783242971, 0.667788278324297, 0.0], [-0.7071067811865475, -0.7071067811865476, 0.0], [0.0, 0.0, 0.94439524]]
4	[[0.3802729664721569, 0.7767473726770865, -0.5020517802076895], [0.4287143634067757, 0.332951791095048, 0.839849450446521], [0.8195098935212374, -0.5346088512602871, -0.20639019011321075]]	0.7111745203070208	0.28882547969297945	[[0.270440444516564, 0.5524029401633657, -0.35704643395848934], [0.3048907317445435, 0.23678683031738404, 0.5972795300514198], [0.5828145554118236, -0.38020019334692207, -0.14677944444983745]]	0.8413172340861378	0.25387474996479353	[[0.34639696297520695, 0.5811099291541355, -0.42814133927769626], [0.4043400671687648, 0.29321553845279835, 0.717113785556914], [0.6457167692708531, -0.42814133927769626, -0.07887547991246405]]	[[0.026466762625121282, -0.07238102201022545, -0.005756524185341434], [0.04365528473437688, 0.013097458484686866, 0.010533968858484014], [-0.043751027652659535, 0.021634300782576055, 0.09476414397609456]]	0.3842640957443366	[[0.4459411846673287, 0.4459411846673288, -0.6306560713772613], [0.5, 0.5000000000000001, 0.7071067811865475], [0.6306560713772613, -0.6306560713772612, 0.0]]
4	[[0.5319609947059123, -0.8460851799387872, 0.03402011756955908], [-0.703274286200726, -0.4190807785627857, 0.5742617690636116], [-0.47161719485230363, -0.3294103357928521, -0.8179645788128509]]	0.6439195407805041	0.35608045921949594	[[0.34254007942417125, -0.544810780527374, 0.021906218482689237], [-0.4528520554131083, -0.2698543024820851, 0.3697783746232407], [-0.3036835275334849, -0.21211375215208494, -0.5267033759638894]]	0.7715928457954638	0.39437528083609524	[[0.5054244663836449, -0.661733401890898, 0.1002212196085001], [-0.5181591034308659, -0.37529803445902177, 0.3263873607642421], [-0.276780193311675, -0.11454015893612297, -0.600237976178812]]	[[0.0949671686263243, -0.008900130116562223, 0.07397154027870777], [0.0244823044335257, -0.051938303909583206, -0.11670891185908745], [0.08711626019048774, 0.13963049949272313, 0.030897640947283454]]	0.662722367377054	[[0.6677882783242971, -0.667788278324297, 0.0], [-0.7071067811865475, -0.7071067811865476, 0.0], [0.0, 0.0, -0.94439524]]
