4	[[0.22433838825039393, -0.7661379269479729, -0.6022499185961573], [-0.9416906372873723, -0.011392912655017143, -0.3362869982418849], [0.2507808429735371, 0.642575192824231, -0.724020780340167]]	0.6350448849374637	0.3649551150625363	[[0.14246494595352752, -0.4865319716649024, -0.38245573025849366], [-0.5980158224028463, -0.007235010906107942, -0.21355733810448288], [0.15925709157065007, 0.4080640893907323, -0.4597856931434542]]	0.7880762549324913	0.34458629156966913	[[0.23232461858484774, -0.6193221569938401, -0.37210516292054396], [-0.8247708616942421, 0.02714329106601246, -0.18647225759274078], [0.1821835934561825, 0.37210516292054396, -0.533370571428658]]	[[0.05552886173488601, -0.015547048762939013, 0.10251369746011338], [-0.08264683095581857, 0.03612177500395141, 0.07854754056421312], [-0.015450834083215808, -0.13429308855289956, 0.03721301363512078]]	0.7486622290802807	[[-1.9508118392430174e-16, -0.9770010606836494, 0.0], [-1.0, 1.7938038903913487e-16, 0.0], [0.0, 0.0, -0.9770010606836494]]
4	[[0.08740825448676931, -0.06334395238859675, -0.994156597696443], [0.7119981850616444, -0.6940087028176986, 0.10681996481098455], [-0.6967197295301035, -0.717174639895393, -0.015561310176609944]]	0.928119752074095	0.07188024792590508	[[0.08112532748348973, -0.05879077338629769, -0.9226963749768486], [0.6608195789966189, -0.6441231851964263, 0.0991417192569345], [-0.6466393426366102, -0.6656239489735407, -0.014442759343063313]]	0.9639870734583431	0.058625060167437563	[[0.06594560703032125, -0.058618950913418365, -0.9402324924114248], [0.6808932349326577, -0.6727388645583319, 0.0901538874030385], [-0.679828809237635, -0.6981570941899266, -0.005180728223683942]]	[[-0.018314820408481598, 0.0024438003709496385, 0.01812161676127258], [-0.005463811792568632, -0.003723446174477711, -0.01281917786202568], [-0.00819999614722208, -0.006810011918625358, 0.009820173632643814]]	0.11731573163353164	[[0.0, 0.0, -0.9827007248879999], [0.7071067811865475, -0.7071067811865476, 0.0], [-0.6948743464452406, -0.6948743464452405, 0.0]]
4	[[-0.42203838922340475, -0.825029846081567, 0.3757783270710803], [0.2588054115689476, 0.28760896992378115, 0.9221175843470338], [-0.8688517462515349, 0.4864224845687207, 0.09214016247897017]]	0.7681304066123785	0.23186959338762156	[[-0.3241805195202072, -0.6337305111379823, 0.28864675916922844], [0.19879630602193968, 0.22092119501292143, 0.7083065550089114], [-0.6673914451340666, 0.37363590085717485, 0.07077566047030198]]	0.8782799376657359	0.1982090078887526	[[-0.29800923301893767, -0.6795310812783257, 0.3526899156681522], [0.25616617940202235, 0.23291422944689644, 0.8294571152746871], [-0.7894336975698322, 0.39923540735369045, 0.02221329169409529]]	[[0.07265861716074183, 0.04507608051056437, 0.02265134999202928], [0.028862578661691958, -0.019686958729868646, 0.019579740773895425], [-0.02633864003126821, -0.027979702072538006, -0.058711564464445413]]	0.4809111063018187	[[-0.4885005303418246, -0.4885005303418247, 0.6908440752358582], [0.5, 0.5000000000000001, 0.7071067811865475], [-0.6908440752358582, 0.6908440752358581, 0.0]]
4	[[0.8489524140446696, -0.5135124485683378, 0.12483895166604869], [0.522794976890395, 0.7815435453534784, -0.34040431673891397], [0.0772347773085365, 0.35425224329800037, 0.9319550081910795]]	0.8308630601058974	0.16913693989410267	[[0.705363200617443, -0.4266585244199614, 0.10372407340166542], [0.4343710343071455, 0.6493556616984033, -0.2828293722789512], [0.06417152342116816, 0.29433510291595555, 0.7743269899866568]]	0.9206232840186475	0.13628468978655867	[[0.775697590304333, -0.48610511791348077, 0.06401411548608178], [0.5077445039011279, 0.6699030274973194, -0.2891800840131422], [0.023737976955182264, 0.3002911079328518, 0.8595745662091064]]	[[-0.005867769089029031, -0.013353601128040904, -0.05091553017016116], [0.02644727540783954, -0.04960415782957649, 0.02420405595716061], [-0.047366157371051536, -0.025841755663126117, 0.0015950860106095056]]	0.42878055050793507	[[0.7030055618556655, -0.7030055618556654, 0.0], [0.7071067811865475, 0.7071067811865476, 0.0], [0.0, 0.0, 0.9942]]
4	[[-0.30792515101507295, 0.09349718223056193, 0.9468053539599837], [0.3027085282091916, -0.9338174967034747, 0.1906631317268273], [0.9019698710720718, 0.34531602882779927, 0.2592434992682147]]	0.7509440783596495	0.2490559216403505	[[-0.23123456873276993, 0.07021115533935354, 0.7109978739154618], [0.22731717672765728, -0.7012447194181058, 0.14317734973176674], [0.6773289335403889, 0.25931302701090586, 0.19467737062869997]]	0.8619494279187605	0.24623817008953336	[[-0.2658075937021769, 0.08335854428009093, 0.7596791313260872], [0.2430922645307677, -0.8496179831038463, 0.11996204019694656], [0.6948813313523607, 0.274322511369092, 0.18244904942208595]]	[[-0.00039168594293676585, 0.002768701544441972, -0.056419201870140157], [-0.017827178185274982, -0.04471452603975714, -0.04437993712019149], [-0.08257108301816962, -0.023322442130207763, -0.04100573646380936]]	0.46712156264698884	[[0.0, 0.0, 0.9942], [0.0, -1.0, 0.0], [0.9942, 0.0, 0.0]]
4	[[0.3802729664721569, 0.7767473726770865, -0.5020517802076895], [0.4287143634067757, 0.332951791095048, 0.839849450446521], [0.8195098935212374, -0.5346088512602871, -0.20639019011321075]]	0.7847076583654157	0.21529234163458458	[[0.29840310906003653, 0.6095196119549254, -0.39396387682496425], [0.3364154442165509, 0.2612698203387661, 0.6590362956393706], [0.6430756895523413, -0.4195116598138847, -0.16195596279333058]]	0.8813890901056054	0.20327895251858968	[[0.34313800338531303, 0.6536731982387618, -0.4425029617431548], [0.4037915831712182, 0.30206769226347135, 0.721328951719054], [0.7010909579134457, -0.45475971689790845, -0.08963774087735253]]	[[0.007969559474659247, -0.03094346180701502, -9.539258651830053e-19], [0.025927420492916242, 0.00860761606117546, -0.018905191235697776], [-0.02121612146977936, 0.016438692076799016, 0.0922723209932532]]	0.3680103937733953	[[0.4885005303418246, 0.4885005303418247, -0.6908440752358582], [0.5, 0.5000000000000001, 0.7071067811865475], [0.6908440752358582, -0.6908440752358581, 0.0]]
4	[[0.034229894132735264, 0.2773841392786001, 0.9601491309293217], [-0.1827544195208179, -0.9427759796974285, 0.2788803941677556], [0.9825625356654255, -0.18501754344446375, 0.018422055382213542]]	0.8680774205227245	0.13192257947727568	[[0.02971419820351078, 0.24079090811888335, 0.8334837808942611], [-0.15864498508675945, -0.8184025405865282, 0.24208977320350597], [0.8529403514627102, -0.1606095518647212, 0.01599177031691871]]	0.9336684560645669	0.12251500620524654	[[0.011974986584769354, 0.24399788840196318, 0.8876518792920179], [-0.1632356842316058, -0.828015645101456, 0.2519712778804469], [0.9219156694798876, -0.16623798328474954, 0.0]]	[[-0.01998438582139516, -0.014986932655086204, -0.008809077374497641], [0.007396352481372407, 0.0522245482774017, -0.00841054916883939], [0.00452802381826377, 0.006507060847901857, -0.01720009200624727]]	0.3408162935576968	[[0.0, 0.0, 0.9942], [0.0, -1.0, 0.0], [0.9942, 0.0, 0.0]]
4	[[0.8592155572171323, 0.2624339665249735, -0.4391776855101157], [-0.4266000482917053, 0.8413623931712975, -0.33184593135155627], [0.2824199444684594, 0.4724804086637203, 0.8348660002631537]]	0.7494217071894419	0.25057829281055816	[[0.643914789733391, 0.19667371121764254, -0.32912929083449877], [-0.3197033364778681, 0.6305352410554281, -0.24869254439735364], [0.21165163692790023, 0.3540870744743305, 0.6256667031916338]]	0.8213715707945474	0.26305646387968107	[[0.6788790545554958, 0.2696832827606478, -0.2813274525069269], [-0.3325851049418992, 0.6908081464562441, -0.34940897953058747], [0.14544447165001043, 0.39883431288243615, 0.675755777464073]]	[[-0.026856177327052533, 0.05412748344618668, 0.07940061289843046], [0.017812046824488465, -0.00026300403032400877, -0.07684016563458021], [-0.0865272417617569, 0.010752337448666556, -0.009979420575034505]]	0.48704518899486465	[[0.6908440752358582, 0.4885005303418247, -0.4885005303418246], [-0.7071067811865475, 0.5000000000000001, -0.5], [0.0, 0.6908440752358581, 0.6908440752358582]]
4	[[0.8787972042104137, -0.3840163418041313, 0.28327887866788265], [-0.395223040501579, -0.9183905790867732, -0.018907472103605397], [0.2674214316928388, -0.09534250611366366, -0.9588511794847616]]	0.7254414601055065	0.2745585398944935	[[0.6375159269590395, -0.27858137570276426, 0.2055022433578794], [-0.28671117956880315, -0.6662386026398505, -0.013716264169743619], [0.19399859387075793, -0.06916540684521433, -0.6955903996693126]]	0.8602450578154219	0.23283042145490584	[[0.7033177747994817, -0.31869789951996014, 0.15573921457507656], [-0.3587162600219063, -0.8408124500155743, -0.025596482111439254], [0.14088165613048695, -0.061169743085283994, -0.8248469883322542]]	[[-0.05266317694453691, 0.01165026063740162, -0.08795004078246402], [-0.01872759269563858, -0.05077149321193408, -0.009331422678529745], [-0.08916630883720203, 0.020848176598731824, 0.0]]	0.4703589520750524	[[0.6989281295969026, -0.6989281295969025, 0.0], [-0.7071067811865475, -0.7071067811865476, 0.0], [0.0, 0.0, -0.9884336399999999]]
4	[[-0.8305561570912853, 0.32773595720904825, 0.4502950280316503], [-0.5100865793185324, -0.772219296347621, -0.37879947194723407], [0.22358030216652452, -0.5443036842615101, 0.808545204538665]]	0.6887630250130098	0.3112369749869903	[[-0.5720563712013742, 0.2257324092928384, 0.31014656565539755], [-0.351328775389971, -0.5318760985258051, -0.2609030701717077], [0.15399384525353826, -0.37489625209768385, 0.5568960409378135]]	0.818554351437167	0.3261750055376798	[[-0.6742201765962074, 0.2719901115711935, 0.20935484421553405], [-0.567844202602817, -0.6310603890765647, -0.29562355762212217], [0.1905422949974226, -0.2977220876998255, 0.6557692300681142]]	[[0.005635179903795496, 0.0037204176753019014, -0.15923611041029445], [-0.15031061349193256, 0.0010430762125276244, 0.014444398462387391], [0.0075296657633772725, 0.14782006155571545, -0.0060689654406641735]]	0.6386131229930285	[[-0.9770010606836494, 0.0, 0.0], [0.0, -0.7071067811865476, -0.7071067811865475], [0.0, -0.6908440752358581, 0.6908440752358582]]
4	[[-0.5446221603179724, 0.8109226453022452, -0.2139887049042392], [-0.8354447797583356, -0.5021691245819775, 0.22328947644507607], [0.07361197229480154, 0.30038414347728, 0.9509735242804028]]	0.7518574192124947	0.24814258078750517	[[-0.40947821190260425, 0.6096982072779155, -0.1608889954099254], [-0.6281353560036534, -0.3775595820164033, 0.16788184949730403], [0.05534570751271115, 0.2258460468871835, 0.7149964997048744]]	0.8603226047767734	0.23521583711130953	[[-0.5466249385229162, 0.6554819425019079, -0.16650088968522123], [-0.7253750177265939, -0.39963736260366145, 0.10908976665195527], [0.10658081772869211, 0.16650088968522123, 0.7753205878407671]]	[[-0.07807418293900487, -0.04217313997699106, 0.017598430310802167], [-0.006622988657744704, 0.03239008669517749, -0.08301121734251454], [0.043250773981272785, -0.09192637906479233, -0.04282343164189714]]	0.38342083582536496	[[-0.6989281295969026, 0.6989281295969025, 0.0], [-0.7071067811865475, -0.7071067811865476, 0.0], [0.0, 0.0, 0.9884336399999999]]
4	[[0.04673222253661188, -0.9725397674033924, -0.22799671093185395], [-0.8377629715199755, -0.16246744520517667, 0.5213036857710898], [-0.5440306084466285, 0.16664552219444034, -0.8223502702654952]]	0.640476307275092	0.3595236927249079	[[0.02993088132100693, -0.6228886789047017, -0.14602649148850036], [-0.536567334370922, -0.10405654935742982, 0.33388265963156244], [-0.3484387151425182, 0.10673250867902452, -0.5266958643863183]]	0.8114577348812583	0.319629569243911	[[-0.03173538372661956, -0.9022787204385573, -0.1560956067759247], [-0.6759141575533794, -0.14484201136817515, 0.2871799638822141], [-0.32698843943611705, 0.04301468850499434, -0.6368209373823762]]	[[-0.06965660717214539, -0.11310380369945452, 0.028914087837214504], [0.0038950856836121664, -0.01300654629003771, -0.13583594415884556], [0.11446940580005689, -0.09221110946301067, 0.030481550206253004]]	0.6109065261295606	[[1.9621925560682131e-16, -0.9827007248879999, 0.0], [-1.0, -1.7938038903913487e-16, 0.0], [0.0, 0.0, -0.9827007248879999]]
4	[[0.5319609947059123, -0.8460851799387872, 0.03402011756955908], [-0.703274286200726, -0.4190807785627857, 0.5742617690636116], [-0.47161719485230363, -0.3294103357928521, -0.8179645788128509]]	0.6730881041184428	0.32691189588155717	[[0.3580566173915635, -0.5694898696877098, 0.022898536436781046], [-0.4733655559740978, -0.2820782867153064, 0.38652876540672926], [-0.3174399235527953, -0.22172217839583042, -0.5505622275891824]]	0.7962073601545249	0.359747921046676	[[0.5231406513394933, -0.71939759319854, 0.09067053190600478], [-0.5117696727639457, -0.3935805338690025, 0.32520393222147015], [-0.30496800485146236, -0.10342711377341252, -0.6364054903795936]]	[[0.09958939203952363, -0.04573834561361226, 0.0635834639037996], [0.048182490116492116, -0.05990533347802389, -0.13202751496233542], [0.07053707686537257, 0.1588518200958299, 0.014863927616894224]]	0.6473402600347681	[[0.6989281295969026, -0.6989281295969025, 0.0], [-0.7071067811865475, -0.7071067811865476, 0.0], [0.0, 0.0, -0.9884336399999999]]
4	[[-0.3195682178843842, -0.5708200961323295, -0.7563336379995778], [0.910087742671785, 0.03735879733279218, -0.41272826520656647], [0.2638493031197415, -0.8202248094963509, 0.507557688474819]]	0.6820790883544324	0.31792091164556757	[[-0.21797079872163144, -0.38934445078432883, -0.5158793582985433], [0.6207518178441145, 0.025481654426768946, -0.28151331887020126], [0.1799660921348656, -0.5594581903069591, 0.34619448544218756]]	0.7848620472081156	0.3282665688625568	[[-0.24312445818087003, -0.4075816799398757, -0.5751437505211031], [0.7918866645443658, 0.059178827564580185, -0.23262600843822198], [0.2060220655139242, -0.5963975419939255, 0.31106867102897107]]	[[0.007692507530516861, 0.04043334929807785, 0.018473816971607306], [0.07759333569197592, 0.029857325408731754, 0.0913087427324578], [-0.001063238687070804, 0.047365781158267076, -0.0872940954235944]]	0.7054676889587164	[[-0.4885005303418246, -0.4885005303418247, -0.6908440752358582], [0.5, 0.5000000000000001, -0.7071067811865475], [0.6908440752358582, -0.6908440752358581, 0.0]]
