4	[[0.22433838825039393, -0.7661379269479729, -0.6022499185961573], [-0.9416906372873723, -0.011392912655017143, -0.3362869982418849], [0.2507808429735371, 0.642575192824231, -0.724020780340167]]	0.6021588430130297	0.39784115698697037	[[0.13508734431226513, -0.4613367276793925, -0.3626501141865534], [-0.5670473446251666, -0.006860343102893726, -0.2024981897816581], [0.15100990225477737, 0.38693233465991334, -0.4359755154070259]]	0.7692696419675193	0.3772648183851618	[[0.22226020043280592, -0.5753150568479557, -0.3560442732410939], [-0.8377472163996307, -0.013989552370384739, -0.1564581212770273], [0.14478378958362725, 0.35604427324109383, -0.522594456659359]]	[[0.04968348882385498, 0.014051591913048996, 0.10724830601233973], [-0.11333319700940858, -0.005225330531292368, 0.10223725745883933], [-0.04813429970293826, -0.13826931528001207, 0.03437274980996515]]	0.7395960001183263	[[1.8477455971031157e-16, -0.9253836643434492, 0.0], [-1.0, -1.7938038903913487e-16, 0.0], [0.0, 0.0, -0.9253836643434492]]
4	[[0.5319609947059123, -0.8460851799387872, 0.03402011756955908], [-0.703274286200726, -0.4190807785627857, 0.5742617690636116], [-0.47161719485230363, -0.3294103357928521, -0.8179645788128509]]	0.6558724228475344	0.34412757715246556	[[0.3488985464581511, -0.5549239369018446, 0.022312856935904693], [-0.46125821001684053, -0.27486352560480526, 0.3766424578244622], [-0.3093207122443381, -0.2160511550474778, -0.5364804101094475]]	0.7807498786613141	0.379261860663344	[[0.520108593219852, -0.6676388884424551, 0.11231861110779734], [-0.5122616746094247, -0.3638931816964972, 0.33700883427678924], [-0.29031774648849307, -0.13386333459847366, -0.6016812918398323]]	[[0.10478011115065897, -0.00705798686811086, 0.08575740844332039], [0.036819639007414376, -0.03669591468431324, -0.11134597223945712], [0.07789732116703234, 0.12332374510157838, 0.03694445381755388]]	0.656499515318315	[[0.6802145486328006, -0.6802145486328005, 0.0], [-0.7071067811865475, -0.7071067811865476, 0.0], [0.0, 0.0, -0.9619686399999998]]
4	[[0.034229894132735264, 0.2773841392786001, 0.9601491309293217], [-0.1827544195208179, -0.9427759796974285, 0.2788803941677556], [0.9825625356654255, -0.18501754344446375, 0.018422055382213542]]	0.8659205963763141	0.13407940362368598	[[0.029640370341316218, 0.24019263930945597, 0.831412908064518], [-0.15825081594187376, -0.8163691385888612, 0.24148827723540447], [0.8508211368604286, -0.1602105015595107, 0.01595203718304384]]	0.9234600567193759	0.12495014134755887	[[0.009364289482660578, 0.2392097260522477, 0.8688897075599264], [-0.16448399179410764, -0.8270855063591493, 0.2529685238845104], [0.9025091848985951, -0.1619239436070446, 0.0]]	[[-0.02224565049465336, -0.016943446939023596, -0.0177696633471245], [0.004282414822303482, 0.04353045332590311, -0.004566380731567007], [-0.004848070017332574, 0.008932367556259466, -0.0170120323081464]]	0.34649948940621933	[[0.0, 0.0, 0.9807999999999999], [0.0, -1.0, 0.0], [0.9807999999999999, 0.0, 0.0]]
4	[[0.3802729664721569, 0.7767473726770865, -0.5020517802076895], [0.4287143634067757, 0.332951791095048, 0.839849450446521], [0.8195098935212374, -0.5346088512602871, -0.20639019011321075]]	0.7406469877537685	0.25935301224623164	[[0.2816480271417927, 0.575295601818938, -0.3718431387072422], [0.3175260018640028, 0.2465997411417693, 0.6220319656398736], [0.6069675340709161, -0.3959564353124342, -0.15286227260927715]]	0.8596060381571827	0.23020734424636569	[[0.3429400516686307, 0.6111956358974893, -0.4315667417340926], [0.4061404634596776, 0.30130630180929746, 0.7186646931782145], [0.66501744404308, -0.4419618401802527, -0.08392282157788311]]	[[0.016055113541220786, -0.056501095778461616, 4.3622765702459815e-18], [0.037615008030500455, 0.015098931768745352, -0.0032749655686067497], [-0.03943820875732529, 0.01759115641536524, 0.09349143205984173]]	0.37601408893780175	[[0.4626918321717245, 0.4626918321717246, -0.654345064256509], [0.5, 0.5000000000000001, 0.7071067811865475], [0.654345064256509, -0.6543450642565088, 0.0]]
4	[[0.8787972042104137, -0.3840163418041313, 0.28327887866788265], [-0.395223040501579, -0.9183905790867732, -0.018907472103605397], [0.2674214316928388, -0.09534250611366366, -0.9588511794847616]]	0.7010838739265824	0.2989161260734176	[[0.6161105483236867, -0.26922766456315494, 0.19860225365805745], [-0.2770845002998896, -0.6438688249638325, -0.013255723788554457], [0.18748485330220832, -0.0668430935360362, -0.6722350994322495]]	0.8488531445692278	0.2464525659214419	[[0.6937551529569985, -0.3145477778763357, 0.14650008238094864], [-0.35966126701185713, -0.8405020119965516, -0.025400938797289555], [0.13347924507737655, -0.055869988561289136, -0.8139238388795529]]	[[-0.052214617275657016, 0.011425701430072531, -0.09396208456632833], [-0.024174946275880512, -0.06092328099598994, -0.009351271646289155], [-0.09352227814029458, 0.025061797564405117, 0.0]]	0.47571753195071853	[[0.6802145486328006, -0.6802145486328005, 0.0], [-0.7071067811865475, -0.7071067811865476, 0.0], [0.0, 0.0, -0.9619686399999998]]
4	[[0.08740825448676931, -0.06334395238859675, -0.994156597696443], [0.7119981850616444, -0.6940087028176986, 0.10681996481098455], [-0.6967197295301035, -0.717174639895393, -0.015561310176609944]]	0.8778759046765134	0.12212409532348663	[[0.07673360048376754, -0.05560812950892535, -0.8727461225928896], [0.6250460508390266, -0.6092535178394607, 0.09377467324595638], [-0.6116334628672153, -0.629590335809221, -0.013660899249243288]]	0.9381976033340236	0.09836460189623926	[[0.07132316676018244, -0.05868563194813086, -0.8988771454762567], [0.6759759516961981, -0.6582567453269311, 0.10899931955813323], [-0.6442240401913991, -0.6658802099189682, 0.0]]	[[-0.010683048110914953, 0.0007435123685550927, 0.03383819182125308], [0.007980960893188633, -0.007139443650411971, 0.008781084584242812], [0.009436740249273165, 0.006971318402830827, 0.014599583912432799]]	0.13895154692939754	[[0.0, 0.0, -0.9434988421119997], [0.7071067811865475, -0.7071067811865476, 0.0], [-0.6671544292990508, -0.6671544292990507, 0.0]]
4	[[-0.5446221603179724, 0.8109226453022452, -0.2139887049042392], [-0.8354447797583356, -0.5021691245819775, 0.22328947644507607], [0.07361197229480154, 0.30038414347728, 0.9509735242804028]]	0.7266259455154971	0.2733740544845029	[[-0.3957365921897393, 0.589237433882672, -0.15548974503067947], [-0.6070558530178869, -0.36488911495806886, 0.16224792694556373], [0.05348836896997075, 0.2182669122720413, 0.6910020362404522]]	0.8393120533957045	0.24537377775344046	[[-0.5092962112344971, 0.6469354314651673, -0.13547861116139984], [-0.73657203593586, -0.4085907795388406, 0.09418412171855704], [0.07830425490127209, 0.14433080393901554, 0.7832552728276863]]	[[-0.05218826753321523, -0.03368171910853669, 0.04412468815526467], [-0.03537316233816906, 0.012885819565982257, -0.09322542725821155], [0.01652083928001448, -0.10778522833041024, -0.014908268561048387]]	0.3911671901418333	[[-0.6802145486328006, 0.6802145486328005, 0.0], [-0.7071067811865475, -0.7071067811865476, 0.0], [0.0, 0.0, 0.9619686399999998]]
4	[[0.8489524140446696, -0.5135124485683378, 0.12483895166604869], [0.522794976890395, 0.7815435453534784, -0.34040431673891397], [0.0772347773085365, 0.35425224329800037, 0.9319550081910795]]	0.812978465663269	0.18702153433673108	[[0.6901800309911638, -0.41747456253607557, 0.10149137938047528], [0.4250210581688175, 0.6353780723505026, -0.27674137912755575], [0.06279021075213828, 0.2879994452141794, 0.757659352626383]]	0.9075529942408789	0.15579602294697445	[[0.7526556008726031, -0.4752580879750195, 0.06348645547530893], [0.5082209821728236, 0.6679913679013432, -0.2933187602646932], [0.023900264241916082, 0.29123858076103754, 0.8356708931521084]]	[[-0.0178137044616591, -0.00921832769685922, -0.04981150890710595], [0.03375683552185456, -0.04130081681383843, 0.015616196644228636], [-0.04619438916397372, -0.030264103360611007, -0.010127665029488692]]	0.43302815978940057	[[0.6935303309877657, -0.6935303309877657, 0.0], [0.7071067811865475, 0.7071067811865476, 0.0], [0.0, 0.0, 0.9807999999999999]]
4	[[-0.42203838922340475, -0.825029846081567, 0.3757783270710803], [0.2588054115689476, 0.28760896992378115, 0.9221175843470338], [-0.8688517462515349, 0.4864224845687207, 0.09214016247897017]]	0.7372905246460136	0.2627094753539865	[[-0.3111649054112826, -0.6082866880660985, 0.2770577999168381], [0.19081477767689684, 0.2120513683280042, 0.6798685575485393], [-0.6405961598333992, 0.35863468884728955, 0.06793406873508885]]	0.8560344179176661	0.2355394740302819	[[-0.2836855227012912, -0.6416981416421579, 0.3365840850577443], [0.25719158242614965, 0.23271431723874866, 0.8305601840408128], [-0.7459359652132334, 0.37854105230084306, 0.02265086135222357]]	[[0.07759386415647541, 0.064555802412978, 0.01490490357737771], [0.03564524257978359, -0.013488859917854958, 0.04119579447265548], [-0.0021689663540530807, -0.037853336139006696, -0.05622428900230084]]	0.4931107896344263	[[-0.4626918321717245, -0.4626918321717246, 0.654345064256509], [0.5, 0.5000000000000001, 0.7071067811865475], [-0.654345064256509, 0.6543450642565088, 0.0]]
4	[[-0.8305561570912853, 0.32773595720904825, 0.4502950280316503], [-0.5100865793185324, -0.772219296347621, -0.37879947194723407], [0.22358030216652452, -0.5443036842615101, 0.808545204538665]]	0.658133363471211	0.34186663652878907	[[-0.5466167172182111, 0.2156939678484478, 0.2963541813528332], [-0.33570499610843035, -0.5082232828426315, -0.24930057055375174], [0.14714565627076448, -0.3582244144727996, 0.5321305749815498]]	0.800115429958106	0.3480581621888744	[[-0.6511079640826245, 0.2720444294822454, 0.20059265900986964], [-0.5718202741095021, -0.6281270929327476, -0.29280581972491115], [0.17889816125568195, -0.28337872229289196, 0.6374269910818897]]	[[0.01343283265282138, 0.009817833167196331, -0.1596953409516715], [-0.16369213138219507, -0.01026251861362467, 0.010277482640053587], [8.111657549903464e-06, 0.15212705406778734, -0.009502502888129045]]	0.6553085977844553	[[-0.9253836643434492, 0.0, 0.0], [0.0, -0.7071067811865476, -0.7071067811865475], [0.0, -0.6543450642565088, 0.654345064256509]]
4	[[0.04673222253661188, -0.9725397674033924, -0.22799671093185395], [-0.8377629715199755, -0.16246744520517667, 0.5213036857710898], [-0.5440306084466285, 0.16664552219444034, -0.8223502702654952]]	0.6198574575532109	0.38014254244678924	[[0.028967316647355155, -0.6028360275920578, -0.14132546156871326], [-0.519293625558595, -0.10070665752004643, 0.32313397727518567], [-0.3372214297828535, 0.10329646970007295, -0.5097399477449656]]	0.7942735491035509	0.34875890104733015	[[-0.03734647201835433, -0.8569241002116348, -0.16225136210673358], [-0.6925542074152039, -0.15597359105060962, 0.27462375140692663], [-0.3014615331476518, 0.052052824494869955, -0.6172098529852147]]	[[-0.07446464027000611, -0.08446148751180058, 0.01884039466904641], [-0.02714123871849581, -0.026929996733707228, -0.13943397725123907], [0.13064758904421608, -0.08030930586072271, 0.035961214784824586]]	0.6225488193914532	[[1.8839167996565212e-16, -0.9434988421119997, 0.0], [-1.0, -1.7938038903913487e-16, 0.0], [0.0, 0.0, -0.9434988421119997]]
4	[[-0.30792515101507295, 0.09349718223056193, 0.9468053539599837], [0.3027085282091916, -0.9338174967034747, 0.1906631317268273], [0.9019698710720718, 0.34531602882779927, 0.2592434992682147]]	0.7274376300069928	0.2725623699930073	[[-0.22399634207395003, 0.06801336865413189, 0.6887418427625823], [0.2202015743433992, -0.6792939866610385, 0.13869553667307433], [0.656126825350381, 0.25119587361392065, 0.18858347670238967]]	0.8510460515497077	0.2601443979974263	[[-0.2580610227751906, 0.07951553470344451, 0.7451474458469557], [0.24351174917994972, -0.8497656317158695, 0.11918610026615263], [0.6816988143032563, 0.2656304943837723, 0.1785454880717461]]	[[0.003997461169034688, -5.4873064898725704e-05, -0.06062751222681179], [-0.014107148522905986, -0.05504393827834516, -0.04307700516606551], [-0.08591908308942932, -0.028249348486951223, -0.04208266837039753]]	0.46929288673222064	[[0.0, 0.0, 0.9807999999999999], [0.0, -1.0, 0.0], [0.9807999999999999, 0.0, 0.0]]
4	[[-0.3195682178843842, -0.5708200961323295, -0.7563336379995778], [0.910087742671785, 0.03735879733279218, -0.41272826520656647], [0.2638493031197415, -0.8202248094963509, 0.507557688474819]]	0.6535228661471633	0.3464771338528367	[[-0.2088451376813439, -0.3730439852787994, -0.4942813268689951], [0.594763150036267, 0.024414828308737355, -0.26972735881774185], [0.1724315528057451, -0.5360356683870662, 0.33170055530709275]]	0.7728936924509716	0.3677706263742703	[[-0.2868959436230655, -0.4147071827065397, -0.5327948307114809], [0.7752108251793356, 0.03201217117931293, -0.23804905028414503], [0.22028670244542012, -0.5327948307114809, 0.3132566710996202]]	[[-0.03990368371242714, 0.026476069118395073, 0.05177066748688925], [0.07180974929136974, 0.003137792363243694, 0.08094602259024208], [0.016359240306587496, 0.10115175094004845, -0.07903146487756257]]	0.7109809838021526	[[0.0, 0.0, -0.9253836643434492], [1.0, -1.7938038903913487e-16, 0.0], [-1.8477455971031157e-16, -0.9253836643434492, 0.0]]
4	[[0.8592155572171323, 0.2624339665249735, -0.4391776855101157], [-0.4266000482917053, 0.8413623931712975, -0.33184593135155627], [0.2824199444684594, 0.4724804086637203, 0.8348660002631537]]	0.7228461607105439	0.27715383928945625	[[0.6210806667571745, 0.18969938514261647, -0.3174579038407298], [-0.3083662070665918, 0.6081755756701075, -0.23987355742488703], [0.20414617256711093, 0.34153064941351896, 0.6034796829979886]]	0.8049806416013224	0.28182341821301876	[[0.6548838708923178, 0.2664529108607192, -0.27148033565531926], [-0.33981392242132163, 0.6890104981207268, -0.34798689756473933], [0.13751333369769067, 0.3811936652452733, 0.6559338849926589]]	[[-0.03676801963016709, 0.05519864810946604, 0.0820491994035975], [0.003590858159690369, 0.011730059046471826, -0.08085734683257503], [-0.08982925440153959, 0.0008560827350966296, -0.016117083550304334]]	0.5073575553222149	[[0.654345064256509, 0.4626918321717246, -0.4626918321717245], [-0.7071067811865475, 0.5000000000000001, -0.5], [0.0, 0.6543450642565088, 0.654345064256509]]
