4	[[-0.30792515101507295, 0.09349718223056193, 0.9468053539599837], [0.3027085282091916, -0.9338174967034747, 0.1906631317268273], [0.9019698710720718, 0.34531602882779927, 0.2592434992682147]]	0.7224394229276203	0.2775605770723798	[[-0.22245726840422964, 0.06754605037600572, 0.684009513539632], [0.2186885744347176, -0.6746265734381732, 0.13774256285830197], [0.6516185931554076, 0.24946991259401285, 0.18728772400906596]]	0.8487321032520152	0.26267390904957244	[[-0.25576201962127476, 0.07866362054355426, 0.7428049110792369], [0.24377586787859815, -0.8497644716600725, 0.11892478218994242], [0.6795401818305846, 0.26398172641002327, 0.17709839907772054]]	[[0.005583941443942491, -0.0006904395791275039, -0.060779188357488925], [-0.013142577940711078, -0.05720358362940072, -0.042897138613183755], [-0.08599060391436386, -0.02909907302362828, -0.04292988131060361]]	0.46978168940305093	[[0.0, 0.0, 0.978], [0.0, -1.0, 0.0], [0.978, 0.0, 0.0]]
4	[[0.5319609947059123, -0.8460851799387872, 0.03402011756955908], [-0.703274286200726, -0.4190807785627857, 0.5742617690636116], [-0.47161719485230363, -0.3294103357928521, -0.8179645788128509]]	0.6524655155496436	0.34753448445035656	[[0.3470862046630943, -0.5520414031276738, 0.022196953549081848], [-0.4588622197187643, -0.27343575624191396, 0.3746860012125396], [-0.3077139561813849, -0.21492888457046444, -0.5336936806164737]]	0.7773069583438228	0.3838517810658935	[[0.5165750802895064, -0.6607454253715321, 0.11297962633368328], [-0.5112194646432864, -0.36071602788992285, 0.3393670644393559], [-0.28838641138100185, -0.13506712485326838, -0.595480359676122]]	[[0.1030780975370994, -0.003077527653527378, 0.08653555222319012], [0.03544053164482284, -0.034961622604922714, -0.10701060456462282], [0.07820491585228825, 0.12098582130889077, 0.04032919911388111]]	0.6584295153187718	[[0.6763363224964337, -0.6763363224964337, 0.0], [-0.7071067811865475, -0.7071067811865476, 0.0], [0.0, 0.0, -0.956484]]
4	[[0.22433838825039393, -0.7661379269479729, -0.6022499185961573], [-0.9416906372873723, -0.011392912655017143, -0.3362869982418849], [0.2507808429735371, 0.642575192824231, -0.724020780340167]]	0.5954800338605707	0.40451996613942925	[[0.1335890310315704, -0.4562198386808463, -0.35862780191816573], [-0.5607579725780669, -0.006784252013580037, -0.20025219309994727], [0.14933498486546434, 0.3826406975809358, -0.4311399187927195]]	0.7654031100260722	0.38270193168185207	[[0.21968739601628415, -0.5703362812209182, -0.3523076613796408], [-0.8381245285211959, -0.01343628471849527, -0.15630998012049685], [0.14300200511404054, 0.35230766137964076, -0.5183317750192518]]	[[0.04797809595119623, 0.016068070773987895, 0.10865629932680676], [-0.11735158605900722, -0.004716113940089892, 0.10108513419517415], [-0.04894643203286488, -0.13952138963362873, 0.03583598197661571]]	0.7381533187045506	[[1.8267359113545563e-16, -0.914861642256, 0.0], [-1.0, -1.7938038903913487e-16, 0.0], [0.0, 0.0, -0.914861642256]]
4	[[-0.3195682178843842, -0.5708200961323295, -0.7563336379995778], [0.910087742671785, 0.03735879733279218, -0.41272826520656647], [0.2638493031197415, -0.8202248094963509, 0.507557688474819]]	0.6475101157775756	0.35248988422242433	[[-0.20692365376115116, -0.3696117865348116, -0.4897336815075816], [0.58929101962516, 0.024190199186267313, -0.26724572678858177], [0.17084509281089652, -0.531103861360622, 0.3286487376281287]]	0.7688620940092127	0.3728176293080685	[[-0.2828271419867147, -0.41052320677704, -0.5277149698315753], [0.7763395933475922, 0.032150291136357256, -0.23697749327533035], [0.216801618675579, -0.5277149698315753, 0.31087242611957944]]	[[-0.03712325280533475, 0.02835872763780285, 0.05380129485038593], [0.07660762578484624, 0.003426527989400754, 0.08035362496818], [0.01393789097606308, 0.10292479475609663, -0.07936944107164554]]	0.7107563973908354	[[0.0, 0.0, -0.914861642256], [1.0, 1.7938038903913487e-16, 0.0], [1.8267359113545563e-16, -0.914861642256, 0.0]]
4	[[0.3802729664721569, 0.7767473726770865, -0.5020517802076895], [0.4287143634067757, 0.332951791095048, 0.839849450446521], [0.8195098935212374, -0.5346088512602871, -0.20639019011321075]]	0.7318639070780876	0.26813609292191254	[[0.2783080589984875, 0.5684733669800919, -0.3674335774183089], [0.313760569023378, 0.24367539869946897, 0.6146555001611756], [0.5997697125616003, -0.39126092264188195, -0.1510495309188437]]	0.8519950694086336	0.2392193046662108	[[0.34595459122285005, 0.6004886365799847, -0.4324912573125939], [0.4026961523361687, 0.2923141639665125, 0.7183843388525134], [0.6622775750027854, -0.4324912573125939, -0.08151014522694407]]	[[0.021963898759177775, -0.06129629511700312, -0.004745615987815574], [0.0374336285289347, 0.00864087960275818, 0.0028367480265270462], [-0.03594081360890308, 0.02299284802338421, 0.094333279123822]]	0.37835946048887553	[[0.4574308211279999, 0.457430821128, -0.6469048710866789], [0.5, 0.5000000000000001, 0.7071067811865475], [0.6469048710866789, -0.6469048710866788, 0.0]]
4	[[0.8489524140446696, -0.5135124485683378, 0.12483895166604869], [0.522794976890395, 0.7815435453534784, -0.34040431673891397], [0.0772347773085365, 0.35425224329800037, 0.9319550081910795]]	0.8092175121292223	0.1907824878707777	[[0.686987160409325, -0.4155432660778556, 0.10102186588402014], [0.42305485055289976, 0.6324387233915938, -0.27546113430951175], [0.062499734343468435, 0.28666711898780395, 0.7541543131447543]]	0.9048467552002201	0.16027519574266033	[[0.7479356253280398, -0.4707371789259311, 0.06684546849980795], [0.5085561487266108, 0.6668976327915781, -0.2956241038465444], [0.02196332695243479, 0.2929274118413515, 0.8292874004497051]]	[[-0.020236211839673144, -0.00608710608395069, -0.04611465183781331], [0.03550681025236295, -0.04027950826919269, 0.012389637610809832], [-0.04792231068380605, -0.02761658102924299, -0.01398906470458764]]	0.43393941491750687	[[0.6915504320004435, -0.6915504320004434, 0.0], [0.7071067811865475, 0.7071067811865476, 0.0], [0.0, 0.0, 0.978]]
4	[[-0.42203838922340475, -0.825029846081567, 0.3757783270710803], [0.2588054115689476, 0.28760896992378115, 0.9221175843470338], [-0.8688517462515349, 0.4864224845687207, 0.09214016247897017]]	0.7300894045806503	0.2699105954193497	[[-0.30812575629829236, -0.6023455490869569, 0.27435177506563796], [0.18895108883462308, 0.20998026160370756, 0.6732282781092734], [-0.6343394540896414, 0.35513190213341794, 0.06727055636223571]]	0.851295089469099	0.24377581964847747	[[-0.2804638909833682, -0.6343977512726318, 0.33174647294467285], [0.25641055414175573, 0.23191418835541544, 0.8305655356472597], [-0.7374417645108914, 0.3742250529520135, 0.022410785432595073]]	[[0.07881531732996457, 0.06794610536205291, 0.011848228380149171], [0.036090778145081485, -0.012925915427965328, 0.04557136417952208], [0.002207460549692065, -0.03986401956869694, -0.05602768242863716]]	0.49601046043291186	[[-0.4574308211279999, -0.457430821128, 0.6469048710866789], [0.5, 0.5000000000000001, 0.7071067811865475], [-0.6469048710866789, 0.6469048710866788, 0.0]]
4	[[-0.5446221603179724, 0.8109226453022452, -0.2139887049042392], [-0.8354447797583356, -0.5021691245819775, 0.22328947644507607], [0.07361197229480154, 0.30038414347728, 0.9509735242804028]]	0.721207146048177	0.2787928539518229	[[-0.3927853939175176, 0.5848432066842705, -0.1543301831505319], [-0.6025287452903573, -0.36216796117327943, 0.16103796604954496], [0.0530894804537113, 0.21663919083537522, 0.6858489014136462]]	0.8361748393935095	0.24924051663479818	[[-0.5065654804072204, 0.6442978680554037, -0.133115311894148], [-0.7364521350427027, -0.4084180153664717, 0.09437558387500156], [0.07802496827835473, 0.14143094526854605, 0.77954364011516]]	[[-0.05116613297319373, -0.033775244640761114, 0.04581665906117932], [-0.03787423050613035, 0.01148317172924251, -0.09233345822972074], [0.016472489167309604, -0.10974271765992547, -0.015636493817485636]]	0.3928965252701472	[[-0.6763363224964337, 0.6763363224964337, 0.0], [-0.7071067811865475, -0.7071067811865476, 0.0], [0.0, 0.0, 0.956484]]
4	[[0.034229894132735264, 0.2773841392786001, 0.9601491309293217], [-0.1827544195208179, -0.9427759796974285, 0.2788803941677556], [0.9825625356654255, -0.18501754344446375, 0.018422055382213542]]	0.8652851691750786	0.13471483082492156	[[0.02961861973548886, 0.24001638188216703, 0.830802803189483], [-0.15813468881256418, -0.8157700730866899, 0.241311069047059], [0.8501967898983518, -0.16009293637970026, 0.015940331307951312]]	0.9212811395948346	0.1258358736124583	[[0.009020587520809012, 0.23815709751670386, 0.8649757864042041], [-0.16470990651049522, -0.8268965830398785, 0.25319871040775493], [0.8984515425092992, -0.16107592280878202, 0.0]]	[[-0.022514768354007883, -0.017391678423417187, -0.019591499119351475], [0.0036582933716363814, 0.04166514591840513, -0.003728536941771615], [-0.0067647900717343985, 0.00937725046077036, -0.01697189217620485]]	0.3477035305428423	[[0.0, 0.0, 0.978], [0.0, -1.0, 0.0], [0.978, 0.0, 0.0]]
4	[[0.8787972042104137, -0.3840163418041313, 0.28327887866788265], [-0.395223040501579, -0.9183905790867732, -0.018907472103605397], [0.2674214316928388, -0.09534250611366366, -0.9588511794847616]]	0.6960267173661177	0.3039732826338825	[[0.6116663332770959, -0.2672856338008745, 0.1971696680183611], [-0.27508579550777024, -0.6392243800217345, -0.013160105741963884], [0.18613246125451402, -0.06636093155575233, -0.6673860388994086]]	0.8464131859452233	0.24921014569948005	[[0.6920337533806007, -0.31319589215450894, 0.1445192271784072], [-0.3593778176035363, -0.8404982534863664, -0.025693462051873374], [0.13186780279150712, -0.055118625695415924, -0.8115842816750323]]	[[-0.051791788034890526, 0.011840603166955682, -0.0952517510258657], [-0.024855824733636813, -0.06316035749945217, -0.009689928350490304], [-0.09448122319766146, 0.025580528660252053, 0.0]]	0.4769507702104917	[[0.6763363224964337, -0.6763363224964337, 0.0], [-0.7071067811865475, -0.7071067811865476, 0.0], [0.0, 0.0, -0.956484]]
4	[[0.08740825448676931, -0.06334395238859675, -0.994156597696443], [0.7119981850616444, -0.6940087028176986, 0.10681996481098455], [-0.6967197295301035, -0.717174639895393, -0.015561310176609944]]	0.8652166911653549	0.13478330883464532	[[0.07562708072758183, -0.05480624489099746, -0.8601608819591231], [0.6160327137947741, -0.6004679134918892, 0.09242241650415971], [-0.6028135390536572, -0.6205114689179969, -0.01346390530120422]]	0.9327284117392226	0.10284889504121922	[[0.06384186900163726, -0.055041508904805865, -0.8950040620550211], [0.680583536519165, -0.662832036573533, 0.09868818717409703], [-0.6416012833710584, -0.6614866782697012, 0.0]]	[[-0.017686293378704844, 0.00404119519989491, 0.03227404233445139], [0.01648260020540867, -0.015510401461182951, -0.0009458289460922403], [0.008249003380935845, 0.007442484539577611, 0.014514476125610794]]	0.14383705116165765	[[0.0, 0.0, -0.9354413519999999], [0.7071067811865475, -0.7071067811865476, 0.0], [-0.6614569234015122, -0.6614569234015121, 0.0]]
4	[[0.8592155572171323, 0.2624339665249735, -0.4391776855101157], [-0.4266000482917053, 0.8413623931712975, -0.33184593135155627], [0.2824199444684594, 0.4724804086637203, 0.8348660002631537]]	0.7165071138017715	0.2834928861982286	[[0.6156340590352284, 0.18803580391835947, -0.31467393589099507], [-0.30566196934918605, 0.6028421399925177, -0.23776997049956433], [0.20235589929115244, 0.3385355739395237, 0.5981874282597812]]	0.8012188838984808	0.35633994232459554	[[0.573621286950561, 0.21254501785483926, -0.2901426598250328], [-0.32389982534024625, 0.7527807985086302, -0.2729401237792655], [0.2488483090580773, 0.3550128600740992, 0.5559035252682689]]	[[-0.11479844283116092, 0.0022779680986486986, 0.061734795192500094], [0.017900189223071836, 0.07866536089776853, -0.007058897035519752], [0.022568116360387358, -0.023547365619344892, -0.11300687966736396]]	0.5116839679416736	[[0.6469048710866789, 0.457430821128, -0.4574308211279999], [-0.7071067811865475, 0.5000000000000001, -0.5], [0.0, 0.6469048710866788, 0.6469048710866789]]
4	[[-0.8305561570912853, 0.32773595720904825, 0.4502950280316503], [-0.5100865793185324, -0.772219296347621, -0.37879947194723407], [0.22358030216652452, -0.5443036842615101, 0.808545204538665]]	0.651632530885891	0.34836746911410904	[[-0.5412174106882539, 0.2135634112584422, 0.29342688876159745], [-0.33238900865226195, -0.503203214477922, -0.2468380586032152], [0.14569219815700468, -0.3546859873458427, 0.5268743579691806]]	0.7962586540588154	0.34867245556368853	[[-0.6496358756319216, 0.26156265290483804, 0.1993458968875489], [-0.5624830663170356, -0.6271592963202474, -0.30288885397426407], [0.17686908160746553, -0.2903027158912625, 0.6284211500315222]]	[[0.011701652133847499, 0.0006000607308837818, -0.15920541606230948], [-0.15632221321539586, -0.01227299877224512, -0.0012664962833694431], [-0.0011586688697144624, 0.14310380313806187, -0.015389966280144713]]	0.6588772054300946	[[-0.914861642256, 0.0, 0.0], [0.0, -0.7071067811865476, -0.7071067811865475], [0.0, -0.6469048710866788, 0.6469048710866789]]
4	[[0.04673222253661188, -0.9725397674033924, -0.22799671093185395], [-0.8377629715199755, -0.16246744520517667, 0.5213036857710898], [-0.5440306084466285, 0.16664552219444034, -0.8223502702654952]]	0.6159302165486209	0.38406978345137904	[[0.028783787946773734, -0.5990166295389169, -0.14043006353663007], [-0.5160035284647146, -0.10006860870732565, 0.3210866920645815], [-0.3350848904696099, 0.10264201257207964, -0.5065103800434434]]	0.7903650218160208	0.35413005771776296	[[-0.03582002342717246, -0.8497951763091967, -0.15984325677536904], [-0.6908178054471972, -0.1553101141891303, 0.2748210173159745], [-0.29890778999946754, 0.04952939824376486, -0.6123522930000237]]	[[-0.07275553751183295, -0.08113376182846677, 0.020357368634266702], [-0.028679256185157445, -0.026901528315147617, -0.13719918166126488], [0.131074973714035, -0.08218139354098614, 0.03760459629877489]]	0.6250633501759696	[[1.8678281302193827e-16, -0.9354413519999999, 0.0], [-1.0, -1.7938038903913487e-16, 0.0], [0.0, 0.0, -0.9354413519999999]]
