4	[[0.3802729664721569, 0.7767473726770865, -0.5020517802076895], [0.4287143634067757, 0.332951791095048, 0.839849450446521], [0.8195098935212374, -0.5346088512602871, -0.20639019011321075]]	0.5732491762369316	0.42675082376306867	[[0.21799116477533825, 0.4452697915313407, -0.2878007694323431], [0.24576015566387474, 0.1908643399718471, 0.4814430056315079], [0.4697833713790648, -0.3064640835939319, -0.11831300646578174]]	0.7618255458407357	0.36465291970954755	[[0.30341880894589307, 0.45072794925097626, -0.3630893205944636], [0.40909963808434524, 0.3121468368042907, 0.7143357041691858], [0.5510288070195103, -0.3882753728270583, -0.040823621863314674]]	[[0.013717148694766344, -0.1410180419191025, 0.019386550902572516], [0.08249408417221485, 0.058495656814655086, 0.07451693815872296], [-0.07329476493418953, 0.019003307095598637, 0.11640969737585534]]	0.45080921152152786	[[0.36573059172270084, 0.3657305917227009, -0.5172211629889809], [0.5, 0.5000000000000001, 0.7071067811865475], [0.5172211629889809, -0.5172211629889808, 0.0]]
4	[[-0.30792515101507295, 0.09349718223056193, 0.9468053539599837], [0.3027085282091916, -0.9338174967034747, 0.1906631317268273], [0.9019698710720718, 0.34531602882779927, 0.2592434992682147]]	0.618439821705412	0.3815601782945881	[[-0.1904331754923738, 0.057822380708627136, 0.5855421342927417], [0.18720700821440014, -0.5775099261666912, 0.11791367319093456], [0.5578140862494655, 0.21355718330028514, 0.16032650346572186]]	0.8038184576446524	0.2950156029258513	[[-0.17872276386852193, 0.07435893468459329, 0.7352834449403229], [0.26101635957149383, -0.8368117172194379, 0.13295500593771511], [0.6761212660763657, 0.24798954850747568, 0.10436382918392864]]	[[0.06879315609041074, -0.0007958261300979978, -0.025776174369490087], [0.01769365731049866, -0.08619197729766064, -0.020303538536642376], [-0.048898764530733, -0.029581849184862275, -0.1040208805522503]]	0.48124430331920587	[[0.0, 0.0, 0.9248000000000001], [0.0, -1.0, 0.0], [0.9248000000000001, 0.0, 0.0]]
4	[[0.22433838825039393, -0.7661379269479729, -0.6022499185961573], [-0.9416906372873723, -0.011392912655017143, -0.3362869982418849], [0.2507808429735371, 0.642575192824231, -0.724020780340167]]	0.48205868705317184	0.5179413129468282	[[0.1081442688956096, -0.3693234431661786, -0.2903198050363432], [-0.4539501522210154, -0.005492052516189029, -0.16211006884553528], [0.12089108390191095, 0.30975895378578755, -0.34902050676999385]]	0.7048797038799807	0.481918093871211	[[0.19218125328390304, -0.43444320805959646, -0.34115527457367245], [-0.8132484328935915, 0.04442796693117837, -0.20515423355796597], [0.15006235846714416, 0.3411552745736724, -0.3639849311365039]]	[[0.03404967660505331, 0.10559186701871293, 0.08335846970812946], [-0.14946981533591813, 0.05245859982977733, 0.03188764618146146], [-0.026707967866814585, -0.11178293706489306, 0.14636262211262555]]	0.7315148775159693	[[1.579297000837169e-16, -0.7909398609920002, 0.0], [-1.0, -1.7938038903913487e-16, 0.0], [0.0, 0.0, -0.7909398609920002]]
4	[[0.8592155572171323, 0.2624339665249735, -0.4391776855101157], [-0.4266000482917053, 0.8413623931712975, -0.33184593135155627], [0.2824199444684594, 0.4724804086637203, 0.8348660002631537]]	0.5687252034395716	0.4312747965604286	[[0.48865754257675836, 0.14925281100136928, -0.24977141853786072], [-0.2426181992520311, 0.4785039982227508, -0.1887291448185079], [0.1606193403732171, 0.2687115165384862, 0.4748093358444434]]	0.7483312192114592	0.44500113430481303	[[0.47210605417792095, 0.1919787901506815, -0.28792064593397443], [-0.35432443250048007, 0.749499988661895, -0.25043609224658714], [0.23984764553858087, 0.3141383775274217, 0.4695788967079676]]	[[-0.17087177131982892, -0.0044087399814512086, 0.04072972691427714], [-0.03508629824668087, 0.11988224318134702, -0.0021054218479148214], [0.02850398416486609, -0.03943346274142869, -0.15517739514715262]]	0.5971553513775415	[[0.5172211629889809, 0.3657305917227009, -0.36573059172270084], [-0.7071067811865475, 0.5000000000000001, -0.5], [0.0, 0.5172211629889808, 0.5172211629889809]]
4	[[-0.5446221603179724, 0.8109226453022452, -0.2139887049042392], [-0.8354447797583356, -0.5021691245819775, 0.22328947644507607], [0.07361197229480154, 0.30038414347728, 0.9509735242804028]]	0.6143456881685689	0.3856543118314311	[[-0.3345862758723974, 0.4981868305796841, -0.13146303817469568], [-0.5132518981474733, -0.30850543641832284, 0.13717692706744977], [0.04522319777689549, 0.1845397033394757, 0.5842264842041335]]	0.7738914864711047	0.3252983392081734	[[-0.44810792883348866, 0.593655875469671, -0.09123274054975057], [-0.7326308998069752, -0.3964488476354597, 0.10315461071523256], [0.07025997337440341, 0.0964263608069609, 0.7111595515733685]]	[[-0.0266294756199088, -0.03391025591636394, 0.0743712963766177], [-0.08608729733527208, -0.0078244373528198, -0.0696472141242021], [0.013292294713109689, -0.13603837050102094, -0.024790762726657502]]	0.4315444654539782	[[-0.604756638427972, 0.604756638427972, 0.0], [-0.7071067811865475, -0.7071067811865476, 0.0], [0.0, 0.0, 0.8552550400000001]]
4	[[0.5319609947059123, -0.8460851799387872, 0.03402011756955908], [-0.703274286200726, -0.4190807785627857, 0.5742617690636116], [-0.47161719485230363, -0.3294103357928521, -0.8179645788128509]]	0.5632494042791777	0.43675059572082237	[[0.29962671336786384, -0.4765569735699627, 0.019161810954561737], [-0.3961188227474228, -0.236046998870343, 0.32345259932538595], [-0.2656381040483769, -0.18554017539872786, -0.4607180617378067]]	0.7200338075350279	0.4676429343465174	[[0.44164567196168936, -0.5705311685003972, 0.08913895904196295], [-0.5188255441083137, -0.3479972668188633, 0.33702926830654445], [-0.2454165565103597, -0.10850809936029232, -0.5160731996913077]]	[[0.058615771483470476, 0.038678765109886895, 0.06464332425556404], [-0.01244428207372602, -0.04624493816555677, -0.0764586197941287], [0.09416376799813359, 0.12867847896202703, 0.07288895042009463]]	0.6960633646148521	[[0.604756638427972, -0.604756638427972, 0.0], [-0.7071067811865475, -0.7071067811865476, 0.0], [0.0, 0.0, -0.8552550400000001]]
4	[[-0.42203838922340475, -0.825029846081567, 0.3757783270710803], [0.2588054115689476, 0.28760896992378115, 0.9221175843470338], [-0.8688517462515349, 0.4864224845687207, 0.09214016247897017]]	0.5617539903764777	0.4382460096235224	[[-0.23708174923830863, -0.46346380821601146, 0.21109497472917654], [0.14538497267988296, 0.16156548652275243, 0.5180032326032645], [-0.4880809355023705, 0.2732497717153195, 0.051760103946498506]]	0.7579088010771188	0.3893541569723278	[[-0.2307455094027585, -0.5007156740426433, 0.27804267674313476], [0.2687850929536097, 0.235782144059235, 0.8288790688811323], [-0.5821524886014483, 0.30218305279860214, 0.024140376055467507]]	[[0.08912110018207063, 0.12458170745387702, -0.006763024598073207], [0.07263419375911834, 0.017800774485276807, 0.12999803607654278], [0.07635789671381363, -0.06648082929783025, -0.0456934640200197]]	0.5655332043216301	[[-0.36573059172270084, -0.3657305917227009, 0.5172211629889809], [0.5, 0.5000000000000001, 0.7071067811865475], [-0.5172211629889809, 0.5172211629889808, 0.0]]
4	[[0.8787972042104137, -0.3840163418041313, 0.28327887866788265], [-0.395223040501579, -0.9183905790867732, -0.018907472103605397], [0.2674214316928388, -0.09534250611366366, -0.9588511794847616]]	0.6004564773281746	0.3995435226718254	[[0.5276794735260335, -0.23058509983616093, 0.17009663758639218], [-0.23731423465850862, -0.5514535719298262, -0.011353114094511637], [0.16057493083633909, -0.057249025360650435, -0.5757484015153853]]	0.7999877233937421	0.3248599844207562	[[0.6151986999802556, -0.23531957316724367, 0.1783138051022689], [-0.3220467924208541, -0.8575861498320544, -0.021770656124370343], [0.16169863493186515, -0.0587320325410003, -0.7049588244241592]]	[[-0.08782827474081877, 0.07188878585863645, -0.048305820128782595], [-0.005873212017243213, -0.1228849612821662, -0.006644910561076375], [-0.05223522739478408, 0.017540801867523426, 0.0621103477252596]]	0.5065104188177083	[[0.604756638427972, -0.604756638427972, 0.0], [-0.7071067811865475, -0.7071067811865476, 0.0], [0.0, 0.0, -0.8552550400000001]]
4	[[0.034229894132735264, 0.2773841392786001, 0.9601491309293217], [-0.1827544195208179, -0.9427759796974285, 0.2788803941677556], [0.9825625356654255, -0.18501754344446375, 0.018422055382213542]]	0.7764950318822934	0.2235049681177066	[[0.02657934273592579, 0.2153874060727791, 0.74555103003272], [-0.1419078988124475, -0.7320608644130152, 0.21654924056063796], [0.7629549274578716, -0.14366520329569252, 0.01430463448134928]]	0.8769824342507233	0.18924132296191262	[[0.009197283600119776, 0.21472097291498052, 0.7921685731735032], [-0.16785812183571905, -0.8241208126623272, 0.2567517975740487], [0.8219535703803994, -0.1466232683070082, 0.0]]	[[-0.020821732280550946, -0.028540044772107913, -0.04986534891260971], [-0.007585706134274294, 0.0026771609658340703, 0.012178590632009174], [-0.03973651395102848, 0.015633867322006556, -0.01615581897299527]]	0.37167786871911795	[[0.0, 0.0, 0.9248000000000001], [0.0, -1.0, 0.0], [0.9248000000000001, 0.0, 0.0]]
4	[[0.8489524140446696, -0.5135124485683378, 0.12483895166604869], [0.522794976890395, 0.7815435453534784, -0.34040431673891397], [0.0772347773085365, 0.35425224329800037, 0.9319550081910795]]	0.6893983813080673	0.3106016186919328	[[0.5852664200499713, -0.35401465082455413, 0.08606377120277002], [0.36041401082422664, 0.538794855088456, -0.23467418495008593], [0.05324553045719411, 0.24422092310439314, 0.6424882740988768]]	0.8485619909449967	0.2538356256557695	[[0.6648327880852534, -0.4163037960233781, 0.053763813480023306], [0.49241373676235367, 0.6642459166801848, -0.3181683248104903], [0.021924337568681878, 0.2579473309795878, 0.7358889740245356]]	[[-0.05555596259405267, 0.019443349708810804, -0.0521697758932052], [0.04878979031619647, 0.0010577698248258986, -0.02931416007224622], [-0.04361415883444332, -0.04265765789009488, -0.05493262319724751]]	0.45272160474732603	[[0.6539323512413192, -0.6539323512413191, 0.0], [0.7071067811865475, 0.7071067811865476, 0.0], [0.0, 0.0, 0.9248000000000001]]
4	[[-0.8305561570912853, 0.32773595720904825, 0.4502950280316503], [-0.5100865793185324, -0.772219296347621, -0.37879947194723407], [0.22358030216652452, -0.5443036842615101, 0.808545204538665]]	0.5455233441704886	0.4544766558295113	[[-0.45308777233782777, 0.17878761538159615, 0.24564644955516982], [-0.2782641365663311, -0.4212636529765359, -0.2066439547066703], [0.12196827412853087, -0.29693036608265677, 0.4410802838929443]]	0.7327243843377539	0.42689968730069006	[[-0.49823860474575554, 0.1843265057809897, 0.2573612824834355], [-0.4468398509671479, -0.675925812358687, -0.2692185350762332], [0.15772449265989175, -0.36885706588481415, 0.4729255031039674]]	[[0.11033014411688735, -0.05581362169035461, -0.07258086470140712], [-0.07308697617702538, -0.11010190386864285, 0.008337074793770122], [-0.006098246595123915, 0.029967516058472126, -0.11951528410086917]]	0.6850543083055399	[[-0.604756638427972, 0.604756638427972, 0.0], [-0.7071067811865475, -0.7071067811865476, 0.0], [0.0, 0.0, 0.8552550400000001]]
4	[[-0.3195682178843842, -0.5708200961323295, -0.7563336379995778], [0.910087742671785, 0.03735879733279218, -0.41272826520656647], [0.2638493031197415, -0.8202248094963509, 0.507557688474819]]	0.5220950004452263	0.4779049995547737	[[-0.16684496885862768, -0.2980223183443527, -0.39487801106812914], [0.47515226041542047, 0.019504841310097245, -0.2154833638067798], [0.13775440202977407, -0.4282352722791829, 0.26499333159023863]]	0.6935495675511649	0.48387753108064346	[[-0.23157066459593184, -0.3709834955599891, -0.4019725330551834], [0.7890068721223253, 0.013210554677914654, -0.21646511879173821], [0.1583358319660543, -0.4019725330551833, 0.3085673735173209]]	[[-0.009934265279120752, 0.024908535262102426, 0.12258233450382319], [0.1578159117586928, -0.012699623056474943, 0.06978239105841844], [-0.024656738111318573, 0.1668940288657475, -0.043449041831658736]]	0.7274774896557507	[[0.0, 0.0, -0.7314611834454018], [1.0, -1.7938038903913487e-16, 0.0], [-1.4605338663742138e-16, -0.7314611834454018, 0.0]]
4	[[0.08740825448676931, -0.06334395238859675, -0.994156597696443], [0.7119981850616444, -0.6940087028176986, 0.10681996481098455], [-0.6967197295301035, -0.717174639895393, -0.015561310176609944]]	0.6505177442563429	0.34948225574365727	[[0.05686062053811754, -0.041206365020111144, -0.6467165073710506], [0.4631674532609111, -0.45146497585123996, 0.0694882825503836], [-0.4532285468328123, -0.46653482898260606, -0.010122908393761575]]	0.8537943147971725	0.2428194788575297	[[0.048796432132694884, -0.04879643213269489, -0.7549279678350426], [0.673887452207426, -0.66538164475495, 0.09434345619329283], [-0.5420129866951297, -0.5492487157887076, 0.0]]	[[-0.02583223861445321, 0.005286274293471788, 0.0938772832962805], [0.06598744965588899, -0.07284095986943842, 0.0031411775308402157], [0.052842357384696316, 0.06307091447068838, 0.01328615815958495]]	0.2509342006923106	[[0.0, 0.0, -0.7909398609920002], [0.7071067811865475, -0.7071067811865476, 0.0], [-0.5592789392181886, -0.5592789392181885, 0.0]]
4	[[0.04673222253661188, -0.9725397674033924, -0.22799671093185395], [-0.8377629715199755, -0.16246744520517667, 0.5213036857710898], [-0.5440306084466285, 0.16664552219444034, -0.8223502702654952]]	0.5391965127101498	0.46080348728985004	[[0.025197851422935808, -0.5243900510558495, -0.12293503144383978], [-0.4517188727212634, -0.08760187988355868, 0.2810851294307194], [-0.29333940688200316, 0.08985468442600411, -0.44340839795340414]]	0.7144617494670987	0.4512951898834783	[[-0.0047324786611064665, -0.7223460521859669, -0.11515702644887531], [-0.6739222294443499, -0.1522515676439154, 0.2814613056469042], [-0.2509633284236684, 0.023035940791821124, -0.5210744116707375]]	[[-0.038120864131100066, -0.02750358854061379, 0.04773790251624148], [-0.07537263117343292, -0.03617479251117475, -0.09099023769275538], [0.13772573185076, -0.09602591053607695, 0.06646340109788945]]	0.6767099057111399	[[-1.579297000837169e-16, -0.7909398609920002, 0.0], [-1.0, 1.7938038903913487e-16, 0.0], [0.0, 0.0, -0.7909398609920002]]
