4	[[-0.5446221603179724, 0.8109226453022452, -0.2139887049042392], [-0.8354447797583356, -0.5021691245819775, 0.22328947644507607], [0.07361197229480154, 0.30038414347728, 0.9509735242804028]]	0.7588342696952969	0.24116573030470323	[[-0.41327795928476335, 0.6153558933273074, -0.16238196260905072], [-0.6339641293186647, -0.3810631409156913, 0.16943970678884449], [0.05585928723715614, 0.22794178214362903, 0.7216312997968821]]	0.8656124045115671	0.2302563170567037	[[-0.5518778866563289, 0.659089842175017, -0.1718685970255147], [-0.7259058294585768, -0.4007897338304934, 0.10808162712892999], [0.10747763987105426, 0.1718685970255147, 0.7802075077308159]]	[[-0.08044618891320454, -0.04285485869794018, 0.01336268036495998], [-0.002734464815327223, 0.03389408957038094, -0.08520051347882124], [0.04375820353211224, -0.0881476436870012, -0.04296697124838271]]	0.381083366755659	[[-0.7051282681285163, 0.7051282681285161, 0.0], [-0.7071067811865475, -0.7071067811865476, 0.0], [0.0, 0.0, 0.9972019599999998]]
4	[[0.04673222253661188, -0.9725397674033924, -0.22799671093185395], [-0.8377629715199755, -0.16246744520517667, 0.5213036857710898], [-0.5440306084466285, 0.16664552219444034, -0.8223502702654952]]	0.6477201282081144	0.35227987179188563	[[0.03026940117286429, -0.629933582830015, -0.1476780588358088], [-0.5426359393209294, -0.10523343443794173, 0.33765889018301287], [-0.3523795754521886, 0.10793965900109109, -0.5326528224883442]]	0.8175921091802382	0.31132973732068886	[[-0.0367038036125975, -0.9105328671295585, -0.1631756866111762], [-0.6796740258603025, -0.14752440502165387, 0.2844108878132575], [-0.3286143498498961, 0.04922917684338455, -0.6465383155627515]]	[[-0.07491170000298612, -0.11539202743656064, 0.02323262516575531], [0.00527436901781804, -0.014692303823228885, -0.1418028921597599], [0.11618078276859106, -0.0870188871330101, 0.025808776388553667]]	0.6072402505909354	[[1.9883600674695707e-16, -0.9958058772559998, 0.0], [-1.0, -1.7938038903913487e-16, 0.0], [0.0, 0.0, -0.9958058772559998]]
4	[[0.8592155572171323, 0.2624339665249735, -0.4391776855101157], [-0.4266000482917053, 0.8413623931712975, -0.33184593135155627], [0.2824199444684594, 0.4724804086637203, 0.8348660002631537]]	0.757447186916228	0.24255281308377213	[[0.6508104067687762, 0.1987798696956088, -0.332653902446017], [-0.3231270065168792, 0.6372875778847047, -0.251355767191832], [0.2139181924666719, 0.3578789564153647, 0.6323669033513285]]	0.8267058980102568	0.25568779999706376	[[0.6852726626371516, 0.27129875575545204, -0.2887799449816004], [-0.331321938839067, 0.6913253733780197, -0.34846255833915013], [0.14759259586410917, 0.4052838741882092, 0.6811556837288505]]	[[-0.025045906176420933, 0.054343047791030115, 0.0742908379041059], [0.021350837175146214, -0.0042338794207166155, -0.07412356966011166], [-0.08588563794369543, 0.014681533651615196, -0.009032962736931384]]	0.480536736621073	[[0.7031552910291619, 0.4972058745139207, -0.49720587451392056], [-0.7071067811865475, 0.5000000000000001, -0.5], [0.0, 0.7031552910291617, 0.7031552910291619]]
4	[[-0.30792515101507295, 0.09349718223056193, 0.9468053539599837], [0.3027085282091916, -0.9338174967034747, 0.1906631317268273], [0.9019698710720718, 0.34531602882779927, 0.2592434992682147]]	0.758429189531818	0.2415708104681822	[[-0.23353942272082437, 0.07091099214263376, 0.7180848172482563], [0.22958298371406663, -0.7082344471954473, 0.14460448446917581], [0.6840802782993096, 0.26189775587621367, 0.1966178370413846]]	0.8654583147528849	0.24150833358741156	[[-0.2682206266877022, 0.08488256956090484, 0.7647505433592385], [0.2430442942276519, -0.8493952760796084, 0.12054767281841328], [0.699568789241936, 0.2774047558913696, 0.18333805712679735]]	[[-0.001724244420169549, 0.003964655793499328, -0.05467002267797763], [-0.018937318457601212, -0.04121515909586135, -0.044463319851394005], [-0.08104853533397625, -0.021451872475096143, -0.041026384860512556]]	0.466470264548758	[[0.0, 0.0, 0.9985999999999999], [0.0, -1.0, 0.0], [0.9985999999999999, 0.0, 0.0]]
4	[[0.3802729664721569, 0.7767473726770865, -0.5020517802076895], [0.4287143634067757, 0.332951791095048, 0.839849450446521], [0.8195098935212374, -0.5346088512602871, -0.20639019011321075]]	0.7977157964986334	0.2022842035013668	[[0.30334975233623485, 0.6196236490733228, -0.40049463573193383], [0.3419922198754406, 0.2656009032290328, 0.6699611733018861], [0.6537359874488041, -0.42646592559831936, -0.16464071489566426]]	0.8888322599841706	0.1952484073946525	[[0.34689479135466994, 0.6663932736777762, -0.4462398184310767], [0.4038152943237279, 0.3017676569109218, 0.7211809618543269], [0.7109321211217763, -0.4620941368212396, -0.09258260615230274]]	[[0.008895911154337962, -0.024004849015565273, 2.2651571692485117e-19], [0.022760137809208495, 0.005829363966132834, -0.025304323232518192], [-0.017474709616092078, 0.013083456651982694, 0.09086365296458497]]	0.3667069997614478	[[0.49720587451392056, 0.4972058745139207, -0.7031552910291619], [0.5, 0.5000000000000001, 0.7071067811865475], [0.7031552910291619, -0.7031552910291617, 0.0]]
4	[[0.8787972042104137, -0.3840163418041313, 0.28327887866788265], [-0.395223040501579, -0.9183905790867732, -0.018907472103605397], [0.2674214316928388, -0.09534250611366366, -0.9588511794847616]]	0.7335158044405276	0.2664841955594725	[[0.6446116381864881, -0.2816820558767659, 0.20778953456708255], [-0.28990234648694696, -0.6736540044094363, -0.013868929610012952], [0.19615784659281021, -0.06993523506933991, -0.7033324942585135]]	0.8638632936936161	0.2282321859377937	[[0.7068219648118921, -0.31936327105001355, 0.15873443088606193], [-0.3577704265410684, -0.840986135982779, -0.02612300057465774], [0.14324031714659358, -0.06345600690090562, -0.828316338071715]]	[[-0.05233868250605729, 0.01237435081307674, -0.08597979427380943], [-0.01635174902976898, -0.04762222543569154, -0.009789529447817014], [-0.08777524163984453, 0.018906884459447618, 0.0]]	0.46880783262822107	[[0.7051282681285163, -0.7051282681285161, 0.0], [-0.7071067811865475, -0.7071067811865476, 0.0], [0.0, 0.0, -0.9972019599999998]]
4	[[-0.42203838922340475, -0.825029846081567, 0.3757783270710803], [0.2588054115689476, 0.28760896992378115, 0.9221175843470338], [-0.8688517462515349, 0.4864224845687207, 0.09214016247897017]]	0.7767787186007387	0.22322128139926145	[[-0.32783043918127613, -0.6408656266466042, 0.291896607380203], [0.20103453596546386, 0.22340852711547313, 0.7162813155682975], [-0.6749055461072815, 0.3778426342618785, 0.07157251734207831]]	0.8848522672290345	0.18860783748072016	[[-0.3031315135159053, -0.691280235511936, 0.35843503942740446], [0.2548761589369446, 0.2332192172610321, 0.8333244895072669], [-0.8001165856068684, 0.4001416200850904, 0.021535917250538217]]	[[0.07031011204611426, 0.038749294324959965, 0.025926734743025318], [0.025871603739017902, -0.02127223185143299, 0.017386654346033426], [-0.03131114805029186, -0.03027041821672212, -0.05999451442183015]]	0.477606565661764	[[-0.49720587451392056, -0.4972058745139207, 0.7031552910291619], [0.5, 0.5000000000000001, 0.7071067811865475], [-0.7031552910291619, 0.7031552910291617, 0.0]]
4	[[0.22433838825039393, -0.7661379269479729, -0.6022499185961573], [-0.9416906372873723, -0.011392912655017143, -0.3362869982418849], [0.2507808429735371, 0.642575192824231, -0.724020780340167]]	0.6461857610253319	0.3538142389746682	[[0.1449642721387771, -0.495067419375246, -0.3891653219755021], [-0.6085070811059704, -0.007361937934277293, -0.21730386988185688], [0.16205100986742935, 0.41522293999112514, -0.4678519189422655]]	0.7946794846912166	0.33549556999298735	[[0.23637237856449872, -0.6247042236610395, -0.3813980358774145], [-0.8244126631291614, 0.026347242987057123, -0.18650072224721698], [0.18545850940481073, 0.3813980358774145, -0.5371543592280317]]	[[0.05809526379321768, -0.01587013067162748, 0.09719761908790699], [-0.07607043275108895, 0.03540095694487806, 0.08073965622400023], [-0.013831881659828653, -0.12924328723150458, 0.03821010139842481]]	0.7524602502117932	[[1.9855763633751132e-16, -0.9944117490278414, 0.0], [-1.0, -1.7938038903913487e-16, 0.0], [0.0, 0.0, -0.9944117490278414]]
4	[[0.08740825448676931, -0.06334395238859675, -0.994156597696443], [0.7119981850616444, -0.6940087028176986, 0.10681996481098455], [-0.6967197295301035, -0.717174639895393, -0.015561310176609944]]	0.9284255084997359	0.07157449150026417	[[0.08115205311895311, -0.05881014120676601, -0.9230003447446875], [0.6610372770167462, -0.6443353828167637, 0.09917438014756223], [-0.6468523691707849, -0.6658432297279953, -0.014447517313641203]]	0.9708088633912322	0.04874388777172956	[[0.07018309812213518, -0.05711620758809831, -0.949078764826538], [0.6790352517083336, -0.6712170753470087, 0.09052005107144535], [-0.6827275009616219, -0.7089813612025746, -0.009239686905639786]]	[[-0.01467361006717692, 0.004378662832983611, 0.016057271816040306], [-0.012178897067981576, 0.0025327246190645475, -0.01318171755419797], [-0.006345812234255425, -0.012741864192711937, 0.005867370939793327]]	0.11091520664289609	[[0.0, 0.0, -0.9958058772559998], [0.7071067811865475, -0.7071067811865476, 0.0], [-0.7041410885531363, -0.7041410885531362, 0.0]]
4	[[0.034229894132735264, 0.2773841392786001, 0.9601491309293217], [-0.1827544195208179, -0.9427759796974285, 0.2788803941677556], [0.9825625356654255, -0.18501754344446375, 0.018422055382213542]]	0.8687635816803381	0.13123641831966207	[[0.029737685427293877, 0.24098123834099439, 0.8341425979334214], [-0.1587703840708168, -0.8190494368441277, 0.24228113009760385], [0.8536145477096099, -0.16073650371650985, 0.016004410815765382]]	0.9368283308944992	0.12244118566392959	[[0.012663053617501693, 0.2506341054302557, 0.8915334269921069], [-0.16295486926016173, -0.8262551380310189, 0.25650233289799407], [0.9280474046269891, -0.1676075530345906, -0.00028782476867263997]]	[[-0.019404480969564097, -0.009227214786722606, -0.007961480746213744], [0.008254648543119207, 0.05696410943634948, -0.004760721289384547], [0.007554984340081667, 0.005722123376686875, -0.017546128164037784]]	0.338978547778672	[[0.0, 0.0, 0.9985999999999999], [0.0, -1.0, 0.0], [0.9985999999999999, 0.0, 0.0]]
4	[[0.8489524140446696, -0.5135124485683378, 0.12483895166604869], [0.522794976890395, 0.7815435453534784, -0.34040431673891397], [0.0772347773085365, 0.35425224329800037, 0.9319550081910795]]	0.8366938371929861	0.16330616280701396	[[0.7103132529012834, -0.42965270103900843, 0.10445198150061598], [0.437419335279643, 0.6539126678952123, -0.28481419396933855], [0.0646218621910252, 0.29640066877922716, 0.7797610118946151]]	0.924625718669501	0.13215148014017047	[[0.7802689615086214, -0.49276651368289237, 0.06806428722157783], [0.510115209478669, 0.6679914560960624, -0.29142432003796076], [0.026703374881998226, 0.30617175648721584, 0.8642356595242259]]	[[-0.004694274443639073, -0.01795969687965783, -0.04736501818058955], [0.026725528254582288, -0.054643806197907596, 0.023322265964958094], [-0.04470988659318621, -0.02137897856248065, 0.002526090307908194]]	0.42742753965621005	[[0.7061168316928863, -0.7061168316928862, 0.0], [0.7071067811865475, 0.7071067811865476, 0.0], [0.0, 0.0, 0.9985999999999999]]
4	[[-0.3195682178843842, -0.5708200961323295, -0.7563336379995778], [0.910087742671785, 0.03735879733279218, -0.41272826520656647], [0.2638493031197415, -0.8202248094963509, 0.507557688474819]]	0.6913597723078558	0.30864022769214416	[[-0.22093661035337508, -0.39464205169079575, -0.5228986517561603], [0.6291980545537358, 0.025828369617694566, -0.2853437194582281], [0.18241479412845088, -0.5670704375346516, 0.35090496793705245]]	0.7958453989685563	0.31565953086783266	[[-0.28559293291093263, -0.45623206290476426, -0.54344276486814], [0.7531140498799929, 0.08045375518193255, -0.2802109866602083], [0.24998741601994853, -0.5721004461897863, 0.3364115132840255]]	[[-0.031266037051064385, -0.0019475157590607244, 0.058481881018973655], [0.028824907216973214, 0.05072192821363113, 0.048256904228711775], [0.04000416211104237, 0.0806716945677452, -0.06752593779977502]]	0.7001582123924405	[[-0.49720587451392056, -0.4972058745139207, -0.7031552910291619], [0.5, 0.5000000000000001, -0.7071067811865475], [0.7031552910291619, -0.7031552910291617, 0.0]]
4	[[-0.8305561570912853, 0.32773595720904825, 0.4502950280316503], [-0.5100865793185324, -0.772219296347621, -0.37879947194723407], [0.22358030216652452, -0.5443036842615101, 0.808545204538665]]	0.6992081211801578	0.30079187881984215	[[-0.5807316101344097, 0.22915564288331916, 0.3148499405267767], [-0.3566566787645246, -0.5399420033382837, -0.2648596670842614], [0.15632916301074765, -0.38058155642392844, 0.5653413733547064]]	0.824514435785812	0.31954261531562256	[[-0.6842173650616137, 0.27661131039554915, 0.20818482481252196], [-0.56538064788146, -0.6330436674642426, -0.29488443365537154], [0.19015179332987936, -0.30097228415379584, 0.6666571931275211]]	[[0.0005881761909397405, 0.006388282550607715, -0.16308992616215057], [-0.1448068997327255, 0.003662289966732969, 0.017441199233165738], [0.005806606636225963, 0.14781396097122193, 0.0]]	0.6332923322018273	[[-0.9944117490278414, 0.0, 0.0], [0.0, -0.7071067811865476, -0.7071067811865475], [0.0, -0.7031552910291617, 0.7031552910291619]]
4	[[0.5319609947059123, -0.8460851799387872, 0.03402011756955908], [-0.703274286200726, -0.4190807785627857, 0.5742617690636116], [-0.47161719485230363, -0.3294103357928521, -0.8179645788128509]]	0.6782539709295208	0.3217460290704792	[[0.3608046570389027, -0.5738606330381005, 0.023074279833042638], [-0.4769985772682667, -0.28424320220044474, 0.38949532522040603], [-0.3198762351672165, -0.22342386831672884, -0.5547877236595091]]	0.8014156516697137	0.3531032321967464	[[0.5324767042043017, -0.7251500686486816, 0.09458855974997776], [-0.5148336296328179, -0.39401689668717094, 0.32195922795519727], [-0.3065331936631352, -0.10821540507342367, -0.6448203716600266]]	[[0.10615483696919396, -0.047084162799951305, 0.06732430505808926], [0.04878139074528978, -0.058159001433025076, -0.1382631419279197], [0.07142820788806611, 0.15577919385274414, 0.010709244312017325]]	0.644361292456271	[[0.7051282681285163, -0.7051282681285161, 0.0], [-0.7071067811865475, -0.7071067811865476, 0.0], [0.0, 0.0, -0.9972019599999998]]
