4	[[0.8787972042104137, -0.3840163418041313, 0.28327887866788265], [-0.395223040501579, -0.9183905790867732, -0.018907472103605397], [0.2674214316928388, -0.09534250611366366, -0.9588511794847616]]	0.729474066701465	0.2705259332985351	[[0.6410597703612483, -0.28012996253567946, 0.20664459563249127], [-0.28830495860880473, -0.6699421105467421, -0.01379251056646153], [0.19507699930010317, -0.0695498856642435, -0.6994570692602453]]	0.8620600975964069	0.23053186746918583	[[0.7050726771761163, -0.31903540687475873, 0.15723004893082876], [-0.3582417661499675, -0.8409002924667991, -0.025858905546279322], [0.14205671797819736, -0.062304717929980234, -0.8265873413670635]]	[[-0.05250332645296255, 0.01200975821952581, -0.08697336886060686], [-0.01753575328282769, -0.049192420227634516, -0.009559528299343908], [-0.08847662752630209, 0.01988625219545065, 0.0]]	0.46956990658537195	[[0.7020247764658885, -0.7020247764658883, 0.0], [-0.7071067811865475, -0.7071067811865476, 0.0], [0.0, 0.0, -0.9928129599999999]]
4	[[-0.30792515101507295, 0.09349718223056193, 0.9468053539599837], [0.3027085282091916, -0.9338174967034747, 0.1906631317268273], [0.9019698710720718, 0.34531602882779927, 0.2592434992682147]]	0.7546897839540367	0.2453102160459632	[[-0.23238796569357956, 0.07056136825789398, 0.7145443280265855], [0.2284510337552392, -0.7047425248396448, 0.14389151769091932], [0.6807074471324325, 0.2606064791919178, 0.19564842045421751]]	0.8637067411886996	0.2438682725601084	[[-0.2670102796001992, 0.0841175424395353, 0.7622127936879245], [0.24306801165265157, -0.8495069936472177, 0.12025424532653559], [0.6972228462859552, 0.2758597817872334, 0.18289273716066393]]	[[-0.001053250886932354, 0.0033633958648506715, -0.055549373120866344], [-0.0183833847769369, -0.04296252670447029, -0.044422786842074194], [-0.08181461170809547, -0.022392000151848133, -0.04101762076664087]]	0.46679205090562204	[[0.0, 0.0, 0.9964], [0.0, -1.0, 0.0], [0.9964, 0.0, 0.0]]
4	[[-0.8305561570912853, 0.32773595720904825, 0.4502950280316503], [-0.5100865793185324, -0.772219296347621, -0.37879947194723407], [0.22358030216652452, -0.5443036842615101, 0.808545204538665]]	0.6939949144771944	0.30600508552280553	[[-0.5764017492090738, 0.22744708759439486, 0.312502459468331], [-0.3539974919901295, -0.5359162645264065, -0.2628849071380272], [0.1551635926808425, -0.37774398880868854, 0.5611262600747565]]	0.8215338236376363	0.32287965804746505	[[-0.6810483524524467, 0.2768919278459592, 0.20591968932429885], [-0.5650958629893166, -0.6328089024905246, -0.2947629477168704], [0.18736685536588712, -0.29890058320157786, 0.664247233468524]]	[[0.0012816230285382548, 0.007645753776469045, -0.1640129068195594], [-0.1460424850955202, 0.0015953687247014098, 0.01643363086385822], [0.0036880748369640948, 0.14826330374983318, 0.0]]	0.6359415671657656	[[-0.9856775735439615, 0.0, 0.0], [0.0, -0.7071067811865476, -0.7071067811865475], [0.0, -0.696979296316437, 0.6969792963164371]]
4	[[-0.5446221603179724, 0.8109226453022452, -0.2139887049042392], [-0.8354447797583356, -0.5021691245819775, 0.22328947644507607], [0.07361197229480154, 0.30038414347728, 0.9509735242804028]]	0.7553538709204763	0.24464612907952366	[[-0.41138245698525255, 0.6125335591461234, -0.16163719658267664], [-0.6310564483307637, -0.37931539210974363, 0.16866257036859472], [0.055603088218969206, 0.2268963255386952, 0.71832153270809]]	0.8629692280344713	0.2323910218919836	[[-0.5492455659554438, 0.6572882368809707, -0.16916936578647046], [-0.725643202624602, -0.40021457452296094, 0.1085824927486098], [0.10702732798180449, 0.16916936578647046, 0.7777658713911975]]	[[-0.07925340069537702, -0.04251305233117936, 0.015496301692837108], [-0.004680065971122182, 0.033141927260294385, -0.08410945436741875], [0.04350246107646473, -0.09005290662391369, -0.04289501673828233]]	0.3822386100928551	[[-0.7020247764658885, 0.7020247764658883, 0.0], [-0.7071067811865475, -0.7071067811865476, 0.0], [0.0, 0.0, 0.9928129599999999]]
4	[[0.5319609947059123, -0.8460851799387872, 0.03402011756955908], [-0.703274286200726, -0.4190807785627857, 0.5742617690636116], [-0.47161719485230363, -0.3294103357928521, -0.8179645788128509]]	0.6760726150037555	0.3239273849962447	[[0.35964426077082495, -0.5720150201171388, 0.023000069847987005], [-0.4754644857366243, -0.28332903786075225, 0.3882426559075186], [-0.3188474702045326, -0.22270530712873865, -0.5530034517784495]]	0.798817893207998	0.35639243696349826	[[0.5277940464739032, -0.7222767725254114, 0.0926204449111373], [-0.5133055109550394, -0.3937975836788046, 0.3235781890554459], [-0.30575495867046804, -0.1058092504805904, -0.6406042481825791]]	[[0.10285408541409535, -0.046408791612199726, 0.06544456626753377], [0.04848257269518312, -0.05902835906331258, -0.13515238745784633], [0.0709812953221151, 0.15732961995839492, 0.012800493383469886]]	0.6458489793237248	[[0.7020247764658885, -0.7020247764658883, 0.0], [-0.7071067811865475, -0.7071067811865476, 0.0], [0.0, 0.0, -0.9928129599999999]]
4	[[0.08740825448676931, -0.06334395238859675, -0.994156597696443], [0.7119981850616444, -0.6940087028176986, 0.10681996481098455], [-0.6967197295301035, -0.717174639895393, -0.015561310176609944]]	0.9282728402962869	0.0717271597037132	[[0.081138708657774, -0.05880047059935546, -0.9228485686429703], [0.660928577532974, -0.6442294297549266, 0.09915807213544203], [-0.6467460022213698, -0.6657337399641633, -0.014445141596373227]]	0.9674111276973714	0.054162576129675115	[[0.06836935003454366, -0.05719034586527889, -0.9440520936248412], [0.6793930279339204, -0.6725980656022006, 0.09007419342540765], [-0.6809092039405981, -0.7034163452340498, -0.007904749654999812]]	[[-0.016190368008560663, 0.0040892985477820965, 0.017706061660456726], [-0.009401939195046501, -0.001206323777540768, -0.013264629192980425], [-0.006894784706873037, -0.009613618096891674, 0.007149434971402995]]	0.11406842677299633	[[0.0, 0.0, -0.9892388333439999], [0.7071067811865475, -0.7071067811865476, 0.0], [-0.6994974872706113, -0.6994974872706112, 0.0]]
4	[[0.8489524140446696, -0.5135124485683378, 0.12483895166604869], [0.522794976890395, 0.7815435453534784, -0.34040431673891397], [0.0772347773085365, 0.35425224329800037, 0.9319550081910795]]	0.8337810557463035	0.16621894425369674	[[0.7078404400605377, -0.42815695150617805, 0.10408835291837983], [0.4358965477705379, 0.6516362023565323, -0.2838226705911708], [0.06439689416464223, 0.29536880941750304, 0.7770464306376129]]	0.923021949539924	0.13423909462816586	[[0.7781526243655281, -0.4897386631864946, 0.06705016982393153], [0.5103433431281654, 0.6684724908537412, -0.29003486575250303], [0.024885384706590748, 0.30400957190786226, 0.8623184663174095]]	[[-0.00544908791260758, -0.015755401795927534, -0.04817892272138507], [0.027792104349113465, -0.05290935602877043, 0.02416579031565513], [-0.04640401001701651, -0.0229730243299495, 0.002103537773383455]]	0.42810142663682066	[[0.704561196774276, -0.7045611967742759, 0.0], [0.7071067811865475, 0.7071067811865476, 0.0], [0.0, 0.0, 0.9964]]
4	[[0.22433838825039393, -0.7661379269479729, -0.6022499185961573], [-0.9416906372873723, -0.011392912655017143, -0.3362869982418849], [0.2507808429735371, 0.642575192824231, -0.724020780340167]]	0.6405937073981419	0.3594062926018582	[[0.14370975984104367, -0.4907831350019287, -0.3857975081337416], [-0.603241096562037, -0.007298228155740681, -0.21542333495356153], [0.1606486299448494, 0.41162962505335005, -0.4638031559114033]]	0.7913802951842641	0.3400284863563757	[[0.23434059156233383, -0.6220140837783722, -0.37672886829250407], [-0.8245929191712579, 0.02674551216122238, -0.1864854346985351], [0.18381451077494299, 0.376728868292504, -0.535266624243082]]	[[0.05680361164757495, -0.01570762499842534, 0.0998798500608219], [-0.0793575046625194, 0.03576163874115844, 0.07964546923675787], [-0.014648506764013386, -0.13179247748282133, 0.037709154622060544]]	0.7505086233990252	[[1.9681365328307572e-16, -0.9856775735439615, 0.0], [-1.0, -1.7938038903913487e-16, 0.0], [0.0, 0.0, -0.9856775735439615]]
4	[[0.034229894132735264, 0.2773841392786001, 0.9601491309293217], [-0.1827544195208179, -0.9427759796974285, 0.2788803941677556], [0.9825625356654255, -0.18501754344446375, 0.018422055382213542]]	0.8684218321403817	0.13157816785961843	[[0.02972598737672125, 0.2408864424390047, 0.8338144674096369], [-0.15870792783202062, -0.8187272435867841, 0.24218582285119414], [0.8532787574150679, -0.1606732740561539, 0.01599811508681346]]	0.9353165530196125	0.12226500979509118	[[0.01241845925846285, 0.24498548529058325, 0.8906615488398248], [-0.16303289806726717, -0.8280860899085023, 0.2520039952362155], [0.9251113508197872, -0.16696020037812337, 0.0]]	[[-0.019597327331993354, -0.01445649172178905, -0.007381826685764999], [0.007900335648044423, 0.05370788969178454, -0.008837453741520535], [0.006104346834991315, 0.006089770604508882, -0.017230453339628367]]	0.33989567300071627	[[0.0, 0.0, 0.9964], [0.0, -1.0, 0.0], [0.9964, 0.0, 0.0]]
4	[[-0.42203838922340475, -0.825029846081567, 0.3757783270710803], [0.2588054115689476, 0.28760896992378115, 0.9221175843470338], [-0.8688517462515349, 0.4864224845687207, 0.09214016247897017]]	0.7724436829057254	0.22755631709427462	[[-0.3260008876993268, -0.6372890928143893, 0.2902675949189376], [0.1999126052682499, 0.22216173196464764, 0.7122839029251539], [-0.6711390427736065, 0.3757339754284161, 0.07117308644878767]]	0.8817377539371724	0.1921113978725964	[[-0.30079976110810946, -0.6856086471054506, 0.3574469800231577], [0.2576610356341035, 0.2343755440514238, 0.8288390721932064], [-0.7964511405190741, 0.4031438576365019, 0.022251244081173502]]	[[0.07132742028099759, 0.041851316309641264, 0.02610904193323519], [0.02946253333051408, -0.019220143101354788, 0.015773184505081715], [-0.03035175327485572, -0.025753211371660763, -0.05899221583043979]]	0.4792105174484139	[[-0.4928387867719806, -0.49283878677198073, 0.6969792963164371], [0.5, 0.5000000000000001, 0.7071067811865475], [-0.6969792963164371, 0.696979296316437, 0.0]]
4	[[-0.3195682178843842, -0.5708200961323295, -0.7563336379995778], [0.910087742671785, 0.03735879733279218, -0.41272826520656647], [0.2638493031197415, -0.8202248094963509, 0.507557688474819]]	0.6867261431982922	0.3132738568017079	[[-0.21945584975649463, -0.39199708307703296, -0.5193940821945832], [0.6249810454970348, 0.02565526280687501, -0.28343128975422727], [0.1811922143169771, -0.563269819980983, 0.3485531338569527]]	0.7880308724697594	0.32301677074044394	[[-0.24524195690576392, -0.4109384857241475, -0.5784380409015932], [0.7901697048921607, 0.06065372136812999, -0.23495388910691764], [0.2086308005987666, -0.6013960196124502, 0.31339973588537606]]	[[0.006587664647273506, 0.03888537265428401, 0.017576215729441243], [0.0729924670104799, 0.031213835711548878, 0.09028872581674321], [0.0007094040607788094, 0.04496645263630159, -0.08657139219216989]]	0.7028062629153536	[[-0.4928387867719806, -0.49283878677198073, -0.6969792963164371], [0.5, 0.5000000000000001, -0.7071067811865475], [0.6969792963164371, -0.696979296316437, 0.0]]
4	[[0.8592155572171323, 0.2624339665249735, -0.4391776855101157], [-0.4266000482917053, 0.8413623931712975, -0.33184593135155627], [0.2824199444684594, 0.4724804086637203, 0.8348660002631537]]	0.7534883564078033	0.24651164359219677	[[0.6474089180075518, 0.19774093810248283, -0.3309152724260003], [-0.3214381692308065, 0.6339567667739769, -0.25004204539470076], [0.2128001397743226, 0.3560084865589139, 0.6290618103590404]]	0.8233073922579631	0.2581623163171548	[[0.6719649619673391, 0.2655027890568701, -0.29672325842400565], [-0.3335755984862771, 0.6833077207802738, -0.33155818803353787], [0.14106149151291228, 0.3919050430873077, 0.6873513495614929]]	[[-0.03543355783257068, 0.049438964437280554, 0.06485497657121556], [0.017647374809887983, -0.009392157085506232, -0.05834697966107303], [-0.09145693648905377, 0.00290842993740352, 0.0]]	0.48378001043495616	[[0.6969792963164371, 0.49283878677198073, -0.4928387867719806], [-0.7071067811865475, 0.5000000000000001, -0.5], [0.0, 0.696979296316437, 0.6969792963164371]]
4	[[0.3802729664721569, 0.7767473726770865, -0.5020517802076895], [0.4287143634067757, 0.332951791095048, 0.839849450446521], [0.8195098935212374, -0.5346088512602871, -0.20639019011321075]]	0.7914363718132134	0.20856362818678678	[[0.30096185688337157, 0.6147461224469993, -0.3973420393899386], [0.33930014031886996, 0.26351015753297563, 0.6646874019307157], [0.6485899367934809, -0.4231088895806715, -0.16334470324103884]]	0.8852546153365838	0.19906710346316492	[[0.3467388644686047, 0.6592575442670119, -0.4444436555668052], [0.4041868819953743, 0.301648597457457, 0.7207600581423267], [0.7049378681166522, -0.4598498961615337, -0.09156214261558276]]	[[0.010100465811393827, -0.02836165234594442, 2.4748873954177267e-18], [0.024665513128440602, 0.006901487705983625, -0.022720544053349587], [-0.02053704743701569, 0.01341505681642464, 0.091145725742332]]	0.36726889555130743	[[0.4928387867719806, 0.49283878677198073, -0.6969792963164371], [0.5, 0.5000000000000001, 0.7071067811865475], [0.6969792963164371, -0.696979296316437, 0.0]]
4	[[0.04673222253661188, -0.9725397674033924, -0.22799671093185395], [-0.8377629715199755, -0.16246744520517667, 0.5213036857710898], [-0.5440306084466285, 0.16664552219444034, -0.8223502702654952]]	0.6441150178565038	0.35588498214349606	[[0.030100926353643795, -0.6264274696471962, -0.14685610553309522], [-0.5396157113601068, -0.10464772136943283, 0.3357795328691068], [-0.35041828507408473, 0.10733888350397834, -0.5296881590163602]]	0.8145284826428859	0.315394943218429	[[-0.034203102319871226, -0.9064044558574982, -0.1596159601805433], [-0.6777876691776596, -0.1461844760208447, 0.2857978038634436], [-0.327810944573497, 0.04609878445495747, -0.6416631973551308]]	[[-0.07226782863314725, -0.11424311480454769, 0.02609385482234842], [0.004594132828901209, -0.013850114399006103, -0.138818896303826], [0.1153174814358213, -0.0896387398773114, 0.028164520485190157]]	0.6090629371521259	[[1.975247423555557e-16, -0.9892388333439999, 0.0], [-1.0, -1.7938038903913487e-16, 0.0], [0.0, 0.0, -0.9892388333439999]]
