4	[[0.034229894132735264, 0.2773841392786001, 0.9601491309293217], [-0.1827544195208179, -0.9427759796974285, 0.2788803941677556], [0.9825625356654255, -0.18501754344446375, 0.018422055382213542]]	0.8655248365739721	0.13447516342602797	[[0.029626823525180045, 0.2400828618173223, 0.8310329196342425], [-0.158178489088927, -0.8159960257534832, 0.24137790758573158], [0.850432278105525, -0.16013727905308728, 0.015944746474047033]]	0.9220665817249428	0.12548777953227047	[[0.009025411102632263, 0.2386052880701785, 0.8663632060411999], [-0.1646533345439626, -0.8269452975971834, 0.2531376750293571], [0.8999096917106887, -0.161355355081647, 0.0]]	[[-0.022536830373145626, -0.017161357059155818, -0.018958221060974337], [0.0038584083587241413, 0.04235692733480867, -0.004008616731010046], [-0.0060783868813224, 0.009243138761335782, -0.01698636163462523]]	0.3472728587610312	[[0.0, 0.0, 0.9790000000000001], [0.0, -1.0, 0.0], [0.9790000000000001, 0.0, 0.0]]
4	[[0.8787972042104137, -0.3840163418041313, 0.28327887866788265], [-0.395223040501579, -0.9183905790867732, -0.018907472103605397], [0.2674214316928388, -0.09534250611366366, -0.9588511794847616]]	0.6978385877452432	0.30216141225475673	[[0.6132585999006634, -0.26798142163568955, 0.19768293262765133], [-0.275801888428003, -0.64088838470845, -0.013194363630612566], [0.18661699422534164, -0.06653367981845128, -0.6691233529495069]]	0.847285682961327	0.24822532943893477	[[0.6926496813635956, -0.3136790077517739, 0.1452244374165619], [-0.35947878994699406, -0.840499605016213, -0.02558922682673008], [0.1324417227285214, -0.055385967312851114, -0.8124208764680203]]	[[-0.051942607990329535, 0.011692540682049904, -0.09479370076407391], [-0.024611966153561454, -0.06236041598942797, -0.009569196412354541], [-0.09414062766184134, 0.025396373094908865, 0.0]]	0.4765060225109265	[[0.677720130467216, -0.6777201304672159, 0.0], [-0.7071067811865475, -0.7071067811865476, 0.0], [0.0, 0.0, -0.9584410000000002]]
4	[[0.8592155572171323, 0.2624339665249735, -0.4391776855101157], [-0.4266000482917053, 0.8413623931712975, -0.33184593135155627], [0.2824199444684594, 0.4724804086637203, 0.8348660002631537]]	0.7190270015583254	0.2809729984416746	[[0.6177991857981004, 0.18869710805750967, -0.3157806143636637], [-0.3067369535878216, 0.6049622787858949, -0.23860618499903946], [0.20306756585142516, 0.33972617153652707, 0.6002911968722076]]	0.8027484265359065	0.2846507478271993	[[0.6518801747727527, 0.2659373412305402, -0.26974401500126555], [-0.3406527108384868, 0.6887653619674006, -0.3479659937239619], [0.1365352319567179, 0.37882076755416494, 0.6534307857801392]]	[[-0.037853761838472215, 0.0552688875330409, 0.08280518101166105], [0.0017998066878213495, 0.013363024702656648, -0.0815771944791577], [-0.09017693408769599, -0.00046213706967865656, -0.01675658229943316]]	0.5101358768600367	[[0.6495547595651291, 0.45930457524050017, -0.45930457524050006], [-0.7071067811865475, 0.5000000000000001, -0.5], [0.0, 0.649554759565129, 0.6495547595651291]]
4	[[0.22433838825039393, -0.7661379269479729, -0.6022499185961573], [-0.9416906372873723, -0.011392912655017143, -0.3362869982418849], [0.2507808429735371, 0.642575192824231, -0.724020780340167]]	0.5978578232703384	0.4021421767296615	[[0.13412246047535661, -0.4580415533299647, -0.3600598253966371], [-0.5629971146026862, -0.006811341960637665, -0.20105181276300949], [0.14993128889805948, 0.3841686060694127, -0.43286148773666405]]	0.7667845507810696	0.38075989997359677	[[0.22060384906162378, -0.5721111912383873, -0.3536391645782713], [-0.8379895995856562, -0.01363342244861597, -0.1563632519345651], [0.14363671402605757, 0.35363916457827127, -0.5198515834053615]]	[[0.04858463880409622, 0.015351534912753914, 0.10815676871041886], [-0.11591576729851943, -0.004897513036350672, 0.10149642294585297], [-0.048658161997904084, -0.13907756599451576, 0.03531636540393289]]	0.7386513448102334	[[-1.8342186907569408e-16, -0.9186091504810003, 0.0], [-1.0, 1.7938038903913487e-16, 0.0], [0.0, 0.0, -0.9186091504810003]]
4	[[-0.3195682178843842, -0.5708200961323295, -0.7563336379995778], [0.910087742671785, 0.03735879733279218, -0.41272826520656647], [0.2638493031197415, -0.8202248094963509, 0.507557688474819]]	0.6496590519151478	0.3503409480848521	[[-0.20761038545298244, -0.3708384424674428, -0.4913589941943404], [0.5912467400637489, 0.024270480855911963, -0.2681326534726816], [0.17141208811324374, -0.5328664720946821, 0.3297394466867949]]	0.7703025934705166	0.37100706252940074	[[-0.2842761266055599, -0.41201444925658515, -0.5295241930066357], [0.7759361513748838, 0.032100056767584845, -0.23736012749119603], [0.2180411850727496, -0.5295241930066357, 0.3117242912827496]]	[[-0.038111899578467584, 0.027689751199237892, 0.05308156987342996], [0.07489320290907976, 0.003322478293195503, 0.08056552559600937], [0.014797382594224258, 0.10229710497726383, -0.07924871248530402]]	0.7108209711455258	[[0.0, 0.0, -0.9186091504810003], [1.0, 1.7938038903913487e-16, 0.0], [1.8342186907569408e-16, -0.9186091504810003, 0.0]]
4	[[0.3802729664721569, 0.7767473726770865, -0.5020517802076895], [0.4287143634067757, 0.332951791095048, 0.839849450446521], [0.8195098935212374, -0.5346088512602871, -0.20639019011321075]]	0.7349847298148966	0.26501527018510357	[[0.27949482351844757, 0.5708974578414991, -0.36900039202903645], [0.3150985105562944, 0.24471448221937966, 0.6172765214216256], [0.6023272576703412, -0.3929293421001944, -0.15169363811680336]]	0.8537180552816113	0.23695703675280694	[[0.34587608075734455, 0.6036484457848103, -0.43318895489978404], [0.4024253823398807, 0.29216985887709185, 0.7185953357236439], [0.6649757740917369, -0.433188954899784, -0.08193923524321756]]	[[0.021230183344565383, -0.05947481066217286, -0.004578285450204502], [0.036424189740954155, 0.007922903280898192, 0.0016006961591101682], [-0.03465461848925415, 0.02321627393448451, 0.09425979648943472]]	0.37749773555056837	[[0.45930457524050006, 0.45930457524050017, -0.6495547595651291], [0.5, 0.5000000000000001, 0.7071067811865475], [0.6495547595651291, -0.649554759565129, 0.0]]
4	[[0.8489524140446696, -0.5135124485683378, 0.12483895166604869], [0.522794976890395, 0.7815435453534784, -0.34040431673891397], [0.0772347773085365, 0.35425224329800037, 0.9319550081910795]]	0.8105616475785524	0.1894383524214476	[[0.6881282674438369, -0.41623349636364854, 0.10118966634441169], [0.4237575578140699, 0.6334892237760986, -0.2759186838187455], [0.06260354834556994, 0.28714328198602534, 0.7554069869084447]]	0.9058987164323845	0.15845596020035643	[[0.7495998670719572, -0.47195749805263865, 0.06612122115797564], [0.5081628083275059, 0.6669375763608285, -0.2959210119390356], [0.022962774327460453, 0.2934286466311628, 0.830953757419824]]	[[-0.019465035123283136, -0.006767230022530509, -0.04697022491706235], [0.03456350980519887, -0.0410617182109029, 0.012450821662789383], [-0.04700411130028383, -0.027488005865788527, -0.013303088273207277]]	0.4336130395371407	[[0.6922575387816301, -0.69225753878163, 0.0], [0.7071067811865475, 0.7071067811865476, 0.0], [0.0, 0.0, 0.9790000000000001]]
4	[[-0.42203838922340475, -0.825029846081567, 0.3757783270710803], [0.2588054115689476, 0.28760896992378115, 0.9221175843470338], [-0.8688517462515349, 0.4864224845687207, 0.09214016247897017]]	0.7326473277388237	0.26735267226117654	[[-0.30920529806772507, -0.6044559120364332, 0.2753129871507926], [0.1896130931903359, 0.21071594324837395, 0.6755869840328338], [-0.6365619100923974, 0.3563761334713524, 0.06750624381763849]]	0.8529886235328885	0.24082639995351007	[[-0.28161123381190933, -0.6369979166690909, 0.3334684014369545], [0.25668998381307256, 0.2321995659934355, 0.8305640343772422], [-0.7404666001311293, 0.37576130426520127, 0.022497121908221673]]	[[0.07838271088980014, 0.06674315611357565, 0.012933763475102129], [0.0359319120360133, -0.013127613377562597, 0.04400822536959363], [0.0006540549581139999, -0.03915154130251958, -0.0560973884568118]]	0.4949624171224873	[[-0.45930457524050006, -0.45930457524050017, 0.6495547595651291], [0.5, 0.5000000000000001, 0.7071067811865475], [-0.6495547595651291, 0.649554759565129, 0.0]]
4	[[-0.5446221603179724, 0.8109226453022452, -0.2139887049042392], [-0.8354447797583356, -0.5021691245819775, 0.22328947644507607], [0.07361197229480154, 0.30038414347728, 0.9509735242804028]]	0.7231391454262346	0.2768608545737654	[[-0.39383760359252823, 0.5864099087306471, -0.1547436091953182], [-0.6041428240852517, -0.36313815160965135, 0.16146936117916366], [0.05323169873840246, 0.21721953281375167, 0.6876861816711051]]	0.8372963727568988	0.24784139540089198	[[-0.507540484905675, 0.6452408149605895, -0.13395585542065738], [-0.736495328857534, -0.4084806840019962, 0.09430643186140046], [0.07812560895999802, 0.14246099771775478, 0.78086830359131]]	[[-0.05153032554841061, -0.03374177453740963, 0.04521611100660852], [-0.036980445127193375, 0.01198370252100069, -0.09265303684084875], [0.01649057156607936, -0.10904955604945961, -0.015378378876515907]]	0.3922747479984103	[[-0.677720130467216, 0.6777201304672159, 0.0], [-0.7071067811865475, -0.7071067811865476, 0.0], [0.0, 0.0, 0.9584410000000002]]
4	[[0.04673222253661188, -0.9725397674033924, -0.22799671093185395], [-0.8377629715199755, -0.16246744520517667, 0.5213036857710898], [-0.5440306084466285, 0.16664552219444034, -0.8223502702654952]]	0.6173208592994573	0.3826791407005426	[[0.028848775773274767, -0.6003690849163565, -0.140747125509902], [-0.517168557467978, -0.10029454288224715, 0.32181163925618345], [-0.3358414426914793, 0.1028737569594787, -0.5076539754854366]]	0.7917619830422276	0.3522120787600314	[[-0.03636199343153668, -0.8523358588262846, -0.16070034818552256], [-0.6914381820062391, -0.15554882084941513, 0.27475062124651684], [-0.2998178234557123, 0.05042554790925077, -0.6140838175935864]]	[[-0.07336279061909529, -0.08231584399954785, 0.019818779788987686], [-0.02812931035623406, -0.026913274253959958, -0.13799781876682343], [0.13092492992365995, -0.08151804120852685, 0.037021863147133904]]	0.6241622956808883	[[1.873563524777263e-16, -0.9383137390000003, 0.0], [-1.0, -1.7938038903913487e-16, 0.0], [0.0, 0.0, -0.9383137390000003]]
4	[[0.08740825448676931, -0.06334395238859675, -0.994156597696443], [0.7119981850616444, -0.6940087028176986, 0.10681996481098455], [-0.6967197295301035, -0.717174639895393, -0.015561310176609944]]	0.8698073330306416	0.13019266696935863	[[0.07602834072000042, -0.05509703429074529, -0.8647246988571594], [0.6193012424711262, -0.6036538588979173, 0.09291278870666947], [-0.6060119298124095, -0.6238037608446224, -0.013535341703179677]]	0.9348540854633685	0.0996771052577865	[[0.06357538220976158, -0.05608598282149249, -0.8981532512522692], [0.681285497679773, -0.6634165734251148, 0.0978753234790008], [-0.6445213901571795, -0.6640381582874102, 0.0]]	[[-0.018138581600416526, 0.003131369858384283, 0.031238105694612994], [0.01567108553239139, -0.014619702248856474, -0.0019857570336013685], [0.006809895416971, 0.006415483809518162, 0.014547554393766498]]	0.14207904431036752	[[0.0, 0.0, -0.9383137390000003], [0.7071067811865475, -0.7071067811865476, 0.0], [-0.6634880077274045, -0.6634880077274043, 0.0]]
4	[[-0.30792515101507295, 0.09349718223056193, 0.9468053539599837], [0.3027085282091916, -0.9338174967034747, 0.1906631317268273], [0.9019698710720718, 0.34531602882779927, 0.2592434992682147]]	0.724226533632171	0.27577346636782896	[[-0.22300756473780914, 0.06771314019121534, 0.6857015595228197], [0.21922954808583905, -0.6762954086826288, 0.1380832989819742], [0.653230513167183, 0.25008703056558396, 0.18775102084169343]]	0.8495590707029722	0.2617687870868805	[[-0.25658170786871204, 0.07896722609480923, 0.7436413059714865], [0.24368089826162712, -0.8497650659357198, 0.11901831709858589], [0.6803110949240257, 0.2645691765449919, 0.17761448177390285]]	[[0.0050188972737257, -0.00046415315433340557, -0.06072577067535578], [-0.013487877657638061, -0.05643194123013977, -0.04296127590857589], [-0.08596559054604322, -0.028797188004794035, -0.04262818455018829]]	0.46960574245840897	[[0.0, 0.0, 0.9790000000000001], [0.0, -1.0, 0.0], [0.9790000000000001, 0.0, 0.0]]
4	[[0.5319609947059123, -0.8460851799387872, 0.03402011756955908], [-0.703274286200726, -0.4190807785627857, 0.5742617690636116], [-0.47161719485230363, -0.3294103357928521, -0.8179645788128509]]	0.6536752776657557	0.3463247223342444	[[0.34772975092173875, -0.5530649649253676, 0.022238109798503186], [-0.4597130143074457, -0.27394274429141, 0.37538072134548434], [-0.3082845007970244, -0.21532739271536247, -0.5346832231762433]]	0.7785404062003387	0.38220500113902134	[[0.5178375805160242, -0.6632050643331355, 0.11274546799064387], [-0.511592791987527, -0.3618533098665722, 0.3385226594761446], [-0.2890759011760753, -0.13463957945451882, -0.5976933500177124]]	[[0.10368445161494719, -0.004493564663505284, 0.08625943183905613], [0.035934656461439625, -0.03558199029354683, -0.10856333147596461], [0.07809714127530154, 0.12181967718023823, 0.03912512542873353]]	0.6577396018168137	[[0.677720130467216, -0.6777201304672159, 0.0], [-0.7071067811865475, -0.7071067811865476, 0.0], [0.0, 0.0, -0.9584410000000002]]
4	[[-0.8305561570912853, 0.32773595720904825, 0.4502950280316503], [-0.5100865793185324, -0.772219296347621, -0.37879947194723407], [0.22358030216652452, -0.5443036842615101, 0.808545204538665]]	0.6539581650827715	0.3460418349172285	[[-0.5431489804896151, 0.2143256052080749, 0.2944741102774731], [-0.33357528344449505, -0.5049991140809993, -0.24771900760893595], [0.14621216415347205, -0.3559518386074494, 0.5287547383465795]]	0.7976367203711461	0.3512011370769644	[[-0.6476886552790591, 0.27230565973588194, 0.1997908757000518], [-0.5731324398302428, -0.6275056343527324, -0.29197233806362044], [0.17759158079997275, -0.28113313365210585, 0.6348369468387317]]	[[0.014793433947296118, 0.010891425679958473, -0.159380973658547], [-0.16626865359727214, -0.01155516740670188, 0.010172030418693367], [-0.0007442781597236725, 0.15302347194817684, -0.01008839838130651]]	0.6575998846567244	[[-0.9186091504810003, 0.0, 0.0], [0.0, -0.7071067811865476, -0.7071067811865475], [0.0, -0.649554759565129, 0.6495547595651291]]
