4	[[0.8787972042104137, -0.3840163418041313, 0.28327887866788265], [-0.395223040501579, -0.9183905790867732, -0.018907472103605397], [0.2674214316928388, -0.09534250611366366, -0.9588511794847616]]	0.6390458199202662	0.360954180079734	[[0.5615916799082814, -0.24540403801100227, 0.1810281832844107], [-0.25256563196871207, -0.586893660619555, -0.012082741013068088], [0.17089454808040166, -0.060928229992659184, -0.6127498381753537]]	0.8193219010786854	0.2906133019385188	[[0.6485292906981153, -0.26552624708178524, 0.16296006340019326], [-0.3181313417878175, -0.8544117987806085, -0.03334966811754096], [0.1548680543432651, -0.04941886015428674, -0.7461359103494234]]	[[-0.07148850531819453, 0.04910675213045787, -0.06913652600541459], [0.005683551106034494, -0.10195428359047871, -0.017858362129022774], [-0.0642361814604954, 0.02869734320836636, 0.039471860877571194]]	0.4931232437464427	[[0.6336041343687847, -0.6336041343687846, 0.0], [-0.7071067811865475, -0.7071067811865476, 0.0], [0.0, 0.0, -0.8960515600000002]]
4	[[-0.3195682178843842, -0.5708200961323295, -0.7563336379995778], [0.910087742671785, 0.03735879733279218, -0.41272826520656647], [0.2638493031197415, -0.8202248094963509, 0.507557688474819]]	0.5764857364019289	0.42351426359807104	[[-0.18422651941773127, -0.32906964347186596, -0.4360155542677365], [0.5246526025245133, 0.021536813791485115, -0.23793195790149801], [0.15210535980811996, -0.4728479033176357, 0.29259976780686686]]	0.7240502493555325	0.4323913347638348	[[-0.24008918213556116, -0.3656509573279849, -0.47308936965225123], [0.7890958813979853, 0.033329324692156964, -0.22470957691424262], [0.18042120645556822, -0.47308936965225123, 0.28467794629203047]]	[[-0.008705734290269648, 0.04765147561377722, 0.07453418953732018], [0.13014662438106564, 0.006279678167725886, 0.07412642642464815], [-0.010618947260564091, 0.12079460819117574, -0.0828193246104799]]	0.7164736530175427	[[0.0, 0.0, -0.802908398178434], [1.0, 1.7938038903913487e-16, 0.0], [1.6031949933586688e-16, -0.802908398178434, 0.0]]
4	[[0.034229894132735264, 0.2773841392786001, 0.9601491309293217], [-0.1827544195208179, -0.9427759796974285, 0.2788803941677556], [0.9825625356654255, -0.18501754344446375, 0.018422055382213542]]	0.8204856940044016	0.1795143059955985	[[0.028085138443194484, 0.2275897180218158, 0.7877886260382676], [-0.1499473867329099, -0.7735342039927244, 0.22881737375295202], [0.8061785039781711, -0.1518042475360204, 0.015115032895263]]	0.8957308766858012	0.1592861422492378	[[0.00913444810664928, 0.22415979063073507, 0.8217755031592288], [-0.1665105365381103, -0.8253218762648603, 0.2551997588331495], [0.8530374686041361, -0.15247034195776824, 0.0]]	[[-0.02152632497372784, -0.024301747624021833, -0.038259719637202726], [-0.002811760122523375, 0.01915167854783266, 0.0053979788747839895], [-0.02707413286607935, 0.013255584433994596, -0.016501203817864518]]	0.3616003033003157	[[0.0, 0.0, 0.9466000000000001], [0.0, -1.0, 0.0], [0.9466000000000001, 0.0, 0.0]]
4	[[-0.5446221603179724, 0.8109226453022452, -0.2139887049042392], [-0.8354447797583356, -0.5021691245819775, 0.22328947644507607], [0.07361197229480154, 0.30038414347728, 0.9509735242804028]]	0.6586354272710541	0.34136457272894605	[[-0.35870744926231224, 0.5341023829724176, -0.14094054208578308], [-0.5502535294775031, -0.33074637593138184, 0.14706635972353263], [0.04848345282465161, 0.19784363868460786, 0.6263448534878833]]	0.800342078501393	0.2956377053901328	[[-0.476112773334445, 0.6141791160908303, -0.1086344024979495], [-0.7348651641195888, -0.4059409682683115, 0.09698858130081034], [0.0744105156408449, 0.11209683331093703, 0.7384151541856979]]	[[-0.040228741547640175, -0.03483639935421641, 0.06262976236093054], [-0.06622355261466391, -0.004033887341146716, -0.08171938238472969], [0.01549575673183647, -0.1283132364285299, -0.02268897283667463]]	0.41451887308778806	[[-0.6336041343687847, 0.6336041343687846, 0.0], [-0.7071067811865475, -0.7071067811865476, 0.0], [0.0, 0.0, 0.8960515600000002]]
4	[[-0.30792515101507295, 0.09349718223056193, 0.9468053539599837], [0.3027085282091916, -0.9338174967034747, 0.1906631317268273], [0.9019698710720718, 0.34531602882779927, 0.2592434992682147]]	0.6619142671529904	0.3380857328470098	[[-0.20382005067211592, 0.061887118857011994, 0.6267039720029502], [0.20036709361054736, -0.6181071239851205, 0.12620264711005694], [0.5970267262047475, 0.22856960615773367, 0.17159697083229714]]	0.8223031909828326	0.28788146163636674	[[-0.22518794096759814, 0.07157077611494028, 0.7226815886758418], [0.24903477449276534, -0.8474181342766474, 0.11933043510874324], [0.6615686269076466, 0.24875610338888185, 0.15361716485265786]]	[[0.028019893295966977, -0.005312255181154168, -0.05587947512508308], [0.00011658580863035256, -0.07953702694177928, -0.037452466513006974], [-0.08012407624529203, -0.03519836901373727, -0.05955959183715071]]	0.4760613883408923	[[0.0, 0.0, 0.9466000000000001], [0.0, -1.0, 0.0], [0.9466000000000001, 0.0, 0.0]]
4	[[0.08740825448676931, -0.06334395238859675, -0.994156597696443], [0.7119981850616444, -0.6940087028176986, 0.10681996481098455], [-0.6967197295301035, -0.717174639895393, -0.015561310176609944]]	0.726231196085862	0.2737688039141383	[[0.06347860120370388, -0.04600235430797651, -0.7219875350417387], [0.5170752935482811, -0.5040107703412946, 0.077575990810531], [-0.5059796025132652, -0.5208345965336787, -0.011301108902222535]]	0.8854864918275032	0.1854284287195077	[[0.049673106553223594, -0.04967310655322361, -0.813500213924375], [0.6814808511723287, -0.6689617586441471, 0.08749239780296963], [-0.5851880677701281, -0.5958067921821817, 0.0]]	[[-0.02772572206903138, 0.006417107625843312, 0.06681202409701506], [0.05101607609454377, -0.05442642708834708, -0.007095238094646407], [0.03174784131849016, 0.039241663726442874, 0.013779329956525962]]	0.2047994139845568	[[0.0, 0.0, -0.8482024066960003], [0.7071067811865475, -0.7071067811865476, 0.0], [-0.5997696735934918, -0.5997696735934916, 0.0]]
4	[[0.3802729664721569, 0.7767473726770865, -0.5020517802076895], [0.4287143634067757, 0.332951791095048, 0.839849450446521], [0.8195098935212374, -0.5346088512602871, -0.20639019011321075]]	0.6345224322675094	0.36547756773249096	[[0.24129172761149403, 0.49286363216846246, -0.3185631167016161], [0.27202888061688424, 0.21126538031345343, 0.5329033160358575], [0.5199974109043831, -0.3392213086134165, -0.13095920542678818]]	0.7986811622931418	0.3139082447250582	[[0.3442084109856732, 0.5091871465613911, -0.4026350528474364], [0.40638010473693054, 0.3028065891816819, 0.7190464912780601], [0.5807126181030188, -0.4157338825273009, -0.0656246076669152]]	[[0.040491556135029944, -0.1111863478564887, -0.0016557534998180717], [0.06397401867944257, 0.03688426568230558, 0.04827455604417652], [-0.07381449616525193, 0.011248136169466577, 0.09921534925860646]]	0.41623393757045773	[[0.40145419908921687, 0.401454199089217, -0.5677419730235993], [0.5, 0.5000000000000001, 0.7071067811865475], [0.5677419730235993, -0.5677419730235992, 0.0]]
4	[[0.8489524140446696, -0.5135124485683378, 0.12483895166604869], [0.522794976890395, 0.7815435453534784, -0.34040431673891397], [0.0772347773085365, 0.35425224329800037, 0.9319550081910795]]	0.7320362300190507	0.2679637699809495	[[0.6214639246428321, -0.3759097169178176, 0.09138663553714477], [0.38270486395574155, 0.5721181905362831, -0.2491882927077654], [0.05653865520730199, 0.25932547665965966, 0.6822248307435713]]	0.8714676145877318	0.21518897866907816	[[0.697368316295871, -0.4471575472412208, 0.05231863799265788], [0.5024618318168839, 0.6659939652442118, -0.303900067204999], [0.027374129679523025, 0.262965814332467, 0.7779428311567568]]	[[-0.04246621887013364, 0.00035192137373384405, -0.05647446542338672], [0.04686294038776301, -0.01509592392142264, -0.00724872930117095], [-0.03993347746476197, -0.045753543096794205, -0.03422577673461322]]	0.4446966602333491	[[0.669347279071186, -0.6693472790711859, 0.0], [0.7071067811865475, 0.7071067811865476, 0.0], [0.0, 0.0, 0.9466000000000001]]
4	[[-0.8305561570912853, 0.32773595720904825, 0.4502950280316503], [-0.5100865793185324, -0.772219296347621, -0.37879947194723407], [0.22358030216652452, -0.5443036842615101, 0.808545204538665]]	0.5857025778316153	0.4142974221683848	[[-0.48645888224228584, 0.19195579498545148, 0.26373895870289704], [-0.2987590244241751, -0.4522908325221176, -0.2218638272007496], [0.1309515593313049, -0.318800070995212, 0.4735670105916867]]	0.7573645735857264	0.39987503179398676	[[-0.5896797780552488, 0.23375122905383572, 0.19597447220386877], [-0.5707216592957806, -0.6224573769671523, -0.3026002155081199], [0.17431702008514197, -0.2612395935886426, 0.5693229142634537]]	[[0.03935403169919181, -0.014464374426504972, -0.1450630296890947], [-0.1844001546583985, -0.03760583887416662, -0.015710914962304694], [0.004985219872624304, 0.15099673414321582, -0.0430405797967561]]	0.6817258704353963	[[-0.6336041343687847, 0.6336041343687846, 0.0], [-0.7071067811865475, -0.7071067811865476, 0.0], [0.0, 0.0, 0.8960515600000002]]
4	[[0.8592155572171323, 0.2624339665249735, -0.4391776855101157], [-0.4266000482917053, 0.8413623931712975, -0.33184593135155627], [0.2824199444684594, 0.4724804086637203, 0.8348660002631537]]	0.6312353812225433	0.3687646187774568	[[0.5423672598122964, 0.16565760490513579, -0.27722449373741215], [-0.26928504411296983, 0.5310977109997954, -0.20947289298384955], [0.17827346131139746, 0.2982463508830264, 0.5269969579458517]]	0.7698734614594885	0.4105796783327495	[[0.5062068624317437, 0.20627901306527502, -0.2936772515149616], [-0.35656444216049055, 0.7487379289107987, -0.2500358575730122], [0.24496483088936225, 0.32968320268407214, 0.5038035940635762]]	[[-0.1552803927428531, 0.004238066852150097, 0.04443399342447786], [-0.02813638632337054, 0.10099535093817288, 0.005443518267858257], [0.027537210656232852, -0.034066925005659957, -0.13893758341385626]]	0.5616011856713417	[[0.5677419730235993, 0.401454199089217, -0.40145419908921687], [-0.7071067811865475, 0.5000000000000001, -0.5], [0.0, 0.5677419730235992, 0.5677419730235993]]
4	[[-0.42203838922340475, -0.825029846081567, 0.3757783270710803], [0.2588054115689476, 0.28760896992378115, 0.9221175843470338], [-0.8688517462515349, 0.4864224845687207, 0.09214016247897017]]	0.630637229601628	0.36936277039837206	[[-0.2661531205653816, -0.5202945364715371, 0.23697980312844052], [0.16321232775775024, 0.18137692400131128, 0.581521678759559], [-0.5479302581906047, 0.30675612808435876, 0.05810701680078163]]	0.7991865743429093	0.3318510412657203	[[-0.25506602447468235, -0.5478423737037516, 0.3044207213738941], [0.26809777666485846, 0.23765168010114235, 0.8265199480942741], [-0.6391743809641367, 0.33627240448992435, 0.0244454266227593]]	[[0.08222139004996987, 0.11151040271683385, 0.004103727449648066], [0.06126396637166447, 0.00779845267746279, 0.08957595471860931], [0.05520026973448232, -0.05246991463591815, -0.04919175418820792]]	0.534496410365092	[[-0.40145419908921687, -0.401454199089217, 0.5677419730235993], [0.5, 0.5000000000000001, 0.7071067811865475], [-0.5677419730235993, 0.5677419730235992, 0.0]]
4	[[0.22433838825039393, -0.7661379269479729, -0.6022499185961573], [-0.9416906372873723, -0.011392912655017143, -0.3362869982418849], [0.2507808429735371, 0.642575192824231, -0.724020780340167]]	0.5245848953373	0.4754151046626999	[[0.11768452992047145, -0.4019043842219384, -0.3159312105136626], [-0.4939966844015116, -0.005976549892719105, -0.17641107977601395], [0.13155584226387282, 0.33708524027404463, -0.37981036527677675]]	0.7374887005779598	0.438579501347023	[[0.20717835412230348, -0.4818815430962638, -0.35993614098231475], [-0.8127387769455413, 0.044642328897027475, -0.2057526811395277], [0.16520055563465633, 0.35993614098231475, -0.40249707156920145]]	[[0.04173132768176671, 0.08313652111208872, 0.08421636890634733], [-0.11825257250604619, 0.053044473246774165, 0.04225518021514259], [-0.019747482379742932, -0.11395580299725933, 0.13146007291530887]]	0.7313287085174377	[[1.6031949933586688e-16, -0.802908398178434, 0.0], [-1.0, -1.7938038903913487e-16, 0.0], [0.0, 0.0, -0.802908398178434]]
4	[[0.04673222253661188, -0.9725397674033924, -0.22799671093185395], [-0.8377629715199755, -0.16246744520517667, 0.5213036857710898], [-0.5440306084466285, 0.16664552219444034, -0.8223502702654952]]	0.5758939101049805	0.42410608989501947	[[0.026912802364505477, -0.5600797293825278, -0.1313019173496203], [-0.4824625934098061, -0.09356401228397575, 0.3002156179508509], [-0.31330391431512056, 0.09597014137804254, -0.4735865126190835]]	0.7463996447497715	0.4118946277946121	[[-0.014126325585903522, -0.7721956254907574, -0.130087194009106], [-0.6802289657598282, -0.1546257617899057, 0.28102468239049117], [-0.27025085329541665, 0.03467983353338862, -0.5559274553534401]]	[[-0.049007239885598, -0.046292288595839934, 0.04008947003454615], [-0.0549229814328054, -0.03336011840535876, -0.10807620347579674], [0.13581339958214897, -0.08970432503168183, 0.05787449423260403]]	0.6548018453637006	[[1.6936351081329692e-16, -0.8482024066960003, 0.0], [-1.0, -1.7938038903913487e-16, 0.0], [0.0, 0.0, -0.8482024066960003]]
4	[[0.5319609947059123, -0.8460851799387872, 0.03402011756955908], [-0.703274286200726, -0.4190807785627857, 0.5742617690636116], [-0.47161719485230363, -0.3294103357928521, -0.8179645788128509]]	0.5991605265214988	0.40083947347850135	[[0.3187300296768947, -0.5069408418941608, 0.020383511555300306], [-0.4213741916090582, -0.25109665993871827, 0.34407498391332075], [-0.2825744067842985, -0.197369670235269, -0.4900920877174436]]	0.7470561082620919	0.43321746931415556	[[0.46628662749566685, -0.6155466101706274, 0.0917322242304845], [-0.505576257929365, -0.362310939949577, 0.3443496369473761], [-0.2617811867750176, -0.1064322528702099, -0.5529966196873735]]	[[0.06888191704343685, 0.016526491612674797, 0.0663172875963509], [0.01980909336054988, -0.04923408446901482, -0.08465612537298975], [0.09054331940082895, 0.13965575060850705, 0.05806881525679602]]	0.6804316789393783	[[0.6336041343687847, -0.6336041343687846, 0.0], [-0.7071067811865475, -0.7071067811865476, 0.0], [0.0, 0.0, -0.8960515600000002]]
