4	[[-0.30792515101507295, 0.09349718223056193, 0.9468053539599837], [0.3027085282091916, -0.9338174967034747, 0.1906631317268273], [0.9019698710720718, 0.34531602882779927, 0.2592434992682147]]	0.745826985061713	0.25417301493828726	[[-0.22965888700624448, 0.06973272153478555, 0.7061529825842625], [0.22576818894672984, -0.6964662881642285, 0.14220170869824383], [0.6727134695581853, 0.2575460126741211, 0.19335079745606096]]	0.8595399005312379	0.2495731940061872	[[-0.26442893506030796, 0.08246625116568027, 0.7560341062026047], [0.24308723550793754, -0.8497042585234774, 0.11975878193160368], [0.6915703279336556, 0.27225421861528015, 0.18196268389462772]]	[[0.0002450186142542714, 0.0021016924512720463, -0.05778287356260308], [-0.017102822718948356, -0.047050860292643305, -0.04412378734784776], [-0.08370876532980645, -0.024558686455208444, -0.04086744767974359]]	0.4675832676141239	[[0.0, 0.0, 0.9912000000000001], [0.0, -1.0, 0.0], [0.9912000000000001, 0.0, 0.0]]
4	[[0.04673222253661188, -0.9725397674033924, -0.22799671093185395], [-0.8377629715199755, -0.16246744520517667, 0.5213036857710898], [-0.5440306084466285, 0.16664552219444034, -0.8223502702654952]]	0.6354609467978677	0.3645390532021322	[[0.029696502379084114, -0.6180110413927378, -0.1448830057955556], [-0.5323656510742787, -0.1032417165539123, 0.33126813372931485], [-0.3457102055305146, 0.10589672131330413, -0.522571481342394]]	0.807258957854291	0.3255647149487457	[[-0.028423165560278574, -0.8966570163229015, -0.15135811131830412], [-0.6733801548344837, -0.14300731877608824, 0.28905702850625675], [-0.3258364273518858, 0.03888310777337921, -0.6302705101533029]]	[[-0.06614817082339883, -0.11156557721698428, 0.032694275942750345], [0.0029115084836458423, -0.011854018274508129, -0.1317700415949139], [0.11333715466357538, -0.09564298280438885, 0.03357911201241539]]	0.6134529556460768	[[-1.9444833443072256e-16, -0.9738316385280003, 0.0], [-1.0, 1.7938038903913487e-16, 0.0], [0.0, 0.0, -0.9738316385280003]]
4	[[0.8787972042104137, -0.3840163418041313, 0.28327887866788265], [-0.395223040501579, -0.9183905790867732, -0.018907472103605397], [0.2674214316928388, -0.09534250611366366, -0.9588511794847616]]	0.7199573972269522	0.28004260277304777	[[0.6326965478336519, -0.27647540593791803, 0.20394872417509838], [-0.2845437515636392, -0.6612020909570668, -0.013612574403852953], [0.1925320379242814, -0.06864254254668808, -0.6903319995098423]]	0.8577508982421951	0.23596297001713146	[[0.7009156371822154, -0.31822218299063815, 0.15372804100775564], [-0.35936837119583537, -0.8406894219654073, -0.025241386924775604], [0.13929305691937185, -0.059648227566718996, -0.8224554604836425]]	[[-0.05287345410199677, 0.011168179131537313, -0.08925467162266251], [-0.020365453199594447, -0.052939077816557614, -0.009023485744418833], [-0.0900879163243744, 0.02213189269293797, 0.0]]	0.47147743919370555	[[0.6947164601867996, -0.6947164601867994, 0.0], [-0.7071067811865475, -0.7071067811865476, 0.0], [0.0, 0.0, -0.9824774400000001]]
4	[[0.22433838825039393, -0.7661379269479729, -0.6022499185961573], [-0.9416906372873723, -0.011392912655017143, -0.3362869982418849], [0.2507808429735371, 0.642575192824231, -0.724020780340167]]	0.627547278757155	0.372452721242845	[[0.14078294506730085, -0.4807877712088484, -0.37794029754673664], [-0.5909553968607817, -0.007149591333773984, -0.21103599062810705], [0.15737683557246862, 0.40324631365370034, -0.4543572704661037]]	0.783487605527169	0.35717364975387184	[[0.23205984788815226, -0.5940669823016657, -0.3701054288154846], [-0.8363425477011149, -0.016167641783394388, -0.1569605958006131], [0.15150808608394528, 0.3701054288154846, -0.5386812324952305]]	[[0.05629350125002669, 0.006192587586350617, 0.10174991783435111], [-0.0985396051454779, -0.007241435927334786, 0.10651609922184052], [-0.04497559608947629, -0.13334427038153113, 0.02858007504539932]]	0.7463111808751691	[[-1.9273718908773222e-16, -0.965261920108954, 0.0], [-1.0, 1.7938038903913487e-16, 0.0], [0.0, 0.0, -0.965261920108954]]
4	[[-0.5446221603179724, 0.8109226453022452, -0.2139887049042392], [-0.8354447797583356, -0.5021691245819775, 0.22328947644507607], [0.07361197229480154, 0.30038414347728, 0.9509735242804028]]	0.7470064763487758	0.2529935236512243	[[-0.40683628092058666, 0.6057644678586582, -0.15985094842895373], [-0.6240826611112532, -0.3751235882851323, 0.16679868500499925], [0.05498862004102341, 0.2243889005700081, 0.7103833814736809]]	0.8476260120156595	0.23739238854398095	[[-0.5065312291691763, 0.6446810155752858, -0.14344273868602433], [-0.7356243421288126, -0.4074367108772753, 0.09560984641713431], [0.067594646895791, 0.16813663572415855, 0.797127020627922]]	[[-0.044895319363500136, -0.04267811231544536, 0.03793965386835174], [-0.027479615202953746, 0.018214901549541078, -0.09365612202707004], [0.005199224382941174, -0.08647677788422796, -0.008942875290352741]]	0.38507524478696764	[[-0.6947164601867996, 0.6947164601867994, 0.0], [-0.7071067811865475, -0.7071067811865476, 0.0], [0.0, 0.0, 0.9824774400000001]]
4	[[-0.8305561570912853, 0.32773595720904825, 0.4502950280316503], [-0.5100865793185324, -0.772219296347621, -0.37879947194723407], [0.22358030216652452, -0.5443036842615101, 0.808545204538665]]	0.6819536837539898	0.3180463162460102	[[-0.5664008308929595, 0.22350074331735043, 0.30708035314228993], [-0.3478554217997448, -0.5266177938101742, -0.25832369529848237], [0.15247141067729159, -0.3711899025630053, 0.5513903807167657]]	0.8143908136187754	0.3277044808450061	[[-0.673608336254978, 0.2642845411956079, 0.2052457446791961], [-0.5581067937133736, -0.6316689874585036, -0.30380785460610193], [0.18660202285782646, -0.3026187333139393, 0.6500073115454268]]	[[0.002788968274677366, -0.0026206116479971495, -0.16147038956798884], [-0.14269696936613588, -0.0027806864138461953, 0.004682955551368548], [0.0045202786672989236, 0.1406571869674891, -0.008464475426375911]]	0.6422901999630652	[[-0.965261920108954, 0.0, 0.0], [0.0, -0.7071067811865476, -0.7071067811865475], [0.0, -0.6825432493301887, 0.6825432493301888]]
4	[[0.8592155572171323, 0.2624339665249735, -0.4391776855101157], [-0.4266000482917053, 0.8413623931712975, -0.33184593135155627], [0.2824199444684594, 0.4724804086637203, 0.8348660002631537]]	0.7437458463533844	0.25625415364661575	[[0.6390380018024507, 0.1951841725449922, -0.3266365794092414], [-0.3172820139711089, 0.6257597851990956, -0.2468090330719903], [0.21004866062577016, 0.35140534142699165, 0.620928119957384]]	0.8177528594810808	0.26598025028139716	[[0.6723949248156772, 0.26937424342716115, -0.2817906965175344], [-0.33495833190344215, 0.6903836259724362, -0.3481251569448718], [0.14328055690255767, 0.3951583596725372, 0.6704972189820596]]	[[-0.030231054009262757, 0.05476811687640189, 0.07734811162864541], [0.013895077441866917, 0.0023571230967624475, -0.07675719767497424], [-0.08766916026101303, 0.008786154438990276, -0.012216840016666996]]	0.49153143233906016	[[0.6825432493301888, 0.482630960054477, -0.48263096005447687], [-0.7071067811865475, 0.5000000000000001, -0.5], [0.0, 0.6825432493301887, 0.6825432493301888]]
4	[[0.3802729664721569, 0.7767473726770865, -0.5020517802076895], [0.4287143634067757, 0.332951791095048, 0.839849450446521], [0.8195098935212374, -0.5346088512602871, -0.20639019011321075]]	0.7745391338475924	0.22546086615240774	[[0.29453629407699894, 0.6016212372517037, -0.3888587509887056], [0.332056051701106, 0.25788419188776296, 0.650496265911225], [0.6347424831074718, -0.4140754766023992, -0.15985727908492622]]	0.8765319489395706	0.20887010773090015	[[0.3431242015580699, 0.6440008535888706, -0.440064425374027], [0.40433197441102886, 0.30189292410738877, 0.720716169138723], [0.6928995891237076, -0.45189674953314807, -0.0883268531878523]]	[[0.009802797127198098, -0.03684303481746705, 1.741557172322499e-18], [0.02855013791570035, 0.010050041755925544, -0.015438706476993495], [-0.02542701501972268, 0.016704988782376584, 0.0925807423940888]]	0.3692986004305906	[[0.48263096005447687, 0.482630960054477, -0.6825432493301888], [0.5, 0.5000000000000001, 0.7071067811865475], [0.6825432493301888, -0.6825432493301887, 0.0]]
4	[[0.034229894132735264, 0.2773841392786001, 0.9601491309293217], [-0.1827544195208179, -0.9427759796974285, 0.2788803941677556], [0.9825625356654255, -0.18501754344446375, 0.018422055382213542]]	0.8676034305736575	0.13239656942634262	[[0.029697973577734224, 0.24065943082483468, 0.8330286798565952], [-0.15855836132875892, -0.8179556742479298, 0.2419575866996786], [0.8524746266964751, -0.16052185540872743, 0.01598303844782638]]	0.9314083689471677	0.12289994229554212	[[0.011376564867697477, 0.24269818554057723, 0.8835361106033743], [-0.16351330341973117, -0.8279018082600523, 0.2519684851387361], [0.9175641923211013, -0.1652594566175184, 0.0]]	[[-0.020505444995707705, -0.015659723196717747, -0.010754825381545818], [0.006705692384040257, 0.05020762927249777, -0.007783047924396401], [0.0023972235883740613, 0.007067431748701335, -0.01715845655620191]]	0.3420773276310022	[[0.0, 0.0, 0.9912000000000001], [0.0, -1.0, 0.0], [0.9912000000000001, 0.0, 0.0]]
4	[[0.8489524140446696, -0.5135124485683378, 0.12483895166604869], [0.522794976890395, 0.7815435453534784, -0.34040431673891397], [0.0772347773085365, 0.35425224329800037, 0.9319550081910795]]	0.8268756105203345	0.17312438947966552	[[0.7019780456658979, -0.4246109194197363, 0.10322628437558254], [0.4322864156932095, 0.6462392962123843, -0.28147202722724685], [0.0638635536403982, 0.2929225399552322, 0.7706108663754822]]	0.9170617025825717	0.13991226964441197	[[0.7729122949486551, -0.4813467785470366, 0.056762940794738655], [0.501795604000013, 0.6720732418741888, -0.28988962293236187], [0.02487741214570966, 0.2946948062268636, 0.8556967651566599]]	[[-0.005629451286733895, -0.010424178165611472, -0.057722080768751315], [0.022360352391291083, -0.04465041247009132, 0.022282139342683555], [-0.045951644231442615, -0.030176359155696036, 0.0010365186145940863]]	0.4297150056665077	[[0.700884241512106, -0.7008842415121059, 0.0], [0.7071067811865475, 0.7071067811865476, 0.0], [0.0, 0.0, 0.9912000000000001]]
4	[[-0.42203838922340475, -0.825029846081567, 0.3757783270710803], [0.2588054115689476, 0.28760896992378115, 0.9221175843470338], [-0.8688517462515349, 0.4864224845687207, 0.09214016247897017]]	0.7622712192581125	0.23772878074188766	[[-0.32170771752705457, -0.628896506696929, 0.28644500354724617], [0.1972799166272593, 0.21923604017337053, 0.7029036953195588], [-0.6623006799696975, 0.37078586038675915, 0.07023579399548519]]	0.8735508127491358	0.20691511088465525	[[-0.2942393425708017, -0.6712978756960846, 0.34627688724416034], [0.2541255576182282, 0.23092631583659703, 0.8302894529007113], [-0.779939423999573, 0.393972247542654, 0.02214502130471704]]	[[0.0744326353466396, 0.04940761689076284, 0.018015424217707503], [0.028045879998299425, -0.020314733594263834, 0.024772887644090087], [-0.02095327490303854, -0.03094250919180602, -0.058344092515624765]]	0.4833777788073839	[[-0.48263096005447687, -0.482630960054477, 0.6825432493301888], [0.5, 0.5000000000000001, 0.7071067811865475], [-0.6825432493301888, 0.6825432493301887, 0.0]]
4	[[0.5319609947059123, -0.8460851799387872, 0.03402011756955908], [-0.703274286200726, -0.4190807785627857, 0.5742617690636116], [-0.47161719485230363, -0.3294103357928521, -0.8179645788128509]]	0.6690939520730064	0.33090604792699363	[[0.3559318842964665, -0.566110476835644, 0.022762654914604614], [-0.47055657154536634, -0.28040441436640684, 0.384235076587208], [-0.31555621276931295, -0.22040646342933554, -0.5472951526936225]]	0.7926249699948614	0.36441401217173125	[[0.5168502276821899, -0.715462293206189, 0.0880481233504544], [-0.5096820240972753, -0.39328888136710777, 0.3274123873099255], [-0.3038697278977604, -0.10021710509492912, -0.6307194966088459]]	[[0.09520466021497938, -0.04483405284411092, 0.0610829286826609], [0.047750735900732866, -0.06111499183335655, -0.12776183016331574], [0.06994583702110756, 0.16088175242887756, 0.01761965312954965]]	0.6493795667621097	[[0.6947164601867996, -0.6947164601867994, 0.0], [-0.7071067811865475, -0.7071067811865476, 0.0], [0.0, 0.0, -0.9824774400000001]]
4	[[0.08740825448676931, -0.06334395238859675, -0.994156597696443], [0.7119981850616444, -0.6940087028176986, 0.10681996481098455], [-0.6967197295301035, -0.717174639895393, -0.015561310176609944]]	0.9218250505014735	0.07817494949852662	[[0.08057511860651176, -0.05839204210958115, -0.9164384558778967], [0.656337762901408, -0.639754607523387, 0.09846931945645143], [-0.6422536998594605, -0.6611095486399466, -0.014344805539422556]]	0.9594117798054927	0.06412204199190279	[[0.0640619358028101, -0.06406193580281011, -0.9350868141209794], [0.6823750208076163, -0.6688525310588275, 0.0938576945353676], [-0.6773163288606406, -0.6904042460348244, 0.0]]	[[-0.019798573204032704, -0.0032890017017521045, 0.018718736680338337], [-0.000724425140656456, -0.0030124062879981275, -0.008626638022699203], [-0.008875213126562548, -0.0023384483414219583, 0.014929704292646674]]	0.12188985900169146	[[0.0, 0.0, -0.9738316385280003], [0.7071067811865475, -0.7071067811865476, 0.0], [-0.6886029553371558, -0.6886029553371557, 0.0]]
4	[[-0.3195682178843842, -0.5708200961323295, -0.7563336379995778], [0.910087742671785, 0.03735879733279218, -0.41272826520656647], [0.2638493031197415, -0.8202248094963509, 0.507557688474819]]	0.6757217420891064	0.32427825791089354	[[-0.2159391929051472, -0.38571554977800887, -0.5110710834696661], [0.614966074932121, 0.02524415161606819, -0.2788894623747958], [0.17828871075306835, -0.5542437371775797, 0.3429677654669246]]	0.780548606752123	0.3354913120172923	[[-0.24024842864242713, -0.40304249123261376, -0.570649787196706], [0.7942498251413491, 0.05718215363750935, -0.2294357984210093], [0.20247961839988846, -0.5896358081224118, 0.3079412976781701]]	[[0.009190098589487813, 0.04251033950958893, 0.019705380183628808], [0.0838821055767026, 0.028021796429463522, 0.09271867395319688], [-0.0034675875427442604, 0.05058952415349025, -0.08823214890717793]]	0.7091172891589715	[[-0.48263096005447687, -0.482630960054477, -0.6825432493301888], [0.5, 0.5000000000000001, -0.7071067811865475], [0.6825432493301888, -0.6825432493301887, 0.0]]
