4	[[0.8489524140446696, -0.5135124485683378, 0.12483895166604869], [0.522794976890395, 0.7815435453534784, -0.34040431673891397], [0.0772347773085365, 0.35425224329800037, 0.9319550081910795]]	0.7682158992657773	0.23178410073422276	[[0.6521787421891784, -0.3944884274610968, 0.09590326751753052], [0.40161941330348594, 0.6003941775090862, -0.2615040082975372], [0.05933298390466943, 0.27214220565209235, 0.715942654692755]]	0.8851832766054566	0.19187122664751444	[[0.7189903491662029, -0.4607458203943246, 0.05522872236510081], [0.5065922296671964, 0.6676759185583522, -0.2957090748524107], [0.02569181723453957, 0.2702273646702541, 0.8029734091488402]]	[[-0.03248813037996998, -0.006193188592912313, -0.055276629918642406], [0.043822859030482504, -0.024133357727485084, 0.005611133609182824], [-0.042675116011323545, -0.0433507967971032, -0.02197757865060481]]	0.4399182034160122	[[0.678963931295323, -0.6789639312953228, 0.0], [0.7071067811865475, 0.7071067811865476, 0.0], [0.0, 0.0, 0.9601999999999999]]
4	[[0.8787972042104137, -0.3840163418041313, 0.28327887866788265], [-0.395223040501579, -0.9183905790867732, -0.018907472103605397], [0.2674214316928388, -0.09534250611366366, -0.9588511794847616]]	0.6638266534861547	0.3361733465138454	[[0.5833690071639878, -0.25492028306383174, 0.188048070029411], [-0.2623595883567862, -0.6096521447083846, -0.012551283932419194], [0.1775214740711335, -0.0632908967684166, -0.6365109696686215]]	0.831262328203237	0.2782067545965596	[[0.6537311257613494, -0.2755743135545281, 0.173209688019715], [-0.3248855275711465, -0.8535182266394127, -0.028752756316445204], [0.16328307752155669, -0.050474540122820655, -0.7568971153020319]]	[[-0.07677988422909456, 0.04364400480166412, -0.06226937219255137], [0.003648497235758264, -0.09009473566782268, -0.013035687035164424], [-0.05901428439887538, 0.02878009348595477, 0.04015974855689089]]	0.4856214457216588	[[0.6519411668297691, -0.651941166829769, 0.0], [-0.7071067811865475, -0.7071067811865476, 0.0], [0.0, 0.0, -0.9219840399999999]]
4	[[-0.8305561570912853, 0.32773595720904825, 0.4502950280316503], [-0.5100865793185324, -0.772219296347621, -0.37879947194723407], [0.22358030216652452, -0.5443036842615101, 0.808545204538665]]	0.61254915687008	0.38745084312991984	[[-0.5087564737595205, 0.20075438426441114, 0.2758278397635765], [-0.3124531040923103, -0.4730222788965417, -0.2320332971641098], [0.13695392558486236, -0.33341276287566624, 0.4952736833315056]]	0.7752046498478694	0.37853558656759145	[[-0.6138107777109986, 0.24379137581117483, 0.197791327895246], [-0.566507082607791, -0.6258900229043358, -0.3042393932136954], [0.17829537643256738, -0.2737917300690329, 0.5933087365941874]]	[[0.03004021722594347, -0.010271062139621742, -0.15127947163826597], [-0.17108559449507066, -0.027262033673410235, -0.010592281200281986], [0.004974886578685922, 0.1481550168998163, -0.0334792655763824]]	0.6806403993328031	[[-0.6519411668297691, 0.651941166829769, 0.0], [-0.7071067811865475, -0.7071067811865476, 0.0], [0.0, 0.0, 0.9219840399999999]]
4	[[0.08740825448676931, -0.06334395238859675, -0.994156597696443], [0.7119981850616444, -0.6940087028176986, 0.10681996481098455], [-0.6967197295301035, -0.717174639895393, -0.015561310176609944]]	0.7810105130668001	0.2189894869332001	[[0.06826676568298513, -0.0494722927546969, -0.7764467544356434], [0.5560780678176254, -0.5420280930604751, 0.08342751552280456], [-0.5441454334240683, -0.5601209334631982, -0.012153546845025748]]	0.9114107511903766	0.1499262030402958	[[0.05425359837781227, -0.05425359837781228, -0.8485859161086448], [0.6841992727668049, -0.6721501056019925, 0.09026029309167329], [-0.615270926377914, -0.6255133759912341, 0.0]]	[[-0.025411224504213747, 0.0034787608520461376, 0.05749909539873933], [0.03527647207358696, -0.03962311243425494, -0.00709657127883572], [0.019726925682273685, 0.02812730129051383, 0.014182745397570522]]	0.17724288544058361	[[0.0, 0.0, -0.8852890752079998], [0.7071067811865475, -0.7071067811865476, 0.0], [-0.6259939083899442, -0.6259939083899441, 0.0]]
4	[[0.034229894132735264, 0.2773841392786001, 0.9601491309293217], [-0.1827544195208179, -0.9427759796974285, 0.2788803941677556], [0.9825625356654255, -0.18501754344446375, 0.018422055382213542]]	0.8456934438338625	0.15430655616613753	[[0.028947997051181413, 0.23458194801141105, 0.8119918251297082], [-0.15455421442041897, -0.7972994650341619, 0.2358473209614742], [0.830946694569026, -0.15646812348522984, 0.015579411458682309]]	0.9070062020984587	0.1411854404475203	[[0.00908843983735034, 0.2301635903824662, 0.8404054678950474], [-0.1657108724416875, -0.8260256399898734, 0.2543003869999396], [0.8726136888391322, -0.15617062160079032, 0.0]]	[[-0.02195828643821418, -0.021425544306966787, -0.030455748797292494], [4.851952459792967e-05, 0.029078020785145, 0.001354139846122422], [-0.01857662495899694, 0.01164143780035935, -0.016708918487068975]]	0.3554921190836267	[[0.0, 0.0, 0.9601999999999999], [0.0, -1.0, 0.0], [0.9601999999999999, 0.0, 0.0]]
4	[[0.8592155572171323, 0.2624339665249735, -0.4391776855101157], [-0.4266000482917053, 0.8413623931712975, -0.33184593135155627], [0.2824199444684594, 0.4724804086637203, 0.8348660002631537]]	0.6697184964814816	0.3302815035185184	[[0.5754325511329562, 0.1757568814867768, -0.29412541922805163], [-0.2857019429408484, 0.5634759569507425, -0.2222433582082613], [0.18914186058580015, 0.31642886890722277, 0.5591252024597475]]	0.7832924564713356	0.38422765630350175	[[0.5453514473963894, 0.2052140993988228, -0.2833200859366557], [-0.32475448099473325, 0.7529496428690339, -0.27167784177996196], [0.2426039408313445, 0.338810895024681, 0.5307299878638835]]	[[-0.12766561705460566, -0.0003484469020399242, 0.06068448217395856], [0.00939811876246696, 0.09391682713928644, -0.011745427041583215], [0.021386528772146765, -0.03127944491210506, -0.12321425230664088]]	0.5397149386101697	[[0.6010793508360244, 0.4250272850073607, -0.4250272850073606], [-0.7071067811865475, 0.5000000000000001, -0.5], [0.0, 0.6010793508360243, 0.6010793508360244]]
4	[[0.3802729664721569, 0.7767473726770865, -0.5020517802076895], [0.4287143634067757, 0.332951791095048, 0.839849450446521], [0.8195098935212374, -0.5346088512602871, -0.20639019011321075]]	0.6746705497279532	0.325329450272047	[[0.25655897133644956, 0.5240485769237933, -0.33871955054461944], [0.28924095523591886, 0.2246327679310027, 0.5666216904214737], [0.5528991903694696, -0.36068484756920743, -0.13924538302213668]]	0.8218057208768763	0.2839072464316499	[[0.3472140843730085, 0.5458061854997841, -0.4198044093430592], [0.4073906998169287, 0.29457929604027955, 0.714628039797274], [0.6152516304920654, -0.4198044093430592, -0.07437533780197493]]	[[0.034703585031369305, -0.0925292490423286, -0.007215384191959905], [0.0550707833471522, 0.020957609342166568, 0.024434956745022343], [-0.05822628831888718, 0.01954020305405987, 0.09523730116592782]]	0.397593083061758	[[0.4250272850073606, 0.4250272850073607, -0.6010793508360244], [0.5, 0.5000000000000001, 0.7071067811865475], [0.6010793508360244, -0.6010793508360243, 0.0]]
4	[[-0.5446221603179724, 0.8109226453022452, -0.2139887049042392], [-0.8354447797583356, -0.5021691245819775, 0.22328947644507607], [0.07361197229480154, 0.30038414347728, 0.9509735242804028]]	0.686054592200362	0.31394540779963814	[[-0.3736405341002266, 0.5563372047288707, -0.14680793367856143], [-0.5731607276830261, -0.3445154339807013, 0.153188770705159], [0.050501831633774405, 0.20607992105676037, 0.6524197533935329]]	0.8160079907546224	0.2754824864331844	[[-0.489261661339605, 0.6273414648052139, -0.11879063120987737], [-0.7356101029424706, -0.4071302285701437, 0.09575103473171767], [0.07607758642941936, 0.12410664943779291, 0.7561246608996763]]	[[-0.0448456265780946, -0.034377893645294394, 0.05582586192321469], [-0.053880486825433005, 0.0026437897990033606, -0.08645496229888046], [0.01600962882165343, -0.12100921193565059, -0.01987733390921723]]	0.40468498510499745	[[-0.6519411668297691, 0.651941166829769, 0.0], [-0.7071067811865475, -0.7071067811865476, 0.0], [0.0, 0.0, 0.9219840399999999]]
4	[[-0.3195682178843842, -0.5708200961323295, -0.7563336379995778], [0.910087742671785, 0.03735879733279218, -0.41272826520656647], [0.2638493031197415, -0.8202248094963509, 0.507557688474819]]	0.6090500806077713	0.3909499193922287	[[-0.19463304886216604, -0.34765802556193104, -0.4606450631900118], [0.5542890130343954, 0.0227533785269465, -0.2513721831931649], [0.16069743933338287, -0.49955798634024634, 0.3091280510786826]]	0.7434634354290403	0.40620205963689726	[[-0.2580196505806, -0.3846644737517833, -0.49615857181520695], [0.7835360246141095, 0.03279222969198958, -0.23004696166476635], [0.19555247108113613, -0.49615857181520695, 0.29598724129989873]]	[[-0.0204323654583397, 0.039719395930693464, 0.06614783302250325], [0.10691906490548385, 0.0050173298834545535, 0.07680141228437562], [-0.0006098382518251143, 0.11364858287708018, -0.08136334145201274]]	0.712292947483567	[[0.0, 0.0, -0.8500545700147214], [1.0, 1.7938038903913487e-16, 0.0], [1.6973333867488024e-16, -0.8500545700147214, 0.0]]
4	[[-0.30792515101507295, 0.09349718223056193, 0.9468053539599837], [0.3027085282091916, -0.9338174967034747, 0.1906631317268273], [0.9019698710720718, 0.34531602882779927, 0.2592434992682147]]	0.6887547643716688	0.3112452356283312	[[-0.2120849148314971, 0.06439662971662571, 0.652116698472543], [0.2084919410200164, -0.6431712499081433, 0.13132014036687548], [0.6212360460205893, 0.2378380600690513, 0.17855519525336613]]	0.8338254195236776	0.277474394248112	[[-0.23933546417930185, 0.07415795786783214, 0.7302466294791009], [0.24631545098156304, -0.8489032615314871, 0.11846434425946147], [0.6681696309393147, 0.25474232156074744, 0.16517750631146974]]	[[0.017420354047733087, -0.003802369329847897, -0.0592237419938465], [-0.006090614545861135, -0.07026249558416196, -0.04051542154035852], [-0.08391577520507298, -0.03319096104484266, -0.05098631322463558]]	0.47316468861444055	[[0.0, 0.0, 0.9601999999999999], [0.0, -1.0, 0.0], [0.9601999999999999, 0.0, 0.0]]
4	[[0.04673222253661188, -0.9725397674033924, -0.22799671093185395], [-0.8377629715199755, -0.16246744520517667, 0.5213036857710898], [-0.5440306084466285, 0.16664552219444034, -0.8223502702654952]]	0.5936157751363418	0.40638422486365827	[[0.02774098450491492, -0.5773149478780822, -0.13534244428834888], [-0.49730931571935527, -0.096443238419892, 0.3094540915104373], [-0.322945151330941, 0.09892341083045314, -0.4881600931172321]]	0.7655037351215811	0.38653981629445033	[[-0.010465241377573029, -0.8106584947425803, -0.12837788198998606], [-0.6880360605723606, -0.14974730680615364, 0.27356158443287076], [-0.27526260308832196, 0.03428305399102474, -0.5901189487168662]]	[[-0.04623893227988246, -0.0661756702410097, 0.046154451823783554], [-0.0467253767272645, -0.025377870665929975, -0.1254983341575455], [0.14119485969803858, -0.09328471569010569, 0.039393254749612146]]	0.641608543800291	[[1.7676873430002108e-16, -0.8852890752079998, 0.0], [-1.0, -1.7938038903913487e-16, 0.0], [0.0, 0.0, -0.8852890752079998]]
4	[[0.5319609947059123, -0.8460851799387872, 0.03402011756955908], [-0.703274286200726, -0.4190807785627857, 0.5742617690636116], [-0.47161719485230363, -0.3294103357928521, -0.8179645788128509]]	0.6226508977871534	0.3773491022128465	[[0.33122599094138355, -0.5268156968932912, 0.021182656747510478], [-0.43789436569350154, -0.26094102301745775, 0.3575646060722968], [-0.29365286978664573, -0.2051076413217871, -0.5093063793559124]]	0.7630139217409686	0.4118232465619328	[[0.4855619005575697, -0.6396612173969245, 0.09626492193711443], [-0.5088154626798941, -0.367130506129504, 0.33911410252036667], [-0.27256627923762033, -0.11196413530337253, -0.5747240898367987]]	[[0.07966825577378486, 0.00591355387508263, 0.07030709861227637], [0.0277926084937022, -0.047366037752054314, -0.09905562199876597], [0.08728420616711036, 0.13938053687194094, 0.04939427128839428]]	0.6708235603665298	[[0.6519411668297691, -0.651941166829769, 0.0], [-0.7071067811865475, -0.7071067811865476, 0.0], [0.0, 0.0, -0.9219840399999999]]
4	[[-0.42203838922340475, -0.825029846081567, 0.3757783270710803], [0.2588054115689476, 0.28760896992378115, 0.9221175843470338], [-0.8688517462515349, 0.4864224845687207, 0.09214016247897017]]	0.6779272998233034	0.32207270017669687	[[-0.28611134562799906, -0.5593102558277123, 0.25475038660341565], [0.1754512538445954, 0.19497797238539066, 0.6251286840759718], [-0.5890183182830648, 0.32975908153701516, 0.06246433155464869]]	0.8221629080856208	0.29386098727419335	[[-0.2645627893824497, -0.5854917806322717, 0.31564145641710284], [0.2625622190964354, 0.23476694611953955, 0.8291986554901297], [-0.6812366077306302, 0.35052078602509995, 0.0236274988188171]]	[[0.08242152002523591, 0.09281715687958153, 0.006690454236793901], [0.049782009292613436, -0.0016944809845063171, 0.07106778074648455], [0.033101070662801414, -0.04939773844615257, -0.0521267251163746]]	0.5166720671819653	[[-0.4250272850073606, -0.4250272850073607, 0.6010793508360244], [0.5, 0.5000000000000001, 0.7071067811865475], [-0.6010793508360244, 0.6010793508360243, 0.0]]
4	[[0.22433838825039393, -0.7661379269479729, -0.6022499185961573], [-0.9416906372873723, -0.011392912655017143, -0.3362869982418849], [0.2507808429735371, 0.642575192824231, -0.724020780340167]]	0.554207262617867	0.4457927373821329	[[0.12432996405235508, -0.4245992032815635, -0.33377127879700963], [-0.5218917903239094, -0.006314034935781428, -0.18637269674961449], [0.1389845645013652, 0.3561198386412653, -0.40125757475077606]]	0.7585571006204288	0.4111395742389346	[[0.20546540177776795, -0.5153309224578358, -0.37235275970951304], [-0.8188542058508177, 0.05338911415574657, -0.20326028931557788], [0.17278233783522146, 0.372352759709513, -0.427655140637403]]	[[0.03529192442868907, 0.06582844208316442, 0.08448819238967735], [-0.10452808634870454, 0.06203128894695805, 0.05183260104713365], [-0.017449251301931888, -0.11507721548984867, 0.12155596328637448]]	0.7323074704967447	[[-1.6973333867488024e-16, -0.8500545700147214, 0.0], [-1.0, 1.7938038903913487e-16, 0.0], [0.0, 0.0, -0.8500545700147214]]
