4	[[0.08740825448676931, -0.06334395238859675, -0.994156597696443], [0.7119981850616444, -0.6940087028176986, 0.10681996481098455], [-0.6967197295301035, -0.717174639895393, -0.015561310176609944]]	0.9282033078535036	0.07179669214649649	[[0.0811326309483201, -0.05879606613961034, -0.9227794425062232], [0.6608790705599092, -0.6441811736345069, 0.09915064468235069], [-0.6466975575966404, -0.6656838730595491, -0.014444059580463742]]	0.9658589610683416	0.05618627888828192	[[0.0672780986536109, -0.05784053361617123, -0.9423009711192654], [0.6800651745939967, -0.6726587460504554, 0.09011901677600562], [-0.6804055221391146, -0.7010233423090158, -0.006673366235862668]]	[[-0.017145947213777293, 0.0033407904278413125, 0.017914087471058326], [-0.007624652712187771, -0.0023442213745657682, -0.013054003457688715], [-0.007472528019352882, -0.008333789715089458, 0.008356664644180022]]	0.11553300539398802	[[0.0, 0.0, -0.9862633826640002], [0.7071067811865475, -0.7071067811865476, 0.0], [-0.6973935259176974, -0.6973935259176973, 0.0]]
4	[[0.8787972042104137, -0.3840163418041313, 0.28327887866788265], [-0.395223040501579, -0.9183905790867732, -0.018907472103605397], [0.2674214316928388, -0.09534250611366366, -0.9588511794847616]]	0.7276399240855037	0.27236007591449635	[[0.6394479309582183, -0.27942562179795094, 0.20612502176892478], [-0.28758006318741086, -0.6682576512475416, -0.013757831566116211], [0.19458651025581394, -0.0693750139106679, -0.6976983994495878]]	0.8612365483804697	0.2315768055876298	[[0.7042756916805262, -0.3188831878463703, 0.15655071915548344], [-0.358457054453349, -0.840860612599559, -0.025739412916541454], [0.1415215406176848, -0.06178680162096676, -0.8257976802299984]]	[[-0.05257657920005742, 0.011845720890714322, -0.0874194045375337], [-0.018076527211334566, -0.049909080201725756, -0.009455606903432324], [-0.08879157017641924, 0.02032564925830875, 0.0]]	0.46992525198972807	[[0.7006163611791213, -0.7006163611791212, 0.0], [-0.7071067811865475, -0.7071067811865476, 0.0], [0.0, 0.0, -0.9908211600000001]]
4	[[-0.3195682178843842, -0.5708200961323295, -0.7563336379995778], [0.910087742671785, 0.03735879733279218, -0.41272826520656647], [0.2638493031197415, -0.8202248094963509, 0.507557688474819]]	0.6846154706931679	0.31538452930683214	[[-0.21878134590549447, -0.3907922687947541, -0.5177977095801569], [0.6230601483213267, 0.025576410620520226, -0.2825601555527681], [0.18063531484738615, -0.5615385940275582, 0.34748184579912444]]	0.78658990319072	0.3253974487399088	[[-0.24427857064858077, -0.4094097064875018, -0.5769407911930545], [0.7909484541444913, 0.05998219157183653, -0.2338969831054244], [0.20744387556355656, -0.5991197988450971, 0.31233617365315447]]	[[0.007090562919927906, 0.039591617668544736, 0.01798361190091826], [0.07508262474123119, 0.030596138794513728, 0.09075090306748243], [-9.732223433986387e-05, 0.04606075465126429, -0.08690357938795892]]	0.7040143836645237	[[-0.4908632855518728, -0.4908632855518729, -0.6941855156984761], [0.5, 0.5000000000000001, -0.7071067811865475], [0.6941855156984761, -0.694185515698476, 0.0]]
4	[[-0.8305561570912853, 0.32773595720904825, 0.4502950280316503], [-0.5100865793185324, -0.772219296347621, -0.37879947194723407], [0.22358030216652452, -0.5443036842615101, 0.808545204538665]]	0.6916190837315093	0.30838091626849073	[[-0.5744284883550381, 0.2266684424307911, 0.31143263469610427], [-0.3527856126120232, -0.5340816021797324, -0.2619849437061256], [0.15463240372482576, -0.37645081538063035, 0.5592052935185372]]	0.8201817672069143	0.32433582654364107	[[-0.6766473225173084, 0.27284114581724456, 0.2094861667173231], [-0.5674061812365596, -0.6314850281598495, -0.2954984719475552], [0.19090338291206393, -0.2986740982716508, 0.6582497221757687]]	[[0.004559694170405225, 0.004038089256277813, -0.1598376051381628], [-0.14904246918255598, 0.0018751589898220612, 0.015185948371173067], [0.0075268955684679485, 0.14775385938318886, -0.0049043125494293415]]	0.6371532092621227	[[-0.9817265711037458, 0.0, 0.0], [0.0, -0.7071067811865476, -0.7071067811865475], [0.0, -0.694185515698476, 0.6941855156984761]]
4	[[0.8489524140446696, -0.5135124485683378, 0.12483895166604869], [0.522794976890395, 0.7815435453534784, -0.34040431673891397], [0.0772347773085365, 0.35425224329800037, 0.9319550081910795]]	0.832455339206815	0.16754466079318509	[[0.7067149698039998, -0.4274761795598777, 0.10392285185538377], [0.43520346982291275, 0.6506000971521267, -0.28337139095835673], [0.0642945027429406, 0.294899171359412, 0.775810922469195]]	0.9220287910114495	0.13532556067381454	[[0.7768715806060053, -0.48805320697853394, 0.06666500447766127], [0.5099063338491461, 0.6690509875186784, -0.2890752605372434], [0.02353094085581678, 0.3025091971033679, 0.8611270612303672]]	[[-0.00588698734185294, -0.014579944855740323, -0.04844010319812238], [0.02787431336003654, -0.05155466272639117, 0.024787320080615988], [-0.04768174749001168, -0.02412157049778126, 0.0018377117508807377]]	0.42840947220355985	[[0.7038540899930895, -0.7038540899930894, 0.0], [0.7071067811865475, 0.7071067811865476, 0.0], [0.0, 0.0, 0.9954000000000001]]
4	[[0.22433838825039393, -0.7661379269479729, -0.6022499185961573], [-0.9416906372873723, -0.011392912655017143, -0.3362869982418849], [0.2507808429735371, 0.642575192824231, -0.724020780340167]]	0.6380661795612701	0.3619338204387299	[[0.14314273831986185, -0.48884670006468456, -0.384275304699736], [-0.6008609472625713, -0.0072694322518620375, -0.21457336020432707], [0.16001477438327963, 0.41000549836620354, -0.4619731732346199]]	0.7898790556122269	0.3420974735718776	[[0.23342228683244148, -0.6207907003220702, -0.37462156350051], [-0.8246740889524156, 0.026926380750761675, -0.18647918314017178], [0.18307156904642835, 0.37462156350051, -0.5344058082417817]]	[[0.056222092583651156, -0.01563439811569603, 0.1010830334427632], [-0.08085237769298989, 0.03592540383937927, 0.07914687344579888], [-0.015014966367147296, -0.13293512296733823, 0.037483041976936825]]	0.7496564012978644	[[-1.9602474294843827e-16, -0.9817265711037458, 0.0], [-1.0, 1.7938038903913487e-16, 0.0], [0.0, 0.0, -0.9817265711037458]]
4	[[0.5319609947059123, -0.8460851799387872, 0.03402011756955908], [-0.703274286200726, -0.4190807785627857, 0.5742617690636116], [-0.47161719485230363, -0.3294103357928521, -0.8179645788128509]]	0.6747100759920841	0.325289924007916	[[0.3589194431628507, -0.5708621960522752, 0.022953716110616834], [-0.4745062470857706, -0.282758023950919, 0.38746020184425806], [-0.3182048733779713, -0.2222564726953732, -0.5518889431296519]]	0.7976328669323317	0.3579101617741819	[[0.5256752409477821, -0.7209687809589135, 0.09173186472514898], [-0.512608357749846, -0.3936986437166522, 0.32431632453482345], [-0.3053983318711965, -0.10472348609249439, -0.6386935690596034]]	[[0.1013656676443303, -0.04610343321538098, 0.06459630081476664], [0.04834632739222806, -0.05942604083538368, -0.13373373669301766], [0.0707790433534305, 0.15802502444310035, 0.013741862987988025]]	0.6465263903208315	[[0.7006163611791213, -0.7006163611791212, 0.0], [-0.7071067811865475, -0.7071067811865476, 0.0], [0.0, 0.0, -0.9908211600000001]]
4	[[-0.5446221603179724, 0.8109226453022452, -0.2139887049042392], [-0.8354447797583356, -0.5021691245819775, 0.22328947644507607], [0.07361197229480154, 0.30038414347728, 0.9509735242804028]]	0.753766550309746	0.2462334496902541	[[-0.41051796700511944, 0.611246364917527, -0.16129752790091864], [-0.6297303296127262, -0.3785182887082222, 0.16830813838047426], [0.055486242418149166, 0.2264195195966172, 0.7168120328327408]]	0.861766644432502	0.23361710659118629	[[-0.5480529279358378, 0.6564677753918221, -0.16795262289940757], [-0.7255219911237127, -0.3999524631085433, 0.10881227435220366], [0.10682390099378897, 0.16795262289940754, 0.7766548300473417]]	[[-0.0787157163550386, -0.042358311544621816, 0.016455705272375543], [-0.005563546662721055, 0.032800138320074404, -0.08361114850095974], [0.04338755863923956, -0.09090841246573927, -0.04286243291593149]]	0.38277268113719154	[[-0.7006163611791213, 0.7006163611791212, 0.0], [-0.7071067811865475, -0.7071067811865476, 0.0], [0.0, 0.0, 0.9908211600000001]]
4	[[-0.30792515101507295, 0.09349718223056193, 0.9468053539599837], [0.3027085282091916, -0.9338174967034747, 0.1906631317268273], [0.9019698710720718, 0.34531602882779927, 0.2592434992682147]]	0.752987943695083	0.24701205630491707	[[-0.23186392627483768, 0.07040225098907528, 0.7129330165578235], [0.22793587219520425, -0.7031533166292395, 0.1435670394974484], [0.6791724384934784, 0.26001880647199654, 0.19520722943029079]]	0.8629086741278771	0.2449443133854195	[[-0.2664626588944849, 0.08377179803474823, 0.761060622164748], [0.2430789683351777, -0.8495575342295676, 0.12012127288465037], [0.6961579728254759, 0.27516006919393676, 0.18269086085973668]]	[[-0.0007513751014418974, 0.0030922684814815166, -0.05594593047803702], [-0.018130846389016884, -0.0437583162717589, -0.04440359731881496], [-0.08215965272461806, -0.022816127396963252, -0.04101260337006975]]	0.46694087392182354	[[0.0, 0.0, 0.9954000000000001], [0.0, -1.0, 0.0], [0.9954000000000001, 0.0, 0.0]]
4	[[0.3802729664721569, 0.7767473726770865, -0.5020517802076895], [0.4287143634067757, 0.332951791095048, 0.839849450446521], [0.8195098935212374, -0.5346088512602871, -0.20639019011321075]]	0.7885774024477652	0.21142259755223497	[[0.2998746681217196, 0.612525425503823, -0.3959066887304561], [0.33807445908736244, 0.2625582585620639, 0.6622862980803006], [0.646246983113222, -0.42158045925242094, -0.1627546400101762]]	0.8833286809718455	0.20111898422296717	[[0.34313859456568874, 0.6575685125399484, -0.4434767367904251], [0.40357312931444905, 0.3021382744251659, 0.7215766416644587], [0.7043862317025751, -0.4559044961837311, -0.09016719398950752]]	[[0.007232576682587505, -0.028554719615248983, 6.348670328487938e-19], [0.024877436172657467, 0.008032407969963852, -0.020286465613396018], [-0.01951036158491698, 0.01633083523589176, 0.09214318040872337]]	0.36758408907523077	[[0.4908632855518728, 0.4908632855518729, -0.6941855156984761], [0.5, 0.5000000000000001, 0.7071067811865475], [0.6941855156984761, -0.694185515698476, 0.0]]
4	[[0.034229894132735264, 0.2773841392786001, 0.9601491309293217], [-0.1827544195208179, -0.9427759796974285, 0.2788803941677556], [0.9825625356654255, -0.18501754344446375, 0.018422055382213542]]	0.8682656129897688	0.13173438701023105	[[0.029720640011734273, 0.24084310972437317, 0.8336644737279415], [-0.1586793780918323, -0.8185799639240178, 0.2421422563928947], [0.8531252623303225, -0.16064437077266852, 0.01599523720896911]]	0.9345683936270454	0.12237586893277323	[[0.012216405649327055, 0.24453683283715572, 0.8892927632665528], [-0.16312498679640028, -0.8280538055312509, 0.2519898478884954], [0.9236582397295096, -0.16663143438627495, 0.0]]	[[-0.019773771524327168, -0.014697616626066206, -0.008032267668467076], [0.0076715174834136625, 0.053034827364738975, -0.008642954102941271], [0.005386349134556399, 0.00628011398343959, -0.01721667070586378]]	0.3403137032682273	[[0.0, 0.0, 0.9954000000000001], [0.0, -1.0, 0.0], [0.9954000000000001, 0.0, 0.0]]
4	[[0.8592155572171323, 0.2624339665249735, -0.4391776855101157], [-0.4266000482917053, 0.8413623931712975, -0.33184593135155627], [0.2824199444684594, 0.4724804086637203, 0.8348660002631537]]	0.7516497802974841	0.248350219702516	[[0.6458291848104377, 0.1972584332810936, -0.3301078108252361], [-0.32065383257335645, 0.6324098579777712, -0.24943192139301135], [0.2122808892113452, 0.355139795366951, 0.6275268456756388]]	0.8220852733238359	0.2596131040927637	[[0.670316781711999, 0.2647918380764875, -0.29555519595486784], [-0.3337552033865547, 0.6829733376474989, -0.3312760163382728], [0.1401589357388154, 0.39037451681537716, 0.6863310440151124]]	[[-0.036031674486939086, 0.049048738976346234, 0.06548631167544527], [0.016946413913293427, -0.008698295307123832, -0.058470363161725825], [-0.09201434150164055, 0.0019553309189049572, 0.0]]	0.4852615204614798	[[0.6941855156984761, 0.4908632855518729, -0.4908632855518728], [-0.7071067811865475, 0.5000000000000001, -0.5], [0.0, 0.694185515698476, 0.6941855156984761]]
4	[[0.04673222253661188, -0.9725397674033924, -0.22799671093185395], [-0.8377629715199755, -0.16246744520517667, 0.5213036857710898], [-0.5440306084466285, 0.16664552219444034, -0.8223502702654952]]	0.6424652020861257	0.35753479791387416	[[0.030023826795918064, -0.6248229582016143, -0.14647995296380548], [-0.5382335567978543, -0.10437968001616026, 0.33491947782716536], [-0.3495207347967011, 0.10706394909339903, -0.5283314325717016]]	0.8131335682865651	0.31730368841934004	[[-0.03307733329918512, -0.904528790342558, -0.15801093412349002], [-0.6769344777903894, -0.1455745782497032, 0.2864266491460629], [-0.32743943416076604, 0.04469120359067489, -0.6394581066995914]]	[[-0.07107687216434205, -0.1137240589732515, 0.027380844994128944], [0.004278716620004251, -0.013466844799616079, -0.13746287702592155], [0.11493011574255213, -0.0908138645102684, 0.029222502942812013]]	0.6098983830222224	[[1.9693062381800106e-16, -0.9862633826640002, 0.0], [-1.0, -1.7938038903913487e-16, 0.0], [0.0, 0.0, -0.9862633826640002]]
4	[[-0.42203838922340475, -0.825029846081567, 0.3757783270710803], [0.2588054115689476, 0.28760896992378115, 0.9221175843470338], [-0.8688517462515349, 0.4864224845687207, 0.09214016247897017]]	0.7704804142346027	0.22951958576539744	[[-0.3251723129517533, -0.6356693375648363, 0.289529841102112], [0.19940450071179958, 0.22159707828446235, 0.7104735383607138], [-0.6694332533603404, 0.37477899740353254, 0.07099219055444052]]	0.8801670959850054	0.19484867066969963	[[-0.2995286097390205, -0.6828419296432973, 0.35527897605085756], [0.25698172887606086, 0.23371095120723753, 0.8291207950083339], [-0.7932556110410787, 0.4013621454545352, 0.02223527675714567]]	[[0.07193569369793296, 0.04332219408327145, 0.024531257178601246], [0.029189721350216212, -0.019433000629815688, 0.0175032386368969], [-0.02852089270136434, -0.026770920210126843, -0.05886346247555606]]	0.4799718066179464	[[-0.4908632855518728, -0.4908632855518729, 0.6941855156984761], [0.5, 0.5000000000000001, 0.7071067811865475], [-0.6941855156984761, 0.694185515698476, 0.0]]
