4	[[0.3802729664721569, 0.7767473726770865, -0.5020517802076895], [0.4287143634067757, 0.332951791095048, 0.839849450446521], [0.8195098935212374, -0.5346088512602871, -0.20639019011321075]]	0.5947291052402163	0.40527089475978395	[[0.2261594010970286, 0.4619542699499325, -0.2985848060271769], [0.2549689097525406, 0.19801612080608536, 0.49948291220054675], [0.48738638570939063, -0.3179474437635304, -0.12274625309638795]]	0.7746408996736326	0.3447177335935963	[[0.3400288494359078, 0.47324739916046427, -0.3828661504170982], [0.40313507147679234, 0.3126461903852705, 0.7263672208050673], [0.5460352737359176, -0.41281672401136116, -0.05565075267542162]]	[[0.04545385656635506, -0.12845288442924438, 0.006043692285735185], [0.07103539130435896, 0.05472811538345523, 0.07578548692076864], [-0.08879060747281642, 0.0013131575023948407, 0.104227529877688]]	0.437920423485385	[[0.37822623428620883, 0.37822623428620894, -0.5348926701728605], [0.5, 0.5000000000000001, 0.7071067811865475], [0.5348926701728605, -0.5348926701728604, 0.0]]
4	[[-0.8305561570912853, 0.32773595720904825, 0.4502950280316503], [-0.5100865793185324, -0.772219296347621, -0.37879947194723407], [0.22358030216652452, -0.5443036842615101, 0.808545204538665]]	0.5595370414986407	0.4404629585013592	[[-0.4647269349373381, 0.18338040788947593, 0.2519567477863771], [-0.28541233550005335, -0.4320853004665101, -0.21195233585460263], [0.12510146081162932, -0.30455807316849565, 0.452410991665478]]	0.7430679141208569	0.40451351252955675	[[-0.5322471048731637, 0.21569062716119816, 0.23251587996929782], [-0.4560232261025864, -0.6754568602217741, -0.2577276960177475], [0.1380264027077306, -0.34844239078961714, 0.518974695706658]]	[[0.08491252633689234, -0.02783944694453175, -0.10208390724917332], [-0.0769942555873214, -0.10164547844087153, 0.023746037472165766], [-0.02810894606165968, 0.0560122125228807, -0.08182930290230933]]	0.6836492076007042	[[-0.6150010034839041, 0.615001003483904, 0.0], [-0.7071067811865475, -0.7071067811865476, 0.0], [0.0, 0.0, 0.8697427600000002]]
4	[[0.8489524140446696, -0.5135124485683378, 0.12483895166604869], [0.522794976890395, 0.7815435453534784, -0.34040431673891397], [0.0772347773085365, 0.35425224329800037, 0.9319550081910795]]	0.7032472106562861	0.296752789343714	[[0.5970234171568345, -0.36112619709296323, 0.08779264454040368], [0.36765410924328784, 0.5496183182762582, -0.23938838624200018], [0.054315141707887725, 0.24912690196805082, 0.6553947599675329]]	0.8572446470578391	0.23991608807962603	[[0.6775038991746335, -0.4244965797637461, 0.05401567612304411], [0.493939690564116, 0.6654198486561957, -0.31380824851093936], [0.02211457620170411, 0.26158664395487163, 0.750456767469263]]	[[-0.05025601337198991, 0.0157092179690254, -0.053001846936988437], [0.045776495116098215, -0.00455417204067933, -0.021998470151124144], [-0.04409452321274308, -0.042094195320570515, -0.048456674601284534]]	0.4497995780150516	[[0.6594477841345744, -0.6594477841345743, 0.0], [0.7071067811865475, 0.7071067811865476, 0.0], [0.0, 0.0, 0.9326000000000001]]
4	[[-0.42203838922340475, -0.825029846081567, 0.3757783270710803], [0.2588054115689476, 0.28760896992378115, 0.9221175843470338], [-0.8688517462515349, 0.4864224845687207, 0.09214016247897017]]	0.5849994260506031	0.4150005739493968	[[-0.24689221546701284, -0.48264198643233414, 0.21983010565883782], [0.15140101722662447, 0.16825108233241712, 0.5394382575941834], [-0.5082777728802123, 0.28455687429081, 0.053901942166406876]]	0.7724282497488586	0.36942504486782074	[[-0.2418364533959436, -0.5146160151764743, 0.2898070883880172], [0.2709020935867009, 0.2363980724819448, 0.8270171941541785], [-0.5994985461293953, 0.31590774032838476, 0.02610065194036765]]	[[0.08415792091871843, 0.12266034482288089, -0.0004547070850515252], [0.07099348250296572, 0.014240779231646336, 0.11474752241435367], [0.07162708751891729, -0.059818728065523345, -0.04507101249483872]]	0.5541527970588166	[[-0.37822623428620883, -0.37822623428620894, 0.5348926701728605], [0.5, 0.5000000000000001, 0.7071067811865475], [-0.5348926701728605, 0.5348926701728604, 0.0]]
4	[[0.8592155572171323, 0.2624339665249735, -0.4391776855101157], [-0.4266000482917053, 0.8413623931712975, -0.33184593135155627], [0.2824199444684594, 0.4724804086637203, 0.8348660002631537]]	0.5913382665304113	0.4086617334695887	[[0.5080870381807404, 0.15518724684357785, -0.25970257124838997], [-0.25226493305860687, 0.49752977910179347, -0.19623319780059909], [0.1670057203955938, 0.2793957458287848, 0.4936882133807913]]	0.7563448175664906	0.4007548577994462	[[0.5409104527097651, 0.25742151625509324, -0.255934855040204], [-0.3270784404779732, 0.7366667132713285, -0.30866435176666857], [0.19189976970535808, 0.27226079324600116, 0.5457505066323427]]	[[-0.10895278116391713, 0.058930945720511656, 0.07623491138621809], [-0.004421704778927282, 0.10030662750087767, -0.057674401358393614], [-0.021707091670777244, -0.08509731524850128, -0.08569606602915802]]	0.5843934345501524	[[0.5348926701728605, 0.37822623428620894, -0.37822623428620883], [-0.7071067811865475, 0.5000000000000001, -0.5], [0.0, 0.5348926701728604, 0.5348926701728605]]
4	[[-0.30792515101507295, 0.09349718223056193, 0.9468053539599837], [0.3027085282091916, -0.9338174967034747, 0.1906631317268273], [0.9019698710720718, 0.34531602882779927, 0.2592434992682147]]	0.6340464752099229	0.3659535247900772	[[-0.1952388566295902, 0.059281558835347636, 0.600318597388211], [0.19193127532702148, -0.5920836922741921, 0.12088928662388007], [0.5718908174987957, 0.2189464109117542, 0.16437242693209778]]	0.8103964979007013	0.29817733953252545	[[-0.209381460495663, 0.0696115432236488, 0.7163964280347829], [0.25237302148645097, -0.845190725116991, 0.12136962951725414], [0.6563946259700167, 0.2433027528361893, 0.1397699172720142]]	[[0.040160003502496724, -0.006158245819582263, -0.05089131500802174], [0.0070590903410464485, -0.08842829611009541, -0.03314310471294681], [-0.07455859875873747, -0.03654014759483688, -0.07032010663847002]]	0.4793151830910202	[[0.0, 0.0, 0.9326000000000001], [0.0, -1.0, 0.0], [0.9326000000000001, 0.0, 0.0]]
4	[[0.08740825448676931, -0.06334395238859675, -0.994156597696443], [0.7119981850616444, -0.6940087028176986, 0.10681996481098455], [-0.6967197295301035, -0.717174639895393, -0.015561310176609944]]	0.6760332983818808	0.32396670161811925	[[0.059090890586493486, -0.042822621065807864, -0.6720829638488348], [0.48133448148913627, -0.4691729924715792, 0.07221385314420632], [-0.4710057368019677, -0.4848339373243201, -0.010519963845837147]]	0.8657563911544324	0.22330713399518345	[[0.051000860499517665, -0.05100086049951768, -0.7742357706382225], [0.6748248069263779, -0.6660431666950117, 0.09534783956384336], [-0.5573206334766722, -0.5648046745062973, 0.0]]	[[-0.024673394462055957, 0.003839571121892028, 0.08646165762581892], [0.058407827718902953, -0.06520069671379206, 0.0028677723258419066], [0.04586892520740281, 0.05609385355701769, 0.013472303740136566]]	0.2342536352783464	[[0.0, 0.0, -0.8111220979760002], [0.7071067811865475, -0.7071067811865476, 0.0], [-0.573549935849089, -0.5735499358490889, 0.0]]
4	[[0.04673222253661188, -0.9725397674033924, -0.22799671093185395], [-0.8377629715199755, -0.16246744520517667, 0.5213036857710898], [-0.5440306084466285, 0.16664552219444034, -0.8223502702654952]]	0.5532499787064875	0.44675002129351243	[[0.025854601123287337, -0.5380576056071391, -0.12613917546819742], [-0.4634923461545102, -0.08988511060026148, 0.28841125305246884], [-0.3009849225387747, 0.09219663160560562, -0.45496526951365956]]	0.7259383484196742	0.43971467084760196	[[-0.009722906553984481, -0.7482859825403659, -0.11855345768881798], [-0.6795668200406667, -0.14323297180495737, 0.27351476621661086], [-0.25627934099090693, 0.01602640124124326, -0.539835427570977]]	[[-0.04364761900019329, -0.04228207001909323, 0.04695809809016997], [-0.07140255212829706, -0.02529162296074735, -0.10491957045714273], [0.13865334039458904, -0.10494797391212292, 0.05714016944802941]]	0.668779082013656	[[1.619595572082573e-16, -0.8111220979760002, 0.0], [-1.0, -1.7938038903913487e-16, 0.0], [0.0, 0.0, -0.8111220979760002]]
4	[[0.034229894132735264, 0.2773841392786001, 0.9601491309293217], [-0.1827544195208179, -0.9427759796974285, 0.2788803941677556], [0.9825625356654255, -0.18501754344446375, 0.018422055382213542]]	0.7928813633446669	0.20711863665533325	[[0.027140245127106742, 0.21993271452140342, 0.7612843519454375], [-0.14490257330692932, -0.7475095041111011, 0.22111906713782817], [0.7790555228497955, -0.14669696208892752, 0.014606504387060432]]	0.8837866251339518	0.17850450661717066	[[0.009176371999564689, 0.21807217214085442, 0.80272584228568], [-0.1673664476373289, -0.8245611568016092, 0.2561803869792735], [0.8330336838975598, -0.14870354761079868, 0.0]]	[[-0.021075550614697874, -0.027076220177865658, -0.045841117763642254], [-0.005850535980710839, 0.008651644552536294, 0.009709624601726485], [-0.03534194348124471, 0.014812482700558204, -0.016281166154277268]]	0.36803146133722614	[[0.0, 0.0, 0.9326000000000001], [0.0, -1.0, 0.0], [0.9326000000000001, 0.0, 0.0]]
4	[[0.8787972042104137, -0.3840163418041313, 0.28327887866788265], [-0.395223040501579, -0.9183905790867732, -0.018907472103605397], [0.2674214316928388, -0.09534250611366366, -0.9588511794847616]]	0.614028195582213	0.385971804417787	[[0.5396062615840139, -0.2357968614320731, 0.17394121871499263], [-0.24267809041170044, -0.5639177101163553, -0.011609720978797838], [0.16420429916236587, -0.05854298699125901, -0.5887616595709049]]	0.8069381088427463	0.316336755744182	[[0.6230180402374844, -0.24010045559184223, 0.1798422093641196], [-0.32165646940254117, -0.8588734831339854, -0.019053081625866917], [0.16341535695293646, -0.05622920967796631, -0.7156068564366336]]	[[-0.08611691378435968, 0.06977696502829313, -0.04874631326323543], [-0.002735936529116849, -0.11778912606670991, -0.0037959218435865937], [-0.05237718740130251, 0.020706291897721413, 0.05812670099843678]]	0.5015424219274244	[[0.6150010034839041, -0.615001003483904, 0.0], [-0.7071067811865475, -0.7071067811865476, 0.0], [0.0, 0.0, -0.8697427600000002]]
4	[[0.5319609947059123, -0.8460851799387872, 0.03402011756955908], [-0.703274286200726, -0.4190807785627857, 0.5742617690636116], [-0.47161719485230363, -0.3294103357928521, -0.8179645788128509]]	0.5759352822527548	0.4240647177472453	[[0.3063751056334058, -0.48729030691791825, 0.01959338601469588], [-0.4050404745241198, -0.24136340648826218, 0.33073761405261737], [-0.27162098223251396, -0.18971903472183102, -0.47109466057133487]]	0.7302239306011171	0.4554379303250834	[[0.4512415609530271, -0.5878470577939818, 0.09229855301916721], [-0.5129046160721376, -0.3525465612415857, 0.3410658168936006], [-0.24877346009975626, -0.10634834773779007, -0.5318035876683865]]	[[0.06279091247239578, 0.029984587924272787, 0.06745624904801167], [0.0006430974880513272, -0.046523747880091955, -0.0782738693059808], [0.09561270166436588, 0.13419496244550025, 0.06549372216482066]]	0.6904392759556529	[[0.6150010034839041, -0.615001003483904, 0.0], [-0.7071067811865475, -0.7071067811865476, 0.0], [0.0, 0.0, -0.8697427600000002]]
4	[[-0.5446221603179724, 0.8109226453022452, -0.2139887049042392], [-0.8354447797583356, -0.5021691245819775, 0.22328947644507607], [0.07361197229480154, 0.30038414347728, 0.9509735242804028]]	0.6302245853878563	0.3697754146121438	[[-0.3432342751794327, 0.5110633879172312, -0.13486094282595845], [-0.526517839937646, -0.31647932833425957, 0.14072251771406957], [0.046392074719073674, 0.18930947228005512, 0.5993268950544453]]	0.783486644842169	0.31492677621405596	[[-0.45869886338504656, 0.6009266838037949, -0.09748792487089092], [-0.7335696745467752, -0.4005507966328449, 0.10051675306855298], [0.07184643829346192, 0.10167763256902007, 0.7208149695204871]]	[[-0.03199467429082459, -0.03442037879059759, 0.07016936756865245], [-0.079009847103012, -0.007107994070782252, -0.07442756965996418], [0.014172441099993167, -0.13366933216778276, -0.024260086351699017]]	0.42528894534051526	[[-0.6150010034839041, 0.615001003483904, 0.0], [-0.7071067811865475, -0.7071067811865476, 0.0], [0.0, 0.0, 0.8697427600000002]]
4	[[-0.3195682178843842, -0.5708200961323295, -0.7563336379995778], [0.910087742671785, 0.03735879733279218, -0.41272826520656647], [0.2638493031197415, -0.8202248094963509, 0.507557688474819]]	0.5409738918928455	0.4590261081071544	[[-0.17287806255417618, -0.3087987689753545, -0.40915675171810617], [0.49233370811713006, 0.0202101339895566, -0.22327521592297872], [0.14273558438190168, -0.4437202074203087, 0.27457545809435935]]	0.7052266645708326	0.4703782703856135	[[-0.2378080203898968, -0.38513743666720784, -0.41096133813728764], [0.7880865832851619, 0.014919324101365289, -0.21809320309906327], [0.16497714186315218, -0.41096133813728764, 0.3186636020906486]]	[[-0.012439991988447523, 0.01742011579819701, 0.12242531069187806], [0.1462684400539406, -0.01142709593401757, 0.07297377474666962], [-0.021096422125321687, 0.16748306846207053, -0.039279613629729676]]	0.7230070614794363	[[0.0, 0.0, -0.7564524685724179], [1.0, 1.7938038903913487e-16, 0.0], [1.5104348305242078e-16, -0.7564524685724179, 0.0]]
4	[[0.22433838825039393, -0.7661379269479729, -0.6022499185961573], [-0.9416906372873723, -0.011392912655017143, -0.3362869982418849], [0.2507808429735371, 0.642575192824231, -0.724020780340167]]	0.4967844768157723	0.5032155231842277	[[0.11144782883666556, -0.38060542920756907, -0.2991884107221334], [-0.46781729056711846, -0.005659822152730497, -0.16706216048154132], [0.12458402987202702, 0.31922138098197966, -0.3596822845650371]]	0.7170685145664204	0.4650119763410235	[[0.19144163287063293, -0.4627829781610107, -0.3374561332145084], [-0.8175485530843123, 0.04666041952393775, -0.20177882550852091], [0.15263609066156386, 0.3374561332145084, -0.38944460823731397]]	[[0.030575638047698063, 0.0865904070685687, 0.09439832131098569], [-0.14229184662355066, 0.054829918478055746, 0.03936199278878788], [-0.02719095589118514, -0.1233143058011941, 0.12972789723643008]]	0.7313023356617637	[[1.619595572082573e-16, -0.8111220979760002, 0.0], [-1.0, -1.7938038903913487e-16, 0.0], [0.0, 0.0, -0.8111220979760002]]
