4	[[0.22433838825039393, -0.7661379269479729, -0.6022499185961573], [-0.9416906372873723, -0.011392912655017143, -0.3362869982418849], [0.2507808429735371, 0.642575192824231, -0.724020780340167]]	0.6118142093438748	0.3881857906561253	[[0.1372534136328939, -0.4687340700240293, -0.3684650577733209], [-0.5761397126985034, -0.0069703458481531096, -0.2057451639419838], [0.15343128316244498, 0.3931366335417448, -0.4429662012723546]]	0.7747850249735	0.3695065831294769	[[0.22597201583808385, -0.5824763549453627, -0.3614277549485583], [-0.8372108519273912, -0.014786753346363812, -0.15666427429307908], [0.14735406836290646, 0.3614277549485583, -0.5287229602593785]]	[[0.05215799209498771, 0.011115837918167826, 0.10518646327125382], [-0.10760304799938322, -0.005959695230425492, 0.10388585603802304], [-0.04694717332322079, -0.13642988187111516, 0.03223749811781071]]	0.7419212674097313	[[1.878073164182606e-16, -0.9405722461474813, 0.0], [-1.0, -1.7938038903913487e-16, 0.0], [0.0, 0.0, -0.9405722461474813]]
4	[[-0.30792515101507295, 0.09349718223056193, 0.9468053539599837], [0.3027085282091916, -0.9338174967034747, 0.1906631317268273], [0.9019698710720718, 0.34531602882779927, 0.2592434992682147]]	0.7345462414582554	0.2654537585417448	[[-0.2261852623285876, 0.06867800379439681, 0.6954723141438589], [0.22235341165342198, -0.6859321324114941, 0.1400508867946012], [0.6625385787045777, 0.2536505910907505, 0.19042633800995312]]	0.8543432956994153	0.25655835954811396	[[-0.26136627987662125, 0.08074239430894525, 0.7484973784640239], [0.2431440962077333, -0.8497645727505831, 0.11955630980672528], [0.6847830191633963, 0.2680070594316738, 0.18062388556767603]]	[[0.0017075084703363074, 0.0008637035034781745, -0.06039942802400005], [-0.015472905418826916, -0.05196385503515878, -0.043335458521144114], [-0.08580889310989422, -0.02701137469490248, -0.04085905998577951]]	0.46861547142642385	[[0.0, 0.0, 0.9847999999999999], [0.0, -1.0, 0.0], [0.9847999999999999, 0.0, 0.0]]
4	[[0.8787972042104137, -0.3840163418041313, 0.28327887866788265], [-0.395223040501579, -0.9183905790867732, -0.018907472103605397], [0.2674214316928388, -0.09534250611366366, -0.9588511794847616]]	0.708317103865673	0.2916828961343271	[[0.6224670905715706, -0.27200534306379265, 0.20065127492435003], [-0.27994323942906396, -0.6505117551962616, -0.013392485881846786], [0.18941917400828348, -0.06753272780572546, -0.6791706904908309]]	0.852322419820378	0.24251283521123151	[[0.6961970130142606, -0.3164744686004157, 0.14936373841028727], [-0.3600700890835624, -0.8405072602256412, -0.024979446379737365], [0.13580541826887735, -0.056958522829473085, -0.8172503575460757]]	[[-0.052821546609742205, 0.010831269096650827, -0.09208120093992575], [-0.02321263083448938, -0.057742379518164355, -0.008864184003706106], [-0.09212386350339294, 0.024304032693063936, 0.0]]	0.47402194876537745	[[0.6857741049892017, -0.6857741049892015, 0.0], [-0.7071067811865475, -0.7071067811865476, 0.0], [0.0, 0.0, -0.9698310399999998]]
4	[[0.5319609947059123, -0.8460851799387872, 0.03402011756955908], [-0.703274286200726, -0.4190807785627857, 0.5742617690636116], [-0.47161719485230363, -0.3294103357928521, -0.8179645788128509]]	0.6608482025963702	0.3391517974036299	[[0.35154546720277935, -0.559133870405974, 0.02248213354796029], [-0.46475754796799496, -0.27694877925590444, 0.3794998579054996], [-0.3116673755316869, -0.21769022832537305, -0.5405504216959696]]	0.7845811893351142	0.37508706595652014	[[0.5050274535589928, -0.7071133239609977, 0.08385312581265923], [-0.5086047399769834, -0.3927586436560353, 0.3287093030814251], [-0.29955024278124087, -0.09347773056028763, -0.6207389436335884]]	[[0.08766086365273765, -0.04329080720580997, 0.057161581508614195], [0.04317103591918571, -0.06395574798375916, -0.12184567868019001], [0.07047173686686983, 0.16497142247534768, 0.021020678445393945]]	0.6537519293753955	[[0.6857741049892017, -0.6857741049892015, 0.0], [-0.7071067811865475, -0.7071067811865476, 0.0], [0.0, 0.0, -0.9698310399999998]]
4	[[0.8489524140446696, -0.5135124485683378, 0.12483895166604869], [0.522794976890395, 0.7815435453534784, -0.34040431673891397], [0.0772347773085365, 0.35425224329800037, 0.9319550081910795]]	0.8183370296983015	0.1816629703016985	[[0.6947291968645175, -0.4202262518745153, 0.1021603368970441], [0.427822488529678, 0.6395660234844454, -0.27856545745660266], [0.06320407825207755, 0.2898977285444456, 0.7626532932155443]]	0.9083535010208513	0.1507780613309663	[[0.7635423299987032, -0.4740872982278799, 0.05488240917413968], [0.5002273323624845, 0.6735273193070125, -0.287947441110827], [0.02136789442168857, 0.2875842721459324, 0.8465445944842833]]	[[-0.0076065674988755605, -0.007636467753040503, -0.05851548963548847], [0.025344684787979035, -0.03639049631506806, 0.021260011761576214], [-0.048788585947086356, -0.03420199329829667, 0.0]]	0.431740450694111	[[0.696358758112512, -0.6963587581125119, 0.0], [0.7071067811865475, 0.7071067811865476, 0.0], [0.0, 0.0, 0.9847999999999999]]
4	[[-0.5446221603179724, 0.8109226453022452, -0.2139887049042392], [-0.8354447797583356, -0.5021691245819775, 0.22328947644507607], [0.07361197229480154, 0.30038414347728, 0.9509735242804028]]	0.7344170209732113	0.26558297902678873	[[-0.39997978453671995, 0.5955553934025909, -0.15715694717768697], [-0.6135648663377374, -0.36880155250022134, 0.1639875921054608], [0.054061885400710705, 0.22060722780017367, 0.6984111427264093]]	0.8437771510557939	0.24020417345954884	[[-0.5132010443827911, 0.6506887185437666, -0.13890779937687384], [-0.7367377912473976, -0.4088227935565836, 0.09392226305420948], [0.07868945349469164, 0.14855901980633457, 0.7885717642517988]]	[[-0.05366130954784058, -0.03354928083598979, 0.04165098040534411], [-0.03180857511847406, 0.014896039731379438, -0.09448429524135658], [0.016577353228185973, -0.1048982569992596, -0.013837966795007373]]	0.3887608426173138	[[-0.6857741049892017, 0.6857741049892015, 0.0], [-0.7071067811865475, -0.7071067811865476, 0.0], [0.0, 0.0, 0.9698310399999998]]
4	[[-0.3195682178843842, -0.5708200961323295, -0.7563336379995778], [0.910087742671785, 0.03735879733279218, -0.41272826520656647], [0.2638493031197415, -0.8202248094963509, 0.507557688474819]]	0.6620877711024701	0.33791222889753003	[[-0.21158220909426045, -0.3779330051487518, -0.500759252592963], [0.6025579650532406, 0.024734802857137278, -0.2732623371816047], [0.1746913970094896, -0.543060815922387, 0.3360477386682147]]	0.7785875339271553	0.36027995406227603	[[-0.2913003588283525, -0.4209953382579006, -0.540561849125809], [0.77415061581521, 0.03361146096119541, -0.23977170716609103], [0.22552261317182637, -0.540561849125809, 0.316133284436927]]	[[-0.04248852814425398, 0.023438072705831554, 0.048310092910436066], [0.06556764459105338, 0.004524367075372381, 0.08157337502312248], [0.02009283492742844, 0.09805496256582577, -0.07904480455844967]]	0.7115433055812372	[[0.0, 0.0, -0.9405722461474813], [1.0, -1.7938038903913487e-16, 0.0], [-1.878073164182606e-16, -0.9405722461474813, 0.0]]
4	[[-0.8305561570912853, 0.32773595720904825, 0.4502950280316503], [-0.5100865793185324, -0.772219296347621, -0.37879947194723407], [0.22358030216652452, -0.5443036842615101, 0.808545204538665]]	0.6673586059015909	0.3326413940984091	[[-0.5542787991194228, 0.21871741150685386, 0.3005082621516199], [-0.34041066846312706, -0.5153471930608557, -0.2527950875149649], [0.14920823876090827, -0.3632457479158612, 0.5395896005093401]]	0.8056152955570536	0.34107870476108904	[[-0.6587812452363343, 0.27141568944079447, 0.2023781697004135], [-0.5688969482863574, -0.629499167533847, -0.2946753648044696], [0.18182982182968077, -0.2884386874226974, 0.6432186842275626]]	[[0.010327498735492024, 0.007386589409153295, -0.1603863923951762], [-0.1579633979289714, -0.007387490871898165, 0.01049128374515717], [0.001710110619060786, 0.1500606860464323, -0.008157699698092283]]	0.6502551365732299	[[-0.9405722461474813, 0.0, 0.0], [0.0, -0.7071067811865476, -0.7071067811865475], [0.0, -0.6650850134467465, 0.6650850134467466]]
4	[[0.034229894132735264, 0.2773841392786001, 0.9601491309293217], [-0.1827544195208179, -0.9427759796974285, 0.2788803941677556], [0.9825625356654255, -0.18501754344446375, 0.018422055382213542]]	0.8665752306475693	0.1334247693524308	[[0.02966277840311694, 0.24037422447333043, 0.8320414545911402], [-0.15837045324811538, -0.8169863120552872, 0.2416708418990079], [0.8514643559699268, -0.16033162038423285, 0.01596409689184399]]	0.9265378754193212	0.12399894278913937	[[0.010127247487330364, 0.24055222532044898, 0.8745130947911848], [-0.16410907529877106, -0.8273982313709715, 0.25258845541501246], [0.9082924014341267, -0.16319660835425986, 0.0]]	[[-0.021588045898242453, -0.016454685761762275, -0.015101441065776674], [0.005219816287538901, 0.04611942185425291, -0.005804792493282657], [-0.002089002827937573, 0.008229153264075507, -0.017068732054693204]]	0.344789348576653	[[0.0, 0.0, 0.9847999999999999], [0.0, -1.0, 0.0], [0.9847999999999999, 0.0, 0.0]]
4	[[0.04673222253661188, -0.9725397674033924, -0.22799671093185395], [-0.8377629715199755, -0.16246744520517667, 0.5213036857710898], [-0.5440306084466285, 0.16664552219444034, -0.8223502702654952]]	0.625653864218539	0.3743461357814609	[[0.029238195613551968, -0.6084732635821317, -0.1426470232236316], [-0.5241496404306785, -0.10164838490233252, 0.3261556654340493], [-0.34037485242779614, 0.10426241491566791, -0.5145066243327671]]	0.7975560381257314	0.33931473937488865	[[-0.03274373975654841, -0.8743996342185846, -0.1555024408810013], [-0.6860487388366278, -0.14914299694157046, 0.2810138886551127], [-0.31120402193996166, 0.046306640846526054, -0.6219888946970605]]	[[-0.07001530601565872, -0.09874467040861472, 0.02633771259550581], [-0.017885822382716243, -0.01956610501932032, -0.1347550136288188], [0.12269087475186242, -0.08660250160626544, 0.03388152880751219]]	0.6190034070157041	[[1.9070604835322973e-16, -0.9550896081919997, 0.0], [-1.0, -1.7938038903913487e-16, 0.0], [0.0, 0.0, -0.9550896081919997]]
4	[[-0.42203838922340475, -0.825029846081567, 0.3757783270710803], [0.2588054115689476, 0.28760896992378115, 0.9221175843470338], [-0.8688517462515349, 0.4864224845687207, 0.09214016247897017]]	0.7477929199920145	0.2522070800079857	[[-0.31559731942609603, -0.6169514776818973, 0.2810043724701975], [0.19353285442687837, 0.2150719514351998, 0.6895530009748513], [-0.649721184369596, 0.3637432900854143, 0.06890176114868773]]	0.8627907330845338	0.22393131787026266	[[-0.2883370446834632, -0.652235201464018, 0.34358283512819454], [0.25829993773848975, 0.23386300582800051, 0.8305463972031379], [-0.7582041904110518, 0.38478545918992896, 0.022984699936001978]]	[[0.07579376654441407, 0.05959290425331737, 0.01936477683725738], [0.03500502696467299, -0.014283348174226307, 0.03495189061422124], [-0.008566955320912645, -0.034895352859918, -0.056512978395756745]]	0.48916447551043096	[[-0.4702861230737405, -0.4702861230737406, 0.6650850134467466], [0.5, 0.5000000000000001, 0.7071067811865475], [-0.6650850134467466, 0.6650850134467465, 0.0]]
4	[[0.08740825448676931, -0.06334395238859675, -0.994156597696443], [0.7119981850616444, -0.6940087028176986, 0.10681996481098455], [-0.6967197295301035, -0.717174639895393, -0.015561310176609944]]	0.8954869895584994	0.10451301044150091	[[0.07827295467292021, -0.0567236852312014, -0.8902542988209077], [0.637585111311967, -0.62147576401362, 0.09565588871333336], [-0.6239034531629244, -0.6422205592676262, -0.013934950803638477]]	0.9465412690255955	0.08422491727053771	[[0.0686332901095737, -0.06308038040802179, -0.9126774577791477], [0.6786782373610374, -0.6613077906077521, 0.10319476265731431], [-0.6567633268918862, -0.6754789992984173, 0.0]]	[[-0.014102230015645135, -0.003122715329022526, 0.028332789814612097], [0.004742571728867777, -0.004399912327880294, 0.002085257607855537], [0.002710650052707559, 0.003356394461142524, 0.01472942228226929]]	0.13217900963484283	[[0.0, 0.0, -0.9550896081919997], [0.7071067811865475, -0.7071067811865476, 0.0], [-0.6753503385933658, -0.6753503385933657, 0.0]]
4	[[0.8592155572171323, 0.2624339665249735, -0.4391776855101157], [-0.4266000482917053, 0.8413623931712975, -0.33184593135155627], [0.2824199444684594, 0.4724804086637203, 0.8348660002631537]]	0.7311157678806519	0.2688842321193482	[[0.6281860418898059, 0.19186961095387128, -0.3210897307777757], [-0.31189402188471343, 0.6151333121493361, -0.24261779291816316], [0.20648167456486877, 0.34543787678874005, 0.6103836968598441]]	0.8099182692146607	0.2756186301125456	[[0.6615871984624678, 0.2675879428161641, -0.275388856065409], [-0.3379483010890582, 0.6895474479876039, -0.34803661311419054], [0.13970800428546426, 0.38651282092677874, 0.6615144657544372]]	[[-0.034307178521142165, 0.05503787886511934, 0.08030917486064448], [0.007562871670250371, 0.008112674728001881, -0.07926853074801095], [-0.08902906833013095, 0.0038423061040227698, -0.014658760204862585]]	0.5012231966046357	[[0.6650850134467466, 0.4702861230737406, -0.4702861230737405], [-0.7071067811865475, 0.5000000000000001, -0.5], [0.0, 0.6650850134467465, 0.6650850134467466]]
4	[[0.3802729664721569, 0.7767473726770865, -0.5020517802076895], [0.4287143634067757, 0.332951791095048, 0.839849450446521], [0.8195098935212374, -0.5346088512602871, -0.20639019011321075]]	0.7534404799935861	0.2465595200064139	[[0.28651304638736685, 0.5852329133035811, -0.37826613426131594], [0.32301075574534577, 0.25085935729737724, 0.6327765730667764], [0.6174519275341338, -0.40279594950237047, -0.155502723904865]]	0.8669268924756146	0.22015057273236904	[[0.3448216051089313, 0.6257248161737754, -0.4273233286470552], [0.40358743171176087, 0.3039570271214461, 0.7223156913005487], [0.6719947611267174, -0.45320592252620395, -0.08583891906829887]]	[[0.015152743992740678, -0.047658369859769345, 0.007918861030247264], [0.03192342088386349, 0.015312165523226166, -0.005772382922406293], [-0.0384604042166706, 0.010260867586834746, 0.09308628708399827]]	0.3730422360597088	[[0.4702861230737405, 0.4702861230737406, -0.6650850134467466], [0.5, 0.5000000000000001, 0.7071067811865475], [0.6650850134467466, -0.6650850134467465, 0.0]]
