4	[[-0.30792515101507295, 0.09349718223056193, 0.9468053539599837], [0.3027085282091916, -0.9338174967034747, 0.1906631317268273], [0.9019698710720718, 0.34531602882779927, 0.2592434992682147]]	0.6492007607865387	0.35079923921346146	[[-0.19990524230429518, 0.060698441835478414, 0.6146667561075894], [0.1965186068099805, -0.6062350292956769, 0.1237786501710003], [0.5855595265065253, 0.22417942862679363, 0.16830107695388946]]	0.816857422974304	0.2925079984833638	[[-0.21793616862332904, 0.07066299475063857, 0.7198234455983555], [0.25053751954388054, -0.8464192291023565, 0.12023926047692582], [0.6592191316531859, 0.24624432219899745, 0.1472731738726905]]	[[0.0335947767038168, -0.005710872581577139, -0.05358153589567052], [0.003267811278575908, -0.08362347521684055, -0.035505333961660585], [-0.0775616528312119, -0.03582963922099917, -0.0644918028623842]]	0.47751516282283485	[[0.0, 0.0, 0.9401999999999999], [0.0, -1.0, 0.0], [0.9401999999999999, 0.0, 0.0]]
4	[[0.8489524140446696, -0.5135124485683378, 0.12483895166604869], [0.522794976890395, 0.7815435453534784, -0.34040431673891397], [0.0772347773085365, 0.35425224329800037, 0.9319550081910795]]	0.7175751954135761	0.282424804586424	[[0.6091871944049309, -0.368483795628729, 0.08958133513699086], [0.37514470770336117, 0.5608162622812415, -0.24426569410355098], [0.05542176041989712, 0.25420262271026023, 0.6687477971193747]]	0.8650119571123832	0.22645826486483747	[[0.6898068832928455, -0.4325737287581974, 0.05421826460424954], [0.4955401646539675, 0.6665452919112478, -0.30949071405105955], [0.022300960812254092, 0.26498831182295557, 0.7646991794253144]]	[[-0.044547105875216486, 0.011620679379472521, -0.05376892130025747], [0.04331625852548382, -0.009499219823515245, -0.015036909819227983], [-0.04450804506454216, -0.04144411446369996, -0.041453046150738346]]	0.44700659899741646	[[0.6648217956715919, -0.6648217956715918, 0.0], [0.7071067811865475, 0.7071067811865476, 0.0], [0.0, 0.0, 0.9401999999999999]]
4	[[-0.3195682178843842, -0.5708200961323295, -0.7563336379995778], [0.910087742671785, 0.03735879733279218, -0.41272826520656647], [0.2638493031197415, -0.8202248094963509, 0.507557688474819]]	0.5602035716189703	0.4397964283810296	[[-0.1790232570347413, -0.3197754566052149, -0.4237008053429328], [0.5098344039313804, 0.020928531697219442, -0.23121184827682015], [0.1478093219768555, -0.45949286781034526, 0.2843356298862623]]	0.7164661179982035	0.4564411540649608	[[-0.2437746900589343, -0.39718610269437415, -0.4218007157287988], [0.7871786104914875, 0.017278253024876622, -0.21997827624553037], [0.17189402540665863, -0.42180071572879874, 0.3262668600734238]]	[[-0.014814889555705535, 0.011787155656917283, 0.12008670980021713], [0.13513157846168566, -0.009488059473230656, 0.07572754171515131], [-0.017145060536073745, 0.16586256941686772, -0.037381026648271184]]	0.7192048774901604	[[0.0, 0.0, -0.7814136392940814], [1.0, -1.7938038903913487e-16, 0.0], [-1.5602756641985476e-16, -0.7814136392940814, 0.0]]
4	[[0.3802729664721569, 0.7767473726770865, -0.5020517802076895], [0.4287143634067757, 0.332951791095048, 0.839849450446521], [0.8195098935212374, -0.5346088512602871, -0.20639019011321075]]	0.6165851887772679	0.38341481122273247	[[0.23447067881912642, 0.47893092541434823, -0.30955769167532143], [0.26433892669269293, 0.20529314296606954, 0.5178387319480527], [0.5052976624016309, -0.3296318994763224, -0.12725713433273023]]	0.7878006110044937	0.32789638287609635	[[0.34217432750097293, 0.49271999231779845, -0.393680093602258], [0.4052259444387082, 0.30726191040802986, 0.7220461060529646], [0.564727292683313, -0.41418162786648743, -0.0612339332395811]]	[[0.042595052165716345, -0.11920206247334554, 0.0018366056012535728], [0.06748450700044771, 0.04496228594831051, 0.06041219583940692], [-0.08088310215694552, 0.006983551804777285, 0.10136038463693992]]	0.4258837740823134	[[0.39070681964704057, 0.3907068196470407, -0.5525428832565038], [0.5, 0.5000000000000001, 0.7071067811865475], [0.5525428832565038, -0.5525428832565037, 0.0]]
4	[[0.034229894132735264, 0.2773841392786001, 0.9601491309293217], [-0.1827544195208179, -0.9427759796974285, 0.2788803941677556], [0.9825625356654255, -0.18501754344446375, 0.018422055382213542]]	0.8077758683326779	0.19222413166732225	[[0.02765008245600586, 0.22406421396748366, 0.7755852979652991], [-0.14762460992006315, -0.7615516856432812, 0.22527285255981827], [0.7936903054382968, -0.1494527068126307, 0.014880891782840223]]	0.8903132939703757	0.16805133150145765	[[0.009154306453435934, 0.2213652578594628, 0.8130509969018735], [-0.16689762495946212, -0.8249787723917203, 0.2556409964356348], [0.8438742857974821, -0.1507430936578732, 0.0]]	[[-0.02132102334413683, -0.02559352887680516, -0.04178253855860443], [-0.004188935728238828, 0.014387215568845202, 0.007350074080383508], [-0.03091420186268752, 0.013980484888474427, -0.016401400809043225]]	0.3645221745361641	[[0.0, 0.0, 0.9401999999999999], [0.0, -1.0, 0.0], [0.9401999999999999, 0.0, 0.0]]
4	[[0.8592155572171323, 0.2624339665249735, -0.4391776855101157], [-0.4266000482917053, 0.8413623931712975, -0.33184593135155627], [0.2824199444684594, 0.4724804086637203, 0.8348660002631537]]	0.6131277221784154	0.3868722778215846	[[0.5268088774567983, 0.16090554011770355, -0.2692720139484057], [-0.2615603158902952, 0.515862607651698, -0.20346394000375456], [0.1731594972497011, 0.28969083673791374, 0.5118794890655518]]	0.7636033754173431	0.4207878694311189	[[0.4960670137851409, 0.20128768053286705, -0.292227026354271], [-0.3556114049589011, 0.7488176639099755, -0.2507963974581927], [0.2435071329158453, 0.32606069299275126, 0.4931042332445354]]	[[-0.16003288591695458, 0.000892217870235276, 0.04313053670922966], [-0.029858168130153406, 0.10635050053515893, 0.002602275840367541], [0.027850310034551108, -0.0347269418814312, -0.14440226257758515]]	0.571996056188001	[[0.5525428832565038, 0.3907068196470407, -0.39070681964704057], [-0.7071067811865475, 0.5000000000000001, -0.5], [0.0, 0.5525428832565037, 0.5525428832565038]]
4	[[0.8787972042104137, -0.3840163418041313, 0.28327887866788265], [-0.395223040501579, -0.9183905790867732, -0.018907472103605397], [0.2674214316928388, -0.09534250611366366, -0.9588511794847616]]	0.6275455386623948	0.3724544613376055	[[0.5514852648912307, -0.24098774207263593, 0.17777039650531562], [-0.24802045584335292, -0.5763319106554777, -0.011865299766001234], [0.16781912640155136, -0.059831764356521724, -0.6017227799268374]]	0.8134751213474752	0.29677493344169753	[[0.6422530345621974, -0.26601595442754244, 0.1597097514549453], [-0.32118063471587804, -0.8538773224129466, -0.031590715285057594], [0.15229531577606908, -0.045825466571738596, -0.7408733566164958]]	[[-0.07262662777269087, 0.046371785820986805, -0.0707305687445873], [0.00032347611546207936, -0.10678943464595557, -0.016209957121203183], [-0.0652453658211785, 0.03173329015864635, 0.03912822296904034]]	0.49688920542543347	[[0.6250654522904308, -0.6250654522904306, 0.0], [-0.7071067811865475, -0.7071067811865476, 0.0], [0.0, 0.0, -0.8839760399999999]]
4	[[0.04673222253661188, -0.9725397674033924, -0.22799671093185395], [-0.8377629715199755, -0.16246744520517667, 0.5213036857710898], [-0.5440306084466285, 0.16664552219444034, -0.8223502702654952]]	0.5664543346336263	0.4335456653663736	[[0.026471670022927045, -0.5508993668492302, -0.1291497251895585], [-0.47455446661303735, -0.09203038857332344, 0.2952947324655196], [-0.30816849632796184, 0.0943970783943249, -0.4658238751790238]]	0.7370799479831112	0.42471750010723763	[[-0.012095109171861754, -0.7613372793798776, -0.1247059001965072], [-0.6799637558870533, -0.14929013694917176, 0.2775158052236285], [-0.2637521693136091, 0.025768785913534143, -0.548651251669224]]	[[-0.04654049332828292, -0.04449771821067804, 0.04334590363746413], [-0.06246546841693317, -0.029538640888391098, -0.10672668836793045], [0.13724188326145212, -0.09706228691716234, 0.05748664276196458]]	0.6611467559787707	[[1.6595146396495932e-16, -0.8311142728079998, 0.0], [-1.0, -1.7938038903913487e-16, 0.0], [0.0, 0.0, -0.8311142728079998]]
4	[[0.5319609947059123, -0.8460851799387872, 0.03402011756955908], [-0.703274286200726, -0.4190807785627857, 0.5742617690636116], [-0.47161719485230363, -0.3294103357928521, -0.8179645788128509]]	0.5885936633407741	0.411406336659226	[[0.313108870628355, -0.4980003755585086, 0.020024025627550603], [-0.4139427884482532, -0.24666829068997373, 0.3380068383697047], [-0.27759089241261703, -0.19388883628662934, -0.4814487679264492]]	0.7395866500976562	0.44252604518888766	[[0.45787415915209717, -0.6077608480802764, 0.08819881116763885], [-0.5085880379236, -0.36001626110380575, 0.3390894871967068], [-0.2563332081194275, -0.10286939484238736, -0.5446624508906854]]	[[0.0644429090949344, 0.017992455847923867, 0.06303798637844024], [0.011544235507415262, -0.05006971196623734, -0.08562685086420369], [0.09246857314984139, 0.14075809191419217, 0.06029323185205132]]	0.6849923478832933	[[0.6250654522904308, -0.6250654522904306, 0.0], [-0.7071067811865475, -0.7071067811865476, 0.0], [0.0, 0.0, -0.8839760399999999]]
4	[[0.22433838825039393, -0.7661379269479729, -0.6022499185961573], [-0.9416906372873723, -0.011392912655017143, -0.3362869982418849], [0.2507808429735371, 0.642575192824231, -0.724020780340167]]	0.5114040114510988	0.4885959885489013	[[0.1147275516737255, -0.39180600916602226, -0.3079930242661726], [-0.4815843694547039, -0.005826381233887765, -0.17197851989974855], [0.128250329091755, 0.32861553126927495, -0.37026713143991624]]	0.728821980853798	0.4505632973726548	[[0.2061163612056896, -0.47185940310480773, -0.34958117430607516], [-0.811000014465, 0.04152402173520496, -0.20619979850199704], [0.16112733496915177, 0.3495811743060751, -0.3961082603740443]]	[[0.042613612699489184, 0.08651875842063628, 0.08935180433421493], [-0.12467517884574199, 0.049827426904128815, 0.038893557692031205], [-0.021647255767006744, -0.1187417505755922, 0.13157399893278887]]	0.7315846837880211	[[1.6595146396495932e-16, -0.8311142728079998, 0.0], [-1.0, -1.7938038903913487e-16, 0.0], [0.0, 0.0, -0.8311142728079998]]
4	[[-0.5446221603179724, 0.8109226453022452, -0.2139887049042392], [-0.8354447797583356, -0.5021691245819775, 0.22328947644507607], [0.07361197229480154, 0.30038414347728, 0.9509735242804028]]	0.6456658860831965	0.3543341139168034	[[-0.35164394972224833, 0.5235850883240041, -0.1381652067637913], [-0.5394181939962468, -0.3242334727868457, 0.1441703976619631], [0.04752873931805476, 0.19394779416360003, 0.6140111631961664]]	0.7928062587163802	0.30479698347298495	[[-0.4692650416688185, 0.6080015681034873, -0.10384630684304179], [-0.7344136181797827, -0.40464151500386886, 0.0979783784064186], [0.0734502645079591, 0.10695768357777488, 0.730216022643507]]	[[-0.03748518433309428, -0.03490298042697596, 0.06580527769965164], [-0.0720677679754462, -0.0065186901011514845, -0.07904691602474145], [0.015090232156183669, -0.1311887453901718, -0.02372173927956999]]	0.41936588935151586	[[-0.6250654522904308, 0.6250654522904306, 0.0], [-0.7071067811865475, -0.7071067811865476, 0.0], [0.0, 0.0, 0.8839760399999999]]
4	[[0.08740825448676931, -0.06334395238859675, -0.994156597696443], [0.7119981850616444, -0.6940087028176986, 0.10681996481098455], [-0.6967197295301035, -0.717174639895393, -0.015561310176609944]]	0.7025543639406209	0.29744563605937924	[[0.06140905063411213, -0.04450257017985555, -0.6984490561519964], [0.5002174320328597, -0.48757884277734365, 0.07504683243394074], [-0.48948348642490325, -0.5038541729660515, -0.010932666373210907]]	0.878309586993712	0.20307569623245617	[[0.05093695039973521, -0.050936950399735226, -0.7949016376993954], [0.678700464091123, -0.665487753740808, 0.09218642017345297], [-0.5710604535491104, -0.5819366506039829, 0.0]]	[[-0.025834557498380394, 0.004698650261242531, 0.07827563303044126], [0.05334563222935732, -0.0559332565989536, -0.0016345790023657193], [0.04087516434484546, 0.04796471116490372, 0.013667647914299329]]	0.21816349731014717	[[0.0, 0.0, -0.8311142728079998], [0.7071067811865475, -0.7071067811865476, 0.0], [-0.5876865382434628, -0.5876865382434628, 0.0]]
4	[[-0.8305561570912853, 0.32773595720904825, 0.4502950280316503], [-0.5100865793185324, -0.772219296347621, -0.37879947194723407], [0.22358030216652452, -0.5443036842615101, 0.808545204538665]]	0.573575559874126	0.4264244401258739	[[-0.4763867128105366, 0.18798133514706244, 0.25827822281178914], [-0.29257319531690507, -0.4429261152481905, -0.21727011920215805], [0.1282401969919906, -0.3121992904418453, 0.46376176837680455]]	0.7518182437535067	0.37747325808740756	[[-0.588077101227549, 0.22866741009233404, 0.20673606748529824], [-0.45191739304597517, -0.668439208604695, -0.24343617439514942], [0.10511923812175443, -0.3193990440503899, 0.5699811830435154]]	[[0.036350170135482696, -0.017730461671447074, -0.13180394966039308], [-0.06842499682048238, -0.08787065343205791, 0.04135217933897585], [-0.06297251199096039, 0.08981839591966179, -0.037897852628063604]]	0.6825071038257857	[[-0.6250654522904308, 0.6250654522904306, 0.0], [-0.7071067811865475, -0.7071067811865476, 0.0], [0.0, 0.0, 0.8839760399999999]]
4	[[-0.42203838922340475, -0.825029846081567, 0.3757783270710803], [0.2588054115689476, 0.28760896992378115, 0.9221175843470338], [-0.8688517462515349, 0.4864224845687207, 0.09214016247897017]]	0.6091088723355479	0.3908911276644523	[[-0.25706732734217913, -0.5025329991899141, 0.2288899130504044], [0.15764067239509902, 0.17518517534386285, 0.5616700019624014], [-0.5292253073860439, 0.2962842510543089, 0.056123390464379676]]	0.7878654424206003	0.3495394361418502	[[-0.24994010313596213, -0.5314735361581192, 0.29757618575886363], [0.26927881507137386, 0.23946882096723893, 0.8249802005560112], [-0.6213568448817867, 0.33017474765556054, 0.023293935980247274]]	[[0.08256935910801319, 0.11853896853513432, 0.001513427848933932], [0.06537497498475939, 0.012871652634105854, 0.09847562200062017], [0.06318142057659003, -0.05306071835250224, -0.049300113895952555]]	0.5433426739360757	[[-0.39070681964704057, -0.3907068196470407, 0.5525428832565038], [0.5, 0.5000000000000001, 0.7071067811865475], [-0.5525428832565038, 0.5525428832565037, 0.0]]
