4	[[-0.5446221603179724, 0.8109226453022452, -0.2139887049042392], [-0.8354447797583356, -0.5021691245819775, 0.22328947644507607], [0.07361197229480154, 0.30038414347728, 0.9509735242804028]]	0.6553964259779409	0.34460357402205916	[[-0.3569434173807842, 0.531475803475669, -0.14024743239388665], [-0.5475475227555411, -0.32911984948749934, 0.14634312482058848], [0.04824502355120014, 0.19687069405545432, 0.6232646490130226]]	0.7984845162659857	0.29798288436118375	[[-0.47457029860971384, 0.6126195201290661, -0.10748304410591525], [-0.7347712538631958, -0.40579017497061204, 0.09714495218622535], [0.07420527214663822, 0.11075025451806098, 0.7363410248298583]]	[[-0.039697936380481615, -0.03488965603423078, 0.06338362341593096], [-0.06768153303091819, -0.004815904445058282, -0.08114823740030644], [0.015427252057438487, -0.12910183298036731, -0.022996609686938695]]	0.41571808924016185	[[-0.6314640332691167, 0.6314640332691166, 0.0], [-0.7071067811865475, -0.7071067811865476, 0.0], [0.0, 0.0, 0.8930250000000001]]
4	[[0.8592155572171323, 0.2624339665249735, -0.4391776855101157], [-0.4266000482917053, 0.8413623931712975, -0.33184593135155627], [0.2824199444684594, 0.4724804086637203, 0.8348660002631537]]	0.6266620802833225	0.37333791971667757	[[0.5384378084974821, 0.16445741539954375, -0.2752160020157839], [-0.26733407371144596, 0.5272499075768801, -0.2079552616743229], [0.17698186991410522, 0.2960855557863213, 0.5231788644827248]]	0.7683155333788678	0.41330482799598844	[[0.5032575736331832, 0.20510294822423317, -0.29369366762539895], [-0.3569414035684504, 0.7486702626032722, -0.24982225708239844], [0.24479001196163813, 0.3288910262218787, 0.5008865285302208]]	[[-0.15689108549751887, 0.003470855256866183, 0.04373337006540226], [-0.029177959925758144, 0.10223846672894604, 0.0051401266635796635], [0.027802381690523546, -0.03412301097165295, -0.14055398776184633]]	0.5641952203180687	[[0.563913168310153, 0.3987468253125001, -0.3987468253125], [-0.7071067811865475, 0.5000000000000001, -0.5], [0.0, 0.5639131683101529, 0.563913168310153]]
4	[[-0.42203838922340475, -0.825029846081567, 0.3757783270710803], [0.2588054115689476, 0.28760896992378115, 0.9221175843470338], [-0.8688517462515349, 0.4864224845687207, 0.09214016247897017]]	0.6251443532002293	0.3748556467997708	[[-0.26383491585673197, -0.5157627494995459, 0.23491569922351463], [0.1617907416199889, 0.17979712347758636, 0.5764566008411842], [-0.5431577629373054, 0.3040842694977614, 0.05760090227667981]]	0.7963994000895417	0.3363477980856775	[[-0.2540891021731148, -0.5434045484518852, 0.30288455150368077], [0.2685560193702497, 0.2384142025155397, 0.8258479894221508], [-0.6345706203856547, 0.3352983467844891, 0.024037907559932906]]	[[0.08202201781916137, 0.11364872602344164, 0.0036149172576207776], [0.062443544856812846, 0.009362591407869322, 0.0914740984361555], [0.057382389095818484, -0.052088228116104376, -0.04934246256247182]]	0.5366836414899177	[[-0.3987468253125, -0.3987468253125001, 0.563913168310153], [0.5, 0.5000000000000001, 0.7071067811865475], [-0.563913168310153, 0.5639131683101529, 0.0]]
4	[[-0.3195682178843842, -0.5708200961323295, -0.7563336379995778], [0.910087742671785, 0.03735879733279218, -0.41272826520656647], [0.2638493031197415, -0.8202248094963509, 0.507557688474819]]	0.5724000777508602	0.42759992224913984	[[-0.1829208727637254, -0.3267374674078989, -0.43292543319654914], [0.5209342946654347, 0.02138417849796885, -0.23624569109421625], [0.15102736162025027, -0.46949674472889563, 0.2905260603460333]]	0.7217678581177487	0.4354821002019579	[[-0.23803745268131424, -0.3634561286117579, -0.4704316268681673], [0.7897533771882455, 0.03339310435183124, -0.22407849952402295], [0.1787011806119855, -0.47043162686816725, 0.2833532892531167]]	[[-0.0073833845363962345, 0.048543469544240964, 0.0754656830531926], [0.13288129646081465, 0.006428725219086667, 0.07381549643877464], [-0.011736765766610972, 0.12158027705705228, -0.082985536428549]]	0.7171137338618051	[[0.0, 0.0, -0.7974936506250002], [1.0, 1.7938038903913487e-16, 0.0], [1.5923831794734727e-16, -0.7974936506250002, 0.0]]
4	[[0.8489524140446696, -0.5135124485683378, 0.12483895166604869], [0.522794976890395, 0.7815435453534784, -0.34040431673891397], [0.0772347773085365, 0.35425224329800037, 0.9319550081910795]]	0.728322194500292	0.2716778054997081	[[0.6183108852233345, -0.37400251344451013, 0.09092297923653246], [0.380763184842542, 0.5692155100493836, -0.2479240189846583], [0.05625180250109467, 0.25800977124545094, 0.6787635167412646]]	0.869687411814658	0.2179397320260174	[[0.6948475092904054, -0.44579078507554837, 0.05204978653615639], [0.5023587638890777, 0.6659429938977088, -0.30412619084882553], [0.027203675881759152, 0.2616778589951212, 0.7753724989249626]]	[[-0.043475718433909155, 0.0008045272544569704, -0.05652107823194469], [0.047690553527566217, -0.013755589281209605, -0.008080841653622354], [-0.03996643769778345, -0.046410857608253295, -0.035137040076445636]]	0.44527051017274066	[[0.6682159082212875, -0.6682159082212874, 0.0], [0.7071067811865475, 0.7071067811865476, 0.0], [0.0, 0.0, 0.9450000000000001]]
4	[[-0.8305561570912853, 0.32773595720904825, 0.4502950280316503], [-0.5100865793185324, -0.772219296347621, -0.37879947194723407], [0.22358030216652452, -0.5443036842615101, 0.808545204538665]]	0.582644125578355	0.4173558744216449	[[-0.48391866589217075, 0.1909534302086511, 0.2623617528597818], [-0.29719894897630045, -0.44992903667519235, -0.22070528710223883], [0.13026774965235913, -0.3171353441656246, 0.4710941136890027]]	0.7552803953567288	0.3982803712220614	[[-0.592874482349694, 0.23389521821777534, 0.19472081417101364], [-0.5688077383477073, -0.623214852314949, -0.2915493776173479], [0.1669296519811364, -0.25320138464562547, 0.5733661300846888]]	[[0.034428300344177244, -0.01363732511569054, -0.14537819262790042], [-0.18354934505384468, -0.039972756867422986, -0.005449562684120824], [-0.0019361670331730675, 0.15790051719753193, -0.03731221166306114]]	0.6819053694660115	[[-0.6314640332691167, 0.6314640332691166, 0.0], [-0.7071067811865475, -0.7071067811865476, 0.0], [0.0, 0.0, 0.8930250000000001]]
4	[[0.034229894132735264, 0.2773841392786001, 0.9601491309293217], [-0.1827544195208179, -0.9427759796974285, 0.2788803941677556], [0.9825625356654255, -0.18501754344446375, 0.018422055382213542]]	0.8172937122006498	0.18270628779935014	[[0.027975877243978434, 0.2267043128965892, 0.7847238474834533], [-0.14936403795124414, -0.7705248802205159, 0.22792719260934546], [0.8030421822432791, -0.15121367490397078, 0.015056230029695267]]	0.8943831971738709	0.1614716411519095	[[0.009139521295137147, 0.22345931696804766, 0.8195918309906562], [-0.16660665426265428, -0.825236826225215, 0.25530897006779746], [0.8507437309418944, -0.1520376912861223, 0.0]]	[[-0.021475120858221744, -0.024628396365269027, -0.039149418493623946], [-0.0031541722339702705, 0.017966168715299123, 0.005883031502930835], [-0.028043691129814287, 0.013438890752992748, -0.01647637679125826]]	0.3623279194833709	[[0.0, 0.0, 0.9450000000000001], [0.0, -1.0, 0.0], [0.9450000000000001, 0.0, 0.0]]
4	[[0.8787972042104137, -0.3840163418041313, 0.28327887866788265], [-0.395223040501579, -0.9183905790867732, -0.018907472103605397], [0.2674214316928388, -0.09534250611366366, -0.9588511794847616]]	0.6361608658867953	0.3638391341132049	[[0.5590563903693917, -0.24429616851679573, 0.18021093674080063], [-0.25142543166389647, -0.5842441460141169, -0.01202819382516004], [0.17012304954240282, -0.06065317124508533, -0.6099835965976009]]	0.817874316383875	0.29214959999581136	[[0.6469674763125861, -0.26564855692549894, 0.16213957844370222], [-0.3188760177438145, -0.8542847916470195, -0.03291161450597226], [0.154221596738148, -0.048506593364366954, -0.7448286042854857]]	[[-0.0717781863210666, 0.04842854610779143, -0.069546940792783], [0.004366756325570946, -0.10315672460303375, -0.017447678684688807], [-0.06449552389402964, 0.02947159364567111, 0.03939114864948594]]	0.4940511968000499	[[0.6314640332691167, -0.6314640332691166, 0.0], [-0.7071067811865475, -0.7071067811865476, 0.0], [0.0, 0.0, -0.8930250000000001]]
4	[[0.3802729664721569, 0.7767473726770865, -0.5020517802076895], [0.4287143634067757, 0.332951791095048, 0.839849450446521], [0.8195098935212374, -0.5346088512602871, -0.20639019011321075]]	0.6299998542906267	0.37000014570937345	[[0.23957191346812323, 0.48935073160719167, -0.31629254837719417], [0.2700899864785674, 0.20975957987568342, 0.5291050314073711], [0.5162911135081066, -0.33680349839646023, -0.13002578969833753]]	0.7959607023383668	0.3173671337752042	[[0.34371346795126395, 0.5050478899909735, -0.40039790671615594], [0.4061038031121937, 0.30393087814202485, 0.7197884886381974], [0.5767002335344944, -0.41536581149478485, -0.06451852729256566]]	[[0.041031130477791763, -0.11321249430456137, -0.0007844191318160457], [0.06486401731239064, 0.03891433665719322, 0.05130133020229315], [-0.07559743688590995, 0.010161825230660781, 0.09975995338569466]]	0.4186001018285955	[[0.3987468253125, 0.3987468253125001, -0.563913168310153], [0.5, 0.5000000000000001, 0.7071067811865475], [0.563913168310153, -0.5639131683101529, 0.0]]
4	[[-0.30792515101507295, 0.09349718223056193, 0.9468053539599837], [0.3027085282091916, -0.9338174967034747, 0.1906631317268273], [0.9019698710720718, 0.34531602882779927, 0.2592434992682147]]	0.6587403903620324	0.34125960963796764	[[-0.20284273418195695, 0.061590370320310436, 0.623698928464462], [0.19940633403843916, -0.6151433023053429, 0.1255975058213778], [0.5941639849648086, 0.22747361562829127, 0.17077416390676298]]	0.8209413003972236	0.2890248919204643	[[-0.22337086106370882, 0.07134187964730265, 0.7219693822703471], [0.24940682357749117, -0.8471714219037082, 0.1195540023807725], [0.6609836938527343, 0.24812512985086538, 0.1520289814164062]]	[[0.029417612835616565, -0.005413818716531066, -0.05530223623261528], [0.0009008907881078044, -0.08056207182627748, -0.03696923691685626], [-0.07948062502428853, -0.03535905990303331, -0.06079471399236867]]	0.47641946176047156	[[0.0, 0.0, 0.9450000000000001], [0.0, -1.0, 0.0], [0.9450000000000001, 0.0, 0.0]]
4	[[0.08740825448676931, -0.06334395238859675, -0.994156597696443], [0.7119981850616444, -0.6940087028176986, 0.10681996481098455], [-0.6967197295301035, -0.717174639895393, -0.015561310176609944]]	0.720223661453415	0.27977633854658507	[[0.06295349308771289, -0.04562181332024594, -0.7160151048510017], [0.5127979397932837, -0.4998414890238979, 0.07693426617249224], [-0.5017940346090042, -0.5165261450469945, -0.0112076237924103]]	0.8828115685808742	0.18965143948189783	[[0.04933519537512475, -0.04933519537512476, -0.8092660154968021], [0.6814823677373774, -0.6689229448937374, 0.08748721992601233], [-0.5820737891055396, -0.5926727943683094, 0.0]]	[[-0.0278298228752563, 0.006585578593164539, 0.06838692993061979], [0.052922133156371565, -0.05624403335046707, -0.006814680764526724], [0.03299844818217346, 0.040457274424166, 0.013737704646186542]]	0.20812124057499165	[[0.0, 0.0, -0.8439086250000002], [0.7071067811865475, -0.7071067811865476, 0.0], [-0.5967335114393154, -0.5967335114393153, 0.0]]
4	[[0.22433838825039393, -0.7661379269479729, -0.6022499185961573], [-0.9416906372873723, -0.011392912655017143, -0.3362869982418849], [0.2507808429735371, 0.642575192824231, -0.724020780340167]]	0.5212463773187967	0.47875362268120325	[[0.11693557216905551, -0.3993466189481638, -0.3139205883087873], [-0.49085283324107176, -0.005938514448537081, -0.17528837957299506], [0.13071860590091025, 0.3349399914145577, -0.37739320885584027]]	0.7350786342360817	0.44153835542305864	[[0.20752569560902862, -0.48017260290959185, -0.35696945393453927], [-0.8113114724887508, 0.045310413899351046, -0.20745671546509872], [0.16544541336293359, 0.35696945393453927, -0.40068714720882864]]	[[0.04261933956720526, 0.08299901806778687, 0.08573159369591543], [-0.1190948049586438, 0.05368510057377192, 0.03974067191389767], [-0.018898226182627362, -0.11537384120068336, 0.1315250591621634]]	0.7313912673466741	[[1.5923831794734727e-16, -0.7974936506250002, 0.0], [-1.0, -1.7938038903913487e-16, 0.0], [0.0, 0.0, -0.7974936506250002]]
4	[[0.5319609947059123, -0.8460851799387872, 0.03402011756955908], [-0.703274286200726, -0.4190807785627857, 0.5742617690636116], [-0.47161719485230363, -0.3294103357928521, -0.8179645788128509]]	0.5964909836610861	0.403509016338914	[[0.3173099370014594, -0.5046821812427542, 0.02029269339333207], [-0.41949677075941927, -0.24997790583836993, 0.3425419675077091], [-0.28131540446893266, -0.19649029522520697, -0.48790849621600335]]	0.7449251644938343	0.43572979884703383	[[0.4639907182822342, -0.6135338855702603, 0.09089082199543623], [-0.5060237223481974, -0.36239881915597627, 0.34386577176940264], [-0.260231684859606, -0.10488990678919427, -0.5512920598207752]]	[[0.06771958679662873, 0.016736256271436253, 0.06554838031883288], [0.0178629909841624, -0.05021500124888896, -0.08391627101282853], [0.09108783159386699, 0.14049614178726527, 0.0580303386015177]]	0.6815695513162738	[[0.6314640332691167, -0.6314640332691166, 0.0], [-0.7071067811865475, -0.7071067811865476, 0.0], [0.0, 0.0, -0.8930250000000001]]
4	[[0.04673222253661188, -0.9725397674033924, -0.22799671093185395], [-0.8377629715199755, -0.16246744520517667, 0.5213036857710898], [-0.5440306084466285, 0.16664552219444034, -0.8223502702654952]]	0.5735559260064167	0.4264440739935832	[[0.026803543171324364, -0.5578059468711178, -0.13076886466493676], [-0.48050391690402683, -0.09318416598055185, 0.2989968182229954], [-0.31203197940344035, 0.09558052679705512, -0.47166387076375316]]	0.7440754641199012	0.4151153956168142	[[-0.013616328113662429, -0.7694935529370394, -0.1287247036972285], [-0.6801687239965477, -0.1532708354531679, 0.2801353034613456], [-0.2686081094789732, 0.03238907472685338, -0.554121980445212]]	[[-0.04838862828694653, -0.04585057413129938, 0.0409220548072017], [-0.05680985214035449, -0.03238279575775136, -0.10775397847619321], [0.13619171799638422, -0.09160776954347813, 0.057768678571712556]]	0.6563805332417154	[[1.6850615655803944e-16, -0.8439086250000002, 0.0], [-1.0, -1.7938038903913487e-16, 0.0], [0.0, 0.0, -0.8439086250000002]]
