4	[[0.04673222253661188, -0.9725397674033924, -0.22799671093185395], [-0.8377629715199755, -0.16246744520517667, 0.5213036857710898], [-0.5440306084466285, 0.16664552219444034, -0.8223502702654952]]	0.6124021991508112	0.38759780084918877	[[0.028618915852626242, -0.5955854923194559, -0.1396256871738191], [-0.5130478861259515, -0.09949542073406409, 0.3192475235916388], [-0.3331655410180692, 0.1020540842705106, -0.5036091139828532]]	0.7867274529990931	0.35911314067734795	[[-0.0344273562892081, -0.8432171677845176, -0.1576300512160287], [-0.6892035876383147, -0.15468031616770894, 0.2750037405483151], [-0.2965521199847455, 0.04722558593756798, -0.6078675529787222]]	[[-0.07119287869842371, -0.07809343363491633, 0.02174122046755925], [-0.030112458837452494, -0.026862716806170504, -0.13512018039741389], [0.1314516949520175, -0.08387902129216791, 0.03909798062036678]]	0.6274213236933083	[[1.8529709092710817e-16, -0.9280005930640002, 0.0], [-1.0, -1.7938038903913487e-16, 0.0], [0.0, 0.0, -0.9280005930640002]]
4	[[0.22433838825039393, -0.7661379269479729, -0.6022499185961573], [-0.9416906372873723, -0.011392912655017143, -0.3362869982418849], [0.2507808429735371, 0.642575192824231, -0.724020780340167]]	0.5893364997266334	0.4106635002733667	[[0.13221080048580175, -0.45151304417533755, -0.3549278589861093], [-0.5549726640042827, -0.006714259265799095, -0.19818620244744894], [0.14779430419651884, 0.37869301495019886, -0.4266918724150197]]	0.7618086155076912	0.38775060766861436	[[0.2173171183496534, -0.5657382674619402, -0.34886132146125437], [-0.838476247017278, -0.012926139827659153, -0.15616957055697456], [0.14136028792467525, 0.34886132146125437, -0.5143936772935305]]	[[0.046414201391393836, 0.017912205954227503, 0.1099378552141039], [-0.1210882063888296, -0.004246920811340454, 0.10001676198691309], [-0.04968671885684675, -0.14065799654376077, 0.0371715909762103]]	0.736946652897849	[[1.807387824903013e-16, -0.9051717784746258, 0.0], [-1.0, -1.7938038903913487e-16, 0.0], [0.0, 0.0, -0.9051717784746258]]
4	[[0.8489524140446696, -0.5135124485683378, 0.12483895166604869], [0.522794976890395, 0.7815435453534784, -0.34040431673891397], [0.0772347773085365, 0.35425224329800037, 0.9319550081910795]]	0.8056758611430568	0.19432413885694325	[[0.6839804672549161, -0.41372458420797525, 0.10057972988774022], [0.4212032932074333, 0.6296707689234614, -0.2742555410254385], [0.06222619571824737, 0.2854124811809762, 0.7508536537709325]]	0.9021277165091017	0.16479303975827178	[[0.74364359891488, -0.46859534460580354, 0.0661239071701994], [0.5083641562579013, 0.6668134622130378, -0.29601930206751853], [0.02192819567969563, 0.2905627637607595, 0.8249698937394953]]	[[-0.022219903792127252, -0.0053415319798513095, -0.04649677122768323], [0.03673631755334062, -0.038238631709123075, 0.011068866881998917], [-0.04774743760874338, -0.029018003553892335, -0.015772549689144523]]	0.43479278871593474	[[0.6897119543693585, -0.6897119543693584, 0.0], [0.7071067811865475, 0.7071067811865476, 0.0], [0.0, 0.0, 0.9754]]
4	[[-0.42203838922340475, -0.825029846081567, 0.3757783270710803], [0.2588054115689476, 0.28760896992378115, 0.9221175843470338], [-0.8688517462515349, 0.4864224845687207, 0.09214016247897017]]	0.7235095797002116	0.27649042029978843	[[-0.30534881760437993, -0.5969169971786048, 0.27187921947964594], [0.1872481945483895, 0.20808784494756577, 0.6671609058850969], [-0.628622561752243, 0.3519313273670478, 0.06666429022866892]]	0.8468872316286497	0.25147490513997617	[[-0.2774975731418919, -0.6276742053327339, 0.32729944548177087], [0.25568147713218237, 0.23117424050068497, 0.8305672892746535], [-0.729622811408356, 0.3702575724956524, 0.02218325896723109]]	[[0.07992134994853184, 0.07103303702629536, 0.009057578362498375], [0.03650247859804301, -0.012398123829633657, 0.04963768103089608], [0.006196638670324385, -0.0416874188626811, -0.055849068156397945]]	0.49879766153603794	[[-0.4525858892373128, -0.4525858892373129, 0.6400531026980953], [0.5, 0.5000000000000001, 0.7071067811865475], [-0.6400531026980953, 0.6400531026980952, 0.0]]
4	[[0.3802729664721569, 0.7767473726770865, -0.5020517802076895], [0.4287143634067757, 0.332951791095048, 0.839849450446521], [0.8195098935212374, -0.5346088512602871, -0.20639019011321075]]	0.7232846522508074	0.27671534774919265	[[0.275045600315197, 0.5618094533334749, -0.3631263472594174], [0.3100825192515961, 0.24081892043846523, 0.6074502177092439], [0.5927389283516045, -0.3866743770740003, -0.14927885688401166]]	0.8475162622815107	0.24523734051983626	[[0.34614940381749193, 0.5923176540733615, -0.4306721246127174], [0.4033928735698623, 0.2926907278642916, 0.7178435954923801], [0.655297549449441, -0.4306721246127174, -0.08039988229248698]]	[[0.023861880626307324, -0.0659883759549064, -0.005175076379317967], [0.04005047870895451, 0.010508670355482185, 0.006057528370763725], [-0.03925041241039692, 0.022417570790013247, 0.09451916020383179]]	0.38072069384434487	[[0.4525858892373128, 0.4525858892373129, -0.6400531026980953], [0.5, 0.5000000000000001, 0.7071067811865475], [0.6400531026980953, -0.6400531026980952, 0.0]]
4	[[-0.8305561570912853, 0.32773595720904825, 0.4502950280316503], [-0.5100865793185324, -0.772219296347621, -0.37879947194723407], [0.22358030216652452, -0.5443036842615101, 0.808545204538665]]	0.6457332766406265	0.3542667233593736	[[-0.5363177487526025, 0.21163001352155086, 0.2907704839058603], [-0.32937987823376474, -0.49864769651566815, -0.24460342421022646], [0.1443732411102913, -0.3514750015257499, 0.5221045442388177]]	0.7926723363066737	0.35283955751792057	[[-0.64498795307389, 0.2609897813603406, 0.1981904811231361], [-0.5633495821497614, -0.6262551863176212, -0.30272095457296666], [0.17500182999664837, -0.2879245636399956, 0.6242261471643612]]	[[0.013370936401551622, 0.0012025544677403029, -0.15874593077399127], [-0.15901806160266077, -0.014138312540656915, -0.0024570921528184186], [-0.0022240904738426714, 0.14352990942390573, -0.016685269126859716]]	0.6622122885360339	[[-0.9051717784746258, 0.0, 0.0], [0.0, -0.7071067811865476, -0.7071067811865475], [0.0, -0.6400531026980952, 0.6400531026980953]]
4	[[0.034229894132735264, 0.2773841392786001, 0.9601491309293217], [-0.1827544195208179, -0.9427759796974285, 0.2788803941677556], [0.9825625356654255, -0.18501754344446375, 0.018422055382213542]]	0.8633864744921516	0.13661352550784842	[[0.029553627617501882, 0.23948971409179046, 0.8289797731397704], [-0.15778769396793862, -0.8139800293468472, 0.2407815603254801], [0.8483312036362407, -0.15974164455371404, 0.015905353449348514]]	0.9192298820244075	0.1269292743124485	[[0.009031027955797789, 0.2369798577592861, 0.8613735719627373], [-0.16485296148630216, -0.8267728133889172, 0.2533544618019092], [0.894662120727499, -0.1603549661211427, 0.0]]	[[-0.02243411358954441, -0.01799993186522335, -0.021224200387260427], [0.0031403620092583084, 0.0398550392037953, -0.003000730027837068], [-0.00853872301383303, 0.00971868851175737, -0.01693410379563925]]	0.348826697625427	[[0.0, 0.0, 0.9754], [0.0, -1.0, 0.0], [0.9754, 0.0, 0.0]]
4	[[0.8787972042104137, -0.3840163418041313, 0.28327887866788265], [-0.395223040501579, -0.9183905790867732, -0.018907472103605397], [0.2674214316928388, -0.09534250611366366, -0.9588511794847616]]	0.6913203001687838	0.30867969983121635	[[0.6075303470022311, -0.2654782926857503, 0.1958364394321571], [-0.27322571099317094, -0.6349020508064511, -0.01307111929009739], [0.18487386442945922, -0.06591220994534204, -0.6628732852185977]]	0.8441390647873533	0.2517704398224322	[[0.6904264062131851, -0.3119382524654561, 0.14269730408339076], [-0.359116648483616, -0.8404946857921305, -0.025963244347604567], [0.13038390297957891, -0.054428744586414196, -0.8094037379205175]]	[[-0.05140064388673453, 0.012224943168143949, -0.09642946362932589], [-0.02549344069219878, -0.06524532125230585, -0.010002708528574123], [-0.09535697427370912, 0.026053589358856363, 0.0]]	0.47812915048422366	[[0.6727450402918723, -0.6727450402918722, 0.0], [-0.7071067811865475, -0.7071067811865476, 0.0], [0.0, 0.0, -0.9514051600000001]]
4	[[-0.30792515101507295, 0.09349718223056193, 0.9468053539599837], [0.3027085282091916, -0.9338174967034747, 0.1906631317268273], [0.9019698710720718, 0.34531602882779927, 0.2592434992682147]]	0.7177826400053741	0.2822173599946261	[[-0.22102332781965253, 0.06711065429451632, 0.6796004465366198], [0.21727892653013475, -0.6702779880670297, 0.13685468604257453], [0.6474183152634186, 0.2478618508081896, 0.1860804833089704]]	0.8465790815131733	0.26503574497534726	[[-0.25363801312548895, 0.07787761567097913, 0.7406314336603496], [0.24402613585423982, -0.849761989632073, 0.11868050635995939], [0.6775359374011609, 0.2624615830807723, 0.17576039745450983]]	[[0.007044978395656682, -0.0012751429858397813, -0.06091417326684825], [-0.012240571923302128, -0.05921163097191463, -0.04273091257576327], [-0.08605288760358891, -0.029875743436042573, -0.0437097260442364]]	0.4702462664431289	[[0.0, 0.0, 0.9754], [0.0, -1.0, 0.0], [0.9754, 0.0, 0.0]]
4	[[0.08740825448676931, -0.06334395238859675, -0.994156597696443], [0.7119981850616444, -0.6940087028176986, 0.10681996481098455], [-0.6967197295301035, -0.717174639895393, -0.015561310176609944]]	0.8527555850985885	0.1472444149014116	[[0.0745378771973113, -0.05401690918159497, -0.8477725911482524], [0.6071604288913754, -0.591819797434819, 0.09109132159260179], [-0.5941316406051738, -0.6115746796618654, -0.01326999416455563]]	0.9348184915827623	0.10983286484112553	[[0.0602490636150757, -0.05723965284291595, -0.8882359087743384], [0.6819233324949172, -0.6727998754176997, 0.09178044443713097], [-0.644442872505108, -0.6569571179022698, -0.002127974764370013]]	[[-0.021461788996128224, 0.0019754451798823717, 0.04112006228130147], [0.01633426312592627, -0.024027706704349252, -0.008076833938397358], [0.0068636141101737404, 0.013470997166152118, 0.012419025741979985]]	0.1484739740718758	[[0.0, 0.0, -0.9280005930640002], [0.7071067811865475, -0.7071067811865476, 0.0], [-0.6561955123006924, -0.6561955123006923, 0.0]]
4	[[0.8592155572171323, 0.2624339665249735, -0.4391776855101157], [-0.4266000482917053, 0.8413623931712975, -0.33184593135155627], [0.2824199444684594, 0.4724804086637203, 0.8348660002631537]]	0.7098249437705377	0.2901750562294623	[[0.609892634588422, 0.18628217553206852, -0.3117392759224928], [-0.3028113552911684, 0.5972200134234614, -0.23555251956210024], [0.20046872120200263, 0.335378379512406, 0.5926087116927269]]	0.798604863254235	0.36045044647283336	[[0.5694628817818127, 0.211481856089314, -0.2891254263327216], [-0.3239831284923099, 0.7528167210498881, -0.2727700959409022], [0.24793122222259095, 0.35258241705712445, 0.5522113198806246]]	[[-0.11671084079548646, 0.0019008141393710432, 0.06160400914839574], [0.016701744737937316, 0.08090062210406831, -0.007756321312418359], [0.022389281090088274, -0.02474273509407095, -0.1145167280951414]]	0.5157237650488149	[[0.6400531026980953, 0.4525858892373129, -0.4525858892373128], [-0.7071067811865475, 0.5000000000000001, -0.5], [0.0, 0.6400531026980952, 0.6400531026980953]]
4	[[0.5319609947059123, -0.8460851799387872, 0.03402011756955908], [-0.703274286200726, -0.4190807785627857, 0.5742617690636116], [-0.47161719485230363, -0.3294103357928521, -0.8179645788128509]]	0.6493555165057139	0.3506444834942861	[[0.3454318064781511, -0.549410079026981, 0.02209115101596614], [-0.4566750373610596, -0.27213241542125444, 0.37290004765978657], [-0.3062472271562936, -0.21390441874108812, -0.5311498115583975]]	0.7760283569912617	0.3887910537928046	[[0.5099927516606674, -0.6696369671689173, 0.09958622085710031], [-0.5185470495887454, -0.3787685772141818, 0.32456186872837955], [-0.27947158821207196, -0.11389887658694377, -0.6073397895235458]]	[[0.097175934955601, -0.013050875106364487, 0.07318564491494585], [0.0272137392458063, -0.053550009179484416, -0.12108154840095023], [0.08651672863798895, 0.14173288507432308, 0.027423918649640222]]	0.6602265322329274	[[0.6727450402918723, -0.6727450402918722, 0.0], [-0.7071067811865475, -0.7071067811865476, 0.0], [0.0, 0.0, -0.9514051600000001]]
4	[[-0.5446221603179724, 0.8109226453022452, -0.2139887049042392], [-0.8354447797583356, -0.5021691245819775, 0.22328947644507607], [0.07361197229480154, 0.30038414347728, 0.9509735242804028]]	0.7162009475238914	0.2837990524761087	[[-0.39005890726224046, 0.5807835669340484, -0.15325891321182653], [-0.5983463428668087, -0.3596540028428553, 0.1599201346020771], [0.052720964306639306, 0.2151354081795805, 0.681088139159759]]	0.8332531397536262	0.2529508432404386	[[-0.5040318297856874, 0.6418412630458219, -0.13094796723965837], [-0.7363378671935705, -0.40825010388898925, 0.09455940293538505], [0.07775872516290154, 0.13878174500327803, 0.7761042146421875]]	[[-0.050223704721334125, -0.03386257724959006, 0.04735879299361115], [-0.040200881369160404, 0.01018389585627329, -0.09149725438641798], [0.016421318124801236, -0.11151428568136927, -0.01629746028702954]]	0.3945343620402199	[[-0.6727450402918723, 0.6727450402918722, 0.0], [-0.7071067811865475, -0.7071067811865476, 0.0], [0.0, 0.0, 0.9514051600000001]]
4	[[-0.3195682178843842, -0.5708200961323295, -0.7563336379995778], [0.910087742671785, 0.03735879733279218, -0.41272826520656647], [0.2638493031197415, -0.8202248094963509, 0.507557688474819]]	0.6419154942236565	0.35808450577634354	[[-0.2051357905214276, -0.3664182641215794, -0.485502281034475], [0.5841994231240508, 0.02398119085348074, -0.2649366683401454], [0.16936895581267625, -0.5265150139623546, 0.32580914444433007]]	0.7651848900829501	0.377585592626923	[[-0.2791267320811196, -0.40668729620052124, -0.5229823507591467], [0.7773812097919419, 0.03220302571522729, -0.23595772020875466], [0.21358226924617668, -0.5229823507591467, 0.30872310500322564]]	[[-0.03459796040525287, 0.030095616315634465, 0.055752720899598034], [0.08099582044979182, 0.003616638484503397, 0.0798557120374586], [0.011688769240034317, 0.1046412799386274, -0.07965236906313498]]	0.7106681589234365	[[0.0, 0.0, -0.9051717784746258], [1.0, 1.7938038903913487e-16, 0.0], [1.807387824903013e-16, -0.9051717784746258, 0.0]]
