4	[[-0.42203838922340475, -0.825029846081567, 0.3757783270710803], [0.2588054115689476, 0.28760896992378115, 0.9221175843470338], [-0.8688517462515349, 0.4864224845687207, 0.09214016247897017]]	0.6764395209364908	0.3235604790635092	[[-0.28548344582308816, -0.5580827938417219, 0.2541913115422776], [0.17506620861747024, 0.19455007383228018, 0.6237567770028218], [-0.5877256589992218, 0.32903539243440305, 0.06232724736628502]]	0.8214905584079265	0.2949890124856108	[[-0.26428025354810125, -0.5843587388051803, 0.31530979612348176], [0.26272384019876166, 0.23485057256393502, 0.8291218758481991], [-0.6799708114986656, 0.35009437707591246, 0.023654341759212705]]	[[0.08242029848461535, 0.09339549015557194, 0.006611448380263464], [0.05011763812999359, -0.0014174807418805865, 0.07161098656518576], [0.03378269470321001, -0.049497101394617, -0.05203793176743357]]	0.517174415681871	[[-0.42431949617664066, -0.4243194961766408, 0.6000783862723241], [0.5, 0.5000000000000001, 0.7071067811865475], [-0.6000783862723241, 0.600078386272324, 0.0]]
4	[[0.8787972042104137, -0.3840163418041313, 0.28327887866788265], [-0.395223040501579, -0.9183905790867732, -0.018907472103605397], [0.2674214316928388, -0.09534250611366366, -0.9588511794847616]]	0.6630913364142755	0.33690866358572463	[[0.5827228125770123, -0.2546379092918226, 0.1878397702338237], [-0.26206897410790536, -0.6089768364369287, -0.01253738094539533], [0.17732483452702333, -0.06322078979599548, -0.635805910026955]]	0.8309133631658104	0.27822186780117525	[[0.6575020895425921, -0.2697713246494313, 0.17137998030991852], [-0.3184094405349512, -0.8544414784722981, -0.032999916256203084], [0.1616241908363309, -0.053952611432662924, -0.7566529170444748]]	[[-0.07270225094859431, 0.04931298542967078, -0.06400022547785142], [0.009986665248833205, -0.0913384737035112, -0.017289445021632585], [-0.06057985035418179, 0.0252687509748982, 0.040069341276712536]]	0.4858318086521694	[[0.6513981088218178, -0.6513981088218178, 0.0], [-0.7071067811865475, -0.7071067811865476, 0.0], [0.0, 0.0, -0.92121604]]
4	[[0.034229894132735264, 0.2773841392786001, 0.9601491309293217], [-0.1827544195208179, -0.9427759796974285, 0.2788803941677556], [0.9825625356654255, -0.18501754344446375, 0.018422055382213542]]	0.8449873756542254	0.15501262434577454	[[0.028923828412141944, 0.23438609589713053, 0.811313894380653], [-0.15442517734010727, -0.7966338009143715, 0.23565041238922782], [0.8302529384280892, -0.1563374884851291, 0.01556640423157342]]	0.9066791546584088	0.14169253015377697	[[0.0090898660334435, 0.2299857323623015, 0.8398557672000339], [-0.16573395437113725, -0.8260054234175236, 0.25432611219364115], [0.8720358832801136, -0.15606120547423943, 0.0]]	[[-0.021945665442871735, -0.021512684554469984, -0.030691435176969224], [-3.433176991389682e-05, 0.02878990488679386, 0.0014710721588167127], [-0.01883308595603705, 0.011690344412962388, -0.016702893601015758]]	0.35566982037402783	[[0.0, 0.0, 0.9598], [0.0, -1.0, 0.0], [0.9598, 0.0, 0.0]]
4	[[0.3802729664721569, 0.7767473726770865, -0.5020517802076895], [0.4287143634067757, 0.332951791095048, 0.839849450446521], [0.8195098935212374, -0.5346088512602871, -0.20639019011321075]]	0.6734754267094037	0.3265245732905965	[[0.2561044983608867, 0.5231202682591091, -0.3381195369055893], [0.2887285888318286, 0.2242348495813976, 0.565617967011129], [0.5519197752317935, -0.360045924225146, -0.13899872135512958]]	0.8211266365765262	0.2849834527546967	[[0.3472347273208785, 0.5446116585453191, -0.41951635655358177], [0.4074900989633834, 0.2946327279520358, 0.7145507728733324], [0.614222848867503, -0.41951635655358177, -0.07421814306104754]]	[[0.03498246538061821, -0.09319629905067064, -0.007268266884384363], [0.055461315687130995, 0.02123714358802885, 0.024928018397536604], [-0.05869855364077779, 0.01946521136581815, 0.09525433956900298]]	0.3980991254380014	[[0.42431949617664066, 0.4243194961766408, -0.6000783862723241], [0.5, 0.5000000000000001, 0.7071067811865475], [0.6000783862723241, -0.600078386272324, 0.0]]
4	[[-0.30792515101507295, 0.09349718223056193, 0.9468053539599837], [0.3027085282091916, -0.9338174967034747, 0.1906631317268273], [0.9019698710720718, 0.34531602882779927, 0.2592434992682147]]	0.6879691516134789	0.31203084838652145	[[-0.21184300490429211, 0.06432317713741054, 0.6513728761069493], [0.2082541293382424, -0.6424376309689118, 0.13117035297807433], [0.620527446982372, 0.23756677539119667, 0.1783515302528632]]	0.8334879680042847	0.2777919854241306	[[-0.238941166471118, 0.07406986051759097, 0.729997170566742], [0.24638707380640798, -0.8488705851098407, 0.11847160929492492], [0.6679465116979038, 0.25455414350239614, 0.16487130595352703]]	[[0.017710741945847666, -0.0038589159138864015, -0.059153700000942236], [-0.005916842268238854, -0.07054493729561387, -0.04044381694140164], [-0.08383452334304413, -0.03326261168459533, -0.0512050314698575]]	0.4732460871147434	[[0.0, 0.0, 0.9598], [0.0, -1.0, 0.0], [0.9598, 0.0, 0.0]]
4	[[0.08740825448676931, -0.06334395238859675, -0.994156597696443], [0.7119981850616444, -0.6940087028176986, 0.10681996481098455], [-0.6967197295301035, -0.717174639895393, -0.015561310176609944]]	0.7792936293182746	0.22070637068172536	[[0.06811669587136981, -0.04936353855227356, -0.774739903129569], [0.5548556497047133, -0.5408365607972725, 0.08324411806120253], [-0.5429492466431611, -0.5588896279791075, -0.012126829884477764]]	0.9107487467808276	0.1510166104818857	[[0.054165501210692274, -0.05416550121069229, -0.847489099413182], [0.6841903975080499, -0.6721677825489832, 0.09026404291473883], [-0.614486863007536, -0.6246897228518498, 0.0]]	[[-0.025441457021432537, 0.0035249240433666163, 0.057937776042744894], [0.035738942752933316, -0.040100226202776555, -0.007022106168037443], [0.02004975751948293, 0.028476181655870673, 0.014172443741615245]]	0.1780327126074566	[[0.0, 0.0, -0.884183155192], [0.7071067811865475, -0.7071067811865476, 0.0], [-0.6252119048471808, -0.6252119048471807, 0.0]]
4	[[-0.5446221603179724, 0.8109226453022452, -0.2139887049042392], [-0.8354447797583356, -0.5021691245819775, 0.22328947644507607], [0.07361197229480154, 0.30038414347728, 0.9509735242804028]]	0.6852514116084915	0.3147485883915087	[[-0.3732031041511566, 0.5556858873986554, -0.14663606210390281], [-0.5724897146503449, -0.34411210148600035, 0.15300942893130937], [0.0504427079262979, 0.20583865834261372, 0.651655949915448]]	0.8155503957694074	0.2760795256048036	[[-0.48887399535651116, 0.6269568099744371, -0.11848233904769107], [-0.7355895065928528, -0.407097690297225, 0.09578510887527451], [0.07603063696725908, 0.12373868035879432, 0.7556016600348876]]	[[-0.04470717696439914, -0.03439147434018353, 0.05603623392714417], [-0.054242185817457066, 0.0024465379987834886, -0.08631871201065107], [0.015996363828867034, -0.12123972673695585, -0.019965174058223147]]	0.4049645956501762	[[-0.6513981088218178, 0.6513981088218178, 0.0], [-0.7071067811865475, -0.7071067811865476, 0.0], [0.0, 0.0, 0.92121604]]
4	[[0.8592155572171323, 0.2624339665249735, -0.4391776855101157], [-0.4266000482917053, 0.8413623931712975, -0.33184593135155627], [0.2824199444684594, 0.4724804086637203, 0.8348660002631537]]	0.6686455228096716	0.3313544771903284	[[0.5745106354616529, 0.17547529675010684, -0.29365419313425284], [-0.2852442123206384, 0.5625731972544187, -0.2218872962608237], [0.1888388314209915, 0.31592190986828067, 0.5582294132219758]]	0.7828888882143763	0.38484761579555604	[[0.5447215941384327, 0.20504801230713052, -0.2831703043208429], [-0.3247813971129857, 0.7529513665866179, -0.2716467642393405], [0.24246440983362094, 0.33845821564241696, 0.5301671730452269]]	[[-0.12794871818778364, -0.00040862397529482786, 0.06065702561673454], [0.009199040406306671, 0.09425809801135394, -0.01184827198505635], [0.0213609734991429, -0.03144144619939712, -0.12344014170877668]]	0.5403537706585021	[[0.6000783862723241, 0.4243194961766408, -0.42431949617664066], [-0.7071067811865475, 0.5000000000000001, -0.5], [0.0, 0.600078386272324, 0.6000783862723241]]
4	[[0.04673222253661188, -0.9725397674033924, -0.22799671093185395], [-0.8377629715199755, -0.16246744520517667, 0.5213036857710898], [-0.5440306084466285, 0.16664552219444034, -0.8223502702654952]]	0.5931476442999745	0.4068523557000254	[[0.027719107710493476, -0.5768596720233673, -0.1352357119973714], [-0.49691713303882007, -0.09636718239888566, 0.309210053180016], [-0.3226904738271995, 0.09884539892277142, -0.48777512559742586]]	0.7649318763525811	0.3873626747017638	[[-0.01039143130303368, -0.8098722208784905, -0.12812375173476115], [-0.6879768760757178, -0.1495058241062134, 0.2734264599815007], [-0.27490254934817554, 0.03379955585709059, -0.5895350823634943]]	[[-0.0461383979740907, -0.06594555177111092, 0.04627820016055894], [-0.04714527433222891, -0.025229296399207374, -0.12533534652489534], [0.14124380476414042, -0.09367291612085839, 0.03950685288974321]]	0.6419903703369626	[[1.7654791142200305e-16, -0.884183155192, 0.0], [-1.0, -1.7938038903913487e-16, 0.0], [0.0, 0.0, -0.884183155192]]
4	[[-0.3195682178843842, -0.5708200961323295, -0.7563336379995778], [0.910087742671785, 0.03735879733279218, -0.41272826520656647], [0.2638493031197415, -0.8202248094963509, 0.507557688474819]]	0.6081827852489617	0.39181721475103826	[[-0.19435588882997193, -0.3471629559418403, -0.45998909853606323], [0.5534996981590667, 0.022720977415409, -0.2510142258843017], [0.1604686040573619, -0.4988466091697897, 0.3086878486511402]]	0.7428921487802194	0.40696783448966933	[[-0.25747958663668785, -0.38409603282254606, -0.4954676873942333], [0.7836988242357394, 0.03280789550026736, -0.22989065103339051], [0.1950941704444164, -0.4954676873942333, 0.2956533991972641]]	[[-0.020074866570692323, 0.03996173496013165, 0.06640663413403364], [0.10760178550375782, 0.005054338273864645, 0.07672193676824791], [-0.0009174053043717219, 0.11387088381535695, -0.08140722262371534]]	0.7123815640294191	[[0.0, 0.0, -0.8486389923532816], [1.0, -1.7938038903913487e-16, 0.0], [-1.6945068538283853e-16, -0.8486389923532816, 0.0]]
4	[[0.8489524140446696, -0.5135124485683378, 0.12483895166604869], [0.522794976890395, 0.7815435453534784, -0.34040431673891397], [0.0772347773085365, 0.35425224329800037, 0.9319550081910795]]	0.7671098081160306	0.23289019188396948	[[0.6512397234374474, -0.39392043588645076, 0.095765184257949], [0.40104115440641547, 0.5995297191104292, -0.2611274900954568], [0.0592475552010358, 0.27175037038100247, 0.7149118275062327]]	0.8847745968410909	0.1925628710603483	[[0.7183895747081723, -0.46035979916979003, 0.05509638078360735], [0.5064822929626966, 0.6676929224939278, -0.29577796042503024], [0.02565456598411751, 0.26988986264451775, 0.8023362224591213]]	[[-0.03274195516547096, -0.0060170295148576445, -0.0553579523467853], [0.04392657805394997, -0.02379695275995302, 0.00540313168060939], [-0.04268080297115431, -0.04354352309952261, -0.022233894187176584]]	0.4400561824917112	[[0.6786810885828484, -0.6786810885828483, 0.0], [0.7071067811865475, 0.7071067811865476, 0.0], [0.0, 0.0, 0.9598]]
4	[[-0.8305561570912853, 0.32773595720904825, 0.4502950280316503], [-0.5100865793185324, -0.772219296347621, -0.37879947194723407], [0.22358030216652452, -0.5443036842615101, 0.808545204538665]]	0.6117061062637641	0.3882938937362359	[[-0.5080562728877052, 0.20047808626697447, 0.2754482182671733], [-0.3120230752923422, -0.47237125895054694, -0.23171395003961248], [0.13676543607556058, -0.33295388732462955, 0.49459203880658537]]	0.7746792576822839	0.3791674036654341	[[-0.6130846848852957, 0.2434896637094037, 0.19774277750012448], [-0.5666279903355831, -0.6257913007294664, -0.3041900139404245], [0.1781791943768519, -0.27341381198655484, 0.5925861953681634]]	[[0.03032994235363157, -0.010400584337094551, -0.15109144055345755], [-0.17147449771540713, -0.027569029466955795, -0.010741920201900075], [0.004976171862107994, 0.14824696209088398, -0.03377700348642008]]	0.6806607985950914	[[-0.6513981088218178, 0.6513981088218178, 0.0], [-0.7071067811865475, -0.7071067811865476, 0.0], [0.0, 0.0, 0.92121604]]
4	[[0.22433838825039393, -0.7661379269479729, -0.6022499185961573], [-0.9416906372873723, -0.011392912655017143, -0.3362869982418849], [0.2507808429735371, 0.642575192824231, -0.724020780340167]]	0.5533018929658804	0.4466981070341197	[[0.12412685488385751, -0.4239055652532688, -0.3332260199978012], [-0.5210392121993493, -0.0063037201384159025, -0.1860682327070486], [0.13875751513683723, 0.3555380705625626, -0.40060206830884826]]	0.7579732928086987	0.4119267267497829	[[0.20517308054486622, -0.5147086373335045, -0.3716980623129803], [-0.8188682344707466, 0.05339390295976022, -0.20324824428321897], [0.17248438522608459, 0.37169806231298025, -0.4272097247029709]]	[[0.03513057369931891, 0.06600344990088076, 0.08479129157911987], [-0.10509188131891495, 0.062029426479565414, 0.05164831910293558], [-0.01760079609590854, -0.11535677246918666, 0.12157869023338914]]	0.7322380843106224	[[1.6945068538283853e-16, -0.8486389923532816, 0.0], [-1.0, -1.7938038903913487e-16, 0.0], [0.0, 0.0, -0.8486389923532816]]
4	[[0.5319609947059123, -0.8460851799387872, 0.03402011756955908], [-0.703274286200726, -0.4190807785627857, 0.5742617690636116], [-0.47161719485230363, -0.3294103357928521, -0.8179645788128509]]	0.6219385960097583	0.37806140399024174	[[0.33084707417934955, -0.526213028915793, 0.021158424157298475], [-0.4373934221694445, -0.2606425110340155, 0.35715555839350277], [-0.2933169360205024, -0.20487300175410947, -0.5087237417325778]]	0.762567300092206	0.41245590227953105	[[0.48500771001174514, -0.6388726368067408, 0.09620739810654756], [-0.5087034398990983, -0.36687621267188986, 0.33933145710012896], [-0.2722722138266752, -0.11190509010709662, -0.5739993912470306]]	[[0.07935165052449332, 0.006324254507208478, 0.07026476890270952], [0.027590533753262717, -0.047298914842726664, -0.09858178968088324], [0.08736763712890583, 0.13929246028092557, 0.049753649189343566]]	0.6711044848448416	[[0.6513981088218178, -0.6513981088218178, 0.0], [-0.7071067811865475, -0.7071067811865476, 0.0], [0.0, 0.0, -0.92121604]]
