4	[[0.034229894132735264, 0.2773841392786001, 0.9601491309293217], [-0.1827544195208179, -0.9427759796974285, 0.2788803941677556], [0.9825625356654255, -0.18501754344446375, 0.018422055382213542]]	0.8677303205025068	0.1322696794974933	[[0.029702317006565244, 0.24069462807853167, 0.8331505131115037], [-0.15858155102404886, -0.8180753030249145, 0.24199297381305201], [0.8525993039867154, -0.160545332271651, 0.015985376021123085]]	0.9320124931515684	0.122789545571556	[[0.011535337184063391, 0.24300827129311367, 0.8846482930175749], [-0.16343916839299102, -0.8279473286527258, 0.2519327242161192], [0.9187242743982537, -0.16551966800089135, 0.0]]	[[-0.020367351786901446, -0.015517211916636365, -0.010222692297174032], [0.006890233779074139, 0.050731662668487235, -0.007987287243262885], [0.002963715855393573, 0.0069189939415619725, -0.017169585765753115]]	0.34174041467459526	[[0.0, 0.0, 0.992], [0.0, -1.0, 0.0], [0.992, 0.0, 0.0]]
4	[[0.22433838825039393, -0.7661379269479729, -0.6022499185961573], [-0.9416906372873723, -0.011392912655017143, -0.3362869982418849], [0.2507808429735371, 0.642575192824231, -0.724020780340167]]	0.6295389057245409	0.37046109427545926	[[0.1412297434511602, -0.482313632164895, -0.3791397547257186], [-0.5928308933289378, -0.007172281765854802, -0.2117057488825868], [0.15787629746223844, 0.40452608373630217, -0.45579924977717695]]	0.7844718918094786	0.35564582593166927	[[0.232655956163817, -0.5954528903391549, -0.3712924042577188], [-0.8363444344575737, -0.01629060696202443, -0.15690777519946614], [0.15194665827433054, 0.3712924042577188, -0.5398754844747577]]	[[0.05666879632754111, 0.00556077860071349, 0.10115572872551325], [-0.09761459872547547, -0.007353187218322977, 0.1068999225022761], [-0.044783864042695895, -0.1327897728869463, 0.02809846678806801]]	0.7469195045405671	[[1.9336017747406363e-16, -0.968381956096, 0.0], [-1.0, -1.7938038903913487e-16, 0.0], [0.0, 0.0, -0.968381956096]]
4	[[-0.30792515101507295, 0.09349718223056193, 0.9468053539599837], [0.3027085282091916, -0.9338174967034747, 0.1906631317268273], [0.9019698710720718, 0.34531602882779927, 0.2592434992682147]]	0.7471925371777658	0.25280746282223443	[[-0.230079374847799, 0.06986039680982549, 0.7074458946388525], [0.2261815532179732, -0.6977414646228592, 0.14246206914122672], [0.6739451564242435, 0.25801755970799384, 0.19370480796505962]]	0.8601843397098445	0.24866387475741164	[[-0.26474363064828205, 0.0826755426380413, 0.7570461867610638], [0.2430965738574518, -0.849694717289406, 0.11977247815878629], [0.6924784499208683, 0.2728011796466102, 0.18206808801024074]]	[[0.00012876205767268408, 0.002250730676314403, -0.057380951468750434], [-0.017288561604710435, -0.046439530478027874, -0.044232961912665764], [-0.0833819080654356, -0.02423426060185593, -0.040929110231858114]]	0.4674587558988309	[[0.0, 0.0, 0.992], [0.0, -1.0, 0.0], [0.992, 0.0, 0.0]]
4	[[0.8489524140446696, -0.5135124485683378, 0.12483895166604869], [0.522794976890395, 0.7815435453534784, -0.34040431673891397], [0.0772347773085365, 0.35425224329800037, 0.9319550081910795]]	0.8279398715157147	0.17206012848428548	[[0.7028815526070994, -0.42515743068938966, 0.1033591456025449], [0.43284280599569463, 0.647071062523895, -0.2818343062642111], [0.06394575160137456, 0.2932995568003002, 0.7716027097401491]]	0.9180070873085435	0.13873345638361845	[[0.773652090366574, -0.48260305630507305, 0.058672488593574976], [0.5033752489193785, 0.6714970177022256, -0.28970110622391726], [0.024578895599400668, 0.29617229630932906, 0.8567237753780781]]	[[-0.005692242514129819, -0.011194989098175049, -0.055930553808026424], [0.023445754924689734, -0.04596549597251348, 0.022792469092828057], [-0.04632317735653292, -0.02903377373318572, 0.0011824728059755159]]	0.4294648766321159	[[0.7014499269370552, -0.7014499269370551, 0.0], [0.7071067811865475, 0.7071067811865476, 0.0], [0.0, 0.0, 0.992]]
4	[[0.3802729664721569, 0.7767473726770865, -0.5020517802076895], [0.4287143634067757, 0.332951791095048, 0.839849450446521], [0.8195098935212374, -0.5346088512602871, -0.20639019011321075]]	0.7772329395560218	0.22276706044397832	[[0.295560675564843, 0.6037136437582287, -0.3902111809401563], [0.3332109249005369, 0.2587810993232466, 0.6527586571550591], [0.6369500835367538, -0.41551560897770107, -0.160413254157217]]	0.8778283197940367	0.2073529385019916	[[0.3431296035229216, 0.6465709456125003, -0.44071527066932104], [0.40418867627136784, 0.30193929157824445, 0.7208786733136654], [0.6950774241769874, -0.45266034603379746, -0.08867464464687505]]	[[0.009315224301573985, -0.03527989544905921, 1.5329181435021143e-18], [0.02785106697042783, 0.009664780228863393, -0.016364958651749122], [-0.024311568707350413, 0.016634443615040535, 0.09250050916217659]]	0.36892464119266993	[[0.4841909780479999, 0.484190978048, -0.6847494479341751], [0.5, 0.5000000000000001, 0.7071067811865475], [0.6847494479341751, -0.684749447934175, 0.0]]
4	[[-0.42203838922340475, -0.825029846081567, 0.3757783270710803], [0.2588054115689476, 0.28760896992378115, 0.9221175843470338], [-0.8688517462515349, 0.4864224845687207, 0.09214016247897017]]	0.7638387418427681	0.2361612581572319	[[-0.322369272233754, -0.6301897596136768, 0.2870340445617542], [0.19768559995492474, 0.21968687372927556, 0.704349135458731], [-0.6636626247046644, 0.37154833861700487, 0.0703802257811248]]	0.8748134741806544	0.20455558887786693	[[-0.29524066846883085, -0.673487267887716, 0.3479787226210575], [0.2546699609902279, 0.23145587144851054, 0.8300686897525577], [-0.7824627970544824, 0.39536828759356035, 0.022165069919158942]]	[[0.07396420104530313, 0.048259958065630215, 0.019242778794211428], [0.028263499758842712, -0.020148330736031936, 0.023387802186856377], [-0.022379582368248784, -0.03016065605158813, -0.05844038573063892]]	0.4827038576680998	[[-0.4841909780479999, -0.484190978048, 0.6847494479341751], [0.5, 0.5000000000000001, 0.7071067811865475], [-0.6847494479341751, 0.684749447934175, 0.0]]
4	[[-0.5446221603179724, 0.8109226453022452, -0.2139887049042392], [-0.8354447797583356, -0.5021691245819775, 0.22328947644507607], [0.07361197229480154, 0.30038414347728, 0.9509735242804028]]	0.7483451561509931	0.25165484384900694	[[-0.4075653556064442, 0.6068500336250852, -0.16013741078611166], [-0.6252010541637837, -0.3757958319495074, 0.1670975981171639], [0.05508716290153583, 0.22479101875578733, 0.7116564305230784]]	0.8485616534482107	0.23631967897663889	[[-0.5082770704559204, 0.6457799686770286, -0.1443508843941466], [-0.7358366559970739, -0.40822209090413486, 0.09507221749013091], [0.06803541713430833, 0.16838168720331553, 0.7982336920070989]]	[[-0.04613158959196524, -0.042337892039241584, 0.03723172485863587], [-0.02691025232066452, 0.017899371761788498, -0.09440266983968815], [0.005571120210247679, -0.08651277825538965, -0.008725974141751762]]	0.3846293771084246	[[-0.6958383275215587, 0.6958383275215586, 0.0], [-0.7071067811865475, -0.7071067811865476, 0.0], [0.0, 0.0, 0.9840639999999999]]
4	[[-0.8305561570912853, 0.32773595720904825, 0.4502950280316503], [-0.5100865793185324, -0.772219296347621, -0.37879947194723407], [0.22358030216652452, -0.5443036842615101, 0.808545204538665]]	0.6837627113726948	0.31623728862730527	[[-0.5679033299200232, 0.22409362671558428, 0.3078949492845648], [-0.3487781825096629, -0.5280147598449637, -0.2590089540051858], [0.1528758736189092, -0.3721745629607973, 0.5528530613227477]]	0.8154820797400609	0.32646537265267334	[[-0.6753429397078508, 0.26500305044761724, 0.2051806890485129], [-0.5577523907696902, -0.6319744693347198, -0.3036883049188168], [0.1866571676216049, -0.30325222589966905, 0.651826918688089]]	[[0.001960722617863255, -0.002259749542816999, -0.16202683690734626], [-0.14178592621951996, -0.002243471533755393, 0.0052158762691504905], [0.004331437821936268, 0.14061767455208465, -0.007527206272954437]]	0.6413059293820078	[[-0.968381956096, 0.0, 0.0], [0.0, -0.7071067811865476, -0.7071067811865475], [0.0, -0.684749447934175, 0.6847494479341751]]
4	[[0.8787972042104137, -0.3840163418041313, 0.28327887866788265], [-0.395223040501579, -0.9183905790867732, -0.018907472103605397], [0.2674214316928388, -0.09534250611366366, -0.9588511794847616]]	0.7214181122502771	0.27858188774972326	[[0.6339802201122979, -0.27703634437759356, 0.20436251388895915], [-0.28512105979646396, -0.6625435978732185, -0.013640192832407777], [0.19292266442711417, -0.06878181077772974, -0.6917326078328482]]	0.858418164076092	0.23512783280454036	[[0.7015572352822668, -0.3183507829416495, 0.15426189992053263], [-0.3591939030821554, -0.8407225967377076, -0.025335764053239555], [0.13971513129643964, -0.06005101941827578, -0.8230952691155045]]	[[-0.05281824735123915, 0.011295820165069938, -0.08890983502708524], [-0.019927266254218905, -0.05235944193326073, -0.00910524656274269], [-0.08984428313192709, 0.021792719638228958, 0.0]]	0.4711744420272286	[[0.6958383275215587, -0.6958383275215586, 0.0], [-0.7071067811865475, -0.7071067811865476, 0.0], [0.0, 0.0, -0.9840639999999999]]
4	[[-0.3195682178843842, -0.5708200961323295, -0.7563336379995778], [0.910087742671785, 0.03735879733279218, -0.41272826520656647], [0.2638493031197415, -0.8202248094963509, 0.507557688474819]]	0.6774192620994773	0.32258073790052266	[[-0.21648166634968455, -0.3866845283135154, -0.5123549749546872], [0.6165109670864999, 0.02530756892210398, -0.2795900768638297], [0.17873660022483656, -0.5556360852047024, 0.34382935479952825]]	0.7816979951862675	0.333558048311479	[[-0.24101408302299954, -0.4042486454784691, -0.5718483434233582], [0.793617192993751, 0.05771296630810206, -0.23028830037584624], [0.20342257055549445, -0.5914328076518489, 0.3087695275292677]]	[[0.008791752222471874, 0.041960279280205355, 0.019376145092847893], [0.08220342910362087, 0.028509669330488374, 0.09234055709283287], [-0.0028279007245011548, 0.04973528153348684, -0.08798729999287443]]	0.7081418391820739	[[-0.4841909780479999, -0.484190978048, -0.6847494479341751], [0.5, 0.5000000000000001, -0.7071067811865475], [0.6847494479341751, -0.684749447934175, 0.0]]
4	[[0.08740825448676931, -0.06334395238859675, -0.994156597696443], [0.7119981850616444, -0.6940087028176986, 0.10681996481098455], [-0.6967197295301035, -0.717174639895393, -0.015561310176609944]]	0.9250222987479584	0.0749777012520417	[[0.08085458449489788, -0.058594568450281, -0.9196170213166129], [0.6586141978500965, -0.6419735256315163, 0.09881084940163296], [-0.6444812857929921, -0.6634025339997757, -0.01439455891109773]]	0.9608883171009253	0.06198228581695733	[[0.06464253007808968, -0.06448896993976964, -0.9371935360427749], [0.6827801247279737, -0.6682419078711292, 0.09440318684901483], [-0.678524196022976, -0.692690034782327, 0.0]]	[[-0.019347040476431484, -0.0036225061305697904, 0.01807992405254186], [-0.0013706130948228853, -0.0013770533672347743, -0.008238869370992169], [-0.009054347623783128, -0.0035653019857804806, 0.014952681147488229]]	0.12065398265586107	[[0.0, 0.0, -0.976191488], [0.7071067811865475, -0.7071067811865476, 0.0], [-0.6902716209013863, -0.6902716209013862, 0.0]]
4	[[0.5319609947059123, -0.8460851799387872, 0.03402011756955908], [-0.703274286200726, -0.4190807785627857, 0.5742617690636116], [-0.47161719485230363, -0.3294103357928521, -0.8179645788128509]]	0.6701507154535034	0.32984928454649676	[[0.35649404119552436, -0.5670045886705843, 0.022798606129052316], [-0.4712997660574684, -0.2808472835866621, 0.3848419353955739], [-0.31605460055044554, -0.22075457220935862, -0.5481595477070554]]	0.7935841193090698	0.3631586000957597	[[0.518516490545422, -0.7165125814047114, 0.0887388147885455], [-0.5102261471729737, -0.3933657536837918, 0.32683642267808544], [-0.30417235537075044, -0.10106895373421851, -0.6322240995092179]]	[[0.09636069305495379, -0.045072819022533184, 0.06174098974831599], [0.04788115787434417, -0.06078990310868419, -0.1288885975771292], [0.07009556085712901, 0.16034585748725705, 0.01689960039399266]]	0.6488351071464958	[[0.6958383275215587, -0.6958383275215586, 0.0], [-0.7071067811865475, -0.7071067811865476, 0.0], [0.0, 0.0, -0.9840639999999999]]
4	[[0.04673222253661188, -0.9725397674033924, -0.22799671093185395], [-0.8377629715199755, -0.16246744520517667, 0.5213036857710898], [-0.5440306084466285, 0.16664552219444034, -0.8223502702654952]]	0.6368043640376775	0.36319563596232246	[[0.02975928325249427, -0.6193175680826681, -0.14518930050764142], [-0.5334911162930929, -0.1034599781207086, 0.3319684620879561], [-0.34644106562888605, 0.10612059578075726, -0.523676240872631]]	0.8083799115239564	0.3239684467579967	[[-0.029300481115684982, -0.8981556532479571, -0.15261436841848], [-0.6740535381086109, -0.14349702620178925, 0.28855734886972867], [-0.3261470373178327, 0.03997655392162712, -0.6320113702774275]]	[[-0.067077871035149, -0.11197404212087356, 0.03169359259236516], [0.0031772186867536755, -0.01216160722130545, -0.13285407851101724], [0.11363637780457714, -0.09473633856577804, 0.032760068441495135]]	0.6127703281291151	[[1.9491953374401576e-16, -0.976191488, 0.0], [-1.0, -1.7938038903913487e-16, 0.0], [0.0, 0.0, -0.976191488]]
4	[[0.8592155572171323, 0.2624339665249735, -0.4391776855101157], [-0.4266000482917053, 0.8413623931712975, -0.33184593135155627], [0.2824199444684594, 0.4724804086637203, 0.8348660002631537]]	0.7452743286497455	0.25472567135025453	[[0.6403512975704153, 0.19558529821678938, -0.3273078547265005], [-0.3179340645925497, 0.6270457927218821, -0.24731625370318056], [0.21048033451102952, 0.3521275193670116, 0.6222041978586201]]	0.8186911102505919	0.26691927959339107	[[0.6756914331454763, 0.26888266930583793, -0.27767672733640286], [-0.33319998946133383, 0.6905315712431986, -0.3498917313478107], [0.14437537488485241, 0.3956588543935209, 0.6730684523310568]]	[[-0.02774070533719864, 0.054030313884040754, 0.08187413961115901], [0.016053677707558445, 0.001715659454694104, -0.07821241737746336], [-0.08683932300894111, 0.00884334405296635, -0.010428920334855362]]	0.4903313980173805	[[0.6847494479341751, 0.484190978048, -0.4841909780479999], [-0.7071067811865475, 0.5000000000000001, -0.5], [0.0, 0.684749447934175, 0.6847494479341751]]
