4	[[-0.5446221603179724, 0.8109226453022452, -0.2139887049042392], [-0.8354447797583356, -0.5021691245819775, 0.22328947644507607], [0.07361197229480154, 0.30038414347728, 0.9509735242804028]]	0.6387625634290677	0.3612374365709324	[[-0.3478842472249847, 0.5179870276559426, -0.13668797368949814], [-0.5336508491218672, -0.3207668372929147, 0.1426289583607912], [0.04702057212209695, 0.1918741455009922, 0.6074462861225248]]	0.7886405895126035	0.30933079875608627	[[-0.4645073921990586, 0.604837503765925, -0.1009691489422779], [-0.7340446152559537, -0.4027996978165689, 0.09911028698863902], [0.07272537366142619, 0.10457570855091092, 0.7260112776793102]]	[[-0.03499625062426533, -0.03468900927435748, 0.06779102944243987], [-0.07517895164211248, -0.0067687433712101995, -0.07698485734696636], [0.014671984435668469, -0.13231941944124967, -0.023965043120064852]]	0.4219939062984714	[[-0.6205528382342547, 0.6205528382342546, 0.0], [-0.7071067811865475, -0.7071067811865476, 0.0], [0.0, 0.0, 0.8775942400000002]]
4	[[0.8592155572171323, 0.2624339665249735, -0.4391776855101157], [-0.4266000482917053, 0.8413623931712975, -0.33184593135155627], [0.2824199444684594, 0.4724804086637203, 0.8348660002631537]]	0.6037086981724746	0.39629130182752537	[[0.5187159054970923, 0.15843366828703054, -0.2651353887857124], [-0.2575421597945003, 0.5079377950727217, -0.20033827521008038], [0.17049937701299625, 0.2852405324263734, 0.5040158661673295]]	0.7602494713520077	0.4260856579907115	[[0.49098165497716745, 0.198598912641374, -0.2911817174675715], [-0.3547051422413175, 0.7489116582039432, -0.2514757378764937], [0.24258428625324013, 0.32407039734169096, 0.4876070955375392]]	[[-0.16223651817457832, -0.0009163716740476172, 0.04270288577109221], [-0.03038268104880755, 0.10926634358000431, 0.000809956003841635], [0.027874672771830474, -0.03513258356908297, -0.14709933981228862]]	0.5775362733901349	[[0.5445935964500337, 0.3850858250405889, -0.3850858250405888], [-0.7071067811865475, 0.5000000000000001, -0.5], [0.0, 0.5445935964500336, 0.5445935964500337]]
4	[[-0.42203838922340475, -0.825029846081567, 0.3757783270710803], [0.2588054115689476, 0.28760896992378115, 0.9221175843470338], [-0.8688517462515349, 0.4864224845687207, 0.09214016247897017]]	0.5981358538055582	0.40186414619444183	[[-0.25243629227686376, -0.4934799314010664, 0.2247664905042849], [0.15480079581829137, 0.1720292367874979, 0.551551588622532], [-0.5196913810746121, 0.2909467281177328, 0.055112334754141665]]	0.781646985647346	0.35841193404573424	[[-0.24561256862353864, -0.5245590814576391, 0.29338344962441126], [0.26935998838110564, 0.23879208842320562, 0.8258506705637161], [-0.6125042437186121, 0.3238060956866086, 0.023542529950092317]]	[[0.08427246614039707, 0.12032301080111157, -0.00034254700230112686], [0.06706551855901689, 0.01398340403714379, 0.10508024034644448], [0.06663110471333288, -0.05640457312762477, -0.04847855030865141]]	0.548141104557743	[[-0.3850858250405888, -0.3850858250405889, 0.5445935964500337], [0.5, 0.5000000000000001, 0.7071067811865475], [-0.5445935964500337, 0.5445935964500336, 0.0]]
4	[[0.8787972042104137, -0.3840163418041313, 0.28327887866788265], [-0.395223040501579, -0.9183905790867732, -0.018907472103605397], [0.2674214316928388, -0.09534250611366366, -0.9588511794847616]]	0.6214793742857423	0.37852062571425765	[[0.5461543365967476, -0.23865823581993123, 0.17605198026288243], [-0.24562296791422994, -0.5707608024407683, -0.011750603932273793], [0.16619690403906281, -0.05925340104235426, -0.5959062310593356]]	0.8102980013182043	0.300751388731224	[[0.6382928566416142, -0.26342196304391896, 0.15978329330672003], [-0.3216313085249147, -0.8535137136963792, -0.03201787057095479], [0.1519795840513175, -0.04693851951134466, -0.735766944237439]]	[[-0.07379476149411007, 0.04774571119349706, -0.06975701589352742], [-0.001382868731581546, -0.10934366303289855, -0.01669718371542364], [-0.06471146755904246, 0.030317322633225674, 0.04118825006066612]]	0.49894726462593353	[[0.6205528382342547, -0.6205528382342546, 0.0], [-0.7071067811865475, -0.7071067811865476, 0.0], [0.0, 0.0, -0.8775942400000002]]
4	[[-0.30792515101507295, 0.09349718223056193, 0.9468053539599837], [0.3027085282091916, -0.9338174967034747, 0.1906631317268273], [0.9019698710720718, 0.34531602882779927, 0.2592434992682147]]	0.6424282908636049	0.35757170913639524	[[-0.19781982848053076, 0.06006523498094292, 0.6082545453250227], [0.1944685224072683, -0.5999107783857435, 0.12248738984596802], [0.5794509626832971, 0.22184078620765038, 0.1665453581523794]]	0.8139662452140624	0.2950215353983382	[[-0.21410150016871893, 0.07018909871685067, 0.7182948054256778], [0.2513517569343843, -0.845875371671481, 0.120738011072039], [0.6579602348159412, 0.24492291398209726, 0.1439124014518683]]	[[0.036539178809993064, -0.005914451641454786, -0.05237279348570131], [0.004957232833673516, -0.08577945016455854, -0.0344553423604008], [-0.07621279443680504, -0.036152677415097395, -0.06710305624363497]]	0.47831062613718517	[[0.0, 0.0, 0.9368000000000001], [0.0, -1.0, 0.0], [0.9368000000000001, 0.0, 0.0]]
4	[[-0.8305561570912853, 0.32773595720904825, 0.4502950280316503], [-0.5100865793185324, -0.772219296347621, -0.37879947194723407], [0.22358030216652452, -0.5443036842615101, 0.808545204538665]]	0.567247340398228	0.4327526596017719	[[-0.4711307711614044, 0.18590735007970002, 0.25542865704549916], [-0.2893452554912673, -0.4380393420573791, -0.21487299300632173], [0.12682533176939326, -0.3087548172662984, 0.458645116866299]]	0.7487630789380504	0.39782369691013464	[[-0.5395707087000134, 0.21925255662517026, 0.23336539206617957], [-0.4562071127812334, -0.6760080371053561, -0.25761272591450746], [0.13868749210723857, -0.35251536874414247, 0.5263958262852698]]	[[0.08231907671461247, -0.026144027773385828, -0.10379889955329458], [-0.07427311512571093, -0.09779873915673666, 0.026018333000811196], [-0.028721183332868005, 0.055039133760830264, -0.07901297052569656]]	0.6829897611483002	[[-0.6205528382342547, 0.6205528382342546, 0.0], [-0.7071067811865475, -0.7071067811865476, 0.0], [0.0, 0.0, 0.8775942400000002]]
4	[[0.5319609947059123, -0.8460851799387872, 0.03402011756955908], [-0.703274286200726, -0.4190807785627857, 0.5742617690636116], [-0.47161719485230363, -0.3294103357928521, -0.8179645788128509]]	0.582901659744535	0.4170983402554651	[[0.31008094673343006, -0.49318445567157254, 0.0198303829960002], [-0.4099397486820563, -0.24428288139127965, 0.3347381383150121], [-0.2749064456434696, -0.19201383147065812, -0.4767929106022503]]	0.7355512716729287	0.4488215887039712	[[0.45603539174159885, -0.597032877985204, 0.0930033189890659], [-0.5101566973627442, -0.35544569289709993, 0.342612875952175], [-0.25149819854611805, -0.10537584445409238, -0.539555591469004]]	[[0.06475080560526902, 0.025306152062389568, 0.06797977824831418], [0.007137598187071034, -0.0471902932915618, -0.07978609855571021], [0.09540042887031336, 0.13692234694054642, 0.06209929466019992]]	0.6874250234001507	[[0.6205528382342547, -0.6205528382342546, 0.0], [-0.7071067811865475, -0.7071067811865476, 0.0], [0.0, 0.0, -0.8775942400000002]]
4	[[0.3802729664721569, 0.7767473726770865, -0.5020517802076895], [0.4287143634067757, 0.332951791095048, 0.839849450446521], [0.8195098935212374, -0.5346088512602871, -0.20639019011321075]]	0.6066914961986509	0.39330850380134924	[[0.2307083749928923, 0.47124602569783275, -0.3045905457033994], [0.2600973585771089, 0.20199902030147532, 0.5095295196730146], [0.4971896834499966, -0.3243426438521457, -0.12521517324050788]]	0.7820212923788616	0.3354789228619706	[[0.3410352993105486, 0.4840692954061155, -0.38891783018769177], [0.40456012832909166, 0.3095831020042729, 0.7236733912026114], [0.5563050449262377, -0.41327104883067073, -0.0589382632529158]]	[[0.04365374261324896, -0.12336368882670498, 0.003697351811433703], [0.06929636779634393, 0.049207712032266766, 0.06689323856074647], [-0.08456914112250366, 0.004804455949077615, 0.10246325995373624]]	0.43119763451705767	[[0.3850858250405888, 0.3850858250405889, -0.5445935964500337], [0.5, 0.5000000000000001, 0.7071067811865475], [0.5445935964500337, -0.5445935964500336, 0.0]]
4	[[0.034229894132735264, 0.2773841392786001, 0.9601491309293217], [-0.1827544195208179, -0.9427759796974285, 0.2788803941677556], [0.9825625356654255, -0.18501754344446375, 0.018422055382213542]]	0.8010861956592061	0.1989138043407941	[[0.027421095668610285, 0.22220860487089714, 0.7691622145616633], [-0.14640204267383855, -0.7552448229346942, 0.2234072340077872], [0.7871172836934786, -0.1482150000081374, 0.01475765426236065]]	0.8874060138792181	0.17272473612683797	[[0.009164382607916853, 0.21988863153951535, 0.8084271324175589], [-0.16710612320423257, -0.8247933236608194, 0.2558802110321305], [0.8390190919334476, -0.1498291195436638, 0.0]]	[[-0.02121143129992139, -0.026263721811025032, -0.04361498059002576], [-0.004928752258453193, 0.011831750463550294, 0.008400072094657353], [-0.032912811228464664, 0.014356561182112865, -0.016347842734192323]]	0.3660868027211093	[[0.0, 0.0, 0.9368000000000001], [0.0, -1.0, 0.0], [0.9368000000000001, 0.0, 0.0]]
4	[[0.08740825448676931, -0.06334395238859675, -0.994156597696443], [0.7119981850616444, -0.6940087028176986, 0.10681996481098455], [-0.6967197295301035, -0.717174639895393, -0.015561310176609944]]	0.6904768783148444	0.3095231216851556	[[0.06035337869697397, -0.043737534505402416, -0.6864421441335468], [0.49161828418719905, -0.479196962644899, 0.07375671584439016], [-0.4810688639063086, -0.49519250656154373, -0.010744724873234652]]	0.8726487103479874	0.2119465418917575	[[0.05025510114929044, -0.05025510114929045, -0.7860283679346456], [0.6785789175998775, -0.6653389343618333, 0.09228000747140871], [-0.5645388675170733, -0.5753062273582873, 0.0]]	[[-0.026021599402357484, 0.005021917210962822, 0.08152110492909856], [0.05725461963572609, -0.05971313487768903, -0.0009362970603143533], [0.04345270593137038, 0.05053529724070964, 0.01357955725694368]]	0.22533679607251034	[[0.0, 0.0, -0.8221302840320002], [0.7071067811865475, -0.7071067811865476, 0.0], [-0.5813338988578497, -0.5813338988578497, 0.0]]
4	[[0.04673222253661188, -0.9725397674033924, -0.22799671093185395], [-0.8377629715199755, -0.16246744520517667, 0.5213036857710898], [-0.5440306084466285, 0.16664552219444034, -0.8223502702654952]]	0.5607595773713935	0.4392404226286064	[[0.02620554135925637, -0.5453609889459996, -0.12785133926421416], [-0.46978360984694423, -0.0911051759098649, 0.29232603451514594], [-0.30507037406963344, 0.09344807259658955, -0.4611407900053304]]	0.7321050099222841	0.431459661625444	[[-0.0110275530934674, -0.7555179251055807, -0.12192159488798915], [-0.6797969794188785, -0.1465441997479433, 0.275703902695129], [-0.2603768999265529, 0.02130113908182611, -0.5447295389551376]]	[[-0.045240447337324144, -0.04351668904090402, 0.04499593943102388], [-0.06646651084172463, -0.02760096916395921, -0.10594513734883795], [0.13791063406829238, -0.10070088259783885, 0.05731721381717572]]	0.6645487971093401	[[1.6415759982569394e-16, -0.8221302840320002, 0.0], [-1.0, -1.7938038903913487e-16, 0.0], [0.0, 0.0, -0.8221302840320002]]
4	[[-0.3195682178843842, -0.5708200961323295, -0.7563336379995778], [0.910087742671785, 0.03735879733279218, -0.41272826520656647], [0.2638493031197415, -0.8202248094963509, 0.507557688474819]]	0.551515537838459	0.448484462161541	[[-0.17624683756258402, -0.31481615232742255, -0.41712975314665546], [0.5019275308798186, 0.020603957203992905, -0.22762605116653362], [0.1455169903183868, -0.4523667269578276, 0.2799259515432348]]	0.7114981132261001	0.46310599209051606	[[-0.24118275701386974, -0.39288883785269807, -0.41584852192000893], [0.7876139900953123, 0.015894799992631187, -0.2189698516328433], [0.16864437195009757, -0.4158485219200089, 0.32414563486828]]	[[-0.01381057294210318, 0.01324858353699545, 0.12228143448612278], [0.14008827831413684, -0.0106859138220467, 0.0746855303367102], [-0.019083909395619783, 0.16773988245788207, -0.03698070283495431]]	0.7208342944554379	[[0.0, 0.0, -0.7701716500811778], [1.0, -1.7938038903913487e-16, 0.0], [-1.537828395167101e-16, -0.7701716500811778, 0.0]]
4	[[0.8489524140446696, -0.5135124485683378, 0.12483895166604869], [0.522794976890395, 0.7815435453534784, -0.34040431673891397], [0.0772347773085365, 0.35425224329800037, 0.9319550081910795]]	0.7109307142016782	0.28906928579832186	[[0.6035463460400158, -0.3650717718121409, 0.0887518450681328], [0.3716710063017384, 0.5556233108778601, -0.24200388401653042], [0.05490857539316543, 0.2518488003353941, 0.6625554395771149]]	0.8612166297838443	0.23244629041444226	[[0.6842985812150132, -0.4290589337767958, 0.054107336079741185], [0.4949105031402631, 0.6660634553389411, -0.31128363195247455], [0.02220693478036692, 0.2633602769936264, 0.7584064556942905]]	[[-0.04683335565539577, 0.013186526531277802, -0.05340604513984151], [0.044670775074794375, -0.007014842819698913, -0.01812177352671478], [-0.04430893983539661, -0.0417276460728439, -0.044208695570205916]]	0.4482494336827588	[[0.6624176326155579, -0.6624176326155577, 0.0], [0.7071067811865475, 0.7071067811865476, 0.0], [0.0, 0.0, 0.9368000000000001]]
4	[[0.22433838825039393, -0.7661379269479729, -0.6022499185961573], [-0.9416906372873723, -0.011392912655017143, -0.3362869982418849], [0.2507808429735371, 0.642575192824231, -0.724020780340167]]	0.5048356454677101	0.4951643545322899	[[0.11325401503557334, -0.3867737348680732, -0.30403722638736685], [-0.4753990007058698, -0.0057515484139528325, -0.16976966381984065], [0.126603108733482, 0.3243948622309589, -0.3655114979750633]]	0.7235820300777774	0.45702029346393075	[[0.1994908057512698, -0.46779743783193584, -0.3441187772819023], [-0.8139262143434671, 0.04383166437332034, -0.20422945550134786], [0.15729173673865354, 0.34411877728190227, -0.3931374984041949]]	[[0.037163579356673165, 0.08656619866865835, 0.09165844143008137], [-0.13253579130983412, 0.05207537124073642, 0.03910177337527719], [-0.024168774724754732, -0.12083708521947414, 0.13075092765283988]]	0.731396899690123	[[1.6415759982569394e-16, -0.8221302840320002, 0.0], [-1.0, -1.7938038903913487e-16, 0.0], [0.0, 0.0, -0.8221302840320002]]
