4	[[-0.42203838922340475, -0.825029846081567, 0.3757783270710803], [0.2588054115689476, 0.28760896992378115, 0.9221175843470338], [-0.8688517462515349, 0.4864224845687207, 0.09214016247897017]]	0.5431677755790477	0.4568322244209524	[[-0.22923765308344107, -0.44812962628244896, 0.2041106780260145], [0.14057475970972522, 0.15621992443008142, 0.5008645571121034], [-0.4719322703194174, 0.2642090189348257, 0.05004756709519426]]	0.7454816933757002	0.40528260654343756	[[-0.22252717502927535, -0.48910488840380184, 0.26924001223380617], [0.26905774519304426, 0.23566501237292894, 0.8285578991086461], [-0.5669367990665419, 0.2912445201003482, 0.02345642882262456]]	[[0.09209471803854138, 0.12593975833857798, -0.010895851365030568], [0.07612304872183011, 0.02125779044410762, 0.14113612083810917], [0.0807762720214866, -0.07137453739195715, -0.04523237553011026]]	0.5753467002919023	[[-0.3554014194823686, -0.35540141948236864, 0.5026135075186153], [0.5, 0.5000000000000001, 0.7071067811865475], [-0.5026135075186153, 0.5026135075186152, 0.0]]
4	[[0.8489524140446696, -0.5135124485683378, 0.12483895166604869], [0.522794976890395, 0.7815435453534784, -0.34040431673891397], [0.0772347773085365, 0.35425224329800037, 0.9319550081910795]]	0.6774752556903619	0.32252474430963807	[[0.5751442537738627, -0.3478919773940184, 0.08457530070007307], [0.3541806606424573, 0.5294764132214999, -0.23061550152079865], [0.052324650505288936, 0.23999712910719712, 0.6313764574661649]]	0.8246426336681643	0.2639457765018625	[[0.6578766574544056, -0.40753632471206974, 0.0496190531971023], [0.47649372058206074, 0.6264133403566151, -0.26403737819079565], [0.027380951970752854, 0.22663640008370467, 0.7259797924833441]]	[[-0.042205697122336724, 0.015927933296712115, -0.05332846868916076], [0.045374693970678275, -0.01808078721003174, 0.016674534076794346], [-0.03631013819973287, -0.06549510281241365, -0.042550039931583246]]	0.45523742575887516	[[0.6492654464854879, -0.6492654464854878, 0.0], [0.7071067811865475, 0.7071067811865476, 0.0], [0.0, 0.0, 0.9181999999999999]]
4	[[-0.8305561570912853, 0.32773595720904825, 0.4502950280316503], [-0.5100865793185324, -0.772219296347621, -0.37879947194723407], [0.22358030216652452, -0.5443036842615101, 0.808545204538665]]	0.5328017637488363	0.4671982362511637	[[-0.44252178539069226, 0.17461829604489404, 0.2399179851425949], [-0.27177502912552465, -0.41143980309489786, -0.20182502676061415], [0.11912397933382207, -0.29000596298952225, 0.4307943110488642]]	0.7239800047753578	0.42002607563089966	[[-0.516342372952015, 0.17962777864615254, 0.23878411572795605], [-0.44002594658611455, -0.671005447429624, -0.2607460312645238], [0.13561898612506235, -0.3404218618536871, 0.4864506498493825]]	[[0.0849636776251366, -0.05764650121911065, -0.08722048081671799], [-0.07073346245523743, -0.1119341175722499, 0.013497212244737749], [-0.026248682105134036, 0.05364312207720577, -0.09891991119361274]]	0.6864204146128358	[[-0.596155532962975, 0.5961555329629749, 0.0], [-0.7071067811865475, -0.7071067811865476, 0.0], [0.0, 0.0, 0.8430912399999998]]
4	[[0.22433838825039393, -0.7661379269479729, -0.6022499185961573], [-0.9416906372873723, -0.011392912655017143, -0.3362869982418849], [0.2507808429735371, 0.642575192824231, -0.724020780340167]]	0.4701906129381172	0.5298093870618827	[[0.10548180427700206, -0.36023086146680583, -0.2831722583666584], [-0.44277409794423583, -0.005356840584412957, -0.15811898982647146], [0.11791479827086512, 0.30213282377285405, -0.3404277744880771]]	0.6945725610451482	0.49428839550253706	[[0.18401154927681318, -0.4242119675861048, -0.33287243553719437], [-0.8159735936312018, 0.04688802426908352, -0.2034480619339314], [0.14461146000451214, 0.33287243553719437, -0.3558205869253338]]	[[0.028192260408996285, 0.10792641444796938, 0.08543383281137056], [-0.16190111597827392, 0.05480122878964248, 0.03012765968111983], [-0.029574032360678647, -0.11344266180681171, 0.1470643807254428]]	0.7320709089439126	[[1.5457249344462515e-16, -0.7741263765679998, 0.0], [-1.0, -1.7938038903913487e-16, 0.0], [0.0, 0.0, -0.7741263765679998]]
4	[[0.8787972042104137, -0.3840163418041313, 0.28327887866788265], [-0.395223040501579, -0.9183905790867732, -0.018907472103605397], [0.2674214316928388, -0.09534250611366366, -0.9588511794847616]]	0.5891525948702295	0.4108474051297705	[[0.5177456532252683, -0.22624422424647697, 0.16689448643911198], [-0.23284667986400717, -0.5410721927733452, -0.011139386252275592], [0.15755203040574783, -0.056171284878295674, -0.5649096604878276]]	0.7947482134480807	0.3626372905949118	[[0.555210657679563, -0.23544163278809135, 0.22625671429797506], [-0.34551139742637965, -0.847099063275351, -0.023624117713818348], [0.20312040168139647, -0.0757732863994969, -0.6444837648519826]]	[[-0.14321185034983144, 0.0697546687956095, 0.0011213315690997172], [-0.03140859207423134, -0.11720979129859, -0.008597438038658539], [-0.00941230339421506, 0.0, 0.11756149700611664]]	0.5108571479034041	[[0.596155532962975, -0.5961555329629749, 0.0], [-0.7071067811865475, -0.7071067811865476, 0.0], [0.0, 0.0, -0.8430912399999998]]
4	[[0.3802729664721569, 0.7767473726770865, -0.5020517802076895], [0.4287143634067757, 0.332951791095048, 0.839849450446521], [0.8195098935212374, -0.5346088512602871, -0.20639019011321075]]	0.5559294920252276	0.4440705079747726	[[0.21140495708179263, 0.4318167723243029, -0.27910539114122196], [0.23833495827264764, 0.1850977200923597, 0.46689707836440103], [0.45558971881490984, -0.29720482711332186, -0.1147383935486274]]	0.750584210300772	0.3853096827158558	[[0.2975414914349386, 0.4331483060674949, -0.3523311058348004], [0.4127384697249356, 0.3130952592657809, 0.7106790016592515], [0.5369377877646162, -0.38324085349118014, -0.037546359064828116]]	[[0.012114607196702749, -0.14986600725653562, 0.024501033142484988], [0.09095223782266265, 0.06318690207847674, 0.08030126512431215], [-0.07817339849769157, 0.018028108951825366, 0.11736685879512236]]	0.4620561850537806	[[0.3554014194823686, 0.35540141948236864, -0.5026135075186153], [0.5, 0.5000000000000001, 0.7071067811865475], [0.5026135075186153, -0.5026135075186152, 0.0]]
4	[[0.08740825448676931, -0.06334395238859675, -0.994156597696443], [0.7119981850616444, -0.6940087028176986, 0.10681996481098455], [-0.6967197295301035, -0.717174639895393, -0.015561310176609944]]	0.6301599824167519	0.3698400175832483	[[0.05508118411046152, -0.039916823923405696, -0.6264777041238883], [0.44867276377920506, -0.43733651196467355, 0.06731366714704808], [-0.43904489251009415, -0.4519347584662211, -0.009806114947274144]]	0.8460316562394047	0.25960544122797086	[[0.04776710766098021, -0.04776710766098022, -0.7381141095197378], [0.67434999570336, -0.6652123028818401, 0.09503745312537401], [-0.5300087823510813, -0.5375624577504682, 0.0]]	[[-0.026183042651456614, 0.005823881291094284, 0.10297384339071544], [0.07197699195620683, -0.07805897059242174, 0.00466438137690183], [0.05943816435794227, 0.06918999065312996, 0.013165361021972414]]	0.265124873039943	[[0.0, 0.0, -0.7741263765679998], [0.7071067811865475, -0.7071067811865476, 0.0], [-0.5473900103666035, -0.5473900103666034, 0.0]]
4	[[0.8592155572171323, 0.2624339665249735, -0.4391776855101157], [-0.4266000482917053, 0.8413623931712975, -0.33184593135155627], [0.2824199444684594, 0.4724804086637203, 0.8348660002631537]]	0.5494312538783735	0.45056874612162656	[[0.47207988095361436, 0.1441894232880913, -0.24129794642522487], [-0.23438739943748635, 0.46227079464621507, -0.18232652615692224], [0.15517034420956624, 0.25959550336507414, 0.4587014733450071]]	0.7417600592675259	0.4551555103893353	[[0.4624572816593577, 0.18653022916199696, -0.28579680559875936], [-0.3525412550383652, 0.7495747379520286, -0.2520388089586838], [0.23789322161001197, 0.3107593720856128, 0.45890346980715774]]	[[-0.17487450098560267, -0.008132805401379261, 0.03996766043419888], [-0.036106377933980485, 0.12548571932781968, -0.005888751251666044], [0.028405386862756118, -0.03970772384753324, -0.16036678402848126]]	0.6079672198279837	[[0.5026135075186153, 0.35540141948236864, -0.3554014194823686], [-0.7071067811865475, 0.5000000000000001, -0.5], [0.0, 0.5026135075186152, 0.5026135075186153]]
4	[[-0.30792515101507295, 0.09349718223056193, 0.9468053539599837], [0.3027085282091916, -0.9338174967034747, 0.1906631317268273], [0.9019698710720718, 0.34531602882779927, 0.2592434992682147]]	0.6052005796039575	0.3947994203960426	[[-0.18635647986895829, 0.05658454887727292, 0.5730071489887123], [0.18319937672326367, -0.5651468902492595, 0.11538943783018156], [0.5458726887581248, 0.208985460793121, 0.15689431601568168]]	0.7983121186267913	0.30270288847462634	[[-0.17699990898993445, 0.07197327694640927, 0.7263700799045579], [0.261042418869196, -0.8374100454283852, 0.13148445456322194], [0.6676770985797151, 0.243482975916593, 0.10502663204352519]]	[[0.06882047069538309, -0.002666656685705796, -0.029476108142425576], [0.019386532388118445, -0.09193222122426764, -0.020724234069640537], [-0.052376380133364216, -0.032186994652717585, -0.10193059509750632]]	0.4829401943325329	[[0.0, 0.0, 0.9181999999999999], [0.0, -1.0, 0.0], [0.9181999999999999, 0.0, 0.0]]
4	[[0.034229894132735264, 0.2773841392786001, 0.9601491309293217], [-0.1827544195208179, -0.9427759796974285, 0.2788803941677556], [0.9825625356654255, -0.18501754344446375, 0.018422055382213542]]	0.7618886190480025	0.2381113809519975	[[0.026079366770948992, 0.21133581882079144, 0.7315266954438807], [-0.1392385123136352, -0.7182902892433015, 0.21247579839203393], [0.7486032134264348, -0.1409627606745563, 0.014035554335180497]]	0.8711410370593973	0.19831700854786888	[[0.009213587657864312, 0.2119078043327784, 0.7832667296855461], [-0.16828261640750716, -0.8237387260649383, 0.25724974164767817], [0.8126141825207677, -0.14487317864288254, 0.0]]	[[-0.020605477815360068, -0.029732902422209592, -0.053158579963902275], [-0.009077741858953745, -0.0024478813966312615, 0.01430558585684602], [-0.04333636377452227, 0.016303196027509695, -0.01604820843042716]]	0.3747987852253895	[[0.0, 0.0, 0.9181999999999999], [0.0, -1.0, 0.0], [0.9181999999999999, 0.0, 0.0]]
4	[[-0.5446221603179724, 0.8109226453022452, -0.2139887049042392], [-0.8354447797583356, -0.5021691245819775, 0.22328947644507607], [0.07361197229480154, 0.30038414347728, 0.9509735242804028]]	0.5982268364785315	0.4017731635214685	[[-0.32580759204312415, 0.4851156887279645, -0.12801378597700105], [-0.4997854876473327, -0.30041104677586994, 0.1335777571126854], [0.04403665731286442, 0.17969785588072654, 0.5688978830051054]]	0.7657489287507422	0.3340459227523877	[[-0.43934010791315603, 0.5874943269016206, -0.08614839277537958], [-0.731778040681133, -0.3930507888845527, 0.10541499186144104], [0.06896112772795113, 0.09211654053198542, 0.7029859181087904]]	[[-0.022296272075753746, -0.03346882003829186, 0.07771322876980027], [-0.09203709555078769, -0.008515319684205597, -0.06556868552769006], [0.012592838799977541, -0.137902295549451, -0.025221039379245844]]	0.43696825217326585	[[-0.596155532962975, 0.5961555329629749, 0.0], [-0.7071067811865475, -0.7071067811865476, 0.0], [0.0, 0.0, 0.8430912399999998]]
4	[[0.04673222253661188, -0.9725397674033924, -0.22799671093185395], [-0.8377629715199755, -0.16246744520517667, 0.5213036857710898], [-0.5440306084466285, 0.16664552219444034, -0.8223502702654952]]	0.5276670631492945	0.4723329368507054	[[0.024659054620333274, -0.5131772028616461, -0.12030635486511007], [-0.44205992679717154, -0.08572871966878458, 0.27507478487973364], [-0.28706703342235623, 0.08793335328332091, -0.43392715199102244]]	0.7048043116356932	0.4630151183513205	[[-0.0022998610515675352, -0.7085248039873303, -0.11067238948552055], [-0.6723179140550658, -0.15042658253356977, 0.2808755224047975], [-0.24521182062727992, 0.01881058294892234, -0.5114297402278045]]	[[-0.035236932987690206, -0.02307458268424519, 0.05002067541800692], [-0.08185895959905648, -0.03591882665252566, -0.08654156299824511], [0.1382232978676935, -0.09864189960850081, 0.06816627593009421]]	0.6834883458259193	[[1.5457249344462515e-16, -0.7741263765679998, 0.0], [-1.0, -1.7938038903913487e-16, 0.0], [0.0, 0.0, -0.7741263765679998]]
4	[[0.5319609947059123, -0.8460851799387872, 0.03402011756955908], [-0.703274286200726, -0.4190807785627857, 0.5742617690636116], [-0.47161719485230363, -0.3294103357928521, -0.8179645788128509]]	0.5527606853907032	0.4472393146092968	[[0.29404712403476047, -0.4676826239618805, 0.018804983504821772], [-0.38874237645797094, -0.23165137839243485, 0.31742932906127963], [-0.2606914438686002, -0.18208508298763865, -0.45213866120990936]]	0.7115717321762198	0.478371176606265	[[0.43016132942740876, -0.5568926379825107, 0.08032141917667465], [-0.5273000170631486, -0.34718175198237466, 0.32889259265729964], [-0.24821472239539102, -0.10942734473048088, -0.49891264135420127]]	[[0.051632922974337844, 0.04515765907516084, 0.05611366518886486], [-0.02686991503630351, -0.048975716458694384, -0.0797358490778749], [0.08737474186975246, 0.12497173850638915, 0.08312783085045106]]	0.7008478867587217	[[0.596155532962975, -0.5961555329629749, 0.0], [-0.7071067811865475, -0.7071067811865476, 0.0], [0.0, 0.0, -0.8430912399999998]]
4	[[-0.3195682178843842, -0.5708200961323295, -0.7563336379995778], [0.910087742671785, 0.03735879733279218, -0.41272826520656647], [0.2638493031197415, -0.8202248094963509, 0.507557688474819]]	0.5063991160763773	0.4936008839236226	[[-0.1618290630627553, -0.28906279212004443, -0.38300668574181695], [0.4608676284409375, 0.018918461947002512, -0.2090052286803419], [0.13361305387720523, -0.4153611185128671, 0.25702676480141756]]	0.6876361707676817	0.49793657475126224	[[-0.2380785713983561, -0.3757168493989078, -0.38034889864690863], [0.7781934369870506, 0.01452604117025666, -0.22782344627325976], [0.16193755239376342, -0.3803488986469086, 0.3123946701887548]]	[[-0.01833190575328592, 0.01679969570276728, 0.13973346800991102], [0.152384186553621, -0.011163219172150546, 0.05598343758097178], [-0.019494772063217012, 0.18366734852381342, -0.03662035515776563]]	0.7316628173939894	[[0.0, 0.0, -0.7108028389647373], [1.0, 1.7938038903913487e-16, 0.0], [1.419284634808548e-16, -0.7108028389647373, 0.0]]
