4	[[-0.30792515101507295, 0.09349718223056193, 0.9468053539599837], [0.3027085282091916, -0.9338174967034747, 0.1906631317268273], [0.9019698710720718, 0.34531602882779927, 0.2592434992682147]]	0.6749720005642931	0.325027999435707	[[-0.20784085520470585, 0.0631079801372866, 0.6390671039073537], [0.20431978087323083, -0.6303006639118844, 0.12869227545550999], [0.6088044083262338, 0.2330786508048168, 0.17498210333435474]]	0.8279193797702893	0.2831723229190206	[[-0.23258793573934208, 0.07258052044031953, 0.7257410832246393], [0.24755635194900538, -0.84836718997901, 0.11851763450441177], [0.6641130545443201, 0.2514275790331422, 0.16000741529902257]]	[[0.022349264304729836, -0.004827608682277032, -0.0581374181890996], [-0.0030619049771256693, -0.07524158728962507, -0.039336067259924036], [-0.08264528168515745, -0.034466253378708706, -0.054625301824597225]]	0.4746225800606709	[[0.0, 0.0, 0.9532], [0.0, -1.0, 0.0], [0.9532, 0.0, 0.0]]
4	[[0.5319609947059123, -0.8460851799387872, 0.03402011756955908], [-0.703274286200726, -0.4190807785627857, 0.5742617690636116], [-0.47161719485230363, -0.3294103357928521, -0.8179645788128509]]	0.6103768938431803	0.3896231061568198	[[0.3246966995943231, -0.5164308440577852, 0.020765093690287253], [-0.4292623743309789, -0.2557972238885349, 0.35051611485393697], [-0.287864238476983, -0.20106445756108005, -0.49926667888953313]]	0.7551303206719018	0.42275838131268434	[[0.4755287019164135, -0.6265578258017751, 0.09358840902648363], [-0.5058235537161976, -0.3648566765295589, 0.34304786254288583], [-0.2672177033785408, -0.10956914281945598, -0.5629299967284088]]	[[0.07382882539919408, 0.012346747441145037, 0.06789878673688671], [0.02524018354285943, -0.04839607382601226, -0.09059461127973278], [0.08891474020466203, 0.13917858968043928, 0.054739857968796296]]	0.6757544735986515	[[0.6424703200239128, -0.6424703200239127, 0.0], [-0.7071067811865475, -0.7071067811865476, 0.0], [0.0, 0.0, -0.9085902400000001]]
4	[[0.8489524140446696, -0.5135124485683378, 0.12483895166604869], [0.522794976890395, 0.7815435453534784, -0.34040431673891397], [0.0772347773085365, 0.35425224329800037, 0.9319550081910795]]	0.7505567513701024	0.24944324862989778	[[0.6371869659531731, -0.38542023518555824, 0.09369871800691872], [0.39238729948746254, 0.586592784454779, -0.25549275812391864], [0.05796908354948846, 0.2658864128953183, 0.6994851233709938]]	0.8779309061287544	0.20395941185843192	[[0.7091697127485912, -0.4533232439682884, 0.05291628903517525], [0.5043083683015862, 0.6687493981737198, -0.29540132717166956], [0.023530771177143847, 0.2637776555951523, 0.792723823930457]]	[[-0.03615184937383893, -0.0024947946882922247, -0.05668368492116265], [0.04533050052064056, -0.017391834777538785, 0.003450143073064647], [-0.04427602684999217, -0.04723133736160508, -0.025468280881968283]]	0.44235538272500163	[[0.6740141838270172, -0.674014183827017, 0.0], [0.7071067811865475, 0.7071067811865476, 0.0], [0.0, 0.0, 0.9532]]
4	[[0.8787972042104137, -0.3840163418041313, 0.28327887866788265], [-0.395223040501579, -0.9183905790867732, -0.018907472103605397], [0.2674214316928388, -0.09534250611366366, -0.9588511794847616]]	0.6510146635654892	0.34898533643451096	[[0.5721098662413349, -0.25000026956326643, 0.18441870389118065], [-0.25729599474546516, -0.5978857338658906, -0.012309041590402523], [0.17409527338371492, -0.062069369541077356, -0.6242261780216446]]	0.8251713283400746	0.284366926143598	[[0.6537798724834676, -0.26661558463065194, 0.16684126298835825], [-0.31703736475957617, -0.8546157600367279, -0.03395123911506002], [0.15795991502503115, -0.0522892352010687, -0.7514381011544431]]	[[-0.07137838385638337, 0.05026369024015921, -0.06691234561270534], [0.009089356561714852, -0.09678618595668477, -0.01834933524377505], [-0.06270858299155317, 0.02638466721601482, 0.03977840030144492]]	0.48939441836130926	[[0.6424703200239128, -0.6424703200239127, 0.0], [-0.7071067811865475, -0.7071067811865476, 0.0], [0.0, 0.0, -0.9085902400000001]]
4	[[0.22433838825039393, -0.7661379269479729, -0.6022499185961573], [-0.9416906372873723, -0.011392912655017143, -0.3362869982418849], [0.2507808429735371, 0.642575192824231, -0.724020780340167]]	0.5386713064930203	0.4613286935069797	[[0.12084465269537818, -0.41269651806291874, -0.32441475048550716], [-0.5072617258998338, -0.0061370351446389595, -0.1811481566995721], [0.13508844432797618, 0.346136818638633, -0.39000921967393387]]	0.7483033317632606	0.4247371703863031	[[0.2112298560947914, -0.5007527130202677, -0.3622908417559212], [-0.8127824958190418, 0.04576911711221035, -0.2061756932266782], [0.1702055033129647, 0.36229084175592113, -0.4180414808798828]]	[[0.043356692724621636, 0.07255085030509802, 0.08837477888373592], [-0.10811225444663289, 0.05429447161044751, 0.04546898798639008], [-0.01745463702653223, -0.11855031594287058, 0.12374568131449994]]	0.7314563740206794	[[-1.6483767569421037e-16, -0.8255362242232578, 0.0], [-1.0, 1.7938038903913487e-16, 0.0], [0.0, 0.0, -0.8255362242232578]]
4	[[0.08740825448676931, -0.06334395238859675, -0.994156597696443], [0.7119981850616444, -0.6940087028176986, 0.10681996481098455], [-0.6967197295301035, -0.717174639895393, -0.015561310176609944]]	0.7519187557526564	0.24808124424734362	[[0.06572390595620314, -0.047629505864489184, -0.7475249919632037], [0.5353647894097014, -0.521838160304199, 0.08031993503021806], [-0.5238766321366028, -0.5392570628875033, -0.0117008409858777]]	0.9003962438842612	0.16888970067219347	[[0.05291033428987583, -0.05291033428987584, -0.8294439694201494], [0.6836989946631974, -0.6705067062800774, 0.09063988974298548], [-0.6000229457551015, -0.6110138357924861, 0.0]]	[[-0.025791729734490884, 0.004124322513600143, 0.06569089697848438], [0.04261850318128183, -0.04562387704003301, -0.005540405344673971], [0.027300881753862038, 0.03472751617837354, 0.014011345232937523]]	0.19125895262256304	[[0.0, 0.0, -0.8660682167680002], [0.7071067811865475, -0.7071067811865476, 0.0], [-0.6124027090467937, -0.6124027090467936, 0.0]]
4	[[0.034229894132735264, 0.2773841392786001, 0.9601491309293217], [-0.1827544195208179, -0.9427759796974285, 0.2788803941677556], [0.9825625356654255, -0.18501754344446375, 0.018422055382213542]]	0.8333489209173565	0.16665107908264362	[[0.028525445338630287, 0.23115777314741115, 0.800139242179688], [-0.1522981983005514, -0.7856613453476555, 0.2324046755447062], [0.8188174288306039, -0.15418417018022398, 0.015351999973847431]]	0.9012428645208268	0.15034944449521892	[[0.00911276218191439, 0.22706225412065212, 0.8308011284654288], [-0.16611861498229158, -0.8256676567361462, 0.25475689248558625], [0.8625199123437307, -0.15426096558610403, 0.0]]	[[-0.021736685658516573, -0.02292822213543741, -0.03452642466049556], [-0.0014124984295087583, 0.0240024678077931, 0.003417927187140883], [-0.02300756187022439, 0.012484775254390996, -0.01660274596302744]]	0.3586189479932979	[[0.0, 0.0, 0.9532], [0.0, -1.0, 0.0], [0.9532, 0.0, 0.0]]
4	[[0.3802729664721569, 0.7767473726770865, -0.5020517802076895], [0.4287143634067757, 0.332951791095048, 0.839849450446521], [0.8195098935212374, -0.5346088512602871, -0.20639019011321075]]	0.6539379792936051	0.34606202070639525	[[0.24867493527478712, 0.5079446073100707, -0.32831072664977357], [0.28035260450037114, 0.21772982147088213, 0.5492094525358425], [0.5359086437803955, -0.3496010319056276, -0.13496638386865603]]	0.8099064921559108	0.2999555439565305	[[0.3461531370606609, 0.5264199668299208, -0.41184682358278], [0.40743250651930285, 0.2980960292866949, 0.7160429117008134], [0.5973760806024124, -0.4171092508331526, -0.07024544151792092]]	[[0.038167592723474, -0.1026727730662986, -0.005231827394139941], [0.06021396031566678, 0.028436212103877, 0.03584338935060197], [-0.06635030254643698, 0.01587392856656767, 0.09691131337206114]]	0.40683694082864263	[[0.4127681121116288, 0.4127681121116289, -0.5837422622634039], [0.5, 0.5000000000000001, 0.7071067811865475], [0.5837422622634039, -0.5837422622634038, 0.0]]
4	[[0.8592155572171323, 0.2624339665249735, -0.4391776855101157], [-0.4266000482917053, 0.8413623931712975, -0.33184593135155627], [0.2824199444684594, 0.4724804086637203, 0.8348660002631537]]	0.650428320944195	0.34957167905580505	[[0.5588581322098702, 0.1706944842055636, -0.2856536045825023], [-0.27747275312508635, 0.5472459286959968, -0.21584199194115544], [0.18369393028177283, 0.3073146388861706, 0.543020490764559]]	0.7763260026128596	0.3955211972063469	[[0.5291354494324898, 0.20913386795865666, -0.2837623595942985], [-0.33907460852135557, 0.7513302472540939, -0.2612672811097752], [0.24083129836256784, 0.32992003852328083, 0.5220352406692432]]	[[-0.13789592948466714, 0.005399555776486993, 0.057182697434537216], [-0.007893898316603157, 0.09815874381463144, -0.003646655740280131], [0.021581351815222978, -0.036878788447515486, -0.1260929440324374]]	0.5509400341625287	[[0.5837422622634039, 0.4127681121116289, -0.4127681121116288], [-0.7071067811865475, 0.5000000000000001, -0.5], [0.0, 0.5837422622634038, 0.5837422622634039]]
4	[[0.04673222253661188, -0.9725397674033924, -0.22799671093185395], [-0.8377629715199755, -0.16246744520517667, 0.5213036857710898], [-0.5440306084466285, 0.16664552219444034, -0.8223502702654952]]	0.585120333746994	0.41487966625300593	[[0.027343973647361138, -0.5690527932852969, -0.13340551159366326], [-0.4901921494966415, -0.09506300576147436, 0.30502538660191814], [-0.3183233711828715, 0.09750768356385302, -0.48117386459467715]]	0.7554614607845828	0.4008329405659903	[[-0.009148906316473101, -0.7969030202994052, -0.12395316459721135], [-0.6869904922806072, -0.14557957413932474, 0.27122182231159053], [-0.2690194713889469, 0.026090463902143844, -0.5799134456169203]]	[[-0.04445329941969222, -0.06218670694573967, 0.04828956369744729], [-0.054092854024893576, -0.022841680654682756, -0.12260302165342413], [0.14197468677966854, -0.09980380572807768, 0.041340490834447186]]	0.6483466615694744	[[1.729308389574175e-16, -0.8660682167680002, 0.0], [-1.0, -1.7938038903913487e-16, 0.0], [0.0, 0.0, -0.8660682167680002]]
4	[[-0.5446221603179724, 0.8109226453022452, -0.2139887049042392], [-0.8354447797583356, -0.5021691245819775, 0.22328947644507607], [0.07361197229480154, 0.30038414347728, 0.9509735242804028]]	0.6719688244881414	0.3280311755118585	[[-0.3659691128590599, 0.5449147367145638, -0.14379373848824137], [-0.561392846578963, -0.3374419963395905, 0.15004356700737032], [0.04946495049119143, 0.20184877978730506, 0.6390245612300474]]	0.8079723053232492	0.2859004159405545	[[-0.48248554843146396, 0.6205881037572873, -0.11347987526890563], [-0.7352383579613806, -0.4065391532274747, 0.09636761113612562], [0.07523734734712002, 0.11779748175651791, 0.7469912253836597]]	[[-0.04244592602922374, -0.034614935406395236, 0.059417071945709], [-0.0602221132897641, -0.0008004079768164779, -0.08404410190162387], [0.015760912392698098, -0.12490458713136965, -0.021369045330552165]]	0.40966411962048904	[[-0.6424703200239128, 0.6424703200239127, 0.0], [-0.7071067811865475, -0.7071067811865476, 0.0], [0.0, 0.0, 0.9085902400000001]]
4	[[-0.8305561570912853, 0.32773595720904825, 0.4502950280316503], [-0.5100865793185324, -0.772219296347621, -0.37879947194723407], [0.22358030216652452, -0.5443036842615101, 0.808545204538665]]	0.5985109256235237	0.40148907437647624	[[-0.4970969343630218, 0.19615355110929905, 0.2695064940308935], [-0.3052923907360718, -0.4621816858413608, -0.22671562258084102], [0.13381525360087376, -0.32577170188765064, 0.48392313877689774]]	0.7660164742843404	0.38955977418983984	[[-0.601248744687832, 0.23856791462030028, 0.19689839274626025], [-0.5686495224772175, -0.6241429230807815, -0.3033854791657128], [0.17625478488215818, -0.2672552892407343, 0.5808151826975475]]	[[0.0349709544623851, -0.012483227817178342, -0.1480350170143127], [-0.1779147994078757, -0.03261022031824243, -0.01321884320392257], [0.004988590097129627, 0.14969029991724458, -0.038543764182671414]]	0.6810993426100141	[[-0.6424703200239128, 0.6424703200239127, 0.0], [-0.7071067811865475, -0.7071067811865476, 0.0], [0.0, 0.0, 0.9085902400000001]]
4	[[-0.42203838922340475, -0.825029846081567, 0.3757783270710803], [0.2588054115689476, 0.28760896992378115, 0.9221175843470338], [-0.8688517462515349, 0.4864224845687207, 0.09214016247897017]]	0.6528175867889292	0.34718241321107085	[[-0.2755140827851099, -0.5385939931478103, 0.2453147006461235], [0.16895272422835603, 0.18775619368449262, 0.6019745761490675], [-0.5672017002652742, 0.31754515253602744, 0.06015071851586113]]	0.8103655577894932	0.3135130906550851	[[-0.2596436884203811, -0.5658925358028767, 0.3098668821645692], [0.2654141238318864, 0.23625275608393026, 0.8278402970264951], [-0.6593383876432795, 0.34311786012484347, 0.0240737654238337]]	[[0.08236168627122246, 0.10268323560999212, 0.005349068542410645], [0.05568713212687692, 0.0031843527463837774, 0.08058796643961104], [0.04474914234422086, -0.051062167904039106, -0.05059344873825148]]	0.5256640721502083	[[-0.4127681121116288, -0.4127681121116289, 0.5837422622634039], [0.5, 0.5000000000000001, 0.7071067811865475], [-0.5837422622634039, 0.5837422622634038, 0.0]]
4	[[-0.3195682178843842, -0.5708200961323295, -0.7563336379995778], [0.910087742671785, 0.03735879733279218, -0.41272826520656647], [0.2638493031197415, -0.8202248094963509, 0.507557688474819]]	0.5935810179049785	0.40641898209502136	[[-0.18968962806189274, -0.3388279737028458, -0.44894529071956496], [0.5402108086779623, 0.022175472948504554, -0.24498766377946968], [0.1566159379193354, -0.48686987733176107, 0.30127660937038103]]	0.7334685690575351	0.41965258076512446	[[-0.24868026802470117, -0.3747977823799723, -0.484177032579586], [0.7863913218321799, 0.033067538335575075, -0.22730570102070752], [0.18764909016505568, -0.48417703257958594, 0.2901554319253242]]	[[-0.014287024536775326, 0.0438808167194921, 0.07056991861404406], [0.11887056749790353, 0.005666034714181457, 0.07541750906995162], [-0.005876080641008958, 0.11743208474719188, -0.0821221795544514]]	0.7141528377604675	[[0.0, 0.0, -0.8255362242232578], [1.0, 1.7938038903913487e-16, 0.0], [1.6483767569421037e-16, -0.8255362242232578, 0.0]]
