4	[[0.8592155572171323, 0.2624339665249735, -0.4391776855101157], [-0.4266000482917053, 0.8413623931712975, -0.33184593135155627], [0.2824199444684594, 0.4724804086637203, 0.8348660002631537]]	0.7467919129744139	0.25320808702558606	[[0.6416552296315592, 0.19598356389064825, -0.3279743438977749], [-0.31858146613873994, 0.6283226311011242, -0.24781985788680477], [0.2109089305917286, 0.3528445482289126, 0.6234711774138183]]	0.8196668621819225	0.26550273911757294	[[0.6768498847136175, 0.2691732772691266, -0.2789985265012214], [-0.33297767246209964, 0.6906335248113245, -0.3497154475638744], [0.1447637606677397, 0.39680982561040434, 0.6740447318399928]]	[[-0.02742063500844159, 0.05406485139764583, 0.08098086892117433], [0.016692250527819197, 0.0009966520427341372, -0.07771233428510657], [-0.08672650903231528, 0.009533291598580226, -0.010267262938078576]]	0.4891340333099489	[[0.6869609905770961, 0.48575477484769264, -0.4857547748476925], [-0.7071067811865475, 0.5000000000000001, -0.5], [0.0, 0.686960990577096, 0.6869609905770961]]
4	[[0.8489524140446696, -0.5135124485683378, 0.12483895166604869], [0.522794976890395, 0.7815435453534784, -0.34040431673891397], [0.0772347773085365, 0.35425224329800037, 0.9319550081910795]]	0.8290034486732369	0.17099655132676325	[[0.7037844790025007, -0.4257035907997902, 0.10349192145990592], [0.43339883879118263, 0.6479022943863418, -0.28219635251981656], [0.06402789674628621, 0.29367633139427296, 0.7725939157986994]]	0.9189556347067749	0.1377060159640604	[[0.7743940205527831, -0.48386846147161533, 0.06059947685915538], [0.5049597607036573, 0.6709189850450797, -0.28951208872001466], [0.024276521243000053, 0.2976605403885494, 0.8577559008194682]]	[[-0.005755583931485004, -0.011973303367668362, -0.05412198120524675], [0.024534370893830714, -0.04728485972620893, 0.02330437622572015], [-0.046698812560002516, -0.027881554697663336, 0.001330594749077158]]	0.42921543101008314	[[0.7020156123620044, -0.7020156123620043, 0.0], [0.7071067811865475, 0.7071067811865476, 0.0], [0.0, 0.0, 0.9927999999999999]]
4	[[0.8787972042104137, -0.3840163418041313, 0.28327887866788265], [-0.395223040501579, -0.9183905790867732, -0.018907472103605397], [0.2674214316928388, -0.09534250611366366, -0.9588511794847616]]	0.7228800685017471	0.27711993149825304	[[0.6352649831787677, -0.27759775946916077, 0.20477665521653712], [-0.2856988585912502, -0.6638862447216056, -0.013667834729449135], [0.1933136228609546, -0.06892119735057342, -0.6931344063089255]]	0.8590838612107595	0.23429254335978586	[[0.7021980850894387, -0.3184781168001163, 0.15479754277911226], [-0.3590198506659387, -0.8407555040595175, -0.025430371166841374], [0.14013833443198337, -0.060455951737771546, -0.82373357359826]]	[[-0.05276241032486384, 0.011424124885007707, -0.08856277010634667], [-0.019490114992385812, -0.05178097927806695, -0.009187267026341324], [-0.08959910167720994, 0.02145125655186509, 0.0]]	0.4708748733317364	[[0.6969610999529979, -0.6969610999529978, 0.0], [-0.7071067811865475, -0.7071067811865476, 0.0], [0.0, 0.0, -0.9856518399999998]]
4	[[-0.30792515101507295, 0.09349718223056193, 0.9468053539599837], [0.3027085282091916, -0.9338174967034747, 0.1906631317268273], [0.9019698710720718, 0.34531602882779927, 0.2592434992682147]]	0.7485573796505159	0.25144262034948406	[[-0.23049964417233237, 0.06998800573521623, 0.7087381347993648], [0.22659470267413673, -0.6990159784041573, 0.14272229428139502], [0.6751762032134239, 0.25848886169065954, 0.19405863450364524]]	0.8608279608668654	0.24775547662735672	[[-0.26505851217078424, 0.08288523655170546, 0.7580592376175077], [0.24310606324798822, -0.8496850930908237, 0.11978622363899441], [0.6933874112296988, 0.2733490260208106, 0.18217327561907884]]	[[1.2067677142485423e-05, 0.00240024782537312, -0.0569772845696956], [-0.01747390182734013, -0.04582888158177077, -0.044341931257900855], [-0.0830534736486222, -0.02390866692966753, -0.040990777223969134]]	0.46733525415708693	[[0.0, 0.0, 0.9927999999999999], [0.0, -1.0, 0.0], [0.9927999999999999, 0.0, 0.0]]
4	[[-0.8305561570912853, 0.32773595720904825, 0.4502950280316503], [-0.5100865793185324, -0.772219296347621, -0.37879947194723407], [0.22358030216652452, -0.5443036842615101, 0.808545204538665]]	0.685568160602675	0.314431839397325	[[-0.5694028568942989, 0.22468533734716417, 0.3087079340961884], [-0.34969911793151676, -0.5294089625789307, -0.25969285722012997], [0.15327953650329457, -0.3731572756284227, 0.5543128486396861]]	0.8165726760118811	0.3252390486025972	[[-0.6771553977553637, 0.2658820892880244, 0.20499410256743136], [-0.5573727830569382, -0.6322899113175895, -0.3035185607386135], [0.18655652343971166, -0.3038514825681563, 0.6537908647716264]]	[[0.001054066018811483, -0.0017381383154835024, -0.16270451346721831], [-0.14085001998505758, -0.0017167340310009077, 0.005798737741226965], [0.0039869577960478094, 0.14061203345239098, -0.006445056575084875]]	0.6403243336583067	[[-0.9715095496953853, 0.0, 0.0], [0.0, -0.7071067811865476, -0.7071067811865475], [0.0, -0.686960990577096, 0.6869609905770961]]
4	[[0.3802729664721569, 0.7767473726770865, -0.5020517802076895], [0.4287143634067757, 0.332951791095048, 0.839849450446521], [0.8195098935212374, -0.5346088512602871, -0.20639019011321075]]	0.7799396307636532	0.2200603692363469	[[0.2965899570596932, 0.6058160590424047, -0.39157008007942007], [0.33437132229855526, 0.25968229700876877, 0.6550318702783169], [0.6391682437601146, -0.4169626300549292, -0.1609718886701378]]	0.8791238686476537	0.2058546667383347	[[0.3431337534936652, 0.6491477251778854, -0.4413657032776254], [0.40404479063079907, 0.30198583218979286, 0.7210418367067386], [0.6972600054806254, -0.45342384292818244, -0.08902372912207315]]	[[0.00882671206654313, -0.033709430051895535, 1.3232647644066083e-18], [0.02715176092781827, 0.009279965529148896, -0.01728986125141283], [-0.02319070250679154, 0.01656355860503924, 0.09241881326117742]]	0.3685726292111051	[[0.4857547748476925, 0.48575477484769264, -0.6869609905770961], [0.5, 0.5000000000000001, 0.7071067811865475], [0.6869609905770961, -0.686960990577096, 0.0]]
4	[[0.08740825448676931, -0.06334395238859675, -0.994156597696443], [0.7119981850616444, -0.6940087028176986, 0.10681996481098455], [-0.6967197295301035, -0.717174639895393, -0.015561310176609944]]	0.9275983627003968	0.07240163729960321	[[0.08107975374842684, -0.05875774652263423, -0.9221780322910177], [0.6604483507088353, -0.6437613364335235, 0.09908602446238325], [-0.6462760803731874, -0.6652500217372134, -0.014434645841296403]]	0.9622583760623414	0.059956340588431224	[[0.06471056242845293, -0.06257988067619694, -0.939492819147605], [0.6829138385507758, -0.6693602466125835, 0.09396029875862016], [-0.6802406024621186, -0.6946176087782546, -0.00023122747887803957]]	[[-0.01939876258842959, -0.0016266319173755682, 0.01714269410343676], [-0.002212378765976669, -0.0015445592660928687, -0.008828107111434294], [-0.00981620695388734, -0.00451030443941928, 0.01474277358106903]]	0.11942973984222796	[[0.0, 0.0, -0.9785551467519997], [0.7071067811865475, -0.7071067811865476, 0.0], [-0.6919429800333362, -0.6919429800333361, 0.0]]
4	[[-0.42203838922340475, -0.825029846081567, 0.3757783270710803], [0.2588054115689476, 0.28760896992378115, 0.9221175843470338], [-0.8688517462515349, 0.4864224845687207, 0.09214016247897017]]	0.765396856002679	0.2346031439973211	[[-0.323026856224029, -0.6314752502992055, 0.2876195500941513], [0.19808884833135193, 0.22013500133783123, 0.705785899924005], [-0.6650163949133624, 0.37230624037791055, 0.07052379067297979]]	0.8760750021371991	0.20222226819942446	[[-0.29624488465404125, -0.675681116281871, 0.34968659159197174], [0.25521419357664615, 0.23198583383553686, 0.8298470551419681], [-0.7849922976904163, 0.39676975092576494, 0.022183782735633355]]	[[0.07349239808683326, 0.04710690788729085, 0.020476592900061867], [0.0284812420832617, -0.019981195105117415, 0.02200289046439142], [-0.023813002236193516, -0.02937282828235883, -0.058537910305052315]]	0.48204155801336795	[[-0.4857547748476925, -0.48575477484769264, 0.6869609905770961], [0.5, 0.5000000000000001, 0.7071067811865475], [-0.6869609905770961, 0.686960990577096, 0.0]]
4	[[0.034229894132735264, 0.2773841392786001, 0.9601491309293217], [-0.1827544195208179, -0.9427759796974285, 0.2788803941677556], [0.9825625356654255, -0.18501754344446375, 0.018422055382213542]]	0.8678568514208423	0.1321431485791578	[[0.02970664814650439, 0.24072972574840631, 0.8332720016627793], [-0.15860467510858076, -0.8181945933354103, 0.24202826080543186], [0.8527236285266752, -0.16056874271133123, 0.01598770698070823]]	0.9326155711250761	0.12268658866464108	[[0.011694768475856168, 0.24336836109084561, 0.8857398021998808], [-0.16336509366212965, -0.8279719249020739, 0.2519474183482207], [0.9198842831199932, -0.1657804238848342, 0.0]]	[[-0.02022856379029561, -0.015324406383503731, -0.009710227907013843], [0.007074523674909682, 0.05127563384644638, -0.008140779734127055], [0.003531162754279366, 0.006769818062782926, -0.01718069570158086]]	0.3414039652824566	[[0.0, 0.0, 0.9927999999999999], [0.0, -1.0, 0.0], [0.9927999999999999, 0.0, 0.0]]
4	[[-0.5446221603179724, 0.8109226453022452, -0.2139887049042392], [-0.8354447797583356, -0.5021691245819775, 0.22328947644507607], [0.07361197229480154, 0.30038414347728, 0.9509735242804028]]	0.7496241566935916	0.2503758433064084	[[-0.4082619276450021, 0.6078872041284321, -0.16041110245579412], [-0.6262695884904057, -0.37643810653232396, 0.1673831854786937], [0.05518131265404263, 0.22517521023828285, 0.7128727261766298]]	0.849495295951089	0.2352350519625086	[[-0.5100546898174179, 0.6470502440575379, -0.14522272142275028], [-0.7360778983594868, -0.4089344338724681, 0.09453591300917331], [0.06857804849420183, 0.16848721520613252, 0.7993802344845341]]	[[-0.047400726556580584, -0.04182472850693291, 0.03655967678006669], [-0.02637148792788702, 0.01765587523179808, -0.09514744686630029], [0.006045024304086037, -0.08668770165611384, -0.00846730096569673]]	0.384186903876101	[[-0.6969610999529979, 0.6969610999529978, 0.0], [-0.7071067811865475, -0.7071067811865476, 0.0], [0.0, 0.0, 0.9856518399999998]]
4	[[0.04673222253661188, -0.9725397674033924, -0.22799671093185395], [-0.8377629715199755, -0.16246744520517667, 0.5213036857710898], [-0.5440306084466285, 0.16664552219444034, -0.8223502702654952]]	0.6381434373821695	0.36185656261783045	[[0.02982186112602192, -0.6206198701616564, -0.14549460482588208], [-0.5346129423572578, -0.10367753394593061, 0.33266652595795754], [-0.34716956251524467, 0.10634374635750678, -0.5247774281993792]]	0.8094999357536015	0.3223812232055047	[[-0.030182113890959584, -0.8996546421231105, -0.15387576379681892], [-0.6747286323660489, -0.14398640237773166, 0.2880570352907456], [-0.3264551753452682, 0.041076033401393014, -0.633756531560156]]	[[-0.06801184503196978, -0.11238376289224165, 0.030687559054549306], [0.0034404392561175542, -0.012469015922089524, -0.13393826484906723], [0.11393756724027035, -0.0938235061086318, 0.03193595938671916]]	0.6120902856064084	[[1.9539149366943332e-16, -0.9785551467519997, 0.0], [-1.0, -1.7938038903913487e-16, 0.0], [0.0, 0.0, -0.9785551467519997]]
4	[[-0.3195682178843842, -0.5708200961323295, -0.7563336379995778], [0.910087742671785, 0.03735879733279218, -0.41272826520656647], [0.2638493031197415, -0.8202248094963509, 0.507557688474819]]	0.6791151805299958	0.32088481947000425	[[-0.21702362798020258, -0.3876525926350565, -0.5136376551109917], [0.6180544016626855, 0.02537092639504268, -0.28029003033558936], [0.17918406712087678, -0.5570271195762957, 0.344690131237964]]	0.782848009701427	0.3316294608391417	[[-0.24178067164990474, -0.40545791904991213, -0.5730467861446163], [0.7929863448293782, 0.05824496543937799, -0.23113950979556433], [0.20436676335468332, -0.5932342638682337, 0.30960191607552245]]	[[0.008392671684717391, 0.04140745710485924, 0.019047497033592653], [0.08052596682510693, 0.02899870530256269, 0.09196399116891892], [-0.002187138453714668, 0.04887709575371681, -0.08773861015564646]]	0.7071679887317162	[[-0.4857547748476925, -0.48575477484769264, -0.6869609905770961], [0.5, 0.5000000000000001, -0.7071067811865475], [0.6869609905770961, -0.686960990577096, 0.0]]
4	[[0.5319609947059123, -0.8460851799387872, 0.03402011756955908], [-0.703274286200726, -0.4190807785627857, 0.5742617690636116], [-0.47161719485230363, -0.3294103357928521, -0.8179645788128509]]	0.6712135039029439	0.32878649609705624	[[0.35705940319625074, -0.567903798227066, 0.02283476231705383], [-0.47204719784563115, -0.2812926777975011, 0.38545225417068996], [-0.31655582985769215, -0.2211046657093656, -0.5490288710134693]]	0.7945394910964537	0.3619125736089286	[[0.5201946229009216, -0.7175623481665864, 0.08943915248658672], [-0.5107883165781752, -0.3934435925799645, 0.32624201134640907], [-0.30446268705181145, -0.10192369496964199, -0.633742595810399]]	[[0.09753060488412275, -0.04531425987377106, 0.06240882558582776], [0.04799087688097131, -0.06046736405238304, -0.13003164240154216], [0.07025579893847492, 0.15980582559312267, 0.016162564374488608]]	0.6482911154749416	[[0.6969610999529979, -0.6969610999529978, 0.0], [-0.7071067811865475, -0.7071067811865476, 0.0], [0.0, 0.0, -0.9856518399999998]]
4	[[0.22433838825039393, -0.7661379269479729, -0.6022499185961573], [-0.9416906372873723, -0.011392912655017143, -0.3362869982418849], [0.2507808429735371, 0.642575192824231, -0.724020780340167]]	0.6315361471986499	0.3684638528013502	[[0.14167780138440875, -0.48384379460748356, -0.38034259324091774], [-0.5947116769255083, -0.007195036163520369, -0.2123773952226792], [0.15837716736273721, 0.40580946156164444, -0.45724529410778914]]	0.785592202062479	0.3541107608252762	[[0.23342856574680204, -0.5969184767815705, -0.37239124765935316], [-0.8362300021801972, -0.016448694756424048, -0.15695672536835692], [0.15248495758427463, 0.37239124765935316, -0.5411227969749208]]	[[0.057190077314027594, 0.004953504333070253, 0.10073159208255084], [-0.09644518077199109, -0.007498511415863532, 0.10722771810546651], [-0.04452651708239105, -0.1324108130621566, 0.02766228219150544]]	0.7475413272622353	[[1.939846749150134e-16, -0.9715095496953853, 0.0], [-1.0, -1.7938038903913487e-16, 0.0], [0.0, 0.0, -0.9715095496953853]]
