4	[[0.034229894132735264, 0.2773841392786001, 0.9601491309293217], [-0.1827544195208179, -0.9427759796974285, 0.2788803941677556], [0.9825625356654255, -0.18501754344446375, 0.018422055382213542]]	0.8664776306364869	0.13352236936351325	[[0.029659437565070234, 0.24034715177826269, 0.8319477440253206], [-0.1583526164147448, -0.8168942971092206, 0.24164362316944638], [0.8513684578555565, -0.16031356266994223, 0.01596229889903453]]	0.9260778564179273	0.12412491572306365	[[0.010011931143220723, 0.24035091219781074, 0.8736688013337159], [-0.16416518861085222, -0.8273512225786241, 0.2526458313669671], [0.9074243441879971, -0.16300490049880664, 0.0]]	[[-0.021687615840635336, -0.016528396909647056, -0.015504047678846295], [0.005079632469889434, 0.045732735781881896, -0.005619126260894648], [-0.002505062637603568, 0.00833574953395311, -0.017060257559172662]]	0.34504512678271404	[[0.0, 0.0, 0.9842], [0.0, -1.0, 0.0], [0.9842, 0.0, 0.0]]
4	[[0.8489524140446696, -0.5135124485683378, 0.12483895166604869], [0.522794976890395, 0.7815435453534784, -0.34040431673891397], [0.0772347773085365, 0.35425224329800037, 0.9319550081910795]]	0.8175343165697948	0.18246568343020533	[[0.6940477316162865, -0.41981404869039785, 0.10206012703159276], [0.4274028341382108, 0.6389386682200904, -0.278292210442556], [0.06314208088235468, 0.2896133656179474, 0.7619052006952914]]	0.9074804471958906	0.1518476251797785	[[0.7625667348715692, -0.4735697135388201, 0.05496764099531239], [0.5004102229782129, 0.6736090661025378, -0.2875671962726609], [0.020911833143622736, 0.28689992075624976, 0.8457309475996908]]	[[-0.007840981473718412, -0.007567207071368048, -0.05832126669005964], [0.025984003557951985, -0.03562641993789855, 0.02134306530898037], [-0.049177217107403, -0.03457706341196705, 0.0]]	0.4319325447443915	[[0.6959344940438001, -0.6959344940438, 0.0], [0.7071067811865475, 0.7071067811865476, 0.0], [0.0, 0.0, 0.9842]]
4	[[0.04673222253661188, -0.9725397674033924, -0.22799671093185395], [-0.8377629715199755, -0.16246744520517667, 0.5213036857710898], [-0.5440306084466285, 0.16664552219444034, -0.8223502702654952]]	0.6247699884709531	0.37523001152904695	[[0.02919689013542106, -0.6076136592681609, -0.1424455024603096], [-0.5234091620579263, -0.10150478386774342, 0.3256948977490691], [-0.3398939969670457, 0.10411512098015643, -0.5137797688728586]]	0.7990071457278409	0.34223914458445126	[[-0.03923767051305613, -0.8656436942465239, -0.16521018605130938], [-0.694660024907314, -0.15675886221462967, 0.27438358953912423], [-0.3045863004334862, 0.0551768606513856, -0.6231472472284272]]	[[-0.07657705025555281, -0.08857747058672084, 0.016960815185686862], [-0.02528142423666397, -0.026946212547546963, -0.1421417804862375], [0.13009804321003507, -0.07797410238551976, 0.03391649500492467]]	0.6195316024523316	[[1.9035769154166707e-16, -0.9533449756879999, 0.0], [-1.0, -1.7938038903913487e-16, 0.0], [0.0, 0.0, -0.9533449756879999]]
4	[[0.08740825448676931, -0.06334395238859675, -0.994156597696443], [0.7119981850616444, -0.6940087028176986, 0.10681996481098455], [-0.6967197295301035, -0.717174639895393, -0.015561310176609944]]	0.8928212252723088	0.10717877472769126	[[0.07803994486979116, -0.05655482518517773, -0.8876041116678881], [0.6356870919783973, -0.6196257003993432, 0.09537113186608813], [-0.6220461625904586, -0.6403087407256316, -0.013893468018723338]]	0.9452924815405637	0.0862814484473482	[[0.06904368737218554, -0.062412465153561414, -0.91059860750493], [0.6782738842634846, -0.6608511659774551, 0.10406520221248661], [-0.6548692805664498, -0.6740347219204208, 0.0]]	[[-0.013582678418741737, -0.0025339032095574848, 0.029170149771464194], [0.005227353054185384, -0.004809957080165423, 0.003089092598235351], [0.0037346414993321385, 0.0039050731242552678, 0.01470998951287004]]	0.1331787858788601	[[0.0, 0.0, -0.9533449756879999], [0.7071067811865475, -0.7071067811865476, 0.0], [-0.674116697119109, -0.6741166971191089, 0.0]]
4	[[-0.42203838922340475, -0.825029846081567, 0.3757783270710803], [0.2588054115689476, 0.28760896992378115, 0.9221175843470338], [-0.8688517462515349, 0.4864224845687207, 0.09214016247897017]]	0.7462010246340208	0.2537989753659791	[[-0.3149254784733963, -0.615638116499714, 0.2804061726956984], [0.19312086329357817, 0.21461410805106082, 0.6880850862728047], [-0.6483380633079537, 0.3629689563902056, 0.06875508365175269]]	0.8617783712675025	0.22565719675919055	[[-0.28763560842844765, -0.6506465166436819, 0.3425264014555605], [0.25813423780830674, 0.23369028974433184, 0.8305489215462509], [-0.7563538875501624, 0.38384285892632847, 0.02293531953461924]]	[[0.0760679472488584, 0.060346360359569355, 0.018688766794618006], [0.03510133175120343, -0.014164899918508458, 0.03588793159054009], [-0.0075962447925893295, -0.03534551757319559, -0.05646907961483072]]	0.48974105819832614	[[-0.46914106253606463, -0.46914106253606475, 0.6634656533046271], [0.5, 0.5000000000000001, 0.7071067811865475], [-0.6634656533046271, 0.663465653304627, 0.0]]
4	[[-0.30792515101507295, 0.09349718223056193, 0.9468053539599837], [0.3027085282091916, -0.9338174967034747, 0.1906631317268273], [0.9019698710720718, 0.34531602882779927, 0.2592434992682147]]	0.7334823980154251	0.266517601984575	[[-0.22585767817579763, 0.06857853743015775, 0.6944650614764122], [0.22203137717059782, -0.6849386967908259, 0.1398480510721242], [0.6615790239716071, 0.2532832288977779, 0.19015054351316021]]	0.8538493367140061	0.2570940774024602	[[-0.26086891490023023, 0.08055762543820454, 0.7479946247227233], [0.24319852244891083, -0.8497649350390011, 0.11950100892393545], [0.6843203523039832, 0.26764897849484204, 0.18031128946202574]]	[[0.002052771051549943, 0.0007251184060106785, -0.060434498753278554], [-0.015268953580180392, -0.052425484866805705, -0.04329657963683123], [-0.08582602384692298, -0.027198883676489052, -0.041043600435557326]]	0.4687155098542202	[[0.0, 0.0, 0.9842], [0.0, -1.0, 0.0], [0.9842, 0.0, 0.0]]
4	[[0.3802729664721569, 0.7767473726770865, -0.5020517802076895], [0.4287143634067757, 0.332951791095048, 0.839849450446521], [0.8195098935212374, -0.5346088512602871, -0.20639019011321075]]	0.7515026153286699	0.24849738467133053	[[0.2857761288426175, 0.5837276820165033, -0.37729322585649316], [0.32217996532915777, 0.2502141417862935, 0.6311490584929067], [0.6158638282689297, -0.40175994989996167, -0.15510276764825925]]	0.8659288551555342	0.2214001505001875	[[0.3447725532886354, 0.6237969852666295, -0.42695921506262097], [0.4037157527899016, 0.30388059845059884, 0.722155712430389], [0.6704487993196762, -0.45250290383171665, -0.08557711113191006]]	[[0.015483218784801682, -0.04881097790070918, 0.007781908201421409], [0.03247961489633867, 0.015568035165679343, -0.005094160697771414], [-0.03918846456580268, 0.010430326696118968, 0.09314210990815555]]	0.3734584205900188	[[0.46914106253606463, 0.46914106253606475, -0.6634656533046271], [0.5, 0.5000000000000001, 0.7071067811865475], [0.6634656533046271, -0.663465653304627, 0.0]]
4	[[0.8592155572171323, 0.2624339665249735, -0.4391776855101157], [-0.4266000482917053, 0.8413623931712975, -0.33184593135155627], [0.2824199444684594, 0.4724804086637203, 0.8348660002631537]]	0.7298941485127505	0.27010585148724964	[[0.6271364075239072, 0.19154901653756917, -0.3205532228112064], [-0.3113728790033724, 0.6141054875544143, -0.24221240350126472], [0.2061366648908245, 0.34486068557056254, 0.6093638083843201]]	0.8091796353774109	0.2765416878147699	[[0.660579187854719, 0.26741861577248, -0.2747981188626727], [-0.33822829216717554, 0.6894675985095035, -0.34802887366472524], [0.13937694071098009, 0.38571086284955547, 0.6606757608819409]]	[[-0.034680543444838924, 0.05506239442915427, 0.08057552056429801], [0.006967779361492401, 0.008654283982886982, -0.07950590393219559], [-0.08915152697731653, 0.0033893380440761806, -0.014880804799995212]]	0.5021397410116374	[[0.6634656533046271, 0.46914106253606475, -0.46914106253606463], [-0.7071067811865475, 0.5000000000000001, -0.5], [0.0, 0.663465653304627, 0.6634656533046271]]
4	[[0.8787972042104137, -0.3840163418041313, 0.28327887866788265], [-0.395223040501579, -0.9183905790867732, -0.018907472103605397], [0.2674214316928388, -0.09534250611366366, -0.9588511794847616]]	0.7072300330514607	0.29276996694853935	[[0.6215117757792624, -0.27158789010643686, 0.2003433307230674], [-0.27951360399663056, -0.6495133996016886, -0.01337193212075242], [0.18912846797479532, -0.06742908374997543, -0.6781283513584401]]	0.8518032578958243	0.24310380485911662	[[0.6958320316768858, -0.31618581223974346, 0.14893164685819743], [-0.36000847596145724, -0.8405064806373314, -0.02504294159451334], [0.13545468321903678, -0.05679410475733715, -0.8167525585223736]]	[[-0.05273028989928667, 0.010920558794252059, -0.09236622488418093], [-0.023356202466718868, -0.05821839335038524, -0.008937495258087843], [-0.092335763528089, 0.02441895256623411, 0.0]]	0.4742712309003241	[[0.6849387290379081, -0.684938729037908, 0.0], [-0.7071067811865475, -0.7071067811865476, 0.0], [0.0, 0.0, -0.96864964]]
4	[[0.5319609947059123, -0.8460851799387872, 0.03402011756955908], [-0.703274286200726, -0.4190807785627857, 0.5742617690636116], [-0.47161719485230363, -0.3294103357928521, -0.8179645788128509]]	0.660093421353243	0.3399065786467571	[[0.3511439530219001, -0.5584952611820682, 0.022456455801329815], [-0.46422672972799695, -0.27663246494489, 0.37906641589356527], [-0.31131140771907617, -0.21744159558262444, -0.5399330373743391]]	0.7838259348058563	0.37609146465276044	[[0.5039348868544652, -0.706332290742871, 0.08347121205623229], [-0.508513779542414, -0.39270601785616943, 0.3288220618360298], [-0.29914209552728116, -0.09285697947906035, -0.6198145720634753]]	[[0.0869700628988504, -0.043148783651969974, 0.05680536160006755], [0.04273084526379132, -0.06421963484002785, -0.12129920612352033], [0.07052369309834138, 0.16534338490848294, 0.021327278562585917]]	0.6541633448783026	[[0.6849387290379081, -0.684938729037908, 0.0], [-0.7071067811865475, -0.7071067811865476, 0.0], [0.0, 0.0, -0.96864964]]
4	[[0.22433838825039393, -0.7661379269479729, -0.6022499185961573], [-0.9416906372873723, -0.011392912655017143, -0.3362869982418849], [0.2507808429735371, 0.642575192824231, -0.724020780340167]]	0.6103572672745985	0.3896427327254016	[[0.13692656559729838, -0.46761785144739065, -0.3675876145306999], [-0.5747677239927957, -0.00695374703441454, -0.2052552132668946], [0.15306591000214825, 0.3922004387106458, -0.4419113449384467]]	0.7737512327645254	0.3707037807151605	[[0.22553548268698836, -0.5814262073384937, -0.36052031193302436], [-0.8372562689731367, -0.014851967830594948, -0.156591844523502], [0.14692732864847594, 0.36052031193302436, -0.5279187344153308]]	[[0.05195337822183928, 0.011373958105158032, 0.1054713050130874], [-0.10862197748922095, -0.0060366876189967555, 0.10361063492883821], [-0.04711465775602518, -0.13667303565862712, 0.032293236920007164]]	0.741552325966571	[[1.873500400153087e-16, -0.9382821250721295, 0.0], [-1.0, -1.7938038903913487e-16, 0.0], [0.0, 0.0, -0.9382821250721295]]
4	[[-0.3195682178843842, -0.5708200961323295, -0.7563336379995778], [0.910087742671785, 0.03735879733279218, -0.41272826520656647], [0.2638493031197415, -0.8202248094963509, 0.507557688474819]]	0.6608050258038329	0.339194974196167	[[-0.21117228446517544, -0.37720078835407045, -0.49978906917461785], [0.6013905542799811, 0.02468688103549596, -0.2727329119397964], [0.17435294555636413, -0.54200867640418, 0.33539667142953655]]	0.7777408839496474	0.36144105544125155	[[-0.2908028617432443, -0.4200175548731764, -0.5393420072837334], [0.7742470649875403, 0.033169097538826964, -0.23949202506471792], [0.22471108621555133, -0.5393420072837333, 0.31576095796858505]]	[[-0.042261593483629914, 0.02393257126900426, 0.04888958489491083], [0.06643461953024694, 0.004113633477925351, 0.08150362074804154], [0.01950469597770511, 0.09858036109138987, -0.07898740732126043]]	0.7114404259277168	[[0.0, 0.0, -0.9382821250721295], [1.0, 1.7938038903913487e-16, 0.0], [1.873500400153087e-16, -0.9382821250721295, 0.0]]
4	[[-0.5446221603179724, 0.8109226453022452, -0.2139887049042392], [-0.8354447797583356, -0.5021691245819775, 0.22328947644507607], [0.07361197229480154, 0.30038414347728, 0.9509735242804028]]	0.7332445924750409	0.26675540752495913	[[-0.399341253995228, 0.5946046445834269, -0.15690606072177068], [-0.6125853670693011, -0.3682127951076601, 0.16372580115993504], [0.05397558062658575, 0.2202550488699624, 0.6972961942655375]]	0.8431086355078611	0.24094641373788983	[[-0.5126150423034264, 0.6501268375022559, -0.13838942024707085], [-0.7367133355749151, -0.40878911516015926, 0.09396066877524983], [0.0786327276836419, 0.14791830853506882, 0.787773207380378]]	[[-0.053439395850397274, -0.03356904748094534, 0.04202630475883663], [-0.03234262727069938, 0.01459401026032878, -0.09429661703362294], [0.016569838165129323, -0.1053381568002583, -0.01400078307977431]]	0.3891168781240536	[[-0.6849387290379081, 0.684938729037908, 0.0], [-0.7071067811865475, -0.7071067811865476, 0.0], [0.0, 0.0, 0.96864964]]
4	[[-0.8305561570912853, 0.32773595720904825, 0.4502950280316503], [-0.5100865793185324, -0.772219296347621, -0.37879947194723407], [0.22358030216652452, -0.5443036842615101, 0.808545204538665]]	0.6659796524005988	0.3340203475994014	[[-0.5531335007988314, 0.21826547886125947, 0.2998873262462363], [-0.3397072827887667, -0.5142823385586235, -0.25227274065694943], [0.14889993192048287, -0.36249517844484563, 0.5384746542688311]]	0.8047910554971649	0.3387699850005732	[[-0.6608171018775308, 0.26288036434193585, 0.20211001235488854], [-0.5604227594355337, -0.6292941407347622, -0.3033067473723756], [0.18138758735834012, -0.2960367328323595, 0.6384997748909278]]	[[0.007607064437633711, -0.0008786025847078213, -0.16028339853982873], [-0.1499096428708337, -0.007818958151882325, 0.0015476794778075658], [0.001452159989367833, 0.14201400373545672, -0.01221017368691546]]	0.6510096532063271	[[-0.9382821250721295, 0.0, 0.0], [0.0, -0.7071067811865476, -0.7071067811865475], [0.0, -0.663465653304627, 0.6634656533046271]]
