4	[[-0.5446221603179724, 0.8109226453022452, -0.2139887049042392], [-0.8354447797583356, -0.5021691245819775, 0.22328947644507607], [0.07361197229480154, 0.30038414347728, 0.9509735242804028]]	0.6788182640713093	0.32118173592869076	[[-0.36969946944181226, 0.5504691023801842, -0.14525944119396333], [-0.5671151751229908, -0.3408815734189469, 0.15157297478583803], [0.0499691512480225, 0.20390624282979436, 0.6455381969297984]]	0.8118827031723345	0.2808494421472705	[[-0.4857746555609134, 0.6238740761361821, -0.11603710509129529], [-0.7354219395803, -0.4068319446321125, 0.09606275134645881], [0.07565034449584261, 0.12082758767863762, 0.7514224650887781]]	[[-0.04360534383440162, -0.034499993195464845, 0.05769662309470545], [-0.05713877343888703, 0.0008704816831880575, -0.08522211237970487], [0.015886057443292165, -0.1230491027178028, -0.02065649044931697]]	0.40722314522617964	[[-0.6470617906283268, 0.6470617906283267, 0.0], [-0.7071067811865475, -0.7071067811865476, 0.0], [0.0, 0.0, 0.9150835599999998]]
4	[[0.08740825448676931, -0.06334395238859675, -0.994156597696443], [0.7119981850616444, -0.6940087028176986, 0.10681996481098455], [-0.6967197295301035, -0.717174639895393, -0.015561310176609944]]	0.7658002112851461	0.23419978871485406	[[0.06693725975403375, -0.04850881212282362, -0.7613253325664582], [0.5452483605548477, -0.5314720112515235, 0.08180275162172382], [-0.5335481160806831, -0.5492124907602405, -0.01191685462112159]]	0.9055284036279942	0.15971934740372262	[[0.05358781997138379, -0.0535878199713838, -0.8386702773335586], [0.6840314429909237, -0.6703360135346048, 0.09050229270463563], [-0.6065568964397422, -0.6181002651597971, 0.0]]	[[-0.02556283717792989, 0.0037719281145498764, 0.06156675953473935], [0.03929686308602358, -0.041891420768159236, -0.006226219506253721], [0.024342608017780282, 0.03132174162715963, 0.014091208362585664]]	0.18440149546224552	[[0.0, 0.0, -0.8753689334959998], [0.7071067811865475, -0.7071067811865476, 0.0], [-0.6189793089150574, -0.6189793089150574, 0.0]]
4	[[0.034229894132735264, 0.2773841392786001, 0.9601491309293217], [-0.1827544195208179, -0.9427759796974285, 0.2788803941677556], [0.9825625356654255, -0.18501754344446375, 0.018422055382213542]]	0.8392775244874164	0.16072247551258378	[[0.02872838081118839, 0.23280227374581625, 0.8058315857451053], [-0.15338167680456682, -0.7912506903866565, 0.23405804684518883], [0.8246426525873569, -0.15528106584881252, 0.015461217037154267]]	0.904052807921673	0.14583446891271407	[[0.00910111735014385, 0.22856565787463737, 0.8354620096373524], [-0.16591955693526758, -0.8258426487533113, 0.2545334824314635], [0.8674178850309192, -0.1551871563411625, 0.0]]	[[-0.02184451455541707, -0.022204252113117523, -0.03256350820285485], [-0.000699910807376759, 0.02647662293325515, 0.002410879009801069], [-0.020870534296047703, 0.012078473324575085, -0.016654510895978723]]	0.3570956815046521	[[0.0, 0.0, 0.9565999999999999], [0.0, -1.0, 0.0], [0.9565999999999999, 0.0, 0.0]]
4	[[-0.8305561570912853, 0.32773595720904825, 0.4502950280316503], [-0.5100865793185324, -0.772219296347621, -0.37879947194723407], [0.22358030216652452, -0.5443036842615101, 0.808545204538665]]	0.6052322588981459	0.3947677411018539	[[-0.502679379098122, 0.19835637370377832, 0.27253307698619966], [-0.3087208526345837, -0.4673720290932075, -0.22926166007604928], [0.13531801132537566, -0.329430148352177, 0.4893576405641996]]	0.7704776895437673	0.38421438121078605	[[-0.6073121860662998, 0.24109010462422006, 0.19734350573446852], [-0.5676018560529678, -0.6249966859623352, -0.3037975292094089], [0.177247870944182, -0.2704097857255751, 0.5868436920350312]]	[[0.03261280288574399, -0.011423138466622424, -0.14959876707640335], [-0.17459152695234145, -0.0300189466913065, -0.011940987263104856], [0.004984236303420851, 0.14896405933439338, -0.03612234904961222]]	0.6808495574729538	[[-0.6470617906283268, 0.6470617906283267, 0.0], [-0.7071067811865475, -0.7071067811865476, 0.0], [0.0, 0.0, 0.9150835599999998]]
4	[[0.5319609947059123, -0.8460851799387872, 0.03402011756955908], [-0.703274286200726, -0.4190807785627857, 0.5742617690636116], [-0.47161719485230363, -0.3294103357928521, -0.8179645788128509]]	0.6162883964151891	0.383711603584811	[[0.32784138838273547, -0.5214324787751319, 0.020966203702799734], [-0.4334197820826821, -0.2582746209888882, 0.35391086477876277], [-0.2906522047373559, -0.20301176760836578, -0.5041020786009973]]	0.7589760945634444	0.4173708286105529	[[0.4801954095029597, -0.6332410772407455, 0.09401284849010051], [-0.506764883526851, -0.36710156183888315, 0.3411766707911381], [-0.2696905482399306, -0.11001611179784801, -0.5690827489105398]]	[[0.07644973128098129, 0.00891734829720444, 0.06819239252056739], [0.027003487620669953, -0.04902926921869236, -0.09467428394985639], [0.08825562843803776, 0.1399984583710437, 0.051732812608070604]]	0.6733555734957911	[[0.6470617906283268, -0.6470617906283267, 0.0], [-0.7071067811865475, -0.7071067811865476, 0.0], [0.0, 0.0, -0.9150835599999998]]
4	[[0.8787972042104137, -0.3840163418041313, 0.28327887866788265], [-0.395223040501579, -0.9183905790867732, -0.018907472103605397], [0.2674214316928388, -0.09534250611366366, -0.9588511794847616]]	0.6572227078398256	0.34277729216017444	[[0.5775654781932362, -0.25238426001525516, 0.18617731171193524], [-0.25974955687913687, -0.6035871432419946, -0.012426420014337507], [0.17575543747157046, -0.06266126004025716, -0.6301787685963858]]	0.828134918165271	0.28120006424483046	[[0.6557019852946363, -0.2682406956726698, 0.1691687767516136], [-0.31774287208296503, -0.8545263717112738, -0.033461534299300384], [0.15984044589115012, -0.05314068280730028, -0.754127658750563]]	[[-0.0720606654980236, 0.04977664612142127, -0.06542435425196315], [0.00955512821983966, -0.09397506465549293, -0.01780359643606899], [-0.06162057955943851, 0.025815775690810422, 0.039930484304723464]]	0.4875377799001074	[[0.6470617906283268, -0.6470617906283267, 0.0], [-0.7071067811865475, -0.7071067811865476, 0.0], [0.0, 0.0, -0.9150835599999998]]
4	[[0.22433838825039393, -0.7661379269479729, -0.6022499185961573], [-0.9416906372873723, -0.011392912655017143, -0.3362869982418849], [0.2507808429735371, 0.642575192824231, -0.724020780340167]]	0.5461370096198704	0.4538629903801296	[[0.12251949650201163, -0.4184162763797326, -0.3289109695859157], [-0.5142921086351555, -0.006222091248271479, -0.18365877559386568], [0.1369606996515178, 0.35093409426493716, -0.3954145438776239]]	0.7532930959878483	0.418209431956586	[[0.20284579085919185, -0.5097473191921158, -0.36649395948119734], [-0.818980570759458, 0.05343310697541663, -0.2031521468294921], [0.1701151225176873, 0.3664939594811973, -0.4236536743186022]]	[[0.03385323182512865, 0.06737909175223467, 0.08717674625653164], [-0.1096115151344831, 0.06201530942163376, 0.05017052721659749], [-0.01879635510029083, -0.11755349692635642, 0.12174618086338025]]	0.7317745731669768	[[1.672021484388661e-16, -0.8373779217822732, 0.0], [-1.0, -1.7938038903913487e-16, 0.0], [0.0, 0.0, -0.8373779217822732]]
4	[[-0.42203838922340475, -0.825029846081567, 0.3757783270710803], [0.2588054115689476, 0.28760896992378115, 0.9221175843470338], [-0.8688517462515349, 0.4864224845687207, 0.09214016247897017]]	0.6647732503160141	0.33522674968398614	[[-0.28055983176217786, -0.5484577723873643, 0.24980737988535626], [0.17204691464806304, 0.19119474975627274, 0.6129991037199289], [-0.5775893993983774, 0.3233606560935397, 0.061252315295790644]]	0.8161039034070364	0.3039926937402688	[[-0.262026283524199, -0.5753516382580741, 0.31266387727642203], [0.2640226618152005, 0.23552513268253897, 0.8285039793142549], [-0.6699077386654763, 0.34669792213710227, 0.023863201721037904]]	[[0.08240089330863964, 0.09795843955639914, 0.0059897177379474925], [0.05281055521091782, 0.0008063296728642866, 0.0759602193283733], [0.03916556293242121, -0.05027336622437965, -0.051332744538608206]]	0.5212445489131414	[[-0.4186889608911365, -0.4186889608911366, 0.5921156069081438], [0.5, 0.5000000000000001, 0.7071067811865475], [-0.5921156069081438, 0.5921156069081437, 0.0]]
4	[[-0.30792515101507295, 0.09349718223056193, 0.9468053539599837], [0.3027085282091916, -0.9338174967034747, 0.1906631317268273], [0.9019698710720718, 0.34531602882779927, 0.2592434992682147]]	0.6816754880273356	0.31832451197266454	[[-0.20990502759409083, 0.063734737326199, 0.645414001727566], [0.20634898369703716, -0.6365604977938061, 0.12997038336870523], [0.6148507520490077, 0.23539347247485157, 0.17671993888157447]]	0.830788365679316	0.280369142368555	[[-0.23582590872300324, 0.07335569468215947, 0.7279652768436127], [0.246956698691373, -0.8486184311328262, 0.11851073796107467], [0.6661222622000316, 0.2530428629873813, 0.1624702140408438]]	[[0.019994724240365795, -0.004320676538790281, -0.05862959578922865], [-0.004530024736732434, -0.07281371920379626, -0.03988997364155633], [-0.08322381287991845, -0.033841676245337654, -0.052906269029183293]]	0.4739056312465715	[[0.0, 0.0, 0.9565999999999999], [0.0, -1.0, 0.0], [0.9565999999999999, 0.0, 0.0]]
4	[[-0.3195682178843842, -0.5708200961323295, -0.7563336379995778], [0.910087742671785, 0.03735879733279218, -0.41272826520656647], [0.2638493031197415, -0.8202248094963509, 0.507557688474819]]	0.6012423266144322	0.3987576733855679	[[-0.19213793883283498, -0.3432012026768756, -0.45473979620762395], [0.5471832718272606, 0.022461690227885033, -0.24814970243233447], [0.15863736888330995, -0.49315387280846557, 0.30516516550964334]]	0.7383225080100364	0.41310779063800807	[[-0.25318701880052186, -0.37956875447964145, -0.4899678568934467], [0.7850027872802314, 0.032933511698385015, -0.22863871992181253], [0.1914570161270866, -0.48996785689344663, 0.29298523535654275]]	[[-0.017242610691825505, 0.041880570519310246, 0.06845029160675659], [0.11306452260160642, 0.005350670755399252, 0.07608784797213108], [-0.0033488630889812036, 0.1156225815859535, -0.08175603015796234]]	0.713168694240222	[[0.0, 0.0, -0.8373779217822732], [1.0, -1.7938038903913487e-16, 0.0], [-1.672021484388661e-16, -0.8373779217822732, 0.0]]
4	[[0.3802729664721569, 0.7767473726770865, -0.5020517802076895], [0.4287143634067757, 0.332951791095048, 0.839849450446521], [0.8195098935212374, -0.5346088512602871, -0.20639019011321075]]	0.6640567027691151	0.3359432972308852	[[0.2525228122677309, 0.5158042991845192, -0.3333908497840827], [0.2846906465936636, 0.22109886857564873, 0.55770765688597], [0.5442010377783815, -0.35501059103909055, -0.1370547891304695]]	0.8156920862413928	0.2929976705149547	[[0.3470934014430679, 0.5353970508170999, -0.4165789291404497], [0.4079191670692484, 0.2956240671915478, 0.7145323309253857], [0.6060304943795864, -0.4177268450055545, -0.07266186840565174]]	[[0.036907752080191106, -0.09818963408439338, -0.007059265141634373], [0.05822025358032497, 0.024037926095419833, 0.029473780561975856], [-0.06243724036221325, 0.018349364202063456, 0.09568897634755077]]	0.40224674765126267	[[0.4186889608911365, 0.4186889608911366, -0.5921156069081438], [0.5, 0.5000000000000001, 0.7071067811865475], [0.5921156069081438, -0.5921156069081437, 0.0]]
4	[[0.8592155572171323, 0.2624339665249735, -0.4391776855101157], [-0.4266000482917053, 0.8413623931712975, -0.33184593135155627], [0.2824199444684594, 0.4724804086637203, 0.8348660002631537]]	0.6600344701251019	0.33996552987489814	[[0.5671118850310541, 0.17321546403813964, -0.2898724109464378], [-0.2815707368295586, 0.555328181360005, -0.2190297534627954], [0.1864068984000003, 0.31185335617685034, 0.5510403381091539]]	0.7797015523906765	0.3905075503293428	[[0.5332311544496943, 0.2120447438372929, -0.2857167803956382], [-0.3417852229273757, 0.7509608698768107, -0.25944842257762585], [0.24216242851578515, 0.3322625959777072, 0.5269896415336243]]	[[-0.13670054935072395, 0.007424572737728268, 0.05671074277194331], [-0.009164503024395528, 0.09494930579801537, -0.0007076347482875556], [0.02195915938763862, -0.036131112131576784, -0.12395667490975171]]	0.545476148727184	[[0.5921156069081438, 0.4186889608911366, -0.4186889608911365], [-0.7071067811865475, 0.5000000000000001, -0.5], [0.0, 0.5921156069081437, 0.5921156069081438]]
4	[[0.8489524140446696, -0.5135124485683378, 0.12483895166604869], [0.522794976890395, 0.7815435453534784, -0.34040431673891397], [0.0772347773085365, 0.35425224329800037, 0.9319550081910795]]	0.7587456420756773	0.2412543579243229	[[0.6441389444860192, -0.38962533250283665, 0.09472101053791054], [0.3966684104146415, 0.5929927591293259, -0.25828029186939944], [0.058601550699537486, 0.2687873457978902, 0.7071168010755837]]	0.8814039743470476	0.1981836270229983	[[0.7145187092321037, -0.4562211291914562, 0.05399573807605401], [0.5051034065885228, 0.6689754604707857, -0.29406052622121515], [0.02309088823536884, 0.2662813782163831, 0.7984967640662008]]	[[-0.03375132253838834, -0.003609216146639456, -0.056037810075720285], [0.0443098361886559, -0.019880126529052168, 0.0059731914373548425], [-0.04498415144218441, -0.04595795694783181, -0.02293208406605196]]	0.44116565160897886	[[0.6764183468830514, -0.6764183468830512, 0.0], [0.7071067811865475, 0.7071067811865476, 0.0], [0.0, 0.0, 0.9565999999999999]]
4	[[0.04673222253661188, -0.9725397674033924, -0.22799671093185395], [-0.8377629715199755, -0.16246744520517667, 0.5213036857710898], [-0.5440306084466285, 0.16664552219444034, -0.8223502702654952]]	0.5894512517124714	0.4105487482875285	[[0.02754636706951166, -0.5732647832360854, -0.13439294664510779], [-0.49382043220080907, -0.0957666389387187, 0.30728311010009374], [-0.3206795231187626, 0.0982294116497913, -0.48473539615408534]]	0.760348224663994	0.39391923781539573	[[-0.009794458448739982, -0.8035828533267619, -0.1260961080340073], [-0.6875009314638085, -0.14758869347085907, 0.2723516983760675], [-0.27203656454419145, 0.02999916296944164, -0.5848670520130261]]	[[-0.04532722088905562, -0.06411396776645885, 0.04726078635225767], [-0.050509343379363095, -0.024056859943408188, -0.12402063361077728], [0.141616142751075, -0.09670946397930529, 0.0404055160352989]]	0.6450592226115273	[[1.7478794526329305e-16, -0.8753689334959998, 0.0], [-1.0, -1.7938038903913487e-16, 0.0], [0.0, 0.0, -0.8753689334959998]]
