4	[[0.3802729664721569, 0.7767473726770865, -0.5020517802076895], [0.4287143634067757, 0.332951791095048, 0.839849450446521], [0.8195098935212374, -0.5346088512602871, -0.20639019011321075]]	0.6740724865855107	0.3259275134144897	[[0.2563315440911354, 0.5235840329492061, -0.3384192918792795], [0.2889845569765296, 0.2244336417365384, 0.5661194074199608], [0.5524090717072876, -0.3603651177196452, -0.1391219486564682]]	0.82146616379126	0.2844450525626259	[[0.34722444005674374, 0.5452087355383128, -0.41966040234803065], [0.40744042805880126, 0.2946060120354778, 0.7145893776829448], [0.6147370975558633, -0.41966040234803065, -0.07429671024135664]]	[[0.034843065095338514, -0.09286294892967364, -0.007241852436247195], [0.0552660845888251, 0.021097381477199764, 0.024681471462443358], [-0.05846255086401157, 0.019502679825609746, 0.09524584747509139]]	0.39784575056062566	[[0.4246732799999998, 0.42467327999999993, -0.6005787121534668], [0.5, 0.5000000000000001, 0.7071067811865475], [0.6005787121534668, -0.6005787121534667, 0.0]]
4	[[0.8787972042104137, -0.3840163418041313, 0.28327887866788265], [-0.395223040501579, -0.9183905790867732, -0.018907472103605397], [0.2674214316928388, -0.09534250611366366, -0.9588511794847616]]	0.6634589469033532	0.3365410530966468	[[0.5830458676470522, -0.25477907772704705, 0.18794390652095616], [-0.26221426224311895, -0.6093144464468713, -0.012544331530462558], [0.17742314145031782, -0.0632558387012978, -0.636158393777998]]	0.83108666693925	0.2780358149402044	[[0.6576143090603204, -0.26986702314990124, 0.17151884463262218], [-0.3184511817423807, -0.8544361487792869, -0.032971042065924425], [0.1617361202241562, -0.054003698311832785, -0.7568105502356632]]	[[-0.07274233030244384, 0.0492838384102981, -0.0639104544537566], [0.010013417685672845, -0.09117398345765272, -0.017257294095092163], [-0.06051426610956748, 0.025234187311807016, 0.04007788061309585]]	0.4857265463069002	[[0.6516696095415222, -0.6516696095415221, 0.0], [-0.7071067811865475, -0.7071067811865476, 0.0], [0.0, 0.0, -0.9216]]
4	[[-0.5446221603179724, 0.8109226453022452, -0.2139887049042392], [-0.8354447797583356, -0.5021691245819775, 0.22328947644507607], [0.07361197229480154, 0.30038414347728, 0.9509735242804028]]	0.6856530293251216	0.31434697067487843	[[-0.3734218340596097, 0.5560115682998256, -0.14672200375895106], [-0.5728252440751621, -0.3443137815031771, 0.1530991059409868], [0.050472271798527604, 0.205959297936429, 0.6520378777308453]]	0.8157792173590072	0.2757810233700495	[[-0.48906782150557065, 0.6271491565894405, -0.11863641161392557], [-0.7355998143949306, -0.40711397845936914, 0.09576805429553055], [0.07605412819271337, 0.1239225508950143, 0.7558631435674187]]	[[-0.04477638180500343, -0.034384684333920924, 0.05593112659652223], [-0.05406132581700752, 0.002545156973974203, -0.08638686004333612], [0.016003011045807244, -0.12112459057793688, -0.019921293799185155]]	0.4048247143223435	[[-0.6516696095415222, 0.6516696095415221, 0.0], [-0.7071067811865475, -0.7071067811865476, 0.0], [0.0, 0.0, 0.9216]]
4	[[0.8592155572171323, 0.2624339665249735, -0.4391776855101157], [-0.4266000482917053, 0.8413623931712975, -0.33184593135155627], [0.2824199444684594, 0.4724804086637203, 0.8348660002631537]]	0.6691821055118792	0.3308178944881209	[[0.574971675667123, 0.1756161142770158, -0.2938898482834931], [-0.28547311852731266, 0.5630246577608824, -0.22206535904738495], [0.1889903730779517, 0.3161754346827015, 0.5586773878763783]]	0.7830906757698588	0.3845376724617458	[[0.545036490578053, 0.2051310628709738, -0.2832451773929765], [-0.3247678962938092, 0.7529505160825898, -0.27166231835687654], [0.24253417175315273, 0.33863449484729957, 0.5304485640699287]]	[[-0.12780720075508675, -0.00037852932003225315, 0.0606707731361825], [0.009298623806396584, 0.09408747104673294, -0.011796863723308206], [0.02137374658846089, -0.03136050766119219, -0.12332721625342336]]	0.540034312646188	[[0.6005787121534668, 0.42467327999999993, -0.4246732799999998], [-0.7071067811865475, 0.5000000000000001, -0.5], [0.0, 0.6005787121534667, 0.6005787121534668]]
4	[[0.04673222253661188, -0.9725397674033924, -0.22799671093185395], [-0.8377629715199755, -0.16246744520517667, 0.5213036857710898], [-0.5440306084466285, 0.16664552219444034, -0.8223502702654952]]	0.5933815390728848	0.4066184609271152	[[0.027730038133071316, -0.5770871439914104, -0.1352890392362991], [-0.49711308141879634, -0.09640518268508727, 0.30933198338721674], [-0.32281771974281837, 0.09888437643934157, -0.48796746902714233]]	0.765217836642495	0.38695133547882904	[[-0.010428360113989277, -0.8102653558549346, -0.12825079893801306], [-0.6880064769492314, -0.1496265135433616, 0.27349400048561434], [-0.27508252595867366, 0.03404106807482575, -0.5898270059353543]]	[[-0.04618869034495117, -0.06606057899371544, 0.046216350962864514], [-0.046935308263527674, -0.025303526598623133, -0.1254168781738979], [0.14121939930415564, -0.09347905790496276, 0.03945008883957893]]	0.6417994067803869	[[1.7665829985862928e-16, -0.8847359999999999, 0.0], [-1.0, -1.7938038903913487e-16, 0.0], [0.0, 0.0, -0.8847359999999999]]
4	[[-0.42203838922340475, -0.825029846081567, 0.3757783270710803], [0.2588054115689476, 0.28760896992378115, 0.9221175843470338], [-0.8688517462515349, 0.4864224845687207, 0.09214016247897017]]	0.6771825731133391	0.32281742688666104	[[-0.2857970423669141, -0.5586958340648176, 0.25447053444622003], [0.17525851454191663, 0.19476378230346306, 0.624441958481181], [-0.5883712611806323, 0.3293968297204298, 0.062395712314590145]]	0.8218267607710419	0.2944250652604891	[[-0.26442149948308136, -0.5849250605169184, 0.3154756006587421], [0.2626430093796998, 0.2348087401576931, 0.8291602783417257], [-0.6806034892843619, 0.3503075299381787, 0.023640940813825374]]	[[0.08242094285341753, 0.09310654542772698, 0.006650915353955029], [0.04994979631997529, -0.00155600796346398, 0.071339370947785], [0.03344212692780035, -0.04944748492113506, -0.05208231045318417]]	0.5169230586771953	[[-0.4246732799999998, -0.42467327999999993, 0.6005787121534668], [0.5, 0.5000000000000001, 0.7071067811865475], [-0.6005787121534668, 0.6005787121534667, 0.0]]
4	[[0.034229894132735264, 0.2773841392786001, 0.9601491309293217], [-0.1827544195208179, -0.9427759796974285, 0.2788803941677556], [0.9825625356654255, -0.18501754344446375, 0.018422055382213542]]	0.8453408423120673	0.15465915768793279	[[0.028935927538419323, 0.2344841419417796, 0.8116532750849922], [-0.15448977493398114, -0.7969670407890088, 0.23574898731009186], [0.8306002415236914, -0.1564028860178525, 0.015572915813919947]]	0.9068427129563014	0.14143862900317578	[[0.00908915348364144, 0.2300746516785543, 0.8401306041782752], [-0.16572241012675032, -0.8260155353099433, 0.25431324417020756], [0.8723247706122614, -0.156115909087743, 0.0]]	[[-0.021951976575895187, -0.021469133715899962, -0.030573638556305873], [7.103476262173419e-06, 0.028933991828907716, 0.0014125909327974053], [-0.018704904879795675, 0.011665901953944867, -0.016705906681037757]]	0.3555809549768842	[[0.0, 0.0, 0.96], [0.0, -1.0, 0.0], [0.96, 0.0, 0.0]]
4	[[0.8489524140446696, -0.5135124485683378, 0.12483895166604869], [0.522794976890395, 0.7815435453534784, -0.34040431673891397], [0.0772347773085365, 0.35425224329800037, 0.9319550081910795]]	0.7676620019716855	0.2323379980283144	[[0.6517085097442263, -0.3942039943053526, 0.09583411956000541], [0.4013298385804218, 0.5999612826541001, -0.26131545926759836], [0.059290203770508434, 0.2719459862931036, 0.7154264473355028]]	0.8849789815483583	0.19221709153669492	[[0.7186899108197908, -0.4605527856358298, 0.05516252556065158], [0.5065372837533615, 0.6676844184651298, -0.2957435001760243], [0.025673186270408682, 0.2700585600772756, 0.8026547733312656]]	[[-0.032615131944481124, -0.006105061889418549, -0.05531732274233294], [0.043874717546302164, -0.02396519233748472, 0.005507165366244594], [-0.04267796829221421, -0.04344722940781001, -0.022105820666567796]]	0.4399871733305105	[[0.6788225099390857, -0.6788225099390855, 0.0], [0.7071067811865475, 0.7071067811865476, 0.0], [0.0, 0.0, 0.96]]
4	[[-0.30792515101507295, 0.09349718223056193, 0.9468053539599837], [0.3027085282091916, -0.9338174967034747, 0.1906631317268273], [0.9019698710720718, 0.34531602882779927, 0.2592434992682147]]	0.6883619889272364	0.31163801107276357	[[-0.2119639693934553, 0.06435990631932192, 0.6517448165788506], [0.2083730445433156, -0.642804469325857, 0.1312452525705746], [0.6208817744036146, 0.23770242841235883, 0.17845337077272488]]	0.8336566931008671	0.2776330577618427	[[-0.23913817555928424, 0.07411394356416207, 0.7301220306769192], [0.2463512749488342, -0.8488868899137718, 0.11846804487371618], [0.6680582129674536, 0.2546482545962355, 0.1650242319951222]]	[[0.017565687558526645, -0.0038306081884173547, -0.059188589715556746], [-0.0060037156514710106, -0.07040368365222341, -0.040479551017925705], [-0.0838750070271054, -0.03322676407107128, -0.05109584631271474]]	0.47320535876842174	[[0.0, 0.0, 0.96], [0.0, -1.0, 0.0], [0.96, 0.0, 0.0]]
4	[[-0.3195682178843842, -0.5708200961323295, -0.7563336379995778], [0.910087742671785, 0.03735879733279218, -0.41272826520656647], [0.2638493031197415, -0.8202248094963509, 0.507557688474819]]	0.6086164416903233	0.39138355830967664	[[-0.19449447164611186, -0.3474104957533867, -0.4603170874900002], [0.5538943635708804, 0.022737178298513874, -0.2511932081550406], [0.16058302400720859, -0.4992023049417924, 0.30890795431211]]	0.7431777898675004	0.40658489402649717	[[-0.25774952129542195, -0.3843801828189987, -0.4958130347215579], [0.7836174190073418, 0.03280006158590251, -0.2299688113482118], [0.1953232188258926, -0.49581303472155785, 0.2958203114088428]]	[[-0.02025351941620944, 0.039840634636580004, 0.06627732676941435], [0.10726042182302233, 0.005035833152010161, 0.07676166860385189], [-0.0007637231247169772, 0.11375982639443175, -0.08138528974213043]]	0.7123369802856471	[[0.0, 0.0, -0.8493465599999999], [1.0, -1.7938038903913487e-16, 0.0], [-1.6959196786428409e-16, -0.8493465599999999, 0.0]]
4	[[-0.8305561570912853, 0.32773595720904825, 0.4502950280316503], [-0.5100865793185324, -0.772219296347621, -0.37879947194723407], [0.22358030216652452, -0.5443036842615101, 0.808545204538665]]	0.6121277978031455	0.3878722021968546	[[-0.5084065113921319, 0.20061628974728057, 0.2756381038707198], [-0.31223817448719277, -0.47269689729436387, -0.23187368657205484], [0.13685971799735652, -0.3331834155831367, 0.4949329954785468]]	0.7749419482239538	0.37885151922843524	[[-0.6134476047880328, 0.24364047049908769, 0.19776709068398093], [-0.5665675136023053, -0.6258406785598994, -0.30421469472366497], [0.1782372919587497, -0.27360270364575245, 0.5929473339572919]]	[[0.030185201697687927, -0.010335870683534533, -0.15118541561442606], [-0.1712800260623096, -0.027415552592143254, -0.010667093946670432], [0.00497553701332299, 0.1482010538613379, -0.03362826207503629]]	0.6806505097032757	[[-0.6516696095415222, 0.6516696095415221, 0.0], [-0.7071067811865475, -0.7071067811865476, 0.0], [0.0, 0.0, 0.9216]]
4	[[0.22433838825039393, -0.7661379269479729, -0.6022499185961573], [-0.9416906372873723, -0.011392912655017143, -0.3362869982418849], [0.2507808429735371, 0.642575192824231, -0.724020780340167]]	0.5537543021421468	0.44624569785785323	[[0.12422834762929093, -0.4242521730817058, -0.33349848338737986], [-0.5214652416848623, -0.006308874396645514, -0.18622037203091232], [0.13887097069143034, 0.3558287774762375, -0.4009296219536817]]	0.7582652307084659	0.4115331989145398	[[0.20531920190489583, -0.5150197208824735, -0.3720252944720566], [-0.8188612197810201, 0.053391505481885454, -0.2032542659050944], [0.1726333115518172, 0.37202529447205657, -0.42743240737528393]]	[[0.03521120218144544, 0.06591603104923702, 0.08463987899641338], [-0.1048099514423085, 0.06203035502468355, 0.051740472401045935], [-0.01752508220277544, -0.11521713236234585, 0.12156737666707626]]	0.7322724558561416	[[1.6959196786428409e-16, -0.8493465599999999, 0.0], [-1.0, -1.7938038903913487e-16, 0.0], [0.0, 0.0, -0.8493465599999999]]
4	[[0.5319609947059123, -0.8460851799387872, 0.03402011756955908], [-0.703274286200726, -0.4190807785627857, 0.5742617690636116], [-0.47161719485230363, -0.3294103357928521, -0.8179645788128509]]	0.6222945776541616	0.37770542234583837	[[0.33103644252900344, -0.526514219709453, 0.021170534694693714], [-0.43764377490631273, -0.26079169609870606, 0.3573599850423719], [-0.2934848230850548, -0.20499026578712845, -0.5090149221084074]]	0.7627906770900003	0.4121395562196162	[[0.48528477667019365, -0.6392668733987659, 0.09623617056474666], [-0.5087594702516086, -0.3670033798282395, 0.3392227523867702], [-0.27241922797005735, -0.11193462040812431, -0.574361692372062]]	[[0.07950988933300077, 0.006119013882556382, 0.07028594204918134], [0.027691598699429852, -0.0473324689929277, -0.09881877126416344], [0.0873259714186179, 0.13933651267174968, 0.04957406253622945]]	0.670964009718851	[[0.6516696095415222, -0.6516696095415221, 0.0], [-0.7071067811865475, -0.7071067811865476, 0.0], [0.0, 0.0, -0.9216]]
4	[[0.08740825448676931, -0.06334395238859675, -0.994156597696443], [0.7119981850616444, -0.6940087028176986, 0.10681996481098455], [-0.6967197295301035, -0.717174639895393, -0.015561310176609944]]	0.7801512183455024	0.2198487816544978	[[0.0681916562313068, -0.049417861630783246, -0.7755924809190995], [0.5554662515356282, -0.5414317350456089, 0.08333572569091328], [-0.5435467458382592, -0.5595046690808878, -0.012140175093334513]]	0.9110797926307387	0.1504715066354763	[[0.05420953593263824, -0.054209535932638254, -0.8480373842422487], [0.6841948358516798, -0.6721589434882116, 0.0902621668661243], [-0.6148788093553766, -0.6251014531308188, 0.0]]	[[-0.025426358439382377, 0.003501859073975854, 0.05771860262950747], [0.03550767705225478, -0.039861638441134904, -0.007059344522690291], [0.01988845734665426, 0.028301869065100446, 0.014177595248768392]]	0.17763761857576135	[[0.0, 0.0, -0.8847359999999999], [0.7071067811865475, -0.7071067811865476, 0.0], [-0.6256028251598612, -0.6256028251598611, 0.0]]
