4	[[0.8489524140446696, -0.5135124485683378, 0.12483895166604869], [0.522794976890395, 0.7815435453534784, -0.34040431673891397], [0.0772347773085365, 0.35425224329800037, 0.9319550081910795]]	0.8070591307493815	0.19294086925061857	[[0.6851547973264801, -0.4144349103705492, 0.10075241581526531], [0.4219264596093052, 0.6307518543557681, -0.27472641197064507], [0.06233303223824952, 0.28590250754210267, 0.7521427988082252]]	0.9031754589445736	0.16305229132520396	[[0.745292409849921, -0.4694189577530405, 0.06640074423622555], [0.5084384071832174, 0.6668458427208342, -0.29586687768112385], [0.021941954509381637, 0.2914704485760084, 0.82662901813886]]	[[-0.0214605763269771, -0.005627116343580237, -0.04635073322891742], [0.03626281399631707, -0.039025107538962676, 0.011577947316258747], [-0.047814600932737754, -0.028481483846807827, -0.015089874099811992]]	0.4344637497765219	[[0.690419061150545, -0.6904190611505449, 0.0], [0.7071067811865475, 0.7071067811865476, 0.0], [0.0, 0.0, 0.9763999999999999]]
4	[[0.8787972042104137, -0.3840163418041313, 0.28327887866788265], [-0.395223040501579, -0.9183905790867732, -0.018907472103605397], [0.2674214316928388, -0.09534250611366366, -0.9588511794847616]]	0.6931296949195895	0.30687030508041047	[[0.6091204380505523, -0.26617312983883445, 0.19634900274823291], [-0.2739408254880521, -0.6365637818994402, -0.01310533037087266], [0.18535773536421724, -0.0660847221754328, -0.6646082255095616]]	0.8450146886540407	0.2507857545463781	[[0.6910456305796912, -0.31242222172316575, 0.14339605800265595], [-0.35921686509020717, -0.8404960676491673, -0.025859691643013723], [0.13095321647937488, -0.05469319377128525, -0.8102433308978756]]	[[-0.051550915326212976, 0.012077227784515967, -0.09597875545715065], [-0.025247590571862055, -0.06444253839935347, -0.009882599990150637], [-0.09502182136196713, 0.025872624347848212, 0.0]]	0.4776721890864458	[[0.6741251713073921, -0.674125171307392, 0.0], [-0.7071067811865475, -0.7071067811865476, 0.0], [0.0, 0.0, -0.9533569599999999]]
4	[[0.8592155572171323, 0.2624339665249735, -0.4391776855101157], [-0.4266000482917053, 0.8413623931712975, -0.33184593135155627], [0.2824199444684594, 0.4724804086637203, 0.8348660002631537]]	0.7123958585705434	0.2876041414294567	[[0.6121016045808668, 0.18695687090063176, -0.312868364334003], [-0.30390810766900467, 0.5993830844522336, -0.2364056671783335], [0.20119479881705332, 0.3365930863877523, 0.5947550810488248]]	0.7996104573422181	0.3588710017573809	[[0.571061105016061, 0.21189108813473453, -0.28951576804922263], [-0.3239494200785817, 0.7528033614388966, -0.27283605730867416], [0.24828371567981242, 0.3535145345703804, 0.5536308051218071]]	[[-0.11597663964587891, 0.002046144139568072, 0.06165530191601795], [0.01716443963816115, 0.08004119344465238, -0.007488580373501964], [0.022457774720823706, -0.02428574108645513, -0.1139367791680817]]	0.5141675183680702	[[0.6426819239770944, 0.45444474659022066, -0.45444474659022055], [-0.7071067811865475, 0.5000000000000001, -0.5], [0.0, 0.6426819239770943, 0.6426819239770944]]
4	[[-0.8305561570912853, 0.32773595720904825, 0.4502950280316503], [-0.5100865793185324, -0.772219296347621, -0.37879947194723407], [0.22358030216652452, -0.5443036842615101, 0.808545204538665]]	0.6479677626266582	0.3520322373733418	[[-0.5381736148462353, 0.2123623349250532, 0.29177666183557677], [-0.33051965954691487, -0.5003732097115003, -0.24544984632180897], [0.14487282816223512, -0.35269124048037764, 0.5239112271674325]]	0.7940522598303978	0.3512362104821179	[[-0.646772764996628, 0.26121152086145105, 0.19863461011255387], [-0.563016131130182, -0.6266035424513127, -0.30278501432122684], [0.1757180852524168, -0.2888374004205385, 0.6258374156112393]]	[[0.012732228457758055, 0.0009720434119277858, -0.1589231744863704], [-0.15798073011314376, -0.013421065101844359, -0.0019984375989641184], [-0.001816358936475212, 0.14336817010132485, -0.01618973122771888]]	0.6609272115697011	[[-0.9088894931804413, 0.0, 0.0], [0.0, -0.7071067811865476, -0.7071067811865475], [0.0, -0.6426819239770943, 0.6426819239770944]]
4	[[-0.42203838922340475, -0.825029846081567, 0.3757783270710803], [0.2588054115689476, 0.28760896992378115, 0.9221175843470338], [-0.8688517462515349, 0.4864224845687207, 0.09214016247897017]]	0.7260283073689036	0.2739716926310964	[[-0.3064118173725672, -0.5989950226794273, 0.2728257027493347], [0.18790005489931544, 0.20881225361787675, 0.6694834689585792], [-0.6308109626855181, 0.353156493137605, 0.06689636620530248]]	0.8485833516190232	0.24850926273788285	[[-0.2786356034430838, -0.6302538897373574, 0.3290047247879495], [0.2559623295081778, 0.23145848448028372, 0.8305669837245857], [-0.7326223176014718, 0.37177896206084576, 0.02227128728837486]]	[[0.07949914739600683, 0.06985270223626562, 0.010125492536182591], [0.036344365941859524, -0.012601699173333357, 0.048073353412542506], [0.004670809292696827, -0.040991060197331876, -0.05591732060675099]]	0.49771520917001216	[[-0.45444474659022055, -0.45444474659022066, 0.6426819239770944], [0.5, 0.5000000000000001, 0.7071067811865475], [-0.6426819239770944, 0.6426819239770943, 0.0]]
4	[[0.5319609947059123, -0.8460851799387872, 0.03402011756955908], [-0.703274286200726, -0.4190807785627857, 0.5742617690636116], [-0.47161719485230363, -0.3294103357928521, -0.8179645788128509]]	0.6505457000239248	0.3494542999760751	[[0.346064937686381, -0.5504170756631468, 0.022131641199185016], [-0.45751206282527734, -0.2726311984566988, 0.3735835245524647], [-0.30680853816851167, -0.2142964774934771, -0.5321233395185809]]	0.7772626760168144	0.3873015206125061	[[0.5112224340340993, -0.6720718690845242, 0.09930700601007264], [-0.5188865857884144, -0.3799063531609856, 0.32375105030060264], [-0.28013028648108274, -0.11343064755334026, -0.6095470520470679]]	[[0.0977490077524154, -0.01444143798713458, 0.07286443838955053], [0.0277422678777769, -0.0541705057480647, -0.12260118905593004], [0.08644015644536221, 0.14260771155260943, 0.026226285367975017]]	0.6595348195988641	[[0.6741251713073921, -0.674125171307392, 0.0], [-0.7071067811865475, -0.7071067811865476, 0.0], [0.0, 0.0, -0.9533569599999999]]
4	[[0.3802729664721569, 0.7767473726770865, -0.5020517802076895], [0.4287143634067757, 0.332951791095048, 0.839849450446521], [0.8195098935212374, -0.5346088512602871, -0.20639019011321075]]	0.7267195498540073	0.2732804501459929	[[0.2763517990162939, 0.5644775010221751, -0.3648508437159351], [0.3115551091909193, 0.2419625757476788, 0.610335014573631], [0.5955538609206591, -0.38851070373584395, -0.1499877860533555]]	0.8492387139579002	0.24289994457605554	[[0.34607606735917507, 0.5954527349046547, -0.43137266034068233], [0.40312615193024093, 0.29254565751238143, 0.718050227024742], [0.6579761492570448, -0.43137266034068233, -0.08082598636052511]]	[[0.02313354235940482, -0.06419120493781197, -0.005010852176829863], [0.03904531729539079, 0.009790106632843446, 0.004817559809289138], [-0.037983378792706544, 0.022637872974114272, 0.09444855326474451]]	0.37979225339919676	[[0.45444474659022055, 0.45444474659022066, -0.6426819239770944], [0.5, 0.5000000000000001, 0.7071067811865475], [0.6426819239770944, -0.6426819239770943, 0.0]]
4	[[-0.30792515101507295, 0.09349718223056193, 0.9468053539599837], [0.3027085282091916, -0.9338174967034747, 0.1906631317268273], [0.9019698710720718, 0.34531602882779927, 0.2592434992682147]]	0.7195754456335074	0.28042455436649266	[[-0.22157537776343617, 0.06727827656903385, 0.681297884503946], [0.2178216240831922, -0.6719521413307692, 0.13719650797821187], [0.6490353719246834, 0.24848093532815674, 0.18654525651351547]]	0.8474076642810434	0.26412592670314256	[[-0.2544537121154409, 0.078179349891069, 0.7414671916111165], [0.2439293058908441, -0.8497631045014946, 0.11877464479047706], [0.6783067794051787, 0.2630450206661116, 0.17627436222437187]]	[[0.006484420879629689, -0.0010508789197905526, -0.06086292191689971], [-0.012588220956859228, -0.05843900075523223, -0.042794754330662585], [-0.0860294022918795, -0.02957842876165931, -0.043410565970550354]]	0.47006636941335866	[[0.0, 0.0, 0.9763999999999999], [0.0, -1.0, 0.0], [0.9763999999999999, 0.0, 0.0]]
4	[[0.034229894132735264, 0.2773841392786001, 0.9601491309293217], [-0.1827544195208179, -0.9427759796974285, 0.2788803941677556], [0.9825625356654255, -0.18501754344446375, 0.018422055382213542]]	0.8646144760054991	0.13538552399450113	[[0.02959566197929861, 0.2398303422346032, 0.8301588377255906], [-0.1580121166716811, -0.8151377596766631, 0.24112402587156107], [0.8495377919169962, -0.1599688463770597, 0.015927975761236845]]	0.9200201910054234	0.12647277475390248	[[0.00902703359719294, 0.23743225027453913, 0.862758499275729], [-0.16479781434699936, -0.8268205544103003, 0.2532943519199071], [0.89611896723116, -0.16063207583337946, 0.0]]	[[-0.02246516014090158, -0.01776675852643358, -0.020598087555556886], [0.003339941607628809, 0.0405523825062529, -0.003281241589979144], [-0.007858404506517813, 0.00958779982575029, -0.016948662911456587]]	0.3483941253020366	[[0.0, 0.0, 0.9763999999999999], [0.0, -1.0, 0.0], [0.9763999999999999, 0.0, 0.0]]
4	[[-0.5446221603179724, 0.8109226453022452, -0.2139887049042392], [-0.8354447797583356, -0.5021691245819775, 0.22328947644507607], [0.07361197229480154, 0.30038414347728, 0.9509735242804028]]	0.7181235097737623	0.2818764902262379	[[-0.39110597726811097, 0.5823426161994719, -0.15367031981777413], [-0.599952537462224, -0.36061945424482733, 0.16034942252028386], [0.05286248790571184, 0.21571291539428972, 0.6829164449581671]]	0.8343778464370305	0.25151297581148097	[[-0.5050060759171596, 0.6427869521012533, -0.13177848006680368], [-0.736382154487814, -0.4083155307217005, 0.09448801495968945], [0.0778619023581962, 0.1397957417369456, 0.7774262739856282]]	[[-0.05058541066916668, -0.033828938313054155, 0.04676895469304471], [-0.03930553833599462, 0.01068326199417859, -0.09181977752860518], [0.016441703442877362, -0.11083813300145931, -0.01604496722208738]]	0.3939008308464988	[[-0.6741251713073921, 0.674125171307392, 0.0], [-0.7071067811865475, -0.7071067811865476, 0.0], [0.0, 0.0, 0.9533569599999999]]
4	[[0.04673222253661188, -0.9725397674033924, -0.22799671093185395], [-0.8377629715199755, -0.16246744520517667, 0.5213036857710898], [-0.5440306084466285, 0.16664552219444034, -0.8223502702654952]]	0.613732169985403	0.38626783001459697	[[0.028681068345635587, -0.5968789418455831, -0.13992891614974132], [-0.5141620864443739, -0.09971149769775763, 0.3199408422896795], [-0.3338890858604284, 0.10227571795474451, -0.504702815858125]]	0.7881274499754299	0.35719735584697637	[[-0.03496019570752842, -0.8457424341556319, -0.15847868757450576], [-0.689824654646582, -0.1549241168670296, 0.274933516052723], [-0.297456372363744, 0.048107209989802245, -0.6095895112649982]]	[[-0.0717911430869928, -0.07925714727229843, 0.0212117788150015], [-0.02956066021870509, -0.026879063573450723, -0.13592022847683882], [0.13130908377987896, -0.08323070046712595, 0.038527310225952224]]	0.6265118401394897	[[1.8586758649674957e-16, -0.9308577357439998, 0.0], [-1.0, -1.7938038903913487e-16, 0.0], [0.0, 0.0, -0.9308577357439998]]
4	[[-0.3195682178843842, -0.5708200961323295, -0.7563336379995778], [0.910087742671785, 0.03735879733279218, -0.41272826520656647], [0.2638493031197415, -0.8202248094963509, 0.507557688474819]]	0.6440684897237192	0.3559315102762809	[[-0.20582381945649575, -0.3676472372198977, -0.48713066395363414], [0.5861588379386853, 0.02406162417602604, -0.2658252704378839], [0.1699370221749877, -0.52828095428624, 0.32690191386363854]]	0.7666147435457292	0.37575024736539864	[[-0.2805558777481342, -0.4081653250429656, -0.5247866012804716], [0.7769784043681, 0.032164686480660815, -0.23634464500166832], [0.21481116461147773, -0.5247866012804716, 0.3095642099982532]]	[[-0.03557017034933127, 0.029433776564268734, 0.05502991664958305], [0.07929172291565784, 0.003524881644205341, 0.08005892818373739], [0.012540398765617732, 0.10400983070141803, -0.07953699718653334]]	0.7106886161193641	[[0.0, 0.0, -0.9088894931804413], [1.0, 1.7938038903913487e-16, 0.0], [1.8148111145542627e-16, -0.9088894931804413, 0.0]]
4	[[0.08740825448676931, -0.06334395238859675, -0.994156597696443], [0.7119981850616444, -0.6940087028176986, 0.10681996481098455], [-0.6967197295301035, -0.717174639895393, -0.015561310176609944]]	0.857546118280813	0.14245388171918724	[[0.07495660934083048, -0.054320360487405774, -0.8525351313178445], [0.610571279822597, -0.5951444691544197, 0.09160304617855283], [-0.5974692995881979, -0.6150103285717341, -0.013344541137315567]]	0.9293282108944007	0.1079842569178024	[[0.06426108385563083, -0.053386705977669244, -0.8899850169197824], [0.6794607709752093, -0.6618967482480758, 0.09998893925313067], [-0.6369548268264561, -0.6574228973405519, 0.0]]	[[-0.016969872903960966, 0.005480615966605457, 0.03391275536631742], [0.017780771491810985, -0.016934882113360424, 0.0007181324675355617], [0.010526472912585624, 0.00906772765226965, 0.01446156454560175]]	0.14667944515264913	[[0.0, 0.0, -0.9308577357439998], [0.7071067811865475, -0.7071067811865476, 0.0], [-0.6582158172645376, -0.6582158172645375, 0.0]]
4	[[0.22433838825039393, -0.7661379269479729, -0.6022499185961573], [-0.9416906372873723, -0.011392912655017143, -0.3362869982418849], [0.2507808429735371, 0.642575192824231, -0.724020780340167]]	0.5916928018144442	0.4083071981855559	[[0.13273940949841218, -0.453318296572156, -0.35634694172668124], [-0.5571915716189947, -0.006741104409674341, -0.19897859620350994], [0.14838521962040038, 0.3802071162186259, -0.4283978840913536]]	0.7631915798291548	0.385809042528386	[[0.21822662758276806, -0.5675038717417059, -0.35018417859158757], [-0.8383408166581606, -0.013121934215952272, -0.15622390022502436], [0.14199026149819427, 0.35018417859158757, -0.5159060390592368]]	[[0.04701345863762352, 0.017206143092750998, 0.10944788823379357], [-0.11965045147648733, -0.004426959207914156, 0.10042750523920402], [-0.049403566241666724, -0.1402237979789611, 0.03666052411771275]]	0.737395787351394	[[1.8148111145542627e-16, -0.9088894931804413, 0.0], [-1.0, -1.7938038903913487e-16, 0.0], [0.0, 0.0, -0.9088894931804413]]
