4	[[0.8592155572171323, 0.2624339665249735, -0.4391776855101157], [-0.4266000482917053, 0.8413623931712975, -0.33184593135155627], [0.2824199444684594, 0.4724804086637203, 0.8348660002631537]]	0.7471696158044454	0.25283038419555465	[[0.6419797577791272, 0.1960826859425012, -0.3281402225524787], [-0.31874259418427126, 0.628640416058107, -0.24794519703421064], [0.21101560140401163, 0.3530230054163992, 0.6237865086648147]]	0.8199106141424114	0.26515065879443855	[[0.6771396187546075, 0.2692460219458281, -0.27932999759362287], [-0.3329218654986109, 0.6906587668098751, -0.34967150840745914], [0.14486092414926705, 0.39709823412867545, 0.6742889661032501]]	[[-0.027340336444005672, 0.054073627280508095, 0.08075644825061883], [0.016852042089423487, 0.0008168103084677759, -0.07758750703234413], [-0.08669818596593319, 0.009706532090947032, -0.010226528899130873]]	0.48883511391765655	[[0.687514712254253, 0.4861463152005002, -0.4861463152005001], [-0.7071067811865475, 0.5000000000000001, -0.5], [0.0, 0.6875147122542529, 0.687514712254253]]
4	[[0.034229894132735264, 0.2773841392786001, 0.9601491309293217], [-0.1827544195208179, -0.9427759796974285, 0.2788803941677556], [0.9825625356654255, -0.18501754344446375, 0.018422055382213542]]	0.8678884282058152	0.13211157179418478	[[0.029707729016511066, 0.2407384846477272, 0.8333023200854285], [-0.1586104459055888, -0.8182243631697991, 0.24203706695167165], [0.8527546546925866, -0.16057458497051674, 0.01598828868998979]]	0.9327661782109201	0.12266142607338223	[[0.011734705019782063, 0.24345834292148474, 0.8860128052203998], [-0.1633465893365437, -0.8279781179006303, 0.2519509714527005], [0.9201743744896771, -0.16584569304928906, 0.0]]	[[-0.0201937825109738, -0.01527620056974073, -0.009581830149079849], [0.007120552111044785, 0.051411429590796184, -0.00817922799311186], [0.0036732732438072273, 0.006732413851376242, -0.017183470193657235]]	0.3413199253375732	[[0.0, 0.0, 0.9930000000000001], [0.0, -1.0, 0.0], [0.9930000000000001, 0.0, 0.0]]
4	[[-0.8305561570912853, 0.32773595720904825, 0.4502950280316503], [-0.5100865793185324, -0.772219296347621, -0.37879947194723407], [0.22358030216652452, -0.5443036842615101, 0.808545204538665]]	0.686018957994002	0.3139810420059979	[[-0.5697772694432661, 0.2248330798617181, 0.30891092592015273], [-0.34992906363082454, -0.5297570770232564, -0.25986361903391975], [0.15338032592026332, -0.3734026463093775, 0.5546773387086623]]	0.8168453924959771	0.324934022457915	[[-0.6776092232426084, 0.26610219890809306, 0.2049470862587404], [-0.5572779204542294, -0.6323687290157397, -0.30347613807734264], [0.1865310821623961, -0.3040014887917177, 0.6542826647070774]]	[[0.0008267468865729363, -0.001607407693376799, -0.16287433265275997], [-0.1406160483638523, -0.0015849547977000735, 0.005944465262664665], [0.003900542484812186, 0.14061046781588182, -0.00617376024504854]]	0.6400793583044023	[[-0.9722926304010004, 0.0, 0.0], [0.0, -0.7071067811865476, -0.7071067811865475], [0.0, -0.6875147122542529, 0.687514712254253]]
4	[[0.8787972042104137, -0.3840163418041313, 0.28327887866788265], [-0.395223040501579, -0.9183905790867732, -0.018907472103605397], [0.2674214316928388, -0.09534250611366366, -0.9588511794847616]]	0.7232457507837498	0.2767542492162503	[[0.6355863437458211, -0.277738187441358, 0.20488024528333154], [-0.28584338465460085, -0.6642220838843359, -0.013674748856994896], [0.19341141414035246, -0.06895606241578092, -0.6934850411963405]]	0.8592500404350891	0.23408369724356054	[[0.702358180741826, -0.3185097522427057, 0.1549317323984995], [-0.3589764025465983, -0.8407636891667897, -0.025454058689196216], [0.1402443115900809, -0.06055751962838827, -0.8238929147435143]]	[[-0.0527483525102152, 0.011456304980229075, -0.08847565555128535], [-0.019380989014737695, -0.05163654695127473, -0.009207812519647952], [-0.08953756440520025, 0.021365532604959964, 0.0]]	0.470800519738912	[[0.6972419344822142, -0.697241934482214, 0.0], [-0.7071067811865475, -0.7071067811865476, 0.0], [0.0, 0.0, -0.9860490000000002]]
4	[[-0.42203838922340475, -0.825029846081567, 0.3757783270710803], [0.2588054115689476, 0.28760896992378115, 0.9221175843470338], [-0.8688517462515349, 0.4864224845687207, 0.09214016247897017]]	0.765786828849678	0.2342131711503221	[[-0.3231914397362172, -0.6317969895371411, 0.28776609343819964], [0.19818977541452013, 0.22024716102665481, 0.7061455007436405], [-0.6653552235024679, 0.372495931939062, 0.07055972283446461]]	0.8763902065921084	0.2016432989186831	[[-0.29649639090322455, -0.6762302749568055, 0.3501145029490992], [0.25535022463814805, 0.23211838731310958, 0.8297915110118959], [-0.7856256314240588, 0.3971209659316958, 0.022188251278319273]]	[[0.07337392021807579, 0.04681780229527446, 0.020786057254438224], [0.028535696526082458, -0.019939297256136454, 0.021656690763782856], [-0.024172470028761828, -0.029174935810532064, -0.05856248475205583]]	0.48187782250473316	[[-0.4861463152005001, -0.4861463152005002, 0.687514712254253], [0.5, 0.5000000000000001, 0.7071067811865475], [-0.687514712254253, 0.6875147122542529, 0.0]]
4	[[-0.5446221603179724, 0.8109226453022452, -0.2139887049042392], [-0.8354447797583356, -0.5021691245819775, 0.22328947644507607], [0.07361197229480154, 0.30038414347728, 0.9509735242804028]]	0.7499435838307661	0.2500564161692339	[[-0.40843589474251424, 0.6081462348274911, -0.16047945625518942], [-0.6265364522246714, -0.37659851297816654, 0.16745451019691582], [0.05520482631561454, 0.2252711610852864, 0.7131764929270193]]	0.8497284717582674	0.2349661359349493	[[-0.5104993857789097, 0.6473678540819552, -0.14544107109945764], [-0.7361378770058963, -0.4091128225062703, 0.09440204337126959], [0.06871391572229943, 0.16851356644183924, 0.7996666480210195]]	[[-0.04771842980623315, -0.04169620602489319, 0.03639122409235242], [-0.026236661063423667, 0.017594580288960417, -0.09533338220810855], [0.006163727001125795, -0.08673139273552598, -0.008402631448340775]]	0.38407681952576345	[[-0.6972419344822142, 0.697241934482214, 0.0], [-0.7071067811865475, -0.7071067811865476, 0.0], [0.0, 0.0, 0.9860490000000002]]
4	[[0.08740825448676931, -0.06334395238859675, -0.994156597696443], [0.7119981850616444, -0.6940087028176986, 0.10681996481098455], [-0.6967197295301035, -0.717174639895393, -0.015561310176609944]]	0.9280080619286118	0.07199193807138829	[[0.08111556484282968, -0.05878369849103995, -0.9225853374818189], [0.6607400558157457, -0.6440456712634423, 0.0991297885195243], [-0.646561525908658, -0.6655438476336737, -0.014441021298065777]]	0.9620790254162068	0.061022435201424204	[[0.06470523621339651, -0.05901312934273576, -0.9382399007106724], [0.6814124743658253, -0.6727637992070618, 0.0905202114548391], [-0.6792429347599814, -0.6949522439075415, -0.0034948881096598045]]	[[-0.019388412076566306, 0.001928758637295999, 0.018217309912213542], [-0.0035860456163895006, -0.005072582769844581, -0.012249036185506431], [-0.008943496385416243, -0.004973565303762669, 0.011476322019252392]]	0.11912551331099898	[[0.0, 0.0, -0.9791466570000004], [0.7071067811865475, -0.7071067811865476, 0.0], [-0.6923612409408388, -0.6923612409408387, 0.0]]
4	[[-0.30792515101507295, 0.09349718223056193, 0.9468053539599837], [0.3027085282091916, -0.9338174967034747, 0.1906631317268273], [0.9019698710720718, 0.34531602882779927, 0.2592434992682147]]	0.7488984767324594	0.2511015232675408	[[-0.2306046765428007, 0.07001989735124498, 0.7090610873427687], [0.22669795566978823, -0.6993345008273505, 0.14278732891926119], [0.6754838625044473, 0.2586066479804409, 0.19414706170475843]]	0.8609884732338886	0.24753475023272545	[[-0.2651547859579342, 0.08294707363737744, 0.75829885711662], [0.24310572486818594, -0.8496782125310485, 0.11980317315952285], [0.6936060051155013, 0.2734872371868355, 0.18220771232055677]]	[[-3.478031515198079e-05, 0.0024470774570152557, -0.05688963903905761], [-0.017522828669523427, -0.04567211176523191, -0.04435558552794998], [-0.08297965708180928, -0.02382588325680087, -0.040997952310194125]]	0.46730453677480666	[[0.0, 0.0, 0.9930000000000001], [0.0, -1.0, 0.0], [0.9930000000000001, 0.0, 0.0]]
4	[[0.8489524140446696, -0.5135124485683378, 0.12483895166604869], [0.522794976890395, 0.7815435453534784, -0.34040431673891397], [0.0772347773085365, 0.35425224329800037, 0.9319550081910795]]	0.829269235991699	0.1707307640083011	[[0.7040101197881315, -0.4258400758964921, 0.10352510207010883], [0.4335377910661958, 0.6481100187495227, -0.2822868276703555], [0.06404842477063909, 0.29377048714807824, 0.7728416176212539]]	0.9191932688758392	0.13747395684550665	[[0.7745798387977083, -0.4841862480264447, 0.06108396619556363], [0.505356654404747, 0.670774192412921, -0.2894647553552142], [0.024200320744727527, 0.29803429195259423, 0.85801473676562]]	[[-0.005771505788046284, -0.01216906181847808, -0.05366715786938456], [0.024807030644995884, -0.04761537380935562, 0.02343260128747463], [-0.04679336668040364, -0.027591985571093866, 0.0013679663412522107]]	0.42915317657714663	[[0.7021570337182418, -0.7021570337182417, 0.0], [0.7071067811865475, 0.7071067811865476, 0.0], [0.0, 0.0, 0.9930000000000001]]
4	[[0.04673222253661188, -0.9725397674033924, -0.22799671093185395], [-0.8377629715199755, -0.16246744520517667, 0.5213036857710898], [-0.5440306084466285, 0.16664552219444034, -0.8223502702654952]]	0.6384775247924361	0.36152247520756375	[[0.02983747377322516, -0.6209447834539296, -0.14557077565658658], [-0.5348928284188302, -0.10373181227395181, 0.33284068695629937], [-0.3473513162923264, 0.10639942052844928, -0.5250521650715043]]	0.809779796319822	0.32198598284478275	[[-0.03040319759226142, -0.9000294443684744, -0.15419191694129147], [-0.6748976730059624, -0.144108694576121, 0.28793185795088116], [-0.3265318224679707, 0.041351847860958864, -0.6341934948685973]]	[[-0.06824600723953146, -0.11248638960762833, 0.03043521319869454], [0.0035058554357721376, -0.01254583988927135, -0.13420933453360445], [0.11401317283168896, -0.09359432915926542, 0.03172913949054583]]	0.6119206825543982	[[1.9550960256831473e-16, -0.9791466570000004, 0.0], [-1.0, -1.7938038903913487e-16, 0.0], [0.0, 0.0, -0.9791466570000004]]
4	[[0.3802729664721569, 0.7767473726770865, -0.5020517802076895], [0.4287143634067757, 0.332951791095048, 0.839849450446521], [0.8195098935212374, -0.5346088512602871, -0.20639019011321075]]	0.7806183290430548	0.21938167095694533	[[0.29684804766774076, 0.6063432361477701, -0.3919108217588176], [0.33466228999935427, 0.2599082708165087, 0.6556018746552912], [0.6397244437148002, -0.41732546816243243, -0.16111196533705302]]	0.8794476269903212	0.20548308207142693	[[0.34313459536401514, 0.6497929656576418, -0.44152824672991875], [0.40400872766082213, 0.3019974942939031, 0.7210827302784039], [0.6978063929727188, -0.45361470135740734, -0.08911120237638953]]	[[0.008704437391506796, -0.0333156680141883, -1.2706927439323508e-18], [0.026976898106066984, 0.009183831713185974, -0.017520875945914487], [-0.022909638179624277, 0.01654578425147375, 0.0923981605527549]]	0.36848809337706623	[[0.4861463152005001, 0.4861463152005002, -0.687514712254253], [0.5, 0.5000000000000001, 0.7071067811865475], [0.687514712254253, -0.6875147122542529, 0.0]]
4	[[0.5319609947059123, -0.8460851799387872, 0.03402011756955908], [-0.703274286200726, -0.4190807785627857, 0.5742617690636116], [-0.47161719485230363, -0.3294103357928521, -0.8179645788128509]]	0.6714801510619312	0.3285198489380688	[[0.3572012490841812, -0.5681294044365581, 0.022843833684752166], [-0.4722347239360352, -0.28140442449649106, 0.3856053794399257], [-0.3166815852428291, -0.22119250203954577, -0.549246978944562]]	0.7947780725117245	0.3616020657820773	[[0.5206147595690678, -0.7178246701316048, 0.08961461275784083], [-0.5109287005957605, -0.39346309928888473, 0.3260935473854317], [-0.3045350906715207, -0.10213787503049492, -0.6341225787236887]]	[[0.09782382554528309, -0.04537472163911978, 0.06257616928928444], [0.048018281037911434, -0.060386885876041026, -0.13031711454811853], [0.07029591441657959, 0.15967023671638803, 0.015977732608053536]]	0.6481551908290603	[[0.6972419344822142, -0.697241934482214, 0.0], [-0.7071067811865475, -0.7071067811865476, 0.0], [0.0, 0.0, -0.9860490000000002]]
4	[[0.22433838825039393, -0.7661379269479729, -0.6022499185961573], [-0.9416906372873723, -0.011392912655017143, -0.3362869982418849], [0.2507808429735371, 0.642575192824231, -0.724020780340167]]	0.632036336982957	0.3679636630170429	[[0.14179001315443948, -0.4842270089719132, -0.3806438324977993], [-0.5951827009622572, -0.00720073478204384, -0.212545602543795], [0.15850260537849256, 0.4061308711087443, -0.4576074419057413]]	0.7858721943170883	0.3537274295713967	[[0.23362201609125827, -0.5972852385038665, -0.3726662941013824], [-0.8362013998167773, -0.0164882644111196, -0.1569689374441433], [0.15261974107881626, 0.3726662941013824, -0.5414349049589949]]	[[0.05732071464736221, 0.004801255296282121, 0.1006251709530675], [-0.09615291232389277, -0.007534891143258312, 0.10730966378451362], [-0.044461950281486556, -0.13231568269712213, 0.02755289441810283]]	0.7476989011449887	[[1.9414103535033655e-16, -0.9722926304010004, 0.0], [-1.0, -1.7938038903913487e-16, 0.0], [0.0, 0.0, -0.9722926304010004]]
4	[[-0.3195682178843842, -0.5708200961323295, -0.7563336379995778], [0.910087742671785, 0.03735879733279218, -0.41272826520656647], [0.2638493031197415, -0.8202248094963509, 0.507557688474819]]	0.6795389061609836	0.3204610938390164	[[-0.21715903722496926, -0.3878944637404707, -0.5139581330589904], [0.6184400291657036, 0.025386756275015535, -0.28046491388019046], [0.17929586683332693, -0.5573746698512514, 0.34490519643977574]]	0.7831356113739484	0.33114807859186307	[[-0.24197246510949905, -0.40576072586100836, -0.5733463776395258], [0.7928289119772265, 0.058378150947510976, -0.2313521098914961], [0.20460300460542505, -0.5936853245093248, 0.30981066566264515]]	[[0.008292786579071273, 0.041268819108119505, 0.018965428357956192], [0.08010679121602161, 0.029121146358099287, 0.09187009241235738], [-0.002026780703843989, 0.04866193313968039, -0.08767583500863033]]	0.7069247795199117	[[-0.4861463152005001, -0.4861463152005002, -0.687514712254253], [0.5, 0.5000000000000001, -0.7071067811865475], [0.687514712254253, -0.6875147122542529, 0.0]]
