4	[[0.5319609947059123, -0.8460851799387872, 0.03402011756955908], [-0.703274286200726, -0.4190807785627857, 0.5742617690636116], [-0.47161719485230363, -0.3294103357928521, -0.8179645788128509]]	0.6561181270231911	0.343881872976809	[[0.3490292514958367, -0.5551318235635165, 0.022321215820847833], [-0.46143100744559196, -0.2749664955020356, 0.37678355633904104], [-0.3094365905584248, -0.21613209254248655, -0.5366813874220011]]	0.7809945235990768	0.3789365662482025	[[0.5203608095013498, -0.6681320470322158, 0.1122707566758009], [-0.5123357476581749, -0.36411925917683874, 0.3368411168695344], [-0.2904557905413191, -0.1337765583056599, -0.6021247558185915]]	[[0.1049021858677147, -0.007344155001683464, 0.08570123116177858], [0.036917618452641694, -0.03681946617366568, -0.11165417988146407], [0.07787465587348882, 0.12349110996549058, 0.03670110073227058]]	0.6563618679744303	[[0.6804919890494672, -0.6804919890494671, 0.0], [-0.7071067811865475, -0.7071067811865476, 0.0], [0.0, 0.0, -0.9623610000000001]]
4	[[0.04673222253661188, -0.9725397674033924, -0.22799671093185395], [-0.8377629715199755, -0.16246744520517667, 0.5213036857710898], [-0.5440306084466285, 0.16664552219444034, -0.8223502702654952]]	0.6201419975249024	0.37985800247509754	[[0.028980613832632784, -0.6031127540299438, -0.14139033574638757], [-0.5195320026107955, -0.10075288600230586, 0.32328230901117766], [-0.33737622823678026, 0.1033438870122407, -0.5099739392675876]]	0.7945523759261216	0.3483752080055407	[[-0.037456570661968495, -0.85743509905281, -0.1624243538032618], [-0.6926781590997843, -0.15602040005838486, 0.274609642655345], [-0.30164461771998907, 0.05223476551409904, -0.6175579283836269]]	[[-0.07458776911074183, -0.08470131617980689, 0.01873097457098389], [-0.027031599615660165, -0.02693150545996468, -0.13959343945311867], [0.13061619479781314, -0.08017383008294278, 0.035842432699310506]]	0.6223702225601595	[[1.8850695123308607e-16, -0.9440761410000003, 0.0], [-1.0, -1.7938038903913487e-16, 0.0], [0.0, 0.0, -0.9440761410000003]]
4	[[-0.30792515101507295, 0.09349718223056193, 0.9468053539599837], [0.3027085282091916, -0.9338174967034747, 0.1906631317268273], [0.9019698710720718, 0.34531602882779927, 0.2592434992682147]]	0.7277939589320109	0.2722060410679891	[[-0.22410606471199726, 0.06804668440456836, 0.6890792168965605], [0.22030943814784984, -0.6796267328458019, 0.13876347546184317], [0.6564482233049388, 0.2513189197032645, 0.18867585265980186]]	0.8512111479848957	0.25996430472981896	[[-0.25822569908990944, 0.07957660240392066, 0.7453148450994032], [0.24349309713243908, -0.8497656546124628, 0.11920469703639718], [0.6818530116282446, 0.2657487294263302, 0.17864909668598883]]	[[0.0038836221990531865, -9.241415908953221e-06, -0.06061642716312015], [-0.014175776669325058, -0.05488979123511623, -0.0430898861991909], [-0.08591379777480215, -0.028188123889766176, -0.0420218599337297]]	0.4692584312243931	[[0.0, 0.0, 0.9810000000000001], [0.0, -1.0, 0.0], [0.9810000000000001, 0.0, 0.0]]
4	[[0.3802729664721569, 0.7767473726770865, -0.5020517802076895], [0.4287143634067757, 0.332951791095048, 0.839849450446521], [0.8195098935212374, -0.5346088512602871, -0.20639019011321075]]	0.7412797156817843	0.25872028431821587	[[0.28188863646794915, 0.5757870715746436, -0.3721608008898897], [0.3177972614148719, 0.24681040903867796, 0.6225633618424999], [0.6074860608678323, -0.39629469726319094, -0.15299286144663027]]	0.8599327885447843	0.2297702022413945	[[0.34294558792139607, 0.6118159344549293, -0.4317307873478715], [0.4061066522262822, 0.3013172936246801, 0.7187030573706163], [0.6655461486887081, -0.4421530241535905, -0.08400546760408534]]	[[0.01593639545479688, -0.056134599726112455, 4.313470556449964e-18], [0.037441114212691556, 0.015001131457335119, -0.0035110225096649517], [-0.0391772792870488, 0.017574656091392016, 0.09347622410825615]]	0.3758547028884535	[[0.4630693471605001, 0.4630693471605002, -0.6548789510736345], [0.5, 0.5000000000000001, 0.7071067811865475], [0.6548789510736345, -0.6548789510736344, 0.0]]
4	[[0.08740825448676931, -0.06334395238859675, -0.994156597696443], [0.7119981850616444, -0.6940087028176986, 0.10681996481098455], [-0.6967197295301035, -0.717174639895393, -0.015561310176609944]]	0.8787507297675755	0.12124927023242467	[[0.07681006741795848, -0.05566354438784192, -0.8736158357289991], [0.6256689247161092, -0.6098606540661009, 0.09386812203139941], [-0.6122429707680463, -0.6302177381788746, -0.013674512673835588]]	0.9386158016616394	0.09763624307178492	[[0.07119124182205767, -0.05890214019076112, -0.8995638779989651], [0.6761114301617283, -0.6584096766061561, 0.10870900905479394], [-0.6448461158363417, -0.6663584800851472, 0.0]]	[[-0.010851527034885868, 0.0005534944608783276, 0.03356721392508975], [0.007818682908460772, -0.0070021416507674, 0.008446102150263592], [0.00910603163003687, 0.006792969471664776, 0.01460609162632417]]	0.13860703466630236	[[0.0, 0.0, -0.9440761410000003], [0.7071067811865475, -0.7071067811865476, 0.0], [-0.6675626412575274, -0.6675626412575273, 0.0]]
4	[[0.8489524140446696, -0.5135124485683378, 0.12483895166604869], [0.522794976890395, 0.7815435453534784, -0.34040431673891397], [0.0772347773085365, 0.35425224329800037, 0.9319550081910795]]	0.8132467921859942	0.1867532078140059	[[0.6904078274403835, -0.41761235154577603, 0.10152487698227647], [0.4251613379270647, 0.6355877812123852, -0.27683271863418696], [0.06281093489136694, 0.2880945004867911, 0.7579094208730673]]	0.907757928059151	0.15546267055459348	[[0.7530056379790093, -0.4754296220711316, 0.0634470177362668], [0.5081896907561068, 0.668031738829013, -0.2932525876403038], [0.02392073647779822, 0.29134105134686883, 0.8360392583744838]]	[[-0.017637646414994556, -0.009284625726156013, -0.04987653036918203], [0.03361840573435008, -0.04142061058906364, 0.015752129625003684], [-0.0461897449459088, -0.03023423103963016, -0.009950288905399498]]	0.43296337973616655	[[0.6936717523440032, -0.6936717523440031, 0.0], [0.7071067811865475, 0.7071067811865476, 0.0], [0.0, 0.0, 0.9810000000000001]]
4	[[-0.42203838922340475, -0.825029846081567, 0.3757783270710803], [0.2588054115689476, 0.28760896992378115, 0.9221175843470338], [-0.8688517462515349, 0.4864224845687207, 0.09214016247897017]]	0.7378095626630006	0.2621904373369996	[[-0.3113839593799174, -0.6087149099213637, 0.27725284315454785], [0.19094910752450311, 0.21220064831742103, 0.6803471716309476], [-0.6410471269208295, 0.3588871606090979, 0.06798189298230681]]	0.8563726334890268	0.23495406083630088	[[-0.2839167209913546, -0.6422219733296457, 0.33693156171507155], [0.25724720664994083, 0.23277159582463022, 0.830559665524592], [-0.7465456339321703, 0.3788510671580095, 0.0226678102524622]]	[[0.07750540582135948, 0.06431100866627233, 0.015125286153109662], [0.035613334783429706, -0.013528855164064596, 0.040883401430782666], [-0.0024847758832038823, -0.03770783694038133, -0.05623850333976031]]	0.49290787869000485	[[-0.4630693471605001, -0.4630693471605002, 0.6548789510736345], [0.5, 0.5000000000000001, 0.7071067811865475], [-0.6548789510736345, 0.6548789510736344, 0.0]]
4	[[0.8787972042104137, -0.3840163418041313, 0.28327887866788265], [-0.395223040501579, -0.9183905790867732, -0.018907472103605397], [0.2674214316928388, -0.09534250611366366, -0.9588511794847616]]	0.7014447532090424	0.2985552467909577	[[0.6164276880281702, -0.2693662481050382, 0.19870448313652722], [-0.27722712810715744, -0.6442002530970311, -0.01326254710352035], [0.18758136015659208, -0.0668775006712304, -0.6725811289578878]]	0.8490270661663846	0.24625558603099137	[[0.6938777291177864, -0.314644240985348, 0.14664231838898548], [-0.3596815997117162, -0.8405022775311399, -0.02537996504022555], [0.13359487988323202, -0.055923991530895445, -0.8140906038081245]]	[[-0.05224488292820229, 0.011396027056561174, -0.09386911687331012], [-0.024126541153302466, -0.060763818574249936, -0.009327009471478707], [-0.09345315369695309, 0.02502437671573899, 0.0]]	0.4756308871370938	[[0.6804919890494672, -0.6804919890494671, 0.0], [-0.7071067811865475, -0.7071067811865476, 0.0], [0.0, 0.0, -0.9623610000000001]]
4	[[0.034229894132735264, 0.2773841392786001, 0.9601491309293217], [-0.1827544195208179, -0.9427759796974285, 0.2788803941677556], [0.9825625356654255, -0.18501754344446375, 0.018422055382213542]]	0.8659535508772876	0.13404644912271252	[[0.029641498370395737, 0.2402017803653439, 0.831444549299988], [-0.15825683852256972, -0.8164002073008018, 0.2414974675996256], [0.8508535167184667, -0.1602165987203262, 0.01595264427268587]]	0.9236145634662076	0.12489538418562886	[[0.009402112869522528, 0.2392768739025634, 0.8691705841771239], [-0.1644651999406771, -0.827101105092549, 0.2529496570642118], [0.9027981310243197, -0.16198727690024559, 0.0]]	[[-0.022213115857378257, -0.01691915680969059, -0.01763713624862027], [0.004329443466563301, 0.04366051984211755, -0.004628336454323801], [-0.004710936432552328, 0.008897620721802916, -0.01701487863999346]]	0.3464137054117939	[[0.0, 0.0, 0.9810000000000001], [0.0, -1.0, 0.0], [0.9810000000000001, 0.0, 0.0]]
4	[[-0.5446221603179724, 0.8109226453022452, -0.2139887049042392], [-0.8354447797583356, -0.5021691245819775, 0.22328947644507607], [0.07361197229480154, 0.30038414347728, 0.9509735242804028]]	0.7270141000988032	0.27298589990119687	[[-0.3959479897774367, 0.5895521972241528, -0.1555728057272638], [-0.6073801347382491, -0.3650840342053701, 0.16233459777924986], [0.05351694179440317, 0.2183835077540845, 0.6913711609725044]]	0.8395357733757471	0.24510421309878236	[[-0.5094913482845842, 0.6471235076926194, -0.13564858435295862], [-0.7365804769538734, -0.40860279611300915, 0.09417070327254964], [0.07832390356385238, 0.14453981296123572, 0.783520697975704]]	[[-0.052261561724465194, -0.03367506247910773, 0.0440025885124964], [-0.035194697666728336, 0.012986148258343082, -0.09328880002143297], [0.0165240194736221, -0.10764342124277389, -0.014855595190903894]]	0.39104506185114374	[[-0.6804919890494672, 0.6804919890494671, 0.0], [-0.7071067811865475, -0.7071067811865476, 0.0], [0.0, 0.0, 0.9623610000000001]]
4	[[-0.3195682178843842, -0.5708200961323295, -0.7563336379995778], [0.910087742671785, 0.03735879733279218, -0.41272826520656647], [0.2638493031197415, -0.8202248094963509, 0.507557688474819]]	0.6539518270076542	0.34604817299234575	[[-0.20898221993907312, -0.3732888447584218, -0.4946057643971695], [0.5951535420574857, 0.02443085377058815, -0.26990440308953384], [0.1725447338298513, -0.5363875127271439, 0.3319182776898897]]	0.7731814490223563	0.3674129044945012	[[-0.2871879605360811, -0.4150070511402765, -0.5331593528422004], [0.775130302519772, 0.03200260714455436, -0.23812561139080052], [0.22053734281786588, -0.5331593528422003, 0.3134268565267246]]	[[-0.040103742770740754, 0.026340457918398837, 0.051623785330663426], [0.07146734290331619, 0.003117478089053576, 0.08098822675409591], [0.016533956308205283, 0.10102325388827454, -0.07900733251067371]]	0.7110022770623624	[[0.0, 0.0, -0.9261386943210004], [1.0, -1.7938038903913487e-16, 0.0], [-1.8492531915965745e-16, -0.9261386943210004, 0.0]]
4	[[0.8592155572171323, 0.2624339665249735, -0.4391776855101157], [-0.4266000482917053, 0.8413623931712975, -0.33184593135155627], [0.2824199444684594, 0.4724804086637203, 0.8348660002631537]]	0.7232667207192552	0.2767332792807449	[[0.6214420184594027, 0.18980975437386444, -0.31764260441197384], [-0.30854561798661756, 0.6085294190455091, -0.24001311855266727], [0.2042649471014168, 0.3417293557783026, 0.603830794250332]]	0.805228271697522	0.28151050929230487	[[0.6552181039474054, 0.266510010683116, -0.2716741142408013], [-0.33972069573385133, 0.6890376020915232, -0.34798927715046163], [0.13762237470234862, 0.3814581094599238, 0.6562123166079469]]	[[-0.036646554206169184, 0.0551907613834863, 0.08196417443062698], [0.0037897238581578573, 0.011548816366908344, -0.08077755137839357], [-0.08979014907489906, 0.001003526580697447, -0.016045389882975193]]	0.5070495202523926	[[0.6548789510736345, 0.4630693471605002, -0.4630693471605001], [-0.7071067811865475, 0.5000000000000001, -0.5], [0.0, 0.6548789510736344, 0.6548789510736345]]
4	[[0.22433838825039393, -0.7661379269479729, -0.6022499185961573], [-0.9416906372873723, -0.011392912655017143, -0.3362869982418849], [0.2507808429735371, 0.642575192824231, -0.724020780340167]]	0.6026384073528718	0.39736159264712834	[[0.13519492900332755, -0.46170414010855715, -0.36293893177118486], [-0.5674989458739728, -0.006865806737529897, -0.2026594610339675], [0.15113016780418295, 0.38724049080805906, -0.43632272995458166]]	0.7695456430191379	0.37687656461782054	[[0.22244477428466056, -0.57567175870378, -0.35631217531381854], [-0.8377203238459638, -0.014029223344118505, -0.15646858157534102], [0.14491160784244525, 0.35631217531381854, -0.522899793249063]]	[[0.04980614504463422, 0.013906344930747098, 0.10714662555048482], [-0.11304639684955098, -0.005261857049152496, 0.10231961272568602], [-0.04807569722050675, -0.13817876463625087, 0.03426724371702893]]	0.7397048193055114	[[1.8492531915965745e-16, -0.9261386943210004, 0.0], [-1.0, -1.7938038903913487e-16, 0.0], [0.0, 0.0, -0.9261386943210004]]
4	[[-0.8305561570912853, 0.32773595720904825, 0.4502950280316503], [-0.5100865793185324, -0.772219296347621, -0.37879947194723407], [0.22358030216652452, -0.5443036842615101, 0.808545204538665]]	0.6585963860718976	0.34140361392810237	[[-0.5470012834900837, 0.21584571700369323, 0.2965626781277887], [-0.33594117772296184, -0.508580837829527, -0.24947596327039143], [0.14724917900373594, -0.35847643938024976, 0.532504949684928]]	0.8003906981371336	0.34770895016720393	[[-0.6514891692071568, 0.272014575203456, 0.2006818111529085], [-0.5716743494655171, -0.6281959893702243, -0.2928987293665105], [0.1790438207107596, -0.283629428480922, 0.6377153903510193]]	[[0.013280253209231761, 0.009697763608264152, -0.15973014070102418], [-0.16340579613437461, -0.010118847651585964, 0.010288844439313686], [9.222656998381375e-05, 0.15202617736376203, -0.00943667038511408]]	0.655054651288988	[[-0.9261386943210004, 0.0, 0.0], [0.0, -0.7071067811865476, -0.7071067811865475], [0.0, -0.6548789510736344, 0.6548789510736345]]
