4	[[0.8787972042104137, -0.3840163418041313, 0.28327887866788265], [-0.395223040501579, -0.9183905790867732, -0.018907472103605397], [0.2674214316928388, -0.09534250611366366, -0.9588511794847616]]	0.6550283921582808	0.3449716078417194	[[0.5756371197071395, -0.251541606934465, 0.18555570842622393], [-0.25888231276365636, -0.6015719043925216, -0.01238493105180217], [0.1751686304304257, -0.062452048483974176, -0.6280747464169745]]	0.8270902952714563	0.28231750196256816	[[0.6550247127901881, -0.26766698387302285, 0.16834472795863686], [-0.31749354477887437, -0.8545580176835637, -0.033634461467894186], [0.15917499976385874, -0.052838854001439825, -0.7531791659570246]]	[[-0.07181992632393322, 0.04994920565882062, -0.06595248344294923], [0.009391596487659328, -0.09496608245216073, -0.017996274782886373], [-0.062006671136886835, 0.026018007532030873, 0.039877339204410986]]	0.4881879474792008	[[0.6454394048295726, -0.6454394048295725, 0.0], [-0.7071067811865475, -0.7071067811865476, 0.0], [0.0, 0.0, -0.9127891600000001]]
4	[[0.22433838825039393, -0.7661379269479729, -0.6022499185961573], [-0.9416906372873723, -0.011392912655017143, -0.3362869982418849], [0.2507808429735371, 0.642575192824231, -0.724020780340167]]	0.5434851312795697	0.4565148687204303	[[0.12192457838931245, -0.4163845718055765, -0.3273138760713427], [-0.5117948596308692, -0.0061918786299686585, -0.1827669833871033], [0.136295659365874, 0.349230063029072, -0.3934945288523121]]	0.7515237068184628	0.4203447071459416	[[0.20348328182225706, -0.5089606145421546, -0.3631118489924766], [-0.8182576624956123, 0.05205185781187563, -0.20330292295678243], [0.1693887528506975, 0.3631118489924766, -0.4238573967384226]]	[[0.03488766470264149, 0.06681020025199882, 0.08949324226202494], [-0.11055482408516577, 0.06061390176183312, 0.04942472851681287], [-0.019078995859833976, -0.11979864182837797, 0.12026138391641568]]	0.7316420666773744	[[1.6636474366444684e-16, -0.8331840506135056, 0.0], [-1.0, -1.7938038903913487e-16, 0.0], [0.0, 0.0, -0.8331840506135056]]
4	[[0.8489524140446696, -0.5135124485683378, 0.12483895166604869], [0.522794976890395, 0.7815435453534784, -0.34040431673891397], [0.0772347773085365, 0.35425224329800037, 0.9319550081910795]]	0.7557799090315944	0.24422009096840572	[[0.6416211782588327, -0.38810239166556953, 0.09435077153376589], [0.3951179400763972, 0.5906749096114816, -0.25727074353889845], [0.058372492968321164, 0.26773672821400085, 0.7043528713121927]]	0.8801823465295552	0.20022140451585196	[[0.7126290226403829, -0.4551988383496053, 0.053613833426663746], [0.5048241427777279, 0.6688955951520913, -0.29453260196756526], [0.0232473648801603, 0.2653962759918077, 0.7964578804619755]]	[[-0.03460390524538488, -0.003214246396588172, -0.056267207989048725], [0.04466923326447565, -0.01900523651216113, 0.005085268308481987], [-0.04473332264495501, -0.046410294777585015, -0.02383246550761958]]	0.4415842763170212	[[0.6755698187456276, -0.6755698187456275, 0.0], [0.7071067811865475, 0.7071067811865476, 0.0], [0.0, 0.0, 0.9554]]
4	[[0.8592155572171323, 0.2624339665249735, -0.4391776855101157], [-0.4266000482917053, 0.8413623931712975, -0.33184593135155627], [0.2824199444684594, 0.4724804086637203, 0.8348660002631537]]	0.6567930565315199	0.3432069434684803	[[0.5643268120440731, 0.17236480701162793, -0.28844885442662743], [-0.2801879496340031, 0.5526009778616509, -0.2179541035499375], [0.18549145855290158, 0.31032185175750643, 0.5483341921070812]]	0.778513606145211	0.392274021008738	[[0.5317897767133912, 0.21101460992519538, -0.2850231321822405], [-0.340820766819368, 0.7510930289091321, -0.26009381855741337], [0.24169195967134177, 0.33143300002151904, 0.5252420188872586]]	[[-0.13712122519178535, 0.006706196270846614, 0.056882671502747076], [-0.008706824842071331, 0.09608095812638032, -0.0017472458562971006], [0.021824190255871193, -0.0363994267602369, -0.12471252162563787]]	0.5474021744137171	[[0.5891500921652855, 0.4165920253067528, -0.4165920253067527], [-0.7071067811865475, 0.5000000000000001, -0.5], [0.0, 0.5891500921652855, 0.5891500921652855]]
4	[[0.034229894132735264, 0.2773841392786001, 0.9601491309293217], [-0.1827544195208179, -0.9427759796974285, 0.2788803941677556], [0.9825625356654255, -0.18501754344446375, 0.018422055382213542]]	0.8371662471264558	0.1628337528735443	[[0.02865611201063787, 0.23221663889226782, 0.8038044446218283], [-0.15299583153601704, -0.7892602288042637, 0.2334692529825667], [0.8225681905500787, -0.15489044249795775, 0.015422322968683438]]	0.9030633539616628	0.14741760832148468	[[0.009105263830726289, 0.22803440714677364, 0.8338161127052205], [-0.16598959367330798, -0.825781128369299, 0.2546119690388676], [0.8656881718545384, -0.15485997345540475, 0.0]]	[[-0.021806499170534267, -0.022461044005927976, -0.033259381775188585], [-0.0009507746295214, 0.025605309890753533, 0.0027653049275836736], [-0.02162804708055659, 0.012222589869300344, -0.01663628312032927]]	0.35763232914847726	[[0.0, 0.0, 0.9554], [0.0, -1.0, 0.0], [0.9554, 0.0, 0.0]]
4	[[0.04673222253661188, -0.9725397674033924, -0.22799671093185395], [-0.8377629715199755, -0.16246744520517667, 0.5213036857710898], [-0.5440306084466285, 0.16664552219444034, -0.8223502702654952]]	0.5879831913702964	0.4120168086297036	[[0.027477761346903926, -0.5718370361723724, -0.13405823371564235], [-0.4925905456061779, -0.09552812692551849, 0.3065178048327836], [-0.31988085335757277, 0.09798476596745659, -0.48352813633493164]]	0.7586254068504215	0.39636565813287433	[[-0.00956784259054389, -0.8012248832147267, -0.1253383648798026], [-0.6873213306232117, -0.14687638098695743, 0.27195150616587926], [-0.2709684213762539, 0.02860459862196928, -0.5831179555247529]]	[[-0.04502009392540564, -0.06343150649011375, 0.04762573271143303], [-0.05177305550965213, -0.023624449268231686, -0.12352271454483793], [0.14174702029565198, -0.09781692845258899, 0.040737852828962556]]	0.6462164137981675	[[1.741309856232435e-16, -0.872078763464, 0.0], [-1.0, -1.7938038903913487e-16, 0.0], [0.0, 0.0, -0.872078763464]]
4	[[0.3802729664721569, 0.7767473726770865, -0.5020517802076895], [0.4287143634067757, 0.332951791095048, 0.839849450446521], [0.8195098935212374, -0.5346088512602871, -0.20639019011321075]]	0.6605884841713231	0.3394115158286771	[[0.2512039424931746, 0.5131103695008143, -0.3316496244629118], [0.2832037714653557, 0.21994411898160468, 0.5547948754025861], [0.5413587983245965, -0.3531564506786054, -0.1363389828347171]]	0.8136498484342494	0.2954334397598672	[[0.3467663633172362, 0.5322209316397537, -0.4149099916317841], [0.40775174895385913, 0.2965000149843897, 0.7150625784965009], [0.6029705662073819, -0.41751599788486443, -0.0718062529595123]]	[[0.037357321783523405, -0.099779450410659, -0.0064156367596524926], [0.058928372146350404, 0.025593840623992087, 0.03171920043310135], [-0.06382353444654078, 0.017468412914676382, 0.0961230939444175]]	0.4038459740476723	[[0.4165920253067527, 0.4165920253067528, -0.5891500921652855], [0.5, 0.5000000000000001, 0.7071067811865475], [0.5891500921652855, -0.5891500921652855, 0.0]]
4	[[0.08740825448676931, -0.06334395238859675, -0.994156597696443], [0.7119981850616444, -0.6940087028176986, 0.10681996481098455], [-0.6967197295301035, -0.717174639895393, -0.015561310176609944]]	0.760848423894958	0.23915157610504215	[[0.06650443266166782, -0.04819514633814111, -0.7564024804621128], [0.541722696920223, -0.5280354277082302, 0.08127380186695246], [-0.5300981081095006, -0.5456611944218437, -0.011839798321614248]]	0.9035391522884567	0.16296618642277771	[[0.05333741696531039, -0.05333741696531041, -0.8354048286083892], [0.6839775342013005, -0.6702617584812259, 0.09053281612717909], [-0.6041242287634896, -0.6156356626321299, 0.0]]	[[-0.025639363196678856, 0.003896324078482671, 0.06285458091623149], [0.04065929763978257, -0.043197723456511225, -0.005983204325620669], [0.025389325038783026, 0.032359703541732766, 0.014060253005471882]]	0.1868116295418635	[[0.0, 0.0, -0.872078763464], [0.7071067811865475, -0.7071067811865476, 0.0], [-0.6166528073741736, -0.6166528073741736, 0.0]]
4	[[-0.30792515101507295, 0.09349718223056193, 0.9468053539599837], [0.3027085282091916, -0.9338174967034747, 0.1906631317268273], [0.9019698710720718, 0.34531602882779927, 0.2592434992682147]]	0.6793114445389167	0.32068855546108355	[[-0.20917707914591324, 0.06351370592136137, 0.6431757126957367], [0.20563336757203535, -0.6343529126213524, 0.1295196474336648], [0.6127184560485494, 0.23457713036545452, 0.17610707597521452]]	0.8297759075551052	0.2813512807012947	[[-0.23467492254760552, 0.07308389562765452, 0.7271875813248753], [0.24716892851553696, -0.8485278919923308, 0.11851708895782023], [0.6654210824521947, 0.25247375566641683, 0.161591026919951]]	[[0.020833949094969464, -0.004497813611555063, -0.058448690535302675], [-0.004011315203915199, -0.07366863117436855, -0.03969058420810647], [-0.08301178590399498, -0.03406116554749518, -0.05352298296309316]]	0.47415677500955034	[[0.0, 0.0, 0.9554], [0.0, -1.0, 0.0], [0.9554, 0.0, 0.0]]
4	[[-0.8305561570912853, 0.32773595720904825, 0.4502950280316503], [-0.5100865793185324, -0.772219296347621, -0.37879947194723407], [0.22358030216652452, -0.5443036842615101, 0.808545204538665]]	0.6028503275527091	0.39714967244729094	[[-0.5007010513534006, 0.19757572915427538, 0.2714605051442367], [-0.3075058614224181, -0.46553265574568586, -0.2283593857401832], [0.134785458395423, -0.3281336543451977, 0.4874317413973063]]	0.768902803578768	0.386103154134095	[[-0.6051639876472611, 0.2401967178317332, 0.19718884337595338], [-0.5679700938173019, -0.6246964783206672, -0.30365151574330457], [0.1768977821922039, -0.2692920736849608, 0.5847074639135316]]	[[0.03345297006983569, -0.011800378499875192, -0.1490442661151625], [-0.17576309291137865, -0.03093489638135799, -0.012391539768919428], [0.0049862610313751304, 0.14922455514196692, -0.03698521067641622]]	0.6809319673237302	[[-0.6454394048295726, 0.6454394048295725, 0.0], [-0.7071067811865475, -0.7071067811865476, 0.0], [0.0, 0.0, 0.9127891600000001]]
4	[[-0.5446221603179724, 0.8109226453022452, -0.2139887049042392], [-0.8354447797583356, -0.5021691245819775, 0.22328947644507607], [0.07361197229480154, 0.30038414347728, 0.9509735242804028]]	0.6764024295639091	0.3235975704360909	[[-0.36838375243342125, 0.5485100474708308, -0.14474247989646177], [-0.5650968787950232, -0.3396684159192309, 0.15103354436350264], [0.04979131690519492, 0.20318056445050603, 0.6432408022742176]]	0.8105041457269055	0.28263443961728235	[[-0.4846133254948215, 0.6227155543944314, -0.11512977013447806], [-0.7353578050644753, -0.4067298226233835, 0.09616918618331581], [0.07550561654795737, 0.11975078567494013, 0.7498574370819525]]	[[-0.04319480670236158, -0.03454061148686729, 0.058308962329139236], [-0.05822634754444279, 0.0002803347063601476, -0.08480786017260852], [0.015842807827886607, -0.12371180792402088, -0.020910546823840064]]	0.40807987903862103	[[-0.6454394048295726, 0.6454394048295725, 0.0], [-0.7071067811865475, -0.7071067811865476, 0.0], [0.0, 0.0, 0.9127891600000001]]
4	[[-0.42203838922340475, -0.825029846081567, 0.3757783270710803], [0.2588054115689476, 0.28760896992378115, 0.9221175843470338], [-0.8688517462515349, 0.4864224845687207, 0.09214016247897017]]	0.6605032958254227	0.33949670417457745	[[-0.27875774704691136, -0.5449349324912163, 0.2482028235302121], [0.17094182731874488, 0.1899666725436123, 0.609061703599793], [-0.5738794419828126, 0.32128365422123084, 0.06085888099524974]]	0.8140803516166069	0.307358658267195	[[-0.2611839307789704, -0.5720001198345354, 0.31167502456613166], [0.26451241263549824, 0.2357806511338133, 0.8282705846004783], [-0.6661629952522077, 0.34543101175230045, 0.023938845429235137]]	[[0.08238922951572536, 0.09964046735774193, 0.005761271934206307], [0.053824012185168656, 0.0016438397701713254, 0.07759277730338876], [0.041152139838944786, -0.050555975519627296, -0.051070650439656175]]	0.5227935658792372	[[-0.4165920253067527, -0.4165920253067528, 0.5891500921652855], [0.5, 0.5000000000000001, 0.7071067811865475], [-0.5891500921652855, 0.5891500921652855, 0.0]]
4	[[0.5319609947059123, -0.8460851799387872, 0.03402011756955908], [-0.703274286200726, -0.4190807785627857, 0.5742617690636116], [-0.47161719485230363, -0.3294103357928521, -0.8179645788128509]]	0.6141913320609818	0.38580866793901825	[[0.32672583194290916, -0.5196581837036592, 0.020894861326918694], [-0.43194497064585996, -0.2573957816266308, 0.35270660089287553], [-0.28966319312919997, -0.20232097293526716, -0.5023867542397648]]	0.7576231809414328	0.4192712998839085	[[0.4785464232587148, -0.6308788016147753, 0.09386356070861329], [-0.5064336716855592, -0.36631105118327495, 0.3418353228671833], [-0.26881655091517626, -0.10985874874269237, -0.5669080932549178]]	[[0.07552044231285283, 0.010134943757853104, 0.06808913101956243], [0.026383230100150493, -0.0488057386571251, -0.09323870530384455], [0.08849156843550154, 0.13971015769567377, 0.05280083284269375]]	0.6742014122187923	[[0.6454394048295726, -0.6454394048295725, 0.0], [-0.7071067811865475, -0.7071067811865476, 0.0], [0.0, 0.0, -0.9127891600000001]]
4	[[-0.3195682178843842, -0.5708200961323295, -0.7563336379995778], [0.910087742671785, 0.03735879733279218, -0.41272826520656647], [0.2638493031197415, -0.8202248094963509, 0.507557688474819]]	0.598638970659681	0.40136102934031886	[[-0.19130598900985646, -0.34171515478051795, -0.452770790527359], [0.5448139894830301, 0.022364431980386328, -0.24707522384541478], [0.15795047522887617, -0.4910185356664285, 0.30384381217897266]]	0.7366091971053972	0.4154156391680174	[[-0.25159006016812746, -0.3778802764507989, -0.4879178551414609], [0.7854924949570511, 0.03298074977261675, -0.22816857889600017], [0.19010642078729673, -0.4879178551414609, 0.29198587074340365]]	[[-0.01619317177190863, 0.042591056252862, 0.06920445868921223], [0.11511349353212401, 0.005461916064485374, 0.07585085716051214], [-0.004247402540554604, 0.11626728322757363, -0.08188579064870406]]	0.7134989788297954	[[0.0, 0.0, -0.8331840506135056], [1.0, 1.7938038903913487e-16, 0.0], [1.6636474366444684e-16, -0.8331840506135056, 0.0]]
