4	[[-0.42203838922340475, -0.825029846081567, 0.3757783270710803], [0.2588054115689476, 0.28760896992378115, 0.9221175843470338], [-0.8688517462515349, 0.4864224845687207, 0.09214016247897017]]	0.5943363089637934	0.4056636910362067	[[-0.2508327384920631, -0.4903451935050851, 0.22333870390001498], [0.1538174530517437, 0.17093645360937884, 0.5480479615114255], [-0.5163901399038837, 0.2890985440755712, 0.054762244075075316]]	0.7794484437413238	0.3615257431927147	[[-0.24409959906145828, -0.5221334015975113, 0.29191334059872537], [0.2693879048261541, 0.23855197354068286, 0.8261581005750095], [-0.6094020922653238, 0.3215814554055687, 0.023627508156980517]]	[[0.08485756661781964, 0.12093482797091022, -0.0009864916285463078], [0.06766242954690514, 0.014375609527546329, 0.10741498450920511], [0.06782304919236676, -0.05755979319230882, -0.048190998093325506]]	0.5498496046316926	[[-0.3831165003294847, -0.3831165003294848, 0.5418085507348738], [0.5, 0.5000000000000001, 0.7071067811865475], [-0.5418085507348738, 0.5418085507348737, 0.0]]
4	[[-0.8305561570912853, 0.32773595720904825, 0.4502950280316503], [-0.5100865793185324, -0.772219296347621, -0.37879947194723407], [0.22358030216652452, -0.5443036842615101, 0.808545204538665]]	0.5650324334710518	0.43496756652894814	[[-0.4692911665756542, 0.18518144543779302, 0.25443129546863885], [-0.2882154611932751, -0.4363289481885996, -0.21403398743189514], [0.12633012220934448, -0.30754923526554007, 0.45685426449183114]]	0.7471358435336598	0.3997378867354684	[[-0.5374683736152439, 0.21823033546522164, 0.2331257911393647], [-0.45615409992748535, -0.6758515379476038, -0.25764422999150616], [0.13849971306747258, -0.3513478354150731, 0.5242651483854059]]	[[0.0830699014152282, -0.02663294538047205, -0.10330576446807531], [-0.07505013321313463, -0.09889882257795489, 0.025370433011895413], [-0.028545144589224275, 0.055320956864129044, -0.07982795504268517]]	0.6831711015857121	[[-0.6189640541497421, 0.618964054149742, 0.0], [-0.7071067811865475, -0.7071067811865476, 0.0], [0.0, 0.0, 0.87534736]]
4	[[0.8592155572171323, 0.2624339665249735, -0.4391776855101157], [-0.4266000482917053, 0.8413623931712975, -0.33184593135155627], [0.2824199444684594, 0.4724804086637203, 0.8348660002631537]]	0.6004174385704742	0.399582561429526	[[0.5158880040442131, 0.15756992997481417, -0.2636899410112929], [-0.25613810828934624, 0.5051686530174346, -0.19924608410213485], [0.16956985965896798, 0.2836854767446018, 0.5012681054275796]]	0.7601447160457825	0.39637818721799495	[[0.5442415939441445, 0.2585493909103899, -0.2593018438071247], [-0.32706599979452017, 0.736728611663665, -0.30852735651185387], [0.1940115897788847, 0.2752261841753342, 0.5485358766065891]]	[[-0.10888657181879133, 0.05906159794549553, 0.07453675323860617], [-0.0027882272207047643, 0.09717143421486892, -0.056276425253676814], [-0.02066843871475804, -0.08392730190554475, -0.08608310209972402]]	0.5794940949137202	[[0.5418085507348738, 0.3831165003294848, -0.3831165003294847], [-0.7071067811865475, 0.5000000000000001, -0.5], [0.0, 0.5418085507348737, 0.5418085507348738]]
4	[[0.08740825448676931, -0.06334395238859675, -0.994156597696443], [0.7119981850616444, -0.6940087028176986, 0.10681996481098455], [-0.6967197295301035, -0.717174639895393, -0.015561310176609944]]	0.686297539252473	0.31370246074752695	[[0.05998806996462371, -0.04347279865081975, -0.6822872266306796], [0.4886426023600334, -0.4762964649635875, 0.07331027899281448], [-0.4781570359251587, -0.4921951905744867, -0.01067968888175187]]	0.8703668006527472	0.2157775849675315	[[0.05202562643763714, -0.052025626437637154, -0.7816471171789751], [0.6750918470666561, -0.666242236437907, 0.09602215831971088], [-0.5632942014472161, -0.5708519874360583, 0.0]]	[[-0.0240516163706534, 0.003106846743525733, 0.08363378010589848], [0.05539226466399023, -0.06220010214130354, 0.003049607301335216], [0.043107520495547336, 0.05335300939898111, 0.01354404775238103]]	0.2278787006305726	[[0.0, 0.0, -0.8189749900159999], [0.7071067811865475, -0.7071067811865476, 0.0], [-0.5791027690624987, -0.5791027690624986, 0.0]]
4	[[0.8489524140446696, -0.5135124485683378, 0.12483895166604869], [0.522794976890395, 0.7815435453534784, -0.34040431673891397], [0.0772347773085365, 0.35425224329800037, 0.9319550081910795]]	0.7086862490274469	0.29131375097255313	[[0.601640901912113, -0.36391921100479513, 0.08847164838873081], [0.3704976111828448, 0.5538691636081691, -0.2412398583824519], [0.054735224625256915, 0.25105369351241835, 0.6604636990172796]]	0.8605350531962285	0.23459639089914067	[[0.6823694791426026, -0.42763539713470194, 0.05410959920571924], [0.4945231733216169, 0.6658595248346255, -0.31216329356042083], [0.022191642169413286, 0.2629900333277616, 0.7560440774742361]]	[[-0.048183831638393765, 0.014260065110978272, -0.05331869470718535], [0.044639770072519805, -0.006686091541299195, -0.01923344674727373], [-0.044271591030387025, -0.04185643970356641, -0.04593587507596586]]	0.44869065926924245	[[0.6615691044781339, -0.6615691044781338, 0.0], [0.7071067811865475, 0.7071067811865476, 0.0], [0.0, 0.0, 0.9356]]
4	[[-0.5446221603179724, 0.8109226453022452, -0.2139887049042392], [-0.8354447797583356, -0.5021691245819775, 0.22328947644507607], [0.07361197229480154, 0.30038414347728, 0.9509735242804028]]	0.6363242200228493	0.36367577997715084	[[-0.3465562713714929, 0.5160097197708168, -0.13616619574188965], [-0.531613747851884, -0.31954237651918393, 0.14208450193822345], [0.046841080854833184, 0.19114170580541184, 0.6051274861001074]]	0.787168946563165	0.31093026681388236	[[-0.4628401345662291, 0.6037203970239894, -0.09996633487372437], [-0.7339110813523176, -0.40215421953942615, 0.09951118674888489], [0.07247241697225265, 0.10374267312320487, 0.7245268515187002]]	[[-0.03413048235377562, -0.03461272742279417, 0.06847892854216162], [-0.07627489415825318, -0.006862278745684192, -0.0762553552030263], [0.014527358286516842, -0.13271039666208423, -0.024049975798564924]]	0.42292993468040985	[[-0.6189640541497421, 0.618964054149742, 0.0], [-0.7071067811865475, -0.7071067811865476, 0.0], [0.0, 0.0, 0.87534736]]
4	[[0.034229894132735264, 0.2773841392786001, 0.9601491309293217], [-0.1827544195208179, -0.9427759796974285, 0.2788803941677556], [0.9825625356654255, -0.18501754344446375, 0.018422055382213542]]	0.7987353493030722	0.20126465069692792	[[0.027340626446717482, 0.22155651737782467, 0.7669050514758733], [-0.1459724151126407, -0.7530285014581717, 0.22275162904936072], [0.7848074301368358, -0.14778005219031007, 0.014714346840592874]]	0.886375068375592	0.1743755875609343	[[0.009167859904666741, 0.21936878601817436, 0.8067970042354657], [-0.16718018833065443, -0.8247273395506697, 0.25596544563933327], [0.837307602158781, -0.14950713862604392, 0.0]]	[[-0.02117266484772576, -0.02649759940119957, -0.04425524734277686], [-0.005191227231947815, 0.010925783916504256, 0.008772817190276826], [-0.03361133257495555, 0.01448779909522671, -0.016328850599028475]]	0.3666410786591514	[[0.0, 0.0, 0.9356], [0.0, -1.0, 0.0], [0.9356, 0.0, 0.0]]
4	[[-0.30792515101507295, 0.09349718223056193, 0.9468053539599837], [0.3027085282091916, -0.9338174967034747, 0.1906631317268273], [0.9019698710720718, 0.34531602882779927, 0.2592434992682147]]	0.6400352028687987	0.3599647971312016	[[-0.19708293649833766, 0.05984148799659873, 0.6059887567990427], [0.1937441142624854, -0.5976760709450422, 0.1220311161943804], [0.5772924694131575, 0.22101441456464838, 0.1659249656465491]]	0.8129461285867878	0.2959175483283785	[[-0.21275101770277327, 0.07002320414038786, 0.7177535548463202], [0.25164179749836363, -0.8456812115902912, 0.12091671440933954], [0.6575141105787543, 0.24445864831673222, 0.14272781356238542]]	[[0.037575541709432274, -0.005984968187720879, -0.051948192180691945], [0.00555607140049689, -0.08653789283859589, -0.03408214039221745], [-0.07573880421121075, -0.03626468045779083, -0.0680231855290015]]	0.4785951786320782	[[0.0, 0.0, 0.9356], [0.0, -1.0, 0.0], [0.9356, 0.0, 0.0]]
4	[[0.22433838825039393, -0.7661379269479729, -0.6022499185961573], [-0.9416906372873723, -0.011392912655017143, -0.3362869982418849], [0.2507808429735371, 0.642575192824231, -0.724020780340167]]	0.5025282003881688	0.4974717996118313	[[0.11273636652545277, -0.3850059136782872, -0.3026475677760481], [-0.4732261012784111, -0.005725259893705349, -0.16899370004043374], [0.12602444571131954, 0.3229121552640414, -0.36384085978798186]]	0.7217255653111916	0.4593020509723362	[[0.1971757747174579, -0.46636435756743616, -0.34220559312929677], [-0.8149603439553953, 0.044642384814472746, -0.2035311372914379], [0.15595227405435116, 0.34220559312929677, -0.39208496357247813]]	[[0.03526502463644082, 0.0865769708654338, 0.09245356982813395], [-0.13531813641091028, 0.05286494114095601, 0.03917578662149021], [-0.025042671609942044, -0.12155735116671933, 0.1304593434155789]]	0.7313545547132391	[[1.6352757134666663e-16, -0.8189749900159999, 0.0], [-1.0, -1.7938038903913487e-16, 0.0], [0.0, 0.0, -0.8189749900159999]]
4	[[0.8787972042104137, -0.3840163418041313, 0.28327887866788265], [-0.395223040501579, -0.9183905790867732, -0.018907472103605397], [0.2674214316928388, -0.09534250611366366, -0.9588511794847616]]	0.6193456645183054	0.3806543354816947	[[0.5442792384185278, -0.23783885640056845, 0.17544754535256019], [-0.2447796766523956, -0.5688012234918489, -0.011710260874368805], [0.1656263043182379, -0.05904996780580761, -0.5938603209321506]]	0.8091716174527277	0.300653036875949	[[0.6396507474189917, -0.26514936812257917, 0.15595926595088044], [-0.3217258737868174, -0.8533822692168029, -0.03224064035434468], [0.14913612221697953, -0.044694285559289705, -0.7377893762446875]]	[[-0.07144700772488381, 0.04558575630334932, -0.07326196249100514], [-0.0019226068495697551, -0.11024667888381134, -0.016941250570327963], [-0.06725371020743895, 0.032454164324700094, 0.03808578355545276]]	0.49968285479818064	[[0.6189640541497421, -0.618964054149742, 0.0], [-0.7071067811865475, -0.7071067811865476, 0.0], [0.0, 0.0, -0.87534736]]
4	[[-0.3195682178843842, -0.5708200961323295, -0.7563336379995778], [0.910087742671785, 0.03735879733279218, -0.41272826520656647], [0.2638493031197415, -0.8202248094963509, 0.507557688474819]]	0.5484747815553209	0.4515252184446789	[[-0.17527510849616085, -0.31308042753356674, -0.4148299268847596], [0.4991601758580826, 0.020490358206272704, -0.2263710451008782], [0.14471468889212386, -0.4498726232147659, 0.2783825923129501]]	0.7097074657093084	0.465183515710455	[[-0.24021740126177307, -0.3906648212799503, -0.41444879571690396], [0.7877473836177636, 0.015612174503748244, -0.2187193907998243], [0.1675900151148513, -0.4144487957169039, 0.32257611168574535]]	[[-0.013417451225806683, 0.014450462522069081, 0.12232683373847786], [0.14185131819306573, -0.010901642873255457, 0.0741969403265273], [-0.01966580513142757, 0.1676708751426517, -0.037641369102993184]]	0.7214374422154918	[[0.0, 0.0, -0.7662330006589696], [1.0, 1.7938038903913487e-16, 0.0], [1.529963957519413e-16, -0.7662330006589696, 0.0]]
4	[[0.04673222253661188, -0.9725397674033924, -0.22799671093185395], [-0.8377629715199755, -0.16246744520517667, 0.5213036857710898], [-0.5440306084466285, 0.16664552219444034, -0.8223502702654952]]	0.5587516046026964	0.4412483953973036	[[0.026111704328982167, -0.5434081555765785, -0.12739352807731044], [-0.4681014046135093, -0.09077894570409309, 0.29127927090989625], [-0.3039779754225349, 0.09311345292599779, -0.45948953305630647]]	0.7303454307090859	0.4338267347154575	[[-0.01065310099938084, -0.7534563498140703, -0.12095123551581968], [-0.6797339185974818, -0.14558916690198376, 0.2750729304520566], [-0.25919813483284426, 0.0197669362402435, -0.5433366682880842]]	[[-0.044783766195875596, -0.043166374508125424, 0.045565120529960146], [-0.0678775603306016, -0.026931810657404107, -0.10565883446266391], [0.13813213421203466, -0.10194185944259557, 0.05726309404270208]]	0.6657543991363467	[[1.6352757134666663e-16, -0.8189749900159999, 0.0], [-1.0, -1.7938038903913487e-16, 0.0], [0.0, 0.0, -0.8189749900159999]]
4	[[0.3802729664721569, 0.7767473726770865, -0.5020517802076895], [0.4287143634067757, 0.332951791095048, 0.839849450446521], [0.8195098935212374, -0.5346088512602871, -0.20639019011321075]]	0.603236086778146	0.3967639132218542	[[0.22939437620218106, 0.4685620455089318, -0.3028557512524884], [0.2586159749270874, 0.20084853554595156, 0.5066274959701359], [0.49435794124372645, -0.3224953513912155, -0.12450201063329086]]	0.779981603788432	0.3381775172808763	[[0.3406237201011929, 0.4810322600879325, -0.38723664405045954], [0.40431650448099393, 0.3103947039804397, 0.7242531915964863], [0.5533441471490874, -0.41293560716234773, -0.05813421841086632]]	[[0.04401780183485528, -0.12481640139119221, 0.004354508660771379], [0.0699271877438404, 0.05069843197789324, 0.06918607029637554], [-0.08585849392009444, 0.004049462043142312, 0.10284633307983515]]	0.43310128205935505	[[0.3831165003294847, 0.3831165003294848, -0.5418085507348738], [0.5, 0.5000000000000001, 0.7071067811865475], [0.5418085507348738, -0.5418085507348737, 0.0]]
4	[[0.5319609947059123, -0.8460851799387872, 0.03402011756955908], [-0.703274286200726, -0.4190807785627857, 0.5742617690636116], [-0.47161719485230363, -0.3294103357928521, -0.8179645788128509]]	0.5809013586310608	0.41909864136893915	[[0.30901686456339506, -0.491492030544047, 0.01976233251694528], [-0.4085329883442913, -0.24344459364328497, 0.3335894418589285], [-0.2739630692434729, -0.19135491160918178, -0.4751567351444686]]	0.7340974299637706	0.4507272100500541	[[0.45494474703084664, -0.5944668131723032, 0.09336179980516196], [-0.5106637167215827, -0.3543483888857096, 0.34256037479690055], [-0.25022150309214025, -0.10562136060051212, -0.5377676707809081]]	[[0.06443354797626555, 0.026642142951194808, 0.06838771893028336], [0.005608129337975325, -0.0467022663955526, -0.07900371399914508], [0.09599146757565868, 0.13619792030852335, 0.06269802432700389]]	0.6882852111541171	[[0.6189640541497421, -0.618964054149742, 0.0], [-0.7071067811865475, -0.7071067811865476, 0.0], [0.0, 0.0, -0.87534736]]
