4	[[-0.5446221603179724, 0.8109226453022452, -0.2139887049042392], [-0.8354447797583356, -0.5021691245819775, 0.22328947644507607], [0.07361197229480154, 0.30038414347728, 0.9509735242804028]]	0.726237937626289	0.2737620623737112	[[-0.39552527449489827, 0.5889227894987571, -0.15540671572497525], [-0.6067316938523429, -0.3646942693760142, 0.16216128886712586], [0.053459806943980184, 0.2181503608545791, 0.6906330510106033]]	0.8390882844942107	0.24564433050298667	[[-0.5091010853833778, 0.6467473122136178, -0.1353087938184685], [-0.7365635785933161, -0.40857871956839353, 0.09419757446442174], [0.07828456585826839, 0.14412204609307278, 0.7829898891607643]]	[[-0.05211501118463936, -0.03368837909055042, 0.0442466214807675], [-0.03555165155625047, 0.012785509703057456, -0.09316200927148763], [0.016517622307188014, -0.10792676954654087, -0.014960853927092729]]	0.39128950622539943	[[-0.6799371647846768, 0.6799371647846767, 0.0], [-0.7071067811865475, -0.7071067811865476, 0.0], [0.0, 0.0, 0.9615763599999998]]
4	[[0.08740825448676931, -0.06334395238859675, -0.994156597696443], [0.7119981850616444, -0.6940087028176986, 0.10681996481098455], [-0.6967197295301035, -0.717174639895393, -0.015561310176609944]]	0.8770022088411642	0.12299779115883598	[[0.07665723225584731, -0.05555278616152888, -0.871877532113797], [0.624423980989962, -0.6086471653261127, 0.09368134508756888], [-0.6110247417411193, -0.6289637433131262, -0.01364730339734941]]	0.937779300106641	0.09909488146266351	[[0.07145482234121006, -0.05846946180488205, -0.8981907589984457], [0.675840435525152, -0.6581037749137052, 0.109289637625447], [-0.643602477540255, -0.6654021165806862, 0.0]]	[[-0.010514829374935624, 0.0009331855320846233, 0.03410871938572403], [0.008143275860844706, -0.00727677931740607, 0.009116085787585881], [0.009766862788973563, 0.007149415274647802, 0.014593074566163626]]	0.13929666280709457	[[0.0, 0.0, -0.9429217786159998], [0.7071067811865475, -0.7071067811865476, 0.0], [-0.666746383787854, -0.6667463837878539, 0.0]]
4	[[0.5319609947059123, -0.8460851799387872, 0.03402011756955908], [-0.703274286200726, -0.4190807785627857, 0.5742617690636116], [-0.47161719485230363, -0.3294103357928521, -0.8179645788128509]]	0.6556270365898572	0.34437296341014284	[[0.34876801054042994, -0.5547163192258631, 0.02230450886656854], [-0.4610856361716291, -0.27476068894088923, 0.37650154187802454], [-0.30920498386583706, -0.2159703222779374, -0.5362796928425402]]	0.7805050633122813	0.3795875048455428	[[0.5198563532052112, -0.6671458318976805, 0.11236638040996852], [-0.5121875520399305, -0.3636669891561479, 0.3371766488642037], [-0.2901797147515485, -0.13395000572741395, -0.6012378994612136]]	[[0.10465810335260892, -0.006772064961974515, 0.0858135063924486], [0.036721589237066685, -0.03657231955104062, -0.11103756955661312], [0.0779198937758093, 0.12315642926630599, 0.03718759591231405]]	0.6566371907282909	[[0.6799371647846768, -0.6799371647846767, 0.0], [-0.7071067811865475, -0.7071067811865476, 0.0], [0.0, 0.0, -0.9615763599999998]]
4	[[-0.30792515101507295, 0.09349718223056193, 0.9468053539599837], [0.3027085282091916, -0.9338174967034747, 0.1906631317268273], [0.9019698710720718, 0.34531602882779927, 0.2592434992682147]]	0.727081208432198	0.27291879156780197	[[-0.2238865909067062, 0.06798004424120235, 0.6884043809072999], [0.22009368249307112, -0.6789611539582927, 0.1386275802194089], [0.655805343828516, 0.251072795531124, 0.1884910767261252]]	0.8508809304036599	0.260324571340007	[[-0.25789640809811915, 0.07945449592728732, 0.7449800567181625], [0.24353042965844196, -0.8497656008284251, 0.11916749435654715], [0.6815446182632573, 0.26551232158480353, 0.17844191217083183]]	[[0.004111230892273633, -0.00010047347917374605, -0.06063856377047508], [-0.014038484465317524, -0.05519810040615618, -0.04306412856085121], [-0.08592434483061635, -0.028310502307491287, -0.04214343768760721]]	0.46932740357148395	[[0.0, 0.0, 0.9805999999999999], [0.0, -1.0, 0.0], [0.9805999999999999, 0.0, 0.0]]
4	[[0.034229894132735264, 0.2773841392786001, 0.9601491309293217], [-0.1827544195208179, -0.9427759796974285, 0.2788803941677556], [0.9825625356654255, -0.18501754344446375, 0.018422055382213542]]	0.8658876182751417	0.13411238172485837	[[0.02963924150440439, 0.2401834917072473, 0.8313812441693377], [-0.1582447890481371, -0.8163380476272197, 0.24147908028955065], [0.8507887338137192, -0.1602044000322443, 0.01595142965863764]]	0.9233054851938883	0.12500581522597404	[[0.00932650017361131, 0.23914257581013765, 0.8686088617795582], [-0.16450278846112212, -0.8270699116091157, 0.2529873762745288], [0.9022202614523429, -0.16186064173114292, 0.0]]	[[-0.022278148836749244, -0.01696772149157933, -0.01790209741162944], [0.004235369525874028, 0.04340032175456173, -0.004504421373593635], [-0.004985117273560044, 0.008967070988228987, -0.01700918478294336]]	0.3465853025781774	[[0.0, 0.0, 0.9805999999999999], [0.0, -1.0, 0.0], [0.9805999999999999, 0.0, 0.0]]
4	[[-0.3195682178843842, -0.5708200961323295, -0.7563336379995778], [0.910087742671785, 0.03735879733279218, -0.41272826520656647], [0.2638493031197415, -0.8202248094963509, 0.507557688474819]]	0.6530938335484432	0.3469061664515568	[[-0.20870803249835662, -0.37279908484955393, -0.4939568350827847], [0.5943726927269652, 0.024398800166832657, -0.26955028493755506], [0.1723183528535572, -0.5356837652055133, 0.33148279651300594]]	0.7726059071685861	0.3681287344106041	[[-0.28660411214513326, -0.41440744959510234, -0.5324305325937315], [0.7752913616820405, 0.03202177539230744, -0.2379724919767183], [0.2200362901556795, -0.5324305325937315, 0.31308646972183674]]	[[-0.039703819264320206, 0.026611528607275663, 0.05191730391504928], [0.07215219565209512, 0.0031581478882780935, 0.0809038037773178], [0.016184759963052308, 0.10128000042937751, -0.07905559862264148]]	0.7109603975806166	[[0.0, 0.0, -0.9246290961108493], [1.0, 1.7938038903913487e-16, 0.0], [1.8462389245917854e-16, -0.9246290961108493, 0.0]]
4	[[0.8592155572171323, 0.2624339665249735, -0.4391776855101157], [-0.4266000482917053, 0.8413623931712975, -0.33184593135155627], [0.2824199444684594, 0.4724804086637203, 0.8348660002631537]]	0.7224248460948489	0.27757515390515114	[[0.6207186666848867, 0.1895888178768647, -0.3172728718629373], [-0.3081864742311904, 0.6078210973967684, -0.2397337458838498], [0.20402718491674257, 0.34133158651171946, 0.6031279417499309]]	0.8047329327285377	0.282136583640855	[[0.6545497357643766, 0.2663957740306742, -0.2712867285931788], [-0.33990714347974754, 0.6889833673858363, -0.34798452930831736], [0.13740436537966877, 0.3809293792335456, 0.6556555155433548]]	[[-0.03688931944095089, 0.055206518501449364, 0.082134018256308], [0.003391964484172205, 0.011911341241597137, -0.0809371797577465], [-0.08986826479346534, 0.0007088343128119909, -0.01618864928375699]]	0.5076657252700176	[[0.6538115039423696, 0.46231454805542466, -0.46231454805542455], [-0.7071067811865475, 0.5000000000000001, -0.5], [0.0, 0.6538115039423695, 0.6538115039423696]]
4	[[0.04673222253661188, -0.9725397674033924, -0.22799671093185395], [-0.8377629715199755, -0.16246744520517667, 0.5213036857710898], [-0.5440306084466285, 0.16664552219444034, -0.8223502702654952]]	0.6195734612281277	0.38042653877187227	[[0.02895404486789177, -0.6025598298721181, -0.14126071134067764], [-0.5190557039533925, -0.10066051736266245, 0.3229859289441743], [-0.33706692708932195, 0.10324914298417819, -0.5095064032902793]]	0.793994674979139	0.34914259936093367	[[-0.037236516143418615, -0.8564133405127737, -0.16207850199835203], [-0.6924302455707615, -0.15592670464989805, 0.27463785777496225], [-0.30127853879947586, 0.05187111050702723, -0.6168619252927462]]	[[-0.07434165198742868, -0.0842219439890296, 0.018949672394298088], [-0.02725090728920078, -0.02692841829952265, -0.13927449277428142], [0.13067886733280829, -0.08044454672447632, 0.03607981026571285]]	0.622727552953579	[[1.8827645569975379e-16, -0.9429217786159998, 0.0], [-1.0, -1.7938038903913487e-16, 0.0], [0.0, 0.0, -0.9429217786159998]]
4	[[0.3802729664721569, 0.7767473726770865, -0.5020517802076895], [0.4287143634067757, 0.332951791095048, 0.839849450446521], [0.8195098935212374, -0.5346088512602871, -0.20639019011321075]]	0.740014981159141	0.2599850188408592	[[0.2814076921192238, 0.5748046923570465, -0.3715258386713065], [0.31725505155911826, 0.24638931341410414, 0.6215011752486974], [0.606449598413848, -0.39561855899289144, -0.1527318326480592]]	0.8592792397419458	0.23064549156337688	[[0.34293443720474753, 0.610575750290391, -0.43140267200795385], [0.40617423619141585, 0.3012953215876893, 0.7186263722897682], [0.6644890317998973, -0.4417706517527974, -0.0838402555607611]]	[[0.01617377168013811, -0.0568671415751297, 4.4110205775079535e-18], [0.03778888393678932, 0.015196759664817254, -0.0030388249876094134], [-0.03969880646603478, 0.0176076355174571, 0.09350655008991425]]	0.37617457951434136	[[0.46231454805542455, 0.46231454805542466, -0.6538115039423696], [0.5, 0.5000000000000001, 0.7071067811865475], [0.6538115039423696, -0.6538115039423695, 0.0]]
4	[[0.22433838825039393, -0.7661379269479729, -0.6022499185961573], [-0.9416906372873723, -0.011392912655017143, -0.3362869982418849], [0.2507808429735371, 0.642575192824231, -0.724020780340167]]	0.6016796140403078	0.39832038595969227	[[0.13497983485692178, -0.4609695721876978, -0.36236149857674266], [-0.5665960591884376, -0.00685488328906567, -0.20233703130895098], [0.15088972080902083, 0.38662439401035964, -0.4356285436722342]]	0.7689936167743673	0.3776530946282091	[[0.22207573356595772, -0.5749584983832, -0.3557765048176267], [-0.8377741167472577, -0.013949901511794718, -0.15644764485278792], [0.14465604444890454, 0.3557765048176267, -0.5222892346512692]]	[[0.04956094500395502, 0.014196677008537769, 0.10734983828570054], [-0.11362002769708245, -0.005188824403618609, 0.10215491019943443], [-0.04819282300704045, -0.13835971676176514, 0.034478123842315606]]	0.7394879557757814	[[1.8462389245917854e-16, -0.9246290961108493, 0.0], [-1.0, -1.7938038903913487e-16, 0.0], [0.0, 0.0, -0.9246290961108493]]
4	[[0.8787972042104137, -0.3840163418041313, 0.28327887866788265], [-0.395223040501579, -0.9183905790867732, -0.018907472103605397], [0.2674214316928388, -0.09534250611366366, -0.9588511794847616]]	0.7007230776682173	0.2992769223317827	[[0.6157934815805459, -0.26908911290388104, 0.19850004769856022], [-0.27694190530565693, -0.6435374730791802, -0.013248902043364326], [0.18738836865024694, -0.06680869431656722, -0.6718891495143624]]	0.8486791748021308	0.2466495447214361	[[0.6936325259775454, -0.31445130134381083, 0.1463579459440525], [-0.3596409457830936, -0.840501746095077, -0.02542190196899917], [0.13336368118711983, -0.05581603016888065, -0.8137570277631774]]	[[-0.05218436011016814, 0.011455370729052384, -0.09405493904267911], [-0.02422338190742431, -0.06108278728966314, -0.009375524146517034], [-0.09359131878636298, 0.025099169243230537, 0.0]]	0.4758043707243854	[[0.6799371647846768, -0.6799371647846767, 0.0], [-0.7071067811865475, -0.7071067811865476, 0.0], [0.0, 0.0, -0.9615763599999998]]
4	[[-0.8305561570912853, 0.32773595720904825, 0.4502950280316503], [-0.5100865793185324, -0.772219296347621, -0.37879947194723407], [0.22358030216652452, -0.5443036842615101, 0.808545204538665]]	0.6576701610913062	0.34232983890869406	[[-0.5462320016296018, 0.21554215977308813, 0.29614560362418957], [-0.33546872279093254, -0.5078655890267548, -0.2491251097368391], [0.14704209334270113, -0.35797229171085876, 0.5317560549185469]]	0.7998401329411352	0.3484073818490789	[[-0.650727016016446, 0.27207411778380386, 0.2005035198794174], [-0.5719661731333701, -0.6280581656173638, -0.2927129700959548], [0.17875259869395863, -0.2831282559235329, 0.6371387155294992]]	[[0.013585131086525997, 0.009937746200128503, -0.15966051520415], [-0.16397845571974617, -0.010406180966972578, 0.01026604990435266], [-7.589991393345727e-05, 0.152227675256543, -0.00956818835762396]]	0.6555626740529678	[[-0.9246290961108493, 0.0, 0.0], [0.0, -0.7071067811865476, -0.7071067811865475], [0.0, -0.6538115039423695, 0.6538115039423696]]
4	[[0.8489524140446696, -0.5135124485683378, 0.12483895166604869], [0.522794976890395, 0.7815435453534784, -0.34040431673891397], [0.0772347773085365, 0.35425224329800037, 0.9319550081910795]]	0.8127100973309114	0.18728990266908868	[[0.6899521990475556, -0.4173367520566084, 0.10145787655920338], [0.4248807565527044, 0.635168330812571, -0.27665002538874517], [0.06276948338375196, 0.28790437513041167, 0.7574092454150025]]	0.9073478860136347	0.1561297068391383	[[0.7523055576717568, -0.4750865029736668, 0.06352583006593202], [0.5082523064112873, 0.6679509741183363, -0.29338495524500036], [0.02387980264572809, 0.2911360816913143, 0.8353024998880274]]	[[-0.017989620537846095, -0.009152068323500136, -0.049746528820415574], [0.033895389311240344, -0.041180909585743664, 0.015480181937968969], [-0.04619900927190635, -0.030293942380714187, -0.01030490665396816]]	0.43309298121968054	[[0.6933889096315284, -0.6933889096315283, 0.0], [0.7071067811865475, 0.7071067811865476, 0.0], [0.0, 0.0, 0.9805999999999999]]
4	[[-0.42203838922340475, -0.825029846081567, 0.3757783270710803], [0.2588054115689476, 0.28760896992378115, 0.9221175843470338], [-0.8688517462515349, 0.4864224845687207, 0.09214016247897017]]	0.7367721160801376	0.2632278839198627	[[-0.3109461170951806, -0.6078589855267862, 0.2768629932132139], [0.1906806107346444, 0.21190226937437293, 0.6793905238940691], [-0.640145739645666, 0.3583825232646545, 0.06788630248559853]]	0.8556961608963953	0.23612532271637837	[[-0.28345446894878557, -0.6411746271620636, 0.3362368666268284], [0.2571359364276848, 0.23265705534343517, 0.8305606844608225], [-0.745326689247484, 0.37823126861190115, 0.0226338856907348]]	[[0.07768216046058041, 0.06480024475487724, 0.014684794804034972], [0.035677139328924815, -0.013448836059711252, 0.04150820764000772], [-0.001853585591916498, -0.03799858400723916, -0.05621009760689007]]	0.4933142721067697	[[-0.46231454805542455, -0.46231454805542466, 0.6538115039423696], [0.5, 0.5000000000000001, 0.7071067811865475], [-0.6538115039423696, 0.6538115039423695, 0.0]]
