4	[[0.034229894132735264, 0.2773841392786001, 0.9601491309293217], [-0.1827544195208179, -0.9427759796974285, 0.2788803941677556], [0.9825625356654255, -0.18501754344446375, 0.018422055382213542]]	0.8424759370949881	0.15752406290501192	[[0.02883786213613838, 0.23368946267402532, 0.8089025388306187], [-0.1539662008440516, -0.7942660769662366, 0.2349500214138996], [0.827785292989157, -0.1558728282923873, 0.015520138371346127]]	0.9055323093038502	0.14348785472955114	[[0.009094823143525325, 0.22936383978203287, 0.8379326567885973], [-0.1658149480089432, -0.8259344378623191, 0.25441649284594287], [0.8700145367373923, -0.15567852919665925, 0.0]]	[[-0.021901451937716747, -0.021816460423178703, -0.031513403017916414], [-0.0003249164647723072, 0.027779672189293125, 0.0018812854956471682], [-0.019727585219167135, 0.01186083418033146, -0.01668176635237925]]	0.35629270449556666	[[0.0, 0.0, 0.9583999999999999], [0.0, -1.0, 0.0], [0.9583999999999999, 0.0, 0.0]]
4	[[-0.30792515101507295, 0.09349718223056193, 0.9468053539599837], [0.3027085282091916, -0.9338174967034747, 0.1906631317268273], [0.9019698710720718, 0.34531602882779927, 0.2592434992682147]]	0.6852175732447865	0.31478242675521356	[[-0.21099572471958267, 0.06406591231325123, 0.6487676669756312], [0.2074212031000032, -0.6398681589446763, 0.13064572842910765], [0.618045606195918, 0.2366166112759113, 0.17763820144805265]]	0.8323069104649152	0.2789117062744844	[[-0.23756981137583977, 0.07375940810090725, 0.7291159806701698], [0.24663698979011162, -0.848758284111736, 0.11849281190391375], [0.6671568277602072, 0.25389418255729496, 0.16381040327493254]]	[[0.01871841971995807, -0.004058942778586936, -0.058916658295904506], [-0.005309410095062276, -0.0715355284923859, -0.04019743020320703], [-0.08355892896422662, -0.03351473453038429, -0.05195975265910877]]	0.47353281249406115	[[0.0, 0.0, 0.9583999999999999], [0.0, -1.0, 0.0], [0.9583999999999999, 0.0, 0.0]]
4	[[0.8489524140446696, -0.5135124485683378, 0.12483895166604869], [0.522794976890395, 0.7815435453534784, -0.34040431673891397], [0.0772347773085365, 0.35425224329800037, 0.9319550081910795]]	0.7633552672276155	0.2366447327723844	[[0.6480522968865983, -0.39199243240159076, 0.09529647130945196], [0.3990782992894226, 0.5965953819133226, -0.25984942816966755], [0.05895757407162327, 0.27042031584872733, 0.7114127643218161]]	0.8832278985237516	0.1951287715287832	[[0.7173569206488907, -0.45775353466405333, 0.054570466861960064], [0.5055195735188375, 0.6690954141040476, -0.2933547656026238], [0.022853673990198935, 0.2676119632889293, 0.8015578796302367]]	[[-0.032461535954448485, -0.004205013849254269, -0.05569077807195233], [0.04377246472116066, -0.021185649063307464, 0.007299823719100755], [-0.045362236064969697, -0.04527350110648832, -0.021570783773056216]]	0.4405403439758541	[[0.6776911390891871, -0.677691139089187, 0.0], [0.7071067811865475, 0.7071067811865476, 0.0], [0.0, 0.0, 0.9583999999999999]]
4	[[0.8787972042104137, -0.3840163418041313, 0.28327887866788265], [-0.395223040501579, -0.9183905790867732, -0.018907472103605397], [0.2674214316928388, -0.09534250611366366, -0.9588511794847616]]	0.6605207608782444	0.3394792391217558	[[0.5804637979827362, -0.2536507662781448, 0.18711158047844573], [-0.26105302342871617, -0.606616044081807, -0.012488777860157603], [0.17663740753690332, -0.06297570468223579, -0.6333411106422767]]	0.8296990862875698	0.2795245228799656	[[0.6567156083381909, -0.26910154634283595, 0.1704101183345988], [-0.31811751628993157, -0.8544787083174579, -0.033201959704112625], [0.16084215202011157, -0.053596128680879984, -0.7555488414131386]]	[[-0.07242162902726049, 0.0495164615715469, -0.06462610846071076], [0.009798679294023704, -0.09249088399404992, -0.017514447375743522], [-0.06103716550915054, 0.02550946152599378, 0.04000910609112684]]	0.48657315102054394	[[0.6494991877030769, -0.6494991877030768, 0.0], [-0.7071067811865475, -0.7071067811865476, 0.0], [0.0, 0.0, -0.9185305599999999]]
4	[[0.22433838825039393, -0.7661379269479729, -0.6022499185961573], [-0.9416906372873723, -0.011392912655017143, -0.3362869982418849], [0.2507808429735371, 0.642575192824231, -0.724020780340167]]	0.550150328743	0.449849671257	[[0.12341983804562905, -0.42149103237290775, -0.33132799070112084], [-0.518071413677853, -0.006267814642497996, -0.18500840263476961], [0.13796716320433808, 0.35351295357434726, -0.39832027032090633]]	0.7559278295889151	0.4146786502885722	[[0.20415242674059164, -0.5125343538318418, -0.36941395444507], [-0.8189173583557497, 0.053410858348490395, -0.20320614355018318], [0.17144469608107155, 0.36941395444506997, -0.425652361698103]]	[[0.03456879581699594, 0.06661062645169012, 0.08584351938942394], [-0.10706719876690399, 0.06202307808449361, 0.051002557149776195], [-0.01812752225039289, -0.11632651641422971, 0.12165509536171204]]	0.7320153843071072	[[1.6846417813870315e-16, -0.8436983896539133, 0.0], [-1.0, -1.7938038903913487e-16, 0.0], [0.0, 0.0, -0.8436983896539133]]
4	[[0.5319609947059123, -0.8460851799387872, 0.03402011756955908], [-0.703274286200726, -0.4190807785627857, 0.5742617690636116], [-0.47161719485230363, -0.3294103357928521, -0.8179645788128509]]	0.6194561476290197	0.38054385237098043	[[0.3295265084694258, -0.5241126661308869, 0.02107397097152536], [-0.4356475800564502, -0.25960216463387337, 0.3557299831947706], [-0.29214617067881277, -0.20405525759942192, -0.5066931868884023]]	0.7609999571700463	0.41467131111250316	[[0.4830698471544693, -0.6361159898546248, 0.09600540162454016], [-0.5083101657828927, -0.3659849005101825, 0.3400939248020217], [-0.27124415276569586, -0.11169794554538919, -0.5714659838739594]]	[[0.07824755296713484, 0.00775479584100305, 0.07011609361118581], [0.026881535894654703, -0.047064445973112996, -0.09691925685978167], [0.08765651231756463, 0.13898330588434182, 0.051005025569235106]]	0.6720885304789979	[[0.6494991877030769, -0.6494991877030768, 0.0], [-0.7071067811865475, -0.7071067811865476, 0.0], [0.0, 0.0, -0.9185305599999999]]
4	[[0.04673222253661188, -0.9725397674033924, -0.22799671093185395], [-0.8377629715199755, -0.16246744520517667, 0.5213036857710898], [-0.5440306084466285, 0.16664552219444034, -0.8223502702654952]]	0.5915198860904831	0.408480113909517	[[0.02764303895161175, -0.5752766124329195, -0.134864588479415], [-0.49555345748432045, -0.09610272468117785, 0.308361496825864], [-0.321804923538086, 0.09857414030594444, -0.4864365381939237]]	0.7629284359372219	0.3902369691089124	[[-0.010131635103712568, -0.8071204125247131, -0.1272354496218431], [-0.687769188545342, -0.14866388239132355, 0.2729548906001727], [-0.27364552458282426, 0.03212216973261469, -0.5874921691413373]]	[[-0.045784976551440176, -0.0651421688928933, 0.04670972444822714], [-0.04861599499748761, -0.02471284853022176, -0.12476251503347388], [0.14141089662133718, -0.09501643787113129, 0.03990223634486879]]	0.6433299062186395	[[1.7577647969397244e-16, -0.8803196887039998, 0.0], [-1.0, -1.7938038903913487e-16, 0.0], [0.0, 0.0, -0.8803196887039998]]
4	[[-0.5446221603179724, 0.8109226453022452, -0.2139887049042392], [-0.8354447797583356, -0.5021691245819775, 0.22328947644507607], [0.07361197229480154, 0.30038414347728, 0.9509735242804028]]	0.6824385720086465	0.3175614279913536	[[-0.3716711693716611, 0.5534048920695384, -0.14603414620082866], [-0.5701397424903567, -0.3426995802865568, 0.15238135144973608], [0.05023564925560443, 0.2049937259286754, 0.6489810139279482]]	0.8139472959473586	0.2781679176845151	[[-0.4875175972945512, 0.6256093120287877, -0.1174079408183678], [-0.7355168104282818, -0.406982611840119, 0.09590547209751583], [0.07586528023918959, 0.12245795294685063, 0.7537722159983125]]	[[-0.044223862590728746, -0.034438982337453905, 0.056767586901714934], [-0.05550879103064781, 0.0017565892216337177, -0.08584039346845522], [0.01594901444048402, -0.12203890838194481, -0.02027011260725134]]	0.40594799932314357	[[-0.6494991877030769, 0.6494991877030768, 0.0], [-0.7071067811865475, -0.7071067811865476, 0.0], [0.0, 0.0, 0.9185305599999999]]
4	[[0.8592155572171323, 0.2624339665249735, -0.4391776855101157], [-0.4266000482917053, 0.8413623931712975, -0.33184593135155627], [0.2824199444684594, 0.4724804086637203, 0.8348660002631537]]	0.6648841108406368	0.3351158891593634	[[0.5712787717807554, 0.1744881744873384, -0.2920022649314421], [-0.28363959379300313, 0.5594084866784482, -0.22063908700276247], [0.18777653366157365, 0.31414471640399827, 0.5550891382560458]]	0.7814763468395701	0.38786441694394624	[[0.5353845041091356, 0.213595651681031, -0.2867652974030123], [-0.34324787797987943, 0.7507589533488486, -0.2584732371453957], [0.24286954054410181, 0.3335128112015635, 0.5296089471333836]]	[[-0.1360721306926348, 0.008509714234476641, 0.05644167588289049], [-0.009870030679293415, 0.09325414396514484, 0.0008565090007931746], [0.02216503406625587, -0.03571945251422779, -0.1228190848528294]]	0.5425922898069844	[[0.5965848526004522, 0.42184919482695665, -0.42184919482695654], [-0.7071067811865475, 0.5000000000000001, -0.5], [0.0, 0.5965848526004521, 0.5965848526004522]]
4	[[0.3802729664721569, 0.7767473726770865, -0.5020517802076895], [0.4287143634067757, 0.332951791095048, 0.839849450446521], [0.8195098935212374, -0.5346088512602871, -0.20639019011321075]]	0.6693238696017318	0.3306761303982682	[[0.25452577342407373, 0.519895557183206, -0.33603524026904896], [0.2869487566692662, 0.22285258120656498, 0.5621312840557535], [0.5485175331085379, -0.357826465048872, -0.13814188069441136]]	0.8187507846682479	0.28876829495927664	[[0.34730482409780433, 0.5404425563599605, -0.41850695663748444], [0.40783618743517974, 0.29481974112694237, 0.7142821477949247], [0.6106310605770005, -0.41850695663748444, -0.07366986420187276]]	[[0.03595603441060359, -0.09551996450840397, -0.007451667648348044], [0.05682596599733371, 0.022215200911173252, 0.026654751238638905], [-0.06034330778690491, 0.019204459822466304, 0.0953122659011474]]	0.39989228863691045	[[0.42184919482695654, 0.42184919482695665, -0.5965848526004522], [0.5, 0.5000000000000001, 0.7071067811865475], [0.5965848526004522, -0.5965848526004521, 0.0]]
4	[[-0.42203838922340475, -0.825029846081567, 0.3757783270710803], [0.2588054115689476, 0.28760896992378115, 0.9221175843470338], [-0.8688517462515349, 0.4864224845687207, 0.09214016247897017]]	0.6712845041440086	0.3287154958559913	[[-0.28330783083956945, -0.5538297511308726, 0.2522541679559752], [0.17373206237484712, 0.1930674447626545, 0.6190032453708699], [-0.5832467136571177, 0.32652787635821046, 0.06185226328144388]]	0.8191356076327361	0.298932802257438	[[-0.2632927615369614, -0.5804056281169518, 0.31415059731842065], [0.26329079254113674, 0.2351444761348429, 0.8288523477322157], [-0.6755543892158561, 0.3486051924135563, 0.023747001826679725]]	[[0.08241391086389337, 0.09540569616821518, 0.006337189037838291], [0.05129406447696654, -0.00044627220429891676, 0.07351299996927751], [0.03615301389265869, -0.04984078504986789, -0.05172828615291053]]	0.5189440152852282	[[-0.42184919482695654, -0.42184919482695665, 0.5965848526004522], [0.5, 0.5000000000000001, 0.7071067811865475], [-0.5965848526004522, 0.5965848526004521, 0.0]]
4	[[-0.8305561570912853, 0.32773595720904825, 0.4502950280316503], [-0.5100865793185324, -0.772219296347621, -0.37879947194723407], [0.22358030216652452, -0.5443036842615101, 0.808545204538665]]	0.6088251574981256	0.39117484250187434	[[-0.5056634831521397, 0.1995338957655977, 0.2741509413619924], [-0.3105535419912856, -0.47014653472193224, -0.23062264816848155], [0.13612131268001285, -0.3313857762973239, 0.4922626614976069]]	0.7728407314415561	0.3813771799399772	[[-0.6105513104220494, 0.24243676970740585, 0.19757046535016645], [-0.5670526099565316, -0.6254447167261957, -0.30401774421361694], [0.17777214640029101, -0.2720953347307227, 0.5900655983276406]]	[[0.03133631752766749, -0.010850927181733427, -0.1504358734783101], [-0.17283692489747585, -0.028642190903616596, -0.011266083244241325], [0.004980182137990039, 0.14856472274027654, -0.03481106895158376]]	0.6807378047781562	[[-0.6494991877030769, 0.6494991877030768, 0.0], [-0.7071067811865475, -0.7071067811865476, 0.0], [0.0, 0.0, 0.9185305599999999]]
4	[[0.08740825448676931, -0.06334395238859675, -0.994156597696443], [0.7119981850616444, -0.6940087028176986, 0.10681996481098455], [-0.6967197295301035, -0.717174639895393, -0.015561310176609944]]	0.7733378536355106	0.2266621463644893	[[0.06759611191482466, -0.04898627618098739, -0.7688189294401493], [0.5506151482279512, -0.536703200641404, 0.08260792231234756], [-0.5387997402203238, -0.5546182966985234, -0.012034150211735962]]	0.9084146423841519	0.15474749483375974	[[0.05433043580047911, -0.054330435800479124, -0.8435349894090416], [0.6823700998513414, -0.6705658811051303, 0.0910690835740437], [-0.610458501768003, -0.620607819687759, 0.0]]	[[-0.02507250244054237, 0.0032121380558067353, 0.059571420761217825], [0.03558052319040264, -0.040118213523501485, -0.0059677365592145275], [0.02245190217506898, 0.03088412433979732, 0.014136122019113986]]	0.18080828936327994	[[0.0, 0.0, -0.8803196887039998], [0.7071067811865475, -0.7071067811865476, 0.0], [-0.6224800214946289, -0.6224800214946288, 0.0]]
4	[[-0.3195682178843842, -0.5708200961323295, -0.7563336379995778], [0.910087742671785, 0.03735879733279218, -0.41272826520656647], [0.2638493031197415, -0.8202248094963509, 0.507557688474819]]	0.6051467435231419	0.39485325647685815	[[-0.19338566638622892, -0.345429922312046, -0.4576928380524553], [0.5507366337981578, 0.02260755454788024, -0.24976116564970935], [0.1596675465637619, -0.49635637242360614, 0.30714688233067006]]	0.7408927872789326	0.4096512289863408	[[-0.25559548506486235, -0.3821109243489905, -0.4930555611608047], [0.7842689648173374, 0.032862789349133975, -0.22934324822848387], [0.19349652920836963, -0.4930555611608046, 0.29448551153581687]]	[[-0.018829697390739718, 0.04080556770931931, 0.0673065760095177], [0.10999152048084684, 0.0051839258638527105, 0.07644414656920766], [-0.001987516401619628, 0.11464308414227833, -0.0815603189831439]]	0.7127089590914406	[[0.0, 0.0, -0.8436983896539133], [1.0, 1.7938038903913487e-16, 0.0], [1.6846417813870315e-16, -0.8436983896539133, 0.0]]
