4	[[-0.8305561570912853, 0.32773595720904825, 0.4502950280316503], [-0.5100865793185324, -0.772219296347621, -0.37879947194723407], [0.22358030216652452, -0.5443036842615101, 0.808545204538665]]	0.6746827815165064	0.32531721848349354	[[-0.5603619382720089, 0.2211178072127754, 0.30380630201544695], [-0.34414663214886754, -0.5210030628005322, -0.25556948137034363], [0.15084578015801176, -0.3672323236872379, 0.545511527579979]]	0.8100068081771771	0.3355116940448839	[[-0.6649952728258199, 0.2708644158547072, 0.20381030742128173], [-0.5665510491996877, -0.6305879856933904, -0.29618808245987044], [0.18420330544218544, -0.2925568456972961, 0.6478884880469751]]	[[0.0077608689915941624, 0.005396059230914185, -0.1609317309726878], [-0.15337744719186883, -0.005085098246028137, 0.010642068751308778], [0.003101738512990154, 0.14833284427044768, -0.007038632348351696]]	0.6462530951913955	[[-0.9528571087359999, 0.0, 0.0], [0.0, -0.7071067811865476, -0.7071067811865475], [0.0, -0.673771723089033, 0.6737717230890331]]
4	[[-0.5446221603179724, 0.8109226453022452, -0.2139887049042392], [-0.8354447797583356, -0.5021691245819775, 0.22328947644507607], [0.07361197229480154, 0.30038414347728, 0.9509735242804028]]	0.7406925824289726	0.25930741757102743	[[-0.4033975943739647, 0.6006443882990538, -0.15849984644615228], [-0.618807751396006, -0.3719529457027213, 0.16538885893731664], [0.05452384185672654, 0.2224923069529015, 0.7043790355208329]]	0.8438626337130225	0.24161363500706123	[[-0.49978156317572936, 0.6415025316462257, -0.1395713816707301], [-0.734982011316565, -0.4037636038964294, 0.09777362795689558], [0.0665601809916313, 0.16617549712473567, 0.7929784377819962]]	[[-0.04019527259132923, -0.04280478755605818, 0.041005690434599985], [-0.029981379147899827, 0.019998156142681002, -0.09065201771644825], [0.0044417881781300475, -0.08730745731563222, -0.009512585008619517]]	0.3868920618509121	[[-0.6902380418145613, 0.6902380418145612, 0.0], [-0.7071067811865475, -0.7071067811865476, 0.0], [0.0, 0.0, 0.976144]]
4	[[0.3802729664721569, 0.7767473726770865, -0.5020517802076895], [0.4287143634067757, 0.332951791095048, 0.839849450446521], [0.8195098935212374, -0.5346088512602871, -0.20639019011321075]]	0.7638907309810153	0.2361092690189848	[[0.290486994330735, 0.5933501183018828, -0.38351270137317195], [0.3274909284448626, 0.25433878708103447, 0.6415532106155971], [0.626016011608112, -0.40838274617814174, -0.15765955319289127]]	0.871338319984368	0.21512274271339282	[[0.34309007370857725, 0.6337872478205642, -0.4374569547113292], [0.4048992514213311, 0.30170920309401783, 0.7200727923929896], [0.6842356149514099, -0.448841407105328, -0.0869485999330467]]	[[0.011743665967256187, -0.04302250294015991, 2.5660011969012985e-18], [0.03134399825730336, 0.011595548805472486, -0.011720216798876727], [-0.029834758879953224, 0.016983771200583392, 0.09288708158145267]]	0.3710075065820703	[[0.47642855436799986, 0.47642855436799997, -0.6737717230890331], [0.5, 0.5000000000000001, 0.7071067811865475], [0.6737717230890331, -0.673771723089033, 0.0]]
4	[[0.08740825448676931, -0.06334395238859675, -0.994156597696443], [0.7119981850616444, -0.6940087028176986, 0.10681996481098455], [-0.6967197295301035, -0.717174639895393, -0.015561310176609944]]	0.9088686828188135	0.09113131718118654	[[0.07944262512288165, -0.057571334571961556, -0.9035577974639992], [0.6471128526263626, -0.630762775594715, 0.09708532071651152], [-0.6332267428719053, -0.6518175703127826, -0.014143187483150476]]	0.9533370384690877	0.07281271101928356	[[0.06246412978896426, -0.062464129788964276, -0.9263222846491349], [0.6799531928014596, -0.6705669306267052, 0.09270814973146356], [-0.6718298633777793, -0.6808822587600408, 0.0]]	[[-0.020865396681204705, -0.0020759938138925575, 0.02144402197329629], [0.0011789516594262204, -0.008942729210707566, -0.0091272791708126], [-0.007621139784566555, 0.002826888502967288, 0.014835173358468198]]	0.12694692000179947	[[0.0, 0.0, -0.964430272], [0.7071067811865475, -0.7071067811865476, 0.0], [-0.6819551853127865, -0.6819551853127864, 0.0]]
4	[[0.034229894132735264, 0.2773841392786001, 0.9601491309293217], [-0.1827544195208179, -0.9427759796974285, 0.2788803941677556], [0.9825625356654255, -0.18501754344446375, 0.018422055382213542]]	0.8670922548459712	0.13290774515402903	[[0.029680476086692303, 0.2405176387855903, 0.8325378749259051], [-0.15846494170537262, -0.8174737500504626, 0.2418150298112524], [0.8519723645773086, -0.1604272789313225, 0.0159736215402609]]	0.9289814412639	0.1234009021593104	[[0.01074749078209091, 0.24162552271449442, 0.8790206692521262], [-0.16381055257760765, -0.8276495323720754, 0.25228028385107293], [0.912925445648133, -0.16422390815344956, 0.0]]	[[-0.021051445603648217, -0.01605919477628593, -0.012940054226876236], [0.005964911466189189, 0.04817185603622695, -0.006794426663133263], [0.0001430851337538364, 0.007653956014694671, -0.017113747560012122]]	0.3434296199605291	[[0.0, 0.0, 0.988], [0.0, -1.0, 0.0], [0.988, 0.0, 0.0]]
4	[[0.8787972042104137, -0.3840163418041313, 0.28327887866788265], [-0.395223040501579, -0.9183905790867732, -0.018907472103605397], [0.2674214316928388, -0.09534250611366366, -0.9588511794847616]]	0.7141270730228115	0.2858729269771886	[[0.6275728752234127, -0.27423646616551184, 0.20229711647227921], [-0.28223947310456865, -0.6558475761349621, -0.01350233771160818], [0.1909728842783767, -0.06808666482561015, -0.6847415862699233]]	0.8550661399623213	0.23930199468920366	[[0.6983417414893635, -0.31769515581443725, 0.15161041653766558], [-0.3600703949255119, -0.840554037190234, -0.02486621095546137], [0.13761604574284592, -0.058058402396639515, -0.819881176840354]]	[[-0.053087991724514894, 0.010664215254472652, -0.09061176077773558], [-0.022128555259654556, -0.05526934975274591, -0.008699071767386237], [-0.09104696559794731, 0.023465746280304872, 0.0]]	0.4727232266463711	[[0.6902380418145613, -0.6902380418145612, 0.0], [-0.7071067811865475, -0.7071067811865476, 0.0], [0.0, 0.0, -0.976144]]
4	[[0.8489524140446696, -0.5135124485683378, 0.12483895166604869], [0.522794976890395, 0.7815435453534784, -0.34040431673891397], [0.0772347773085365, 0.35425224329800037, 0.9319550081910795]]	0.8226117489685066	0.17738825103149347	[[0.6983582301083213, -0.4224213734339007, 0.10269398836940317], [0.4300572902917578, 0.6429069027382723, -0.28002059034902754], [0.06353423524296836, 0.291412057435385, 0.7666371392480228]]	0.9130301360027698	0.14512578220599637	[[0.768783555299927, -0.476859294616346, 0.054431703969196506], [0.49924543334139404, 0.6730877108951759, -0.28999064872190655], [0.0238257842067355, 0.29128278552424125, 0.8509030078771638]]	[[-0.006335582755157292, -0.008006953860881294, -0.05955002104889914], [0.021917864489591765, -0.0404850986109974, 0.02080875088615406], [-0.046691895023421234, -0.032160188353418315, 0.0]]	0.43072232399838617	[[0.698621499812309, -0.6986214998123089, 0.0], [0.7071067811865475, 0.7071067811865476, 0.0], [0.0, 0.0, 0.988]]
4	[[-0.30792515101507295, 0.09349718223056193, 0.9468053539599837], [0.3027085282091916, -0.9338174967034747, 0.1906631317268273], [0.9019698710720718, 0.34531602882779927, 0.2592434992682147]]	0.740204991621002	0.25979500837899816	[[-0.22792773382700793, 0.06920708098956038, 0.7008300490946694], [0.22406636358669046, -0.6912163723229404, 0.14112980182229026], [0.6676426008592992, 0.2556046482250789, 0.19189333220362811]]	0.8569539632099593	0.2532190143625965	[[-0.26317200407488994, 0.08163310263712564, 0.7519954625837132], [0.243051406437148, -0.8497415848423, 0.11970449729725817], [0.6879462099888712, 0.27007521516234545, 0.1815389014377643]]	[[0.0007056744595020189, 0.0015103217756818194, -0.05937313788070309], [-0.016355866509172427, -0.04950298012745421, -0.043685029074069036], [-0.08500044572231664, -0.025844724301561667, -0.04062084269655048]]	0.4680913726063253	[[0.0, 0.0, 0.988], [0.0, -1.0, 0.0], [0.988, 0.0, 0.0]]
4	[[-0.42203838922340475, -0.825029846081567, 0.3757783270710803], [0.2588054115689476, 0.28760896992378115, 0.9221175843470338], [-0.8688517462515349, 0.4864224845687207, 0.09214016247897017]]	0.7557988668019046	0.2442011331980955	[[-0.3189761363219504, -0.6235566227461982, 0.2840128337690379], [0.19560483678601112, 0.21737453355045683, 0.6969354253075978], [-0.656677165235766, 0.367637562624006, 0.06963943038854901]]	0.8684867585636399	0.21655929239288563	[[-0.29029443326744103, -0.662562675468559, 0.33955517688613057], [0.251980875161528, 0.22883780057916608, 0.8311223318719256], [-0.7698887790195944, 0.3884862814744155, 0.022052043133811088]]	[[0.07624031937861361, 0.05396482127308, 0.013196675669700796], [0.027211802169283976, -0.020946781443766063, 0.03027542002783646], [-0.015302542245240598, -0.03396520544114487, -0.057970467911076816]]	0.48618576942184316	[[-0.47642855436799986, -0.47642855436799997, 0.6737717230890331], [0.5, 0.5000000000000001, 0.7071067811865475], [-0.6737717230890331, 0.673771723089033, 0.0]]
4	[[0.04673222253661188, -0.9725397674033924, -0.22799671093185395], [-0.8377629715199755, -0.16246744520517667, 0.5213036857710898], [-0.5440306084466285, 0.16664552219444034, -0.8223502702654952]]	0.6304571472696634	0.36954285273033655	[[0.029462663706003353, -0.6131446473634449, -0.1437421559609627], [-0.52817365311264, -0.102428762028246, 0.32865963459240227], [-0.34298798542864073, 0.10506286052797026, -0.5184566054480209]]	0.8024817861291185	0.33368596908497294	[[-0.03143784912767215, -0.8851588955949576, -0.1548503608587304], [-0.688950514337283, -0.14745515329741965, 0.27730406136344365], [-0.3112810864494306, 0.04445983260819296, -0.632625046584951]]	[[-0.06893960653863576, -0.10471344596748597, 0.02811284696142803], [-0.016660988599095358, -0.017077987681334943, -0.14103265150983318], [0.12529356792573093, -0.08927016369282118, 0.027296067121466934]]	0.616208702490938	[[1.92571131030856e-16, -0.964430272, 0.0], [-1.0, -1.7938038903913487e-16, 0.0], [0.0, 0.0, -0.964430272]]
4	[[-0.3195682178843842, -0.5708200961323295, -0.7563336379995778], [0.910087742671785, 0.03735879733279218, -0.41272826520656647], [0.2638493031197415, -0.8202248094963509, 0.507557688474819]]	0.6689162855671259	0.3310837144328741	[[-0.21376438529252828, -0.3818308584319075, -0.5059238877801489], [0.6087725123681809, 0.024989907945106388, -0.2760806581105401], [0.17649309579233216, -0.5486617328983026, 0.33951360368561234]]	0.7831078407643854	0.35413649407624975	[[-0.29396160474383815, -0.4262390725299432, -0.5471098846830605], [0.7736412727654983, 0.035981549318122225, -0.24126277295726425], [0.2298889482856888, -0.5471098846830605, 0.3181130077461113]]	[[-0.04370522765947539, 0.02077462041716431, 0.045180917468261306], [0.060944425695663024, 0.006725582205285072, 0.0819479676310807], [0.023266490232400266, 0.09521459482300632, -0.07935939773876671]]	0.7122053942065298	[[0.0, 0.0, -0.9528571087359999], [1.0, -1.7938038903913487e-16, 0.0], [-1.902602774584857e-16, -0.9528571087359999, 0.0]]
4	[[0.8592155572171323, 0.2624339665249735, -0.4391776855101157], [-0.4266000482917053, 0.8413623931712975, -0.33184593135155627], [0.2824199444684594, 0.4724804086637203, 0.8348660002631537]]	0.737521295427808	0.262478704572192	[[0.6336897708105053, 0.19355063895575647, -0.323902895540407], [-0.314626620245664, 0.6205226821359361, -0.24474344117284716], [0.2082907232990278, 0.3484643630619272, 0.6157314540227139]]	0.813845661240514	0.2707484696156836	[[0.6669783108351099, 0.2684855865359221, -0.2785665408310951], [-0.3364541064640458, 0.6899691191710129, -0.34807953297146066], [0.1414848368717915, 0.39081457962733884, 0.6659973952306856]]	[[-0.03229054247640373, 0.05490484151743406, 0.0788563130349636], [0.010732491923152331, 0.005229985957616987, -0.07800816154067916], [-0.08836140958165113, 0.006288449015225217, -0.01345467680070381]]	0.49635748700465554	[[0.6737717230890331, 0.47642855436799997, -0.47642855436799986], [-0.7071067811865475, 0.5000000000000001, -0.5], [0.0, 0.673771723089033, 0.6737717230890331]]
4	[[0.22433838825039393, -0.7661379269479729, -0.6022499185961573], [-0.9416906372873723, -0.011392912655017143, -0.3362869982418849], [0.2507808429735371, 0.642575192824231, -0.724020780340167]]	0.6196365517020944	0.3803634482979056	[[0.1390082653098798, -0.4747270631822331, -0.3731760628217899], [-0.5835059392588952, -0.007059465111398072, -0.2083757159728499], [0.1553929767730669, 0.39816307669091494, -0.4486297396906407]]	0.779043285296708	0.3633433404661848	[[0.22905927934357606, -0.5882659841816962, -0.36570426790476607], [-0.8367595821115195, -0.015560535048902535, -0.15679503323344324], [0.1494032620309837, 0.36570426790476607, -0.5337421822422289]]	[[0.05428996434282071, 0.008588623418262019, 0.10347448724805929], [-0.10314181430601406, -0.006684962945039445, 0.10518709467948309], [-0.045965869768598414, -0.13488962136318852, 0.03030134509706093]]	0.7440113345855195	[[-1.902602774584857e-16, -0.9528571087359999, 0.0], [-1.0, 1.7938038903913487e-16, 0.0], [0.0, 0.0, -0.9528571087359999]]
4	[[0.5319609947059123, -0.8460851799387872, 0.03402011756955908], [-0.703274286200726, -0.4190807785627857, 0.5742617690636116], [-0.47161719485230363, -0.3294103357928521, -0.8179645788128509]]	0.6649257065070108	0.3350742934929893	[[0.3537145402390009, -0.5625837860359094, 0.022620850710390623], [-0.4676251516202315, -0.2786575827693684, 0.3818414125145878], [-0.31359039648802256, -0.21903340025777382, -0.5438856754648443]]	0.7886060258278683	0.36973874186727	[[0.5109003255083473, -0.7112838195056348, 0.08592289656619645], [-0.509119312713038, -0.3930307388497337, 0.3280820248258841], [-0.3017177868102227, -0.09682039935981827, -0.6257017699949152]]	[[0.09139267957787801, -0.044055948242251, 0.05909442685146966], [0.0454870271946473, -0.06254111156648634, -0.1247842666602517], [0.07020237493433985, 0.16295457641640645, 0.01935002577065328]]	0.6515620580025514	[[0.6902380418145613, -0.6902380418145612, 0.0], [-0.7071067811865475, -0.7071067811865476, 0.0], [0.0, 0.0, -0.976144]]
