4	[[0.08740825448676931, -0.06334395238859675, -0.994156597696443], [0.7119981850616444, -0.6940087028176986, 0.10681996481098455], [-0.6967197295301035, -0.717174639895393, -0.015561310176609944]]	0.8604398483908243	0.13956015160917576	[[0.07520954523870238, -0.054503660789719785, -0.8554119521986653], [0.6126316104089833, -0.5971527430343733, 0.09191215432707674], [-0.5994854184477784, -0.617085638421336, -0.013389571369124852]]	0.9306031577032313	0.10605011725007651	[[0.06410490848655107, -0.05400490488085336, -0.8918643290251189], [0.6798817536870382, -0.6622474850830017, 0.09950113334338724], [-0.638693547889086, -0.6589441401338045, 0.0]]	[[-0.017237489148164063, 0.004943177233377904, 0.0333009400426919], [0.01729399438970248, -0.01640079476732792, 9.413678453697779e-05], [0.009676032445769516, 0.008460844377525827, 0.014481404388352642]]	0.14560933906067464	[[0.0, 0.0, -0.9325748330000002], [0.7071067811865475, -0.7071067811865476, 0.0], [-0.6594299883782123, -0.6594299883782122, 0.0]]
4	[[-0.5446221603179724, 0.8109226453022452, -0.2139887049042392], [-0.8354447797583356, -0.5021691245819775, 0.22328947644507607], [0.07361197229480154, 0.30038414347728, 0.9509735242804028]]	0.7192787846874519	0.28072121531254823	[[-0.3917351655873657, 0.5832794547885325, -0.15391753560036292], [-0.6009177058580517, -0.3611995976368863, 0.16060738325091173], [0.05294752997065123, 0.21605994165971912, 0.684015080814351]]	0.8350520849348876	0.2506563995936591	[[-0.5055907650305276, 0.6433538618682884, -0.13227863482632718], [-0.7364085234354801, -0.4083542805818559, 0.0944455952944069], [0.07792334456140879, 0.14040709106322236, 0.7782199860075909]]	[[-0.05080289455526224, -0.033808783812265875, 0.04641307935647419], [-0.03876861825031402, 0.01098309389025166, -0.09201274755507333], [0.0164535136204656, -0.11042931422886071, -0.015892438160637345]]	0.39352286103238654	[[-0.6749539287392142, 0.6749539287392141, 0.0], [-0.7071067811865475, -0.7071067811865476, 0.0], [0.0, 0.0, 0.9545290000000002]]
4	[[-0.30792515101507295, 0.09349718223056193, 0.9468053539599837], [0.3027085282091916, -0.9338174967034747, 0.1906631317268273], [0.9019698710720718, 0.34531602882779927, 0.2592434992682147]]	0.7206500935384811	0.27934990646151897	[[-0.22190628888186328, 0.06737875312003888, 0.682315366893997], [0.21814692916884987, -0.6729556663472294, 0.13740140371327783], [0.6500046719569805, 0.24885202847509036, 0.1868238519968821]]	0.8479045152975796	0.26358087933666774	[[-0.25494386716808576, 0.0783607354816628, 0.7419687629636321], [0.24387155195470875, -0.8497636772570354, 0.11883101597241805], [0.6787692971387687, 0.26339582240481846, 0.176583131686423]]	[[0.006147258751283669, -0.000915947499231299, -0.0608317717669612], [-0.01279637593294957, -0.057975605338276406, -0.04283311431953605], [-0.08601502920561682, -0.02939919764290173, -0.043230601904641015]]	0.4699591587089955	[[0.0, 0.0, 0.9770000000000001], [0.0, -1.0, 0.0], [0.9770000000000001, 0.0, 0.0]]
4	[[0.5319609947059123, -0.8460851799387872, 0.03402011756955908], [-0.703274286200726, -0.4190807785627857, 0.5742617690636116], [-0.47161719485230363, -0.3294103357928521, -0.8179645788128509]]	0.6512633741763864	0.34873662582361387	[[0.34644671234239915, -0.5510242891275694, 0.02215605655822838], [-0.4580167846025743, -0.27293196189926666, 0.37399565738086843], [-0.30714700563911357, -0.2145328867770293, -0.5327103715544239]]	0.7760692520809355	0.38550662719399137	[[0.5153119923043235, -0.6582883704072873, 0.11321165015566202], [-0.510844908972685, -0.3595758790603142, 0.3402138852183051], [-0.28769722068906023, -0.135492013792934, -0.5932691945773402]]	[[0.10247342100667566, -0.0016676776154290508, 0.08680968295774888], [0.0349446403268662, -0.03434017267959687, -0.1054530163975668], [0.07831038298847584, 0.12015321913355453, 0.04152796433064647]]	0.6591201229550808	[[0.6749539287392142, -0.6749539287392141, 0.0], [-0.7071067811865475, -0.7071067811865476, 0.0], [0.0, 0.0, -0.9545290000000002]]
4	[[0.034229894132735264, 0.2773841392786001, 0.9601491309293217], [-0.1827544195208179, -0.9427759796974285, 0.2788803941677556], [0.9825625356654255, -0.18501754344446375, 0.018422055382213542]]	0.8650384965121564	0.13496150348784358	[[0.0296101761563516, 0.23994795879787886, 0.8305659606465542], [-0.15808960829324017, -0.8155375160252388, 0.24124227687759284], [0.8499544185811918, -0.16004729760957148, 0.01593578709049368]]	0.9204935578884181	0.12622140219824787	[[0.009024624257082798, 0.23770392093785267, 0.863589779468751], [-0.16476480172205724, -0.8268491165554996, 0.25325840942653854], [0.8969934491123306, -0.1607984504138974, 0.0]]	[[-0.02248377277930258, -0.01762639232852241, -0.020221310163852996], [0.0034594641224930337, 0.04097009928792536, -0.0034491968262632643], [-0.00744903519020272, 0.009509006423072017, -0.01695738330239123]]	0.3481349329653415	[[0.0, 0.0, 0.9770000000000001], [0.0, -1.0, 0.0], [0.9770000000000001, 0.0, 0.0]]
4	[[-0.8305561570912853, 0.32773595720904825, 0.4502950280316503], [-0.5100865793185324, -0.772219296347621, -0.37879947194723407], [0.22358030216652452, -0.5443036842615101, 0.808545204538665]]	0.6493112238996154	0.3506887761003845	[[-0.5392894348783037, 0.21280263549131906, 0.2923816157671424], [-0.3312049411120846, -0.5014106564303736, -0.24595874874258655], [0.1451731996395919, -0.3534224914009109, 0.5249974763371654]]	0.7948798719240799	0.3502745440244294	[[-0.6478453613580708, 0.26134372307049, 0.1989012445881004], [-0.5628161659168663, -0.6268121830337462, -0.30282376058536525], [0.17614898854728392, -0.2893862039066124, 0.6268054924464699]]	[[0.012347010416406122, 0.0008330073792459352, -0.1590292096217477], [-0.15735861107795918, -0.012990607655645995, -0.0017236848390387199], [-0.0015704934035901802, 0.14326983892698159, -0.0158908161820532]]	0.6601575658245542	[[-0.9111256118410004, 0.0, 0.0], [0.0, -0.7071067811865476, -0.7071067811865475], [0.0, -0.6442630986455135, 0.6442630986455136]]
4	[[0.8592155572171323, 0.2624339665249735, -0.4391776855101157], [-0.4266000482917053, 0.8413623931712975, -0.33184593135155627], [0.2824199444684594, 0.4724804086637203, 0.8348660002631537]]	0.7139379097773466	0.2860620902226534	[[0.6134265589677775, 0.18736155751541775, -0.31354559881394495], [-0.30456594678829524, 0.6006805083459823, -0.23691739059724695], [0.20163030483324623, 0.337321675372123, 0.5960424871720498]]	0.8002136936941394	0.357922424587068	[[0.5720207375487544, 0.21213643368443405, -0.28975051175835365], [-0.3239301967212381, 0.7527950716564432, -0.2728752939712462], [0.24849534993054329, 0.35407540290765754, 0.5544828532950483]]	[[-0.1155353171714353, 0.00213317998068082, 0.061685486151739216], [0.017441003652365582, 0.07952536328149848, -0.007327635507045575], [0.022499042994543608, -0.02400989010725454, -0.11358835251518229]]	0.5132352472594044	[[0.6442630986455136, 0.4555628059205002, -0.4555628059205001], [-0.7071067811865475, 0.5000000000000001, -0.5], [0.0, 0.6442630986455135, 0.6442630986455136]]
4	[[0.8787972042104137, -0.3840163418041313, 0.28327887866788265], [-0.395223040501579, -0.9183905790867732, -0.018907472103605397], [0.2674214316928388, -0.09534250611366366, -0.9588511794847616]]	0.6942157925281855	0.30578420747181445	[[0.6100748975924861, -0.2665902090693296, 0.19665667126091985], [-0.2743700762872028, -0.6375612437111438, -0.013125865731108997], [0.18564818114166612, -0.06618827344332039, -0.6656496314825993]]	0.845539485920272	0.25019491647890396	[[0.6914165569676152, -0.3127124465945576, 0.1438165015165424], [-0.35927713506078046, -0.8404968908510738, -0.025797434287233433], [0.13129565484042605, -0.05485239701063284, -0.8107465333755919]]	[[-0.05164117930863041, 0.011988533639491105, -0.09570697592437019], [-0.0251004485712285, -0.06396139273602279, -0.009810420044699035], [-0.09481972503720001, 0.025763456595064724, 0.0]]	0.47740024859514235	[[0.6749539287392142, -0.6749539287392141, 0.0], [-0.7071067811865475, -0.7071067811865476, 0.0], [0.0, 0.0, -0.9545290000000002]]
4	[[-0.42203838922340475, -0.825029846081567, 0.3757783270710803], [0.2588054115689476, 0.28760896992378115, 0.9221175843470338], [-0.8688517462515349, 0.4864224845687207, 0.09214016247897017]]	0.7275467000575843	0.2724532999424158	[[-0.3070526373771065, -0.6002477419656607, 0.27339628181372416], [0.18829302314403276, 0.2092489569750081, 0.6708836055567557], [-0.6321302208245738, 0.35389507348178395, 0.06703627115434439]]	0.8496005514610454	0.24673237944983456	[[-0.27932013692493746, -0.631805474916063, 0.3300309595761332], [0.2561305779191637, 0.23162924252421524, 0.8305665787043015], [-0.7344266879939991, 0.3726945316805124, 0.022323794202644087]]	[[0.07924391129699852, 0.06914033728665793, 0.01076948566943422], [0.036249357529082996, -0.01272349692817258, 0.04713497053113437], [0.0037502347591972726, -0.040570279452124616, -0.05595853865119929]]	0.49707196423968764	[[-0.4555628059205001, -0.4555628059205002, 0.6442630986455136], [0.5, 0.5000000000000001, 0.7071067811865475], [-0.6442630986455136, 0.6442630986455135, 0.0]]
4	[[0.8489524140446696, -0.5135124485683378, 0.12483895166604869], [0.522794976890395, 0.7815435453534784, -0.34040431673891397], [0.0772347773085365, 0.35425224329800037, 0.9319550081910795]]	0.8078723374586338	0.1921276625413663	[[0.6858451711254172, -0.4148525021390096, 0.10085393568833614], [0.4223515999920759, 0.6313874108104222, -0.2750032310448755], [0.062395840077344444, 0.28619058784312024, 0.7529006708736076]]	0.9038029295678612	0.16200955524531976	[[0.7462828768018863, -0.4699132273321455, 0.06656725817413876], [0.5084827128877434, 0.6668652666869628, -0.2957756783741354], [0.02195006199708574, 0.2920161360569372, 0.8276253653486623]]	[[-0.02100280207539384, -0.00579917194651618, -0.046262552065816684], [0.03597908121084211, -0.03949607918836371, 0.011882740332041258], [-0.04785495599889093, -0.028158079241782215, -0.014678301279875492]]	0.43426681692728775	[[0.6908433252192571, -0.690843325219257, 0.0], [0.7071067811865475, 0.7071067811865476, 0.0], [0.0, 0.0, 0.9770000000000001]]
4	[[0.04673222253661188, -0.9725397674033924, -0.22799671093185395], [-0.8377629715199755, -0.16246744520517667, 0.5213036857710898], [-0.5440306084466285, 0.16664552219444034, -0.8223502702654952]]	0.614552585730641	0.38544741426935897	[[0.028719408196814594, -0.597676828783631, -0.14011596824125225], [-0.5148494003769862, -0.09984478854789255, 0.3203685280415367], [-0.33433541713748943, 0.10241243656502623, -0.5053774849679515]]	0.7889668896135248	0.3560473784644209	[[-0.0352815778945144, -0.8472604339535197, -0.15898942565335045], [-0.6901971659272442, -0.15506945377005787, 0.27489134885754335], [-0.29799998711030645, 0.04863885505013809, -0.6106244506857392]]	[[-0.07215175415395227, -0.07995875863980417, 0.0208924302126683], [-0.029229920053745216, -0.026888018863073786, -0.13639999864933966], [0.1312221498903834, -0.08283894426363114, 0.03818268421847004]]	0.6259676848314852	[[1.8621044525002393e-16, -0.9325748330000002, 0.0], [-1.0, -1.7938038903913487e-16, 0.0], [0.0, 0.0, -0.9325748330000002]]
4	[[-0.3195682178843842, -0.5708200961323295, -0.7563336379995778], [0.910087742671785, 0.03735879733279218, -0.41272826520656647], [0.2638493031197415, -0.8202248094963509, 0.507557688474819]]	0.6453595665969842	0.35464043340301576	[[-0.2062364065920368, -0.3683842098448092, -0.48810714882212786], [0.5873338311758909, 0.024109857255275365, -0.2663581343560349], [0.1702776719082727, -0.5293399275686591, 0.32755720985707637]]	0.7674208831665159	0.3746366039312986	[[-0.28138276596316014, -0.40903532688895183, -0.5259112914021121], [0.7767433793798771, 0.032201533614151734, -0.23659493257231745], [0.21556770269843306, -0.5259112914021121, 0.31002018207051435]]	[[-0.03613944196237643, 0.029023935414115964, 0.05451493704006779], [0.078323040139675, 0.0035316123709813576, 0.08014135722028976], [0.013084237475411264, 0.1035463562966647, -0.07949018747678654]]	0.710708947702824	[[0.0, 0.0, -0.9111256118410004], [1.0, 1.7938038903913487e-16, 0.0], [1.8192760500927342e-16, -0.9111256118410004, 0.0]]
4	[[0.3802729664721569, 0.7767473726770865, -0.5020517802076895], [0.4287143634067757, 0.332951791095048, 0.839849450446521], [0.8195098935212374, -0.5346088512602871, -0.20639019011321075]]	0.7287606376663789	0.27123936233362134	[[0.2771279695335346, 0.566062910617838, -0.3658755754856964], [0.31243015285305753, 0.24264215959059007, 0.6120492210511645], [0.5972265525764432, -0.3896018873465371, -0.15040904655498863]]	0.8502722855294735	0.24151104963710568	[[0.3460311107872097, 0.5973383449220739, -0.4317924615151541], [0.4029653692995937, 0.29245875902358265, 0.718175015122779], [0.6595869226692048, -0.4317924615151541, -0.08108220134395837]]	[[0.022695546459856004, -0.06310841892308605, -0.004911746903821155], [0.03844142768640127, 0.009359078638064369, 0.004074303390943194], [-0.03721962750911316, 0.02277062831021663, 0.09440565731446388]]	0.37924726932554326	[[0.4555628059205001, 0.4555628059205002, -0.6442630986455136], [0.5, 0.5000000000000001, 0.7071067811865475], [0.6442630986455136, -0.6442630986455135, 0.0]]
4	[[0.22433838825039393, -0.7661379269479729, -0.6022499185961573], [-0.9416906372873723, -0.011392912655017143, -0.3362869982418849], [0.2507808429735371, 0.642575192824231, -0.724020780340167]]	0.5931105351992283	0.40688946480077176	[[0.13305746152092346, -0.45440447588853944, -0.3572007715422585], [-0.5585266378736157, -0.006757256522295349, -0.1994553615077863], [0.14874075999374822, 0.38111811652172695, -0.42942435252291933]]	0.7640210793527229	0.38464393436124766	[[0.2187736145574632, -0.5685649515887896, -0.3509794871019329], [-0.8382596507610919, -0.013239660577383808, -0.15625630226653942], [0.142369119006613, 0.35097948710193283, -0.5168148308212618]]	[[0.04737435702614695, 0.016780574291058045, 0.10915214574399273], [-0.1187881536444402, -0.004535235153726207, 0.10067405310251269], [-0.049232731323014436, -0.13996150528492016, 0.036352307248033316]]	0.7376742234016408	[[1.8192760500927342e-16, -0.9111256118410004, 0.0], [-1.0, -1.7938038903913487e-16, 0.0], [0.0, 0.0, -0.9111256118410004]]
