4	[[0.8592155572171323, 0.2624339665249735, -0.4391776855101157], [-0.4266000482917053, 0.8413623931712975, -0.33184593135155627], [0.2824199444684594, 0.4724804086637203, 0.8348660002631537]]	0.6260925951945253	0.37390740480547485	[[0.5379484980495846, 0.16430796316881385, -0.2749658968725534], [-0.2670911313450636, 0.526770764239694, -0.20776628036464018], [0.17682103596695145, 0.2958164852388385, 0.522703420744431]]	0.7681197331469612	0.41361669501070913	[[0.50295770705293, 0.20494352480737993, -0.2936327703800144], [-0.35688481854150234, 0.748676745842016, -0.24986319018644326], [0.24473702901690908, 0.3287726110966881, 0.5005617614587357]]	[[-0.15702271747241128, 0.003362816471518707, 0.043708276218115794], [-0.02920490328719691, 0.10240968891938997, 0.005034218049218978], [0.02780469663641636, -0.03414891432325603, -0.14071528787686896]]	0.5645197087018491	[[0.5634359330309878, 0.39840936901038093, -0.3984093690103808], [-0.7071067811865475, 0.5000000000000001, -0.5], [0.0, 0.5634359330309877, 0.5634359330309878]]
4	[[-0.30792515101507295, 0.09349718223056193, 0.9468053539599837], [0.3027085282091916, -0.9338174967034747, 0.1906631317268273], [0.9019698710720718, 0.34531602882779927, 0.2592434992682147]]	0.6583434381963373	0.3416565618036628	[[-0.20272050262638955, 0.06155325641133764, 0.6233230920287158], [0.19928617323259212, -0.6147726214276624, 0.12552182167832063], [0.5938059460710948, 0.2273365416827989, 0.1706712566382861]]	0.8207710854584168	0.28916844958056914	[[-0.22314392067102465, 0.07131335967051732, 0.7218802481679892], [0.24945349946156278, -0.8471404422578417, 0.1195821179779089], [0.6609104636518007, 0.24804640109838363, 0.15183056100050735]]	[[0.029592139767563745, -0.005426424076164416, -0.055230209919587075], [0.000999092185784806, -0.08069004186846926, -0.036908667606420274], [-0.07940032647881187, -0.035379010708799154, -0.060949007291903556]]	0.4764644736026414	[[0.0, 0.0, 0.9448000000000001], [0.0, -1.0, 0.0], [0.9448000000000001, 0.0, 0.0]]
4	[[0.8787972042104137, -0.3840163418041313, 0.28327887866788265], [-0.395223040501579, -0.9183905790867732, -0.018907472103605397], [0.2674214316928388, -0.09534250611366366, -0.9588511794847616]]	0.6358007070197822	0.36419929298021786	[[0.5587398837639892, -0.244157861626217, 0.18010891134081095], [-0.251283088581412, -0.5839133795036776, -0.01202138413142913], [0.1700267353425493, -0.06061883279610527, -0.6096382578431635]]	0.8176927114607778	0.29234182374413686	[[0.6467719173180253, -0.2656638482332804, 0.16203738653508043], [-0.3189699184433177, -0.854268609411474, -0.03285678117899253], [0.15414094124485947, -0.048393213777544034, -0.7446648061052192]]	[[-0.07181415141693881, 0.04834351554178865, -0.06959768786242923], [0.00420108117619125, -0.10330732661797647, -0.01739627904772642], [-0.06452761433878107, 0.02956765856400339, 0.03938081473504033]]	0.4941678337693196	[[0.6311967751900995, -0.6311967751900994, 0.0], [-0.7071067811865475, -0.7071067811865476, 0.0], [0.0, 0.0, -0.8926470400000002]]
4	[[-0.5446221603179724, 0.8109226453022452, -0.2139887049042392], [-0.8354447797583356, -0.5021691245819775, 0.22328947644507607], [0.07361197229480154, 0.30038414347728, 0.9509735242804028]]	0.6549913835820614	0.3450086164179386	[[-0.35672282231612, 0.5311473454245428, -0.1401607578961611], [-0.547209132200323, -0.3289164497021419, 0.14625268311607453], [0.04821520758157645, 0.19674902574229608, 0.6228794644183302]]	0.7982521073641089	0.2982755830886771	[[-0.4743775574424006, 0.6124244112091888, -0.10733975838491736], [-0.734759418845884, -0.4057711701977048, 0.0971646592382252], [0.07417948884384683, 0.11058289069549052, 0.7360818897310161]]	[[-0.03963177025138566, -0.03489629931260632, 0.06347717625700804], [-0.06786386281744863, -0.004913608246951613, -0.08107663588628532], [0.015418576832293106, -0.12919938485401108, -0.023034730073289003]]	0.4158685873810546	[[-0.6311967751900995, 0.6311967751900994, 0.0], [-0.7071067811865475, -0.7071067811865476, 0.0], [0.0, 0.0, 0.8926470400000002]]
4	[[0.04673222253661188, -0.9725397674033924, -0.22799671093185395], [-0.8377629715199755, -0.16246744520517667, 0.5213036857710898], [-0.5440306084466285, 0.16664552219444034, -0.8223502702654952]]	0.573262639191561	0.4267373608084388	[[0.026789837226625424, -0.5575207137804156, -0.13070199623579], [-0.48025821207050584, -0.09313651642102985, 0.2988439267254231], [-0.31187242239910506, 0.09553165186264075, -0.47142268627229134]]	0.7437846656999403	0.41551731773079775	[[-0.013552668465949743, -0.7691551859004861, -0.12855519662345982], [-0.6801609071473591, -0.15310247100085247, 0.2800247045800247], [-0.26840362132426887, 0.032105725974820844, -0.5538956431638625]]	[[-0.04831137898275893, -0.045795020122456266, 0.041025260797675045], [-0.05704565543958558, -0.03226167658179673, -0.10771298306937191], [0.13623800290974192, -0.09184265804096294, 0.057755877693814274]]	0.6565782313368688	[[1.6839919116350274e-16, -0.8433729233920002, 0.0], [-1.0, -1.7938038903913487e-16, 0.0], [0.0, 0.0, -0.8433729233920002]]
4	[[0.22433838825039393, -0.7661379269479729, -0.6022499185961573], [-0.9416906372873723, -0.011392912655017143, -0.3362869982418849], [0.2507808429735371, 0.642575192824231, -0.724020780340167]]	0.520831077263007	0.479168922736993	[[0.11684240442389943, -0.39902844182435965, -0.3136704738839948], [-0.4904617490668697, -0.005933782971275975, -0.17514871956386385], [0.13061445660283227, 0.3346731299011288, -0.37709252298537216]]	0.7347774079673146	0.44190880396097604	[[0.2075676135749796, -0.4799590311702686, -0.3566001850554346], [-0.8111333300319001, 0.04539480564902275, -0.20766981412921595], [0.16547519921944803, 0.35660018505543456, -0.40046115260299486]]	[[0.042728834148790015, 0.08298180893801474, 0.08591944907917606], [-0.11920032445879601, 0.05376606047887437, 0.03942627477206512], [-0.01879289854850567, -0.1155495495520513, 0.13153295968982548]]	0.7314015762317966	[[1.591035558112774e-16, -0.7968187380207619, 0.0], [-1.0, -1.7938038903913487e-16, 0.0], [0.0, 0.0, -0.7968187380207619]]
4	[[0.5319609947059123, -0.8460851799387872, 0.03402011756955908], [-0.703274286200726, -0.4190807785627857, 0.5742617690636116], [-0.47161719485230363, -0.3294103357928521, -0.8179645788128509]]	0.5961586146014545	0.4038413853985455	[[0.3171331296258883, -0.5044009687071296, 0.02028138615884694], [-0.4192630241462516, -0.24983861635408933, 0.34235110066354313], [-0.28115865350537356, -0.19638080942166666, -0.4876366300981314]]	0.7446571836981187	0.43601999453684315	[[0.46371796884004524, -0.6132917328134433, 0.09075346284143794], [-0.5060848171492217, -0.3623664421000142, 0.34372565962585994], [-0.26005976258285146, -0.10475855015125307, -0.5510376904984431]]	[[0.06758939268509068, 0.016751674448490093, 0.06542013790301122], [0.017613432180315677, -0.05029492979343516, -0.08390249203054854], [0.0911333695194719, 0.1405392227813038, 0.05806550912515228]]	0.6817118937557177	[[0.6311967751900995, -0.6311967751900994, 0.0], [-0.7071067811865475, -0.7071067811865476, 0.0], [0.0, 0.0, -0.8926470400000002]]
4	[[0.8489524140446696, -0.5135124485683378, 0.12483895166604869], [0.522794976890395, 0.7815435453534784, -0.34040431673891397], [0.0772347773085365, 0.35425224329800037, 0.9319550081910795]]	0.7278546306256726	0.2721453693743275	[[0.617913945743256, -0.3737624135743921, 0.09086460905258804], [0.38051874479751546, 0.5688500885211346, -0.24776485822338673], [0.05621569030936091, 0.25784413569398196, 0.678327768246664]]	0.8694644394857483	0.21828319594199383	[[0.6945328136657296, -0.44562003749976775, 0.05201624760897547], [0.502345808090573, 0.6659366110637464, -0.3041545561716485], [0.02718242182474493, 0.26151721041524567, 0.7750515124087202]]	[[-0.043601121161691764, 0.0008607757636562487, -0.056526781527334], [0.04779416654260111, -0.013587709530720346, -0.008185107719719534], [-0.03997047053662835, -0.04649251774041926, -0.035250226414072494]]	0.44534241234812805	[[0.6680744868650502, -0.6680744868650501, 0.0], [0.7071067811865475, 0.7071067811865476, 0.0], [0.0, 0.0, 0.9448000000000001]]
4	[[-0.42203838922340475, -0.825029846081567, 0.3757783270710803], [0.2588054115689476, 0.28760896992378115, 0.9221175843470338], [-0.8688517462515349, 0.4864224845687207, 0.09214016247897017]]	0.6244630417829093	0.3755369582170907	[[-0.26354737628360675, -0.5152006472457809, 0.2346596771588998], [0.1616144145382228, 0.17960117220265376, 0.5758283516028573], [-0.542565804322626, 0.3037528643053837, 0.05753812613198919]]	0.7960500379823877	0.3369139082057472	[[-0.25397096406046016, -0.5428477739603016, 0.30268019520187633], [0.26860214041871333, 0.2385110634169, 0.8257557389376396], [-0.6340005118114211, 0.33519204782100215, 0.023977134002270542]]	[[0.0819927117108569, 0.11391726634953331, 0.0035418436639847017], [0.06258008270920508, 0.009559931984998573, 0.09170400089395583], [0.05764895379317709, -0.052024589495415344, -0.049371045838817046]]	0.5369582281395033	[[-0.3984093690103808, -0.39840936901038093, 0.5634359330309878], [0.5, 0.5000000000000001, 0.7071067811865475], [-0.5634359330309878, 0.5634359330309877, 0.0]]
4	[[0.034229894132735264, 0.2773841392786001, 0.9601491309293217], [-0.1827544195208179, -0.9427759796974285, 0.2788803941677556], [0.9825625356654255, -0.18501754344446375, 0.018422055382213542]]	0.8168953991095252	0.1831046008904747	[[0.02796224302903757, 0.22659382716264417, 0.7843414075151721], [-0.14929124447348818, -0.7701493602058046, 0.2278161108974904], [0.802650814722475, -0.1511399799943292, 0.015048892283871108]]	0.8942144227309309	0.1617451640246993	[[0.009140150367711583, 0.22337184412710964, 0.8193189913854195], [-0.16661869954071828, -0.8252261610951316, 0.2553226726914256], [0.8504571517415512, -0.15198364933242375, 0.0]]	[[-0.021468714654333157, -0.02466905385261991, -0.03926020946414894], [-0.0031970617873838016, 0.01781771735459238, 0.005943802009731536], [-0.028164438885546993, 0.01346170647386236, -0.01647326761912332]]	0.36241900509977126	[[0.0, 0.0, 0.9448000000000001], [0.0, -1.0, 0.0], [0.9448000000000001, 0.0, 0.0]]
4	[[-0.8305561570912853, 0.32773595720904825, 0.4502950280316503], [-0.5100865793185324, -0.772219296347621, -0.37879947194723407], [0.22358030216652452, -0.5443036842615101, 0.808545204538665]]	0.5822630800824357	0.41773691991756434	[[-0.483602186209403, 0.19082854789830572, 0.2621901699675154], [-0.2970045827827223, -0.44963478599045703, -0.22056094726959666], [0.1301825553852423, -0.3169279396983245, 0.470786021180566]]	0.7550213737735398	0.3986103307133877	[[-0.5924973239671747, 0.2337469302046022, 0.1946950780368646], [-0.5688894235456318, -0.623154572452306, -0.2915929677858823], [0.1669160239672271, -0.25306696607540563, 0.5729882421384138]]	[[0.034590326755959466, -0.01370072244235953, -0.1452872926309867], [-0.18376315368510768, -0.0401124984694889, -0.005591270091590227], [-0.001891882923245429, 0.15789394936571882, -0.03748066895037689]]	0.6819285537643688	[[-0.6311967751900995, 0.6311967751900994, 0.0], [-0.7071067811865475, -0.7071067811865476, 0.0], [0.0, 0.0, 0.8926470400000002]]
4	[[0.3802729664721569, 0.7767473726770865, -0.5020517802076895], [0.4287143634067757, 0.332951791095048, 0.839849450446521], [0.8195098935212374, -0.5346088512602871, -0.20639019011321075]]	0.6294394465778639	0.3705605534221363	[[0.23935880556475703, 0.48891543638867513, -0.31601119468735944], [0.2698497316427421, 0.20957299112397557, 0.5286343732977814], [0.5158318538430918, -0.3365038994729027, -0.1299101270439595]]	0.7956206625932369	0.3178013799989266	[[0.34365096068492407, 0.5045315361714628, -0.4001181766213816], [0.4060686891389755, 0.3040709259703363, 0.7198816123212831], [0.5761994361383155, -0.41531886065177664, -0.06438065918864853]]	[[0.04109793113405072, -0.11346472314543658, -0.0006754065964255929], [0.0649746832620387, 0.0391676013276892, 0.051680036078456226], [-0.0758195683467644, 0.010026987816142346, 0.09982764062196832]]	0.4188981268633411	[[0.3984093690103808, 0.39840936901038093, -0.5634359330309878], [0.5, 0.5000000000000001, 0.7071067811865475], [0.5634359330309878, -0.5634359330309877, 0.0]]
4	[[0.08740825448676931, -0.06334395238859675, -0.994156597696443], [0.7119981850616444, -0.6940087028176986, 0.10681996481098455], [-0.6967197295301035, -0.717174639895393, -0.015561310176609944]]	0.7194724644853342	0.2805275355146659	[[0.06288783227195718, -0.045574229535265375, -0.7152682974290148], [0.5122630889153864, -0.4993201517905194, 0.07685402333879573], [-0.501270660860579, -0.5159874056319205, -0.011195934183386267]]	0.8824768068230299	0.19017835428640523	[[0.049293062820422506, -0.04929306282042252, -0.8087378150713778], [0.6814825655690228, -0.6689181294518045, 0.0874865444865255], [-0.5816853431711408, -0.5922818483900912, 0.0]]	[[-0.027842694489036444, 0.006606506015016378, 0.068582324745827], [0.053160680752030114, -0.056471545481848795, -0.006779596964820544], [0.03315365899519009, 0.04060813775925164, 0.013732495314637463]]	0.20853742936800054	[[0.0, 0.0, -0.8433729233920002], [0.7071067811865475, -0.7071067811865476, 0.0], [-0.5963547131996061, -0.596354713199606, 0.0]]
4	[[-0.3195682178843842, -0.5708200961323295, -0.7563336379995778], [0.910087742671785, 0.03735879733279218, -0.41272826520656647], [0.2638493031197415, -0.8202248094963509, 0.507557688474819]]	0.5718909620961833	0.4281090379038167	[[-0.1827581755812632, -0.3264468539609537, -0.4325403719012849], [0.5204709547485109, 0.02136515854940685, -0.23603556467327197], [0.1508930318095564, -0.46907915543802675, 0.2902676547811791]]	0.7214825829511581	0.4358684425579009	[[-0.23778182976638756, -0.3631823912941382, -0.47010023093236836], [0.7898356152281193, 0.03340108538312954, -0.22399956733555468], [0.17848705256151332, -0.4701002309323683, 0.283187797507753]]	[[-0.007218926498063575, 0.0486543660638433, 0.0755813157844131], [0.13322315993309083, 0.006447363787517838, 0.07377668750262945], [-0.011875624163180692, 0.12167768322368057, -0.08300623456977863]]	0.7171957893398427	[[0.0, 0.0, -0.7968187380207619], [1.0, -1.7938038903913487e-16, 0.0], [-1.591035558112774e-16, -0.7968187380207619, 0.0]]
