4	[[-0.30792515101507295, 0.09349718223056193, 0.9468053539599837], [0.3027085282091916, -0.9338174967034747, 0.1906631317268273], [0.9019698710720718, 0.34531602882779927, 0.2592434992682147]]	0.7594478734956327	0.2405521265043674	[[-0.23385310113421875, 0.07100623622283393, 0.7190493126791894], [0.22989134803746328, -0.7091857121044689, 0.14479870994395672], [0.6849991005428149, 0.26224952377722877, 0.19688192423681222]]	0.8659350208577743	0.24086655231563953	[[-0.2685520607090107, 0.08509226438409996, 0.7654433659871767], [0.24303791664281793, -0.8493646825221066, 0.12062790978468917], [0.7002093613089033, 0.2778274531672288, 0.1834597963249108]]	[[-0.001908888642140284, 0.0041297799391352, -0.054428547942414064], [-0.019087999045834525, -0.04073940903682873, -0.044473973163989614], [-0.08083793781097506, -0.021193789458295306, -0.041028228621153115]]	0.4663838512041286	[[0.0, 0.0, 0.9992000000000001], [0.0, -1.0, 0.0], [0.9992000000000001, 0.0, 0.0]]
4	[[0.08740825448676931, -0.06334395238859675, -0.994156597696443], [0.7119981850616444, -0.6940087028176986, 0.10681996481098455], [-0.6967197295301035, -0.717174639895393, -0.015561310176609944]]	0.9284670746491961	0.07153292535080398	[[0.08115568634352315, -0.05881277417095837, -0.9230416680064143], [0.6610668720397218, -0.644364230086232, 0.09917882024218487], [-0.6468813291271943, -0.6658730399162662, -0.0144481641373858]]	0.9716540095463019	0.04704480692219314	[[0.07037367185332455, -0.057200613355145764, -0.950805260606367], [0.679173334645925, -0.6708309018494735, 0.0904978880912403], [-0.6835474512698326, -0.7104927382852543, -0.00931475899302931]]	[[-0.014556909086188372, 0.0043477919637443085, 0.015170983662291485], [-0.01264255665891176, 0.003505436903371095, -0.013294159016947691], [-0.006576932541892746, -0.013647123885970527, 0.005805450433867413]]	0.11007201253233985	[[0.0, 0.0, -0.9976019194880003], [0.7071067811865475, -0.7071067811865476, 0.0], [-0.7054110821946813, -0.7054110821946812, 0.0]]
4	[[0.8787972042104137, -0.3840163418041313, 0.28327887866788265], [-0.395223040501579, -0.9183905790867732, -0.018907472103605397], [0.2674214316928388, -0.09534250611366366, -0.9588511794847616]]	0.7346196645715832	0.26538033542841677	[[0.6455817073834993, -0.28210595620615747, 0.20810223482721418], [-0.29033861744423123, -0.6746677791544273, -0.01388980081464716], [0.19645304244944578, -0.07004047986063373, -0.7043909318471626]]	0.86435302039132	0.22760480715148623	[[0.7072980718097093, -0.3194510105293313, 0.15914707169583697], [-0.35764242743024566, -0.8410092025056155, -0.02619531217321186], [0.14356459858968768, -0.0637728343469141, -0.8287859130934334]]	[[-0.05229294596100957, 0.012474674388695192, -0.0857058826938137], [-0.016030198644464762, -0.04719553157302945, -0.00985258155249591], [-0.08758192361138854, 0.018636748784108988, 0.0]]	0.4686047458059807	[[0.7059758628849891, -0.705975862884989, 0.0], [-0.7071067811865475, -0.7071067811865476, 0.0], [0.0, 0.0, -0.9984006400000002]]
4	[[0.3802729664721569, 0.7767473726770865, -0.5020517802076895], [0.4287143634067757, 0.332951791095048, 0.839849450446521], [0.8195098935212374, -0.5346088512602871, -0.20639019011321075]]	0.7994259409411281	0.20057405905887207	[[0.30400007403647816, 0.6209519992759289, -0.40135321679370045], [0.3427253833614384, 0.2661702988841926, 0.6713974371720995], [0.6551374677387788, -0.4273801839542106, -0.1649936719322718]]	0.8895801897496208	0.19445253715998337	[[0.3444552211149129, 0.669424750725977, -0.4466153179012912], [0.4031665963412102, 0.3021671890858341, 0.7219951514822978], [0.7140814429370161, -0.46063911970265536, -0.09221248310282382]]	[[0.006171923443960293, -0.021554324447625128, 3.9056328911518376e-19], [0.02179079159342283, 0.005979871586025273, -0.025118282007033227], [-0.014938323643297627, 0.01493832364329763, 0.09138814138054653]]	0.3665858340338509	[[0.49840191897620484, 0.49840191897620495, -0.7048467533289255], [0.5, 0.5000000000000001, 0.7071067811865475], [0.7048467533289255, -0.7048467533289254, 0.0]]
4	[[-0.5446221603179724, 0.8109226453022452, -0.2139887049042392], [-0.8354447797583356, -0.5021691245819775, 0.22328947644507607], [0.07361197229480154, 0.30038414347728, 0.9509735242804028]]	0.7597806520506382	0.2402193479493618	[[-0.41379338008761624, 0.6161233362103684, -0.16258447774361445], [-0.63475477951709, -0.3815383849145929, 0.1696510240094855], [0.055928952308877816, 0.22822606039684024, 0.7225312843606579]]	0.8663326719347918	0.2298152193515413	[[-0.5525978345209454, 0.6595803755464146, -0.1726101180561403], [-0.7259764940708012, -0.40094624615542107, 0.107946132989042], [0.10760111965559832, 0.1726101180561403, 0.7808727734873953]]	[[-0.08077386317777788, -0.04294840649070894, 0.01277528842741496], [-0.002203385768788543, 0.03409927330683882, -0.0854968357545415], [0.04382866301105305, -0.08762247956937555, -0.042986660741691815]]	0.3807730735742861	[[-0.7059758628849891, 0.705975862884989, 0.0], [-0.7071067811865475, -0.7071067811865476, 0.0], [0.0, 0.0, 0.9984006400000002]]
4	[[0.04673222253661188, -0.9725397674033924, -0.22799671093185395], [-0.8377629715199755, -0.16246744520517667, 0.5213036857710898], [-0.5440306084466285, 0.16664552219444034, -0.8223502702654952]]	0.6486974620180047	0.35130253798199523	[[0.030315074153960647, -0.6308840788261613, -0.14790088772994642], [-0.54345471339767, -0.10539221936514732, 0.33816837790033744], [-0.3529112749594388, 0.10810252730419852, -0.5334565332110471]]	0.8184264019006089	0.310265331144697	[[-0.03739155921312382, -0.9116592630008096, -0.16415338848212693], [-0.6801907098883926, -0.14788939817621388, 0.28403181503369446], [-0.3288301188603573, 0.05009099928718049, -0.64787361766843]]	[[-0.07563844395658148, -0.11570704045959611, 0.022445139291003544], [0.005456624538263222, -0.014921751570956933, -0.1426168848094642], [0.11641889453441588, -0.08629609583526338, 0.025159555126952594]]	0.6067468756805205	[[1.9919462871687747e-16, -0.9976019194880003, 0.0], [-1.0, -1.7938038903913487e-16, 0.0], [0.0, 0.0, -0.9976019194880003]]
4	[[0.8489524140446696, -0.5135124485683378, 0.12483895166604869], [0.522794976890395, 0.7815435453534784, -0.34040431673891397], [0.0772347773085365, 0.35425224329800037, 0.9319550081910795]]	0.8374873244174366	0.1625126755825634	[[0.7109868857959941, -0.43006016660654367, 0.10455103961387678], [0.43783416641481254, 0.6545328127138021, -0.2850843004458187], [0.06468314700010279, 0.2966817634085171, 0.7805005062873773]]	0.9248563296596637	0.13160774601568623	[[0.7805934699268909, -0.49334549979689263, 0.06839781974518923], [0.5096403081238162, 0.6681383455538118, -0.29154459887174505], [0.026782024508035365, 0.30635187829148774, 0.8645072532886079]]	[[-0.004565543782173328, -0.018420261379432926, -0.047060274891232726], [0.026130064632456786, -0.054677149271007114, 0.023280488107712546], [-0.04464904815561918, -0.021280551218803036, 0.002582765005064629]]	0.42724466581540005	[[0.7065410957615984, -0.7065410957615983, 0.0], [0.7071067811865475, 0.7071067811865476, 0.0], [0.0, 0.0, 0.9992000000000001]]
4	[[-0.8305561570912853, 0.32773595720904825, 0.4502950280316503], [-0.5100865793185324, -0.772219296347621, -0.37879947194723407], [0.22358030216652452, -0.5443036842615101, 0.808545204538665]]	0.7006266291921043	0.2993733708078957	[[-0.581909760697615, 0.2296205389644232, 0.3154886876317792], [-0.3573802406640744, -0.5410374025971324, -0.26539699717013965], [0.15664631346068428, -0.3813536555609852, 0.5664883012053654]]	0.8253261720759959	0.3186365067237955	[[-0.6850818489262578, 0.27653165575399696, 0.2088051647746732], [-0.5654577180200961, -0.6331074734457522, -0.2949182510537219], [0.19091548847084328, -0.30153852347484994, 0.6673135186122995]]	[[0.0003978849000423359, 0.006042592738990836, -0.16283510701554202], [-0.14446991408379292, 0.0042253224120488535, 0.017714867112897437], [0.006388813532151044, 0.1476895527035638, 0.0]]	0.6325738341756365	[[-0.9968038379524099, 0.0, 0.0], [0.0, -0.7071067811865476, -0.7071067811865475], [0.0, -0.7048467533289254, 0.7048467533289255]]
4	[[-0.42203838922340475, -0.825029846081567, 0.3757783270710803], [0.2588054115689476, 0.28760896992378115, 0.9221175843470338], [-0.8688517462515349, 0.4864224845687207, 0.09214016247897017]]	0.7779647970261451	0.22203520297385496	[[-0.3283310098094273, -0.641844176747358, 0.2923423099466773], [0.20134149948050425, 0.22374965390965318, 0.7173750193407794], [-0.675936072418387, 0.37841956947645805, 0.07168180280090804]]	0.8854847733303105	0.18753491864611568	[[-0.3045974227752846, -0.6922064151771252, 0.35799488177818733], [0.253952281178434, 0.23315816922908064, 0.8338570988108441], [-0.8002486005833609, 0.3998224505375486, 0.020727650597927562]]	[[0.06911114464289127, 0.0383449510711521, 0.025248895009208384], [0.02478402997864672, -0.021515194311642838, 0.017336018651417345], [-0.03089360899617609, -0.03089725295355147, -0.06086106028938132]]	0.4771865082607915	[[-0.49840191897620484, -0.49840191897620495, 0.7048467533289255], [0.5, 0.5000000000000001, 0.7071067811865475], [-0.7048467533289255, 0.7048467533289254, 0.0]]
4	[[0.8592155572171323, 0.2624339665249735, -0.4391776855101157], [-0.4266000482917053, 0.8413623931712975, -0.33184593135155627], [0.2824199444684594, 0.4724804086637203, 0.8348660002631537]]	0.7585160060874236	0.24148399391257644	[[0.6517287528285195, 0.19906036415020356, -0.33312330397585155], [-0.3235829648269264, 0.6381868421404492, -0.25171045048514384], [0.2142200483176478, 0.35838395253415883, 0.6332592241377892]]	0.8274306041323477	0.2547263704868284	[[0.6861464994653271, 0.27152060424311497, -0.2898120948288769], [-0.3311462027190806, 0.6913921772353553, -0.34833546655720565], [0.14788656941141817, 0.4061737647929852, 0.6818947937099795]]	[[-0.02479474812275644, 0.054374708776507824, 0.07357696281420435], [0.021835732961813886, -0.0047768160406092604, -0.07375598710012589], [-0.08579633585914327, 0.015229014811664644, -0.008898885257318544]]	0.47965612822646436	[[0.7048467533289255, 0.49840191897620495, -0.49840191897620484], [-0.7071067811865475, 0.5000000000000001, -0.5], [0.0, 0.7048467533289254, 0.7048467533289255]]
4	[[0.034229894132735264, 0.2773841392786001, 0.9601491309293217], [-0.1827544195208179, -0.9427759796974285, 0.2788803941677556], [0.9825625356654255, -0.18501754344446375, 0.018422055382213542]]	0.8688563275148053	0.13114367248519482	[[0.029740860107388946, 0.24100696456445977, 0.8342316477657826], [-0.1587873337819579, -0.8191368753890805, 0.24230699509247747], [0.8537056762918964, -0.16075366332296773, 0.016006119384664418]]	0.9369330041947896	0.12234882390265102	[[0.012219063611614766, 0.25120414884027115, 0.8916758914764646], [-0.1632513553879523, -0.8262410507659771, 0.256239856436524], [0.9282189751529757, -0.16759461777768056, -0.0010816273245285728]]	[[-0.01985205393143849, -0.008686206090013625, -0.007919518240161256], [0.007977291923562545, 0.05707688017462067, -0.005052389082098312], [0.007623706802718499, 0.005754425030480877, -0.018341859017228703]]	0.33872902865032545	[[0.0, 0.0, 0.9992000000000001], [0.0, -1.0, 0.0], [0.9992000000000001, 0.0, 0.0]]
4	[[0.5319609947059123, -0.8460851799387872, 0.03402011756955908], [-0.703274286200726, -0.4190807785627857, 0.5742617690636116], [-0.47161719485230363, -0.3294103357928521, -0.8179645788128509]]	0.6788457207221238	0.32115427927787626	[[0.3611194448471929, -0.5743613037678538, 0.023094411230558706], [-0.47741473968126885, -0.28449119316424293, 0.38983514450314927], [-0.32015531454445834, -0.2236187968146155, -0.5552717540293782]]	0.8021196238597621	0.35221688276026447	[[0.533758320398242, -0.7259296995522364, 0.09512306824494808], [-0.5152392085243447, -0.3940815085839055, 0.3215268859397523], [-0.3067453610012012, -0.10887694115337877, -0.6459713145832989]]	[[0.10706196741667076, -0.047268173266417295, 0.0678348643363885], [0.04887089739322413, -0.057928592116267566, -0.1390997482585934], [0.07154804593952482, 0.15534955348830165, 0.010134125704673704]]	0.6439561869927388	[[0.7059758628849891, -0.705975862884989, 0.0], [-0.7071067811865475, -0.7071067811865476, 0.0], [0.0, 0.0, -0.9984006400000002]]
4	[[0.22433838825039393, -0.7661379269479729, -0.6022499185961573], [-0.9416906372873723, -0.011392912655017143, -0.3362869982418849], [0.2507808429735371, 0.642575192824231, -0.724020780340167]]	0.647718421006924	0.35228157899307605	[[0.1453081066087835, -0.49624164831625905, -0.39008836632465155], [-0.6099503726607808, -0.00737939939557751, -0.2178192835063919], [0.16243537162960486, 0.41620778927433066, -0.4689615966181339]]	0.7955784121511805	0.33426441503442483	[[0.23692926231734296, -0.6254375839709244, -0.38267936873899944], [-0.8243631009064756, 0.02623853732214272, -0.18650525710918847], [0.18590915608474012, 0.38267936873899944, -0.5376677416610804]]	[[0.058450483608539425, -0.015914788560859077, 0.09645766521590912], [-0.07517435895575467, 0.03530249268199838, 0.08103741897917717], [-0.013606668766081074, -0.12853958285584108, 0.03834756112640832]]	0.7530109784788338	[[1.99035273013904e-16, -0.9968038379524099, 0.0], [-1.0, -1.7938038903913487e-16, 0.0], [0.0, 0.0, -0.9968038379524099]]
4	[[-0.3195682178843842, -0.5708200961323295, -0.7563336379995778], [0.910087742671785, 0.03735879733279218, -0.41272826520656647], [0.2638493031197415, -0.8202248094963509, 0.507557688474819]]	0.6926210738461893	0.3073789261538106	[[-0.22133968223819514, -0.3953620279561591, -0.5238526165372626], [0.6303459496235863, 0.025875490326240758, -0.28586429425404686], [0.1827475876603641, -0.5681049883486486, 0.3515451512303187]]	0.7966852842196409	0.31430252863964997	[[-0.2858566536481547, -0.4568429260447355, -0.5445546074729035], [0.7529932226352816, 0.08065287855342154, -0.28041429350597585], [0.2503634835860677, -0.5737091678703062, 0.33696135961595186]]	[[-0.031261357155370054, -0.0020789555192677403, 0.05800527188166514], [0.027939710699998996, 0.05088967448224192, 0.04840024176559683], [0.0401586265389622, 0.079751867607295, -0.0674023816844732]]	0.6994384267258791	[[-0.49840191897620484, -0.49840191897620495, -0.7048467533289255], [0.5, 0.5000000000000001, -0.7071067811865475], [0.7048467533289255, -0.7048467533289254, 0.0]]
