4	[[0.3802729664721569, 0.7767473726770865, -0.5020517802076895], [0.4287143634067757, 0.332951791095048, 0.839849450446521], [0.8195098935212374, -0.5346088512602871, -0.20639019011321075]]	0.6221910003882508	0.3778089996117494	[[0.23660241742991908, 0.4832852248549019, -0.31237209937412447], [0.2667422186488738, 0.20715960798248784, 0.5225467697488437], [0.5098916804780476, -0.33262881598205163, -0.12841411885685985]]	0.7912004531881887	0.323482770090957	[[0.34282549287771585, 0.497840234051004, -0.39648016486309884], [0.4056006041544182, 0.30588163551351916, 0.7210997177561451], [0.5697042852408427, -0.4146895440675546, -0.062596345658472]]	[[0.041953349469728514, -0.11672263922384168, 0.0007434311611618991], [0.06640160553869147, 0.0424500275092981, 0.056610451953006596], [-0.07869231390536449, 0.008293221328001484, 0.1006996662926967]]	0.42281639640479457	[[0.39404189950195256, 0.3940418995019527, -0.5572593984189176], [0.5, 0.5000000000000001, 0.7071067811865475], [0.5572593984189176, -0.5572593984189176, 0.0]]
4	[[0.034229894132735264, 0.2773841392786001, 0.9601491309293217], [-0.1827544195208179, -0.9427759796974285, 0.2788803941677556], [0.9825625356654255, -0.18501754344446375, 0.018422055382213542]]	0.8117311004025156	0.18826889959748447	[[0.027785469631026807, 0.22516133261082275, 0.7793829105997775], [-0.1483474460610565, -0.7652805834328537, 0.2263758892384796], [0.7975765682899818, -0.1501844941339448, 0.014953755287080286]]	0.8920139888466292	0.16530643692128352	[[0.009148225378382292, 0.22223644189295633, 0.8157744896116429], [-0.1667759083544459, -0.8250868264220202, 0.2555018475352322], [0.8467344109558307, -0.15128189891718566, 0.0]]	[[-0.021385319024756724, -0.025194090627736726, -0.040691966556245934], [-0.00375640961833084, 0.015882535816671747, 0.006736634722532256], [-0.029725115774343974, 0.01375633801731497, -0.016432731104241823]]	0.3636058211617549	[[0.0, 0.0, 0.9421999999999999], [0.0, -1.0, 0.0], [0.9421999999999999, 0.0, 0.0]]
4	[[-0.8305561570912853, 0.32773595720904825, 0.4502950280316503], [-0.5100865793185324, -0.772219296347621, -0.37879947194723407], [0.22358030216652452, -0.5443036842615101, 0.808545204538665]]	0.5773348040237472	0.4226651959762528	[[-0.47950897618501365, 0.18921337462682103, 0.2599709917615205], [-0.29449073530600844, -0.4458290761202097, -0.21869411890095525], [0.12908068993488067, -0.3142454608825225, 0.4668012872066707]]	0.751651220326662	0.40289910199477746	[[-0.5876102855120837, 0.23182373937098455, 0.19435707744721797], [-0.5699526070719412, -0.6223689580928436, -0.29216116961205507], [0.16673472864531713, -0.2513263032833396, 0.5680905075401906]]	[[0.0366782635154036, -0.014519392810123218, -0.1441077298798004], [-0.18654540725491386, -0.0419293816333582, -0.007436084263821455], [-0.0013196783191548479, 0.15780022522012255, -0.03965348214056736]]	0.682244940587933	[[-0.6277275679002419, 0.6277275679002418, 0.0], [-0.7071067811865475, -0.7071067811865476, 0.0], [0.0, 0.0, 0.8877408399999999]]
4	[[-0.42203838922340475, -0.825029846081567, 0.3757783270710803], [0.2588054115689476, 0.28760896992378115, 0.9221175843470338], [-0.8688517462515349, 0.4864224845687207, 0.09214016247897017]]	0.6157110849244625	0.3842889150755375	[[-0.2598537145085152, -0.5079800216259439, 0.23137088145203438], [0.15934936074143874, 0.17708403090577843, 0.5677580182862367], [-0.5349616513230464, 0.29949571570545963, 0.05673171940504298]]	0.7915069158453298	0.34426390382985883	[[-0.2524326153437436, -0.5356511836601616, 0.3000344379266578], [0.269205363586446, 0.23978383405782325, 0.8245524324572211], [-0.6266297826853752, 0.3338069974410103, 0.023186630763422672]]	[[0.08161368847880433, 0.11736564529220672, 0.0026032932251093903], [0.064359090471427, 0.012139345303998903, 0.09468998722395447], [0.06107238331700636, -0.0511997631178004, -0.04974294506579459]]	0.5405509523986015	[[-0.39404189950195256, -0.3940418995019527, 0.5572593984189176], [0.5, 0.5000000000000001, 0.7071067811865475], [-0.5572593984189176, 0.5572593984189176, 0.0]]
4	[[0.8489524140446696, -0.5135124485683378, 0.12483895166604869], [0.522794976890395, 0.7815435453534784, -0.34040431673891397], [0.0772347773085365, 0.35425224329800037, 0.9319550081910795]]	0.7218472535710974	0.2781527464289028	[[0.6128139684906977, -0.370677550673624, 0.0901146543988322], [0.3773781182490969, 0.5641550617596267, -0.24571992114173094], [0.05575171188034239, 0.2557160088960617, 0.6727291631145602]]	0.8672243088254651	0.22294669277853335	[[0.6930448254310082, -0.4346386299959397, 0.0542823507229202], [0.49591051449802986, 0.6668251463907982, -0.30844473572697584], [0.022357592204221555, 0.2659462694588246, 0.7683969116450499]]	[[-0.043187345064590474, 0.010691848287009297, -0.05398102285016451], [0.04253000200683191, -0.010948414545375724, -0.013237837421866436], [-0.04462228416446273, -0.04126988738515423, -0.039817126189889716]]	0.4462805865094746	[[0.6662360092339651, -0.666236009233965, 0.0], [0.7071067811865475, 0.7071067811865476, 0.0], [0.0, 0.0, 0.9421999999999999]]
4	[[0.04673222253661188, -0.9725397674033924, -0.22799671093185395], [-0.8377629715199755, -0.16246744520517667, 0.5213036857710898], [-0.5440306084466285, 0.16664552219444034, -0.8223502702654952]]	0.5694290959099095	0.43057090409009047	[[0.026610687228883618, -0.5537924404889475, -0.12982796097635851], [-0.47704661145941873, -0.09251369043797647, 0.29684548648313513], [-0.30978685751508167, 0.09489280904061495, -0.4682701709185507]]	0.7399988366462055	0.4207280512411708	[[-0.012727163829324373, -0.7647445361742192, -0.12636787854084647], [-0.68005354104772, -0.15093367074238223, 0.27859844819250673], [-0.2657624132703852, 0.028481941556432112, -0.5509403767807662]]	[[-0.04730895414030886, -0.04506623970353736, 0.04234942230788667], [-0.060109916737669876, -0.0307079502976703, -0.10716567281747866], [0.13681960408004726, -0.09483555099975316, 0.05759786653139293]]	0.6591554604351789	[[1.6701275769429972e-16, -0.8364294194479998, 0.0], [-1.0, -1.7938038903913487e-16, 0.0], [0.0, 0.0, -0.8364294194479998]]
4	[[0.8787972042104137, -0.3840163418041313, 0.28327887866788265], [-0.395223040501579, -0.9183905790867732, -0.018907472103605397], [0.2674214316928388, -0.09534250611366366, -0.9588511794847616]]	0.6311280081705994	0.36887199182940056	[[0.5546335290792099, -0.24236346890780153, 0.17878523445046168], [-0.2494363303348897, -0.5796220169016786, -0.01193303520828965], [0.16877715552643138, -0.060173325977509746, -0.6051578350402476]]	0.8153184766056246	0.2948446212532852	[[0.6442227855081472, -0.26586274335707094, 0.160716385095943], [-0.3202073448243414, -0.8540519762885943, -0.03214235342128431], [0.1530955208119339, -0.046932473737247314, -0.7425275366826856]]	[[-0.07227681227396941, 0.047232875434338295, -0.07024611871410465], [0.002025302476849141, -0.10527116841860892, -0.016726742069309415], [-0.06493811348756648, 0.03080203310310737, 0.039241546266336524]]	0.4956969532049934	[[0.6277275679002419, -0.6277275679002418, 0.0], [-0.7071067811865475, -0.7071067811865476, 0.0], [0.0, 0.0, -0.8877408399999999]]
4	[[0.8592155572171323, 0.2624339665249735, -0.4391776855101157], [-0.4266000482917053, 0.8413623931712975, -0.33184593135155627], [0.2824199444684594, 0.4724804086637203, 0.8348660002631537]]	0.6187332636829547	0.3812667363170455	[[0.5316252459241246, 0.16237662460926014, -0.27173384269240014], [-0.2639516401668328, 0.5205788994669783, -0.20532411614505813], [0.17474261397012877, 0.2923393452787599, 0.5165593650807556]]	0.7655700446820348	0.4176704148248462	[[0.4990614932024412, 0.20287461509554555, -0.29283942155343723], [-0.3561584321874902, 0.7487583297806252, -0.250392615489393], [0.2440445215153888, 0.32723705945435516, 0.4963437821372012]]	[[-0.1587281993277782, 0.0019630316169379405, 0.043381858765894614], [-0.029566214155451145, 0.10463648484669136, 0.003658689002969415], [0.02783227200957257, -0.034479788117715265, -0.14280461898777302]]	0.5687425088581743	[[0.5572593984189176, 0.3940418995019527, -0.39404189950195256], [-0.7071067811865475, 0.5000000000000001, -0.5], [0.0, 0.5572593984189176, 0.5572593984189176]]
4	[[0.08740825448676931, -0.06334395238859675, -0.994156597696443], [0.7119981850616444, -0.6940087028176986, 0.10681996481098455], [-0.6967197295301035, -0.717174639895393, -0.015561310176609944]]	0.7098264545994868	0.2901735454005132	[[0.06204469138507314, -0.044963213144316325, -0.7056786530595546], [0.5053951473835763, -0.4926257369822759, 0.0758236369022231], [-0.4945500954618669, -0.5090695319656104, -0.011045829631585952]]	0.8781203156358479	0.19873364856186412	[[0.05004118636091792, -0.04155315875598101, -0.8009763392898871], [0.6808053420577004, -0.6700348787952082, 0.08979873018364], [-0.5750996553930889, -0.5871035391497877, 0.0]]	[[-0.02671377765818246, 0.014070452709115694, 0.07201276607077407], [0.05558527105921836, -0.06061173762290539, -0.004002051032391935], [0.03670409341160838, 0.04266208200118022, 0.013664702603992057]]	0.2139661205952757	[[0.0, 0.0, -0.8364294194479998], [0.7071067811865475, -0.7071067811865476, 0.0], [-0.5914449144756078, -0.5914449144756077, 0.0]]
4	[[-0.30792515101507295, 0.09349718223056193, 0.9468053539599837], [0.3027085282091916, -0.9338174967034747, 0.1906631317268273], [0.9019698710720718, 0.34531602882779927, 0.2592434992682147]]	0.6531787885428176	0.3468212114571827	[[-0.20113017710188946, 0.061070376221525516, 0.6184331740854356], [0.19772278973725907, -0.6099497812168619, 0.1245371134011087], [0.5891475876889772, 0.22555310537415857, 0.16933235478961328]]	0.8185587168109234	0.29104722284260887	[[-0.22019761751367745, 0.07094445001051734, 0.7207192975519022], [0.25006373300564444, -0.8467348505451879, 0.1199510694473022], [0.6599561581233498, 0.24702579868075217, 0.14925316750316012]]	[[0.031857198975030435, -0.00558848350156849, -0.05429647805529405], [0.002279028587005412, -0.08235039870800297, -0.03611789900216164], [-0.07835914214351931, -0.035635646770775055, -0.06295285859940326]]	0.47705471883897543	[[0.0, 0.0, 0.9421999999999999], [0.0, -1.0, 0.0], [0.9421999999999999, 0.0, 0.0]]
4	[[0.22433838825039393, -0.7661379269479729, -0.6022499185961573], [-0.9416906372873723, -0.011392912655017143, -0.3362869982418849], [0.2507808429735371, 0.642575192824231, -0.724020780340167]]	0.5154721063311851	0.4845278936688148	[[0.11564018152237376, -0.39492273094407926, -0.31044303407654594], [-0.48541525631487786, -0.005872728683528915, -0.173346567315536], [0.12927052935507938, 0.33122958812127384, -0.37321251666949423]]	0.730855635889966	0.4470174548966999	[[0.20633925618543014, -0.47499244701785714, -0.3536760243175254], [-0.810553595857405, 0.04573474095045148, -0.20839035411589207], [0.16422906194742137, 0.3536760243175254, -0.39623190343241743]]	[[0.042380280786158346, 0.0849437747611239, 0.08648172290274948], [-0.12231368633111508, 0.05406131537357288, 0.037386893825708624], [-0.01905553051302484, -0.11595367684114552, 0.13292276438064476]]	0.73158512107698	[[1.573594202995692e-16, -0.7880837990039053, 0.0], [-1.0, -1.7938038903913487e-16, 0.0], [0.0, 0.0, -0.7880837990039053]]
4	[[0.5319609947059123, -0.8460851799387872, 0.03402011756955908], [-0.703274286200726, -0.4190807785627857, 0.5742617690636116], [-0.47161719485230363, -0.3294103357928521, -0.8179645788128509]]	0.5918642098673316	0.4081357901326686	[[0.31484867381185444, -0.5007675365049292, 0.02013529000490078], [-0.41624287972220425, -0.24803891387464924, 0.33988498820385044], [-0.279133338391106, -0.19496618811616875, -0.4841239591385326]]	0.7421281756168677	0.4399003082457026	[[0.4603717469610558, -0.6100651218207767, 0.08981257659536046], [-0.50776863009882, -0.36103735814214355, 0.34153625659416353], [-0.2577815649377626, -0.10337542322349955, -0.5476885450622201]]	[[0.0655885044606229, 0.01783852918366495, 0.06456528880919225], [0.014151032877579746, -0.05002570451124691, -0.08463958240752953], [0.09221884346752225, 0.14108926830778956, 0.05934601553138037]]	0.6835645215480748	[[0.6277275679002419, -0.6277275679002418, 0.0], [-0.7071067811865475, -0.7071067811865476, 0.0], [0.0, 0.0, -0.8877408399999999]]
4	[[-0.5446221603179724, 0.8109226453022452, -0.2139887049042392], [-0.8354447797583356, -0.5021691245819775, 0.22328947644507607], [0.07361197229480154, 0.30038414347728, 0.9509735242804028]]	0.6497226168930075	0.3502773831069925	[[-0.35385333521971607, 0.5268747832035747, -0.13903330133592787], [-0.5428073685741881, -0.32627063774627313, 0.14507622296056438], [0.047827363274034036, 0.195166371773223, 0.6178690067914294]]	0.7952264792848021	0.3020713963051595	[[-0.471873313394451, 0.6098847977437509, -0.10548981043585433], [-0.7346035975635085, -0.4055209923555914, 0.09742410757580935], [0.07384175997264035, 0.10842641127612297, 0.7327157437963374]]	[[-0.038775350304306934, -0.03498236245227199, 0.06467967397185828], [-0.07023578671942021, -0.006182807408734459, -0.08014159663895523], [0.015303570411434937, -0.13044701357429525, -0.02352358381022756]]	0.4178369545901517	[[-0.6277275679002419, 0.6277275679002418, 0.0], [-0.7071067811865475, -0.7071067811865476, 0.0], [0.0, 0.0, 0.8877408399999999]]
4	[[-0.3195682178843842, -0.5708200961323295, -0.7563336379995778], [0.910087742671785, 0.03735879733279218, -0.41272826520656647], [0.2638493031197415, -0.8202248094963509, 0.507557688474819]]	0.565304463649969	0.4346955363500309	[[-0.18065334001070824, -0.3226871482847104, -0.42755878156978117], [0.5144766632454845, 0.021119094888822024, -0.23331713059578024], [0.14915518878452358, -0.46367674600473263, 0.28692462685467557]]	0.7177744940796175	0.4408901243179499	[[-0.23447571945079637, -0.35963623292276514, -0.46580864084806295], [0.7909057470747762, 0.03350501102772244, -0.22297248290036653], [0.17572100139745414, -0.46580864084806295, 0.28103825456901976]]	[[-0.00509780353490758, 0.05008387278909628, 0.07706835352248068], [0.1376679780104746, 0.0066898191727545585, 0.07327333885063496], [-0.013663298662577879, 0.122927806819731, -0.08327370849221341]]	0.7183030444685514	[[0.0, 0.0, -0.7880837990039053], [1.0, -1.7938038903913487e-16, 0.0], [-1.573594202995692e-16, -0.7880837990039053, 0.0]]
