4	[[0.08740825448676931, -0.06334395238859675, -0.994156597696443], [0.7119981850616444, -0.6940087028176986, 0.10681996481098455], [-0.6967197295301035, -0.717174639895393, -0.015561310176609944]]	0.653698129493095	0.3463018705069053	[[0.05713861246025752, -0.041407823191125355, -0.649878308337384], [0.4654318817772753, -0.4536721908838587, 0.06982801118945883], [-0.4554443839747637, -0.4688157206195023, -0.010172399354911783]]	0.855324673357305	0.24030319315082285	[[0.049000575825213645, -0.04900057582521365, -0.7574376847844412], [0.6740564314667464, -0.6654919834331275, 0.09432948767012884], [-0.543955294288564, -0.5512389002834084, 0.0]]	[[-0.0257618608924145, 0.005179069560723538, 0.09288898240627864], [0.06506681639790166, -0.0718892163884528, 0.002963736160134678], [0.05196628079336166, 0.06217826432526156, 0.013309972543820606]]	0.2487889372696657	[[0.0, 0.0, -0.7935084015119999], [0.7071067811865475, -0.7071067811865476, 0.0], [-0.5610951716376328, -0.5610951716376328, 0.0]]
4	[[-0.30792515101507295, 0.09349718223056193, 0.9468053539599837], [0.3027085282091916, -0.9338174967034747, 0.1906631317268273], [0.9019698710720718, 0.34531602882779927, 0.2592434992682147]]	0.6204432984275049	0.3795567015724952	[[-0.19105009636457942, 0.058009700136807354, 0.5874390367797536], [0.1878134777042463, -0.5793808077840193, 0.11829566233711059], [0.5596211618901877, 0.21424901592580722, 0.1608458917818596]]	0.8046465893725543	0.29385372466379156	[[-0.17898708049238055, 0.0747245811424494, 0.7366404585374441], [0.26101374090495466, -0.8367211372541805, 0.13317630398485789], [0.6774067490584172, 0.24867934086823518, 0.10426249934993115]]	[[0.06878384205392665, -0.0005076076553164506, -0.025203240326130805], [0.017440356107443024, -0.0853280734353131, -0.02024013467822376], [-0.0483602314165279, -0.02917802398372811, -0.1043368981532441]]	0.48099240572456553	[[0.0, 0.0, 0.9258], [0.0, -1.0, 0.0], [0.9258, 0.0, 0.0]]
4	[[0.034229894132735264, 0.2773841392786001, 0.9601491309293217], [-0.1827544195208179, -0.9427759796974285, 0.2788803941677556], [0.9825625356654255, -0.18501754344446375, 0.018422055382213542]]	0.7787082018267416	0.2212917981732584	[[0.026655099308822004, 0.21600130431289716, 0.7476760032314809], [-0.14231236540094602, -0.7341473878756294, 0.21716645026710585], [0.7651295053303472, -0.14407467856203937, 0.014345405620636152]]	0.8778607694277084	0.18786519911073987	[[0.009194701666476452, 0.21514900363085268, 0.7935198322868074], [-0.1677944847646248, -0.8241779408886989, 0.25667751490624247], [0.8233715124928254, -0.14688924255008873, 0.0]]	[[-0.02085437953431552, -0.028355650303301852, -0.049357422556152546], [-0.007361549427765398, 0.003448106046447519, 0.011859357503833908], [-0.039181591077265245, 0.015530400495692683, -0.016171999712269833]]	0.3712078426018495	[[0.0, 0.0, 0.9258], [0.0, -1.0, 0.0], [0.9258, 0.0, 0.0]]
4	[[-0.8305561570912853, 0.32773595720904825, 0.4502950280316503], [-0.5100865793185324, -0.772219296347621, -0.37879947194723407], [0.22358030216652452, -0.5443036842615101, 0.808545204538665]]	0.5472981974975675	0.4527018025024324	[[-0.4545618876965669, 0.179369298635652, 0.24644565718383885], [-0.2791694654287328, -0.4226342289638929, -0.2073162682097516], [0.1223650963717004, -0.2978964252876096, 0.44251533303931334]]	0.734058713547794	0.42491692505541734	[[-0.5004915740738882, 0.18581684725431183, 0.25689449418781346], [-0.4471621045658881, -0.676015341594325, -0.2688428503001086], [0.15734909996189145, -0.36908535894090494, 0.4755191873476921]]	[[0.10918541012974017, -0.05476058787791695, -0.07364849480606755], [-0.07272860635333157, -0.10916103834060767, 0.009218202770061596], [-0.006771969021094603, 0.03046550330742379, -0.11800046534119812]]	0.6848613159805259	[[-0.6060652102372357, 0.6060652102372357, 0.0], [-0.7071067811865475, -0.7071067811865476, 0.0], [0.0, 0.0, 0.8571056399999999]]
4	[[-0.42203838922340475, -0.825029846081567, 0.3757783270710803], [0.2588054115689476, 0.28760896992378115, 0.9221175843470338], [-0.8688517462515349, 0.4864224845687207, 0.09214016247897017]]	0.564654299393238	0.43534570060676214	[[-0.23830579098399232, -0.4658566497176982, 0.2121848479994839], [0.1461355883486427, 0.16239964141152352, 0.5206776585476596], [-0.4906008740562519, 0.2746605472332691, 0.05202733889054201]]	0.7597736376660734	0.38681608396284933	[[-0.2321463590157738, -0.5024837191040357, 0.2795295863460913], [0.26905686540016144, 0.2358599241897071, 0.8286395140195053], [-0.5843560394025353, 0.3039170578608661, 0.024387471514774866]]	[[0.08850728319922253, 0.12435220823643725, -0.005976880168774882], [0.07242333640475677, 0.0173422108853235, 0.1280388826043071], [0.07577461243951358, -0.06565392268248041, -0.045618194907015346]]	0.5640600286929024	[[-0.3673150390599047, -0.36731503905990476, 0.5194619099021205], [0.5, 0.5000000000000001, 0.7071067811865475], [-0.5194619099021205, 0.5194619099021204, 0.0]]
4	[[0.8489524140446696, -0.5135124485683378, 0.12483895166604869], [0.522794976890395, 0.7815435453534784, -0.34040431673891397], [0.0772347773085365, 0.35425224329800037, 0.9319550081910795]]	0.6911909926153281	0.3088090073846719	[[0.5867882617467142, -0.3549351790462771, 0.08628755891911317], [0.36135117901117964, 0.5401958588849737, -0.23528439757731257], [0.053383982392311166, 0.2448559596813516, 0.6441589071844186]]	0.8496855121350573	0.25204401610788596	[[0.6664589867933837, -0.417356743850038, 0.05379674273171212], [0.4926100673323753, 0.6643989263849366, -0.3176025961360822], [0.021947939623659346, 0.2584132068599909, 0.737759946188852]]	[[-0.054883579912454517, 0.018967343999477325, -0.052277105849058134], [0.04839874965162459, 0.0003326987954180294, -0.02836597993479391], [-0.043677331688381615, -0.04258979191166345, -0.0541087222328169]]	0.45234387053063146	[[0.6546394580225057, -0.6546394580225056, 0.0], [0.7071067811865475, 0.7071067811865476, 0.0], [0.0, 0.0, 0.9258]]
4	[[0.04673222253661188, -0.9725397674033924, -0.22799671093185395], [-0.8377629715199755, -0.16246744520517667, 0.5213036857710898], [-0.5440306084466285, 0.16664552219444034, -0.8223502702654952]]	0.5409672106489877	0.4590327893510122	[[0.02528060007305868, -0.5261121252174283, -0.12333874474994867], [-0.4532022978881685, -0.08788956065391172, 0.2820082007926228], [-0.2943027207590442, 0.09014976330867036, -0.4448645318819661]]	0.715924677036283	0.4495021338697313	[[-0.005109766265285769, -0.7244536669141621, -0.11584655830689677], [-0.6741632361359161, -0.15252682984493718, 0.2815540490408509], [-0.2518450300978673, 0.02369728047489037, -0.5225431284803919]]	[[-0.03856651759199744, -0.028188448030946632, 0.047381913332325595], [-0.07438805131752092, -0.036212376607510935, -0.09166012383264044], [0.13763990755213779, -0.09560836118170707, 0.06619772317013281]]	0.6756880585039122	[[-1.5844256946100134e-16, -0.7935084015119999, 0.0], [-1.0, 1.7938038903913487e-16, 0.0], [0.0, 0.0, -0.7935084015119999]]
4	[[0.8787972042104137, -0.3840163418041313, 0.28327887866788265], [-0.395223040501579, -0.9183905790867732, -0.018907472103605397], [0.2674214316928388, -0.09534250611366366, -0.9588511794847616]]	0.6021807872404875	0.3978192127595126	[[0.5291947922561663, -0.23124726302082385, 0.17058509816482811], [-0.23799572166481991, -0.5530371619087201, -0.011385716436076658], [0.16103604826177192, -0.05741342538900697, -0.5774017581086036]]	0.8008826574607367	0.32376353026851995	[[0.6162045586733741, -0.23592834365417287, 0.1785081072520669], [-0.3219982608633091, -0.857751298429882, -0.021420483697232588], [0.16191546506568766, -0.05841779919038678, -0.7063244758408859]]	[[-0.0876088816037277, 0.07162368467827043, -0.048365033897964545], [-0.005470981896692151, -0.12222821086396213, -0.0062778171930323555], [-0.052257721810427926, 0.01794036047489069, 0.0616028048942318]]	0.5058630430226987	[[0.6060652102372357, -0.6060652102372357, 0.0], [-0.7071067811865475, -0.7071067811865476, 0.0], [0.0, 0.0, -0.8571056399999999]]
4	[[-0.5446221603179724, 0.8109226453022452, -0.2139887049042392], [-0.8354447797583356, -0.5021691245819775, 0.22328947644507607], [0.07361197229480154, 0.30038414347728, 0.9509735242804028]]	0.6163826885588152	0.3836173114411848	[[-0.33569567142550194, 0.4998386803246243, -0.13189893325009386], [-0.5149536994898702, -0.3095283551210658, 0.13763176781810618], [0.0453731453931868, 0.18515158595696274, 0.5861636176442064]]	0.7751233318494777	0.32397049932249233	[[-0.4494517176548002, 0.5945886600143204, -0.09201963338393362], [-0.7327554151040594, -0.39696944538779266, 0.10281445676859118], [0.07046016531435177, 0.09709006047733777, 0.7123977314535819]]	[[-0.027302374150073104, -0.03397640268454802, 0.07384800453959496], [-0.08518267384152507, -0.007726440389874941, -0.07026242618044165], [0.013401808085193784, -0.13574469764952302, -0.02472403518728402]]	0.4307329110381781	[[-0.6060652102372357, 0.6060652102372357, 0.0], [-0.7071067811865475, -0.7071067811865476, 0.0], [0.0, 0.0, 0.8571056399999999]]
4	[[-0.3195682178843842, -0.5708200961323295, -0.7563336379995778], [0.910087742671785, 0.03735879733279218, -0.41272826520656647], [0.2638493031197415, -0.8202248094963509, 0.507557688474819]]	0.5244986880996908	0.47550131190030903	[[-0.16761311103871568, -0.29939439156234626, -0.396696000896445], [0.47733982708696027, 0.019594640190031775, -0.2164754336425054], [0.13838861334232205, -0.4302068365276549, 0.2662133417399541]]	0.6950487481861577	0.4821482586315787	[[-0.23236812694147332, -0.3727806365049723, -0.4031186455336426], [0.7888857792461879, 0.013422086636732888, -0.21667383107409346], [0.15917511344847965, -0.4031186455336426, 0.30985555269888376]]	[[-0.010252637140850784, 0.023967156751305597, 0.12257010276904637], [0.15633043296259774, -0.012544098683164667, 0.0701924329987751], [-0.024213014394686642, 0.1669775815380259, -0.04292178330779892]]	0.7268744282729379	[[0.0, 0.0, -0.7346300781198095], [1.0, -1.7938038903913487e-16, 0.0], [-1.4668613080699505e-16, -0.7346300781198095, 0.0]]
4	[[0.8592155572171323, 0.2624339665249735, -0.4391776855101157], [-0.4266000482917053, 0.8413623931712975, -0.33184593135155627], [0.2824199444684594, 0.4724804086637203, 0.8348660002631537]]	0.5716765657239954	0.42832343427600456	[[0.4911933989665192, 0.15002734871232287, -0.25106759099503584], [-0.24387725054509274, 0.4809871634574893, -0.18970854238453846], [0.16145286394569036, 0.27010597739674563, 0.47727332787016796]]	0.7493213854055734	0.443462509346764	[[0.47357066654068003, 0.19280439461531407, -0.2882398166947423], [-0.3546020210940717, 0.7494849234285702, -0.2501948743436085], [0.24013887372117956, 0.3146576836966024, 0.4711983245570038]]	[[-0.17025792515528312, -0.003842988758658912, 0.04084541505091079], [-0.034941481894046625, 0.11903408934930503, -0.0015356213220575872], [0.02851556966590849, -0.03938199070028789, -0.15438462338819228]]	0.5955178436789065	[[0.5194619099021205, 0.36731503905990476, -0.3673150390599047], [-0.7071067811865475, 0.5000000000000001, -0.5], [0.0, 0.5194619099021204, 0.5194619099021205]]
4	[[0.3802729664721569, 0.7767473726770865, -0.5020517802076895], [0.4287143634067757, 0.332951791095048, 0.839849450446521], [0.8195098935212374, -0.5346088512602871, -0.20639019011321075]]	0.5759491986850515	0.4240508013149487	[[0.2190179103212262, 0.447367026874087, -0.2891563205090223], [0.24691769406890435, 0.19176331728194557, 0.48371061800075466], [0.4719960664880286, -0.3079075394932982, -0.11887026461215917]]	0.7635295599819187	0.36158612583488575	[[0.30431389174549517, 0.45342643581261305, -0.3647345436307919], [0.40855711401987577, 0.31201395963182915, 0.7148866238879306], [0.5531882616897985, -0.389039790989905, -0.041325041935112085]]	[[0.013964240981990193, -0.13964314386463436, 0.018596831199324274], [0.08122102476997181, 0.05779542508183537, 0.07363674253744205], [-0.07253176671130085, 0.019149869975301142, 0.11625996910661227]]	0.4491304821301916	[[0.3673150390599047, 0.36731503905990476, -0.5194619099021205], [0.5, 0.5000000000000001, 0.7071067811865475], [0.5194619099021205, -0.5194619099021204, 0.0]]
4	[[0.22433838825039393, -0.7661379269479729, -0.6022499185961573], [-0.9416906372873723, -0.011392912655017143, -0.3362869982418849], [0.2507808429735371, 0.642575192824231, -0.724020780340167]]	0.48389870120230555	0.5161012987976944	[[0.1085570547041842, -0.37073314779195093, -0.2914279534078748], [-0.4556828763177309, -0.005513015636674105, -0.16272884168047005], [0.12135252420131395, 0.31094130123246644, -0.3503527152500867]]	0.7064297209544016	0.4782090684135233	[[0.18131499338709117, -0.4514545062690185, -0.3295421126405875], [-0.8215659576392192, 0.049929670342929514, -0.19911558898163978], [0.14627630068845396, 0.3295421126405875, -0.38028133490308585]]	[[0.022835688376005255, 0.08976809567742187, 0.09590512929810703], [-0.15632770351492808, 0.05797796245067103, 0.03844754134696832], [-0.030882740234051523, -0.12439210151845484, 0.13118846291780648]]	0.7314601906759323	[[1.5844256946100134e-16, -0.7935084015119999, 0.0], [-1.0, -1.7938038903913487e-16, 0.0], [0.0, 0.0, -0.7935084015119999]]
4	[[0.5319609947059123, -0.8460851799387872, 0.03402011756955908], [-0.703274286200726, -0.4190807785627857, 0.5742617690636116], [-0.47161719485230363, -0.3294103357928521, -0.8179645788128509]]	0.56485794551705	0.43514205448295	[[0.30048239456478787, -0.47791793647264685, 0.019216533716589636], [-0.3972500684383119, -0.2367211075846608, 0.3243763230622583], [-0.2663967197547865, -0.18607004550803202, -0.46203379149394613]]	0.7213340200220839	0.46608312177184597	[[0.44286565589319066, -0.5727217286285498, 0.08954264230509848], [-0.5180777895250613, -0.34857907429201035, 0.33753603034372937], [-0.24585055559393482, -0.10824691813532757, -0.5180596987380789]]	[[0.059144093087028456, 0.03758829549780372, 0.06500277413702452], [-0.010782121481730113, -0.04628185157733126, -0.07669852007991915], [0.09434297148041576, 0.12936796361895497, 0.07196597913266557]]	0.6953404634052303	[[0.6060652102372357, -0.6060652102372357, 0.0], [-0.7071067811865475, -0.7071067811865476, 0.0], [0.0, 0.0, -0.8571056399999999]]
