4	[[0.3802729664721569, 0.7767473726770865, -0.5020517802076895], [0.4287143634067757, 0.332951791095048, 0.839849450446521], [0.8195098935212374, -0.5346088512602871, -0.20639019011321075]]	0.6515177514029413	0.348482248597059	[[0.2477545880352657, 0.5060647016547178, -0.3270956469287575], [0.27931501804092584, 0.2169240022598275, 0.5471768254719133], [0.5339252430794204, -0.3483071566532117, -0.1344668725741846]]	0.8085454924734367	0.30161711578403283	[[0.34592578106119254, 0.5243175557529922, -0.4107319167155793], [0.4073124845341145, 0.2986732128799908, 0.7164020109583243], [0.5953466671548401, -0.4169548924630404, -0.0696803977352868]]	[[0.0384577881106277, -0.10371803121565065, -0.004800212840387449], [0.060677418442947044, 0.029466542979132433, 0.037345523443496856], [-0.0672643632891424, 0.015300684459866735, 0.0971954601714854]]	0.4079428999961011	[[0.4113841464821885, 0.41138414648218863, -0.5817850393003912], [0.5, 0.5000000000000001, 0.7071067811865475], [0.5817850393003912, -0.581785039300391, 0.0]]
4	[[-0.30792515101507295, 0.09349718223056193, 0.9468053539599837], [0.3027085282091916, -0.9338174967034747, 0.1906631317268273], [0.9019698710720718, 0.34531602882779927, 0.2592434992682147]]	0.6733923386066937	0.3266076613933064	[[-0.20735443755785934, 0.06296028619537429, 0.637571471508452], [0.20384160372697785, -0.6288255479370013, 0.12839109215960434], [0.6073796008340006, 0.23253316821072825, 0.1745725862408058]]	0.827242662729351	0.28381354105094764	[[-0.2317981906842348, 0.07241162754094639, 0.725250601128866], [0.24770618998107707, -0.8482958356593597, 0.11854006103857363], [0.6636756363102858, 0.25106062090957787, 0.15938656314328842]]	[[0.02293063116281168, -0.004933230445155017, -0.05798718096739673], [-0.0027072189255774263, -0.07580216318312026, -0.039184615735444], [-0.08247232153702427, -0.03459953026105615, -0.05507071948662403]]	0.4747936823071342	[[0.0, 0.0, 0.9523999999999999], [0.0, -1.0, 0.0], [0.9523999999999999, 0.0, 0.0]]
4	[[0.5319609947059123, -0.8460851799387872, 0.03402011756955908], [-0.703274286200726, -0.4190807785627857, 0.5742617690636116], [-0.47161719485230363, -0.3294103357928521, -0.8179645788128509]]	0.6089993787697451	0.39100062123025503	[[0.32396391530563623, -0.5152653489690093, 0.020718230465535156], [-0.42829360340097794, -0.2552199337990777, 0.34972506061095426], [-0.2872145786821827, -0.2006106898581801, -0.49813992035268245]]	0.7542198133511179	0.42402727438272825	[[0.4744330905003511, -0.6249897323305152, 0.09348788636176872], [-0.5056007661838336, -0.36432617771814024, 0.34349038987776215], [-0.26663741691015025, -0.10946347118101325, -0.5614862398431653]]	[[0.07321756836318295, 0.013144474162063838, 0.06782923963827281], [0.024822634689118467, -0.048247151131474875, -0.0896292144000778], [0.08906561576453197, 0.13898433079660075, 0.05543885211688896]]	0.6763199746156238	[[0.6413923498781293, -0.6413923498781292, 0.0], [-0.7071067811865475, -0.7071067811865476, 0.0], [0.0, 0.0, -0.9070657599999998]]
4	[[0.8787972042104137, -0.3840163418041313, 0.28327887866788265], [-0.395223040501579, -0.9183905790867732, -0.018907472103605397], [0.2674214316928388, -0.09534250611366366, -0.9588511794847616]]	0.6495580904740902	0.35044190952591003	[[0.5708298338808855, -0.24944092169313703, 0.18400608749915134], [-0.25672032349956975, -0.5965480308609981, -0.012281501475310047], [0.17370575452224774, -0.06193049621220563, -0.6228295411949509]]	0.8244722966941408	0.28511240817582456	[[0.6533261828246969, -0.2662333913753226, 0.16629688613573243], [-0.31687178026206014, -0.8546366673920488, -0.034066348791806526], [0.1575196382812358, -0.05209056936790099, -0.7508042918395152]]	[[-0.07121776645905273, 0.050377443920011714, -0.0672587015645176], [0.008978667646718114, -0.09744907739011494, -0.018477661841866583], [-0.06296192369179428, 0.026516685620206447, 0.03974194229817189]]	0.4898377310231061	[[0.6413923498781293, -0.6413923498781292, 0.0], [-0.7071067811865475, -0.7071067811865476, 0.0], [0.0, 0.0, -0.9070657599999998]]
4	[[-0.3195682178843842, -0.5708200961323295, -0.7563336379995778], [0.910087742671785, 0.03735879733279218, -0.41272826520656647], [0.2638493031197415, -0.8202248094963509, 0.507557688474819]]	0.5914879152040448	0.40851208479595524	[[-0.18902073896190638, -0.33763318861788405, -0.4473622067390609], [0.5383059015656892, 0.022097277148903652, -0.24412378113281413], [0.15606367423033593, -0.4851530625676314, 0.3002142390017547]]	0.7323266665504544	0.4211948494653583	[[-0.24762790508580101, -0.373681050698228, -0.482822332250488], [0.7867184997645308, 0.03309915698121424, -0.22699161996020417], [0.18676150767187583, -0.48282233225048793, 0.2894903797349285]]	[[-0.013599577347060625, 0.04434572750237079, 0.0710609596657209], [0.12023697690527467, 0.005740313464156531, 0.07526029468967255], [-0.006462372953464812, 0.11785016830995633, -0.08220765034788965]]	0.7144058315026377	[[0.0, 0.0, -0.8227682929643773], [1.0, -1.7938038903913487e-16, 0.0], [-1.6428499327785183e-16, -0.8227682929643773, 0.0]]
4	[[0.22433838825039393, -0.7661379269479729, -0.6022499185961573], [-0.9416906372873723, -0.011392912655017143, -0.3362869982418849], [0.2507808429735371, 0.642575192824231, -0.724020780340167]]	0.536935902347038	0.463064097652962	[[0.12045533492630536, -0.41136695912809895, -0.32336960347985794], [-0.5056275120636524, -0.006117263836782544, -0.18056456284858324], [0.13465323821334702, 0.3450216909849004, -0.3887527510099542]]	0.7470793975223285	0.4263732157760508	[[0.2106552614023507, -0.49879925764616184, -0.36170361524589967], [-0.8128082753809417, 0.04573678212150134, -0.20613652007308733], [0.1696025927381512, 0.3617036152458996, -0.4164529311661139]]	[[0.043056673467116176, 0.07356660323713543, 0.08822489109678894], [-0.10929060142387396, 0.05424819244383592, 0.04509656796805238], [-0.01775060834066059, -0.11835107267202105, 0.12444807720406421]]	0.7314069523313674	[[1.6428499327785183e-16, -0.8227682929643773, 0.0], [-1.0, -1.7938038903913487e-16, 0.0], [0.0, 0.0, -0.8227682929643773]]
4	[[0.8489524140446696, -0.5135124485683378, 0.12483895166604869], [0.522794976890395, 0.7815435453534784, -0.34040431673891397], [0.0772347773085365, 0.35425224329800037, 0.9319550081910795]]	0.7487238697113837	0.2512761302886165	[[0.6356309366443458, -0.3844790276370537, 0.09346990298211635], [0.39142907816305, 0.5851603076250105, -0.25486883729521914], [0.05782752134274442, 0.2652371104560174, 0.6977769601297292]]	0.8771084203744033	0.20531925691613814	[[0.7079134273787132, -0.4526407709049104, 0.05266348080246139], [0.5041195948413619, 0.6686963089708611, -0.29571826930545064], [0.023632714029494007, 0.2631903728600866, 0.7913672437719212]]	[[-0.03670988347704335, -0.0022346782985435557, -0.056833814894543075], [0.045571718481354974, -0.016802115547939044, 0.002853223238046227], [-0.04411055949356525, -0.04752725267311127, -0.026058341322570625]]	0.4426369453490784	[[0.6734484984020679, -0.6734484984020678, 0.0], [0.7071067811865475, 0.7071067811865476, 0.0], [0.0, 0.0, 0.9523999999999999]]
4	[[0.08740825448676931, -0.06334395238859675, -0.994156597696443], [0.7119981850616444, -0.6940087028176986, 0.10681996481098455], [-0.6967197295301035, -0.717174639895393, -0.015561310176609944]]	0.7487183510759224	0.25128164892407767	[[0.06544416416975851, -0.0474267795830219, -0.7443432885385299], [0.5330861070884039, -0.5196170516060071, 0.0799780679152684], [-0.5216468470558419, -0.5369618138159471, -0.01165103849601237]]	0.8990738170623908	0.1710401570043639	[[0.05274518869752594, -0.05274518869752595, -0.8272835197931256], [0.6836596504455228, -0.6704644412382234, 0.09066095745767742], [-0.5984187645589325, -0.6093817760917758, 0.0]]	[[-0.025841284306654576, 0.004205700364308052, 0.0665366472555749], [0.04352072446065579, -0.04649938772139673, -0.005378076043404706], [0.027983702092374066, 0.03541116489932057, 0.013990766538976528]]	0.19288494594072308	[[0.0, 0.0, -0.8638894298239997], [0.7071067811865475, -0.7071067811865476, 0.0], [-0.6108620740239303, -0.6108620740239302, 0.0]]
4	[[0.034229894132735264, 0.2773841392786001, 0.9601491309293217], [-0.1827544195208179, -0.9427759796974285, 0.2788803941677556], [0.9825625356654255, -0.18501754344446375, 0.018422055382213542]]	0.8319592581998858	0.16804074180011405	[[0.028477877330931066, 0.23077230275063793, 0.7988049587292237], [-0.15204423129729042, -0.7843512047177436, 0.2320171258582977], [0.8174519983072064, -0.1539270581980212, 0.015326399530303594]]	0.9005787836829705	0.15142312817232398	[[0.009115455545590316, 0.22670932303958066, 0.8297055700146644], [-0.16616573162207368, -0.8256261738670535, 0.25480992435097377], [0.8613687418018573, -0.15404340959738333, 0.0]]	[[-0.021711260878065256, -0.02309694772488876, -0.034984366471925335], [-0.0015809787773281726, 0.0234178712143775, 0.003656158178349028], [-0.02350623146016716, 0.012579464637843008, -0.01659051222905419]]	0.35897860613714294	[[0.0, 0.0, 0.9523999999999999], [0.0, -1.0, 0.0], [0.9523999999999999, 0.0, 0.0]]
4	[[0.8592155572171323, 0.2624339665249735, -0.4391776855101157], [-0.4266000482917053, 0.8413623931712975, -0.33184593135155627], [0.2824199444684594, 0.4724804086637203, 0.8348660002631537]]	0.6480737292745936	0.35192627072540655	[[0.5568350304164548, 0.17007655937416347, -0.2846195204627253], [-0.2764682842051271, 0.5452648638139196, -0.2150606302756038], [0.18302894663319813, 0.3062021404518812, 0.5410547222351059]]	0.7755274402887032	0.3967046475392285	[[0.5281665229866362, 0.20845245870802845, -0.28330734097368315], [-0.33844667562636266, 0.7514148862351454, -0.26169087742880814], [0.240518906942487, 0.3293724006429355, 0.5208682771070268]]	[[-0.1381787187581983, 0.004927716404104485, 0.05728700530189408], [-0.007606632147659314, 0.09891526310383167, -0.00433525171751502], [0.02149449032238495, -0.03704912127459993, -0.12659321506112464]]	0.5522286213867696	[[0.5817850393003912, 0.41138414648218863, -0.4113841464821885], [-0.7071067811865475, 0.5000000000000001, -0.5], [0.0, 0.581785039300391, 0.5817850393003912]]
4	[[-0.8305561570912853, 0.32773595720904825, 0.4502950280316503], [-0.5100865793185324, -0.772219296347621, -0.37879947194723407], [0.22358030216652452, -0.5443036842615101, 0.808545204538665]]	0.5969417156373946	0.4030582843626053	[[-0.4957936173472733, 0.19563926457243297, 0.26879988657620196], [-0.30449195778201466, -0.46096991161005046, -0.22612120666672111], [0.13346440915801228, -0.32491757511082053, 0.48265436156769886]]	0.7649672018901578	0.3908146308742395	[[-0.5998323901645263, 0.23797852095406624, 0.196790577484007], [-0.568897980006933, -0.6239406076943028, -0.3032892694802734], [0.1760205981117906, -0.26651858214100027, 0.579407502603759]]	[[0.0355158293382367, -0.012728737190931911, -0.1476703501344148], [-0.17869847670391314, -0.03321817332167656, -0.013520097347328423], [0.0049889999657083016, 0.14985588418703114, -0.03910306011388899]]	0.6811653969142649	[[-0.6413923498781293, 0.6413923498781292, 0.0], [-0.7071067811865475, -0.7071067811865476, 0.0], [0.0, 0.0, 0.9070657599999998]]
4	[[-0.5446221603179724, 0.8109226453022452, -0.2139887049042392], [-0.8354447797583356, -0.5021691245819775, 0.22328947644507607], [0.07361197229480154, 0.30038414347728, 0.9509735242804028]]	0.6703551873352949	0.3296448126647051	[[-0.3650902903069073, 0.5436062018060196, -0.1434484383637184], [-0.5600447418431933, -0.3366316775831525, 0.1496832588123389], [0.049346167477802225, 0.20136406877326407, 0.637490035019895]]	0.8070501990467074	0.28708574874988496	[[-0.4817122417246861, 0.6198133728816956, -0.112884244203965], [-0.7351943174306924, -0.4064687234123344, 0.09644082465144019], [0.07513886667843461, 0.11709383019607265, 0.7459499174966796]]	[[-0.04217481883481877, -0.03464190942096377, 0.05981538268274839], [-0.060948441634195084, -0.001193031463338847, -0.0837649917585935], [0.015730309785694344, -0.12533125258774092, -0.02153345456196827]]	0.4102445007133639	[[-0.6413923498781293, 0.6413923498781292, 0.0], [-0.7071067811865475, -0.7071067811865476, 0.0], [0.0, 0.0, 0.9070657599999998]]
4	[[-0.42203838922340475, -0.825029846081567, 0.3757783270710803], [0.2588054115689476, 0.28760896992378115, 0.9221175843470338], [-0.8688517462515349, 0.4864224845687207, 0.09214016247897017]]	0.6500673361841558	0.34993266381584426	[[-0.27435337144991073, -0.5363249543146683, 0.24428121607483563], [0.16824094448866989, 0.1869651969410214, 0.5994385217050449], [-0.5648121402246874, 0.3162073688036669, 0.05989730997827944]]	0.8090131541717913	0.31574545697549256	[[-0.2590849029739668, -0.5636833899904105, 0.30921089815484115], [0.2657432533214276, 0.23642560934561965, 0.8276830571246101], [-0.6568697481382398, 0.3422797557041884, 0.024121627887712875]]	[[0.08234970547324197, 0.10377660807390564, 0.005201288501667512], [0.05636627099130475, 0.003746169419481653, 0.08167780169474342], [0.04604274360438334, -0.05124243279683184, -0.05042097558530013]]	0.5267174198746556	[[-0.4113841464821885, -0.41138414648218863, 0.5817850393003912], [0.5, 0.5000000000000001, 0.7071067811865475], [-0.5817850393003912, 0.581785039300391, 0.0]]
4	[[0.04673222253661188, -0.9725397674033924, -0.22799671093185395], [-0.8377629715199755, -0.16246744520517667, 0.5213036857710898], [-0.5440306084466285, 0.16664552219444034, -0.8223502702654952]]	0.5840899761336704	0.41591002386632936	[[0.027295822746083, -0.568050729531693, -0.13317059344674187], [-0.4893289540407754, -0.09489560619239, 0.3044882573804303], [-0.3177628251035775, 0.09733597908133369, -0.4803265497328906]]	0.7543092168874601	0.40245161470594026	[[-0.008995534752355204, -0.7953318432251879, -0.1234507920959731], [-0.6868696874057696, -0.1451108743918781, 0.2709577615371834], [-0.26831374206271924, 0.025189738643711466, -0.5787488969250916]]	[[-0.04424608093735753, -0.06173613288322231, 0.048529228379950246], [-0.05493735642122544, -0.02256018302945486, -0.12226641343735395], [0.14205356015746548, -0.10051251470057868, 0.04155749144606544]]	0.6491240392845662	[[1.7249579302588393e-16, -0.8638894298239997, 0.0], [-1.0, -1.7938038903913487e-16, 0.0], [0.0, 0.0, -0.8638894298239997]]
