4	[[0.8787972042104137, -0.3840163418041313, 0.28327887866788265], [-0.395223040501579, -0.9183905790867732, -0.018907472103605397], [0.2674214316928388, -0.09534250611366366, -0.9588511794847616]]	0.6318457490004143	0.3681542509995858	[[0.5552642777137987, -0.24263909311563048, 0.17898855526790583], [-0.24971999804794132, -0.5802811833180065, -0.011946605873006987], [0.1689690948067249, -0.0602417571869644, -0.6058460416814799]]	0.8156853656352708	0.2944590974555517	[[0.6446157992163023, -0.2658321273160497, 0.1609187078298085], [-0.32001493664426295, -0.8540860662600626, -0.03225246112990328], [0.1532559776958905, -0.04715560972513269, -0.7428573087088969]]	[[-0.0722062196193228, 0.04740438285837233, -0.07014772789315285], [0.0023627136547509702, -0.10496831096167991, -0.016829912833835232], [-0.06487577059319032, 0.030613877234774083, 0.03926356621894161]]	0.49546016261664955	[[0.6282606698447142, -0.6282606698447141, 0.0], [-0.7071067811865475, -0.7071067811865476, 0.0], [0.0, 0.0, -0.8884947600000002]]
4	[[0.22433838825039393, -0.7661379269479729, -0.6022499185961573], [-0.9416906372873723, -0.011392912655017143, -0.3362869982418849], [0.2507808429735371, 0.642575192824231, -0.724020780340167]]	0.5162917892350044	0.4837082107649957	[[0.11582406786389299, -0.39555072110476597, -0.3109366880386458], [-0.486187144030949, -0.005882067259256933, -0.1736222160187715], [0.12947609012467015, 0.3317562960212502, -0.373805984125149]]	0.7314594246854212	0.4462036442167185	[[0.20670002040993535, -0.47596892974992544, -0.35394374432907066], [-0.8104730692366368, 0.04575670022470997, -0.2084799765658781], [0.1645788757289407, 0.35394374432907066, -0.39700800581757556]]	[[0.04260559200544745, 0.08442987752512007, 0.08657763464411636], [-0.12166457745476758, 0.054090153560840085, 0.03750031769731832], [-0.01885713539460772, -0.11607393653126499, 0.1325838176303329]]	0.7315509491679649	[[1.5762681092800238e-16, -0.7894229385474579, 0.0], [-1.0, -1.7938038903913487e-16, 0.0], [0.0, 0.0, -0.7894229385474579]]
4	[[0.5319609947059123, -0.8460851799387872, 0.03402011756955908], [-0.703274286200726, -0.4190807785627857, 0.5742617690636116], [-0.47161719485230363, -0.3294103357928521, -0.8179645788128509]]	0.5925217217817013	0.40747827821829874	[[0.31519844450385376, -0.5013238475913107, 0.020157658637531023], [-0.41670529094445113, -0.24831446447963762, 0.34026257215897693], [-0.27944343231574303, -0.1951827793366691, -0.4846617805946345]]	0.7416800712539818	0.43880849829505497	[[0.4609653254989356, -0.6108038713145472, 0.08867515470804813], [-0.5068524140096836, -0.3612566135157563, 0.34076950735129774], [-0.25854232409306255, -0.10436740061362983, -0.5475360144906932]]	[[0.06642045704111542, 0.016720645229390346, 0.06344311148498871], [0.014752108690764022, -0.050432751810135235, -0.0851490024462393], [0.09124675058959704, 0.1399496807090108, 0.059132012606455384]]	0.6832792398934574	[[0.6282606698447142, -0.6282606698447141, 0.0], [-0.7071067811865475, -0.7071067811865476, 0.0], [0.0, 0.0, -0.8884947600000002]]
4	[[0.8592155572171323, 0.2624339665249735, -0.4391776855101157], [-0.4266000482917053, 0.8413623931712975, -0.33184593135155627], [0.2824199444684594, 0.4724804086637203, 0.8348660002631537]]	0.619860157074029	0.38013984292597097	[[0.532593490257061, 0.16267235971173052, -0.2722287491237088], [-0.2644323729418848, 0.5215270251873415, -0.2056980711319531], [0.17506087113905774, 0.29287178032869504, 0.5175001700588848]]	0.7659628203072657	0.41704683683940635	[[0.499660661976964, 0.20319247476725436, -0.29296167876010104], [-0.35626906567741456, 0.7487461051781532, -0.25031149480055115], [0.24415151085554637, 0.32747283491895246, 0.4969922191700726]]	[[-0.15846650948094948, 0.0021778136233630858, 0.0434320998492446], [-0.029509289544684132, 0.10429379360419569, 0.003870150684978166], [0.027828333679463767, -0.03442959144104024, -0.14248409697013906]]	0.568092327738135	[[0.5582063130711187, 0.39471146927372897, -0.39471146927372885], [-0.7071067811865475, 0.5000000000000001, -0.5], [0.0, 0.5582063130711187, 0.5582063130711187]]
4	[[0.08740825448676931, -0.06334395238859675, -0.994156597696443], [0.7119981850616444, -0.6940087028176986, 0.10681996481098455], [-0.6967197295301035, -0.717174639895393, -0.015561310176609944]]	0.7112961579682008	0.2887038420317993	[[0.06217315559114575, -0.0450563099645295, -0.7071397683602182], [0.5064415735146796, -0.4936457239107237, 0.0759806305643517], [-0.4955740667954067, -0.510123565949821, -0.011068700141574118]]	0.8787904477738228	0.19768506311582412	[[0.05012668152136079, -0.04163278086292652, -0.8020266623633999], [0.6808050988955455, -0.6700454664555977, 0.08979956039116736], [-0.5758694534638706, -0.5878816429724781, 0.0]]	[[-0.02668685757819546, 0.014033279420412118, 0.07162865928355741], [0.0551078950310739, -0.06015724774750243, -0.00407280431626173], [0.03640118962274568, 0.04236457995322453, 0.013675130738050397]]	0.2131288096047831	[[0.0, 0.0, -0.8374951607760003], [0.7071067811865475, -0.7071067811865476, 0.0], [-0.5921985073956277, -0.5921985073956276, 0.0]]
4	[[-0.5446221603179724, 0.8109226453022452, -0.2139887049042392], [-0.8354447797583356, -0.5021691245819775, 0.22328947644507607], [0.07361197229480154, 0.30038414347728, 0.9509735242804028]]	0.6505335740811667	0.34946642591883326	[[-0.35429500047545676, 0.5275324067518239, -0.13920683701435482], [-0.5434848785236432, -0.3266778754075247, 0.14525730116652782], [0.04788705943210109, 0.19540997045358494, 0.6186402056066937]]	0.7956924812948605	0.3014885570265624	[[-0.47225841273332103, 0.6102758922843592, -0.10577287831195444], [-0.734627809043622, -0.4055598558513246, 0.09738379830868188], [0.0738940234038297, 0.10875585913587738, 0.7332332994930296]]	[[-0.03890665462174624, -0.03496915949437651, 0.0644963252623734], [-0.06987067925287353, -0.00598765908302295, -0.080285959250931], [0.015321530515570534, -0.13025754532919095, -0.023449183687362433]]	0.41753270210723725	[[-0.6282606698447142, 0.6282606698447141, 0.0], [-0.7071067811865475, -0.7071067811865476, 0.0], [0.0, 0.0, 0.8884947600000002]]
4	[[-0.3195682178843842, -0.5708200961323295, -0.7563336379995778], [0.910087742671785, 0.03735879733279218, -0.41272826520656647], [0.2638493031197415, -0.8202248094963509, 0.507557688474819]]	0.5663139142525424	0.4336860857474577	[[-0.18097592834081488, -0.3232633629747121, -0.42832226301640625], [0.5153953518657193, 0.021156806749301, -0.23373375939179208], [0.14942153162254632, -0.4645047224329244, 0.28743698126914724]]	0.7183449097142307	0.44011769522419875	[[-0.23498230264889183, -0.3601802959548761, -0.46646688826562765], [0.7907409857080075, 0.03348900172327762, -0.22313061299610998], [0.17614442419128482, -0.46646688826562765, 0.28136872843842164]]	[[-0.005422100025196278, 0.049865414464370664, 0.07684153063701468], [0.13698408836641598, 0.006652499826220674, 0.07335063541021203], [-0.01339037963642862, 0.12273742845740067, -0.08323275346378585]]	0.7181278519493042	[[0.0, 0.0, -0.7894229385474579], [1.0, 1.7938038903913487e-16, 0.0], [1.5762681092800238e-16, -0.7894229385474579, 0.0]]
4	[[-0.30792515101507295, 0.09349718223056193, 0.9468053539599837], [0.3027085282091916, -0.9338174967034747, 0.1906631317268273], [0.9019698710720718, 0.34531602882779927, 0.2592434992682147]]	0.6539738578811934	0.34602614211880667	[[-0.2013749989479763, 0.061144712964341555, 0.6191859499917794], [0.19796346400650308, -0.61069223087613, 0.1246887038111034], [0.5898647162776056, 0.22582765556072926, 0.16953847134705471]]	0.8188990302341735	0.290756679543561	[[-0.22065042170998694, 0.07100098250492451, 0.7208981732837888], [0.24996943329387555, -0.8467975954064344, 0.11989388966408043], [0.6601032550136493, 0.24718246861141369, 0.14964943920506243]]	[[0.03150918584096773, -0.0055637693533104795, -0.054439812894565356], [0.0020817130997546097, -0.08209535294025555, -0.036239964008428945], [-0.07851899770771284, -0.03559649251998705, -0.0626448109401923]]	0.4769632976410266	[[0.0, 0.0, 0.9426000000000001], [0.0, -1.0, 0.0], [0.9426000000000001, 0.0, 0.0]]
4	[[-0.8305561570912853, 0.32773595720904825, 0.4502950280316503], [-0.5100865793185324, -0.772219296347621, -0.37879947194723407], [0.22358030216652452, -0.5443036842615101, 0.808545204538665]]	0.5780899524348968	0.42191004756510325	[[-0.4801361693474117, 0.18946086391418407, 0.2603110313364872], [-0.29487592637592963, -0.44641221629490563, -0.21898016872034057], [0.12924952624482605, -0.31465649094487547, 0.4674118588332207]]	0.7521700513711704	0.40223941237948757	[[-0.5883602037640727, 0.23211906424487488, 0.19440949214690634], [-0.56978888623436, -0.6224900610382916, -0.2920735689202201], [0.1667631190916253, -0.2515932807548264, 0.5688422164991372]]	[[0.036359263581921236, -0.014394107525234637, -0.14428894221984262], [-0.1861170376645948, -0.04164983323469253, -0.007151950646296881], [-0.001407288274551206, 0.157815649397671, -0.03932127153462377]]	0.6821944610627559	[[-0.6282606698447142, 0.6282606698447141, 0.0], [-0.7071067811865475, -0.7071067811865476, 0.0], [0.0, 0.0, 0.8884947600000002]]
4	[[0.034229894132735264, 0.2773841392786001, 0.9601491309293217], [-0.1827544195208179, -0.9427759796974285, 0.2788803941677556], [0.9825625356654255, -0.18501754344446375, 0.018422055382213542]]	0.8125239479580142	0.18747605204198592	[[0.027812608718914923, 0.22538125594758382, 0.7801441624911487], [-0.14849234245583012, -0.7660280610637393, 0.22659699887727192], [0.7983555905945086, -0.15033118484098917, 0.014968361168657327]]	0.8923532870692724	0.1647579623414485	[[0.009146995530231771, 0.22241090838335012, 0.8163195059993189], [-0.1667516472715757, -0.8251083458833149, 0.25547415604278984], [0.8473068033285819, -0.15138976451334396, 0.0]]	[[-0.021398163015147745, -0.02511374008278954, -0.04047272706216647], [-0.003670140285737103, 0.01618089856963901, 0.006614319608018735], [-0.029486105123579687, 0.01371124854480519, -0.01643898167489044]]	0.36342290723644627	[[0.0, 0.0, 0.9426000000000001], [0.0, -1.0, 0.0], [0.9426000000000001, 0.0, 0.0]]
4	[[0.8489524140446696, -0.5135124485683378, 0.12483895166604869], [0.522794976890395, 0.7815435453534784, -0.34040431673891397], [0.0772347773085365, 0.35425224329800037, 0.9319550081910795]]	0.7227629684906779	0.2772370315093222	[[0.6135913668822526, -0.37114778168416823, 0.09022897128941759], [0.3778568494093172, 0.5648707328444087, -0.24603163445325837], [0.05582243691823428, 0.25604040296054453, 0.6735825682199386]]	0.8676649892376439	0.22224535325284428	[[0.6936922163133316, -0.4350513774011344, 0.05429506615283522], [0.49598457806336604, 0.6668808004342135, -0.30823631141522523], [0.02236903858948607, 0.26613789190816883, 0.7691361132167052]]	[[-0.04291407088200835, 0.01050539575930851, -0.05402332150092565], [0.042373680066267225, -0.01123717143366218, -0.01287940359550794], [-0.04464487363269708, -0.041234376960401824, -0.03948861893537606]]	0.4461358361913752	[[0.6665188519464398, -0.6665188519464397, 0.0], [0.7071067811865475, 0.7071067811865476, 0.0], [0.0, 0.0, 0.9426000000000001]]
4	[[-0.42203838922340475, -0.825029846081567, 0.3757783270710803], [0.2588054115689476, 0.28760896992378115, 0.9221175843470338], [-0.8688517462515349, 0.4864224845687207, 0.09214016247897017]]	0.6170449691585069	0.3829550308414932	[[-0.2604166648620618, -0.5090805159302482, 0.23187212623801007], [0.15969457719961594, 0.17746766797632949, 0.5689880163939323], [-0.5361205989690933, 0.30014454698871057, 0.05685462371509596]]	0.7922060254320611	0.34313437070426117	[[-0.25266958808708806, -0.5367533504603699, 0.3004401665796363], [0.26911211817606084, 0.23958637798099358, 0.8247380477765461], [-0.627758836620076, 0.3340204616844045, 0.023308296587578874]]	[[0.08167176681933462, 0.11684026476673351, 0.002746311647146689], [0.06408491171671615, 0.011740819039065702, 0.09423094129996903], [0.06055075196755827, -0.05132636149656974, -0.049685695312550404]]	0.5399954867575683	[[-0.39471146927372885, -0.39471146927372897, 0.5582063130711187], [0.5, 0.5000000000000001, 0.7071067811865475], [-0.5582063130711187, 0.5582063130711187, 0.0]]
4	[[0.3802729664721569, 0.7767473726770865, -0.5020517802076895], [0.4287143634067757, 0.332951791095048, 0.839849450446521], [0.8195098935212374, -0.5346088512602871, -0.20639019011321075]]	0.6233227474512737	0.3766772525487265	[[0.2370327902428709, 0.4841643064126399, -0.31294029500185994], [0.26722741487053525, 0.20753642519418786, 0.5234972668977679], [0.5108191583931584, -0.33323385797933147, -0.1286477003483572]]	0.7918804516126784	0.32260445564626467	[[0.3429540403044239, 0.4988670907792461, -0.3970400273699647], [0.40567401652142576, 0.30560426549144637, 0.7209114149641994], [0.5707016976810957, -0.4147886472062735, -0.06286988881328864]]	[[0.04182331187835926, -0.11622396948524652, 0.0005249630738494993], [0.0661834928140263, 0.041946250793849595, 0.05585105285794858], [-0.07825216690155973, 0.008557651365857852, 0.10056646814198722]]	0.4222083805357985	[[0.39471146927372885, 0.39471146927372897, -0.5582063130711187], [0.5, 0.5000000000000001, 0.7071067811865475], [0.5582063130711187, -0.5582063130711187, 0.0]]
4	[[0.04673222253661188, -0.9725397674033924, -0.22799671093185395], [-0.8377629715199755, -0.16246744520517667, 0.5213036857710898], [-0.5440306084466285, 0.16664552219444034, -0.8223502702654952]]	0.5700213750441895	0.4299786249558105	[[0.026638365749190537, -0.554368455500438, -0.12996299867092792], [-0.47754280098692253, -0.09260991651577122, 0.29715424377884064], [-0.31010907549287425, 0.09499150970623185, -0.46875723182469836]]	0.7405819222376697	0.41992816214483164	[[-0.01285389812550762, -0.7654245064263498, -0.1267024213337689], [-0.6800707503920566, -0.1512649425914625, 0.2788164830721603], [-0.26616669109755864, 0.02903227910230779, -0.5513965692985551]]	[[-0.0474629373221103, -0.04517913603016927, 0.0421478211120098], [-0.05963863856425097, -0.030944489720369433, -0.10725160260577554], [0.13673254266197446, -0.09438238205675106, 0.05762117460733254]]	0.658758109915461	[[1.6722555795459618e-16, -0.8374951607760003, 0.0], [-1.0, -1.7938038903913487e-16, 0.0], [0.0, 0.0, -0.8374951607760003]]
