4	[[-0.42203838922340475, -0.825029846081567, 0.3757783270710803], [0.2588054115689476, 0.28760896992378115, 0.9221175843470338], [-0.8688517462515349, 0.4864224845687207, 0.09214016247897017]]	0.68318782328423	0.31681217671577	[[-0.28833148847592055, -0.5636503446889891, 0.25672717730908085], [0.17681270578396857, 0.19649094611924767, 0.6299795052621625], [-0.5935889332782883, 0.33231791842901126, 0.0629490370410629]]	0.824514390837732	0.28990897002140065	[[-0.26555305115930505, -0.5894699907518886, 0.31680388228719386], [0.26199782051577336, 0.23447545974599115, 0.8294665868620557], [-0.6856807916365336, 0.35201647385308904, 0.023532252625956582]]	[[0.08242367424136815, 0.09077899021300251, 0.0069692438521599415], [0.048609034250494024, -0.0026622748901828897, 0.06916736852340002], [0.03069997665235046, -0.04904586470086591, -0.05243863731208115]]	0.5149254966692307	[[-0.4275115209555967, -0.4275115209555968, 0.6045925910061547], [0.5, 0.5000000000000001, 0.7071067811865475], [-0.6045925910061547, 0.6045925910061546, 0.0]]
4	[[0.5319609947059123, -0.8460851799387872, 0.03402011756955908], [-0.703274286200726, -0.4190807785627857, 0.5742617690636116], [-0.47161719485230363, -0.3294103357928521, -0.8179645788128509]]	0.6251546713520744	0.37484532864792564	[[0.3325579008174972, -0.5289341026004933, 0.0212678354185566], [-0.43965520526017954, -0.26199030639238974, 0.35900242750902295], [-0.29483369245187907, -0.20593241021255695, -0.5113543774453858]]	0.7645729268708974	0.40961013243015754	[[0.48750336885501183, -0.6424246309500361, 0.09646559001645015], [-0.5092063475812968, -0.36801924444029704, 0.3383550901572328], [-0.2735966791350341, -0.11217030931378946, -0.5772635666235418]]	[[0.08078039415155858, 0.004469191457852201, 0.07045472915380036], [0.02849813181223329, -0.047601426979213476, -0.10070991140579202], [0.08698905989583394, 0.13968791526487656, 0.04813000547612045]]	0.6698411384690401	[[0.6538436517666871, -0.6538436517666871, 0.0], [-0.7071067811865475, -0.7071067811865476, 0.0], [0.0, 0.0, -0.92467456]]
4	[[0.8489524140446696, -0.5135124485683378, 0.12483895166604869], [0.522794976890395, 0.7815435453534784, -0.34040431673891397], [0.0772347773085365, 0.35425224329800037, 0.9319550081910795]]	0.7721486562938703	0.2278513437061299	[[0.655517465762029, -0.3965079471522172, 0.09639422878207492], [0.4036754389231036, 0.6034677983798357, -0.26284273576658546], [0.059636729517942765, 0.2735353936516402, 0.7196078073010846]]	0.8866108318981288	0.18944780769892325	[[0.7210962865857056, -0.46209841781829974, 0.055693557969999356], [0.5069755957098597, 0.6676165348852154, -0.2954690736788179], [0.02582253320997526, 0.27141200208524985, 0.8052062437475043]]	[[-0.03159411947236372, -0.006812718603080638, -0.05499000881992637], [0.043459906336903484, -0.02530843802524501, 0.006337080766784784], [-0.042654656951013004, -0.042671874046968546, -0.021075161356416093]]	0.43943651448567106	[[0.6799538807889841, -0.679953880788984, 0.0], [0.7071067811865475, 0.7071067811865476, 0.0], [0.0, 0.0, 0.9616]]
4	[[0.8592155572171323, 0.2624339665249735, -0.4391776855101157], [-0.4266000482917053, 0.8413623931712975, -0.33184593135155627], [0.2824199444684594, 0.4724804086637203, 0.8348660002631537]]	0.6734678296122996	0.32653217038770044	[[0.5786540364881447, 0.17674083385212083, -0.2957720426746507], [-0.28730140863551695, 0.5666305048464839, -0.22348755915300475], [0.19020074704039952, 0.31820035535708807, 0.5622553932143277]]	0.7847047263657034	0.38205550087380785	[[0.5475578336336202, 0.20579495994793798, -0.2838454480652362], [-0.3246629661347127, 0.7529428943930576, -0.2717856489022097], [0.2430925289472024, 0.34004909558199836, 0.5327008689673493]]	[[-0.12667267508160496, -0.0001382139431075763, 0.06077935746890218], [0.010092108027625779, 0.0927218478851812, -0.01138457814541477], [0.02147626370286279, -0.03070851421162202, -0.12242242732117806]]	0.5374817101366972	[[0.6045925910061547, 0.4275115209555968, -0.4275115209555967], [-0.7071067811865475, 0.5000000000000001, -0.5], [0.0, 0.6045925910061546, 0.6045925910061547]]
4	[[0.22433838825039393, -0.7661379269479729, -0.6022499185961573], [-0.9416906372873723, -0.011392912655017143, -0.3362869982418849], [0.2507808429735371, 0.642575192824231, -0.724020780340167]]	0.5573935608611525	0.44260643913884745	[[0.12504477306473888, -0.4270403472123122, -0.3356902266546513], [-0.5248922975472166, -0.006350336153360163, -0.18744420742135237], [0.13978362706078132, 0.35816727484933986, -0.4035645208912761]]	0.7605982806423922	0.40838155182455926	[[0.20649100189286962, -0.5175126416333711, -0.37465155151295815], [-0.8188051298150091, 0.0533725463283173, -0.20330250273256623], [0.17382832431455753, 0.3746515515129581, -0.42921569081084854]]	[[0.03585960950753448, 0.06521054833818375, 0.08341870108829975], [-0.10255685019719518, 0.0620379761052324, 0.05247680993260257], [-0.016915153669164462, -0.11409003533260566, 0.12147326986524569]]	0.7325706856382573	[[1.7072541065807768e-16, -0.8550230419111936, 0.0], [-1.0, -1.7938038903913487e-16, 0.0], [0.0, 0.0, -0.8550230419111936]]
4	[[-0.30792515101507295, 0.09349718223056193, 0.9468053539599837], [0.3027085282091916, -0.9338174967034747, 0.1906631317268273], [0.9019698710720718, 0.34531602882779927, 0.2592434992682147]]	0.691502445030057	0.30849755496994313	[[-0.2129309948131724, 0.06465353011585435, 0.6547182172308773], [0.20932368738810594, -0.6457370821823, 0.1318440217661889], [0.6237143711897829, 0.23878687824249284, 0.1792675136021183]]	0.8350065612717283	0.2763713208063862	[[-0.24072443387415243, 0.07446407758769634, 0.7311113517779146], [0.24606395217789268, -0.849019773124577, 0.1184345591949205], [0.6689414616025673, 0.2553995004666918, 0.16626035628645613]]	[[0.01639508760402136, -0.003606683035241331, -0.059477331025873076], [-0.006699655029690381, -0.0692760363468351, -0.040770406789596134], [-0.08420929881202756, -0.03294164931681782, -0.05020966656954566]]	0.4728816293604008	[[0.0, 0.0, 0.9616], [0.0, -1.0, 0.0], [0.9616, 0.0, 0.0]]
4	[[0.8787972042104137, -0.3840163418041313, 0.28327887866788265], [-0.395223040501579, -0.9183905790867732, -0.018907472103605397], [0.2674214316928388, -0.09534250611366366, -0.9588511794847616]]	0.6664032829170157	0.3335967170829844	[[0.5856333419041148, -0.2559097508720558, 0.18877797472532798], [-0.2633779316746969, -0.6120184969034848, -0.01260000148150453], [0.17821052000247625, -0.06353655907568109, -0.6389815738374979]]	0.8319329620948638	0.265350579613786	[[0.681752108036912, -0.305227247384274, 0.13330696800152186], [-0.35776401927916723, -0.8404739824203497, -0.027365855912993144], [0.12270805491225512, -0.05089255050189182, -0.7976999019569117]]	[[-0.04934825314254232, 0.014248605345670651, -0.10236206862756127], [-0.028964944506550194, -0.07643458760067318, -0.011636106640114711], [-0.09976864888361751, 0.028426023022796055, 0.0]]	0.4848902944179597	[[0.6538436517666871, -0.6538436517666871, 0.0], [-0.7071067811865475, -0.7071067811865476, 0.0], [0.0, 0.0, -0.92467456]]
4	[[0.034229894132735264, 0.2773841392786001, 0.9601491309293217], [-0.1827544195208179, -0.9427759796974285, 0.2788803941677556], [0.9825625356654255, -0.18501754344446375, 0.018422055382213542]]	0.847823624811264	0.15217637518873603	[[0.029020912920521422, 0.23517282642833526, 0.8140371165438826], [-0.15494351440841828, -0.7993077484920644, 0.2364413866721007], [0.8330397305916081, -0.15686224433676077, 0.015618653770622142]]	0.9081486906484515	0.13943531623995292	[[0.009083413648502294, 0.23078670438473325, 0.8423302628349877], [-0.16563029204159985, -0.8260961711575617, 0.2542106900984236], [0.8746369817502967, -0.15655385854947335, 0.0]]	[[-0.022002419889176346, -0.021119338507775115, -0.029627913245724384], [0.00033789475644868325, 0.03008460037946892, 0.0009458252874523015], [-0.017675898494482083, 0.011469581276609417, -0.016729965474410486]]	0.35487109370458025	[[0.0, 0.0, 0.9616], [0.0, -1.0, 0.0], [0.9616, 0.0, 0.0]]
4	[[0.3802729664721569, 0.7767473726770865, -0.5020517802076895], [0.4287143634067757, 0.332951791095048, 0.839849450446521], [0.8195098935212374, -0.5346088512602871, -0.20639019011321075]]	0.6788853161039968	0.32111468389600334	[[0.2581617330492549, 0.5273223856328328, -0.34083558150687154], [0.29104788611973265, 0.22603608194495353, 0.5701614596461546], [0.556353233113518, -0.3629380989798346, -0.14011526945577105]]	0.8241834546649291	0.2801598346029142	[[0.3471396771638279, 0.5499987846789864, -0.42081136486813037], [0.407040999081645, 0.2943922779043221, 0.7149002750842345], [0.6188613263880357, -0.4208113648681303, -0.0749274206100261]]	[[0.03372498994112487, -0.09018354833592178, -0.007028594235879215], [0.05370171398457268, 0.01997892048272973, 0.022710253616778447], [-0.056565168786385775, 0.01980440505802238, 0.09517595928643148]]	0.39584448836235253	[[0.4275115209555967, 0.4275115209555968, -0.6045925910061547], [0.5, 0.5000000000000001, 0.7071067811865475], [0.6045925910061547, -0.6045925910061546, 0.0]]
4	[[-0.8305561570912853, 0.32773595720904825, 0.4502950280316503], [-0.5100865793185324, -0.772219296347621, -0.37879947194723407], [0.22358030216652452, -0.5443036842615101, 0.808545204538665]]	0.615489374724448	0.384510625275552	[[-0.5111984898016556, 0.20171799937731555, 0.27715180524472816], [-0.31395286976009606, -0.4752927718591505, -0.23314705013475417], [0.13761130038117736, -0.3350131342863303, 0.4976509823779538]]	0.7770438742838994	0.3763227744260365	[[-0.6163600925123672, 0.2448504767356687, 0.19795885374588945], [-0.5660853445293687, -0.6262344972873641, -0.30441277847008436], [0.17870159859154805, -0.27511869748905265, 0.5958459687084057]]	[[0.02901848160419196, -0.009814741196192408, -0.15194013940660125], [-0.1697256927154747, -0.026186223456621957, -0.010068969211510296], [0.004969894382506939, 0.1478291461165115, -0.032429129559986745]]	0.6802098878010876	[[-0.8550230419111936, 0.0, 0.0], [0.0, -0.7071067811865476, -0.7071067811865475], [0.0, -0.6045925910061546, 0.6045925910061547]]
4	[[-0.5446221603179724, 0.8109226453022452, -0.2139887049042392], [-0.8354447797583356, -0.5021691245819775, 0.22328947644507607], [0.07361197229480154, 0.30038414347728, 0.9509735242804028]]	0.6888639768502111	0.31113602314978905	[[-0.3751705872373916, 0.5586153983607978, -0.1474091102613605], [-0.5755078134230757, -0.34592622021093006, 0.1538160767327566], [0.050708635978784534, 0.20692381565850348, 0.655091403815059]]	0.8176080543669044	0.2733919239888341	[[-0.490618921541237, 0.6286865435863175, -0.11987429231346527], [-0.7356815860666711, -0.4072429097777325, 0.09563287752310938], [0.07624086483613664, 0.12540174132385823, 0.757956234354853]]	[[-0.0453314566785592, -0.03433034268131461, 0.05508459635978338], [-0.05261520515747128, 0.003334611134869686, -0.08693039687375399], [0.0160551233900735, -0.12019475378726976, -0.019567378586485322]]	0.4037111646541365	[[-0.6538436517666871, 0.6538436517666871, 0.0], [-0.7071067811865475, -0.7071067811865476, 0.0], [0.0, 0.0, 0.92467456]]
4	[[-0.3195682178843842, -0.5708200961323295, -0.7563336379995778], [0.910087742671785, 0.03735879733279218, -0.41272826520656647], [0.2638493031197415, -0.8202248094963509, 0.507557688474819]]	0.6120850183178446	0.38791498168215544	[[-0.19560291849756428, -0.34939042899735073, -0.46294048866937354], [0.5570510726441054, 0.022866760149774717, -0.2526247877692534], [0.16149820553319744, -0.5020473175453246, 0.3106684570474724]]	0.745472032787781	0.40429922017391334	[[-0.26792155817806135, -0.3861351953979081, -0.4970786405460508], [0.7783025172011104, 0.027442307499913277, -0.2330644587481663], [0.19927548248024304, -0.4970786405460507, 0.29783645596715025]]	[[-0.02969238917742093, 0.03939522202197617, 0.06674693403927218], [0.099857557656332, -0.0004076310902700192, 0.07461292010434711], [0.002583206133930078, 0.11437601553216435, -0.08053360581724042]]	0.7120002624356773	[[0.0, 0.0, -0.8550230419111936], [1.0, -1.7938038903913487e-16, 0.0], [-1.7072541065807768e-16, -0.8550230419111936, 0.0]]
4	[[0.04673222253661188, -0.9725397674033924, -0.22799671093185395], [-0.8377629715199755, -0.16246744520517667, 0.5213036857710898], [-0.5440306084466285, 0.16664552219444034, -0.8223502702654952]]	0.5952650352181109	0.404734964781889	[[0.027818058094076885, -0.578918918894394, -0.13571847016246347], [-0.4986910047462675, -0.09671118949185595, 0.3103138568698588], [-0.3238423992967126, 0.099198252638014, -0.48951636259121306]]	0.767503281374475	0.3836541864166155	[[-0.010722041541628079, -0.8134105491624432, -0.1292684421404296], [-0.688242661314072, -0.1505957897771428, 0.27403589076050483], [-0.2765259605178618, 0.035990283647755444, -0.5921630719897645]]	[[-0.04658917568439999, -0.06698308641317066, 0.04571978164235594], [-0.04525683165845993, -0.025901492465641926, -0.12606639866141484], [0.14101931663307776, -0.09191070146284042, 0.03899345887818942]]	0.6402753444878896	[[1.7754306432828377e-16, -0.8891670568960001, 0.0], [-1.0, -1.7938038903913487e-16, 0.0], [0.0, 0.0, -0.8891670568960001]]
4	[[0.08740825448676931, -0.06334395238859675, -0.994156597696443], [0.7119981850616444, -0.6940087028176986, 0.10681996481098455], [-0.6967197295301035, -0.717174639895393, -0.015561310176609944]]	0.7870737537676101	0.2129262462323899	[[0.06879674296917607, -0.049856362384969606, -0.7824745651817753], [0.5603950841921939, -0.546236034874116, 0.08407519068110562], [-0.5483698128452127, -0.5644693359294012, -0.0122478988142465]]	0.9137250108382322	0.1461035295952022	[[0.05456281271623537, -0.054562812716235386, -0.852432561877876], [0.684230291327017, -0.6720882731764586, 0.0902472400884581], [-0.6180205278226654, -0.6284022331166967, 0.0]]	[[-0.02530429556203888, 0.0033161408665716282, 0.05595318612720636], [0.03365974196476461, -0.03795516367252966, -0.0073568334161983415], [0.018589714593438597, 0.026898172494626508, 0.014218758309780016]]	0.17449004668656237	[[0.0, 0.0, -0.8891670568960001], [0.7071067811865475, -0.7071067811865476, 0.0], [-0.6287360555388464, -0.6287360555388463, 0.0]]
