4	[[0.5319609947059123, -0.8460851799387872, 0.03402011756955908], [-0.703274286200726, -0.4190807785627857, 0.5742617690636116], [-0.47161719485230363, -0.3294103357928521, -0.8179645788128509]]	0.5855812125773996	0.41441878742260035	[[0.3115063643237678, -0.4954515856123225, 0.019921541698408117], [-0.41182420928792646, -0.24540583047867676, 0.33627690306511226], [-0.2761701688339637, -0.19289650386910673, -0.47898468990659115]]	0.7374989899104439	0.4462768903732232	[[0.45747322480746433, -0.6004891257353754, 0.09249613534956234], [-0.5094728552791459, -0.3569266087663523, 0.34268330259799534], [-0.25321486969544715, -0.10501392890562733, -0.5419509100396446]]	[[0.0651525285400989, 0.02349783984767638, 0.06740633300537796], [0.009191220423878092, -0.04785495788541545, -0.08083417203060288], [0.09460233513252381, 0.1379258610076613, 0.06129714061735467]]	0.6862793979497228	[[0.622674384851984, -0.6226743848519839, 0.0], [-0.7071067811865475, -0.7071067811865476, 0.0], [0.0, 0.0, -0.8805945599999998]]
4	[[0.08740825448676931, -0.06334395238859675, -0.994156597696443], [0.7119981850616444, -0.6940087028176986, 0.10681996481098455], [-0.6967197295301035, -0.717174639895393, -0.015561310176609944]]	0.6961164159549715	0.30388358404502863	[[0.060846320838209914, -0.04409476510917233, -0.6920487276864363], [0.4956336247515564, -0.4831108508470155, 0.07435913105665873], [-0.4849980410456128, -0.4992370399377783, -0.010832483467705337]]	0.8753154233877153	0.20778008141859994	[[0.05057524194536875, -0.05057524194536876, -0.790195408949588], [0.678636015493178, -0.6654089599464671, 0.09223610827593696], [-0.5676013100787487, -0.5784198350776881, 0.0]]	[[-0.02593455133829889, 0.004870696558707093, 0.08000519427676471], [0.05541302268465962, -0.057932438404834044, -0.0012650544488508296], [0.04224821495746849, 0.049334188485280026, 0.013621054805706898]]	0.2219555688988787	[[0.0, 0.0, -0.8263499351039998], [0.7071067811865475, -0.7071067811865476, 0.0], [-0.5843176427451018, -0.5843176427451017, 0.0]]
4	[[-0.30792515101507295, 0.09349718223056193, 0.9468053539599837], [0.3027085282091916, -0.9338174967034747, 0.1906631317268273], [0.9019698710720718, 0.34531602882779927, 0.2592434992682147]]	0.6456168317704146	0.3543831682295855	[[-0.19880166042077793, 0.06036335457115651, 0.6112734729269108], [0.1954337209323035, -0.6028882936734772, 0.12309532704089948], [0.5823269305139203, 0.222941840491345, 0.1673719666546206]]	0.8153266416129663	0.29383401594184577	[[-0.21590451808463498, 0.07041139457932856, 0.7190150641373284], [0.2509672009252913, -0.8461324544218386, 0.12050191441856614], [0.6585535959747146, 0.2455436455988612, 0.14549312350530644]]	[[0.03515506116064997, -0.0058193490089910056, -0.052940565368040704], [0.004160873232887221, -0.08476617095516745, -0.03495081645167858], [-0.07684646984255773, -0.03600171248043462, -0.06587500811304053]]	0.47793430302874335	[[0.0, 0.0, 0.9383999999999999], [0.0, -1.0, 0.0], [0.9383999999999999, 0.0, 0.0]]
4	[[0.8489524140446696, -0.5135124485683378, 0.12483895166604869], [0.522794976890395, 0.7815435453534784, -0.34040431673891397], [0.0772347773085365, 0.35425224329800037, 0.9319550081910795]]	0.7139624350977373	0.2860375649022627	[[0.606120132813435, -0.36662859823285204, 0.08913032192654084], [0.37325597475753175, 0.5579927327754884, -0.24303589489669647], [0.05514272968143419, 0.2529227942638764, 0.6653808670496348]]	0.8630080609837958	0.22962554604020624	[[0.6868913216490294, -0.43071365587685617, 0.05415985227638609], [0.49520681914755527, 0.6662911587686504, -0.310437591236979], [0.022250834905499835, 0.26412634372324106, 0.7613687675191838]]	[[-0.04576145506317353, 0.012451726653146119, -0.05357716933618039], [0.04403053984930719, -0.008187220881256282, -0.01666592189761487], [-0.04440340050005553, -0.04159619786452618, -0.04291591702393724]]	0.4476632226818143	[[0.6635490034654562, -0.6635490034654561, 0.0], [0.7071067811865475, 0.7071067811865476, 0.0], [0.0, 0.0, 0.9383999999999999]]
4	[[-0.8305561570912853, 0.32773595720904825, 0.4502950280316503], [-0.5100865793185324, -0.772219296347621, -0.37879947194723407], [0.22358030216652452, -0.5443036842615101, 0.808545204538665]]	0.5702155851854543	0.42978441481454543	[[-0.4735960651451894, 0.18688015062627245, 0.25676524291516806], [-0.2908593173213636, -0.44033147795835853, -0.2159973625643332], [0.12748897283582555, -0.3103704438397758, 0.46104507695490793]]	0.7509327856239616	0.395268165870232	[[-0.5423862009806732, 0.22062116943234958, 0.23368094873383166], [-0.45627838392057724, -0.6762154898079427, -0.25757238462112264], [0.13893648247569068, -0.3540768696235742, 0.529249704227396]]	[[0.08130564768101818, -0.025486505863776505, -0.10446035101859538], [-0.07323764800351378, -0.09633070248904815, 0.026880558041099477], [-0.02895729664086463, 0.05465861222430675, -0.07791339851971932]]	0.6827568658437991	[[-0.622674384851984, 0.6226743848519839, 0.0], [-0.7071067811865475, -0.7071067811865476, 0.0], [0.0, 0.0, 0.8805945599999998]]
4	[[0.8592155572171323, 0.2624339665249735, -0.4391776855101157], [-0.4266000482917053, 0.8413623931712975, -0.33184593135155627], [0.2824199444684594, 0.4724804086637203, 0.8348660002631537]]	0.6081238890585225	0.39187611094147745	[[0.522509506194468, 0.15959236434422103, -0.2670744421001323], [-0.2594256804397053, 0.5116525706429152, -0.20180343834175588], [0.17174631497785148, 0.2873266236205417, 0.5077019589227626]]	0.7618294252959248	0.42359289875570877	[[0.49337393667869567, 0.19986280228853456, -0.2916742915783801], [-0.3551278834076033, 0.7488685070362027, -0.25115717284459965], [0.24302001807227258, 0.32500552044689374, 0.4901923990913771]]	[[-0.16120175748134996, -6.711560731596095e-05, 0.04290419217658578], [-0.03013141378631974, 0.10789387858090926, 0.0016528223237473726], [0.02786419408575912, -0.0349439577489721, -0.14583308608820883]]	0.5749277651336139	[[0.5483236759520035, 0.38772338955079666, -0.38772338955079655], [-0.7071067811865475, 0.5000000000000001, -0.5], [0.0, 0.5483236759520034, 0.5483236759520035]]
4	[[0.034229894132735264, 0.2773841392786001, 0.9601491309293217], [-0.1827544195208179, -0.9427759796974285, 0.2788803941677556], [0.9825625356654255, -0.18501754344446375, 0.018422055382213542]]	0.8042289314297383	0.1957710685702618	[[0.027528671181322746, 0.22308034992758627, 0.7721797095804802], [-0.14697639152528946, -0.7582077187296878, 0.2242836813982383], [0.7902052181210992, -0.14879646126009624, 0.014815549914777055]]	0.8887766729558706	0.17052460767168778	[[0.009159682031234523, 0.2205828270646592, 0.810602116577792], [-0.16700775779526597, -0.8248808702618414, 0.25576722024957016], [0.8413027887045536, -0.1502589125666243, 0.0]]	[[-0.021263049391689597, -0.02594972537410281, -0.04275603355104102], [-0.004579892845572036, 0.013036428316350566, 0.007904831368530547], [-0.031975872715247135, 0.014180364134414444, -0.016373093091612535]]	0.36534943566717254	[[0.0, 0.0, 0.9383999999999999], [0.0, -1.0, 0.0], [0.9383999999999999, 0.0, 0.0]]
4	[[-0.42203838922340475, -0.825029846081567, 0.3757783270710803], [0.2588054115689476, 0.28760896992378115, 0.9221175843470338], [-0.8688517462515349, 0.4864224845687207, 0.09214016247897017]]	0.6032609338668359	0.3967390661331641	[[-0.2545992728105664, -0.49770827541517804, 0.22669238451581714], [0.15612719427287414, 0.173503255784699, 0.5562775150682223], [-0.5241443158355321, 0.2934396822947531, 0.05558456046370555]]	0.7845753174519162	0.3542458223971564	[[-0.24764152610114354, -0.5278052530004498, 0.2953514446395016], [0.2693221700911512, 0.2391112141409392, 0.82544092686285], [-0.6166585195892588, 0.326791016333836, 0.023426988485172127]]	[[0.08347937710070458, 0.11949280039630118, 0.000525044386158713], [0.06626983215117033, 0.013460315260969894, 0.10197023039578186], [0.06502111504469091, -0.05484405891241777, -0.048863908741837034]]	0.5458750414857655	[[-0.38772338955079655, -0.38772338955079666, 0.5483236759520035], [0.5, 0.5000000000000001, 0.7071067811865475], [-0.5483236759520035, 0.5483236759520034, 0.0]]
4	[[-0.5446221603179724, 0.8109226453022452, -0.2139887049042392], [-0.8354447797583356, -0.5021691245819775, 0.22328947644507607], [0.07361197229480154, 0.30038414347728, 0.9509735242804028]]	0.6420122075341138	0.3579877924658863	[[-0.3496540754177395, 0.5206222376498976, -0.13738336082293665], [-0.5363657473255006, -0.3223987082283487, 0.1433545696916398], [0.04725978483392557, 0.1928502870620925, 0.6105366116297575]]	0.7906016397855847	0.3071975544788788	[[-0.46674004358717947, 0.6063266653519082, -0.10231648205080462], [-0.7342199804329211, -0.4036640339488674, 0.09857690206322434], [0.07306497728412054, 0.1056926459654246, 0.7279901971064372]]	[[-0.03616087057622281, -0.034790107763310874, 0.0668633389420805], [-0.07371596760567439, -0.006648300604664562, -0.0779561241611175], [0.014867231279999435, -0.1317915504333013, -0.023851030582325752]]	0.42075272314704304	[[-0.622674384851984, 0.6226743848519839, 0.0], [-0.7071067811865475, -0.7071067811865476, 0.0], [0.0, 0.0, 0.8805945599999998]]
4	[[0.04673222253661188, -0.9725397674033924, -0.22799671093185395], [-0.8377629715199755, -0.16246744520517667, 0.5213036857710898], [-0.5440306084466285, 0.16664552219444034, -0.8223502702654952]]	0.5634394827307811	0.43656051726921885	[[0.02633077929288833, -0.5479673034808816, -0.12846234887176317], [-0.47202873532421713, -0.09154057328699623, 0.29372307905651257], [-0.30652832461288054, 0.09389466682463636, -0.4633446109019087]]	0.7344481276825878	0.4282933001501539	[[-0.011528768892567738, -0.7582605502251646, -0.1232254173790714], [-0.6798776646896655, -0.1478289652915942, 0.2765521000189608], [-0.2619587005780875, 0.023381131462413867, -0.5465796842735008]]	[[-0.04585116223702847, -0.04398053895888353, 0.044226340082616944], [-0.06458421881501834, -0.028505054351278647, -0.1063184159496482], [0.13760356119755787, -0.09901136029997998, 0.057393932022262395]]	0.6629452499449724	[[1.6500015216263524e-16, -0.8263499351039998, 0.0], [-1.0, -1.7938038903913487e-16, 0.0], [0.0, 0.0, -0.8263499351039998]]
4	[[0.8787972042104137, -0.3840163418041313, 0.28327887866788265], [-0.395223040501579, -0.9183905790867732, -0.018907472103605397], [0.2674214316928388, -0.09534250611366366, -0.9588511794847616]]	0.6243302507516549	0.375669749248345	[[0.5486596788645409, -0.23975301897130652, 0.17685957335136682], [-0.2467496999791823, -0.573379020529203, -0.011804506799523875], [0.16695928950515662, -0.059525210749234836, -0.5986397973212414]]	0.8117966294946012	0.2988297031617667	[[0.6401978757770624, -0.2648386677451459, 0.159626392759608], [-0.32150467104307834, -0.8536889628553289, -0.03172141915646021], [0.1520559785780171, -0.04621030573463699, -0.7383271226228209]]	[[-0.0732067326102302, 0.04690450420229458, -0.07033844614998924], [-0.0006639388652881898, -0.10814258619309138, -0.016372397030490142], [-0.06503583832485019, 0.031188419376003588, 0.04006503306983147]]	0.4979739196450321	[[0.622674384851984, -0.6226743848519839, 0.0], [-0.7071067811865475, -0.7071067811865476, 0.0], [0.0, 0.0, -0.8805945599999998]]
4	[[0.3802729664721569, 0.7767473726770865, -0.5020517802076895], [0.4287143634067757, 0.332951791095048, 0.839849450446521], [0.8195098935212374, -0.5346088512602871, -0.20639019011321075]]	0.6113466018984721	0.38865339810152816	[[0.2324785858466047, 0.47486186681970294, -0.30692764980704945], [0.262093069253799, 0.20354894608196758, 0.5134391076367798], [0.5010045886263871, -0.3268313045628222, -0.126175941390891]]	0.7847409231310392	0.3318986802459062	[[0.34157631985424936, 0.48813178526164097, -0.39115915384663896], [0.4048779688308764, 0.30849475425554823, 0.7229047423027266], [0.5602623816849562, -0.4137069162775647, -0.06001535884574924]]	[[0.04316056110311026, -0.12141366501258521, 0.002821423613124867], [0.0684482635315074, 0.04721385835348739, 0.06384050926822789], [-0.08284056867191916, 0.005822527174457495, 0.1019474694688824]]	0.4286819295784801	[[0.38772338955079655, 0.38772338955079666, -0.5483236759520035], [0.5, 0.5000000000000001, 0.7071067811865475], [0.5483236759520035, -0.5483236759520034, 0.0]]
4	[[0.22433838825039393, -0.7661379269479729, -0.6022499185961573], [-0.9416906372873723, -0.011392912655017143, -0.3362869982418849], [0.2507808429735371, 0.642575192824231, -0.724020780340167]]	0.5079210255480836	0.4920789744519165	[[0.11394618422994421, -0.38913756156669704, -0.30589539628961], [-0.47830447424003053, -0.005786699879716049, -0.17080723702550474], [0.12737686295093187, 0.326377450931041, -0.3677453772685013]]	0.7260515989595923	0.4539801513219863	[[0.20259650746258823, -0.4697086661152086, -0.3466816282447258], [-0.8125484560605968, 0.04274764807332443, -0.20515819953092623], [0.15908926503253884, 0.3466816282447258, -0.3945376221630959]]	[[0.039715261965372006, 0.08654700076895441, 0.0905828881252984], [-0.12883246313282265, 0.0510194905233065, 0.039003513251915894], [-0.022990566996832218, -0.11986111795707546, 0.13113882308285413]]	0.73147269960444	[[1.6500015216263524e-16, -0.8263499351039998, 0.0], [-1.0, -1.7938038903913487e-16, 0.0], [0.0, 0.0, -0.8263499351039998]]
4	[[-0.3195682178843842, -0.5708200961323295, -0.7563336379995778], [0.910087742671785, 0.03735879733279218, -0.41272826520656647], [0.2638493031197415, -0.8202248094963509, 0.507557688474819]]	0.5555906310697228	0.4444093689302771	[[-0.17754910784421174, -0.3171422974374409, -0.4202118832354447], [0.5056362232798366, 0.02075619778613188, -0.22930795732642825], [0.14659220082760377, -0.4557092195271208, 0.28199429644401447]]	0.7138634864698276	0.46003043415521544	[[-0.24203423049100048, -0.39516480581539065, -0.41848749393949736], [0.7876540826448647, 0.01674227150271071, -0.2192807932764906], [0.17004058486509704, -0.41848749393949736, 0.3253780817782018]]	[[-0.013906148307104488, 0.012322818156676244, 0.12143147381728958], [0.13797567366772895, -0.009926809811596105, 0.07535084508851253], [-0.018311798562596, 0.16704104825661775, -0.036948819300999074]]	0.7200526741603055	[[0.0, 0.0, -0.7754467791015933], [1.0, 1.7938038903913487e-16, 0.0], [1.548361427894169e-16, -0.7754467791015933, 0.0]]
