4	[[0.5319609947059123, -0.8460851799387872, 0.03402011756955908], [-0.703274286200726, -0.4190807785627857, 0.5742617690636116], [-0.47161719485230363, -0.3294103357928521, -0.8179645788128509]]	0.6733574522951576	0.32664254770484236	[[0.35819990011557096, -0.5697177611882718, 0.02290769969342006], [-0.47355498162081633, -0.2821911653589084, 0.38668344176718367], [-0.31756695278433617, -0.2218109044691673, -0.550782544857103]]	0.7964452074744366	0.3594404462990194	[[0.5235624787984187, -0.7196595785582853, 0.09084704473155811], [-0.5119096125704061, -0.39360017197732533, 0.325055858044203], [-0.3050399057893818, -0.10364268025607648, -0.6367864780103233]]	[[0.09988469400156076, -0.045799091880892005, 0.06375188513556586], [0.04820982221416738, -0.059825294346339056, -0.1323121757623022], [0.070577348813273, 0.15871460297868545, 0.0146774906690179]]	0.647204541275747	[[0.6992093601059162, -0.6992093601059161, 0.0], [-0.7071067811865475, -0.7071067811865476, 0.0], [0.0, 0.0, -0.9888313599999999]]
4	[[0.034229894132735264, 0.2773841392786001, 0.9601491309293217], [-0.1827544195208179, -0.9427759796974285, 0.2788803941677556], [0.9825625356654255, -0.18501754344446375, 0.018422055382213542]]	0.8681088413630055	0.13189115863699466	[[0.02971527373554715, 0.24079962376162006, 0.8335139495867502], [-0.1586507273841859, -0.8184321634000069, 0.24209853585982863], [0.8529712244032095, -0.16061536527140294, 0.015992349153378518]]	0.9338186082108432	0.12249132971573908	[[0.012015144022873899, 0.24408775454163148, 0.8879252342779067], [-0.16321722021889248, -0.8280219611876224, 0.25197449351227613], [0.9222060094795801, -0.16630347772922832, 0.0]]	[[-0.01994936807536145, -0.01493871633927358, -0.00867989084136309], [0.007442257462418214, 0.0523597920280446, -0.008449208026748783], [0.0046708299443756415, 0.006469347184670045, -0.01720285811740172]]	0.340732456206449	[[0.0, 0.0, 0.9944], [0.0, -1.0, 0.0], [0.9944, 0.0, 0.0]]
4	[[-0.8305561570912853, 0.32773595720904825, 0.4502950280316503], [-0.5100865793185324, -0.772219296347621, -0.37879947194723407], [0.22358030216652452, -0.5443036842615101, 0.808545204538665]]	0.6892394166801868	0.31076058331981327	[[-0.5724520412337349, 0.2258885399718871, 0.310361082454523], [-0.3515717763858972, -0.5322439773638186, -0.26108352708367444], [0.15410035704643532, -0.3751555538372799, 0.5572812251357917]]	0.8188256802039909	0.3258675739062802	[[-0.674624197137258, 0.27213182103217215, 0.20937690393592828], [-0.5677711493754931, -0.6311312165825307, -0.2956026960701148], [0.19060250401347695, -0.297880594017666, 0.6561820950789047]]	[[0.005456513140626405, 0.003773202943167144, -0.15933622868456296], [-0.1500991591020689, 0.0011817740159571696, 0.01456803920799173], [0.007529211011758661, 0.14780924048530336, -0.0058754820031424616]]	0.6383693604614729	[[-0.9777874585194494, 0.0, 0.0], [0.0, -0.7071067811865476, -0.7071067811865475], [0.0, -0.6914001424782626, 0.6914001424782628]]
4	[[0.8592155572171323, 0.2624339665249735, -0.4391776855101157], [-0.4266000482917053, 0.8413623931712975, -0.33184593135155627], [0.2824199444684594, 0.4724804086637203, 0.8348660002631537]]	0.7497947132924155	0.2502052867075847	[[0.6442352823800026, 0.19677160068878388, -0.3292931067914838], [-0.3198624608994097, 0.6308490743628934, -0.2488163249549947], [0.21175698129078846, 0.35426331255029747, 0.6259781133048969]]	0.8216148052971426	0.26271060646604916	[[0.679169134144453, 0.26975629341772306, -0.28166180574489574], [-0.3325286576569197, 0.6908326973509614, -0.34936540894368484], [0.14554182443213046, 0.39912460162779995, 0.6760004833615216]]	[[-0.026775088606776964, 0.05413666110795013, 0.07917308282634769], [0.017972257960021328, -0.00044310149881206587, -0.07671587866762698], [-0.08649858325435265, 0.010927702656843112, -0.009937782893893526]]	0.48674747268084767	[[0.6914001424782628, 0.4888937292597247, -0.4888937292597246], [-0.7071067811865475, 0.5000000000000001, -0.5], [0.0, 0.6914001424782626, 0.6914001424782628]]
4	[[-0.42203838922340475, -0.825029846081567, 0.3757783270710803], [0.2588054115689476, 0.28760896992378115, 0.9221175843470338], [-0.8688517462515349, 0.4864224845687207, 0.09214016247897017]]	0.7685216273851373	0.2314783726148628	[[-0.324345629704973, -0.6340532799519154, 0.288793771456731], [0.19889755607504783, 0.2210337136163873, 0.708667306562834], [-0.667731357985648, 0.37382619943747497, 0.07081170761586911]]	0.8785946430424693	0.1976435785820344	[[-0.29826200821662474, -0.6800821917449336, 0.3531204769160063], [0.2563021327674706, 0.2330469558432577, 0.8294011950124637], [-0.7900697206394526, 0.39958900837804096, 0.022217168782545368]]	[[0.0725386597133313, 0.04478461137248434, 0.022963651779894248], [0.02891708457259179, -0.019644744422739144, 0.019233625149897397], [-0.02670123078475911, -0.02777918081944531, -0.05873668438054054]]	0.4807526332775735	[[-0.4888937292597246, -0.4888937292597247, 0.6914001424782628], [0.5, 0.5000000000000001, 0.7071067811865475], [-0.6914001424782628, 0.6914001424782626, 0.0]]
4	[[-0.5446221603179724, 0.8109226453022452, -0.2139887049042392], [-0.8354447797583356, -0.5021691245819775, 0.22328947644507607], [0.07361197229480154, 0.30038414347728, 0.9509735242804028]]	0.7521759354835548	0.24782406451644534	[[-0.40965168292224535, 0.6099564993350151, -0.1609571542942605], [-0.6284014587595785, -0.37771953105340655, 0.16795297082870828], [0.055369154123631865, 0.2259417241244494, 0.7152994002457049]]	0.8605633491809589	0.2349425325057636	[[-0.5468626967443959, 0.6556463448965726, -0.16674221341545298], [-0.7253996285919677, -0.3996899226277016, 0.10904338471178535], [0.10662125400569518, 0.16674221341545295, 0.7755430366383314]]	[[-0.07818082642299232, -0.04220396267141035, 0.01740862316383505], [-0.006446470867385709, 0.032458421077835094, -0.08311135497465219], [0.043273488587864825, -0.09175737113620885, -0.04282992439883211]]	0.38331226349004355	[[-0.6992093601059162, 0.6992093601059161, 0.0], [-0.7071067811865475, -0.7071067811865476, 0.0], [0.0, 0.0, 0.9888313599999999]]
4	[[0.8489524140446696, -0.5135124485683378, 0.12483895166604869], [0.522794976890395, 0.7815435453534784, -0.34040431673891397], [0.0772347773085365, 0.35425224329800037, 0.9319550081910795]]	0.8311285473421467	0.16887145265785336	[[0.7055885866475549, -0.4267948554207114, 0.10375721654991951], [0.4345098297006851, 0.6495631515342676, -0.2829197452802096], [0.06419202826873813, 0.2944291523649638, 0.7745744121460904]]	0.9208623255486221	0.13611835730652297	[[0.7758843586010749, -0.4864269661748611, 0.0645063643416304], [0.5081435667374155, 0.6697574294330345, -0.2891325259983067], [0.023660057634485483, 0.3006696413089773, 0.8598356801559127]]	[[-0.005883935676216324, -0.013552698588054309, -0.05045312300861923], [0.02672136853298806, -0.04993657725868471, 0.02433298474067938], [-0.04746253901108339, -0.025547903285235686, 0.0016334240063900387]]	0.4287185964899711	[[0.7031469832119028, -0.7031469832119027, 0.0], [0.7071067811865475, 0.7071067811865476, 0.0], [0.0, 0.0, 0.9944]]
4	[[0.8787972042104137, -0.3840163418041313, 0.28327887866788265], [-0.395223040501579, -0.9183905790867732, -0.018907472103605397], [0.2674214316928388, -0.09534250611366366, -0.9588511794847616]]	0.7258076800333703	0.2741923199666299	[[0.6378377600077723, -0.27872201013975817, 0.2056059857283905], [-0.2868559181221858, -0.6665749355714742, -0.013723188462813505], [0.19409652892818166, -0.06920032317092562, -0.6959415500790954]]	0.8604105511177463	0.2326215090424656	[[0.7034775439867037, -0.31872897959576296, 0.15587418588100535], [-0.35867299400427416, -0.8408205186072311, -0.025620268825664268], [0.14098812715742282, -0.06127225012720244, -0.8250056717803849]]	[[-0.05264884280871314, 0.011682732694150468, -0.08786195023364482], [-0.01861891991187924, -0.050627574313834287, -0.009352080332757737], [-0.08910409426610932, 0.02076144810300201, 0.0]]	0.47028612008153153	[[0.6992093601059162, -0.6992093601059161, 0.0], [-0.7071067811865475, -0.7071067811865476, 0.0], [0.0, 0.0, -0.9888313599999999]]
4	[[-0.30792515101507295, 0.09349718223056193, 0.9468053539599837], [0.3027085282091916, -0.9338174967034747, 0.1906631317268273], [0.9019698710720718, 0.34531602882779927, 0.2592434992682147]]	0.7512848452037263	0.24871515479627385	[[-0.23133949941469312, 0.07024301607907231, 0.7113205137878856], [0.22742032975749032, -0.7015629334594011, 0.1432423214054471], [0.6776362949668063, 0.25943069926425866, 0.19476571221779299]]	0.862109420919858	0.2460223347497617	[[-0.26591661414533785, 0.08342729592247716, 0.7599092953186477], [0.2430900371708653, -0.8496079234890999, 0.11998855361520193], [0.6950940135624701, 0.2744619456304783, 0.18248931822286069]]	[[-0.0004514405170734675, 0.002822494292048987, -0.05634052010761503], [-0.017877836791063372, -0.044555062161235844, -0.04438392846857975], [-0.08250270967463275, -0.02323825601660072, -0.04100694480849751]]	0.4670912889593055	[[0.0, 0.0, 0.9944], [0.0, -1.0, 0.0], [0.9944, 0.0, 0.0]]
4	[[0.04673222253661188, -0.9725397674033924, -0.22799671093185395], [-0.8377629715199755, -0.16246744520517667, 0.5213036857710898], [-0.5440306084466285, 0.16664552219444034, -0.8223502702654952]]	0.640808478030855	0.359191521969145	[[0.0299464043986854, -0.6232117281742495, -0.14610222532828213], [-0.536845614730322, -0.10411051629149048, 0.33405582147084717], [-0.3486194262008841, 0.10678786344807639, -0.5269690250970943]]	0.8117371868426055	0.3192396038034486	[[-0.03195836324085711, -0.9026536769307432, -0.15641401871189053], [-0.6760839447654348, -0.14496415799256984, 0.2870545100000206], [-0.3270639965464345, 0.04329315660518524, -0.6372597894047277]]	[[-0.06989264609762894, -0.11320698204615127, 0.028659390029299302], [0.003959412977091927, -0.013083291068214728, -0.1361070773784854], [0.1145458791103029, -0.09197921078084678, 0.030272505579841694]]	0.6107380817241883	[[1.9633769781022929e-16, -0.9832939043839999, 0.0], [-1.0, -1.7938038903913487e-16, 0.0], [0.0, 0.0, -0.9832939043839999]]
4	[[0.22433838825039393, -0.7661379269479729, -0.6022499185961573], [-0.9416906372873723, -0.011392912655017143, -0.3362869982418849], [0.2507808429735371, 0.642575192824231, -0.724020780340167]]	0.6355475471658761	0.3644524528341241	[[0.1425777123876839, -0.4869170802625332, -0.3827584585446363], [-0.5984891747170601, -0.007240737692971226, -0.21372637687640522], [0.15938314962802227, 0.4083870876690799, -0.46014963104231665]]	0.7883768207331125	0.3441710658808585	[[0.23250723846110527, -0.6195669506202577, -0.3725236278555545], [-0.8247547807083087, 0.027107149265058222, -0.18647336815455037], [0.18233132072939948, 0.3725236278555545, -0.5335432814113633]]	[[0.055644053163868966, -0.015561567529957182, 0.10227624825405984], [-0.08234770996955149, 0.036089057522910736, 0.07864750637326867], [-0.015378482954847596, -0.13406775974517945, 0.03725791953792475]]	0.748825775589029	[[1.9523820670249197e-16, -0.9777874585194494, 0.0], [-1.0, -1.7938038903913487e-16, 0.0], [0.0, 0.0, -0.9777874585194494]]
4	[[-0.3195682178843842, -0.5708200961323295, -0.7563336379995778], [0.910087742671785, 0.03735879733279218, -0.41272826520656647], [0.2638493031197415, -0.8202248094963509, 0.507557688474819]]	0.6825020855025961	0.317497914497404	[[-0.2181059751664402, -0.3895859060571072, -0.5161992852704774], [0.6211367823638432, 0.02549745709149956, -0.28168790174935016], [0.1800776996376302, -0.5598051430622291, 0.3464091808969409]]	0.7851499244162933	0.32778749283584946	[[-0.2433166628215126, -0.4078858590933774, -0.575443281506245], [0.7917300154595843, 0.05931253468114113, -0.23283804082406884], [0.2062588435677854, -0.5968505541224737, 0.31127925986868427]]	[[0.007592299296261269, 0.0402934962402224, 0.018392017202623533], [0.07717469308863718, 0.02998027777901564, 0.09121552540733473], [-0.0009024168339714367, 0.04714889305795489, -0.08722962087422836]]	0.7052252057443379	[[-0.4888937292597246, -0.4888937292597247, -0.6914001424782628], [0.5, 0.5000000000000001, -0.7071067811865475], [0.6914001424782628, -0.6914001424782626, 0.0]]
4	[[0.3802729664721569, 0.7767473726770865, -0.5020517802076895], [0.4287143634067757, 0.332951791095048, 0.839849450446521], [0.8195098935212374, -0.5346088512602871, -0.20639019011321075]]	0.7853920852082731	0.21460791479172694	[[0.29866337808590293, 0.6100512387069046, -0.3943074945398429], [0.33670886783478504, 0.2614977014819691, 0.6596111111472155], [0.6436365841214545, -0.41987756046211644, -0.1620972217795465]]	0.8817124856000909	0.20291586641489937	[[0.34313829752617553, 0.6543213694372039, -0.4426653230268723], [0.40375526493933833, 0.3020794293560276, 0.7213701316138535], [0.7016394261032999, -0.45495053003001135, -0.08972578058159898]]	[[0.007846875051490069, -0.030546487209250316, 9.009086985419161e-19], [0.025752457967489446, 0.008511678044610707, -0.019135614869218862], [-0.020932679087176068, 0.01642076903850566, 0.09225102694659533]]	0.3679357440211712	[[0.4888937292597246, 0.4888937292597247, -0.6914001424782628], [0.5, 0.5000000000000001, 0.7071067811865475], [0.6914001424782628, -0.6914001424782626, 0.0]]
4	[[0.08740825448676931, -0.06334395238859675, -0.994156597696443], [0.7119981850616444, -0.6940087028176986, 0.10681996481098455], [-0.6967197295301035, -0.717174639895393, -0.015561310176609944]]	0.9281336869994078	0.0718663130005923	[[0.08112654551098773, -0.058791656079543245, -0.9227102284747867], [0.6608295006381506, -0.6441328561558668, 0.0991432077851661], [-0.6466490513740052, -0.6656339427485836, -0.014442976188758389]]	0.9642987250796816	0.05821678599368384	[[0.06616709504267422, -0.05848946682827159, -0.9405771459628871], [0.6807549770519489, -0.6727257075889801, 0.09014791450875712], [-0.6799253563977936, -0.6986340813274241, -0.005428902973833276]]	[[-0.01812057332035779, 0.0025930257015603086, 0.01808679372534703], [-0.005823965062042238, -0.0034940002676697524, -0.012858441371531764], [-0.00807940947405415, -0.007063490416816804, 0.009576848590041166]]	0.11701671849217608	[[0.0, 0.0, -0.9832939043839999], [0.7071067811865475, -0.7071067811865476, 0.0], [-0.695293787689323, -0.6952937876893229, 0.0]]
