4	[[-0.5446221603179724, 0.8109226453022452, -0.2139887049042392], [-0.8354447797583356, -0.5021691245819775, 0.22328947644507607], [0.07361197229480154, 0.30038414347728, 0.9509735242804028]]	0.6800254990419177	0.31997450095808233	[[-0.37035695635951643, 0.5514480765560514, -0.14551777584183895], [-0.5681237532771273, -0.34148780954730207, 0.15184253765037137], [0.05005801819523223, 0.2042688770724163, 0.6466862454244321]]	0.8125713334655116	0.27995610260022596	[[-0.48635551048562153, 0.6244528287864493, -0.11649273694896345], [-0.7354537398692966, -0.40688250378463886, 0.0960100087707836], [0.07572227898097923, 0.12136901546319424, 0.7522054190780075]]	[[-0.04381115544117905, -0.03447966644417613, 0.05738835034163209], [-0.05659526114426519, 0.0011657314021471764, -0.08542861885300784], [0.01590730049436606, -0.12271452855403472, -0.020528405636916415]]	0.40679676161169226	[[-0.6478737472030279, 0.6478737472030278, 0.0], [-0.7071067811865475, -0.7071067811865476, 0.0], [0.0, 0.0, 0.9162318400000001]]
4	[[0.04673222253661188, -0.9725397674033924, -0.22799671093185395], [-0.8377629715199755, -0.16246744520517667, 0.5213036857710898], [-0.5440306084466285, 0.16664552219444034, -0.8223502702654952]]	0.590137794935244	0.409862205064756	[[0.027578450760179243, -0.573932473822273, -0.1345494762418125], [-0.49439559269119593, -0.09587817986214553, 0.3076410076125662], [-0.32105302364597244, 0.09834382100365928, -0.4852999751588813]]	0.7612088343562865	0.3926934888235455	[[-0.00990722820142829, -0.8047619674996481, -0.12647553241811757], [-0.6875905035456832, -0.14794618668560333, 0.2725523745662334], [-0.2725719841684541, 0.030702657128371176, -0.585741899042026]]	[[-0.04548020884540131, -0.06445610478937766, 0.04707757814738616], [-0.049877928528103785, -0.02427453210012687, -0.12426859642521368], [0.14154892114134537, -0.09614938657195342, 0.04023839161934879]]	0.6444819132706459	[[1.7511704381866212e-16, -0.8770171172480001, 0.0], [-1.0, -1.7938038903913487e-16, 0.0], [0.0, 0.0, -0.8770171172480001]]
4	[[0.3802729664721569, 0.7767473726770865, -0.5020517802076895], [0.4287143634067757, 0.332951791095048, 0.839849450446521], [0.8195098935212374, -0.5346088512602871, -0.20639019011321075]]	0.6658037097415692	0.33419629025843095	[[0.25318715179159346, 0.5171612822604215, -0.3342679377446385], [0.28543961357572645, 0.22168053767618293, 0.559174879731712], [0.5456327272763583, -0.35594455642977785, -0.13741535423164344]]	0.8167133210483457	0.29178838166410076	[[0.3472549414451364, 0.5369882766048288, -0.41741286567620767], [0.4080010921549936, 0.2951846704692709, 0.7142684017580112], [0.6075626755952178, -0.4178293404355254, -0.07309079786356613]]	[[0.03668094409275491, -0.09739164974985154, -0.007380488924551492], [0.0578643606359184, 0.023258507415039178, 0.028352167903204887], [-0.0617419711744881, 0.01879282993910485, 0.09547081973559368]]	0.4014559284322925	[[0.4197403923148928, 0.4197403923148929, -0.5936025554875253], [0.5, 0.5000000000000001, 0.7071067811865475], [0.5936025554875253, -0.5936025554875252, 0.0]]
4	[[0.5319609947059123, -0.8460851799387872, 0.03402011756955908], [-0.703274286200726, -0.4190807785627857, 0.5742617690636116], [-0.47161719485230363, -0.3294103357928521, -0.8179645788128509]]	0.617341342426118	0.382658657573882	[[0.3284015145900809, -0.5223233607902545, 0.021002025049885974], [-0.4341602919369261, -0.2587158904229328, 0.35451553141772735], [-0.29114879218136114, -0.20335861890739765, -0.5049633511413396]]	0.7596513652842438	0.41657153831415594	[[0.4814110585888641, -0.6337573449581589, 0.09583144346251674], [-0.5079715954791635, -0.3652193320231154, 0.3407496039560197], [-0.2703643999785678, -0.1115197883752371, -0.5692982597575232]]	[[0.07730616268255341, 0.008972417129105795, 0.06998801470367064], [0.026271676202519946, -0.046864046423511344, -0.09548913294369804], [0.08790024598250995, 0.13871722294854427, 0.05206964929181028]]	0.6729329965288418	[[0.6478737472030279, -0.6478737472030278, 0.0], [-0.7071067811865475, -0.7071067811865476, 0.0], [0.0, 0.0, -0.9162318400000001]]
4	[[-0.30792515101507295, 0.09349718223056193, 0.9468053539599837], [0.3027085282091916, -0.9338174967034747, 0.1906631317268273], [0.9019698710720718, 0.34531602882779927, 0.2592434992682147]]	0.6828567187049354	0.3171432812950647	[[-0.21026875822887445, 0.06384517906611889, 0.6465323972573793], [0.2067065522969289, -0.6376635516681917, 0.1301956005089881], [0.6159161865309886, 0.2358013703615699, 0.17702616525587844]]	0.8312945608039267	0.27988117915106475	[[-0.23640485248655307, 0.0734908125688668, 0.7283509989893925], [0.24685031874332392, -0.8486644986033309, 0.11850590119704707], [0.6664694563616025, 0.25332696331729004, 0.16291403991768627]]	[[0.019571650687004845, -0.004232886469892862, -0.05872314189757835], [-0.004789634265939121, -0.07238709281019365, -0.03999132315330707], [-0.08333319146962997, -0.033732373205671504, -0.05259367094775744]]	0.47378083797072074	[[0.0, 0.0, 0.9572], [0.0, -1.0, 0.0], [0.9572, 0.0, 0.0]]
4	[[0.8592155572171323, 0.2624339665249735, -0.4391776855101157], [-0.4266000482917053, 0.8413623931712975, -0.33184593135155627], [0.2824199444684594, 0.4724804086637203, 0.8348660002631537]]	0.6616526927259901	0.3383473072740099	[[0.5685022870647777, 0.17364014061401103, -0.29058309820293615], [-0.2822610706692442, 0.5566896930001722, -0.21956675404892123], [0.18686391673708075, 0.31261793465262666, 0.5523913371394927]]	0.7802941061459222	0.3896256139787033	[[0.5339501090955092, 0.21256094990037647, -0.28606520579496786], [-0.34227064143017927, 0.7508940554825818, -0.2591243082915317], [0.24239794177598717, 0.3326785548930711, 0.5278630320467417]]	[[-0.1364907261099036, 0.007785272568443361, 0.05662255375938284], [-0.00939713806659584, 0.09438393895819025, -0.0001868839094080598], [0.02202732364918964, -0.035995123256646555, -0.12357798738021711]]	0.5445141596793925	[[0.5936025554875253, 0.4197403923148929, -0.4197403923148928], [-0.7071067811865475, 0.5000000000000001, -0.5], [0.0, 0.5936025554875252, 0.5936025554875253]]
4	[[0.8489524140446696, -0.5135124485683378, 0.12483895166604869], [0.522794976890395, 0.7815435453534784, -0.34040431673891397], [0.0772347773085365, 0.35425224329800037, 0.9319550081910795]]	0.7602604021643014	0.23973959783569865	[[0.645424903719955, -0.3904031806649395, 0.09491011159939998], [0.3974603193801684, 0.5941766100993494, -0.25879592274239094], [0.05871854285765822, 0.2693239529573437, 0.7085284893263849]]	0.8820130850268408	0.1971650850579589	[[0.7154642893621128, -0.45673206956024626, 0.054187065474731615], [0.5052424923685955, 0.6690154244996838, -0.29382495874056985], [0.023012149866988393, 0.2667245158749514, 0.7995167649585111]]	[[-0.03332284839041027, -0.0038073705987995976, -0.05592252341575665], [0.04413048196496235, -0.020316209020352458, 0.006416102822773529], [-0.04510993433827495, -0.04573059811399688, -0.022479746922317603]]	0.44095686465418993	[[0.6768426109517633, -0.6768426109517632, 0.0], [0.7071067811865475, 0.7071067811865476, 0.0], [0.0, 0.0, 0.9572]]
4	[[0.034229894132735264, 0.2773841392786001, 0.9601491309293217], [-0.1827544195208179, -0.9427759796974285, 0.2788803941677556], [0.9825625356654255, -0.18501754344446375, 0.018422055382213542]]	0.8403398462233342	0.15966015377666581	[[0.028764743971743757, 0.23309694494617078, 0.8068515730366141], [-0.1535758207967588, -0.7922522218019904, 0.23435430754963466], [0.825686450125893, -0.1554776140067397, 0.01548078718700707]]	0.9045465987054382	0.14504814101779953	[[0.009099029200911822, 0.22883154433010183, 0.8362853183772045], [-0.16588462788822703, -0.8258733105359185, 0.2544943873870872], [0.8682831579217293, -0.15535086743451862, 0.0]]	[[-0.0218635051109011, -0.022075335389191424, -0.032214312254896016], [-0.0005747393122844703, 0.02691149524057796, 0.002234075397011949], [-0.020490441729822038, 0.012006122189006662, -0.01666360753714448]]	0.3568277566463078	[[0.0, 0.0, 0.9572], [0.0, -1.0, 0.0], [0.9572, 0.0, 0.0]]
4	[[-0.3195682178843842, -0.5708200961323295, -0.7563336379995778], [0.910087742671785, 0.03735879733279218, -0.41272826520656647], [0.2638493031197415, -0.8202248094963509, 0.507557688474819]]	0.6025438953228497	0.3974561046771502	[[-0.19255387882543806, -0.3439441642521373, -0.4557242164039676], [0.5483678135550366, 0.02251031526947748, -0.24868689662740673], [0.15898078687998835, -0.4942214517543736, 0.30582578671467886]]	0.7391792263236137	0.41195486248938945	[[-0.2539881010650983, -0.38041488255712996, -0.4909953954191455], [0.784758081443901, 0.03290991957265696, -0.22887365357970108], [0.19213503428817333, -0.49099539541914544, 0.29348516441150885]]	[[-0.017769913011703182, 0.04152347447193615, 0.06807071795990656], [0.11204012792916698, 0.0052950726638228566, 0.07620650617757599], [-0.002896889457901825, 0.11529774467580073, -0.08169093506990957]]	0.7130106532756145	[[0.0, 0.0, -0.8394807846297858], [1.0, 1.7938038903913487e-16, 0.0], [1.676220343432234e-16, -0.8394807846297858, 0.0]]
4	[[0.08740825448676931, -0.06334395238859675, -0.994156597696443], [0.7119981850616444, -0.6940087028176986, 0.10681996481098455], [-0.6967197295301035, -0.717174639895393, -0.015561310176609944]]	0.7682979713748943	0.2317020286251058	[[0.06715558460360536, -0.048667030119026775, -0.7638084972391442], [0.547026761205468, -0.5332054784913597, 0.08206956226661702], [-0.5352883548148434, -0.5510038209531506, -0.011955723040624918]]	0.9064216437532435	0.157997931618753	[[0.05409996573922204, -0.05409996573922205, -0.8402573132216653], [0.6822135233239971, -0.6705019622174916, 0.09113836394250324], [-0.608031625287924, -0.618072111544394, 0.0]]	[[-0.025128767970277247, 0.003316363706677009, 0.060867744210476575], [0.036842958071095264, -0.04143745303041707, -0.0056855641471330026], [0.023490217188067687, 0.03199050440772863, 0.014105108349236862]]	0.1832007692741752	[[0.0, 0.0, -0.8770171172480001], [0.7071067811865475, -0.7071067811865476, 0.0], [-0.6201447508227383, -0.6201447508227382, 0.0]]
4	[[-0.42203838922340475, -0.825029846081567, 0.3757783270710803], [0.2588054115689476, 0.28760896992378115, 0.9221175843470338], [-0.8688517462515349, 0.4864224845687207, 0.09214016247897017]]	0.6669293302664023	0.3330706697335977	[[-0.2814697802714766, -0.5502366026969725, 0.2506175880021446], [0.17260491980699882, 0.19181485768987722, 0.61498726295544], [-0.5794627132283302, 0.3244094218599363, 0.061450976852737066]]	0.8171149569382358	0.3023074747136211	[[-0.26244804921364767, -0.5770327354161381, 0.3131589914179432], [0.2637783383199437, 0.23539789846941717, 0.8286203316183898], [-0.6717860122333407, 0.3473327567024436, 0.0238248339138585]]	[[0.08240583102291707, 0.09711149173756077, 0.006104899874935098], [0.05230456559040065, 0.0003883073950963576, 0.07514426139267327], [0.038165744990693196, -0.05013033082971623, -0.05146427098242726]]	0.5204745978847761	[[-0.4197403923148928, -0.4197403923148929, 0.5936025554875253], [0.5, 0.5000000000000001, 0.7071067811865475], [-0.5936025554875253, 0.5936025554875252, 0.0]]
4	[[-0.8305561570912853, 0.32773595720904825, 0.4502950280316503], [-0.5100865793185324, -0.772219296347621, -0.37879947194723407], [0.22358030216652452, -0.5443036842615101, 0.808545204538665]]	0.6064272170746033	0.39357278292539666	[[-0.5036718589690452, 0.19874800446556437, 0.2730711607117642], [-0.3093303847632416, -0.46829479885539604, -0.22971430960229047], [0.13558518043554443, -0.3300805684901611, 0.49032381826739857]]	0.7712652742468432	0.38326916789223375	[[-0.6083896443544333, 0.24153811337152659, 0.1974198324700446], [-0.5674183598605945, -0.6251463331321778, -0.30387077489444225], [0.17742274445898876, -0.27097043505943985, 0.5879153124770242]]	[[0.0321894779219811, -0.011233249545861704, -0.14987708581677614], [-0.1740062943728523, -0.02956040575592573, -0.011715896278499359], [0.004983021392332175, 0.14883209525608088, -0.03568752644245916]]	0.6808107202711116	[[-0.6478737472030279, 0.6478737472030278, 0.0], [-0.7071067811865475, -0.7071067811865476, 0.0], [0.0, 0.0, 0.9162318400000001]]
4	[[0.8787972042104137, -0.3840163418041313, 0.28327887866788265], [-0.395223040501579, -0.9183905790867732, -0.018907472103605397], [0.2674214316928388, -0.09534250611366366, -0.9588511794847616]]	0.6583211839080252	0.34167881609197487	[[0.5785308158908624, -0.25280609277652466, 0.18648848678077834], [-0.2601836999307289, -0.6045959733143814, -0.012447189419953451], [0.1760491935144087, -0.06276599150150522, -0.6312320436700145]]	0.828656676592425	0.2806414662616409	[[0.6560401641401297, -0.26852760862515973, 0.1695818546108457], [-0.317867666889054, -0.8545105096409182, -0.033375033918590986], [0.16017387636107597, -0.0532921374223983, -0.754601593665847]]	[[-0.07218100649958645, 0.049690096931432476, -0.06515907953491068], [0.009636544365737977, -0.09348002456108023, -0.017707230922453354], [-0.0614266784751, 0.0257140668317432, 0.03995683807272254]]	0.4872148133037592	[[0.6478737472030279, -0.6478737472030278, 0.0], [-0.7071067811865475, -0.7071067811865476, 0.0], [0.0, 0.0, -0.9162318400000001]]
4	[[0.22433838825039393, -0.7661379269479729, -0.6022499185961573], [-0.9416906372873723, -0.011392912655017143, -0.3362869982418849], [0.2507808429735371, 0.642575192824231, -0.724020780340167]]	0.5474700075278145	0.4525299924721855	[[0.12281853910422094, -0.41943753663355093, -0.32971376746746395], [-0.5155473802845901, -0.006237277977006017, -0.1841070454589909], [0.13729498999055398, 0.35179064565266865, -0.3963796620631254]]	0.7541719443662644	0.41703345638487976	[[0.20328063321684886, -0.510675273216014, -0.3674652058989122], [-0.8189594934160068, 0.05342563429034321, -0.20317012888543834], [0.1705574192100825, 0.3674652058989122, -0.42431944925214093]]	[[0.034090914754055276, 0.06712445680307777, 0.08673478620317622], [-0.10876283450148255, 0.06201784937937263, 0.05044809044373855], [-0.01857445674508079, -0.11714697667486548, 0.12171671041858284]]	0.7318492028574207	[[-1.676220343432234e-16, -0.8394807846297858, 0.0], [-1.0, 1.7938038903913487e-16, 0.0], [0.0, 0.0, -0.8394807846297858]]
