4	[[0.8489524140446696, -0.5135124485683378, 0.12483895166604869], [0.522794976890395, 0.7815435453534784, -0.34040431673891397], [0.0772347773085365, 0.35425224329800037, 0.9319550081910795]]	0.8020142392742932	0.19798576072570698	[[0.6808719245301104, -0.411844295796415, 0.10012261685224631], [0.4192890156871717, 0.6268090519864038, -0.27300910913504556], [0.061943391168625336, 0.28411534341985756, 0.7474411869322362]]	0.8996031541515879	0.16898120367313968	[[0.739696462783346, -0.46661954149962526, 0.06546299032509867], [0.5081838642987175, 0.6667357116493595, -0.2963873004920165], [0.021893927294440105, 0.28839345292148527, 0.8209953952574048]]	[[-0.02402380661584352, -0.004662123071443515, -0.04684252435465636], [0.03787585411351166, -0.03634332685744404, 0.009841496533126763], [-0.04758672198251483, -0.030292982514671524, -0.017394269638659254]]	0.4355866369554229	[[0.6880148980945109, -0.6880148980945108, 0.0], [0.7071067811865475, 0.7071067811865476, 0.0], [0.0, 0.0, 0.9730000000000001]]
4	[[0.08740825448676931, -0.06334395238859675, -0.994156597696443], [0.7119981850616444, -0.6940087028176986, 0.10681996481098455], [-0.6967197295301035, -0.717174639895393, -0.015561310176609944]]	0.8413473852616905	0.15865261473830966	[[0.07354070636273177, -0.05329426871428688, -0.8364310540125607], [0.5990378113126837, -0.583902407464528, 0.08987269808746765], [-0.5861833227003849, -0.6033930080519834, -0.013092467628336909]]	0.9312314475103666	0.11511657770215003	[[0.05846286007581759, -0.055335576622843156, -0.8834539989762437], [0.6827027538709527, -0.6702890125487889, 0.09224518252334422], [-0.6388335580251029, -0.6512553054471123, 0.0]]	[[-0.022934455274251073, 0.00365230385101753, 0.0423358885485962], [0.01966765337124379, -0.024006283639071684, -0.007228927930595349], [0.009973764214246514, 0.01660027258040037, 0.014491181400922277]]	0.15283543478948977	[[0.0, 0.0, -0.9211673170000002], [0.7071067811865475, -0.7071067811865476, 0.0], [-0.6513636564581182, -0.6513636564581181, 0.0]]
4	[[0.8787972042104137, -0.3840163418041313, 0.28327887866788265], [-0.395223040501579, -0.9183905790867732, -0.018907472103605397], [0.2674214316928388, -0.09534250611366366, -0.9588511794847616]]	0.6869817150413029	0.3130182849586971	[[0.6037176105219721, -0.2638122050964893, 0.19460740990223913], [-0.2715110021876131, -0.6309175350988068, -0.012989087612830425], [0.183713633783147, -0.06549855836630056, -0.6587132277518177]]	0.8420326652144112	0.2541334242992804	[[0.688935101826031, -0.31077540568312584, 0.14103040999295308], [-0.35887732460322985, -0.8404913152408219, -0.02621070545867243], [0.12902477577197932, -0.0537985999293489, -0.8073840142055356]]	[[-0.05104085021823683, 0.01257889809209513, -0.09749965921071396], [-0.026086614455542098, -0.06717644822457974, -0.010289996330806446], [-0.09615280509179534, 0.026482904601760594, 0.0]]	0.4792446457876863	[[0.6694384958459592, -0.669438495845959, 0.0], [-0.7071067811865475, -0.7071067811865476, 0.0], [0.0, 0.0, -0.9467290000000002]]
4	[[0.034229894132735264, 0.2773841392786001, 0.9601491309293217], [-0.1827544195208179, -0.9427759796974285, 0.2788803941677556], [0.9825625356654255, -0.18501754344446375, 0.018422055382213542]]	0.8615884087909017	0.1384115912090983	[[0.029492080018904392, 0.23899095918488297, 0.8272533619193616], [-0.1574590895144464, -0.8122848561937908, 0.24028011505397603], [0.8465644916415277, -0.15940897085471703, 0.015872229383419235]]	0.9173261747937957	0.12825016033821346	[[0.009040505950181445, 0.23589611282855097, 0.8580524966354482], [-0.16498595982360154, -0.8266575311681869, 0.253499779365397], [0.8911688656213437, -0.15969082586153055, 0.0]]	[[-0.022359471898197196, -0.018555618604356797, -0.02271743287153377], [0.0026594527620909143, 0.03817555197512859, -0.0023245058414962114], [-0.010161466716313539, 0.0100306095361243, -0.01689903359560541]]	0.3498678574384168	[[0.0, 0.0, 0.9730000000000001], [0.0, -1.0, 0.0], [0.9730000000000001, 0.0, 0.0]]
4	[[-0.5446221603179724, 0.8109226453022452, -0.2139887049042392], [-0.8354447797583356, -0.5021691245819775, 0.22328947644507607], [0.07361197229480154, 0.30038414347728, 0.9509735242804028]]	0.7116015107969627	0.28839848920303734	[[-0.3875539520957747, 0.5770537795365471, -0.15227468570334202], [-0.5945037674634673, -0.3573443077281232, 0.158893128783379], [0.05238239069772492, 0.21375381031788404, 0.6767141966058466]]	0.830548871056342	0.25644381854071185	[[-0.5016948583281111, 0.6395673591703777, -0.1289703787389338], [-0.7362298295913072, -0.4080888121968405, 0.09473424974403444], [0.07750720494491058, 0.13637308390279596, 0.7729352695949404]]	[[-0.049359537923753125, -0.033943528399424674, 0.04875769853809081], [-0.04235211093310722, 0.008987187304072455, -0.09071857283618515], [0.01636886445923242, -0.11311062734548519, -0.016894717400619024]]	0.3960728528406927	[[-0.6694384958459592, 0.669438495845959, 0.0], [-0.7071067811865475, -0.7071067811865476, 0.0], [0.0, 0.0, 0.9467290000000002]]
4	[[-0.30792515101507295, 0.09349718223056193, 0.9468053539599837], [0.3027085282091916, -0.9338174967034747, 0.1906631317268273], [0.9019698710720718, 0.34531602882779927, 0.2592434992682147]]	0.7134488065476549	0.2865511934523455	[[-0.21968883149771015, 0.06670545307796304, 0.6754971498156802], [0.21596703818264487, -0.6662309785564123, 0.13602838378314325], [0.6435093280583115, 0.2463653086489689, 0.18495696515814564]]	0.8445879391945323	0.2672262041897541	[[-0.2516865787269685, 0.07715638147284061, 0.7386265933228099], [0.24426145935817611, -0.8497584958516745, 0.11845361758804493], [0.675686015927623, 0.2610675966735769, 0.17453019725412788]]	[[0.008383289995017093, -0.0018102109877653101, -0.061033789396602346], [-0.011402512658634997, -0.06106750072708991, -0.04257816391749181], [-0.0861068586966962, -0.03058215648493384, -0.044423735542392824]]	0.4706841822579091	[[0.0, 0.0, 0.9730000000000001], [0.0, -1.0, 0.0], [0.9730000000000001, 0.0, 0.0]]
4	[[0.22433838825039393, -0.7661379269479729, -0.6022499185961573], [-0.9416906372873723, -0.011392912655017143, -0.3362869982418849], [0.2507808429735371, 0.642575192824231, -0.724020780340167]]	0.5837147901602104	0.4162852098397896	[[0.13094963522245853, -0.4472060392622146, -0.35154218485735983], [-0.5496787527400333, -0.006650211619736928, -0.19629569461236887], [0.1463844871324989, 0.37508064384155276, -0.42262163786789236]]	0.7638789001275524	0.3898485533641361	[[0.1931508789897328, -0.5236300974866057, -0.3980060582528462], [-0.8417642806446846, 0.03210545500545202, -0.17153423424473282], [0.15374541361388272, 0.3980060582528462, -0.4498903975345549]]	[[0.021783517716633987, 0.06160649949641474, 0.06203994716629442], [-0.12242667237319257, 0.04080826059361581, 0.0853483080994744], [-0.03782078088980326, -0.09284357329097742, 0.10317379982118413]]	0.7359439895563272	[[1.7896648503019895e-16, -0.8962957994410004, 0.0], [-1.0, -1.7938038903913487e-16, 0.0], [0.0, 0.0, -0.8962957994410004]]
4	[[0.3802729664721569, 0.7767473726770865, -0.5020517802076895], [0.4287143634067757, 0.332951791095048, 0.839849450446521], [0.8195098935212374, -0.5346088512602871, -0.20639019011321075]]	0.715167536214862	0.28483246378513827	[[0.2719588805210093, 0.5555045047788392, -0.3590511347034186], [0.3066025950175467, 0.23811631211577086, 0.6006330622672441], [0.5860868714532872, -0.3823348949944771, -0.1476035637621819]]	0.8433832569303849	0.2509581225166295	[[0.34631730260427007, 0.5848321875135054, -0.42898646133815393], [0.40402660591016964, 0.29304014796509703, 0.717354597696792], [0.6488995664637135, -0.42898646133815393, -0.07938194467294778]]	[[0.0256014496184034, -0.07026354146701531, -0.0055643957988951685], [0.04245608980732657, 0.012234181990550444, 0.009039632848011443], [-0.0422613566209005, 0.021893692821558636, 0.09468408606321317]]	0.3830488273926742	[[0.44814789972050006, 0.4481478997205002, -0.6337768377337492], [0.5, 0.5000000000000001, 0.7071067811865475], [0.6337768377337492, -0.633776837733749, 0.0]]
4	[[0.8592155572171323, 0.2624339665249735, -0.4391776855101157], [-0.4266000482917053, 0.8413623931712975, -0.33184593135155627], [0.2824199444684594, 0.4724804086637203, 0.8348660002631537]]	0.7036301858098093	0.29636981419019076	[[0.6045700021753697, 0.1846564606287724, -0.3090186764590047], [-0.30016867124596613, 0.5920079770405058, -0.23349681433712474], [0.19871919800273813, 0.33245147773954814, 0.5874369188914551]]	0.79619044419542	0.364233400268535	[[0.5656331032522149, 0.2104980707860816, -0.28819310146336863], [-0.32407255852960715, 0.752846456143269, -0.2726088790378865], [0.24708637306803263, 0.3503588108905149, 0.548807616252756]]	[[-0.11846611290810884, 0.0015506544065969838, 0.0614759750436468], [0.015582323413553336, 0.08296175859489223, -0.008396319550648068], [0.022226312032044112, -0.025825575557086106, -0.11590471534041821]]	0.5194709663738688	[[0.6337768377337492, 0.4481478997205002, -0.44814789972050006], [-0.7071067811865475, 0.5000000000000001, -0.5], [0.0, 0.633776837733749, 0.6337768377337492]]
4	[[-0.42203838922340475, -0.825029846081567, 0.3757783270710803], [0.2588054115689476, 0.28760896992378115, 0.9221175843470338], [-0.8688517462515349, 0.4864224845687207, 0.09214016247897017]]	0.7175245106034669	0.2824754893965332	[[-0.30282288868339896, -0.59197913654293, 0.2696301602270664], [0.18569922627753793, 0.2063664853897283, 0.6616419684274566], [-0.6234224240161002, 0.34902005518669377, 0.06611282498964699]]	0.8434797655473077	0.25730588837166146	[[-0.27666471978018636, -0.619631079660814, 0.3304108430293378], [0.2606681274522563, 0.23447533873561283, 0.8300313784735555], [-0.7204771514276977, 0.3677865124409182, 0.023476486502373283]]	[[0.07931612181393442, 0.07626490148159759, 0.013449427813663359], [0.04237099957970584, -0.008117007785000853, 0.052243854621469465], [0.01238171579591593, -0.04250101080004523, -0.054241876142879314]]	0.5014469926777324	[[-0.44814789972050006, -0.4481478997205002, 0.6337768377337492], [0.5, 0.5000000000000001, 0.7071067811865475], [-0.6337768377337492, 0.633776837733749, 0.0]]
4	[[0.5319609947059123, -0.8460851799387872, 0.03402011756955908], [-0.703274286200726, -0.4190807785627857, 0.5742617690636116], [-0.47161719485230363, -0.3294103357928521, -0.8179645788128509]]	0.6461901791210287	0.3538098208789715	[[0.3437479704544139, -0.5467319339762927, 0.021983465865991814], [-0.4544489369712606, -0.27080588336566663, 0.371082315413574], [-0.3047543996181671, -0.2128617238903013, -0.5285606776977329]]	0.7730873086877053	0.3925552209879896	[[0.5069070978922352, -0.6646018315548605, 0.09991222191771479], [-0.5185276633165853, -0.3766423642212705, 0.32546196125869753], [-0.27758416705269817, -0.11403824361901686, -0.6028366490833683]]	[[0.09565480416820683, -0.010504116875430698, 0.07361170078462509], [0.025164761871600994, -0.05265633299941836, -0.11849252426893041], [0.08701710084651429, 0.14062470633299246, 0.029521385752930965]]	0.6618894407479047	[[0.6694384958459592, -0.669438495845959, 0.0], [-0.7071067811865475, -0.7071067811865476, 0.0], [0.0, 0.0, -0.9467290000000002]]
4	[[-0.8305561570912853, 0.32773595720904825, 0.4502950280316503], [-0.5100865793185324, -0.772219296347621, -0.37879947194723407], [0.22358030216652452, -0.5443036842615101, 0.808545204538665]]	0.640393752744863	0.3596062472551369	[[-0.5318829743050402, 0.20988005954653222, 0.28836612284354174], [-0.3266562587545852, -0.4945244131300506, -0.24258081537806161], [0.14317942874425113, -0.34856867899708355, 0.5177872977983786]]	0.7893576232249628	0.35668961930275345	[[-0.6407188936925438, 0.2604504907010319, 0.19712590906803013], [-0.5641507597312457, -0.6254159539189132, -0.3025698581656033], [0.1732925622464599, -0.28574308758218, 0.6203702615465007]]	[[0.014886940423891923, 0.001749614473139472, -0.15831790400905138], [-0.16151002984141744, -0.015858765545502036, -0.003561607310463642], [-0.0031922536716268973, 0.14390717493907615, -0.017861059378081308]]	0.6653080043498393	[[-0.8962957994410004, 0.0, 0.0], [0.0, -0.7071067811865476, -0.7071067811865475], [0.0, -0.633776837733749, 0.6337768377337492]]
4	[[0.04673222253661188, -0.9725397674033924, -0.22799671093185395], [-0.8377629715199755, -0.16246744520517667, 0.5213036857710898], [-0.5440306084466285, 0.16664552219444034, -0.8223502702654952]]	0.6092923882179208	0.3907076117820792	[[0.02847358747606362, -0.5925610775181143, -0.1389166605095002], [-0.5104426016779477, -0.09899017769672624, 0.3176263676902718], [-0.33147370868409487, 0.10153584820367309, -0.5010517601217161]]	0.7834873740960439	0.3636547201439609	[[-0.028750477768095768, -0.8402932661595062, -0.14910056019809786], [-0.6853173591350739, -0.14780373322091542, 0.27151282602407845], [-0.29075258368661405, 0.0368406659480392, -0.6111125639367072]]	[[-0.06536458408897788, -0.07832063759264499, 0.029531984152435152], [-0.02894064846398941, -0.020512541201018593, -0.13692202984730184], [0.1354885291531079, -0.09372399664094686, 0.03318848990077767]]	0.6296168775222243	[[1.8393266704028667e-16, -0.9211673170000002, 0.0], [-1.0, -1.7938038903913487e-16, 0.0], [0.0, 0.0, -0.9211673170000002]]
4	[[-0.3195682178843842, -0.5708200961323295, -0.7563336379995778], [0.910087742671785, 0.03735879733279218, -0.41272826520656647], [0.2638493031197415, -0.8202248094963509, 0.507557688474819]]	0.6367425343728267	0.36325746562717315	[[-0.20348267696071048, -0.36346543468224013, -0.4815897974912712], [0.5794915757704775, 0.023787935294802994, -0.2628016415949293], [0.16800407396096842, -0.5222720239541755, 0.3231835688998699]]	0.7617536325348269	0.3820204419501913	[[-0.2757174200230297, -0.40315484142547453, -0.518672285226758], [0.7783489932334033, 0.03229525642310213, -0.23502813997736235], [0.2106547346121414, -0.518672285226758, 0.30670600156939126]]	[[-0.032285169206918984, 0.031669440327206526, 0.05746761092770109], [0.08508634932775011, 0.0038370568477151673, 0.07936911529353706], [0.009666569518895702, 0.10613694290227368, -0.0799279113472821]]	0.7106864964148635	[[0.0, 0.0, -0.8962957994410004], [1.0, 1.7938038903913487e-16, 0.0], [1.7896648503019895e-16, -0.8962957994410004, 0.0]]
