4	[[0.5319609947059123, -0.8460851799387872, 0.03402011756955908], [-0.703274286200726, -0.4190807785627857, 0.5742617690636116], [-0.47161719485230363, -0.3294103357928521, -0.8179645788128509]]	0.6316708394203215	0.3683291605796786	[[0.33602424806475284, -0.5344473358330274, 0.02148951622234139], [-0.4442378587071399, -0.2647211071796768, 0.3627444137114103], [-0.2979068293574119, -0.20807890332400086, -0.5166843721148031]]	0.7685242689344289	0.4038313734724643	[[0.4919073471161949, -0.6497946899877711, 0.09640457427634867], [-0.5091686754340004, -0.37046450366932465, 0.3373799027683481], [-0.276856297606181, -0.11236000071165472, -0.5833020410110379]]	[[0.08308241255820206, 0.0004423043809399785, 0.07025928829213998], [0.031314681228794786, -0.048390754699888426, -0.10395420347825589], [0.08559296228459175, 0.14079983678299174, 0.04532358893536659]]	0.6673207691962185	[[0.658748483812252, -0.6587484838122519, 0.0], [-0.7071067811865475, -0.7071067811865476, 0.0], [0.0, 0.0, -0.9316110400000001]]
4	[[0.8787972042104137, -0.3840163418041313, 0.28327887866788265], [-0.395223040501579, -0.9183905790867732, -0.018907472103605397], [0.2674214316928388, -0.09534250611366366, -0.9588511794847616]]	0.6729212304809221	0.3270787695190779	[[0.5913612960004658, -0.2584127492516184, 0.19062437160244738], [-0.26595397472873383, -0.6180045185411581, -0.012723239393241858], [0.1799535588717149, -0.06415799653114139, -0.6452313155469693]]	0.8351391472861729	0.261809799142916	[[0.6840381081960827, -0.3069835914391509, 0.13571135859292252], [-0.3581113452750629, -0.8404797269778362, -0.027004661328503793], [0.12467799692869332, -0.05179473199344472, -0.8007741564092448]]	[[-0.04987983956567521, 0.013723488799106775, -0.10086592258195626], [-0.02804511224272555, -0.073495801883654, -0.011214291198561677], [-0.09865610950131157, 0.02782952726244707, 0.0]]	0.48304732911742876	[[0.658748483812252, -0.6587484838122519, 0.0], [-0.7071067811865475, -0.7071067811865476, 0.0], [0.0, 0.0, -0.9316110400000001]]
4	[[0.034229894132735264, 0.2773841392786001, 0.9601491309293217], [-0.1827544195208179, -0.9427759796974285, 0.2788803941677556], [0.9825625356654255, -0.18501754344446375, 0.018422055382213542]]	0.8522717242268457	0.14772827577315437	[[0.02917317089260868, 0.23640665865615199, 0.8183079553320404], [-0.1557564242350838, -0.803501309776381, 0.23768187439041544], [0.8374102664322738, -0.15768522076362845, 0.01570059690440158]]	0.9110709871782443	0.13517978972877534	[[0.00907024360712568, 0.23239336662462148, 0.8472857593623647], [-0.16542455285443053, -0.8262759253642935, 0.25398246424180815], [0.879846694761442, -0.15754133269671422, 0.0]]	[[-0.02211561983139223, -0.02032327497552036, -0.027478257191745667], [0.0010776965495879927, 0.03265991714657922, -9.737177726680795e-05], [-0.015337524571616034, 0.01102278325452706, -0.016783800182925582]]	0.353280802238521	[[0.0, 0.0, 0.9652000000000001], [0.0, -1.0, 0.0], [0.9652000000000001, 0.0, 0.0]]
4	[[-0.30792515101507295, 0.09349718223056193, 0.9468053539599837], [0.3027085282091916, -0.9338174967034747, 0.1906631317268273], [0.9019698710720718, 0.34531602882779927, 0.2592434992682147]]	0.6985535190222248	0.3014464809777753	[[-0.21510219783702925, 0.06531278566582127, 0.6613942118378295], [0.21145810761856926, -0.6523214984467374, 0.13318840161557327], [0.6300742274894182, 0.24122172711243928, 0.18109545869744692]]	0.8380447231796608	0.27360000378776345	[[-0.24436296455662881, 0.07523395786943078, 0.7332711383048497], [0.24541067913838627, -0.8493356972849183, 0.11832512384184943], [0.6708571064892929, 0.25707768566145817, 0.16912900668719805]]	[[0.013692083385853267, -0.0031208623310587957, -0.06019409245956562], [-0.008272605588808248, -0.06675487175973102, -0.0414591076067268], [-0.08503398442969594, -0.03231259012703472, -0.04812863989315962]]	0.4721669324861733	[[0.0, 0.0, 0.9652000000000001], [0.0, -1.0, 0.0], [0.9652000000000001, 0.0, 0.0]]
4	[[0.22433838825039393, -0.7661379269479729, -0.6022499185961573], [-0.9416906372873723, -0.011392912655017143, -0.3362869982418849], [0.2507808429735371, 0.642575192824231, -0.724020780340167]]	0.5657153575680288	0.4342846424319712	[[0.12691167152530686, -0.4334159912898008, -0.34070202804394145], [-0.5327288555914907, -0.006445145656374357, -0.19024271945588694], [0.1418705742539862, 0.36351465497290497, -0.40958967463682094]]	0.7604387027724394	0.40527201278283764	[[0.20356150510836507, -0.5004300585743734, -0.39548490641221734], [-0.8298911937697414, 0.03186959118544508, -0.18330962312655594], [0.15909426240464764, 0.3954849064122173, -0.42565373236269066]]	[[0.03296591216517565, 0.08217087273870907, 0.0624892404298518], [-0.11379318713798028, 0.040533202905626016, 0.07241602557574073], [-0.03160919650632772, -0.0931541396527911, 0.12491969061947526]]	0.7333955383256895	[[-1.73296423710648e-16, -0.8678991298498818, 0.0], [-1.0, 1.7938038903913487e-16, 0.0], [0.0, 0.0, -0.8678991298498818]]
4	[[0.08740825448676931, -0.06334395238859675, -0.994156597696443], [0.7119981850616444, -0.6940087028176986, 0.10681996481098455], [-0.6967197295301035, -0.717174639895393, -0.015561310176609944]]	0.8030620492316246	0.1969379507683756	[[0.07019425196790431, -0.05086912421161697, -0.7983694346032452], [0.5717787215448015, -0.5573320510693626, 0.08578305983995932], [-0.5595091737365482, -0.5759357359713466, -0.012496697639157315]]	0.9196561336630195	0.13623038941312576	[[0.055364203417616824, -0.05536420341761684, -0.8623796970971505], [0.6843097366671476, -0.6719295363752529, 0.09021417887205323], [-0.6251294394638764, -0.6358742045245791, 0.0]]	[[-0.025021333953918725, 0.00289045092701444, 0.05190251579594215], [0.029516238618268673, -0.03368017601344073, -0.00802345696403663], [0.015613133242523182, 0.02367985196278625, 0.014311054351752103]]	0.16749845228221244	[[0.0, 0.0, -0.8991909758080001], [0.7071067811865475, -0.7071067811865476, 0.0], [-0.6358240365755857, -0.6358240365755856, 0.0]]
4	[[-0.42203838922340475, -0.825029846081567, 0.3757783270710803], [0.2588054115689476, 0.28760896992378115, 0.9221175843470338], [-0.8688517462515349, 0.4864224845687207, 0.09214016247897017]]	0.6971092809835642	0.3028907190164358	[[-0.2942068780589893, -0.5751359627919018, 0.2619585593937274], [0.18041565437348445, 0.20049488222799072, 0.642816726206462], [-0.6056846161107217, 0.33908962847193974, 0.0642317624154237]]	0.8305254944382547	0.2796603708168444	[[-0.26885234284805826, -0.5990467870018235, 0.3208271284121319], [0.26138871475544034, 0.23433088436285382, 0.8297464758612625], [-0.6966527769426443, 0.3567311620781536, 0.02348346745335162]]	[[0.08166129903363456, 0.08616153384138721, 0.008733647522242663], [0.04644422234884418, -0.004535697587971664, 0.0639043131912332], [0.024950749206452846, -0.047255112424167536, -0.053041286547116206]]	0.510520876423251	[[-0.4339495649249408, -0.4339495649249409, 0.6136973601027554], [0.5, 0.5000000000000001, 0.7071067811865475], [-0.6136973601027554, 0.6136973601027553, 0.0]]
4	[[0.8592155572171323, 0.2624339665249735, -0.4391776855101157], [-0.4266000482917053, 0.8413623931712975, -0.33184593135155627], [0.2824199444684594, 0.4724804086637203, 0.8348660002631537]]	0.6830647462849831	0.3169352537150169	[[0.5868998565946308, 0.1792593907609428, -0.2999867943269933], [-0.29139545375153536, 0.5747049896252784, -0.22667225690435466], [0.19291110771416728, 0.32273471046850927, 0.5702675326517099]]	0.788334637781817	0.3764534719643349	[[0.5532449174482416, 0.20728537631282953, -0.2852046477350694], [-0.3244468123286416, 0.7529204278936341, -0.27205604163588815], [0.24435063949436953, 0.343260638325036, 0.5377761280162505]]	[[-0.12410446762702844, 0.00039959037071906484, 0.061014333893404334], [0.011856782219105529, 0.08964531042969663, -0.010450399544489414], [0.021709214869465754, -0.02921203349788281, -0.12037765789755706]]	0.5317592254416108	[[0.6136973601027554, 0.4339495649249409, -0.4339495649249408], [-0.7071067811865475, 0.5000000000000001, -0.5], [0.0, 0.6136973601027553, 0.6136973601027554]]
4	[[0.3802729664721569, 0.7767473726770865, -0.5020517802076895], [0.4287143634067757, 0.332951791095048, 0.839849450446521], [0.8195098935212374, -0.5346088512602871, -0.20639019011321075]]	0.6899564416582739	0.31004355834172637	[[0.26237178280596546, 0.5359218533196957, -0.3463938598002992], [0.29579423666393106, 0.22972223302768818, 0.5794595383587384], [0.565426130037664, -0.3688568206945651, -0.14240024116368555]]	0.8303042801494335	0.27067605998428385	[[0.34693289770833646, 0.560863868966852, -0.4233917275991394], [0.40612894223326, 0.29391123217057086, 0.7156130762655779], [0.6282075570655223, -0.4233917275991394, -0.07636062336552031]]	[[0.03119062602138265, -0.08407279916176012, -0.006535985636052321], [0.05016557133507445, 0.017459934940932516, 0.01828248287868208], [-0.05223501514996738, 0.020496289808048778, 0.09500603486633385]]	0.3915158829313005	[[0.4339495649249408, 0.4339495649249409, -0.6136973601027554], [0.5, 0.5000000000000001, 0.7071067811865475], [0.6136973601027554, -0.6136973601027553, 0.0]]
4	[[0.8489524140446696, -0.5135124485683378, 0.12483895166604869], [0.522794976890395, 0.7815435453534784, -0.34040431673891397], [0.0772347773085365, 0.35425224329800037, 0.9319550081910795]]	0.7821219838359752	0.217878016164025	[[0.6639843462549571, -0.4016293749987375, 0.09763928853705345], [0.40888944446499853, 0.611262388146064, -0.2662376995141691], [0.06040701724968233, 0.27706846730657664, 0.7289024998522793]]	0.8915810473549319	0.18267653852222357	[[0.7267492548603819, -0.46141320707269445, 0.062302696088085474], [0.5079231810715005, 0.6665500062210139, -0.2970963162829521], [0.02267566507527781, 0.28015786434137346, 0.8086265997209181]]	[[-0.030160627608062485, -0.0035752403483403136, -0.04900134718902194], [0.04180908802366473, -0.03025940649872727, 0.006401720959268877], [-0.046185398569692095, -0.03568672176609192, -0.02228682256975875]]	0.43820676563431316	[[0.6824994652012557, -0.6824994652012557, 0.0], [0.7071067811865475, 0.7071067811865476, 0.0], [0.0, 0.0, 0.9652000000000001]]
4	[[-0.5446221603179724, 0.8109226453022452, -0.2139887049042392], [-0.8354447797583356, -0.5021691245819775, 0.22328947644507607], [0.07361197229480154, 0.30038414347728, 0.9509735242804028]]	0.6960751493542824	0.3039248506457178	[[-0.37909795158498444, 0.56446310144353, -0.14895221972634776], [-0.581532349847539, -0.34954744839450913, 0.15542625566574586], [0.05123946460936728, 0.20908993753460586, 0.6619490379454498]]	0.8217116377780362	0.2680143798872113	[[-0.494112041025128, 0.6321365662791083, -0.12269415307312297], [-0.7358611429477433, -0.4075239703190763, 0.0953369015539645], [0.07665312601421055, 0.12878384096018203, 0.7626737803027959]]	[[-0.04658967370003472, -0.034208008703497356, 0.053142856099740385], [-0.04936644469941074, 0.0051142434827431, -0.08814265983431924], [0.016165311699777765, -0.11804530553908635, -0.01875223181720501]]	0.4012420708645377	[[-0.658748483812252, 0.6587484838122519, 0.0], [-0.7071067811865475, -0.7071067811865476, 0.0], [0.0, 0.0, 0.9316110400000001]]
4	[[-0.3195682178843842, -0.5708200961323295, -0.7563336379995778], [0.910087742671785, 0.03735879733279218, -0.41272826520656647], [0.2638493031197415, -0.8202248094963509, 0.507557688474819]]	0.6198838245092638	0.3801161754907361	[[-0.1980951690937818, -0.35384214429725414, -0.4688389881281833], [0.5641486705663888, 0.023158114169717716, -0.25584357551932013], [0.1635559151119694, -0.5084440918679803, 0.3146268010908523]]	0.7506502054161059	0.39736860444271294	[[-0.27153724928773004, -0.39137302195871687, -0.5036048850813923], [0.7776382029355553, 0.02819475436539723, -0.23404044671037014], [0.20312350004960797, -0.5036048850813923, 0.30072393325357083]]	[[-0.03165330088835815, 0.03711320045865765, 0.06413711564610133], [0.09448065195229953, 0.00015136547343798119, 0.07577411034797205], [0.005064966463877581, 0.11209703665442988, -0.08027434986057588]]	0.7113753259875785	[[0.0, 0.0, -0.8678991298498818], [1.0, 1.7938038903913487e-16, 0.0], [1.73296423710648e-16, -0.8678991298498818, 0.0]]
4	[[-0.8305561570912853, 0.32773595720904825, 0.4502950280316503], [-0.5100865793185324, -0.772219296347621, -0.37879947194723407], [0.22358030216652452, -0.5443036842615101, 0.808545204538665]]	0.6232590800640279	0.37674091993597214	[[-0.5176516664102285, 0.20426441119401495, 0.28065046492841195], [-0.3179160921790753, -0.4812926882493091, -0.23609021041457262], [0.13934845344874547, -0.33924221352828987, 0.5039331403709496]]	0.7817758890218731	0.3706240142358588	[[-0.6229730234352409, 0.24759620685947578, 0.1983723085294463], [-0.5650111101037248, -0.6271128034831438, -0.3048626114996765], [0.1797431535925594, -0.278561505619761, 0.6024303280953877]]	[[0.026335754657389184, -0.00861986245206246, -0.15365748733212642], [-0.16623772107885298, -0.02341037656113703, -0.008726317557111445], [0.004953464098545682, 0.14696199104166197, -0.029670817997199415]]	0.6754717866076434	[[-0.8678991298498818, 0.0, 0.0], [0.0, -0.7071067811865476, -0.7071067811865475], [0.0, -0.6136973601027553, 0.6136973601027554]]
4	[[0.04673222253661188, -0.9725397674033924, -0.22799671093185395], [-0.8377629715199755, -0.16246744520517667, 0.5213036857710898], [-0.5440306084466285, 0.16664552219444034, -0.8223502702654952]]	0.599569212024887	0.4004307879751129	[[0.02801920184244802, -0.5831049020049189, -0.13669980831767758], [-0.5022968846978595, -0.09741047810136423, 0.31255764010344156], [-0.3261840032237649, 0.0999155244295964, -0.4930559035515358]]	0.7724463525034795	0.37511806897268707	[[-0.013894159605219461, -0.8150680585754506, -0.13616627959742109], [-0.6863405937505387, -0.15861972844697067, 0.2802714493896391], [-0.2828904180138874, 0.04787702891791902, -0.5910388104725007]]	[[-0.04999229444800632, -0.06383326258011769, 0.03994894814467968], [-0.039213642137457316, -0.033122342997672936, -0.12240768123085928], [0.13734404113095955, -0.08084769686221406, 0.044182656274331655]]	0.6368705515291023	[[1.7954457491778696e-16, -0.8991909758080001, 0.0], [-1.0, -1.7938038903913487e-16, 0.0], [0.0, 0.0, -0.8991909758080001]]
