4	[[-0.3195682178843842, -0.5708200961323295, -0.7563336379995778], [0.910087742671785, 0.03735879733279218, -0.41272826520656647], [0.2638493031197415, -0.8202248094963509, 0.507557688474819]]	0.6038453723393583	0.3961546276606418	[[-0.19296978951622112, -0.3446870734878148, -0.4567085672506365], [0.54955227183513, 0.022558936885570518, -0.24922405297863653], [0.1593241806838205, -0.49528895549230323, 0.30648636138078106]]	0.7400359861719816	0.41080265954840867	[[-0.25479092224697886, -0.3812622720118582, -0.49202462928061275], [0.78451347402019, 0.03288634544264285, -0.22910849627903923], [0.1928148708058883, -0.49202462928061275, 0.2939852567702174]]	[[-0.018298940975685907, 0.04116514075621562, 0.06768948039144715], [0.11101579386904287, 0.005239491016270682, 0.07632527248415341], [-0.0024431084291197183, 0.11497124649774518, -0.08162569775941675]]	0.7128573958307576	[[0.0, 0.0, -0.8415876055991055], [1.0, 1.7938038903913487e-16, 0.0], [1.6804271057946396e-16, -0.8415876055991055, 0.0]]
4	[[0.034229894132735264, 0.2773841392786001, 0.9601491309293217], [-0.1827544195208179, -0.9427759796974285, 0.2788803941677556], [0.9825625356654255, -0.18501754344446375, 0.018422055382213542]]	0.8414059822405517	0.15859401775944842	[[0.028801237694744214, 0.23339267416766055, 0.807875222606998], [-0.15377066186571564, -0.7932573492301133, 0.2346516319823526], [0.8267339954343343, -0.15567486787362297, 0.015500427603761226]]	0.9050397657373856	0.14426579612147994	[[0.009096931128104608, 0.22909760494208, 0.8371088674019245], [-0.1658497582747057, -0.8259039068669772, 0.2544553909232075], [0.8691487084618914, -0.1555146583680644, 0.0]]	[[-0.021882484239001625, -0.021946071489890577, -0.03186427712730316], [-0.0004497412441128012, 0.027345844941217647, 0.002057544316872182], [-0.020109458639076924, 0.011933575808219623, -0.016672692687519686]]	0.35656009766754915	[[0.0, 0.0, 0.9578], [0.0, -1.0, 0.0], [0.9578, 0.0, 0.0]]
4	[[0.8489524140446696, -0.5135124485683378, 0.12483895166604869], [0.522794976890395, 0.7815435453534784, -0.34040431673891397], [0.0772347773085365, 0.35425224329800037, 0.9319550081910795]]	0.761796837816048	0.23820316218395216	[[0.6467292644755295, -0.3911921594985358, 0.09510191861546632], [0.3982635602212168, 0.5953774014658227, -0.2593189320706371], [0.058837209123069785, 0.26986823873365795, 0.7099603782267934]]	0.8826210598424117	0.1961467945106068	[[0.7164103600099967, -0.4572428717521381, 0.054378641974103796], [0.5053812145553245, 0.6690554091235831, -0.2935897051325367], [0.022933078387641342, 0.26716804429856694, 0.8005371371654977]]	[[-0.03289291942988328, -0.0040059701544798935, -0.0558068458549997], [0.043951357972034893, -0.02075138318930001, 0.006858313682495641], [-0.0452359626171118, -0.04550244613266602, -0.022025979889556308]]	0.440748428613399	[[0.6772668750204752, -0.6772668750204751, 0.0], [0.7071067811865475, 0.7071067811865476, 0.0], [0.0, 0.0, 0.9578]]
4	[[0.8592155572171323, 0.2624339665249735, -0.4391776855101157], [-0.4266000482917053, 0.8413623931712975, -0.33184593135155627], [0.2824199444684594, 0.4724804086637203, 0.8348660002631537]]	0.6632692435189663	0.33673075648103384	[[0.5698912526551344, 0.17406437845070089, -0.29129305123870497], [-0.2829506913155939, 0.5580497980440334, -0.22010319985239357], [0.18732046292226354, 0.3133817232319178, 0.5537409404342472]]	0.780885706176458	0.3887445642790547	[[0.5346678953840147, 0.21307791841676474, -0.2864147089033523], [-0.3427581918678228, 0.7508267502130334, -0.258799247148451], [0.24263364480742297, 0.33309529219068634, 0.5287361355423847]]	[[-0.13628125177128433, 0.008146985142221855, 0.05653286818315683], [-0.00963231190264342, 0.09381888367115014, 0.0003344972967934904], [0.022095947032853953, -0.035857905383224385, -0.12319879063582313]]	0.5435528693177721	[[0.5950923028816772, 0.42079380279955275, -0.42079380279955264], [-0.7071067811865475, 0.5000000000000001, -0.5], [0.0, 0.5950923028816771, 0.5950923028816772]]
4	[[-0.5446221603179724, 0.8109226453022452, -0.2139887049042392], [-0.8354447797583356, -0.5021691245819775, 0.22328947644507607], [0.07361197229480154, 0.30038414347728, 0.9509735242804028]]	0.6812322705104719	0.31876772948952825	[[-0.3710141908437306, 0.5524266748676065, -0.14577601130551018], [-0.5691319442008919, -0.34209381291923635, 0.15211199701977365], [0.0501468510231416, 0.20463137208637078, 0.6478338531408842]]	0.8132595311393019	0.2790622485251818	[[-0.4869364912528099, 0.6250312411261153, -0.11694968143144313], [-0.7354853632244068, -0.40693272662470936, 0.09595758243417542], [0.07579392481342066, 0.12191246865787894, 0.7529886687803382]]	[[-0.044017328504542014, -0.034459329182631185, 0.057078672388084895], [-0.056051933345365255, 0.0014611001854632905, -0.08563471248788734], [0.015928286738711103, -0.12237779902813459, -0.020399613701831847]]	0.4063717104005063	[[-0.6486862128946111, 0.648686212894611, 0.0], [-0.7071067811865475, -0.7071067811865476, 0.0], [0.0, 0.0, 0.91738084]]
4	[[-0.8305561570912853, 0.32773595720904825, 0.4502950280316503], [-0.5100865793185324, -0.772219296347621, -0.37879947194723407], [0.22358030216652452, -0.5443036842615101, 0.808545204538665]]	0.6076248473317833	0.39237515266821665	[[-0.5046665581530648, 0.19914051096428378, 0.2736104476619926], [-0.3099412798844148, -0.4692196320498804, -0.23016797131129824], [0.1358529469703285, -0.3307324430515272, 0.49129215646865176]]	0.7720529545884927	0.3823234278158049	[[-0.6094693503790085, 0.2419870011890992, 0.19749548645758985], [-0.5672352780216844, -0.6252956765499063, -0.3039441798926898], [0.17759750316943165, -0.27153228376725097, 0.5889892790891642]]	[[0.03176398465498251, -0.011042512899034325, -0.15015612037075385], [-0.1734214273628738, -0.029101487214478708, -0.01149092837926691], [0.004981670293978448, 0.14869898386024993, -0.03525043499326909]]	0.6807734678071772	[[-0.6486862128946111, 0.648686212894611, 0.0], [-0.7071067811865475, -0.7071067811865476, 0.0], [0.0, 0.0, 0.91738084]]
4	[[0.8787972042104137, -0.3840163418041313, 0.28327887866788265], [-0.395223040501579, -0.9183905790867732, -0.018907472103605397], [0.2674214316928388, -0.09534250611366366, -0.9588511794847616]]	0.6594205356963279	0.3405794643036724	[[0.5794969231688661, -0.2532282618286244, 0.18679990992263024], [-0.26061818908708273, -0.6056056076398606, -0.012467975383222855], [0.17634318374357072, -0.0628708064561025, -0.6322861584288973]]	0.8291780660408702	0.2800829517429364	[[0.6563780383998559, -0.26881455900141954, 0.16999563506697932], [-0.3179925484590533, -0.8544946217773829, -0.03328850904421578], [0.16050777841059807, -0.05344395260701769, -0.7550753211613159]]	[[-0.07230132782945865, 0.04960336862381984, -0.06489299769708191], [0.009717727918838522, -0.0929852975400574, -0.017610847891626556], [-0.061232207138350626, 0.025611962223799793, 0.03998304546486604]]	0.4868932678948641	[[0.6486862128946111, -0.648686212894611, 0.0], [-0.7071067811865475, -0.7071067811865476, 0.0], [0.0, 0.0, -0.91738084]]
4	[[0.22433838825039393, -0.7661379269479729, -0.6022499185961573], [-0.9416906372873723, -0.011392912655017143, -0.3362869982418849], [0.2507808429735371, 0.642575192824231, -0.724020780340167]]	0.5488077665447246	0.4511922334552753	[[0.12311864980594199, -0.42046244455352244, -0.3305194327264993], [-0.5168071354257613, -0.00625251894863911, -0.1845569164231586], [0.13763047432451023, 0.352650256410912, -0.3973482273904558]]	0.7550501895241627	0.41585652330455714	[[0.2037161782278898, -0.5116042844016583, -0.3684385365940511], [-0.8189384225920633, 0.05341821816709488, -0.20318812785055218], [0.1710006100039112, 0.3684385365940511, -0.42498567829455375]]	[[0.03432943566188461, 0.0668683025420577, 0.08629037858288899], [-0.10791472843510334, 0.06202043902649785, 0.05072543390649476], [-0.01835151301228731, -0.11673798453141, 0.12168634912072146]]	0.7319294619438864	[[-1.6804271057946396e-16, -0.8415876055991055, 0.0], [-1.0, 1.7938038903913487e-16, 0.0], [0.0, 0.0, -0.8415876055991055]]
4	[[-0.30792515101507295, 0.09349718223056193, 0.9468053539599837], [0.3027085282091916, -0.9338174967034747, 0.1906631317268273], [0.9019698710720718, 0.34531602882779927, 0.2592434992682147]]	0.6840374154184548	0.31596258458154536	[[-0.2106323244426879, 0.06395557088190182, 0.6476502872271427], [0.20706395926133978, -0.6387661069175761, 0.13042071584200735], [0.616981139393457, 0.23620908386193243, 0.17733225320346568]]	0.831800740534749	0.2793953505930618	[[-0.2369861417548066, 0.07362538896962993, 0.7287345813816539], [0.2467437517711939, -0.8487111125204383, 0.11849993221830124], [0.666814326961946, 0.2536107416214965, 0.16336075278517667]]	[[0.019146226888805472, -0.00414563644766385, -0.05881881318452549], [-0.005049426159395621, -0.07196102723818248, -0.0400938019447481], [-0.08344487973583534, -0.03362338687598564, -0.05227818188494396]]	0.4736565647950056	[[0.0, 0.0, 0.9578], [0.0, -1.0, 0.0], [0.9578, 0.0, 0.0]]
4	[[0.04673222253661188, -0.9725397674033924, -0.22799671093185395], [-0.8377629715199755, -0.16246744520517667, 0.5213036857710898], [-0.5440306084466285, 0.16664552219444034, -0.8223502702654952]]	0.5908273344269084	0.40917266557309157	[[0.02761067447315147, -0.5746030783991118, -0.13470668897796967], [-0.49497326334471303, -0.09599020758172441, 0.3080004670910556], [-0.3214281542351706, 0.0984587296723214, -0.4858670181462102]]	0.7620689060784372	0.3914660620486452	[[-0.010019624211878244, -0.8059411566952066, -0.12685531545890905], [-0.6876799227397858, -0.1483045806185925, 0.27275343840652705], [-0.27310830384545604, 0.0314103193210122, -0.5866169395320525]]	[[-0.045632797918968265, -0.06479884003232567, 0.046893888630410635], [-0.04924681148053712, -0.02449319237772498, -0.1245158911437048], [0.14148050680665286, -0.0955850514805749, 0.04007063134248051]]	0.6439054718459062	[[1.7544655520929629e-16, -0.878667368552, 0.0], [-1.0, -1.7938038903913487e-16, 0.0], [0.0, 0.0, -0.878667368552]]
4	[[-0.42203838922340475, -0.825029846081567, 0.3757783270710803], [0.2588054115689476, 0.28760896992378115, 0.9221175843470338], [-0.8688517462515349, 0.4864224845687207, 0.09214016247897017]]	0.669099693492359	0.33090030650764113	[[-0.282385756871389, -0.5520272171352247, 0.2514331634643312], [0.1731666215549467, 0.19243907362165508, 0.6169885930505148], [-0.5813484371072029, 0.3254651353327227, 0.06165095447301511]]	0.818125525786678	0.30062082761147163	[[-0.2628702083964377, -0.5787173972026678, 0.3136545646281821], [0.26353438206925206, 0.23527101321510172, 0.8287364543170833], [-0.6736682273412777, 0.34796851293795533, 0.023786100920128818]]	[[0.08241017068912299, 0.09626057941251628, 0.006220723213916222], [0.05179906865296918, -2.9226524756639435e-05, 0.074328520786025], [0.037161564391432436, -0.04998613800429165, -0.0515961179540486]]	0.5197077395574546	[[-0.42079380279955264, -0.42079380279955275, 0.5950923028816772], [0.5, 0.5000000000000001, 0.7071067811865475], [-0.5950923028816772, 0.5950923028816771, 0.0]]
4	[[0.3802729664721569, 0.7767473726770865, -0.5020517802076895], [0.4287143634067757, 0.332951791095048, 0.839849450446521], [0.8195098935212374, -0.5346088512602871, -0.20639019011321075]]	0.6675594083859182	0.33244059161408196	[[0.25385479652331117, 0.5185250165696321, -0.33514938937454214], [0.2861923068023728, 0.22226510068444197, 0.5606494022733182], [0.547071539685444, -0.3568831684651926, -0.13777771320863214]]	0.8177330131231203	0.2903985781032124	[[0.3473338412770794, 0.5386613852361535, -0.4180737830363554], [0.40798364812326804, 0.2948998931630261, 0.7141678871672341], [0.6090959788188668, -0.4180737830363554, -0.07343579414539697]]	[[0.03637208259453523, -0.09651058425854772, -0.007529468063294936], [0.05740975996548486, 0.022634221806132844, 0.027395265483803763], [-0.06104431569446214, 0.019093523747009285, 0.09533627789493253]]	0.40067108110114635	[[0.42079380279955264, 0.42079380279955275, -0.5950923028816772], [0.5, 0.5000000000000001, 0.7071067811865475], [0.5950923028816772, -0.5950923028816771, 0.0]]
4	[[0.5319609947059123, -0.8460851799387872, 0.03402011756955908], [-0.703274286200726, -0.4190807785627857, 0.5742617690636116], [-0.47161719485230363, -0.3294103357928521, -0.8179645788128509]]	0.6183972537648319	0.3816027462351681	[[0.3289632182361444, -0.5232167517252697, 0.02103794727777204], [-0.4349028872299514, -0.25915840256885425, 0.3551219009310715], [-0.2916467781249381, -0.2037064470160508, -0.5058270492147743]]	0.7603262557122802	0.41562127959889206	[[0.4822401945414517, -0.6349361829984825, 0.09591851676217968], [-0.5081410511487188, -0.36560229899932045, 0.34042151817097915], [-0.27080411021063777, -0.11160893692346867, -0.5703816865184921]]	[[0.07777628325172532, 0.008364593878026134, 0.07005212815162529], [0.026576853617005486, -0.04696417979369032, -0.09620478249986678], [0.08777882568094303, 0.13885039028283547, 0.05153825899555511]]	0.672510648650611	[[0.6486862128946111, -0.648686212894611, 0.0], [-0.7071067811865475, -0.7071067811865476, 0.0], [0.0, 0.0, -0.91738084]]
4	[[0.08740825448676931, -0.06334395238859675, -0.994156597696443], [0.7119981850616444, -0.6940087028176986, 0.10681996481098455], [-0.6967197295301035, -0.717174639895393, -0.015561310176609944]]	0.7708104764002485	0.2291895235997516	[[0.06737519828226081, -0.04882618211772892, -0.7663063206868456], [0.5488156602234785, -0.5349491788448286, 0.08233794796501279], [-0.5370388666365514, -0.5528057258399445, -0.011994820910644745]]	0.9074185343847253	0.1563736760271662	[[0.054215112722776335, -0.05421511272277635, -0.8418949566186751], [0.6822918239342232, -0.6705338596724063, 0.09110370350993431], [-0.6092441769234974, -0.6193389423655119, 0.0]]	[[-0.02510075745673498, 0.0032643637158199256, 0.06022116621193605], [0.03621147436100138, -0.040777499711326014, -0.00582671240187721], [0.0229722189236312, 0.03143861826625874, 0.014120621273565505]]	0.18200301438193062	[[0.0, 0.0, -0.878667368552], [0.7071067811865475, -0.7071067811865476, 0.0], [-0.6213116547104586, -0.6213116547104586, 0.0]]
