4	[[0.08740825448676931, -0.06334395238859675, -0.994156597696443], [0.7119981850616444, -0.6940087028176986, 0.10681996481098455], [-0.6967197295301035, -0.717174639895393, -0.015561310176609944]]	0.7047227216146886	0.2952772783853114	[[0.061598582993505374, -0.04463992252512316, -0.7006047432398365], [0.5017612987613608, -0.4890837018739682, 0.07527845632438228], [-0.4909942239971043, -0.5054092641001156, -0.010966408859550908]]	0.8793062458803955	0.20150355017190014	[[0.05105788491639682, -0.05105788491639684, -0.7964746956380628], [0.6787219968401655, -0.6655140214594714, 0.09216978681904317], [-0.5722167764489481, -0.583112223650615, 0.0]]	[[-0.02580073919532254, 0.004640848057646688, 0.07769341009962322], [0.05265754565995603, -0.055267834376517805, -0.0017576754239796], [0.04041323335497192, 0.0475039165964275, 0.013683157232375284]]	0.21690244313416132	[[0.0, 0.0, -0.8327064453120002], [0.7071067811865475, -0.7071067811865476, 0.0], [-0.5888123742178604, -0.5888123742178603, 0.0]]
4	[[-0.3195682178843842, -0.5708200961323295, -0.7563336379995778], [0.910087742671785, 0.03735879733279218, -0.41272826520656647], [0.2638493031197415, -0.8202248094963509, 0.507557688474819]]	0.5617479380410408	0.438252061958959	[[-0.17951678746000288, -0.3206570119947248, -0.4248688616173418], [0.5112399128823008, 0.02098622736938914, -0.23184925195104455], [0.1482168019810803, -0.46075959546468065, 0.2851194849376065]]	0.717329805241952	0.45523543331857774	[[-0.24440543677829177, -0.3978314015804672, -0.422928005313396], [0.7869870540496441, 0.01743433318495874, -0.22023448320649708], [0.17253394576616402, -0.42292800531339597, 0.32653350244559176]]	[[-0.015169629281768751, 0.011634866806329096, 0.11961265593077805], [0.13415399084580468, -0.009364245629846737, 0.07582780289197799], [-0.016733023453944937, 0.1654436975372386, -0.03755275537710543]]	0.7189298382709017	[[0.0, 0.0, -0.7834102237495298], [1.0, 1.7938038903913487e-16, 0.0], [1.5642623134975893e-16, -0.7834102237495298, 0.0]]
4	[[0.034229894132735264, 0.2773841392786001, 0.9601491309293217], [-0.1827544195208179, -0.9427759796974285, 0.2788803941677556], [0.9825625356654255, -0.18501754344446375, 0.018422055382213542]]	0.8089608652123116	0.19103913478768833	[[0.027690644773743348, 0.22439291330698868, 0.7767230716894332], [-0.14784117333693464, -0.7626688722374168, 0.22560332495669808], [0.7948546389771055, -0.14967195202428987, 0.01490272186098459]]	0.8908242383709907	0.16722746261394564	[[0.009152494073283493, 0.2216264121835534, 0.8138677666809956], [-0.16686103791732504, -0.8250112686678672, 0.25559913052717137], [0.8447320020142514, -0.15090464382442578, 0.0]]	[[-0.021340325297030043, -0.02547410242549831, -0.041456351601686064], [-0.004058971338759907, 0.014836425400559104, 0.007165715796078814], [-0.030558520471770566, 0.013913468399760329, -0.016410813455088588]]	0.3642469563012996	[[0.0, 0.0, 0.9408000000000001], [0.0, -1.0, 0.0], [0.9408000000000001, 0.0, 0.0]]
4	[[0.8489524140446696, -0.5135124485683378, 0.12483895166604869], [0.522794976890395, 0.7815435453534784, -0.34040431673891397], [0.0772347773085365, 0.35425224329800037, 0.9319550081910795]]	0.7188006843118738	0.2811993156881261	[[0.6102275761635259, -0.3691130994335871, 0.08973432388633273], [0.37578538714362614, 0.5617740352196083, -0.24468285581464722], [0.05551641078205123, 0.2546367549016191, 0.669889897635626]]	0.8656772302142559	0.22540394449997525	[[0.6907784391265204, -0.433193403022403, 0.054237580012540886], [0.49565127442547785, 0.6666295258467364, -0.3091762455700804], [0.0223178458427956, 0.26527567345770464, 0.7658088006439565]]	[[-0.044140335247375276, 0.011342631134776291, -0.05383265788857552], [0.04307956686107471, -0.009934925786692306, -0.014495979502561037], [-0.04454254225387315, -0.041392427317695116, -0.040963429531201107]]	0.4467884000878173	[[0.665246059740304, -0.6652460597403039, 0.0], [0.7071067811865475, 0.7071067811865476, 0.0], [0.0, 0.0, 0.9408000000000001]]
4	[[-0.5446221603179724, 0.8109226453022452, -0.2139887049042392], [-0.8354447797583356, -0.5021691245819775, 0.22328947644507607], [0.07361197229480154, 0.30038414347728, 0.9509735242804028]]	0.646883237762662	0.3531167622373381	[[-0.35230694642378546, 0.524572266368179, -0.13842570627309306], [-0.5404352241019861, -0.32484478921403115, 0.14444221948112043], [0.04761835097615659, 0.19431346730514687, 0.6151688324130764]]	0.7935407630332724	0.3039966736412632	[[-0.47010984846218645, 0.6085597791739834, -0.10435957580369919], [-0.7344773083563, -0.40496855318089586, 0.09777922458156288], [0.07357946529272416, 0.10738135471847272, 0.7309578507284495]]	[[-0.03792996379863357, -0.034940395540119996, 0.06544918436651255], [-0.07151782035470614, -0.006476882888363023, -0.0794100769339627], [0.015165364629523257, -0.13098570769958395, -0.023678405353461378]]	0.41890587371005017	[[-0.625863493003678, 0.6258634930036779, 0.0], [-0.7071067811865475, -0.7071067811865476, 0.0], [0.0, 0.0, 0.8851046400000001]]
4	[[-0.42203838922340475, -0.825029846081567, 0.3757783270710803], [0.2588054115689476, 0.28760896992378115, 0.9221175843470338], [-0.8688517462515349, 0.4864224845687207, 0.09214016247897017]]	0.6110778660425122	0.3889221339574878	[[-0.2578983182746574, -0.5041574777649064, 0.22962981821162096], [0.15815025862180657, 0.1757514755957093, 0.5634856456830617], [-0.5309360710066984, 0.2972420138653507, 0.05630481386445945]]	0.7889611365753757	0.3479660758414764	[[-0.25071007346302643, -0.5327001502865034, 0.29832029959745854], [0.2692641740126282, 0.23958769035691865, 0.8248266830853108], [-0.6229287956496271, 0.33130872541414824, 0.02324886070081876]]	[[0.08226181377711182, 0.118216334786617, 0.0018458035710657167], [0.06507676234933338, 0.012675390556579166, 0.09731174568273507], [0.06256146558848383, -0.052459710867007917, -0.049446146612829325]]	0.542502675423672	[[-0.3917051118747648, -0.3917051118747649, 0.5539546816641631], [0.5, 0.5000000000000001, 0.7071067811865475], [-0.5539546816641631, 0.553954681664163, 0.0]]
4	[[-0.8305561570912853, 0.32773595720904825, 0.4502950280316503], [-0.5100865793185324, -0.772219296347621, -0.37879947194723407], [0.22358030216652452, -0.5443036842615101, 0.808545204538665]]	0.5747004546576585	0.42529954534234143	[[-0.47732100109907927, 0.1883500036157029, 0.25878475733987255], [-0.2931469890491304, -0.44379478070639483, -0.2176962287521564], [0.12849170130759835, -0.31281157481692845, 0.46467129665964024]]	0.7525860422625689	0.3766584490896287	[[-0.5888970079440409, 0.22893465418526762, 0.20698467868816656], [-0.4516662821710003, -0.6686454618819669, -0.24376253373908136], [0.1054146279342291, -0.3203660907772333, 0.5707036336985462]]	[[0.03616796319809777, -0.0177148527578246, -0.13190107430868567], [-0.06778224223041426, -0.08748399788492503, 0.0413166616648385], [-0.06284878680114483, 0.08926926475007144, -0.03779620177558685]]	0.6824267511896489	[[-0.625863493003678, 0.6258634930036779, 0.0], [-0.7071067811865475, -0.7071067811865476, 0.0], [0.0, 0.0, 0.8851046400000001]]
4	[[-0.30792515101507295, 0.09349718223056193, 0.9468053539599837], [0.3027085282091916, -0.9338174967034747, 0.1906631317268273], [0.9019698710720718, 0.34531602882779927, 0.2592434992682147]]	0.6503946321813057	0.34960536781869433	[[-0.20027286533382133, 0.06081006544683483, 0.6157971199360945], [0.1968800018627615, -0.607349887292924, 0.12400627743000567], [0.58663636253454, 0.22459169155576567, 0.1686105803519451]]	0.8173677636332917	0.29206836419117377	[[-0.21861415379441984, 0.0707472206312312, 0.7200924598152416], [0.25039498249723335, -0.8465142481618172, 0.1201524012215388], [0.6594405102106691, 0.2464784382366172, 0.14786693316318864]]	[[0.03307393825721394, -0.005674362114577527, -0.053795714947057385], [0.002970789762161221, -0.0832419292396595, -0.03568949636533773], [-0.07780058617211878, -0.03577175199309036, -0.06403034607014091]]	0.4773764463240828	[[0.0, 0.0, 0.9408000000000001], [0.0, -1.0, 0.0], [0.9408000000000001, 0.0, 0.0]]
4	[[0.8592155572171323, 0.2624339665249735, -0.4391776855101157], [-0.4266000482917053, 0.8413623931712975, -0.33184593135155627], [0.2824199444684594, 0.4724804086637203, 0.8348660002631537]]	0.6148043259843173	0.3851956740156827	[[0.5282494415301187, 0.16134553790477724, -0.2700083409273992], [-0.262275555154859, 0.5172732390422317, -0.2040203141552316], [0.1736330036034595, 0.2904829991892934, 0.5132792285790111]]	0.7641938630909991	0.41985271239035743	[[0.496965118303639, 0.2017633475273711, -0.2924109389426983], [-0.35577443579726603, 0.7488001771696271, -0.25067558334553897], [0.24366877606148854, 0.3264131646213909, 0.4940756363971801]]	[[-0.15964213759400678, 0.0012129208423576178, 0.04320595313064095], [-0.029769296898421078, 0.10583619967256525, 0.0029190408850373164], [0.027845187684191072, -0.0346534641101515, -0.14392383750725046]]	0.5710195427841502	[[0.5539546816641631, 0.3917051118747649, -0.3917051118747648], [-0.7071067811865475, 0.5000000000000001, -0.5], [0.0, 0.553954681664163, 0.5539546816641631]]
4	[[0.8787972042104137, -0.3840163418041313, 0.28327887866788265], [-0.395223040501579, -0.9183905790867732, -0.018907472103605397], [0.2674214316928388, -0.09534250611366366, -0.9588511794847616]]	0.6286191858039961	0.37138081419600405	[[0.5524287829975784, -0.24140004012034214, 0.1780745380636734], [-0.24844478593108243, -0.5773179380755877, -0.011885599719380198], [0.16810624265729127, -0.05993412856568377, -0.6027522477549123]]	0.8140296914922986	0.29619536245082134	[[0.6428447863563282, -0.26596996549384944, 0.16001086826073949], [-0.3208866688175042, -0.8539304576528174, -0.03175640136669522], [0.15253501182783716, -0.046156052190031195, -0.7413705468779758]]	[[-0.07252223067136948, 0.046630738752968665, -0.07058654994756133], [0.000836620912644446, -0.10633325788937786, -0.01636515768329807], [-0.06515397371151326, 0.031455578647777045, 0.03916278294503142]]	0.49653008475447913	[[0.625863493003678, -0.6258634930036779, 0.0], [-0.7071067811865475, -0.7071067811865476, 0.0], [0.0, 0.0, -0.8851046400000001]]
4	[[0.5319609947059123, -0.8460851799387872, 0.03402011756955908], [-0.703274286200726, -0.4190807785627857, 0.5742617690636116], [-0.47161719485230363, -0.3294103357928521, -0.8179645788128509]]	0.5895718672873644	0.41042813271263556	[[0.31362923697280853, -0.49882801942067656, 0.02005730424082062], [-0.4146307341305504, -0.24707823716150404, 0.33856858349857877], [-0.2780522302139014, -0.19421106677714953, -0.48224890410561505]]	0.7403474907956841	0.44173681870756	[[0.45862182369658944, -0.6084523470837083, 0.08867801969803259], [-0.5083422092228576, -0.360323352870936, 0.33981910472205173], [-0.25676758809712985, -0.10302267498292782, -0.5455665280890715]]	[[0.06478583606489108, 0.017944692883387455, 0.06349131101883537], [0.012325143906975571, -0.05005795002127589, -0.08533415506408369], [0.09239301872787237, 0.14085544056347396, 0.060011495394771165]]	0.684563752577085	[[0.625863493003678, -0.6258634930036779, 0.0], [-0.7071067811865475, -0.7071067811865476, 0.0], [0.0, 0.0, -0.8851046400000001]]
4	[[0.3802729664721569, 0.7767473726770865, -0.5020517802076895], [0.4287143634067757, 0.332951791095048, 0.839849450446521], [0.8195098935212374, -0.5346088512602871, -0.20639019011321075]]	0.6182577466503436	0.3817422533496567	[[0.23510670736311742, 0.48023008034791015, -0.31039740233299973], [0.26505597627650956, 0.20585002410562028, 0.5192434287585954], [0.5066683401261034, -0.3305260637195137, -0.1276023338701297]]	0.7888205397364481	0.32656851665096964	[[0.34237114935579327, 0.49425360748033004, -0.3945202368931365], [0.40533966960936246, 0.3068489803862265, 0.7217613396669683], [0.5662186265369088, -0.414336168412372, -0.0616417267855316]]	[[0.042404022696046206, -0.1184606742736772, 0.0015085193459376846], [0.06716097407406192, 0.04420976882841354, 0.05927084286838438], [-0.08022760998987283, 0.007374274186650202, 0.10116309437587945]]	0.4249588571847119	[[0.3917051118747648, 0.3917051118747649, -0.5539546816641631], [0.5, 0.5000000000000001, 0.7071067811865475], [0.5539546816641631, -0.553954681664163, 0.0]]
4	[[0.22433838825039393, -0.7661379269479729, -0.6022499185961573], [-0.9416906372873723, -0.011392912655017143, -0.3362869982418849], [0.2507808429735371, 0.642575192824231, -0.724020780340167]]	0.5126166419470083	0.4873833580529917	[[0.11499959124472116, -0.39273505138031234, -0.30872333088362125], [-0.48272629223919106, -0.005840196627210442, -0.17238631176919456], [0.1285544335897346, 0.32939473754400866, -0.37114510111782895]]	0.7297435719452331	0.4494251918093014	[[0.20729574747754995, -0.47257645467180787, -0.35055154007453004], [-0.8104842408833444, 0.041115193266170455, -0.20654622978709436], [0.16181042809212945, 0.35055154007453, -0.396630736607148]]	[[0.043586250711270924, 0.08650777274192198, 0.08893646672555566], [-0.1232915515618741, 0.04942909804190275, 0.038857045508679036], [-0.02119528003481614, -0.11836357638042132, 0.13171877380086056]]	0.7316283556889035	[[-1.6626937856054307e-16, -0.8327064453120002, 0.0], [-1.0, 1.7938038903913487e-16, 0.0], [0.0, 0.0, -0.8327064453120002]]
4	[[0.04673222253661188, -0.9725397674033924, -0.22799671093185395], [-0.8377629715199755, -0.16246744520517667, 0.5213036857710898], [-0.5440306084466285, 0.16664552219444034, -0.8223502702654952]]	0.5673524907194817	0.4326475092805182	[[0.02651364285300383, -0.5517728593600603, -0.129354501823037], [-0.4753069085244123, -0.09217630969798789, 0.2957629445434738], [-0.30865712072982976, 0.09454675208426441, -0.46656247407896767]]	0.737956214328973	0.4235224397932899	[[-0.012284431683744663, -0.762360733561938, -0.12520261491422724], [-0.6799913434021034, -0.14978096680968858, 0.277839283227857], [-0.2643532990093117, 0.026576027760033726, -0.5493394029808364]]	[[-0.046770765714042, -0.044668968524550594, 0.043048974764500855], [-0.06175895243423116, -0.02988710599437646, -0.10686001123951694], [0.13711746927905005, -0.09640107093345031, 0.05751908931669622]]	0.6605485800150673	[[1.6626937856054307e-16, -0.8327064453120002, 0.0], [-1.0, -1.7938038903913487e-16, 0.0], [0.0, 0.0, -0.8327064453120002]]
