4	[[0.04673222253661188, -0.9725397674033924, -0.22799671093185395], [-0.8377629715199755, -0.16246744520517667, 0.5213036857710898], [-0.5440306084466285, 0.16664552219444034, -0.8223502702654952]]	0.6398111420641901	0.36018885793581	[[0.029899796672347455, -0.6222417792852063, -0.14587483600818843], [-0.5360100835872851, -0.10394848166497521, 0.33353590655547255], [-0.34807684490811364, 0.10662166187510824, -0.5261488655953618]]	0.8108986555629485	0.3204119958877354	[[-0.03129023819279788, -0.9015288736010755, -0.15545975250268176], [-0.6755749028054712, -0.14459765563815466, 0.2874307532434005], [-0.32683685684760316, 0.042458891589516955, -0.6359440437803813]]	[[-0.06918533461920486, -0.1128976837321619, 0.02942247386473278], [0.003765964480497607, -0.012853022748530086, -0.1352937046883858], [0.11431683212686077, -0.09267373831354021, 0.030898684779736008]]	0.6112439155273548	[[1.9598251412147716e-16, -0.9815150816720001, 0.0], [-1.0, -1.7938038903913487e-16, 0.0], [0.0, 0.0, -0.9815150816720001]]
4	[[0.8592155572171323, 0.2624339665249735, -0.4391776855101157], [-0.4266000482917053, 0.8413623931712975, -0.33184593135155627], [0.2824199444684594, 0.4724804086637203, 0.8348660002631537]]	0.7486736922116737	0.2513263077883263	[[0.6432720836274609, 0.19647740668000674, -0.32880077934783564], [-0.31938423325222937, 0.6299058893836051, -0.24844431867039118], [0.21144038257941739, 0.353733652051948, 0.6250422109190075]]	0.8208848808048078	0.2637509552020221	[[0.6782990449255264, 0.26953737692145957, -0.28065998640751705], [-0.33269772446219426, 0.6907587482028905, -0.34949627856187115], [0.14524984758403264, 0.39825454493269485, 0.6752665704073446]]	[[-0.027018015346295783, 0.05410930159147373, 0.07985433561458563], [0.017491805331067548, 9.708037082204867e-05, -0.07708897075878843], [-0.08658441486785913, 0.010402520984169952, -0.010062306706660895]]	0.48764114232619693	[[0.689732947072599, 0.48771484408281685, -0.48771484408281673], [-0.7071067811865475, 0.5000000000000001, -0.5], [0.0, 0.6897329470725989, 0.689732947072599]]
4	[[-0.30792515101507295, 0.09349718223056193, 0.9468053539599837], [0.3027085282091916, -0.9338174967034747, 0.1906631317268273], [0.9019698710720718, 0.34531602882779927, 0.2592434992682147]]	0.7502624003285752	0.2497375996714249	[[-0.2310246629221076, 0.07014742036425958, 0.7103524575059637], [0.22711082697415833, -0.7006081565455705, 0.14304737886353278], [0.676714080494588, 0.2590776326602761, 0.19450065003055]]	0.86162929954155	0.24667006711204548	[[-0.26558974088111903, 0.08322118956111615, 0.7592189047282214], [0.24309673294124934, -0.8496380840389777, 0.11990904383625442], [0.6944560765296652, 0.27404383312874575, 0.1823685513200029]]	[[-0.00027240870077571466, 0.002661277926688419, -0.05657632920650872], [-0.01772580418488996, -0.045033568454719015, -0.0443718968019301], [-0.0827075916897461, -0.0234905749106206, -0.04100324336516929]]	0.46718230043955433	[[0.0, 0.0, 0.9938], [0.0, -1.0, 0.0], [0.9938, 0.0, 0.0]]
4	[[0.8489524140446696, -0.5135124485683378, 0.12483895166604869], [0.522794976890395, 0.7815435453534784, -0.34040431673891397], [0.0772347773085365, 0.35425224329800037, 0.9319550081910795]]	0.8303319568982144	0.16966804310178565	[[0.7049123192671737, -0.42638579631134155, 0.1036577710339918], [0.43409337621795846, 0.648940581414522, -0.282648582454422], [0.0641305037831949, 0.2941469584132109, 0.7738320256923904]]	0.9201458075338919	0.1366436584319947	[[0.7753244631988192, -0.48546317201201283, 0.06303296196510769], [0.506947313613348, 0.670193876388112, -0.28927510296416936], [0.0238930744749884, 0.29953610164296407, 0.8590533203917663]]	[[-0.0058355413801599604, -0.012956845345393517, -0.051837076027333194], [0.025899707427873148, -0.048940140274065055, 0.023946501949581353], [-0.04717418206127524, -0.02642761483716724, 0.0015188267945308279]]	0.428904587498106	[[0.702722719143191, -0.7027227191431908, 0.0], [0.7071067811865475, 0.7071067811865476, 0.0], [0.0, 0.0, 0.9938]]
4	[[-0.42203838922340475, -0.825029846081567, 0.3757783270710803], [0.2588054115689476, 0.28760896992378115, 0.9221175843470338], [-0.8688517462515349, 0.4864224845687207, 0.09214016247897017]]	0.7673485007772212	0.23265149922277886	[[-0.32385052524101304, -0.6330854154871521, 0.2883529359025658], [0.1985939445604636, 0.22069631188109443, 0.7075855458890093], [-0.6667120848837859, 0.3732555642781387, 0.07070361553960729]]	0.8776503125711467	0.199345984794587	[[-0.29750422709436647, -0.6784296971425019, 0.3518299302958318], [0.25589423894935526, 0.2326488500450041, 0.8295687953308855], [-0.7881628052216434, 0.3985292297898078, 0.022205283030370393]]	[[0.07289789712457807, 0.045658005151510424, 0.02202796408443554], [0.028753588590764073, -0.01977125230686805, 0.020272009201360533], [-0.025614798545997006, -0.028379615833563698, -0.05866155936965401]]	0.4812303336600193	[[-0.48771484408281673, -0.48771484408281685, 0.689732947072599], [0.5, 0.5000000000000001, 0.7071067811865475], [-0.689732947072599, 0.6897329470725989, 0.0]]
4	[[0.08740825448676931, -0.06334395238859675, -0.994156597696443], [0.7119981850616444, -0.6940087028176986, 0.10681996481098455], [-0.6967197295301035, -0.717174639895393, -0.015561310176609944]]	0.9280885326737036	0.07191146732629658	[[0.0811225986501954, -0.05878879582608569, -0.9226653380039733], [0.6607973508402014, -0.6441015186608583, 0.0991383844016833], [-0.6466175914644133, -0.6656015592113071, -0.014442273528290294]]	0.9633641642971658	0.059443564214294184	[[0.06550334368912965, -0.05887761629736729, -0.9395432950032453], [0.6811700475744908, -0.6727649432739682, 0.09016602767375488], [-0.6796352012501832, -0.6972039830550588, -0.0046850967690086325]]	[[-0.018702636347190847, 0.0021456774587526733, 0.01819154491710236], [-0.004743488958518896, -0.004181829269035907, -0.012740498456631891], [-0.008440381262067507, -0.006303635437112586, 0.01030611180465019]]	0.11791601017501044	[[0.0, 0.0, -0.9815150816720001], [0.7071067811865475, -0.7071067811865476, 0.0], [-0.6940359700871394, -0.6940359700871392, 0.0]]
4	[[0.034229894132735264, 0.2773841392786001, 0.9601491309293217], [-0.1827544195208179, -0.9427759796974285, 0.2788803941677556], [0.9825625356654255, -0.18501754344446375, 0.018422055382213542]]	0.8680145121682878	0.13198548783171227	[[0.02971204485719834, 0.2407734583391345, 0.8334233794924208], [-0.15863348830696136, -0.8183432321010431, 0.24207222929682423], [0.8528785400704602, -0.1605979127155212, 0.015990611415729272]]	0.9333679567530961	0.1225629686778429	[[0.011894766486442025, 0.24381810609210322, 0.8871053201475051], [-0.16327262955968025, -0.8280030656962281, 0.2519647019230804], [0.9213350957840207, -0.1661070911133844, 0.0]]	[[-0.020054319860103885, -0.015083361222080005, -0.009067112366257039], [0.0073044895760637, 0.051953824149859315, -0.00833332175977575], [0.0042427094878414225, 0.006582355374851944, -0.017194556191289033]]	0.3409840550550017	[[0.0, 0.0, 0.9938], [0.0, -1.0, 0.0], [0.9938, 0.0, 0.0]]
4	[[0.22433838825039393, -0.7661379269479729, -0.6022499185961573], [-0.9416906372873723, -0.011392912655017143, -0.3362869982418849], [0.2507808429735371, 0.642575192824231, -0.724020780340167]]	0.6340406224107596	0.3659593775892404	[[0.14223965131690636, -0.4857625680545818, -0.3818509132335368], [-0.5970701177840705, -0.007223569430858404, -0.2132196176739307], [0.15900524176763647, 0.40741877520398934, -0.45905858620520335]]	0.7893325460795271	0.3435955259316992	[[0.24498973979396232, -0.6003663816657114, -0.3870936962532319], [-0.8173041828920431, 0.020864421595933214, -0.1913381435040625], [0.18663690565235902, 0.38709369625323187, -0.5152075488782673]]	[[0.06791214861290149, 0.004371218860222764, 0.08828176536846088], [-0.07399711454274914, 0.029857218349179454, 0.07410412903164591], [-0.011312575639913102, -0.12011181674626147, 0.056285617082122805]]	0.7483377052492679	[[1.94767422533924e-16, -0.9754296881656337, 0.0], [-1.0, -1.7938038903913487e-16, 0.0], [0.0, 0.0, -0.9754296881656337]]
4	[[-0.8305561570912853, 0.32773595720904825, 0.4502950280316503], [-0.5100865793185324, -0.772219296347621, -0.37879947194723407], [0.22358030216652452, -0.5443036842615101, 0.808545204538665]]	0.6878198524406114	0.31218014755938867	[[-0.5712730134141693, 0.22542329772701006, 0.3097218597354707], [-0.3508476757188093, -0.5311477624656135, -0.2605457968993281], [0.1537829704448062, -0.374382879791633, 0.5561334432773484]]	0.8179365290005288	0.32372032421933905	[[-0.6794273746872307, 0.2669840390692738, 0.20475753872625366], [-0.5568986266848626, -0.6326838291734604, -0.3033065009055425], [0.18642819348700737, -0.3046022837840368, 0.6562531241461914]]	[[-8.515441596681833e-05, -0.0010831721989609019, -0.16355521352815022], [-0.13968018050730918, -0.0010574582916565677, 0.006527424366211311], [0.003553697180030888, 0.1406035824430226, -0.005085533994186853]]	0.6391011740415504	[[-0.9754296881656337, 0.0, 0.0], [0.0, -0.7071067811865476, -0.7071067811865475], [0.0, -0.6897329470725989, 0.689732947072599]]
4	[[-0.5446221603179724, 0.8109226453022452, -0.2139887049042392], [-0.8354447797583356, -0.5021691245819775, 0.22328947644507607], [0.07361197229480154, 0.30038414347728, 0.9509735242804028]]	0.7512199948273145	0.24878000517268561	[[-0.40913105645690806, 0.6091813054093048, -0.1607525937912663], [-0.6276028231285636, -0.3772394871709101, 0.16773951934006384], [0.05529878544652923, 0.22565457470920958, 0.7143903259908373]]	0.8598410306467891	0.2357686607998273	[[-0.5461497095136839, 0.6551530214068007, -0.16601899905309878], [-0.7253256574655448, -0.3995321903068217, 0.10918269070474124], [0.10650003794721058, 0.16601899905309875, 0.7748756002262842]]	[[-0.07786122987279775, -0.04211154170470246, 0.0179772695185339], [-0.006975956989657835, 0.03225342733274163, -0.08281076285437491], [0.04320544382130553, -0.09226361246435863, -0.04281045500878663]]	0.38363863240847235	[[-0.6983658382845032, 0.698365838284503, 0.0], [-0.7071067811865475, -0.7071067811865476, 0.0], [0.0, 0.0, 0.98763844]]
4	[[-0.3195682178843842, -0.5708200961323295, -0.7563336379995778], [0.910087742671785, 0.03735879733279218, -0.41272826520656647], [0.2638493031197415, -0.8202248094963509, 0.507557688474819]]	0.6812327778941775	0.31876722210582253	[[-0.21770034479607078, -0.38886135976604835, -0.5152392652292617], [0.6199816010677415, 0.02545003728580371, -0.28116402262211404], [0.1797427937097044, -0.5587640254709216, 0.3457649340612485]]	0.7842864111090926	0.32922574806153143	[[-0.24274022547151106, -0.4069739108694204, -0.5745446610626463], [0.792200299076979, 0.0589116372366659, -0.2322017000480518], [0.20554873860880737, -0.5954923543232402, 0.31064828443338555]]	[[0.0078927852375612, 0.04071253371515161, 0.018637533485126125], [0.07843084958254942, 0.029611640153178298, 0.09149546983408798], [-0.0013846844086098861, 0.04779881781929201, -0.08742231349135707]]	0.7059529703327004	[[-0.48771484408281673, -0.48771484408281685, -0.689732947072599], [0.5, 0.5000000000000001, -0.7071067811865475], [0.689732947072599, -0.6897329470725989, 0.0]]
4	[[0.8787972042104137, -0.3840163418041313, 0.28327887866788265], [-0.395223040501579, -0.9183905790867732, -0.018907472103605397], [0.2674214316928388, -0.09534250611366366, -0.9588511794847616]]	0.7247092499004101	0.2752907500995899	[[0.6368724626779064, -0.2783001950183715, 0.2052948236720305], [-0.28642179322525874, -0.6655661476855786, -0.0137024199257168], [0.19380278516941093, -0.06909559608925846, -0.6948883190505251]]	0.8599137773015858	0.23324821792735198	[[0.702998096643372, -0.3186355011478727, 0.15546960714272282], [-0.3588028701331185, -0.8407962629679007, -0.025548950990255552], [0.14066892573871329, -0.060965131877575476, -0.8245293396208222]]	[[-0.05269172671127796, 0.011585441878454669, -0.08812580344233376], [-0.018945132498788, -0.051059551067202655, -0.00929015523441987], [-0.08929044771967366, 0.021021202692024565, 0.0]]	0.4705052712955638	[[0.6983658382845032, -0.698365838284503, 0.0], [-0.7071067811865475, -0.7071067811865476, 0.0], [0.0, 0.0, -0.98763844]]
4	[[0.3802729664721569, 0.7767473726770865, -0.5020517802076895], [0.4287143634067757, 0.332951791095048, 0.839849450446521], [0.8195098935212374, -0.5346088512602871, -0.20639019011321075]]	0.7833412729553645	0.21665872704463582	[[0.297883509626812, 0.6084582756776038, -0.39327788059739827], [0.33582965516531244, 0.2608148798691634, 0.6578887376036409], [0.6419559231904411, -0.41878117807943843, -0.16167395424878217]]	0.8807421431523811	0.20400880052945722	[[0.34313718036605834, 0.6523781125648855, -0.4421781608735886], [0.40386411048956194, 0.30204425010784974, 0.7212467143419206], [0.6999949138627419, -0.4543780709760759, -0.08946190434004504]]	[[0.008214752892457277, -0.03173603313471289, -1.059769226571267e-18], [0.026277303262469614, 0.008799576052373305, -0.01844409056969801], [-0.021781986091732344, 0.016474474431141913, 0.09231463402589157]]	0.36816397101562276	[[0.48771484408281673, 0.48771484408281685, -0.689732947072599], [0.5, 0.5000000000000001, 0.7071067811865475], [0.689732947072599, -0.6897329470725989, 0.0]]
4	[[0.5319609947059123, -0.8460851799387872, 0.03402011756955908], [-0.703274286200726, -0.4190807785627857, 0.5742617690636116], [-0.47161719485230363, -0.3294103357928521, -0.8179645788128509]]	0.6725505747781958	0.32744942522180426	[[0.35777067274904195, -0.5690350740791443, 0.022880249625428763], [-0.47298752541102373, -0.28185301850089534, 0.3862200828568754], [-0.31718641547319715, -0.22154511067536117, -0.5501225476287878]]	0.7957313504924346	0.36036422738583446	[[0.5222977212204273, -0.718873477907995, 0.0903179573898804], [-0.5114896025763896, -0.3935413139295596, 0.325500247839859], [-0.3048239873961136, -0.10299657524203684, -0.6356439457044534]]	[[0.09899968049379287, -0.045616975043669454, 0.0632470832923437], [0.04812779494871713, -0.06006560003837319, -0.1314578451933033], [0.07045659997916368, 0.1591255561245757, 0.015236113249271994]]	0.6476117859555829	[[0.6983658382845032, -0.698365838284503, 0.0], [-0.7071067811865475, -0.7071067811865476, 0.0], [0.0, 0.0, -0.98763844]]
