4	[[0.04673222253661188, -0.9725397674033924, -0.22799671093185395], [-0.8377629715199755, -0.16246744520517667, 0.5213036857710898], [-0.5440306084466285, 0.16664552219444034, -0.8223502702654952]]	0.5644451620624419	0.43555483793755806	[[0.02637777692321599, -0.5489453666241774, -0.12869164045163398], [-0.47287125622950543, -0.0917039634387068, 0.294247343398811], [-0.3070754449515861, 0.09406225878202114, -0.46417163157210034]]	0.7353258997132143	0.4271029495927085	[[-0.011717268805340623, -0.7592871719667638, -0.12371730159905123], [-0.6799069146237205, -0.14831414808630417, 0.27687221624089503], [-0.26255487597913374, 0.02417136994178586, -0.5472713799967521]]	[[-0.04608068238767301, -0.04415349249398442, 0.04393458499856791], [-0.06387810384437857, -0.028847627766700162, -0.1064558855225463], [0.13748492064841075, -0.09836739859901938, 0.05742407236562793]]	0.6623450974374576	[[1.6531685102478235e-16, -0.8279360190000001, 0.0], [-1.0, -1.7938038903913487e-16, 0.0], [0.0, 0.0, -0.8279360190000001]]
4	[[0.08740825448676931, -0.06334395238859675, -0.994156597696443], [0.7119981850616444, -0.6940087028176986, 0.10681996481098455], [-0.6967197295301035, -0.717174639895393, -0.015561310176609944]]	0.6982512980654716	0.3017487019345284	[[0.06103292715702374, -0.044229996979935106, -0.6941711348218942], [0.49715365693955305, -0.4845924776111922, 0.07458717908857795], [-0.48648545553221917, -0.5007681232465953, -0.010865705030417328]]	0.8763141734823426	0.20621396420000213	[[0.05069562898432822, -0.05069562898432824, -0.7917619960087112], [0.6786574733400564, -0.6654352228918304, 0.09221958096716083], [-0.5687527216070266, -0.579590457549561, 0.0]]	[[-0.025901463301779292, 0.004813574298189787, 0.07943152121366506], [0.054723372276833535, -0.05726556009258623, -0.0013882682075900127], [0.04179265232498745, 0.04887984425286715, 0.013636596665718311]]	0.22069010367559316	[[0.0, 0.0, -0.8279360190000001], [0.7071067811865475, -0.7071067811865476, 0.0], [-0.5854391734234944, -0.5854391734234943, 0.0]]
4	[[0.3802729664721569, 0.7767473726770865, -0.5020517802076895], [0.4287143634067757, 0.332951791095048, 0.839849450446521], [0.8195098935212374, -0.5346088512602871, -0.20639019011321075]]	0.6131065769419349	0.3868934230580651	[[0.23314785677729932, 0.47622892281069007, -0.30781124841074115], [0.26284759583416906, 0.20413493292497106, 0.5149172217098319], [0.5024469055868556, -0.3277722027990547, -0.12653918297470584]]	0.7857608046264211	0.3305615207237728	[[0.3417769104179386, 0.4896590811414615, -0.3919995428862281], [0.40499509201168427, 0.30808479886927853, 0.722617810040958], [0.5617491687409033, -0.41386699801738047, -0.060420747511734325]]	[[0.04297331830510061, -0.12067855940474449, 0.0024930678938929578], [0.06812814886627223, 0.04646433159662562, 0.06269703009304213], [-0.0821895845916567, 0.00620768310930932, 0.10175257433862213]]	0.42774537142270475	[[0.3887159609205, 0.3887159609205001, -0.5497273838446612], [0.5, 0.5000000000000001, 0.7071067811865475], [0.5497273838446612, -0.5497273838446611, 0.0]]
4	[[0.8489524140446696, -0.5135124485683378, 0.12483895166604869], [0.522794976890395, 0.7815435453534784, -0.34040431673891397], [0.0772347773085365, 0.35425224329800037, 0.9319550081910795]]	0.7151520269575413	0.28484797304245885	[[0.6071300396945434, -0.3672394684615769, 0.08927882932722925], [0.37387788740638694, 0.558922450615123, -0.24344083710093123], [0.05523460754381421, 0.25334420984882106, 0.6664895131410825]]	0.8636773736619215	0.22856906907847876	[[0.6878633248104206, -0.4313338552918084, 0.054179401164776236], [0.49531793633293286, 0.6663761086641574, -0.31012138686174606], [0.022267455948116275, 0.26441364814685725, 0.7624791626397501]]	[[-0.045357666515627906, 0.012175227630396135, -0.05364117674086426], [0.04379174372859151, -0.008625367989161723, -0.01612188059749993], [-0.044438473673083914, -0.04154599895860378, -0.04242929120579601]]	0.44744401071087375	[[0.6639732675341682, -0.6639732675341681, 0.0], [0.7071067811865475, 0.7071067811865476, 0.0], [0.0, 0.0, 0.9390000000000001]]
4	[[0.8592155572171323, 0.2624339665249735, -0.4391776855101157], [-0.4266000482917053, 0.8413623931712975, -0.33184593135155627], [0.2824199444684594, 0.4724804086637203, 0.8348660002631537]]	0.6097875067830122	0.3902124932169878	[[0.5239389124246117, 0.16002895414244012, -0.2678050658819473], [-0.2601353798413116, 0.5130522760329139, -0.2023555031149521], [0.1722161538032186, 0.2881126504028687, 0.5090908567983743]]	0.7624211551807965	0.4226579652461576	[[0.49427142251997314, 0.20033740816721216, -0.29185870260292013], [-0.35528812635732543, 0.7488518292233934, -0.25103719369675254], [0.2431827532589284, 0.32535687183787176, 0.49116261445096715]]	[[-0.16081269516282448, 0.00025220025056337404, 0.042979655713330844], [-0.03003922473857997, 0.10737934149605328, 0.001969164626348237], [0.027859812951189177, -0.03487218713581672, -0.14535688589083762]]	0.5739501784862076	[[0.5497273838446612, 0.3887159609205001, -0.3887159609205], [-0.7071067811865475, 0.5000000000000001, -0.5], [0.0, 0.5497273838446611, 0.5497273838446612]]
4	[[0.034229894132735264, 0.2773841392786001, 0.9601491309293217], [-0.1827544195208179, -0.9427759796974285, 0.2788803941677556], [0.9825625356654255, -0.18501754344446375, 0.018422055382213542]]	0.805409904133671	0.194590095866329	[[0.027569095751952016, 0.22340793302457815, 0.7733136194958128], [-0.1471922195062666, -0.7593211114276339, 0.22461303153141243], [0.7913655976556271, -0.14901496192865288, 0.014837305859333787]]	0.889289511496367	0.1696999320032134	[[0.00915790044382192, 0.22084346537520574, 0.8114181719189358], [-0.1669709848105619, -0.8249135733095682, 0.2557250410929216], [0.8421596792212792, -0.15042022808479052, 0.0]]	[[-0.021282385388050582, -0.025831340340700743, -0.04243237968886196], [-0.0044493963510917, 0.013487217126066965, 0.00771963159756395], [-0.03162287813525891, 0.014113932743194491, -0.0163825406316077]]	0.36507341416381106	[[0.0, 0.0, 0.9390000000000001], [0.0, -1.0, 0.0], [0.9390000000000001, 0.0, 0.0]]
4	[[-0.30792515101507295, 0.09349718223056193, 0.9468053539599837], [0.3027085282091916, -0.9338174967034747, 0.1906631317268273], [0.9019698710720718, 0.34531602882779927, 0.2592434992682147]]	0.6468118553046766	0.3531881446953235	[[-0.19916963822303196, 0.06047508590430918, 0.6124049276072581], [0.19579546474753529, -0.6040042275587433, 0.1233231739704291], [0.5834048057370466, 0.223354501272552, 0.16768176873735052]]	0.8158368622521426	0.2933908316704478	[[-0.21658135129819583, 0.07049508220659183, 0.7192847484455193], [0.25082362816202336, -0.8462283327754014, 0.12041401636032506], [0.6587756751863764, 0.24577692664601836, 0.14608626909160402]]	[[0.03463533771445845, -0.005783365573806602, -0.053153960692723046], [0.003862852330872253, -0.0843855963486881, -0.03513599477485667], [-0.07708459427503243, -0.035944618798223804, -0.06541413391064194]]	0.47779409189407823	[[0.0, 0.0, 0.9390000000000001], [0.0, -1.0, 0.0], [0.9390000000000001, 0.0, 0.0]]
4	[[-0.42203838922340475, -0.825029846081567, 0.3757783270710803], [0.2588054115689476, 0.28760896992378115, 0.9221175843470338], [-0.8688517462515349, 0.4864224845687207, 0.09214016247897017]]	0.6052004821528784	0.3947995178471217	[[-0.25541783664502865, -0.4993084606390794, 0.2274212247260199], [0.15662915986530124, 0.1740610872693651, 0.5580660066484724], [-0.5258294957507993, 0.29438312219099083, 0.055763270757917295]]	0.7856725295912421	0.3526793154783848	[[-0.24840583244918482, -0.5290260893918153, 0.29609175936577253], [0.26930781335193626, 0.23923058258794877, 0.8252873230254659], [-0.6182217102942001, 0.3279158979057137, 0.02338299931650213]]	[[0.08317813639658075, 0.11917719676736267, 0.0008530505702717764], [0.06597151097265863, 0.0132641156548001, 0.10080486795096641], [0.06441123902301134, -0.054252885995449945, -0.04900899521529841]]	0.5450288875934952	[[-0.3887159609205, -0.3887159609205001, 0.5497273838446612], [0.5, 0.5000000000000001, 0.7071067811865475], [-0.5497273838446612, 0.5497273838446611, 0.0]]
4	[[0.8787972042104137, -0.3840163418041313, 0.28327887866788265], [-0.395223040501579, -0.9183905790867732, -0.018907472103605397], [0.2674214316928388, -0.09534250611366366, -0.9588511794847616]]	0.6254010688717297	0.3745989311282703	[[0.5496007108346804, -0.24016423062851522, 0.17716291350767888], [-0.24717291197242247, -0.5743624498025948, -0.011824753263257201], [0.16724564921990967, -0.059627305232394685, -0.5996665525386888]]	0.8123576663915586	0.29811049267727674	[[0.6409126236273487, -0.2653715911105176, 0.1595667286419863], [-0.32145702111599356, -0.8537546783033594, -0.0316104179576525], [0.1520844514787592, -0.04593538433693668, -0.7392883537118997]]	[[-0.07298502241644901, 0.046587028173709626, -0.0705570401706723], [-0.0003945542299543792, -0.10769305064043609, -0.016250788042204124], [-0.0651573987143249, 0.031516831437482046, 0.03964175287113464]]	0.49761112908180954	[[0.623470898214584, -0.6234708982145839, 0.0], [-0.7071067811865475, -0.7071067811865476, 0.0], [0.0, 0.0, -0.8817210000000001]]
4	[[-0.5446221603179724, 0.8109226453022452, -0.2139887049042392], [-0.8354447797583356, -0.5021691245819775, 0.22328947644507607], [0.07361197229480154, 0.30038414347728, 0.9509735242804028]]	0.6432303641534158	0.35676963584658417	[[-0.35031751050734933, 0.5216100684380145, -0.13764403258027164], [-0.5373834499140245, -0.32301042887146747, 0.14362657124539185], [0.04734945574523635, 0.19321620199480272, 0.6116950463231409]]	0.7913366968723373	0.3063974327781895	[[-0.46758014363933503, 0.6068850123767554, -0.10282476347795369], [-0.7342849548070136, -0.4039892577566359, 0.09837721557714757], [0.07319302298607827, 0.10611332826338363, 0.7287321945173173]]	[[-0.036600642249834295, -0.03482783517570128, 0.0665123514289563], [-0.07316684237381496, -0.006604401438660716, -0.0783199411592525], [0.01494116798005203, -0.13159166762875338, -0.0238080529997821]]	0.4202893203264188	[[-0.623470898214584, 0.6234708982145839, 0.0], [-0.7071067811865475, -0.7071067811865476, 0.0], [0.0, 0.0, 0.8817210000000001]]
4	[[0.5319609947059123, -0.8460851799387872, 0.03402011756955908], [-0.703274286200726, -0.4190807785627857, 0.5742617690636116], [-0.47161719485230363, -0.3294103357928521, -0.8179645788128509]]	0.5865897504982106	0.4134102495017895	[[0.31204286715932095, -0.4963048946005267, 0.019955852277047437], [-0.412533488074291, -0.2458284893357404, 0.336856067835685], [-0.2766458126590787, -0.19322872668426086, -0.479809638202204]]	0.7382321686851594	0.4453216163058476	[[0.45800747103601314, -0.6017955844944285, 0.09229715389674167], [-0.5092140224094779, -0.35748730538846296, 0.34270988732240837], [-0.25386291273403694, -0.10486784749767726, -0.5428525297096549]]	[[0.06529675225835296, 0.0228117127841556, 0.067182408724442], [0.009965679072991517, -0.04810839337579259, -0.08122862384639772], [0.09430007181099051, 0.13831345908198656, 0.06099523521499879]]	0.6858501712203494	[[0.623470898214584, -0.6234708982145839, 0.0], [-0.7071067811865475, -0.7071067811865476, 0.0], [0.0, 0.0, -0.8817210000000001]]
4	[[-0.3195682178843842, -0.5708200961323295, -0.7563336379995778], [0.910087742671785, 0.03735879733279218, -0.41272826520656647], [0.2638493031197415, -0.8202248094963509, 0.507557688474819]]	0.5571249232867374	0.4428750767132626	[[-0.1780394188737169, -0.3180181022682521, -0.4213723200496937], [0.5070325638202182, 0.020813517098116605, -0.22994120309147653], [0.14699702275984508, -0.45696768406853316, 0.28277303825512723]]	0.7147384124830062	0.45884962521213096	[[-0.24251774627351477, -0.39589754647476927, -0.41955415299576027], [0.7875617518393748, 0.016965670120379778, -0.21946565881923427], [0.17061960891393863, -0.41955415299576027, 0.32573207718347763]]	[[-0.014110065542806596, 0.012089502848248961, 0.12102655073555452], [0.1370870834219006, -0.009736097377534572, 0.07552708624137217], [-0.017963623132612926, 0.16669202522283777, -0.037038899320558635]]	0.7197663274858305	[[0.0, 0.0, -0.7774319218410002], [1.0, 1.7938038903913487e-16, 0.0], [1.5523252311227062e-16, -0.7774319218410002, 0.0]]
4	[[-0.8305561570912853, 0.32773595720904825, 0.4502950280316503], [-0.5100865793185324, -0.772219296347621, -0.37879947194723407], [0.22358030216652452, -0.5443036842615101, 0.808545204538665]]	0.5713331325294853	0.42866686747051475	[[-0.47452425097261547, 0.18724641107479484, 0.25726846892777516], [-0.2914293632233068, -0.4411944695820012, -0.21642068890812804], [0.12773883440868933, -0.3109787289764684, 0.4619486645007689]]	0.7517464436735884	0.3943089166296048	[[-0.5434456731261685, 0.22113606738284622, 0.2337981244252972], [-0.45630528325176595, -0.6762929283635097, -0.25755774540962323], [0.13902944533087067, -0.35466384881844426, 0.5303237464384737]]	[[0.08092196423840733, -0.025238272913015142, -0.1047095615013946], [-0.07284951128343338, -0.09577981859806467, 0.027203410492143223], [-0.029046251698280425, 0.05451451010357763, -0.07749723562280192]]	0.6826721656915755	[[-0.623470898214584, 0.6234708982145839, 0.0], [-0.7071067811865475, -0.7071067811865476, 0.0], [0.0, 0.0, 0.8817210000000001]]
4	[[0.22433838825039393, -0.7661379269479729, -0.6022499185961573], [-0.9416906372873723, -0.011392912655017143, -0.3362869982418849], [0.2507808429735371, 0.642575192824231, -0.724020780340167]]	0.50908062090648	0.4909193790935201	[[0.11420632598366955, -0.3900259715506774, -0.30659376249980874], [-0.47939645433207434, -0.005799911048349444, -0.17119719386775514], [0.12766766725241868, 0.32712257814206064, -0.36858494840476635]]	0.7269759910706832	0.4528407930585464	[[0.20376674080484342, -0.4704255081245174, -0.3476462197397691], [-0.8120321247675609, 0.042340252190560035, -0.2055057819240661], [0.15976675499066417, 0.34764621973976906, -0.39506170073578256]]	[[0.04067811867131364, 0.08653837061532377, 0.09017501170391064], [-0.12744564044359, 0.050622626159122816, 0.03896679190701331], [-0.022544896871564312, -0.11949051790106169, 0.13128402360777988]]	0.7315068690946013	[[1.6531685102478235e-16, -0.8279360190000001, 0.0], [-1.0, -1.7938038903913487e-16, 0.0], [0.0, 0.0, -0.8279360190000001]]
