4	[[0.8592155572171323, 0.2624339665249735, -0.4391776855101157], [-0.4266000482917053, 0.8413623931712975, -0.33184593135155627], [0.2824199444684594, 0.4724804086637203, 0.8348660002631537]]	0.6627305797325967	0.33726942026740336	[[0.5694284243497763, 0.17392301477662056, -0.2910564821237391], [-0.28272089731831573, 0.5575965865916188, -0.21992444646652026], [0.1871683335256299, 0.31312721514600156, 0.5532912283534341]]	0.7806886124834639	0.38903814802917497	[[0.5344287636727884, 0.21290551071942787, -0.28629808764833387], [-0.34259543794299896, 0.7508492398889568, -0.25890770619264714], [0.2425550558638792, 0.33295629306582664, 0.5284451332358642]]	[[-0.13635103751526098, 0.008026301524514494, 0.05656293028625736], [-0.00955363815676892, 0.09400720056829015, 0.00016063351248209005], [0.02207302127914071, -0.035903781599473134, -0.12332524611919653]]	0.5438732210564032	[[0.5945954092209286, 0.4204424459225088, -0.4204424459225087], [-0.7071067811865475, 0.5000000000000001, -0.5], [0.0, 0.5945954092209285, 0.5945954092209286]]
4	[[-0.30792515101507295, 0.09349718223056193, 0.9468053539599837], [0.3027085282091916, -0.9338174967034747, 0.1906631317268273], [0.9019698710720718, 0.34531602882779927, 0.2592434992682147]]	0.6836439094807949	0.31635609051920527	[[-0.21051115406740864, 0.06391877918553966, 0.647277713698551], [0.20694484165810922, -0.6383986441879326, 0.13034568876757996], [0.6166262088935998, 0.2360731999542196, 0.1772302393472039]]	0.8316320153258316	0.2795570532271238	[[-0.2367921159204459, 0.07358059130053299, 0.7286069609879684], [0.24677929536463009, -0.8486955131444907, 0.11850204884984218], [0.6666996310989941, 0.25351618557291244, 0.16321152461991295]]	[[0.01928829798773025, -0.0041746587851557585, -0.05878668364706022], [-0.004962808006296272, -0.07210298641445696, -0.040059515636473725], [-0.08340739054385354, -0.03365967940546321, -0.05238366913663324]]	0.47369793135022836	[[0.0, 0.0, 0.9576], [0.0, -1.0, 0.0], [0.9576, 0.0, 0.0]]
4	[[0.8787972042104137, -0.3840163418041313, 0.28327887866788265], [-0.395223040501579, -0.9183905790867732, -0.018907472103605397], [0.2674214316928388, -0.09534250611366366, -0.9588511794847616]]	0.6590539879415565	0.34094601205844355	[[0.5791748020267637, -0.2530875015007406, 0.1866960746856804], [-0.2604733209689529, -0.6052689736350932, -0.012461044891774872], [0.1762451610182059, -0.06283585887455227, -0.6319346936818974]]	0.8290043105694755	0.28026911384058706	[[0.6562654474731626, -0.2687189047461107, 0.16985763016867156], [-0.31795091165968775, -0.8544999205856489, -0.033317353388801], [0.16039642533088228, -0.053393307462439726, -0.7549174350319358]]	[[-0.07226122293367396, 0.049632297938635245, -0.06498178134029063], [0.009690692552495694, -0.09315017173631715, -0.01764297751294], [-0.06129709428114165, 0.025646041086284023, 0.039974325955557624]]	0.4870002913354657	[[0.6484153344288742, -0.6484153344288741, 0.0], [-0.7071067811865475, -0.7071067811865476, 0.0], [0.0, 0.0, -0.91699776]]
4	[[0.22433838825039393, -0.7661379269479729, -0.6022499185961573], [-0.9416906372873723, -0.011392912655017143, -0.3362869982418849], [0.2507808429735371, 0.642575192824231, -0.724020780340167]]	0.5483613152733814	0.4516386847266186	[[0.12301849364729651, -0.4201204013020122, -0.3302505574846757], [-0.5163867164435323, -0.0062474325683000015, -0.1844067806652573], [0.13751851289833605, 0.35236337789914207, -0.39702498739259395]]	0.7547575082784608	0.41624893964566273	[[0.20357091843259045, -0.5112944964772436, -0.3681138612649304], [-0.8189454454714457, 0.05342068393941536, -0.2031821263275068], [0.17085278032174625, 0.36811386126493034, -0.42476355147502337]]	[[0.03424983550551714, 0.06695385626363387, 0.08643878665561117], [-0.1081973665032726, 0.06201957030695035, 0.05063301053198142], [-0.018425943844932527, -0.11687459015263775, 0.12169656863634787]]	0.7319020813361162	[[1.679023972915629e-16, -0.8408848918450176, 0.0], [-1.0, -1.7938038903913487e-16, 0.0], [0.0, 0.0, -0.8408848918450176]]
4	[[0.3802729664721569, 0.7767473726770865, -0.5020517802076895], [0.4287143634067757, 0.332951791095048, 0.839849450446521], [0.8195098935212374, -0.5346088512602871, -0.20639019011321075]]	0.6669732054029665	0.3330267945970339	[[0.25363187937602927, 0.518069684942769, -0.33485508512338813], [0.2859409931637093, 0.22206992335132297, 0.560157080020236], [0.5465911405413033, -0.3565697791618713, -0.1376567266635358]]	0.8173938162297029	0.29094304923669867	[[0.34734337724402636, 0.5380684058984793, -0.41792931596109295], [0.40803268641415097, 0.29492661132433334, 0.7141299159011263], [0.6085848518160608, -0.4179293159610929, -0.07335789173736848]]	[[0.03651060597036011, -0.09684009330043979, -0.007555295392213716], [0.05760421683659889, 0.02277387618063722, 0.02764216854222577], [-0.06127746748726082, 0.01905665316073079, 0.09534417339164274]]	0.4009320282303889	[[0.4204424459225087, 0.4204424459225088, -0.5945954092209286], [0.5, 0.5000000000000001, 0.7071067811865475], [0.5945954092209286, -0.5945954092209285, 0.0]]
4	[[0.034229894132735264, 0.2773841392786001, 0.9601491309293217], [-0.1827544195208179, -0.9427759796974285, 0.2788803941677556], [0.9825625356654255, -0.18501754344446375, 0.018422055382213542]]	0.8410501794795487	0.1589498205204514	[[0.028789058603902944, 0.23329398012504676, 0.8075335988952387], [-0.15370563733866463, -0.7929219069335298, 0.23455240556811813], [0.8263843969712866, -0.15560903812083146, 0.015493872985592884]]	0.9048754460148529	0.1445261102109643	[[0.009097631587598099, 0.22900889871628305, 0.8368343243572793], [-0.16586137488078376, -0.8258937153551983, 0.25446837880308687], [0.8688601607599392, -0.15546005251569647, 0.0]]	[[-0.021876159132801918, -0.021989198030886264, -0.03198104873316406], [-0.0004913880056981457, 0.02720111976560238, 0.0021163577457410385], [-0.020236551937797463, 0.011957779629185103, -0.0166696655804908]]	0.3566492877894418	[[0.0, 0.0, 0.9576], [0.0, -1.0, 0.0], [0.9576, 0.0, 0.0]]
4	[[-0.5446221603179724, 0.8109226453022452, -0.2139887049042392], [-0.8354447797583356, -0.5021691245819775, 0.22328947644507607], [0.07361197229480154, 0.30038414347728, 0.9509735242804028]]	0.6808300652540706	0.3191699347459295	[[-0.37079514094809796, 0.5521005175171312, -0.14568994392358725], [-0.5687959239190402, -0.3418918378577273, 0.15202218881864835], [0.05011724390095058, 0.20451055600492463, 0.6474513665907203]]	0.8130301799987888	0.27936025477890086	[[-0.48674281704957423, 0.6248384748946506, -0.11679722061604109], [-0.7354748417170228, -0.4069160231270075, 0.09597502275684662], [0.07577007504991894, 0.12173109219683623, 0.7527275525781241]]	[[-0.043948564014924016, -0.034466109380527826, 0.057182054649960186], [-0.05623302205105476, 0.0013626306217119181, -0.08556606046912893], [0.015921319965010616, -0.12249028204327875, -0.020442623041654492]]	0.40651324561679286	[[-0.6484153344288742, 0.6484153344288741, 0.0], [-0.7071067811865475, -0.7071067811865476, 0.0], [0.0, 0.0, 0.91699776]]
4	[[-0.8305561570912853, 0.32773595720904825, 0.4502950280316503], [-0.5100865793185324, -0.772219296347621, -0.37879947194723407], [0.22358030216652452, -0.5443036842615101, 0.808545204538665]]	0.6072253398652881	0.39277466013471196	[[-0.5043347447669634, 0.19900957800233976, 0.27343055143616823], [-0.3097374964874181, -0.4689111246752177, -0.2300166380939509], [0.13576362497025168, -0.330514989665624, 0.49096913662243974]]	0.7717903837942913	0.38263873187635145	[[-0.6091091982348571, 0.24183727414150924, 0.19747034335626748], [-0.5672962592978334, -0.6252459291293632, -0.303919693857897], [0.17753926306362952, -0.27134486742312425, 0.5886310291346654]]	[[0.031906057009337456, -0.011106186056051568, -0.1500630291489411], [-0.17361634247726596, -0.02925450202787509, -0.01156590402266632], [0.004982135845683952, 0.14874348195371337, -0.035396384591264554]]	0.6807857089233138	[[-0.6484153344288742, 0.6484153344288741, 0.0], [-0.7071067811865475, -0.7071067811865476, 0.0], [0.0, 0.0, 0.91699776]]
4	[[0.08740825448676931, -0.06334395238859675, -0.994156597696443], [0.7119981850616444, -0.6940087028176986, 0.10681996481098455], [-0.6967197295301035, -0.717174639895393, -0.015561310176609944]]	0.7699713285719486	0.2300286714280516	[[0.06730184983533274, -0.0487730271776461, -0.7654720763368983], [0.5482181884927305, -0.534366802949038, 0.08224831022352257], [-0.5364542157885828, -0.5522039102983647, -0.011981762671004544]]	0.9070863243527005	0.15691530914903637	[[0.054176710837757575, -0.05417671083775759, -0.8413488101354578], [0.6822657264643915, -0.6705232134075528, 0.09111525248528723], [-0.6088397961112486, -0.6189164381641884, 0.0]]	[[-0.025110121442731427, 0.0032817221043870922, 0.06043704389999503], [0.03642190983103059, -0.040997410099860944, -0.005779676762593551], [0.02314514245222059, 0.03162286985749522, 0.014115451650213388]]	0.18240193226137838	[[0.0, 0.0, -0.878117054976], [0.7071067811865475, -0.7071067811865476, 0.0], [-0.62092252424909, -0.6209225242490899, 0.0]]
4	[[-0.42203838922340475, -0.825029846081567, 0.3757783270710803], [0.2588054115689476, 0.28760896992378115, 0.9221175843470338], [-0.8688517462515349, 0.4864224845687207, 0.09214016247897017]]	0.6683746419711948	0.33162535802880533	[[-0.2820797572952929, -0.5514290279903173, 0.2511607048166678], [0.17297897429760312, 0.1922305423005113, 0.6163200102932916], [-0.5807184748269171, 0.3251124539703577, 0.06158414810804943]]	0.8177887235008622	0.30118319895427254	[[-0.2627294449187386, -0.578155446926279, 0.31348932252512757], [0.2636156600467857, 0.23531326957515364, 0.8286977722426918], [-0.6730403840338091, 0.34775649168814127, 0.023799052550693894]]	[[0.08240879067262953, 0.09654465775087848, 0.006182044110379361], [0.05196751288470076, 0.00010989719378673782, 0.07460041002183233], [0.03749677644472875, -0.05003433104943063, -0.051552133306145165]]	0.5199630128229807	[[-0.4204424459225087, -0.4204424459225088, 0.5945954092209286], [0.5, 0.5000000000000001, 0.7071067811865475], [-0.5945954092209286, 0.5945954092209285, 0.0]]
4	[[0.8489524140446696, -0.5135124485683378, 0.12483895166604869], [0.522794976890395, 0.7815435453534784, -0.34040431673891397], [0.0772347773085365, 0.35425224329800037, 0.9319550081910795]]	0.7612822647004807	0.23871773529951934	[[0.6462924163868663, -0.39092791979799335, 0.09503767984716341], [0.3979945439811553, 0.5949752401687388, -0.25914376916082016], [0.05879746618307996, 0.26968595005312745, 0.7094808192346601]]	0.8824185277945826	0.19648619577792842	[[0.7160949486579351, -0.45707261977597896, 0.0543147555070765], [0.5053350142028683, 0.6690420786420029, -0.29366808811441647], [0.022959472547898596, 0.26702015808461477, 0.800196971904594]]	[[-0.03303639071101918, -0.003939720906115063, -0.055845448433497244], [0.044011040356843195, -0.020606426056172043, 0.00671098791725684], [-0.045193925939242624, -0.045578584914335044, -0.022177394394166373]]	0.44081786827307373	[[0.6771254536642379, -0.6771254536642378, 0.0], [0.7071067811865475, 0.7071067811865476, 0.0], [0.0, 0.0, 0.9576]]
4	[[0.5319609947059123, -0.8460851799387872, 0.03402011756955908], [-0.703274286200726, -0.4190807785627857, 0.5742617690636116], [-0.47161719485230363, -0.3294103357928521, -0.8179645788128509]]	0.6180449527781048	0.3819550472218954	[[0.32877580785280924, -0.5229186750815219, 0.02102596195678372], [-0.434655123004983, -0.25901075999704826, 0.3549195879431907], [-0.2914806269218343, -0.20359039542971288, -0.5055388794865507]]	0.7601014243137895	0.415938000732507	[[0.48196375846192574, -0.6345431293094131, 0.09588951324834727], [-0.5080846038142889, -0.3654746839173657, 0.3405308254031182], [-0.2706575032323793, -0.11157923630496361, -0.5700204474842023]]	[[0.07761944870658152, 0.008567421052848082, 0.07003077342840289], [0.026475182810146422, -0.046930787229260425, -0.0959663631910894], [0.08781939830573066, 0.13880602911486695, 0.05171559390967451]]	0.6726514057842218	[[0.6484153344288742, -0.6484153344288741, 0.0], [-0.7071067811865475, -0.7071067811865476, 0.0], [0.0, 0.0, -0.91699776]]
4	[[-0.3195682178843842, -0.5708200961323295, -0.7563336379995778], [0.910087742671785, 0.03735879733279218, -0.41272826520656647], [0.2638493031197415, -0.8202248094963509, 0.507557688474819]]	0.6034115577279725	0.39658844227202755	[[-0.19283115615396842, -0.34443944338964, -0.45638045866738974], [0.5491574624747159, 0.022542730093423762, -0.24904500542665806], [0.1592097190009232, -0.4949331299853226, 0.3062661754393995]]	0.7397503949579868	0.41118664372705094	[[-0.254523121805578, -0.38097966861440624, -0.49168136279063335], [0.7845949989051924, 0.03289420148393413, -0.22903022547288626], [0.19258805637600795, -0.4916813627906333, 0.29381854122780793]]	[[-0.01812240640958483, 0.041284722949440675, 0.06781674463956541], [0.1113572318173167, 0.005258016401845717, 0.07628567172399597], [-0.002594569816210323, 0.11508026398863166, -0.0816474592854023]]	0.7129079478515626	[[0.0, 0.0, -0.8408848918450176], [1.0, -1.7938038903913487e-16, 0.0], [-1.679023972915629e-16, -0.8408848918450176, 0.0]]
4	[[0.04673222253661188, -0.9725397674033924, -0.22799671093185395], [-0.8377629715199755, -0.16246744520517667, 0.5213036857710898], [-0.5440306084466285, 0.16664552219444034, -0.8223502702654952]]	0.5905971540319666	0.4094028459680334	[[0.027599917631711508, -0.5743792188113542, -0.13465420860500185], [-0.49478042673306094, -0.09595281076102175, 0.30788047320278017], [-0.32130292905485797, 0.0984203711402074, -0.48567772923621993]]	0.76178227551879	0.39187539001919114	[[-0.009982201101603546, -0.8055480858103767, -0.1267286817242814], [-0.6876501333601249, -0.14818501545600643, 0.2726863740109192], [-0.2729294305515333, 0.031173967565133225, -0.5863252381403031]]	[[-0.045581979925594346, -0.06468452876530549, 0.04695517154018607], [-0.049457150570254786, -0.024420195349882517, -0.12443353397211385], [0.14150344430281128, -0.09577363753716454, 0.0401266220160379]]	0.6440975220670292	[[1.75336672192526e-16, -0.878117054976, 0.0], [-1.0, -1.7938038903913487e-16, 0.0], [0.0, 0.0, -0.878117054976]]
