4	[[0.3802729664721569, 0.7767473726770865, -0.5020517802076895], [0.4287143634067757, 0.332951791095048, 0.839849450446521], [0.8195098935212374, -0.5346088512602871, -0.20639019011321075]]	0.6752696188938835	0.32473038110611674	[[0.25678678114529996, 0.5245139023244815, -0.33902031428584223], [0.2894977847920273, 0.22483222908278894, 0.5671248183312596], [0.553390133477853, -0.36100511524783085, -0.13936902502118398]]	0.8221453078071693	0.2833700414558772	[[0.34720366024973015, 0.546404008505199, -0.4199483774547865], [0.4073409142664238, 0.29455257991923756, 0.7146667591681093], [0.615766447752374, -0.4199483774547866, -0.07445402573384345]]	[[0.03456402517873325, -0.09219519929281443, -0.007188862080798351], [0.054875412002005644, 0.020817827144451056, 0.024188474219072196], [-0.05798976590766416, 0.0195777811210394, 0.09522870064516238]]	0.39734112615349787	[[0.4253815112908925, 0.42538151129089263, -0.6015803024503442], [0.5, 0.5000000000000001, 0.7071067811865475], [0.6015803024503442, -0.6015803024503442, 0.0]]
4	[[0.08740825448676931, -0.06334395238859675, -0.994156597696443], [0.7119981850616444, -0.6940087028176986, 0.10681996481098455], [-0.6967197295301035, -0.717174639895393, -0.015561310176609944]]	0.7818715184325962	0.21812848156740403	[[0.06834202465911311, -0.049526832237594215, -0.7773027286007016], [0.5566911020754004, -0.5426256382775103, 0.08351948808568099], [-0.5447453128496496, -0.5607384246763613, -0.012166945216586629]]	0.9117416223864296	0.14938070021406408	[[0.05429768855778106, -0.054297688557781075, -0.8491346950797268], [0.6842037082552431, -0.6721412688890215, 0.09025842158830145], [-0.6156632141155689, -0.6259254914904852, 0.0]]	[[-0.02539605519795193, 0.0034556293613668813, 0.057279254210201344], [0.03504532787094594, -0.03938464823171145, -0.00713378643172693], [0.019565162434842256, 0.027952478222144212, 0.014187894186880809]]	0.17684851543446345	[[0.0, 0.0, -0.8858423808639998], [0.7071067811865475, -0.7071067811865476, 0.0], [-0.6263851545713707, -0.6263851545713706, 0.0]]
4	[[-0.30792515101507295, 0.09349718223056193, 0.9468053539599837], [0.3027085282091916, -0.9338174967034747, 0.1906631317268273], [0.9019698710720718, 0.34531602882779927, 0.2592434992682147]]	0.6891474777666202	0.3108525222333799	[[-0.21220584116294317, 0.06443334731247778, 0.652488521617455], [0.20861081871381015, -0.6435379725475388, 0.13139501633262787], [0.6215902616708019, 0.23797367029906333, 0.17865700364808282]]	0.8339941475036994	0.2773159969386133	[[-0.23953303377039686, 0.07420190277527927, 0.7303709651792053], [0.2462796015758683, -0.8489197004269737, 0.11846050666072207], [0.6682807637005124, 0.25483634375902836, 0.16533113099511762]]	[[0.017274740045366787, -0.0037742000130962447, -0.059259158848589615], [-0.006177539350055917, -0.07012137333972095, -0.04055142934417881], [-0.08395682999826193, -0.033155203322575, -0.050876430172953034]]	0.47312407668179285	[[0.0, 0.0, 0.9603999999999999], [0.0, -1.0, 0.0], [0.9603999999999999, 0.0, 0.0]]
4	[[0.8489524140446696, -0.5135124485683378, 0.12483895166604869], [0.522794976890395, 0.7815435453534784, -0.34040431673891397], [0.0772347773085365, 0.35425224329800037, 0.9319550081910795]]	0.7687715077572216	0.2312284922427785	[[0.6526504273592537, -0.3947737393379839, 0.09597262909913917], [0.4019098826319309, 0.600828409739318, -0.2616931398264416], [0.05937589620277685, 0.27233903120658187, 0.7164604568089499]]	0.8853874820134786	0.1915252766838714	[[0.7192908898238377, -0.4609389034682074, 0.05529497121133653], [0.5066471307184319, 0.6676674227766729, -0.2956746844325281], [0.025710458879454452, 0.27039627648035147, 0.8032921299761682]]	[[-0.03236095039643628, -0.006281409647710913, -0.055235873861468686], [0.04377100252015042, -0.02430144892773009, 0.005715036431457623], [-0.042672246125622426, -0.04325422521089135, -0.021849168075982358]]	0.4398492727667771	[[0.6791053526515602, -0.6791053526515601, 0.0], [0.7071067811865475, 0.7071067811865476, 0.0], [0.0, 0.0, 0.9603999999999999]]
4	[[0.22433838825039393, -0.7661379269479729, -0.6022499185961573], [-0.9416906372873723, -0.011392912655017143, -0.3362869982418849], [0.2507808429735371, 0.642575192824231, -0.724020780340167]]	0.5546607760324866	0.4453392239675134	[[0.12443170452084079, -0.4249466571088832, -0.3340444072140465], [-0.5223188596603408, -0.006319201774502167, -0.18652520741447937], [0.13909829697778328, 0.35641125511111266, -0.4015859278871236]]	0.7588489024765408	0.4107458534498328	[[0.20561168019496828, -0.5156422421001254, -0.37268045813186756], [-0.8188471926826306, 0.05338672897189303, -0.2032663145082642], [0.1729314641201107, 0.37268045813186756, -0.4278779244990902]]	[[0.03537274048780068, 0.06574068290999593, 0.08433623161141247], [-0.1042462861046736, 0.062032228236163896, 0.051924705024720574], [-0.01737330333249968, -0.11493702170145173, 0.1215444500322541]]	0.7323431294936421	[[1.6987479785143459e-16, -0.8507630225817853, 0.0], [-1.0, -1.7938038903913487e-16, 0.0], [0.0, 0.0, -0.8507630225817853]]
4	[[0.8787972042104137, -0.3840163418041313, 0.28327887866788265], [-0.395223040501579, -0.9183905790867732, -0.018907472103605397], [0.2674214316928388, -0.09534250611366366, -0.9588511794847616]]	0.6641944560761406	0.33580554392385936	[[0.5836922310517689, -0.25506152526894427, 0.18815226073467337], [-0.2625049524147048, -0.6099899311419913, -0.012558238149629001], [0.17761983236632786, -0.06332596398910093, -0.6368636376158471]]	0.8314380219579578	0.27802142529020357	[[0.6538457114258879, -0.27566779557474685, 0.17334801724527532], [-0.3249206068841121, -0.8535147942307423, -0.0287259635710434], [0.1633950341631094, -0.05052454090628527, -0.7570560840685502]]	[[-0.07681969774500197, 0.043617992054411095, -0.06218081329681735], [0.0036828561427305444, -0.08992994777001209, -0.013005572364996464], [-0.058949312032749585, 0.02874684378537374, 0.040169243954314676]]	0.4855165071755315	[[0.6522127806865584, -0.6522127806865583, 0.0], [-0.7071067811865475, -0.7071067811865476, 0.0], [0.0, 0.0, -0.9223681599999999]]
4	[[-0.42203838922340475, -0.825029846081567, 0.3757783270710803], [0.2588054115689476, 0.28760896992378115, 0.9221175843470338], [-0.8688517462515349, 0.4864224845687207, 0.09214016247897017]]	0.6786737075587067	0.3213262924412934	[[-0.2864263583463526, -0.5599260644867662, 0.25503087045353834], [0.1756444282057547, 0.19519264594531313, 0.62581695977388], [-0.5896668359473858, 0.33012215104217146, 0.0625331056846643]]	0.8224990002670928	0.293296780739913	[[-0.2647041232637647, -0.5860588993180205, 0.3158073634141724], [0.26248146932989036, 0.23472519042071388, 0.8292370073052804], [-0.6818701670313203, 0.35073414539530146, 0.023614015740394123]]	[[0.08242202994681991, 0.09252732427458193, 0.006730065076168236], [0.049614277050717526, -0.001832899809444451, 0.07079621605113846], [0.03275952564088492, -0.049347861869906647, -0.05217117578300632]]	0.5164214428025251	[[-0.4253815112908925, -0.42538151129089263, 0.6015803024503442], [0.5, 0.5000000000000001, 0.7071067811865475], [-0.6015803024503442, 0.6015803024503442, 0.0]]
4	[[0.8592155572171323, 0.2624339665249735, -0.4391776855101157], [-0.4266000482917053, 0.8413623931712975, -0.33184593135155627], [0.2824199444684594, 0.4724804086637203, 0.8348660002631537]]	0.670254695298693	0.32974530470130703	[[0.5758932614984656, 0.17589759826922352, -0.29436090578356783], [-0.28593068538216476, 0.5639270944708071, -0.2224212936041484], [0.18929329382598103, 0.3166822123435038, 0.5595728566216186]]	0.783494230281924	0.3839175672822456	[[0.5456664645685589, 0.20529712186524093, -0.2833950300601751], [-0.32474115118792724, 0.752948746944596, -0.2716933345396966], [0.24267371711714947, 0.3389874163182156, 0.5310114443915099]]	[[-0.12752396707953262, -0.00031837673707543757, 0.06069815260556999], [0.009497525286613994, 0.09374616631869283, -0.01169396198322081], [0.021399320109570137, -0.031198257791054874, -0.12310124987321833]]	0.5393956490073365	[[0.6015803024503442, 0.42538151129089263, -0.4253815112908925], [-0.7071067811865475, 0.5000000000000001, -0.5], [0.0, 0.6015803024503442, 0.6015803024503442]]
4	[[-0.3195682178843842, -0.5708200961323295, -0.7563336379995778], [0.910087742671785, 0.03735879733279218, -0.41272826520656647], [0.2638493031197415, -0.8202248094963509, 0.507557688474819]]	0.6094837014770237	0.3905162985229764	[[-0.19477162031059048, -0.34790554506820265, -0.46097302523956596], [0.5546836460724685, 0.022769578081120147, -0.25155115078228885], [0.16081184989755332, -0.4999136529351225, 0.3093481386847547]]	0.7437490854550345	0.40581933324678066	[[-0.2582899745935483, -0.38494890567713225, -0.4965042987753199], [0.7834546410489163, 0.03278439982000117, -0.23012510199079025], [0.1957819273416264, -0.4965042987753199, 0.29615418883715583]]	[[-0.02061140480154243, 0.039598018780642716, 0.06601815278574526], [0.10657771475293953, 0.004998828470036895, 0.07684116779803651], [-0.00045575055162955583, 0.11353715315512115, -0.08134137778166207]]	0.7122494670272537	[[0.0, 0.0, -0.8507630225817853], [1.0, 1.7938038903913487e-16, 0.0], [1.6987479785143459e-16, -0.8507630225817853, 0.0]]
4	[[0.034229894132735264, 0.2773841392786001, 0.9601491309293217], [-0.1827544195208179, -0.9427759796974285, 0.2788803941677556], [0.9825625356654255, -0.18501754344446375, 0.018422055382213542]]	0.8460457867202889	0.1539542132797112	[[0.02896005771088221, 0.23467968233969344, 0.8123301268458996], [-0.15461860664010013, -0.7976316454441023, 0.23594558248452308], [0.8312928934889368, -0.15653331310052657, 0.015585902338849591]]	0.9071696220957497	0.1409329897312607	[[0.009087725095009089, 0.23025254847666377, 0.8406803583532468], [-0.16569934131278408, -0.8260357374615775, 0.2542875406757091], [0.8729026379639458, -0.1562253430154074, 0.0]]	[[-0.02196459502976188, -0.02138191632805872, -0.030337765907468315], [8.99163802443436e-05, 0.029221991761488708, 0.00129571888863249], [-0.018448246201099812, 0.011616951952190726, -0.01671192901930963]]	0.35540331269146774	[[0.0, 0.0, 0.9603999999999999], [0.0, -1.0, 0.0], [0.9603999999999999, 0.0, 0.0]]
4	[[-0.5446221603179724, 0.8109226453022452, -0.2139887049042392], [-0.8354447797583356, -0.5021691245819775, 0.22328947644507607], [0.07361197229480154, 0.30038414347728, 0.9509735242804028]]	0.6864560999968363	0.3135439000031637	[[-0.37385920414372703, 0.5566627964932973, -0.14689385181193793], [-0.573496165275623, -0.34471705879936965, 0.15327842317082235], [0.05053138741456464, 0.2062005276323038, 0.652801576677772]]	0.8162367159475665	0.27518391671679177	[[-0.4894555148370581, 0.6275337345795442, -0.11894499792005914], [-0.735620372264284, -0.4071464405804476, 0.09573405017536306], [0.0761010116112594, 0.12429097619998788, 0.7563862120997984]]	[[-0.044914911266847345, -0.03437110230947382, 0.05572043982085001], [-0.05369966887880213, 0.0027424365186100724, -0.08652301878381732], [0.01601621709092735, -0.12089359059462974, -0.019833294311920834]]	0.404545408294305	[[-0.6522127806865584, 0.6522127806865583, 0.0], [-0.7071067811865475, -0.7071067811865476, 0.0], [0.0, 0.0, 0.9223681599999999]]
4	[[-0.8305561570912853, 0.32773595720904825, 0.4502950280316503], [-0.5100865793185324, -0.772219296347621, -0.37879947194723407], [0.22358030216652452, -0.5443036842615101, 0.808545204538665]]	0.6129701836274422	0.38702981637255784	[[-0.5091061601251478, 0.2008923698717458, 0.2760174260190849], [-0.3126678641907747, -0.4733474038828554, -0.23219278187747427], [0.13704805887449356, -0.3336419292908712, 0.4956141024971533]]	0.7754673625868949	0.3782196064674295	[[-0.6141742038893148, 0.24394237970647992, 0.19781548904599344], [-0.5664466973305851, -0.6259393337815948, -0.304264109410936], [0.17835344777296883, -0.27398089136416426, 0.593670403520448]]	[[0.02989498873057088, -0.010206158655312155, -0.15137360872770222], [-0.17089120297547178, -0.027108472704197445, -0.010517481950706033], [0.004974220525513073, 0.14810885111643893, -0.033330013775432134]]	0.6806304676582844	[[-0.6522127806865584, 0.6522127806865583, 0.0], [-0.7071067811865475, -0.7071067811865476, 0.0], [0.0, 0.0, 0.9223681599999999]]
4	[[0.04673222253661188, -0.9725397674033924, -0.22799671093185395], [-0.8377629715199755, -0.16246744520517667, 0.5213036857710898], [-0.5440306084466285, 0.16664552219444034, -0.8223502702654952]]	0.5938503531009172	0.4061496468990828	[[0.0277519468545576, -0.5775430842771884, -0.13539592729272915], [-0.49750583645201096, -0.09648134970249798, 0.3095763778679712], [-0.32307276892373715, 0.09896250219785513, -0.488352998369799]]	0.7657895716426109	0.3861281176549092	[[-0.010502074651562882, -0.8110516372178671, -0.12850500059526998], [-0.6880656269260096, -0.14986820416747812, 0.27362921185039096], [-0.2754427807728562, 0.034525514373387134, -0.590410910541261]]	[[-0.04628912332978216, -0.06629082533261889, 0.04609250300515858], [-0.046515479827686765, -0.025452328897936454, -0.1255797143719661], [0.14117018582995647, -0.09308988868405253, 0.0393363506655377]]	0.6414177816980053	[[1.7687921475576282e-16, -0.8858423808639998, 0.0], [-1.0, -1.7938038903913487e-16, 0.0], [0.0, 0.0, -0.8858423808639998]]
4	[[0.5319609947059123, -0.8460851799387872, 0.03402011756955908], [-0.703274286200726, -0.4190807785627857, 0.5742617690636116], [-0.47161719485230363, -0.3294103357928521, -0.8179645788128509]]	0.6230075570611365	0.3769924429388635	[[0.33141571976354267, -0.5271174610192958, 0.021194790337943647], [-0.4381451949898289, -0.2610904920636803, 0.3577694218579272], [-0.29382107643295974, -0.20522512857299346, -0.5095981140087357]]	0.7632370340244279	0.4115069737074756	[[0.48583908165803, -0.6400556687796544, 0.09629365221024937], [-0.5088714171813055, -0.3672575915535051, 0.339005507512754], [-0.2727133676477276, -0.11199363480594458, -0.5750865836057311]]	[[0.07982674984200508, 0.005707874488849934, 0.07032823857929679], [0.02789356312418327, -0.04739962110659635, -0.09929234186097789], [0.08724234134626546, 0.13942453286158274, 0.049214275464429635]]	0.670683136810588	[[0.6522127806865584, -0.6522127806865583, 0.0], [-0.7071067811865475, -0.7071067811865476, 0.0], [0.0, 0.0, -0.9223681599999999]]
