4	[[-0.5446221603179724, 0.8109226453022452, -0.2139887049042392], [-0.8354447797583356, -0.5021691245819775, 0.22328947644507607], [0.07361197229480154, 0.30038414347728, 0.9509735242804028]]	0.761040602171224	0.23895939782877607	[[-0.41447957684418246, 0.6171450582951026, -0.16285409283816257], [-0.6358073982680893, -0.3821710929636644, 0.16993235761225806], [0.056021699722247215, 0.22860452943463652, 0.7237294635672488]]	0.8681216192943085	0.22985708912586758	[[-0.5534891088134248, 0.657043563362429, -0.1752885849568463], [-0.7271831727555492, -0.40478600150156624, 0.10514897556372609], [0.10514897556372609, 0.1752885849568463, 0.7811572832950212]]	[[-0.08069083709462213, -0.04693591659978024, 0.010479636055313752], [-0.0019154977207660555, 0.031157872090145405, -0.08869344629915173], [0.041244830975715206, -0.08548138408898384, -0.04440339250929756]]	0.3803625758337577	[[-0.7071067811865474, 0.7071067811865477, 0.0], [-0.7071067811865477, -0.7071067811865474, 0.0], [0.0, 0.0, 1.0]]
4	[[-0.30792515101507295, 0.09349718223056193, 0.9468053539599837], [0.3027085282091916, -0.9338174967034747, 0.1906631317268273], [0.9019698710720718, 0.34531602882779927, 0.2592434992682147]]	0.7608053206569397	0.2391946793430603	[[-0.23427109325635923, 0.07113315370744303, 0.7203345509192327], [0.23030225886978428, -0.710453320014548, 0.14505752507088518], [0.6862234769838863, 0.2627182720403149, 0.19723383358898122]]	0.8665699653330969	0.24001212426706936	[[-0.2689948703371955, 0.08537256046011663, 0.7663676020599018], [0.2430294727158386, -0.8493238082816983, 0.12073503285721396], [0.7010639708017168, 0.27839194511293597, 0.1836223098770789]]	[[-0.0021561828968750594, 0.004350710495836326, -0.054105480698391877], [-0.01928864608043339, -0.04010561253592887, -0.04448791059360246], [-0.0805560291047064, -0.020848554017332745, -0.041030320296608684]]	0.4662695339226769	[[0.0, 0.0, 1.0], [0.0, -1.0, 0.0], [1.0, 0.0, 0.0]]
4	[[0.8787972042104137, -0.3840163418041313, 0.28327887866788265], [-0.395223040501579, -0.9183905790867732, -0.018907472103605397], [0.2674214316928388, -0.09534250611366366, -0.9588511794847616]]	0.736092515420231	0.2639074845797691	[[0.6468760445915099, -0.2826715550010782, 0.20851946236406416], [-0.29092072203483904, -0.6760204314982254, -0.013917648700980749], [0.1968469143320612, -0.07018090515167544, -0.7058031766205934]]	0.8657574754843708	0.2314360793977587	[[0.7048668860019788, -0.32924763819293174, 0.158754276879199], [-0.3671858808208949, -0.8472317343134182, -0.0016293380998667628], [0.14303974225009555, -0.039567580727829975, -0.840570829182145]]	[[-0.05595836297795218, 0.0032173804321561673, -0.08649652997435045], [-0.025018579022990685, -0.05212822505462411, 0.014739947216341805], [-0.08848236134271265, 0.042975906671488665, -0.010438252666206444]]	0.46833716538856246	[[0.7071067811865476, -0.7071067811865475, 0.0], [-0.7071067811865475, -0.7071067811865476, 0.0], [0.0, 0.0, -1.0]]
4	[[0.5319609947059123, -0.8460851799387872, 0.03402011756955908], [-0.703274286200726, -0.4190807785627857, 0.5742617690636116], [-0.47161719485230363, -0.3294103357928521, -0.8179645788128509]]	0.6796347239489822	0.3203652760510179	[[0.3615391637885786, -0.5750288677050225, 0.02312125321309918], [-0.4779696253624479, -0.28482184925084336, 0.39028823889200187], [-0.3205274220330387, -0.22387870263251658, -0.5559171307215174]]	0.8093036987055896	0.3434854013540634	[[0.5266332954803236, -0.7181387084703996, 0.10501601502551834], [-0.5021255508931373, -0.3680064325376256, 0.34544119370923887], [-0.32102917260278074, -0.12942803613197648, -0.6253599794800396]]	[[0.09611529489772422, -0.03339884292595467, 0.0774834080460752], [0.06703693013364362, -0.028842808390344945, -0.11931098001915717], [0.06065236756434332, 0.13716496701702896, 0.03662177956336035]]	0.6434164663065088	[[0.7071067811865474, -0.7071067811865477, 0.0], [-0.7071067811865477, -0.7071067811865474, 0.0], [0.0, 0.0, -1.0]]
4	[[0.3802729664721569, 0.7767473726770865, -0.5020517802076895], [0.4287143634067757, 0.332951791095048, 0.839849450446521], [0.8195098935212374, -0.5346088512602871, -0.20639019011321075]]	0.8017045390445867	0.19829546095541337	[[0.30486656329667816, 0.6227218943661775, -0.4024971910279198], [0.34370225109682256, 0.2669289622039249, 0.6733111165370778], [0.657004801427922, -0.42859834266878455, -0.16546395222803623]]	0.8929974465969501	0.19462192816973697	[[0.3415764787959859, 0.679323341410158, -0.43260545950809726], [0.40019325664397254, 0.29627644425334604, 0.7225284647774396], [0.7117355442742828, -0.45866187456443325, -0.09828048673766163]]	[[0.001993690726502066, -0.014310079041369878, 0.015725498276822653], [0.017352424802284848, -0.0010486550344129125, -0.02745494999715558], [-0.02008469810112065, 0.01874246453913193, 0.08602542603609466]]	0.36644610289846224	[[0.4999999999999999, 0.5, -0.7071067811865476], [0.5, 0.5000000000000001, 0.7071067811865475], [0.7071067811865476, -0.7071067811865475, 0.0]]
4	[[-0.3195682178843842, -0.5708200961323295, -0.7563336379995778], [0.910087742671785, 0.03735879733279218, -0.41272826520656647], [0.2638493031197415, -0.8202248094963509, 0.507557688474819]]	0.694301158160369	0.30569884183963114	[[-0.22187658378837313, -0.3963210538458895, -0.5251233208187521], [0.6318749737645761, 0.02593825625563607, -0.286557712538439], [0.18319087673584272, -0.5694830351851843, 0.3523978909412665]]	0.8169217567756518	0.3352270929897702	[[-0.3181062084529361, -0.4272051191331311, -0.5854620454198058], [0.7661079049116001, 0.03058124046051164, -0.24655925964133676], [0.24655925964133674, -0.5854620454198057, 0.3124097653080833]]	[[-0.057043978489160596, 0.03911023660213808, 0.03240335884332923], [0.022637427348177988, 6.202611238157602e-05, 0.09060743984217864], [0.031015023412726106, 0.08459744690492757, -0.10222515322575487]]	0.6984803628347832	[[-0.4999999999999999, -0.5, -0.7071067811865476], [0.5, 0.5000000000000001, -0.7071067811865475], [0.7071067811865476, -0.7071067811865475, 0.0]]
4	[[-0.8305561570912853, 0.32773595720904825, 0.4502950280316503], [-0.5100865793185324, -0.772219296347621, -0.37879947194723407], [0.22358030216652452, -0.5443036842615101, 0.808545204538665]]	0.7027651340028952	0.29723486599710486	[[-0.5836859090351867, 0.2303214038855839, 0.3164516457155001], [-0.3584710632678669, -0.5426887972773572, -0.266207061663224], [0.15712444101246545, -0.38251765160830975, 0.5682173790150132]]	0.8298591978462939	0.30723020256661	[[-0.6122520003658369, 0.24300422523193035, 0.2777376353414483], [-0.43638844451085756, -0.6817457096533167, -0.2718685179733854], [0.18416374123605336, -0.44705373914023183, 0.6143782077126521]]	[[0.07699266592423759, -0.02897047332295772, -0.09594383541507151], [-0.013088404965420276, -0.04091242382485034, 0.042481707961345976], [-0.0013764289740906405, 0.004641679665807301, -0.05660046714827201]]	0.6316185901183922	[[-1.0, 0.0, 0.0], [0.0, -0.7071067811865476, -0.7071067811865475], [0.0, -0.7071067811865475, 0.7071067811865476]]
4	[[0.08740825448676931, -0.06334395238859675, -0.994156597696443], [0.7119981850616444, -0.6940087028176986, 0.10681996481098455], [-0.6967197295301035, -0.717174639895393, -0.015561310176609944]]	0.9285224501630693	0.0714775498369308	[[0.08116052662053212, -0.058816281874872645, -0.923096719938882], [0.6611062993050965, -0.6444026611747827, 0.0991847354526282], [-0.6469199103402427, -0.6659127538304872, -0.01444902585293337]]	0.9731101536048262	0.046105622835563964	[[0.07368111951528565, -0.05825634220971407, -0.9504494475222262], [0.6774574779990516, -0.6699678798728527, 0.09329387387828787], [-0.6831914822793024, -0.7124950096676254, -0.010906964631062043]]	[[-0.011376740434664174, 0.0033843010290901115, 0.01697443196941102], [-0.015395185232642945, 0.005379035529164123, -0.01065371848699144], [-0.005206439256750411, -0.014605085677533318, 0.004235904305191205]]	0.10895917119193602	[[0.0, 0.0, -1.0], [0.7071067811865475, -0.7071067811865476, 0.0], [-0.7071067811865476, -0.7071067811865475, 0.0]]
4	[[0.8489524140446696, -0.5135124485683378, 0.12483895166604869], [0.522794976890395, 0.7815435453534784, -0.34040431673891397], [0.0772347773085365, 0.35425224329800037, 0.9319550081910795]]	0.8385447009162741	0.16145529908372613	[[0.7118845481272361, -0.43060314260152033, 0.10468304138750803], [0.4383869575370866, 0.6553591984914768, -0.28544423597044133], [0.06476481323852176, 0.2970563414052409, 0.7814859336110123]]	0.9270470946375061	0.12928726190898243	[[0.7919358718582142, -0.4760502235054693, 0.06191069112126028], [0.48754496772433636, 0.6676588271464802, -0.31479759911361255], [0.03354315515261569, 0.3262923433324796, 0.8587288958495758]]	[[0.004917002932606227, 1.8847599625514463e-18, -0.05382089631834221], [0.0028894033070136146, -0.056868845906158136, 0.0007732337212630058], [-0.038057120756237864, -0.002116169585750609, -0.005237286826837582]]	0.4270014452965959	[[0.7071067811865476, -0.7071067811865475, 0.0], [0.7071067811865475, 0.7071067811865476, 0.0], [0.0, 0.0, 1.0]]
4	[[0.04673222253661188, -0.9725397674033924, -0.22799671093185395], [-0.8377629715199755, -0.16246744520517667, 0.5213036857710898], [-0.5440306084466285, 0.16664552219444034, -0.8223502702654952]]	0.6499966332779767	0.35000336672202326	[[0.03037578731439497, -0.6321475745411518, -0.1481970945041572], [-0.5445431109729375, -0.10560329240063909, 0.33884564066660877], [-0.3536180638904778, 0.1083190283772366, -0.5345249070478063]]	0.8220489323825754	0.3108631518950526	[[-0.036838987605272, -0.9153455400321792, -0.1615481938475501], [-0.6895948706700292, -0.14504908615280734, 0.2748554832991897], [-0.3196775737033079, 0.049104813937039776, -0.6599825463861628]]	[[-0.07525516124935885, -0.11587026253862227, 0.02587625896071914], [-0.0009127143423795555, -0.011492896274967187, -0.1536816550360361], [0.12754220715368592, -0.08788595966923665, 0.016029615330109877]]	0.6060915696585262	[[1.9967346175427393e-16, -1.0, 0.0], [-1.0, -1.7938038903913487e-16, 0.0], [0.0, 0.0, -1.0]]
4	[[0.8592155572171323, 0.2624339665249735, -0.4391776855101157], [-0.4266000482917053, 0.8413623931712975, -0.33184593135155627], [0.2824199444684594, 0.4724804086637203, 0.8348660002631537]]	0.7599342015281147	0.24006579847188547	[[0.6529472884143354, 0.1994325468050118, -0.3337461437670952], [-0.3241879670704122, 0.6393800584504135, -0.25218107287199854], [0.21462057499525322, 0.3590540220955416, 0.6344432272929506]]	0.8346143201995048	0.26518968104807195	[[0.6676754543938099, 0.255755028008489, -0.34961736730107407], [-0.3173700394790444, 0.7043239333441721, -0.300639121586665], [0.2008655709630853, 0.3622541330572204, 0.6093955636273137]]	[[-0.049438153797805424, 0.03672388143998863, 0.016926618137743054], [0.03867646982301301, 0.002110831526081304, -0.023675755180714356], [-0.03484615900023985, -0.03208478202723463, -0.08739555563999776]]	0.47848465659639394	[[0.7071067811865476, 0.5, -0.4999999999999999], [-0.7071067811865475, 0.5000000000000001, -0.5], [0.0, 0.7071067811865475, 0.7071067811865476]]
4	[[0.034229894132735264, 0.2773841392786001, 0.9601491309293217], [-0.1827544195208179, -0.9427759796974285, 0.2788803941677556], [0.9825625356654255, -0.18501754344446375, 0.018422055382213542]]	0.8689796845364491	0.13102031546355097	[[0.029745082605180335, 0.2410411818457324, 0.8343500889029077], [-0.15880987782284225, -0.8192531734260131, 0.2423413969472969], [0.853826882279875, -0.1607764865360789, 0.01600839187454892]]	0.937071423965839	0.12219699692149719	[[0.013139465905937722, 0.25085763017876733, 0.8918646401921835], [-0.16254212946492672, -0.8265098369290231, 0.25630017515934567], [0.9284461183556271, -0.167984674445505, 1.0842021724855044e-19]]	[[-0.018936389731224426, -0.009071120200569036, -0.007863673147318864], [0.008711814671496435, 0.05693859284683514, -0.005030672919587537], [0.007714843924141352, 0.005389978448660137, -0.017262781669388397]]	0.33839674009633164	[[0.0, 0.0, 1.0], [0.0, -1.0, 0.0], [1.0, 0.0, 0.0]]
4	[[0.22433838825039393, -0.7661379269479729, -0.6022499185961573], [-0.9416906372873723, -0.011392912655017143, -0.3362869982418849], [0.2507808429735371, 0.642575192824231, -0.724020780340167]]	0.6497670288759796	0.3502329711240204	[[0.14576768799628448, -0.49781116450218665, -0.3913221402470256], [-0.6118795275105436, -0.007402739006094153, -0.21850820369725138], [0.1629491232379287, 0.4175241738708102, -0.47044483128609865]]	0.8111729882184514	0.332753503769758	[[0.22655417038791337, -0.580362769286224, -0.4400146530077753], [-0.8224508659718178, 0.04919544926837712, -0.196203096263308], [0.19620309626330798, 0.437577312418308, -0.47871536354036853]]	[[0.04457692961873011, 0.04110762230365281, 0.0485142131141887], [-0.05857685774608199, 0.058437072271259306, 0.07658383299957491], [-0.007223549519478323, -0.08366232689997125, 0.10859073638041973]]	0.7537576901262683	[[1.9967346175427393e-16, -1.0, 0.0], [-1.0, -1.7938038903913487e-16, 0.0], [0.0, 0.0, -1.0]]
4	[[-0.42203838922340475, -0.825029846081567, 0.3757783270710803], [0.2588054115689476, 0.28760896992378115, 0.9221175843470338], [-0.8688517462515349, 0.4864224845687207, 0.09214016247897017]]	0.7795487749839503	0.22045122501604975	[[-0.3289995093153048, -0.6431510058380826, 0.29293753453377874], [0.20175144154779018, 0.22420522017847935, 0.7188356332688897], [-0.6773123144330502, 0.3791900519701958, 0.07182775078730333]]	0.8956666058348798	0.18650810691203126	[[-0.3215273555653177, -0.6836345218889107, 0.3365720987540638], [0.24680428939295437, 0.2166863323734244, 0.8095289078460967], [-0.7970347028381018, 0.4297522673491273, 0.02495607956530143]]	[[0.05647833604242917, 0.05531716006343971, -2.473322500101915e-18], [0.015000924841295952, -0.04091541752587467, -0.016381019106669573], [-0.018833208299281298, -0.005920108406307958, -0.05757078702331213]]	0.4766383245005815	[[-0.4999999999999999, -0.5, 0.7071067811865476], [0.5, 0.5000000000000001, 0.7071067811865475], [-0.7071067811865476, 0.7071067811865475, 0.0]]
4	[[-0.0862647130891118, -0.8979697215877016, 0.43151915181989225], [0.27922630325144876, -0.43756605256879577, -0.8547330701522506], [0.9563425489060831, 0.04675819448040952, 0.2884832757730489]]	0.7723046263069013	0.22769537369309875	[[-0.06662263700575853, -0.6935061702657022, 0.333264237290533], [0.21564776578766762, -0.3379342867137297, -0.6601143043360843], [0.7385877748543019, 0.03611156991497809, 0.22279696849169528]]	0.8540404794273184	0.22522300490342204	[[-0.05161417724529143, -0.8025761469982997, 0.33959191629414087], [0.1576649036247772, -0.41622422680870985, -0.7053103600174698], [0.8209558041494943, 0.06039911664394732, 0.15402606258122817]]	[[0.02205937967899367, -0.03567365546232329, -0.028942907008189682], [-0.08080566227280794, -0.04252510549173625, 0.02466628099774208], [0.0042005551849995, 0.020465725812742575, -0.09235033256674983]]	0.4356298660535872	[[0.0, -0.7071067811865475, 0.7071067811865476], [0.0, -0.7071067811865476, -0.7071067811865475], [1.0, 0.0, 0.0]]
4	[[0.5528938279780253, -0.041170824069684364, 0.8322339684423055], [-0.39821567315518647, -0.8903939016715445, 0.22050618476515635], [0.731937628925694, -0.453325118553502, -0.5086881601247331]]	0.6511131835622189	0.348886816437781	[[0.3599964605066739, -0.026806866329892223, 0.5418785086610888], [-0.2592834746924455, -0.5797472079417446, 0.1435744839575998], [0.47657423973879065, -0.295165961130091, -0.33121356737922275]]	0.8207190801520339	0.335545831521944	[[0.45712409644992336, 0.05501221074897672, 0.5656627073384299], [-0.3295150398666553, -0.8312849945206968, 0.07779901453732983], [0.4519599126081033, -0.35230184365500844, -0.40211188570094664]]	[[0.0033535825300614963, 0.08880189160854929, -0.11736758971281597], [-0.0026918388926076425, -0.10052173056784633, -0.10317461859096372], [-0.14875526493245297, 0.019750730654033447, 0.015378193160854857]]	0.6468957695529169	[[0.0, 0.0, 1.0], [-0.7071067811865475, -0.7071067811865476, 0.0], [0.7071067811865476, -0.7071067811865475, 0.0]]
4	[[0.50607966, 0.26960331, 0.8192664], [-0.59451586, 0.79721188, 0.10490047], [-0.62484739, -0.54015486, 0.56373616]]	0.7159195991616484	0.2840804019187903	[[ 0.36231235  0.19301429  0.58652887]
 [-0.42562556  0.57073961  0.0751003 ]
 [-0.44734049 -0.38670745  0.40358977]]	0.8334189728085969	0.28993884484782806	[[ 0.35777747  0.26564391  0.6301083 ]
 [-0.49606147  0.72027432  0.15396531]
 [-0.43674715 -0.37390709  0.41885124]]	[[-0.0639989242681047, 0.040951397975462336, -0.0526838625924078], [-0.0005806705708599246, 0.055862813945947234, 0.06653926485755376], [0.08401252395386176, 0.0762682179269241, -0.050977172681243674]]	0.6106164802500681	WordDict: (word: HRZ, matrix: [[ 0.          0.          1.        ]
 [-0.70710678  0.70710678  0.        ]
 [-0.70710678 -0.70710678  0.        ]])
