5	[[-0.5446221603179724, 0.8109226453022452, -0.2139887049042392], [-0.8354447797583356, -0.5021691245819775, 0.22328947644507607], [0.07361197229480154, 0.30038414347728, 0.9509735242804028]]	0.8119104198655228	0.18808958013447713	[[-0.44218440685183313, 0.6583965454258064, -0.17373965924528034], [-0.6783063219080496, -0.40771634478285534, 0.18129105257207456], [0.05976632733300156, 0.24388501605158386, 0.7721053133794978]]	0.863596089096882	0.16403449387573743	[[-0.48587049098343665, 0.6891524672241468, -0.12658788353687922], [-0.7567464617505621, -0.44587939899431017, 0.20443447779076504], [0.06357101138449864, 0.22672579031852846, 0.8370356203083594]]	[[-0.015536923297340646, -0.011157157818970198, 0.05821192512932851], [-0.035259617294857604, -0.012208106940109585, 0.01160255919630701], [9.512091476302614e-18, -0.03268478121516721, 0.015778603905124672]]	0.3906798077290261	[[-0.6813246497107212, 0.681324649710721, 0.0], [-0.7071067811865475, -0.7071067811865476, 0.0], [0.0, 0.0, 0.96353856]]
5	[[-0.30792515101507295, 0.09349718223056193, 0.9468053539599837], [0.3027085282091916, -0.9338174967034747, 0.1906631317268273], [0.9019698710720718, 0.34531602882779927, 0.2592434992682147]]	0.7649547895445945	0.2350452104554055	[[-0.23554881909022263, 0.0715211173561921, 0.7242632902781545], [0.23155833848961613, -0.7143281666638666, 0.14584867580400848], [0.6899661729015018, 0.26415115015834434, 0.19830955642352144]]	0.8517062891040054	0.2594245099099784	[[-0.2587200980074856, 0.07975997912620388, 0.7458171037794875], [0.243437311470992, -0.8497656753673695, 0.11926043259106714], [0.682315611419848, 0.2661038083004457, 0.17896011888128172]]	[[0.003541689685352692, 0.00012784100693103914, -0.060582970745574435], [-0.014381445770193714, -0.05442744054966118, -0.04312855580093713], [-0.08589780035456443, -0.028004025180610924, -0.04183919985478637]]	0.4691554330034967	[[0.0, 0.0, 0.9816], [0.0, -1.0, 0.0], [0.9816, 0.0, 0.0]]
5	[[0.034229894132735264, 0.2773841392786001, 0.9601491309293217], [-0.1827544195208179, -0.9427759796974285, 0.2788803941677556], [0.9825625356654255, -0.18501754344446375, 0.018422055382213542]]	0.8660522729926401	0.13394772700736	[[0.029644877617952817, 0.24022916431433866, 0.8315393372532472], [-0.15827488042545487, -0.816493280139821, 0.2415249992620682], [0.8509505173704539, -0.16023486404359238, 0.015954462936962337]]	0.924077694971575	0.124736350888907	[[0.009515787613530013, 0.23947830307776719, 0.8700133990184228], [-0.16440885330701938, -0.827147925144055, 0.25289297009453265], [0.9036651053646355, -0.16217746550592982, 0.0]]	[[-0.02211529405576903, -0.016846192968475893, -0.01723899671970578], [0.004470429429646233, 0.04405032904931317, -0.0048141817207712516], [-0.004299017758496751, 0.008793119569533507, -0.01702341047423458]]	0.3461565284588378	[[0.0, 0.0, 0.9816], [0.0, -1.0, 0.0], [0.9816, 0.0, 0.0]]
5	[[0.3802729664721569, 0.7767473726770865, -0.5020517802076895], [0.4287143634067757, 0.332951791095048, 0.839849450446521], [0.8195098935212374, -0.5346088512602871, -0.20639019011321075]]	0.781991206093258	0.2180087939067421	[[0.297370115696223, 0.6074096147895243, -0.39260007712587847], [0.33525086210996796, 0.2603653726893271, 0.656754884691435], [0.6408495300400301, -0.418059420385163, -0.16139531369244647]]	0.8609127509252579	0.22846483021585615	[[0.3429617273974569, 0.6136793087414459, -0.4322227792055248], [0.4060049878363942, 0.3013503384937752, 0.7188184093934503], [0.667134017800884, -0.4427265490248238, -0.08425388588829413]]	[[0.015579881729403949, -0.05503240864395107, -4.16668022420013e-18], [0.036919325874696235, 0.014707896096645785, -0.004218691353530122], [-0.03839249904094972, 0.017525027782661972, 0.0934300604460571]]	0.3753832165960036	[[0.4642032783034367, 0.46420327830343683, -0.6564825718747727], [0.5, 0.5000000000000001, 0.7071067811865475], [0.6564825718747727, -0.6564825718747725, 0.0]]
5	[[0.8787972042104137, -0.3840163418041313, 0.28327887866788265], [-0.395223040501579, -0.9183905790867732, -0.018907472103605397], [0.2674214316928388, -0.09534250611366366, -0.9588511794847616]]	0.7578233495410094	0.24217665045899073	[[0.6659730408620101, -0.2910165504244919, 0.214675348686316], [-0.29950924836868864, -0.6959778248304457, -0.01432852384090743], [0.20265820510451932, -0.07225277733669076, -0.7266398125484895]]	0.849548541904346	0.24566464036257532	[[0.694245152630613, -0.31493354961253606, 0.1470696239716825], [-0.35974266655176457, -0.8405030719883178, -0.025316980210883827], [0.13394220981857885, -0.05608626794325487, -0.8145906214345415]]	[[-0.052335730835959854, 0.01130697363460463, -0.0935895343529154], [-0.02398150876664581, -0.060285694626461564, -0.009254164854168755], [-0.09324527755004502, 0.024911819107114277, 0.0]]	0.4753721198924681	[[0.6813246497107212, -0.681324649710721, 0.0], [-0.7071067811865475, -0.7071067811865476, 0.0], [0.0, 0.0, -0.96353856]]
5	[[0.04673222253661188, -0.9725397674033924, -0.22799671093185395], [-0.8377629715199755, -0.16246744520517667, 0.5213036857710898], [-0.5440306084466285, 0.16664552219444034, -0.8223502702654952]]	0.6954939065069385	0.30450609349306135	[[0.032501976011739805, -0.6763954820647347, -0.15857032315672834], [-0.5826590417892888, -0.11299511814595037, 0.3625635368934008], [-0.37836997312789244, 0.11590094523290004, -0.571939601983986]]	0.7953885722580513	0.34722418690016205	[[-0.037787724489369755, -0.8589695315348029, -0.16294411926684918], [-0.6930499534477873, -0.1561603632591557, 0.274567302236528], [-0.30219441350341847, 0.052781952748880714, -0.6186030411133105]]	[[-0.0749580002512111, -0.08542251447564123, 0.01840185912076976], [-0.02670285963985162, -0.02693561397899697, -0.1400716921017989], [0.13052131541362436, -0.07976599122255258, 0.03548496624918422]]	0.6218352564993335	[[1.888530471404439e-16, -0.9458094504960001, 0.0], [-1.0, -1.7938038903913487e-16, 0.0], [0.0, 0.0, -0.9458094504960001]]
5	[[-0.8305561570912853, 0.32773595720904825, 0.4502950280316503], [-0.5100865793185324, -0.772219296347621, -0.37879947194723407], [0.22358030216652452, -0.5443036842615101, 0.808545204538665]]	0.7689234305890724	0.2310765694109276	[[-0.6386340896075078, 0.2520038565445747, 0.34624239773129906], [-0.3922175224670508, -0.5937775105146923, -0.2912677894749963], [0.17191613295402544, -0.4185278561846316, 0.6217093524602136]]	0.8172920729351885	0.2372877751189277	[[-0.6822214666852671, 0.3325251927909903, 0.37286295043186346], [-0.4973286591548277, -0.6299670599564491, -0.3676601573588565], [0.05944988005543529, -0.48275438280894567, 0.6720689898495245]]	[[-0.0034145033670464667, 0.06466919294820905, 0.004840393539467247], [-0.08043894136716487, 0.0011616495160506751, -0.0580703517043468], [-0.12328052856971938, -0.03789929639259561, 0.011251403570313115]]	0.39981461511338445	[[-0.6444032925522769, 0.45566193798265364, 0.45566193798265353], [-0.7071067811865475, -0.5000000000000001, -0.5], [0.0, -0.6444032925522769, 0.6444032925522769]]
5	[[0.08740825448676931, -0.06334395238859675, -0.994156597696443], [0.7119981850616444, -0.6940087028176986, 0.10681996481098455], [-0.6967197295301035, -0.717174639895393, -0.015561310176609944]]	0.8838085684775839	0.11619143152241616	[[0.07725216427107594, -0.055983927882277934, -0.8786441194526385], [0.6292700966979696, -0.6133708381482954, 0.09440840018442215], [-0.6157668667860903, -0.6338450918343741, -0.013753219270825295]]	0.9398697644617369	0.09546312319719116	[[0.07079384935170156, -0.05955369611102359, -0.9016261511990191], [0.6765176384247515, -0.6588682345504201, 0.10783812455147074], [-0.6467154230360754, -0.6677943499750638, 0.0]]	[[-0.011358526204789872, -1.8630499477670544e-05, 0.032751576116018664], [0.007332071933679588, -0.006590438498754323, 0.007441269384759648], [0.008110385053228001, 0.00625640990135032, 0.014625604930406419]]	0.13757714242431926	[[0.0, 0.0, -0.9458094504960001], [0.7071067811865475, -0.7071067811865476, 0.0], [-0.668788276156044, -0.6687882761560439, 0.0]]
5	[[-0.42203838922340475, -0.825029846081567, 0.3757783270710803], [0.2588054115689476, 0.28760896992378115, 0.9221175843470338], [-0.8688517462515349, 0.4864224845687207, 0.09214016247897017]]	0.7680910363990854	0.23190896360091462	[[-0.32416390377880555, -0.6336980295369687, 0.2886319646963406], [0.19878611679768488, 0.22090987178643054, 0.7082702510429343], [-0.6673572382554966, 0.37361675030020686, 0.07077203289245233]]	0.8573870305906707	0.23320055634104733	[[-0.2846111837932418, -0.6437953728136317, 0.3379755422030292], [0.2574139487342702, 0.2329435313148736, 0.8305580015630619], [-0.7483769983183738, 0.3797825001483892, 0.022718495975074953]]	[[0.07723905753828281, 0.06357451706692104, 0.015788078195225874], [0.035517545408373805, -0.013648669379318691, 0.03994634406431642], [-0.003434779576251449, -0.03726982950852253, -0.056281284330911216]]	0.4923025995123935	[[-0.4642032783034367, -0.46420327830343683, 0.6564825718747727], [0.5, 0.5000000000000001, 0.7071067811865475], [-0.6564825718747727, 0.6564825718747725, 0.0]]
5	[[0.8489524140446696, -0.5135124485683378, 0.12483895166604869], [0.522794976890395, 0.7815435453534784, -0.34040431673891397], [0.0772347773085365, 0.35425224329800037, 0.9319550081910795]]	0.8409600277317992	0.15903997226820094	[[0.713935045657983, -0.4318434429886535, 0.10498456825508905], [0.4396496782637919, 0.65724688157407, -0.2862664236447812], [0.0649513604672462, 0.2979119763479385, 0.7837369095331593]]	0.9083716833941367	0.15446471023694983	[[0.7540557122662395, -0.47594391860545515, 0.06332832571418237], [0.5080960133095498, 0.6681527144712719, -0.2930542040506027], [0.023982217035232546, 0.2916482922076109, 0.8371441852023678]]	[[-0.017108621201033025, -0.009483751255589071, -0.050071842963865534], [0.033203860081623, -0.04177931146728889, 0.01615943818015554], [-0.04617566764509402, -0.03014441438314293, -0.009417354435759485]]	0.4327692880650246	[[0.6940960164127151, -0.694096016412715, 0.0], [0.7071067811865475, 0.7071067811865476, 0.0], [0.0, 0.0, 0.9816]]
5	[[0.5319609947059123, -0.8460851799387872, 0.03402011756955908], [-0.703274286200726, -0.4190807785627857, 0.5742617690636116], [-0.47161719485230363, -0.3294103357928521, -0.8179645788128509]]	0.7961419572361433	0.20385804276385663	[[0.4235164674984509, -0.6736039111449607, 0.027084842987232478], [-0.5599061666896977, -0.33364779128502303, 0.4571938887881939], [-0.3754742365759327, -0.2622573894719365, -0.6512159207259007]]	0.8555398131471259	0.1893793690499517	[[0.5123476150920241, -0.7034928094038565, 0.006549876638046263], [-0.5967756371793072, -0.38980124009793965, 0.5667056326099701], [-0.3686201160560841, -0.3638854562462901, -0.6978807670639389]]	[[0.05723380507976873, 0.02036674734752584, -0.022555688390657573], [0.00490351422804034, -0.03126094911278186, 0.07540182600774985], [0.03486717070482753, -0.08206179911334137, 0.0019204958545752497]]	0.3172618865106935	[[0.6444032925522769, -0.6444032925522769, 0.0], [-0.5, -0.5000000000000001, 0.7071067811865475], [-0.45566193798265353, -0.45566193798265364, -0.6444032925522769]]
5	[[-0.3195682178843842, -0.5708200961323295, -0.7563336379995778], [0.910087742671785, 0.03735879733279218, -0.41272826520656647], [0.2638493031197415, -0.8202248094963509, 0.507557688474819]]	0.7839956377573707	0.2160043622426293	[[-0.2505400887872542, -0.44752046531198947, -0.5929622728808314], [0.7135048202311319, 0.029289134140770834, -0.3235771595011153], [0.2068567026711996, -0.6430526726255097, 0.3979230136744725]]	0.8212592662879024	0.1941098081152139	[[-0.29387405525425053, -0.4913140757338429, -0.619117990839746], [0.7848616199813386, 0.007416755711691085, -0.3102773311050795], [0.1854334629689503, -0.6606195820601714, 0.43508710657314065]]	[[-0.03142569510558873, -0.022522782401816002, 0.0020280177726471164], [0.03744362817709518, -0.023264502775236316, 0.02867958115474397], [-0.031255222121742934, 0.01299764317793627, 0.018250651737527164]]	0.49054989257772064	[[1.8196719309331546e-16, -0.6444032925522769, -0.6444032925522769], [1.0, 1.2684108950145333e-16, 1.268410895014533e-16], [0.0, -0.6444032925522769, 0.6444032925522769]]
5	[[0.22433838825039393, -0.7661379269479729, -0.6022499185961573], [-0.9416906372873723, -0.011392912655017143, -0.3362869982418849], [0.2507808429735371, 0.642575192824231, -0.724020780340167]]	0.7078181889577149	0.2921818110422852	[[0.15879079168508653, -0.5422863599441323, -0.42628344668066326], [-0.6665457614431842, -0.008064110802427691, -0.23803005406559716], [0.1775072420988181, 0.45482640925400164, -0.5124750775081285]]	0.7703735009387788	0.3757119566335097	[[0.222999137835415, -0.5767427247430789, -0.3571166837798375], [-0.8376396929922454, -0.014148356651803612, -0.15649986579728586], [0.14529550151429607, 0.3571166837798375, -0.523816490517719]]	[[0.050174788283995936, 0.013469632241809248, 0.10684069444917862], [-0.1121861799439026, -0.005371558643868318, 0.10256672635850791], [-0.04789941445560589, -0.1379062171325762, 0.03394993278536219]]	0.62113332443329	[[0.6444032925522769, -0.45566193798265364, -0.45566193798265353], [-0.7071067811865475, -0.5000000000000001, -0.5], [0.0, 0.6444032925522769, -0.6444032925522769]]
5	[[0.8592155572171323, 0.2624339665249735, -0.4391776855101157], [-0.4266000482917053, 0.8413623931712975, -0.33184593135155627], [0.2824199444684594, 0.4724804086637203, 0.8348660002631537]]	0.8023349933261248	0.19766500667387538	[[0.6893787083655103, 0.21055995478036313, -0.35236762537274163], [-0.34227614689904984, 0.6750544901099453, -0.2662516031162524], [0.2265954042602659, 0.37908756553193074, 0.6698422067493458]]	0.8443576081617001	0.1940881109227633	[[0.7402589762477537, 0.16235748643427916, -0.34009593733455457], [-0.35428947748585277, 0.7518819735715095, -0.38831507685233735], [0.26177680616427657, 0.39339844430852405, 0.7139554202600358]]	[[0.014773783460573453, -0.05923062984113514, 0.030727082760758074], [0.005913518931397275, 0.04147123567618872, -0.1081184399781456], [0.02331337735572797, -0.005543983454037462, 0.009029961142313987]]	0.43516862809934753	[[0.7778635842587922, -0.13346029170651516, -0.45566193798265353], [-0.14644660940672619, 0.8535533905932737, -0.5], [0.45566193798265353, 0.45566193798265364, 0.6444032925522769]]
