5	[[0.8787972042104137, -0.3840163418041313, 0.28327887866788265], [-0.395223040501579, -0.9183905790867732, -0.018907472103605397], [0.2674214316928388, -0.09534250611366366, -0.9588511794847616]]	0.6383865306787666	0.36161346932123345	[[0.5610122983660857, -0.2451508601682908, 0.1808414205673609], [-0.25230506567011673, -0.5862881755912684, -0.012070275520126204], [0.1707182400075401, -0.06086537170412086, -0.6121176779085203]]	0.8160516631904479	0.2940737496836202	[[0.6450085049502219, -0.2658015183998518, 0.16112136151243847], [-0.3198232722965191, -0.8541198779514088, -0.03236249683383271], [0.1534165722773588, -0.047379324613544486, -0.7431867291748744]]	[[-0.07213541515280186, 0.04757565602172108, -0.07004883857121225], [0.0026991472359802248, -0.10466571842920881, -0.01693302277695853], [-0.06481313182835302, 0.030425086073256176, 0.03928537059578794]]	0.4952239297023208	[[0.6287939980633563, -0.6287939980633562, 0.0], [-0.7071067811865475, -0.7071067811865476, 0.0], [0.0, 0.0, -0.8892490000000001]]
5	[[-0.3195682178843842, -0.5708200961323295, -0.7563336379995778], [0.910087742671785, 0.03735879733279218, -0.41272826520656647], [0.2638493031197415, -0.8202248094963509, 0.507557688474819]]	0.613491846131977	0.38650815386802306	[[-0.19605249595499674, -0.3501934745854554, -0.46400451986807545], [0.5583314093937972, 0.022919317544965075, -0.2532054253724247], [0.1618693960715658, -0.5032012326211653, 0.31138250332089557]]	0.7221601721905812	0.3476112294405981	[[-0.25672719059165044, -0.3860395147785094, -0.5356504815582521], [0.7451046883324384, 0.09564159983722989, -0.3574948012417262], [0.2244232619418862, -0.5576452001056238, 0.2857230473178546]]	[[-0.025947751337626397, 0.026184024134257786, 0.010543548693051664], [0.08787556737604474, 0.06866256432254764, -0.05943888617223236], [0.03388180376856886, 0.03468848955524747, -0.08081490038777395]]	0.5629956378084635	[[1.488945532770495e-16, -0.5272826312467627, -0.5272826312467627], [1.0, 1.2684108950145333e-16, 1.268410895014533e-16], [0.0, -0.5272826312467627, 0.5272826312467627]]
5	[[0.034229894132735264, 0.2773841392786001, 0.9601491309293217], [-0.1827544195208179, -0.9427759796974285, 0.2788803941677556], [0.9825625356654255, -0.18501754344446375, 0.018422055382213542]]	0.8133173978450898	0.18668260215491025	[[0.02783976842454916, 0.22560134636157103, 0.7809059927106603], [-0.14863734892936148, -0.7667761065583678, 0.22681827649453198], [0.7991352047274771, -0.15047798698994214, 0.014982978146420049]]	0.8926923052076776	0.16420968175789977	[[0.009145761145631493, 0.22258545148661568, 0.8168646283838759], [-0.16672741354085882, -0.8251298349794386, 0.2554465105062017], [0.8478793182034662, -0.15149766499611117, 0.0]]	[[-0.021411001954734707, -0.025033235234045395, -0.04025311264856873], [-0.003583949491928905, 0.016479027631085455, 0.006492128559362199], [-0.029246696770403428, 0.013666072365188802, -0.016445227085811708]]	0.36324011218777763	[[0.0, 0.0, 0.9430000000000001], [0.0, -1.0, 0.0], [0.9430000000000001, 0.0, 0.0]]
5	[[0.8592155572171323, 0.2624339665249735, -0.4391776855101157], [-0.4266000482917053, 0.8413623931712975, -0.33184593135155627], [0.2824199444684594, 0.4724804086637203, 0.8348660002631537]]	0.6298119047472878	0.37018809525271235	[[0.5411441866794242, 0.16528403632747957, -0.2765993346336313], [-0.2686777889798838, 0.5299000514259513, -0.20900051810716144], [0.17787144316430364, 0.29757378613627455, 0.5258085458344866]]	0.7663554089363853	0.41642323172112355	[[0.5002599214030795, 0.20351049219612052, -0.2930838619786703], [-0.356380106864011, 0.748733761579965, -0.2502302536961094], [0.24425833694932592, 0.3277087784213082, 0.4976408318544556]]	[[-0.15820456831256013, 0.0023928024610767673, 0.043482332796169705], [-0.02945285240313951, 0.10395114069747953, 0.004081670728688152], [0.027824284914408456, -0.0343791383746076, -0.14216324318429785]]	0.50303882872162	[[0.6364864397798531, -0.10920380853309028, -0.3728451241564716], [-0.14644660940672619, 0.8535533905932737, -0.5], [0.3728451241564716, 0.37284512415647164, 0.5272826312467627]]
5	[[0.3802729664721569, 0.7767473726770865, -0.5020517802076895], [0.4287143634067757, 0.332951791095048, 0.839849450446521], [0.8195098935212374, -0.5346088512602871, -0.20639019011321075]]	0.6244443626878428	0.3755556373121574	[[0.23745931019612135, 0.4850355181007996, -0.31350340392808757], [0.2677082674326683, 0.207909868996123, 0.5244392548378128], [0.5117383331762512, -0.3338334834125098, -0.12887919073026657]]	0.7925604614180365	0.3217276565002559	[[0.3430820242513448, 0.4998948836304957, -0.3975998328321142], [0.4057469209574543, 0.30532645817916537, 0.7207234389716975], [0.571699780415819, -0.4148869210366681, -0.06314378427773273]]	[[0.0416927064793666, -0.11572437246370339, 0.0003065577450387623], [0.06596486727924034, 0.041442032998912505, 0.05509197100411853], [-0.07781135893001885, 0.008822916796351497, 0.10043292003054986]]	0.42160222858913377	[[0.3953818920005, 0.3953818920005001, -0.5591544339838417], [0.5, 0.5000000000000001, 0.7071067811865475], [0.5591544339838417, -0.5591544339838416, 0.0]]
5	[[0.08740825448676931, -0.06334395238859675, -0.994156597696443], [0.7119981850616444, -0.6940087028176986, 0.10681996481098455], [-0.6967197295301035, -0.717174639895393, -0.015561310176609944]]	0.7127710193269582	0.28722898067304176	[[0.062302070648124735, -0.04514973351221842, -0.7086060115107147], [0.5074916721253326, -0.4946692905291509, 0.07613817520279528], [-0.4966016318023744, -0.5111812991136836, -0.011091650916645237]]	0.8794602337247789	0.19663560080734038	[[0.05021226854131328, -0.0417125179553985, -0.8030779410714803], [0.6808048651806097, -0.6700560793132183, 0.08980035834387093], [-0.5766399980249168, -0.5886604605803063, 0.0]]	[[-0.02665981537909582, 0.013995969217328066, 0.07124325269766446], [0.05463077493467751, -0.059703023326134655, -0.0041435528752702], [0.03609729814829278, 0.042066115843580214, 0.013685553484985163]]	0.21229225160228757	[[0.0, 0.0, -0.8385618070000002], [0.7071067811865475, -0.7071067811865476, 0.0], [-0.592952740173745, -0.592952740173745, 0.0]]
5	[[-0.30792515101507295, 0.09349718223056193, 0.9468053539599837], [0.3027085282091916, -0.9338174967034747, 0.1906631317268273], [0.9019698710720718, 0.34531602882779927, 0.2592434992682147]]	0.662390204135694	0.337609795864306	[[-0.20396660363938865, 0.06193161762381413, 0.6271545916863217], [0.20051116379410186, -0.6185515622668974, 0.12629339074568388], [0.5974560070236753, 0.2287339548265731, 0.1717203544011244]]	0.8192393620720526	0.29046667874542154	[[-0.22110339774674817, 0.0710575958152603, 0.7210769512734105], [0.24987528570702303, -0.8468602141628605, 0.1198368621999103], [0.6602502495555692, 0.24733926395320227, 0.1500458019314879]]	[[0.0311610065367807, -0.005538976110839715, -0.05458326291117041], [0.001884544163155, -0.081840163871785, -0.036361880206635444], [-0.07867897222972643, -0.03555721921693853, -0.06233667703033097]]	0.47687209947815545	[[0.0, 0.0, 0.9430000000000001], [0.0, -1.0, 0.0], [0.9430000000000001, 0.0, 0.0]]
5	[[-0.5446221603179724, 0.8109226453022452, -0.2139887049042392], [-0.8354447797583356, -0.5021691245819775, 0.22328947644507607], [0.07361197229480154, 0.30038414347728, 0.9509735242804028]]	0.6695558536671793	0.3304441463328207	[[-0.3646549554777634, 0.542958004033392, -0.14327738998729198], [-0.559376942702881, -0.33623027689478613, 0.14950477601608042], [0.0492873269499706, 0.20112396161401463, 0.6367298898644512]]	0.7961582940742854	0.3009053032117723	[[-0.47264357374022437, 0.6106668473785268, -0.10605650499941852], [-0.7346519332632636, -0.4055985836848162, 0.09734363249516666], [0.07394617658251304, 0.10908614759718618, 0.7337509682608415]]	[[-0.03903812366641564, -0.03495594253151561, 0.06431237724830624], [-0.06950564261760026, -0.005792470120851789, -0.08043013615608544], [0.015339394296840298, -0.13006717964065043, -0.023374490540055227]]	0.41722896555438066	[[-0.6287939980633563, 0.6287939980633562, 0.0], [-0.7071067811865475, -0.7071067811865476, 0.0], [0.0, 0.0, 0.8892490000000001]]
5	[[0.04673222253661188, -0.9725397674033924, -0.22799671093185395], [-0.8377629715199755, -0.16246744520517667, 0.5213036857710898], [-0.5440306084466285, 0.16664552219444034, -0.8223502702654952]]	0.590613904413614	0.40938609558638583	[[0.02760070041427426, -0.5743955092236258, -0.13465802763692442], [-0.49479445958256413, -0.09595553215273434, 0.3078892052384711], [-0.32131204177517736, 0.098423162516304, -0.48569150391709487]]	0.7411647736140436	0.4191276218332601	[[-0.012980733640592877, -0.7661039717390233, -0.12703767975843963], [-0.6800877091616047, -0.1515970779251615, 0.27903502190215823], [-0.2665717160438849, 0.02958520826235554, -0.551852208906563]]	[[-0.047617010777422045, -0.04529175520083339, 0.04194545088411445], [-0.0591673060327735, -0.031181930680014618, -0.10733690634653811], [0.136644606704571, -0.09392658246868094, 0.05764484298621046]]	0.6583610668555465	[[1.6743853889860937e-16, -0.8385618070000002, 0.0], [-1.0, -1.7938038903913487e-16, 0.0], [0.0, 0.0, -0.8385618070000002]]
5	[[0.8489524140446696, -0.5135124485683378, 0.12483895166604869], [0.522794976890395, 0.7815435453534784, -0.34040431673891397], [0.0772347773085365, 0.35425224329800037, 0.9319550081910795]]	0.7236817516467136	0.2763182483532865	[[0.6143713700605525, -0.3716195882723276, 0.09034367121542553], [0.37833718462814425, 0.5655888018895879, -0.2463443922057199], [0.05589339893068554, 0.25636588395467463, 0.6744388327836477]]	0.8681050738421958	0.2215443412869551	[[0.6943395415559197, -0.4354640472900966, 0.054307747950138714], [0.4960586390311069, 0.6669363490658621, -0.30802814418758717], [0.02238052542922627, 0.26632952549700895, 0.7698751997148855]]	[[-0.042640356526838646, 0.010318714793206986, -0.05406557940429879], [0.042217667013341606, -0.011525568084110673, -0.012521429668750063], [-0.04466737662938634, -0.04119864432996516, -0.03915967148843587]]	0.4459912368938403	[[0.6668016946589144, -0.6668016946589143, 0.0], [0.7071067811865475, 0.7071067811865476, 0.0], [0.0, 0.0, 0.9430000000000001]]
5	[[-0.42203838922340475, -0.825029846081567, 0.3757783270710803], [0.2588054115689476, 0.28760896992378115, 0.9221175843470338], [-0.8688517462515349, 0.4864224845687207, 0.09214016247897017]]	0.6183833886668836	0.38161661133311653	[[-0.2609815292754822, -0.5101847519712368, 0.23237507528178714], [0.16004096741133322, 0.17785260943245965, 0.5702221965578396], [-0.5372834870961635, 0.30079558433137044, 0.05697794590606282]]	0.7929050749304648	0.34200436320439437	[[-0.2529064517305948, -0.5378573322704053, 0.3008463709567558], [0.26901903362662916, 0.23938952120109702, 0.824923484006397], [-0.6288896703604686, 0.3342337886853452, 0.02342994536371853]]	[[0.08172992890012162, 0.11631301965676935, 0.002889828373216237], [0.06381090937414298, 0.01134290935300745, 0.09377177169501288], [0.06002728860456977, -0.051453067889479114, -0.04962845707077452]]	0.5394410026594195	[[-0.3953818920005, -0.3953818920005001, 0.5591544339838417], [0.5, 0.5000000000000001, 0.7071067811865475], [-0.5591544339838417, 0.5591544339838416, 0.0]]
5	[[0.22433838825039393, -0.7661379269479729, -0.6022499185961573], [-0.9416906372873723, -0.011392912655017143, -0.3362869982418849], [0.2507808429735371, 0.642575192824231, -0.724020780340167]]	0.5936613090406031	0.4063386909593969	[[0.13318102123678788, -0.4548264446175876, -0.35753247504339136], [-0.5590452964433013, -0.006763531440562718, -0.19964057958961234], [0.14887888352197598, 0.381472030129051, -0.42982312422934255]]	0.732063318517455	0.4453896396454805	[[0.2070609862077869, -0.47694659261823824, -0.35421149924629364], [-0.8103926921094191, 0.04577900479024588, -0.20856959254664362], [0.16492928022973077, 0.3542114992462936, -0.3977847811141212]]	[[0.04283108123434635, 0.0839148806253783, 0.08667357473807638], [-0.12101551916000822, 0.05411933823605711, 0.037613783360584185], [-0.018658175898081598, -0.11619422880960636, 0.13224427401729874]]	0.6862635914988297	[[0.5272826312467627, -0.37284512415647164, -0.3728451241564716], [-0.7071067811865475, -0.5000000000000001, -0.5], [0.0, 0.5272826312467627, -0.5272826312467627]]
5	[[0.5319609947059123, -0.8460851799387872, 0.03402011756955908], [-0.703274286200726, -0.4190807785627857, 0.5742617690636116], [-0.47161719485230363, -0.3294103357928521, -0.8179645788128509]]	0.6420333597699314	0.3579666402300687	[[0.3415367046975915, -0.5432149107276464, 0.021842050382952102], [-0.4515255528092524, -0.2690638402756639, 0.36869521297933494], [-0.3027939721362949, -0.21149242463202608, -0.5251605467080114]]	0.7560507043227493	0.3264905862113985	[[0.42279970166069025, -0.5775551137800026, 0.029053857744616083], [-0.6027305306892511, -0.375850717415624, 0.5648219594456548], [-0.2939460239976288, -0.3123736424965912, -0.5716220676958639]]	[[0.020610216941054877, 0.06212818242975761, 0.003332923895008201], [-0.07101951127511348, -0.05900439961510364, 0.13065094447948325], [0.06262048834117477, -0.06332272610921197, 0.0468006282266532]]	0.4095638509242498	[[0.5272826312467627, -0.5272826312467627, 0.0], [-0.5, -0.5000000000000001, 0.7071067811865475], [-0.3728451241564716, -0.37284512415647164, -0.5272826312467627]]
5	[[-0.8305561570912853, 0.32773595720904825, 0.4502950280316503], [-0.5100865793185324, -0.772219296347621, -0.37879947194723407], [0.22358030216652452, -0.5443036842615101, 0.808545204538665]]	0.609523187362137	0.390476812637863	[[-0.5062432361535281, 0.19976266525124003, 0.27446526073917427], [-0.3109095976568813, -0.47068556685234847, -0.23088706151237243], [0.13627737840792972, -0.3317657165240298, 0.4928270501967781]]	0.7526887570091608	0.4015796689430768	[[-0.589110824479183, 0.23241458941530085, 0.1944617561098964], [-0.5696252214222306, -0.6226110769145002, -0.2919860355447239], [0.16679132827456375, -0.2518605545405074, 0.5695945755048274]]	[[0.03603945702816196, -0.014268580843585156, -0.14447024882665166], [-0.18568878806790975, -0.04137029460812064, -0.006867931849033903], [-0.001495051454890206, 0.15783070900179536, -0.03898830948509811]]	0.4865402323377647	[[-0.5272826312467627, 0.37284512415647164, 0.3728451241564716], [-0.7071067811865475, -0.5000000000000001, -0.5], [0.0, -0.5272826312467627, 0.5272826312467627]]
