5	[[-0.3195682178843842, -0.5708200961323295, -0.7563336379995778], [0.910087742671785, 0.03735879733279218, -0.41272826520656647], [0.2638493031197415, -0.8202248094963509, 0.507557688474819]]	0.7997545864618196	0.20024541353818037	[[-0.2555761479404663, -0.4565159899264073, -0.6048812958855161], [0.7278468462844444, 0.02987786951159813, -0.3300813230613818], [0.2110146903047681, -0.6559785533244789, 0.40592158925169597]]	0.8343015188831322	0.18262130979120061	[[-0.2855043463232739, -0.5097690316607832, -0.6360201574638693], [0.796244427282632, 0.00652548633334812, -0.29543877884304726], [0.1784986608553714, -0.6773233928352007, 0.45382485695891484]]	[[-0.018888096755556527, -0.03353295844856534, -0.005009854498416611], [0.03695684125464064, -0.02464301502504756, 0.04890103970479137], [-0.04163121349368486, 0.006991411553232364, 0.030368706543561722]]	0.4820585260406857	[[1.8664910123639905e-16, -0.6609834077452569, -0.6609834077452568], [1.0, 1.2684108950145333e-16, 1.268410895014533e-16], [0.0, -0.6609834077452568, 0.6609834077452569]]
5	[[-0.8305561570912853, 0.32773595720904825, 0.4502950280316503], [-0.5100865793185324, -0.772219296347621, -0.37879947194723407], [0.22358030216652452, -0.5443036842615101, 0.808545204538665]]	0.785491283373689	0.214508716626311	[[-0.6523946217475529, 0.25743373763583965, 0.3537028194653722], [-0.400668561820609, -0.60657152613402, -0.2975436833611086], [0.17562037848586054, -0.4275457994956007, 0.6351052103787179]]	0.8307755322837792	0.22578873551807502	[[-0.6893574845245366, 0.3338771991221557, 0.38849028382179795], [-0.5004057413357006, -0.6345304344389195, -0.3658138452189777], [0.06525623639643283, -0.4912484946848204, 0.6858649683885378]]	[[0.0006482489745461815, 0.06160218482327476, 0.014396192224064429], [-0.07663829189153464, 0.00701046252408058, -0.05111651228319985], [-0.12048880814412977, -0.03905431166844223, 0.014145395712431452]]	0.38917668769269254	[[-0.6609834077452569, 0.4673858498684638, 0.4673858498684637], [-0.7071067811865475, -0.5000000000000001, -0.5], [0.0, -0.6609834077452568, 0.6609834077452569]]
5	[[0.5319609947059123, -0.8460851799387872, 0.03402011756955908], [-0.703274286200726, -0.4190807785627857, 0.5742617690636116], [-0.47161719485230363, -0.3294103357928521, -0.8179645788128509]]	0.8090041415181531	0.19099585848184694	[[0.4303586478431995, -0.6844864146476107, 0.027522416008707792], [-0.5689518101596103, -0.33903808548794573, 0.4645801494880029], [-0.3815402638466874, -0.2664943259153029, -0.661736731874748]]	0.8688134575231534	0.1719052156656152	[[0.5231343083949157, -0.7196840605750421, 0.005115135580287451], [-0.5940521477270304, -0.3903978357705972, 0.5687705578310278], [-0.37966113331790763, -0.36991181693737946, -0.7145689249947548]]	[[0.06095943731701611, 0.015406129966674974, -0.02444200039066536], [0.016962016454149874, -0.02629481556596826, 0.06984420472750881], [0.030086232369093087, -0.08371568415332863, -0.003910291144891745]]	0.30678382426800893	[[0.6609834077452569, -0.6609834077452568, 0.0], [-0.5, -0.5000000000000001, 0.7071067811865475], [-0.4673858498684637, -0.4673858498684638, -0.6609834077452569]]
5	[[-0.5446221603179724, 0.8109226453022452, -0.2139887049042392], [-0.8354447797583356, -0.5021691245819775, 0.22328947644507607], [0.07361197229480154, 0.30038414347728, 0.9509735242804028]]	0.8317294488320003	0.16827055116799972	[[-0.4529782892229604, 0.6744682448226241, -0.17798070758627646], [-0.6948640261979725, -0.41766884920901615, 0.18571643317364903], [0.061225245144191774, 0.24983833809223058, 0.7909526852035644]]	0.8575164199082924	0.15037737135135898	[[-0.46712009449280323, 0.6952818342479277, -0.15719557024005518], [-0.7354151686155006, -0.449826461816133, 0.19147439244437864], [0.08172268696611396, 0.23898512329036864, 0.8156135090378754]]	[[-9.764937421559218e-05, -9.764937421559215e-05, 0.02630325789024009], [-0.019007552046060777, -0.019208191916114333, 0.0], [0.018599212021487333, -0.01859921202148733, 0.00013809706937293603]]	0.38770336644377984	[[-0.6882832875443778, 0.6882832875443777, 0.0], [-0.7071067811865475, -0.7071067811865476, 0.0], [0.0, 0.0, 0.9733795599999998]]
5	[[0.8787972042104137, -0.3840163418041313, 0.28327887866788265], [-0.395223040501579, -0.9183905790867732, -0.018907472103605397], [0.2674214316928388, -0.09534250611366366, -0.9588511794847616]]	0.7715697553847121	0.228430244615288	[[0.6780533438853977, -0.2962953949095456, 0.21856941511943376], [-0.3049421446822055, -0.7086023944536058, -0.014588433625922086], [0.20633428863587314, -0.07356339411988488, -0.7398205700054001]]	0.853877300622158	0.24073993614834482	[[0.6972892060755227, -0.3173396942414446, 0.1506654051747036], [-0.36025553770096586, -0.8405095856053454, -0.024788383799114612], [0.13686145549399398, -0.05745418864897821, -0.8187412568368206]]	[[-0.05309577844996487, 0.010563143093063124, -0.09121999906549991], [-0.022783554733795647, -0.05631671701791092, -0.008643722557699272], [-0.09148363472840004, 0.02395661310590852, 0.0]]	0.47328499281446834	[[0.6882832875443778, -0.6882832875443777, 0.0], [-0.7071067811865475, -0.7071067811865476, 0.0], [0.0, 0.0, -0.9733795599999998]]
5	[[0.3802729664721569, 0.7767473726770865, -0.5020517802076895], [0.4287143634067757, 0.332951791095048, 0.839849450446521], [0.8195098935212374, -0.5346088512602871, -0.20639019011321075]]	0.8039804273884855	0.1960195726115146	[[0.3057320221085719, 0.6244896846578072, -0.40363980482252826], [0.344677957119362, 0.2676867233043585, 0.6752225201119787], [0.6588699144422967, -0.4298150527219129, -0.1659336732560099]]	0.8690620516342977	0.21794815148096025	[[0.34306884380213276, 0.629352320763842, -0.4363141501339461], [0.40514443586560417, 0.30162971497262486, 0.719794682890788], [0.6804689026131221, -0.44750423618957424, -0.08635210067285704]]	[[0.012588039378779524, -0.04568934453645715, 2.921625661851863e-18], [0.032565051638219746, 0.012273948308248465, -0.010086603578203119], [-0.03173604678504942, 0.017104028908545982, 0.0930137813841226]]	0.3718587792926298	[[0.47373388391289656, 0.47373388391289667, -0.6699608835852999], [0.5, 0.5000000000000001, 0.7071067811865475], [0.6699608835852999, -0.6699608835852998, 0.0]]
5	[[0.8592155572171323, 0.2624339665249735, -0.4391776855101157], [-0.4266000482917053, 0.8413623931712975, -0.33184593135155627], [0.2824199444684594, 0.4724804086637203, 0.8348660002631537]]	0.8241257764917687	0.17587422350823145	[[0.7081016882653767, 0.2162785964402087, -0.3619376510888818], [-0.3515720960498277, 0.6933884355832682, -0.2734827858507354], [0.23274955603183126, 0.38938328366713665, 0.6880345907334486]]	0.8605525889530908	0.178359368806705	[[0.7520011369529854, 0.15043940465938022, -0.35690853339802275], [-0.3576336495115261, 0.7553362543588305, -0.3838101779974866], [0.28818659130647095, 0.3976840113014607, 0.7311161165351205]]	[[0.012600964721009546, -0.07539882466291457, 0.021026960878133678], [0.009478126493414476, 0.03129966866750191, -0.0982393026393551], [0.045149376922150077, -0.0089102276037183, 0.012670018579751726]]	0.42831400563014804	[[0.7978775537410923, -0.1368941459958354, -0.4673858498684637], [-0.14644660940672619, 0.8535533905932737, -0.5], [0.4673858498684637, 0.4673858498684638, 0.6609834077452569]]
5	[[0.8489524140446696, -0.5135124485683378, 0.12483895166604869], [0.522794976890395, 0.7815435453534784, -0.34040431673891397], [0.0772347773085365, 0.35425224329800037, 0.9319550081910795]]	0.8573579143736696	0.14264208562633038	[[0.72785607110783, -0.44026396190946643, 0.10703166323299887], [0.44822241103178, 0.6700625440364616, -0.29184833504306923], [0.06621784759036167, 0.30372096447616725, 0.7990190021128003]]	0.9109798529135256	0.14758427530434387	[[0.7664825761658226, -0.4756441391651061, 0.05462806405838888], [0.4996763681469664, 0.6732807938418869, -0.28909357044772155], [0.022745145404708345, 0.28965453599556223, 0.848992236283933]]	[[-0.006895969111173034, -0.007844644299057405, -0.059097705768226885], [0.023420676995424307, -0.038689630149740015, 0.021007903946223504], [-0.047614180667631165, -0.033062120498336726, 0.0]]	0.4311664303223062	[[0.6976315503186478, -0.6976315503186477, 0.0], [0.7071067811865475, 0.7071067811865476, 0.0], [0.0, 0.0, 0.9865999999999999]]
5	[[0.034229894132735264, 0.2773841392786001, 0.9601491309293217], [-0.1827544195208179, -0.9427759796974285, 0.2788803941677556], [0.9825625356654255, -0.18501754344446375, 0.018422055382213542]]	0.8668667813721777	0.13313321862782249	[[0.0296727581535546, 0.24045509602013193, 0.8323213867659947], [-0.15842373543155208, -0.8172611790753113, 0.24175214968000652], [0.8517508227891728, -0.16038556238308932, 0.01596946785543945]]	0.9279144271232034	0.12364861149550915	[[0.010475050527302956, 0.24115603262009944, 0.87704763674744], [-0.16394100063482764, -0.8275394670566505, 0.2524155569710986], [0.9108977844532639, -0.1637734549353195, 0.0]]	[[-0.021287362077361982, -0.016232712071665694, -0.013888594031683008], [0.005639461859065668, 0.047275966049805745, -0.006361584218967551], [-0.0008361679414415178, 0.007906992897692465, -0.017094090966418604]]	0.34402358532572075	[[0.0, 0.0, 0.9865999999999999], [0.0, -1.0, 0.0], [0.9865999999999999, 0.0, 0.0]]
5	[[0.04673222253661188, -0.9725397674033924, -0.22799671093185395], [-0.8377629715199755, -0.16246744520517667, 0.5213036857710898], [-0.5440306084466285, 0.16664552219444034, -0.8223502702654952]]	0.7095463802472016	0.2904536197527983	[[0.033158679341759686, -0.6900620716075325, -0.16177424094996454], [-0.594431683947138, -0.11527818765334374, 0.3698891432484014], [-0.386014948966988, 0.11824272705746987, -0.5834956575621901]]	0.8003235517832618	0.33611261055670044	[[-0.032034820152239, -0.8804203412628954, -0.15517211110668694], [-0.6876688094912844, -0.14821678081817924, 0.27894772826787423], [-0.3112750428428161, 0.045304077127479164, -0.6279233851407755]]	[[-0.06943571847546588, -0.10207386036414533, 0.02729902638119608], [-0.017187372571918158, -0.01819025802241993, -0.13826388908614973], [0.12412546598799863, -0.08806625908395171, 0.030222903968030825]]	0.6174267012371909	[[1.9175366825701483e-16, -0.9603362738959997, 0.0], [-1.0, -1.7938038903913487e-16, 0.0], [0.0, 0.0, -0.9603362738959997]]
5	[[-0.30792515101507295, 0.09349718223056193, 0.9468053539599837], [0.3027085282091916, -0.9338174967034747, 0.1906631317268273], [0.9019698710720718, 0.34531602882779927, 0.2592434992682147]]	0.7756003749712904	0.22439962502870953	[[-0.23882686259038188, 0.0725164495967829, 0.7343425875561888], [0.23478084798605645, -0.724269200597967, 0.1478783964605278], [0.6995681702163055, 0.26782724144243814, 0.20106935524129682]]	0.8558184996314334	0.25481799575105435	[[-0.2626230237203222, 0.08127061738618252, 0.7502334117097966], [0.24303650606472438, -0.8497574880673665, 0.11968100388804101], [0.6863648563641874, 0.26912634185452033, 0.18135240633413968]]	[[0.0009050170201800956, 0.0012539991698562944, -0.06006012575924486], [-0.016027052372905384, -0.050579199109017745, -0.04349203144144269], [-0.0855576454094706, -0.026401503835571615, -0.04051297624878645]]	0.4683187056108732	[[0.0, 0.0, 0.9865999999999999], [0.0, -1.0, 0.0], [0.9865999999999999, 0.0, 0.0]]
5	[[0.08740825448676931, -0.06334395238859675, -0.994156597696443], [0.7119981850616444, -0.6940087028176986, 0.10681996481098455], [-0.6967197295301035, -0.717174639895393, -0.015561310176609944]]	0.905053658437108	0.09494634156289171	[[0.07910916050085233, -0.057329675849165485, -0.8997650658045543], [0.6443965621906224, -0.62811511547235, 0.09667779994630471], [-0.630568740116533, -0.6490815315756411, -0.014083820705415431]]	0.9502816370356011	0.07822384134824807	[[0.06738737607728228, -0.06510269067868946, -0.9189326149882462], [0.6798891539615585, -0.6626754219573733, 0.10058404561869091], [-0.6624734382854832, -0.679821189207194, 0.0]]	[[-0.015675083086829293, -0.004908095906548568, 0.025796144140473053], [0.003290353094802455, -0.0031716957268165457, -0.0009250054099767778], [-0.0003934731526151775, 0.0016967016330175838, 0.014787627309047655]]	0.1292149480775204	[[0.0, 0.0, -0.9603362738959997], [0.7071067811865475, -0.7071067811865476, 0.0], [-0.6790602914912831, -0.679060291491283, 0.0]]
5	[[-0.42203838922340475, -0.825029846081567, 0.3757783270710803], [0.2588054115689476, 0.28760896992378115, 0.9221175843470338], [-0.8688517462515349, 0.4864224845687207, 0.09214016247897017]]	0.7931848892344917	0.2068151107655083	[[-0.3347544730088696, -0.6544012070793577, 0.29806169073459743], [0.20528054170860274, 0.22812708895184067, 0.731409734001479], [-0.6891600761117185, 0.385822964543807, 0.07308418456993002]]	0.865825473244783	0.21879436020547013	[[-0.2904492426181423, -0.6570185252076509, 0.34676621778766675], [0.2587958687468029, 0.2343820072437427, 0.8305378662887565], [-0.7637765114050927, 0.3876259112292578, 0.023131346862312618]]	[[0.07496234545867804, 0.05731333171699229, 0.021407769916215777], [0.03471555079680801, -0.014637165249959751, 0.032144972434149786], [-0.01150253702730146, -0.03353106666935786, -0.056645952920892924]]	0.4874686318661862	[[-0.47373388391289656, -0.47373388391289667, 0.6699608835852999], [0.5, 0.5000000000000001, 0.7071067811865475], [-0.6699608835852999, 0.6699608835852998, 0.0]]
5	[[0.22433838825039393, -0.7661379269479729, -0.6022499185961573], [-0.9416906372873723, -0.011392912655017143, -0.3362869982418849], [0.2507808429735371, 0.642575192824231, -0.724020780340167]]	0.7211571049772453	0.2788428950227547	[[0.16178322260591535, -0.5525058094110684, -0.4343168077675864], [-0.6791068937703387, -0.008216079907550819, -0.24251575809360565], [0.18085238670254916, 0.46339766578731767, -0.522132729893481]]	0.7772637152567426	0.36602263561160286	[[0.22765631210539083, -0.5857176783486538, -0.36386783816421664], [-0.8369705141716968, -0.015148054286424573, -0.15675495629930236], [0.14852026854052977, 0.3638678381642166, -0.5314957418420191]]	[[0.05328622297917998, 0.009773533150026423, 0.1042391710769035], [-0.10502855081122403, -0.006292756668590256, 0.10462872534672277], [-0.04640258118429939, -0.135582543542163, 0.03125933980826514]]	0.6131294181992325	[[0.6609834077452569, -0.4673858498684638, -0.4673858498684637], [-0.7071067811865475, -0.5000000000000001, -0.5], [0.0, 0.6609834077452568, -0.6609834077452569]]
