5	[[0.8787972042104137, -0.3840163418041313, 0.28327887866788265], [-0.395223040501579, -0.9183905790867732, -0.018907472103605397], [0.2674214316928388, -0.09534250611366366, -0.9588511794847616]]	0.7901276838239726	0.2098723161760274	[[0.694361999513757, -0.3034219427002532, 0.2238264842781063], [-0.3122766655853807, -0.7256458210995892, -0.014939317140188101], [0.21129707642835344, -0.07533275352556205, -0.7576148615781789]]	0.8597479900755354	0.23345710197101727	[[0.7028381876413731, -0.3186041829030344, 0.1553349709736959], [-0.35884621421869023, -0.8407881444941327, -0.025525206634160445], [0.14056266637296497, -0.06086302761629802, -0.8243703743435802]]	[[-0.05270594236253, 0.011553095119227308, -0.08821347559186768], [-0.019053999515915684, -0.05120369001997241, -0.009269545495676455], [-0.08935237202807528, 0.02110750038368877, 0.0]]	0.4705787577405824	[[0.6980847774811172, -0.6980847774811171, 0.0], [-0.7071067811865475, -0.7071067811865476, 0.0], [0.0, 0.0, -0.9872409600000001]]
5	[[0.034229894132735264, 0.2773841392786001, 0.9601491309293217], [-0.1827544195208179, -0.9427759796974285, 0.2788803941677556], [0.9825625356654255, -0.18501754344446375, 0.018422055382213542]]	0.8679830246143002	0.13201697538569976	[[0.029710967041558844, 0.24076472419107367, 0.8333931467448245], [-0.1586277338173102, -0.8183135463914843, 0.2420634480353568], [0.8528476015795723, -0.16059208696563335, 0.015990031350265856]]	0.9332176095990394	0.1225872612881645	[[0.011854703798948532, 0.24372819003421006, 0.8868321159926769], [-0.16329111086862858, -0.8279968023733312, 0.25196134161321493], [0.9210448621509935, -0.16604169334421431, 0.0]]	[[-0.020089236180430854, -0.0151315733640522, -0.009195960831780073], [0.0072585316602491205, 0.05181834378729572, -0.008294753196055847], [0.004100201335734195, 0.006619936282914582, -0.017191786487690437]]	0.34106797920883386	[[0.0, 0.0, 0.9936], [0.0, -1.0, 0.0], [0.9936, 0.0, 0.0]]
5	[[-0.42203838922340475, -0.825029846081567, 0.3757783270710803], [0.2588054115689476, 0.28760896992378115, 0.9221175843470338], [-0.8688517462515349, 0.4864224845687207, 0.09214016247897017]]	0.8316809049238594	0.16831909507614073	[[-0.3510012694619293, -0.68616156897831, 0.3125276591092501], [0.21524351889285426, 0.23919888837042932, 0.7669075869959442], [-0.722607406567152, 0.4045482921414257, 0.07663121371034136]]	0.87733539296559	0.1999174521594442	[[-0.297251996208525, -0.6778794233944341, 0.35140050580740156], [0.25575825196785906, 0.2325161972185101, 0.8296245549422009], [-0.7875279356383423, 0.39817665277384107, 0.022201151706730846]]	[[0.07301721984735547, 0.0459484608258779, 0.021716879558543227], [0.028699104507395184, -0.01981333142999903, 0.02061816171861538], [-0.025253547411912727, -0.028579008872556218, -0.05863667394966975]]	0.4813910814643084	[[-0.48732235655086076, -0.48732235655086087, 0.6891778858818446], [0.5, 0.5000000000000001, 0.7071067811865475], [-0.6891778858818446, 0.6891778858818445, 0.0]]
5	[[-0.8305561570912853, 0.32773595720904825, 0.4502950280316503], [-0.5100865793185324, -0.772219296347621, -0.37879947194723407], [0.22358030216652452, -0.5443036842615101, 0.808545204538665]]	0.8069221104552163	0.19307788954478364	[[-0.670194127131674, 0.2644573902631856, 0.36335301434679], [-0.41160013909859233, -0.6231208243430644, -0.30566166934298367], [0.18041188928042695, -0.4392106776328475, 0.6524330028447841]]	0.8487061630564463	0.21189619963265563	[[-0.7044050473584136, 0.33854735715692696, 0.4110985426427215], [-0.49439777950260777, -0.63939449292665, -0.37618092634030115], [0.0725511854857946, -0.5046929985618913, 0.693670812836293]]	[[0.0004930819294380349, 0.06039583041840399, 0.02893037715858468], [-0.06148415594258851, 0.015992783114688332, -0.05469147993615621], [-0.11720279490095725, -0.042739107154817595, 0.007453514634592984]]	0.3746448300517472	[[-0.6847671474122008, 0.4842034934689354, 0.48420349346893526], [-0.7071067811865475, -0.5000000000000001, -0.5], [0.0, -0.6847671474122007, 0.6847671474122008]]
5	[[-0.30792515101507295, 0.09349718223056193, 0.9468053539599837], [0.3027085282091916, -0.9338174967034747, 0.1906631317268273], [0.9019698710720718, 0.34531602882779927, 0.2592434992682147]]	0.789767754885623	0.210232245114377	[[-0.2431893551899906, 0.07384105969836288, 0.7477563387106639], [0.23906943470850456, -0.737498947844416, 0.15057959348335823], [0.712346720051065, 0.27271946481335, 0.20474215638575058]]	0.8614691641616179	0.2468861276265568	[[-0.26548090839302074, 0.08315258643101185, 0.7589888421254591], [0.24309897401633737, -0.8496481253450333, 0.11988256090390303], [0.6942435039057576, 0.27390458910757426, 0.1823283219620089]]	[[-0.00021288592372585395, 0.00260764700338318, -0.05665477477419297], [-0.017675088764628467, -0.04519314698039643, -0.04436784782124337], [-0.08277572702566242, -0.02357452161831912, -0.04100195866691306]]	0.4672127644787849	[[0.0, 0.0, 0.9936], [0.0, -1.0, 0.0], [0.9936, 0.0, 0.0]]
5	[[0.8489524140446696, -0.5135124485683378, 0.12483895166604869], [0.522794976890395, 0.7815435453534784, -0.34040431673891397], [0.0772347773085365, 0.35425224329800037, 0.9319550081910795]]	0.8738402014333353	0.12615979856666482	[[0.7418487484961104, -0.44872782149548157, 0.10908929467058644], [0.45683926791423873, 0.6829441691006064, -0.29745897670790944], [0.06749085336095036, 0.3095598516417355, 0.8143797520844984]]	0.9199073717212272	0.1368368486461457	[[0.7751381038074652, -0.4851430718910904, 0.0625440526132514], [0.5065491847185561, 0.670339127729386, -0.28932256410090496], [0.02397025379881324, 0.2991596259411945, 0.8587931870688509]]	[[-0.005819480112757791, -0.012759184982459024, -0.05229621930229675], [0.02562623157825318, -0.048608540962422044, 0.02381787623294947], [-0.04707858720055684, -0.02671962411741762, 0.0014809049213601539]]	0.42896667041893216	[[0.7025812977869537, -0.7025812977869536, 0.0], [0.7071067811865475, 0.7071067811865476, 0.0], [0.0, 0.0, 0.9936]]
5	[[0.3802729664721569, 0.7767473726770865, -0.5020517802076895], [0.4287143634067757, 0.332951791095048, 0.839849450446521], [0.8195098935212374, -0.5346088512602871, -0.20639019011321075]]	0.8226779531764921	0.1773220468235083	[[0.3128421857056668, 0.6390129386892031, -0.413026930929876], [0.35269385498484895, 0.2739120980045211, 0.6909256268697455], [0.6741927218099363, -0.4398109155048487, -0.16979265915804329]]	0.8804185918079244	0.20437555401195465	[[0.3431366514866619, 0.6517311979144261, -0.44201572134511546], [0.4039003195129117, 0.30203254507186955, 0.7212056569339198], [0.699447337851582, -0.4541872382474103, -0.08937410748032583]]	[[0.008337261842623522, -0.03213163012843946, 1.1125954700254837e-18], [0.026452223394487474, 0.008895598016041216, -0.01821341355886534], [-0.022064408575047885, 0.016492333747223812, 0.09233565306211698]]	0.36824288827641316	[[0.48732235655086076, 0.48732235655086087, -0.6891778858818446], [0.5, 0.5000000000000001, 0.7071067811865475], [0.6891778858818446, -0.6891778858818445, 0.0]]
5	[[0.5319609947059123, -0.8460851799387872, 0.03402011756955908], [-0.703274286200726, -0.4190807785627857, 0.5742617690636116], [-0.47161719485230363, -0.3294103357928521, -0.8179645788128509]]	0.8248339804346257	0.17516601956537425	[[0.4387795046992405, -0.6978798067556565, 0.02806094898975336], [-0.5800845288242651, -0.34567206670558454, 0.4736706207881685], [-0.3890058880714382, -0.27170883846832483, -0.674684979396736]]	0.8917693422983841	0.1536522751637938	[[0.5385444568329932, -0.7369774512836141, 0.0], [-0.5881467828252073, -0.3932318152734133, 0.5824484054355835], [-0.39884153310490944, -0.3808084373970354, -0.7369774512836142]]	[[0.06415795045570759, 0.017535373158807988, -0.0303380978699194], [0.03901166483537956, -0.019508425004583135, 0.07033936533062002], [0.021732222565138227, -0.08705039890075385, -0.007541716812303311]]	0.29309440961187466	[[0.6847671474122008, -0.6847671474122007, 0.0], [-0.5, -0.5000000000000001, 0.7071067811865475], [-0.48420349346893526, -0.4842034934689354, -0.6847671474122008]]
5	[[0.04673222253661188, -0.9725397674033924, -0.22799671093185395], [-0.8377629715199755, -0.16246744520517667, 0.5213036857710898], [-0.5440306084466285, 0.16664552219444034, -0.8223502702654952]]	0.7288146553002108	0.2711853446997892	[[0.03405912865943359, -0.7088012353458506, -0.16616734428738097], [-0.6105739313116112, -0.1184086550747168, 0.3799337660519862], [-0.3964974803677935, 0.12145369881546468, -0.5993409287595821]]	0.8106190282755777	0.3208043940151064	[[-0.031068071922424056, -0.9011539832452955, -0.1551423097788727], [-0.675405435340439, -0.1444754465555624, 0.28755608869369], [-0.32676083167432135, 0.04218156227148654, -0.6355060019522635]]	[[-0.0689501007442103, -0.1127947420334012, 0.02967616248673455], [0.0037011705583441003, -0.012776243996926562, -0.13502259850254789], [0.11424073149685599, -0.0929044689962469, 0.031106775032511177]]	0.6114128595086803	[[1.958642148203723e-16, -0.9809226178560001, 0.0], [-1.0, -1.7938038903913487e-16, 0.0], [0.0, 0.0, -0.9809226178560001]]
5	[[-0.5446221603179724, 0.8109226453022452, -0.2139887049042392], [-0.8354447797583356, -0.5021691245819775, 0.22328947644507607], [0.07361197229480154, 0.30038414347728, 0.9509735242804028]]	0.8614809800965998	0.13851901990340007	[[-0.46918163245305433, 0.6985944352575058, -0.1843471992305061], [-0.7197197876827991, -0.4326091496191335, 0.1923596370131608], [0.06341531403936937, 0.25877522632828487, 0.8192456037429992]]	0.8734552298240943	0.12982884594326843	[[-0.47604357220903926, 0.7079641275208253, -0.17472068317556233], [-0.7381089355918588, -0.44769736875688976, 0.19503336096563562], [0.07291559498474379, 0.2537532682702783, 0.8311143350982401]]	[[-0.00034049800120990463, -0.0003404980012099046, 0.012188870246330252], [-0.00838532348270189, -0.00907512063457433, 0.0], [0.008618832806183066, -0.008618832806183065, 0.0004815368912719776]]	0.38374785567539405	[[-0.6980847774811172, 0.6980847774811171, 0.0], [-0.7071067811865475, -0.7071067811865476, 0.0], [0.0, 0.0, 0.9872409600000001]]
5	[[0.8592155572171323, 0.2624339665249735, -0.4391776855101157], [-0.4266000482917053, 0.8413623931712975, -0.33184593135155627], [0.2824199444684594, 0.4724804086637203, 0.8348660002631537]]	0.8510065898096805	0.14899341019031953	[[0.7311981012587763, 0.22333303490264558, -0.3737431044664719], [-0.36303945230936924, 0.7160049410068174, -0.2824030743817052], [0.24034123383634295, 0.4020839413287968, 0.7104764678319944]]	0.8795873230374411	0.15865661624072705	[[0.7666216196446438, 0.15017206686621737, -0.3759680620735656], [-0.3608671714210843, 0.7619603705306591, -0.3760411414571193], [0.3048164721120987, 0.406483087302864, 0.7500776681438409]]	[[0.010866507759903056, -0.0806615232235815, 0.010327062662056291], [0.014364823063459861, 0.02190867541674269, -0.08415366703873743], [0.056403469184703764, -0.009104690541293954, 0.015740117877397954]]	0.4199051190127226	[[0.8265870671750358, -0.14181991976283498, -0.48420349346893526], [-0.14644660940672619, 0.8535533905932737, -0.5], [0.48420349346893526, 0.4842034934689354, 0.6847671474122008]]
5	[[0.08740825448676931, -0.06334395238859675, -0.994156597696443], [0.7119981850616444, -0.6940087028176986, 0.10681996481098455], [-0.6967197295301035, -0.717174639895393, -0.015561310176609944]]	0.9285835915707084	0.0714164084292917	[[0.08116587088425074, -0.05882015481328713, -0.923157504072679], [0.6611498318763676, -0.6444450938437867, 0.09919126657564073], [-0.6469625087652361, -0.6659566028974936, -0.014449977293342275]]	0.9630529063829475	0.05985374481308238	[[0.0652825683546897, -0.05900679753820906, -0.9391987506995826], [0.6813086022063719, -0.6727778650492519, 0.09017219533521671], [-0.6795381405069401, -0.6967278585789997, -0.0044376401015060974]]	[[-0.018896205170653824, 0.001996779911412086, 0.018226650111759574], [-0.004383319256628293, -0.004410766745607987, -0.012701082235726146], [-0.00856018004863257, -0.0060507372435976165, 0.010548724891204649]]	0.11821727106175664	[[0.0, 0.0, -0.9809226178560001], [0.7071067811865475, -0.7071067811865476, 0.0], [-0.6936170349052381, -0.693617034905238, 0.0]]
5	[[-0.3195682178843842, -0.5708200961323295, -0.7563336379995778], [0.910087742671785, 0.03735879733279218, -0.41272826520656647], [0.2638493031197415, -0.8202248094963509, 0.507557688474819]]	0.8209127738297805	0.17908722617021963	[[-0.2623376321713094, -0.46859350847377257, -0.6208839447110024], [0.7471026532651784, 0.030668313945407068, -0.3388139050286757], [0.2165972632970815, -0.6733330235276528, 0.4166605899244953]]	0.8529560924046807	0.1804181147181396	[[-0.27273155818938694, -0.5365145393297831, -0.6606837003243954], [0.8121766690641986, 0.0053638555596323065, -0.2747148235553589], [0.1682633810768909, -0.7015753987881621, 0.48084652540964423]]	[[-0.0001538998059950336, -0.04963006066668707, -0.015564315902059176], [0.03591178432947613, -0.026501558230284564, 0.07732426476019677], [-0.05678848949582193, -0.001959650386780889, 0.0479221027782104]]	0.4707328658819717	[[1.933651754689106e-16, -0.6847671474122008, -0.6847671474122007], [1.0, 1.2684108950145333e-16, 1.268410895014533e-16], [0.0, -0.6847671474122007, 0.6847671474122008]]
5	[[0.22433838825039393, -0.7661379269479729, -0.6022499185961573], [-0.9416906372873723, -0.011392912655017143, -0.3362869982418849], [0.2507808429735371, 0.642575192824231, -0.724020780340167]]	0.7388869626903584	0.26111303730964175	[[0.16576071030918396, -0.5660893258444752, -0.44499461313203026], [-0.6958029347792144, -0.008418074627862215, -0.24847807872320418], [0.18529869536564456, 0.4747904325260674, -0.5349695153102492]]	0.7890430109039104	0.3439874652845999	[[0.24470560556819274, -0.6000061536565962, -0.3867881410278371], [-0.8173907530093909, 0.020894352175532344, -0.1912639710387144], [0.18641441817972387, 0.3867881410278371, -0.514952116091939]]	[[0.0676929682417714, 0.004509622990112424, 0.08841294805790982], [-0.07435633722414042, 0.02988385027981233, 0.07408093458190049], [-0.0114624532371366, -0.12023132385035494, 0.05633142038466499]]	0.6022047973202842	[[0.6847671474122008, -0.4842034934689354, -0.48420349346893526], [-0.7071067811865475, -0.5000000000000001, -0.5], [0.0, 0.6847671474122007, -0.6847671474122008]]
