5	[[-0.30792515101507295, 0.09349718223056193, 0.9468053539599837], [0.3027085282091916, -0.9338174967034747, 0.1906631317268273], [0.9019698710720718, 0.34531602882779927, 0.2592434992682147]]	0.7058875820414141	0.294112417958586	[[-0.21736054029976715, 0.06599849989241681, 0.6683381419706781], [0.2136781910409014, -0.6591701748159821, 0.1345867370390937], [0.636689331365271, 0.24375429662939843, 0.18299676685839517]]	0.8324756325839736	0.2787509856434037	[[-0.23776490303255204, 0.07380395452069417, 0.7292426209797057], [0.24660135771969116, -0.8487741338844981, 0.11849017923797167], [0.6672704599081584, 0.25398858518843226, 0.16396094851185788]]	[[0.01857528184723637, -0.004030171401511923, -0.05894976499202483], [-0.005396115789819254, -0.07139382259829043, -0.04023223195676037], [-0.08359747908424997, -0.033478594351375617, -0.05185294753473205]]	0.4734916776111872	[[0.0, 0.0, 0.9585999999999999], [0.0, -1.0, 0.0], [0.9585999999999999, 0.0, 0.0]]
5	[[-0.5446221603179724, 0.8109226453022452, -0.2139887049042392], [-0.8354447797583356, -0.5021691245819775, 0.22328947644507607], [0.07361197229480154, 0.30038414347728, 0.9509735242804028]]	0.7206884679299129	0.279311532070087	[[-0.3925029103202389, 0.5844225988525473, -0.1542191918917424], [-0.6020954183640785, -0.361907497036691, 0.16092215068407423], [0.05305129953443971, 0.21648338815308002, 0.6853556522555534]]	0.8161640620591909	0.21744795516592696	[[-0.45496237841279397, 0.6513845764454391, -0.10326937951189288], [-0.7560502418589157, -0.4320779790403749, 0.19516494730925305], [0.054319963382662186, 0.1788796857522082, 0.786611758247664]]	[[-0.01046134376022577, -0.010461343760225767, 0.0713805111175365], [-0.07419023678520632, -0.022225586480840272, 0.012924101198769694], [-0.005759482941651655, -0.06628305696637948, 0.01046134376022577]]	0.4058070614496485	[[-0.6497702924429838, 0.6497702924429837, 0.0], [-0.7071067811865475, -0.7071067811865476, 0.0], [0.0, 0.0, 0.9189139599999998]]
5	[[-0.3195682178843842, -0.5708200961323295, -0.7563336379995778], [0.910087742671785, 0.03735879733279218, -0.41272826520656647], [0.2638493031197415, -0.8202248094963509, 0.507557688474819]]	0.6796694431843758	0.32033055681562417	[[-0.2172007527089028, -0.38796897689671234, -0.5140568626007862], [0.6185588293106578, 0.025391632981216807, -0.28051879019940046], [0.1793303089359803, -0.5574817395563957, 0.34497145150962916]]	0.7514300665313068	0.2767666717593299	[[-0.2897242200137362, -0.443873797290647, -0.5450104893782883], [0.7608815178258359, 0.012720310385099728, -0.3388353321043136], [0.19150734045392895, -0.5818864213935424, 0.3903790809396136]]	[[-0.04959105278758226, -0.014942414476523662, 0.023321346543599807], [0.07701422480064965, -0.015352213180209956, -0.02869890432079256], [-0.006756958943577331, 0.034455161776928755, 0.008984973320504096]]	0.5326587306795743	[[1.616246028315377e-16, -0.5723637566288478, -0.5723637566288476], [1.0, 1.2684108950145333e-16, 1.268410895014533e-16], [0.0, -0.5723637566288476, 0.5723637566288478]]
5	[[0.3802729664721569, 0.7767473726770865, -0.5020517802076895], [0.4287143634067757, 0.332951791095048, 0.839849450446521], [0.8195098935212374, -0.5346088512602871, -0.20639019011321075]]	0.6821778341796813	0.31782216582031897	[[0.25941378866505854, 0.5298798403976125, -0.34248859606813487], [0.29245943591055507, 0.22713233173546568, 0.5729266791426033], [0.5590514842511389, -0.36469830828603, -0.14079481288736279]]	0.8190901020495007	0.288225933730772	[[0.3472950152118338, 0.5410370246917092, -0.4186512716860782], [0.4077869186976034, 0.2947930244408325, 0.7143203501187727], [0.6111433216680067, -0.4186512716860782, -0.07374800846901453]]	[[0.03581719229748842, -0.09518906006104713, -0.007425627801628372], [0.05663122702466076, 0.02207550789522561, 0.026407978046314617], [-0.06010912064687916, 0.019241546849276814, 0.09530415341283113]]	0.3996340511394165	[[0.4222014329414405, 0.42220143294144064, -0.5970829925191402], [0.5, 0.5000000000000001, 0.7071067811865475], [0.5970829925191402, -0.5970829925191401, 0.0]]
5	[[0.22433838825039393, -0.7661379269479729, -0.6022499185961573], [-0.9416906372873723, -0.011392912655017143, -0.3362869982418849], [0.2507808429735371, 0.642575192824231, -0.724020780340167]]	0.6436106922634597	0.3563893077365404	[[0.1443865853631049, -0.49309456153227677, -0.38761448702328505], [-0.6060821629625445, -0.00733260040079272, -0.2164379077376604], [0.1614052319526122, 0.41356826468492947, -0.46598751564786517]]	0.7562202414895338	0.41428582017781435	[[0.20429799939187143, -0.5128446123282259, -0.3697395580385908], [-0.8189103384193086, 0.05340841754338149, -0.2032121524720452], [0.17159292392962405, 0.36973955803859077, -0.42587469051240534]]	[[0.03464876925378566, 0.06652439580266092, 0.08569402083924738], [-0.10678481728141875, 0.062023968702627746, 0.051094882548223426], [-0.018052625704773076, -0.11618880945413293, 0.1216444788398764]]	0.6594543397459276	[[0.5723637566288478, -0.40472229361766493, -0.4047222936176648], [-0.7071067811865475, -0.5000000000000001, -0.5], [0.0, 0.5723637566288476, -0.5723637566288478]]
5	[[-0.8305561570912853, 0.32773595720904825, 0.4502950280316503], [-0.5100865793185324, -0.772219296347621, -0.37879947194723407], [0.22358030216652452, -0.5443036842615101, 0.808545204538665]]	0.6746418969859449	0.32535810301405516	[[-0.5603279813734212, 0.22110440788201668, 0.3037878919146118], [-0.34412577749852635, -0.5209714909771106, -0.25555399433175624], [0.15083663918231488, -0.3672100700866239, 0.5454784705888538]]	0.7731033453242354	0.38106165448459517	[[-0.6109124657506981, 0.24258688854030633, 0.19759530788671498], [-0.5669918124510205, -0.6254943294861522, -0.3040423010606645], [0.17783033503144988, -0.2722832860521398, 0.5904248953310872]]	[[0.031193277776215646, -0.010786876361049297, -0.15052928466742424], [-0.17264217157486708, -0.028489008155879292, -0.011191162091204002], [0.00497965547790639, 0.14851971312274007, -0.034664107143622905]]	0.4507983780652118	[[-0.5723637566288478, 0.40472229361766493, 0.4047222936176648], [-0.7071067811865475, -0.5000000000000001, -0.5], [0.0, -0.5723637566288476, 0.5723637566288478]]
5	[[0.8489524140446696, -0.5135124485683378, 0.12483895166604869], [0.522794976890395, 0.7815435453534784, -0.34040431673891397], [0.0772347773085365, 0.35425224329800037, 0.9319550081910795]]	0.7638796871812903	0.23612031281870965	[[0.6484975044722435, -0.39226172857608027, 0.0953619393467015], [0.3993524634069848, 0.5970052389431717, -0.26002794298568244], [0.05899807752996149, 0.2706060927937468, 0.7119015001240386]]	0.8834299255648292	0.19478949290657713	[[0.7176725496578934, -0.4579237244933386, 0.05463446356550559], [0.5055656125213278, 0.6691087535800166, -0.29327652225633405], [0.022827131909610842, 0.2677600230441759, 0.8018982092155582]]	[[-0.03231741828967128, -0.004271460277998787, -0.05565200221242311], [0.043712885001379466, -0.021330202517279524, 0.007446837942271314], [-0.04540438165908574, -0.04519700988375038, -0.02141873430045687]]	0.44047106060456814	[[0.6778325604454244, -0.6778325604454243, 0.0], [0.7071067811865475, 0.7071067811865476, 0.0], [0.0, 0.0, 0.9585999999999999]]
5	[[0.8592155572171323, 0.2624339665249735, -0.4391776855101157], [-0.4266000482917053, 0.8413623931712975, -0.33184593135155627], [0.2824199444684594, 0.4724804086637203, 0.8348660002631537]]	0.6989292061367147	0.3010707938632854	[[0.6005308473060853, 0.18342276388660889, -0.30695411108654497], [-0.2981632330904057, 0.5880527495325013, -0.23193681335924196], [0.19739154758451538, 0.3302303569424846, 0.5835122307944602]]	0.7867974153509393	0.27696918694550327	[[0.685011043903828, 0.16385820482556213, -0.27920839524774893], [-0.3400098380395546, 0.7424647619080001, -0.4050429608036274], [0.20934128321830098, 0.3751820615581273, 0.6543863887230306]]	[[0.008982464256071243, -0.04262416173658197, 0.06633547259141774], [-0.004362022655055052, 0.08048300558734242, -0.14394743972149765], [-0.012865999133038694, 0.0034356972175565562, -0.002484022448395544]]	0.473242994312404	[[0.6909041719320889, -0.11854041530324108, -0.4047222936176648], [-0.14644660940672619, 0.8535533905932737, -0.5], [0.4047222936176648, 0.40472229361766493, 0.5723637566288478]]
5	[[0.04673222253661188, -0.9725397674033924, -0.22799671093185395], [-0.8377629715199755, -0.16246744520517667, 0.5213036857710898], [-0.5440306084466285, 0.16664552219444034, -0.8223502702654952]]	0.6331078178123306	0.36689218218766934	[[0.029586535431674582, -0.6157225298764734, -0.14434650012645484], [-0.5303942867429853, -0.10285940969939379, 0.3300414389160596], [-0.3444300313367595, 0.10550458290471842, -0.520636385085168]]	0.7632148248004982	0.38982690327583	[[-0.010168884501061223, -0.8075135111475207, -0.12736223771996613], [-0.6877989096404795, -0.14878385262999705, 0.27302212775462764], [-0.2738247985703608, 0.03236038742503055, -0.5877839536152506]]	[[-0.04583560953687946, -0.06525674295722332, 0.046648232068978605], [-0.048405790107516555, -0.024786289901943523, -0.12484457344900857], [0.1413874269413412, -0.09482594560038676, 0.039845963830071635]]	0.6431382470016608	[[1.7588654636560068e-16, -0.8808709220559997, 0.0], [-1.0, -1.7938038903913487e-16, 0.0], [0.0, 0.0, -0.8808709220559997]]
5	[[0.034229894132735264, 0.2773841392786001, 0.9601491309293217], [-0.1827544195208179, -0.9427759796974285, 0.2788803941677556], [0.9825625356654255, -0.18501754344446375, 0.018422055382213542]]	0.8460753654386991	0.15392463456130104	[[0.02896107018728198, 0.23468788700704057, 0.8123585268266752], [-0.15462401228161332, -0.7976595315493294, 0.23595383140917228], [0.8313219564294996, -0.15653878568234503, 0.015586447239638274]]	0.905696351994515	0.1432295992305911	[[0.009094118281424509, 0.2294526234583448, 0.8382073066779493], [-0.1658033577606008, -0.8259446003617146, 0.25440354865041725], [0.8703032078964175, -0.15573317057012284, 0.0]]	[[-0.021907771963752282, -0.021773179587421757, -0.03139625857544139], [-0.00028334668972085364, 0.027924165198301633, 0.0018225930098885639], [-0.019600096262238804, 0.011836543582514701, -0.01668478835591173]]	0.35620363249374487	[[0.0, 0.0, 0.9585999999999999], [0.0, -1.0, 0.0], [0.9585999999999999, 0.0, 0.0]]
5	[[0.8787972042104137, -0.3840163418041313, 0.28327887866788265], [-0.395223040501579, -0.9183905790867732, -0.018907472103605397], [0.2674214316928388, -0.09534250611366366, -0.9588511794847616]]	0.6847847953162375	0.3152152046837626	[[0.6017869636097098, -0.26296855202043234, 0.1939850689459993], [-0.2706427288941348, -0.6288999047202969, -0.01294754941441489], [0.18312613036495579, -0.06528909853398229, -0.6566067086822053]]	0.8298726776198834	0.27933839934256427	[[0.6568280640697258, -0.2691972169251758, 0.17054843564102634], [-0.3181591913158201, -0.8544733981766932, -0.0331731044920765], [0.16095371467753672, -0.053646934291549805, -0.7557066354734171]]	[[-0.07246172487323777, 0.04948745289761107, -0.06453696591224756], [0.009825611562296869, -0.09232614920907731, -0.01748230999043423], [-0.06097202489434215, 0.02547520654798636, 0.04001776028458548]]	0.48646676412394335	[[0.6497702924429838, -0.6497702924429837, 0.0], [-0.7071067811865475, -0.7071067811865476, 0.0], [0.0, 0.0, -0.9189139599999998]]
5	[[0.08740825448676931, -0.06334395238859675, -0.994156597696443], [0.7119981850616444, -0.6940087028176986, 0.10681996481098455], [-0.6967197295301035, -0.717174639895393, -0.015561310176609944]]	0.7741836398545104	0.22581636014548973	[[0.06767004061189641, -0.04903985162297463, -0.7696597733900086], [0.5512173464808291, -0.537290183638113, 0.08269826916649872], [-0.5393890161660654, -0.5552248731255631, -0.012047311753432922]]	0.9087465040674277	0.15420500879997895	[[0.054368915989394306, -0.05436891598939432, -0.8440821984626962], [0.6823961863010215, -0.6705765824506273, 0.09105755258579311], [-0.6108636710758714, -0.6210312340214739, 0.0]]	[[-0.02506302970209335, 0.003194679297556551, 0.0593541341895145], [0.03537032472389877, -0.03989859997267339, -0.0060147170007947524], [0.0222779474494138, 0.030698712789280984, 0.01414128622170317]]	0.1804107311797955	[[0.0, 0.0, -0.8808709220559997], [0.7071067811865475, -0.7071067811865476, 0.0], [-0.6228698023358442, -0.6228698023358441, 0.0]]
5	[[0.5319609947059123, -0.8460851799387872, 0.03402011756955908], [-0.703274286200726, -0.4190807785627857, 0.5742617690636116], [-0.47161719485230363, -0.3294103357928521, -0.8179645788128509]]	0.698149594355453	0.301850405644547	[[0.371388352666856, -0.5906940251644248, 0.0237511312811125], [-0.4909906576316576, -0.2925810755557762, 0.40092062112560534], [-0.32925935327719236, -0.22997769231027326, -0.5710616388953208]]	0.7808189025996004	0.26492293071985284	[[0.4418409653611529, -0.6415799887631034, 0.005152064045286825], [-0.6080503877556174, -0.38129863741318465, 0.5449822784146116], [-0.315866564855204, -0.30858044600814466, -0.6386822047939945]]	[[0.02647576524909061, 0.01905931294248586, -0.021411486821685678], [-0.058920531377849195, -0.05407244379520411, 0.09658783408945729], [0.05238105567647365, -0.05137062910940404, 8.437669740861415e-18]]	0.37057705615830666	[[0.5723637566288478, -0.5723637566288476, 0.0], [-0.5, -0.5000000000000001, 0.7071067811865475], [-0.4047222936176648, -0.40472229361766493, -0.5723637566288478]]
5	[[-0.42203838922340475, -0.825029846081567, 0.3757783270710803], [0.2588054115689476, 0.28760896992378115, 0.9221175843470338], [-0.8688517462515349, 0.4864224845687207, 0.09214016247897017]]	0.6720160136299514	0.32798398637004855	[[-0.2836165559247183, -0.5544332682894673, 0.25252905336683945], [0.17392138098842308, 0.19327783345239602, 0.6196777831309742], [-0.5838822869513787, 0.32688369901984826, 0.061919664684333575]]	0.8194721929589495	0.2983698297754236	[[-0.2634337002105537, -0.5809691656723276, 0.3143160437265902], [0.26320967743568274, 0.2351023743447424, 0.828890927974277], [-0.6761839878035717, 0.3488176243416642, 0.023733887282228885]]	[[0.08241502411921257, 0.09511985155271876, 0.006376153975206639], [0.051125839267633755, -0.000585178953363155, 0.07324120896340429], [0.03581585805338637, -0.049792075792406215, -0.051772413724006705]]	0.518690144197253	[[-0.4222014329414405, -0.42220143294144064, 0.5970829925191402], [0.5, 0.5000000000000001, 0.7071067811865475], [-0.5970829925191402, 0.5970829925191401, 0.0]]
