5	[[-0.30792515101507295, 0.09349718223056193, 0.9468053539599837], [0.3027085282091916, -0.9338174967034747, 0.1906631317268273], [0.9019698710720718, 0.34531602882779927, 0.2592434992682147]]	0.6693756323777998	0.3306243676222003	[[-0.20611759268574392, 0.06258473548112477, 0.6337684325456507], [0.20262571249618072, -0.6250746773813423, 0.12762525437077674], [0.6037566528345907, 0.2311461351667987, 0.17353128126249487]]	0.8212817444695506	0.28873819409113827	[[-0.22382487146042998, 0.07139898088003056, 0.7221475781191081], [0.24931358510359108, -0.8472332873454119, 0.11949788446626868], [0.6611300783950623, 0.2482826824760443, 0.15242589058039943]]	[[0.02906843373127896, -0.00538854804527281, -0.05544637465425763], [0.0007045969901360288, -0.08030602463659353, -0.03709026496436778], [-0.07964131077798439, -0.03531906807294827, -0.0604860627409906]]	0.47632960635550614	[[0.0, 0.0, 0.9454], [0.0, -1.0, 0.0], [0.9454, 0.0, 0.0]]
5	[[0.8787972042104137, -0.3840163418041313, 0.28327887866788265], [-0.395223040501579, -0.9183905790867732, -0.018907472103605397], [0.2674214316928388, -0.09534250611366366, -0.9588511794847616]]	0.6444119982832364	0.35558800171676375	[[0.5663074624509543, -0.24746473819541853, 0.18254830827380475], [-0.25468646929719907, -0.5918219082738061, -0.012184201880768894], [0.17232957918094627, -0.06143985488603769, -0.6178952046280133]]	0.8182370875528612	0.2917652778607618	[[0.647358371521281, -0.26561797652855473, 0.16234420840174374], [-0.3186887623691572, -0.8543169512727292, -0.03302122967608025], [0.15438300916060355, -0.04873378814522843, -0.7451559430550762]]	[[-0.07170609340144503, 0.04859843656196165, -0.0694450762447049], [0.004697387224641267, -0.10285571860478225, -0.017550434769039204], [-0.06443112425696125, 0.02927898637720659, 0.03941165344316101]]	0.4938183499637037	[[0.6319987191327787, -0.6319987191327786, 0.0], [-0.7071067811865475, -0.7071067811865476, 0.0], [0.0, 0.0, -0.8937811600000001]]
5	[[0.8489524140446696, -0.5135124485683378, 0.12483895166604869], [0.522794976890395, 0.7815435453534784, -0.34040431673891397], [0.0772347773085365, 0.35425224329800037, 0.9319550081910795]]	0.729259690810436	0.2707403091895641	[[0.6191067749789889, -0.3744839294702559, 0.09104001529308163], [0.3812533032043384, 0.5699482042393694, -0.2482431467755581], [0.05632420981983621, 0.2583418814164031, 0.6796372211226639]]	0.8701330585932684	0.21725255064057097	[[0.6954771704916094, -0.4461323452912712, 0.05211690936880912], [0.5023846272063732, 0.665955751944812, -0.3040695268811838], [0.027246219088736718, 0.2619993865603699, 0.7760146751187331]]	[[-0.043224390141217775, 0.0006918122072150056, -0.056509589475947024], [0.04748343494753671, -0.01409112359743694, -0.007872477598800987], [-0.03995831392051011, -0.04624720141404587, -0.03491018662988524]]	0.44512681967981355	[[0.6684987509337621, -0.668498750933762, 0.0], [0.7071067811865475, 0.7071067811865476, 0.0], [0.0, 0.0, 0.9454]]
5	[[-0.3195682178843842, -0.5708200961323295, -0.7563336379995778], [0.910087742671785, 0.03735879733279218, -0.41272826520656647], [0.2638493031197415, -0.8202248094963509, 0.507557688474819]]	0.6232589227828887	0.37674107721711125	[[-0.19917374323426879, -0.35576871821826067, -0.47139168848408014], [0.5672203061355277, 0.02328420378210031, -0.257236573974695], [0.16444643243942594, -0.5112124312064957, 0.31633985816898863]]	0.7282250811448445	0.33913923634614934	[[-0.2594511069161036, -0.38997258041479976, -0.5415323471809523], [0.7462987130430702, 0.0924811081028174, -0.35601420417092416], [0.22446510580838816, -0.5642631901695003, 0.2906497435663421]]	[[-0.026733515515934583, 0.025712930410273956, 0.009248777723865505], [0.0835499927869811, 0.065275494883671, -0.05545512975010146], [0.032323425634003755, 0.03304508828299438, -0.07896649530892264]]	0.5582726757057522	[[1.5079895682013307e-16, -0.5340267255675557, -0.5340267255675556], [1.0, 1.2684108950145333e-16, 1.268410895014533e-16], [0.0, -0.5340267255675556, 0.5340267255675557]]
5	[[0.8592155572171323, 0.2624339665249735, -0.4391776855101157], [-0.4266000482917053, 0.8413623931712975, -0.33184593135155627], [0.2824199444684594, 0.4724804086637203, 0.8348660002631537]]	0.6400208844555888	0.3599791155444114	[[0.5499159008681105, 0.1679632193665019, -0.2810828907133426], [-0.2730329402164541, 0.5384895030251646, -0.21238832648661168], [0.18075466264660167, 0.30239732904089234, 0.5343316758903234]]	0.7687060406378002	0.4126542619839917	[[0.5039212448059268, 0.20541025120176679, -0.29375695368801036], [-0.35695777731838507, 0.7486712452140326, -0.24980351110023932], [0.24486706884675863, 0.32910977088284443, 0.5015731109362387]]	[[-0.1565629442368563, 0.0036756758654813825, 0.04384158607694366], [-0.029027743260173915, 0.10191089121778041, 0.005288460890778762], [0.02776915153726179, -0.03408877333997389, -0.14019342658916692]]	0.49831871650092197	[[0.6446272817674439, -0.11060055619988819, -0.3776139189836659], [-0.14644660940672619, 0.8535533905932737, -0.5], [0.3776139189836659, 0.37761391898366603, 0.5340267255675557]]
5	[[0.08740825448676931, -0.06334395238859675, -0.994156597696443], [0.7119981850616444, -0.6940087028176986, 0.10681996481098455], [-0.6967197295301035, -0.717174639895393, -0.015561310176609944]]	0.7217284714816613	0.2782715285183388	[[0.06308502590561607, -0.04571713393502906, -0.7175111216688628], [0.5138693618022575, -0.5008858402795883, 0.07709500992675672], [-0.502842465444878, -0.5176053566371128, -0.011231040608016716]]	0.8834808284054435	0.18859696777314863	[[0.049419531365002156, -0.04941953136500217, -0.8103231322397008], [0.6814819775801481, -0.6689325999836571, 0.08748855200611623], [-0.5828512399217471, -0.5934552218965223, 0.0]]	[[-0.027803985718442614, 0.006543636165750258, 0.0679951622578899], [0.05244523121871404, -0.055789216297689376, -0.006884838995332719], [0.03268728388992512, 0.04015482306963537, 0.013748119205905414]]	0.20728949248092368	[[0.0, 0.0, -0.8449807086640001], [0.7071067811865475, -0.7071067811865476, 0.0], [-0.597491589068129, -0.5974915890681289, 0.0]]
5	[[0.04673222253661188, -0.9725397674033924, -0.22799671093185395], [-0.8377629715199755, -0.16246744520517667, 0.5213036857710898], [-0.5440306084466285, 0.16664552219444034, -0.8223502702654952]]	0.5969798338474511	0.4030201661525488	[[0.027898194445228702, -0.5805866287545159, -0.13610943860986355], [-0.5001275995415418, -0.09698978844420628, 0.311207787715689], [-0.324775302238396, 0.09948401615105873, -0.4909265277075019]]	0.7446568782305939	0.4143110962712545	[[-0.013743709723832837, -0.7701698854808114, -0.12906425410867942], [-0.680184167054599, -0.15360822908899166, 0.2803568829303421], [-0.2690176543308589, 0.032957762028152655, -0.5545742226475056]]	[[-0.04854318067072375, -0.04596145833109335, 0.040715064900678076], [-0.05633820798534815, -0.032625728528404646, -0.1078354923260601], [0.13609848021689816, -0.09113597230026645, 0.057794562420483475]]	0.6559853769279719	[[1.687202232145205e-16, -0.8449807086640001, 0.0], [-1.0, -1.7938038903913487e-16, 0.0], [0.0, 0.0, -0.8449807086640001]]
5	[[-0.8305561570912853, 0.32773595720904825, 0.4502950280316503], [-0.5100865793185324, -0.772219296347621, -0.37879947194723407], [0.22358030216652452, -0.5443036842615101, 0.808545204538665]]	0.6190689537176165	0.3809310462823836	[[-0.5141715311742261, 0.202891156125047, 0.2787636718677985], [-0.3157787649641218, -0.4780569918304757, -0.23450299276715986], [0.13841162373409888, -0.3369615123204169, 0.5005452338071474]]	0.7557983433168559	0.397620442853174	[[-0.5936293282567818, 0.23419194426841283, 0.19477217329606966], [-0.5686444100507101, -0.6233353470099682, -0.29146224766203127], [0.16695677163275904, -0.2534704462000393, 0.5741223946826677]]	[[0.034103639304426045, -0.013510349235549803, -0.14556006289406878], [-0.18312181845360118, -0.039693282153127965, -0.005166234315012024], [-0.0020248503429821894, 0.15791337662607102, -0.03697473140444382]]	0.4810109614703264	[[-0.5340267255675557, 0.37761391898366603, 0.3776139189836659], [-0.7071067811865475, -0.5000000000000001, -0.5], [0.0, -0.5340267255675556, 0.5340267255675557]]
5	[[0.3802729664721569, 0.7767473726770865, -0.5020517802076895], [0.4287143634067757, 0.332951791095048, 0.839849450446521], [0.8195098935212374, -0.5346088512602871, -0.20639019011321075]]	0.6319938850471724	0.36800611495282776	[[0.2403301894591516, 0.4908995897583758, -0.31729365506830676], [0.2709448561049735, 0.2104234959875739, 0.5307797170424298], [0.5179252414410814, -0.33786952488859484, -0.13043733808527258]]	0.7966407931913007	0.31649987989122036	[[0.3438380567321077, 0.5060812997791365, -0.40095731114773947], [0.40617364732894834, 0.30365045661680123, 0.7196024900225139], [0.577702329087183, -0.41545908604015414, -0.06479452521148255]]	[[0.04089709909251975, -0.11270734329959646, -0.0010023827399812599], [0.06464229681207102, 0.03840747766437803, 0.05054415765751946], [-0.07515268251569389, 0.010432133274931095, 0.09962431954720899]]	0.4180055397504029	[[0.3994223809854727, 0.39942238098547284, -0.5648685483050092], [0.5, 0.5000000000000001, 0.7071067811865475], [0.5648685483050092, -0.5648685483050091, 0.0]]
5	[[0.22433838825039393, -0.7661379269479729, -0.6022499185961573], [-0.9416906372873723, -0.011392912655017143, -0.3362869982418849], [0.2507808429735371, 0.642575192824231, -0.724020780340167]]	0.6023154692848094	0.3976845307151906	[[0.13512248159763376, -0.4614567250065593, -0.3627444423459827], [-0.567194838118855, -0.006862127532327484, -0.20255086116044074], [0.15104918112324608, 0.38703297881670357, -0.4360889160825415]]	0.735681107486385	0.44079784391517834	[[0.20744086317013444, -0.4805997768446029, -0.3577090341754704], [-0.8116679371406048, 0.04514221690614545, -0.20703058133750876], [0.1653852954692687, 0.35770903417547034, -0.40113930029078537]]	[[0.042399349250373926, 0.08303342173980482, 0.08535485292093585], [-0.11888392619147095, 0.0535237675056842, 0.040369409962353116], [-0.01910943282587231, -0.11502139532473742, 0.1315091092330254]]	0.6821175465052068	[[0.5340267255675557, -0.37761391898366603, -0.3776139189836659], [-0.7071067811865475, -0.5000000000000001, -0.5], [0.0, 0.5340267255675556, -0.5340267255675557]]
5	[[-0.42203838922340475, -0.825029846081567, 0.3757783270710803], [0.2588054115689476, 0.28760896992378115, 0.9221175843470338], [-0.8688517462515349, 0.4864224845687207, 0.09214016247897017]]	0.6265104894458202	0.37348951055417984	[[-0.2644114777972809, -0.5168898526759722, 0.23542906361643406], [0.1621443050732883, 0.18019003651595625, 0.5777163390958576], [-0.5443447327999047, 0.3047487888846011, 0.057726778292317]]	0.7970980764706697	0.33521530266149613	[[-0.2543252924288293, -0.5445194695421164, 0.30329362392183346], [0.26846389733675297, 0.23822092699232544, 0.826032357471136], [-0.6357121835382402, 0.3355108393612652, 0.02415943844608866]]	[[0.08208069581792647, 0.1131102338003934, 0.0037614422341091004], [0.06217060159494481, 0.008968370290368661, 0.0910142047083347], [0.056847872137040706, -0.05221558744054609, -0.04928530783159343]]	0.5361352492263559	[[-0.3994223809854727, -0.39942238098547284, 0.5648685483050092], [0.5, 0.5000000000000001, 0.7071067811865475], [-0.5648685483050092, 0.5648685483050091, 0.0]]
5	[[0.034229894132735264, 0.2773841392786001, 0.9601491309293217], [-0.1827544195208179, -0.9427759796974285, 0.2788803941677556], [0.9825625356654255, -0.18501754344446375, 0.018422055382213542]]	0.8180907941364417	0.1819092058635585	[[0.028003161274255714, 0.22692541078328335, 0.7854891650113832], [-0.1495097081977303, -0.771276349923431, 0.22814948313378308], [0.8038253650912438, -0.15136114904565495, 0.015070913917260587]]	0.8947205363345526	0.16092480601033113	[[0.009138259763429954, 0.223634320211416, 0.8201375897957828], [-0.16658258410089904, -0.8252581338754758, 0.25528159901131137], [0.8513169813294966, -0.15214580143468423, 0.0]]	[[-0.021487929473685895, -0.0245469656546314, -0.038927555590454604], [-0.003068451849723014, 0.01826289632274098, 0.005761583168345602], [-0.027801897563310984, 0.013393194267247775, -0.01648259127195893]]	0.362145837326497	[[0.0, 0.0, 0.9454], [0.0, -1.0, 0.0], [0.9454, 0.0, 0.0]]
5	[[-0.5446221603179724, 0.8109226453022452, -0.2139887049042392], [-0.8354447797583356, -0.5021691245819775, 0.22328947644507607], [0.07361197229480154, 0.30038414347728, 0.9509735242804028]]	0.6769986001646012	0.32300139983539894	[[-0.36870844015388826, 0.5489934957113953, -0.14487005367120587], [-0.5655949464112167, -0.3399677943878821, 0.1511666629848032], [0.04983520219893605, 0.20335964464576126, 0.64380774473143]]	0.798949191721953	0.2973971858453503	[[-0.47495582650645674, 0.6130096319239113, -0.10777003776252125], [-0.7347948595618266, -0.4058280810553891, 0.09710564527318355], [0.07425675386792996, 0.1110856199788827, 0.7368593820442585]]	[[-0.03983039172654881, -0.034876360089345346, 0.06319606505834818], [-0.06731692804557923, -0.004620464862897596, -0.08129130145262803], [0.01544452810193948, -0.12890604865838134, -0.022920146528546268]]	0.41541748888922303	[[-0.6319987191327787, 0.6319987191327786, 0.0], [-0.7071067811865475, -0.7071067811865476, 0.0], [0.0, 0.0, 0.8937811600000001]]
5	[[0.5319609947059123, -0.8460851799387872, 0.03402011756955908], [-0.703274286200726, -0.4190807785627857, 0.5742617690636116], [-0.47161719485230363, -0.3294103357928521, -0.8179645788128509]]	0.649937008776008	0.35006299122399215	[[0.3457411376846705, -0.5499020710191258, 0.022110933451367346], [-0.45708398592238203, -0.2723761076546175, 0.3732339764396224], [-0.3065214689096379, -0.2140959683051067, -0.5316254516383515]]	0.7628587772555463	0.31801084840676386	[[0.42769872051087543, -0.5853991741942193, 0.02686456655194343], [-0.6020957155248687, -0.3759995167738236, 0.5652350764173802], [-0.2992654895069767, -0.3149118386285782, -0.5788089411294084]]	[[0.02188760654187899, 0.060044331627922866, 0.000912021260739658], [-0.06559675347851576, -0.05630006646811456, 0.12715444544490662], [0.06051182709074235, -0.06361827265030416, 0.045182517302110925]]	0.4034852779103448	[[0.5340267255675557, -0.5340267255675556, 0.0], [-0.5, -0.5000000000000001, 0.7071067811865475], [-0.3776139189836659, -0.37761391898366603, -0.5340267255675557]]
