5	[[0.5319609947059123, -0.8460851799387872, 0.03402011756955908], [-0.703274286200726, -0.4190807785627857, 0.5742617690636116], [-0.47161719485230363, -0.3294103357928521, -0.8179645788128509]]	0.7982066700032947	0.20179332999670535	[[0.4246148141558467, -0.6753508340180777, 0.027155084758318335], [-0.5613582260872254, -0.3345130727189893, 0.45837957439446647], [-0.3764479906193522, -0.26293752719787955, -0.6529047826348531]]	0.8581693876149166	0.18676620357613913	[[0.5136820706035353, -0.7065828662613607, 0.006092705145839417], [-0.6002864707415914, -0.3892734011395798, 0.5641189237361343], [-0.36733374401191704, -0.3657238665933811, -0.7019521616905176]]	[[0.05716942954174056, 0.01950153447676485, -0.023102318315416565], [0.003241992772603459, -0.029631106039171427, 0.07130505304815599], [0.0373936952831492, -0.08303400045200515, 1.6143555976031362e-17]]	0.3155510765257042	[[0.6470335065745472, -0.6470335065745471, 0.0], [-0.5, -0.5000000000000001, 0.7071067811865475], [-0.4575217801537727, -0.4575217801537728, -0.6470335065745472]]
5	[[-0.30792515101507295, 0.09349718223056193, 0.9468053539599837], [0.3027085282091916, -0.9338174967034747, 0.1906631317268273], [0.9019698710720718, 0.34531602882779927, 0.2592434992682147]]	0.7666886870152185	0.23331131298478153	[[-0.23608272973070912, 0.07168323188397213, 0.725904953686559], [0.23208320404101435, -0.7159473104594252, 0.1461792661258509], [0.6915300961795326, 0.2647498927472948, 0.1987590580711783]]	0.8523661317889107	0.2587059321872944	[[-0.25938016038687245, 0.08000488681781986, 0.7464869248481059], [0.24336332798746985, -0.8497655912307999, 0.11933461919823657], [0.6829324297794948, 0.26657811993829994, 0.1793752735690526]]	[[0.00308480946436145, 0.00031105526679290826, -0.06053789226379608], [-0.01465516926171316, -0.05381118376885513, -0.043180176866518774], [-0.08587614021634983, -0.02775756779835925, -0.041595105093616885]]	0.46901896258905995	[[0.0, 0.0, 0.9823999999999999], [0.0, -1.0, 0.0], [0.9823999999999999, 0.0, 0.0]]
5	[[0.3802729664721569, 0.7767473726770865, -0.5020517802076895], [0.4287143634067757, 0.332951791095048, 0.839849450446521], [0.8195098935212374, -0.5346088512602871, -0.20639019011321075]]	0.7857278612437297	0.2142721387562704	[[0.29879106463497634, 0.6103120518602535, -0.39447607149619496], [0.3368528198440729, 0.2616094987143812, 0.6598931124660666], [0.6439117559045185, -0.4200570693027125, -0.16216652265933987]]	0.8637962360032415	0.22672194863572276	[[0.3339991310147032, 0.6265790707189942, -0.4152747947109227], [0.40079944481036317, 0.30786203704364573, 0.726721186272923], [0.6669814376620476, -0.4484916554960672, -0.08418572870739897]]	[[0.005520773922267167, -0.04437238612488041, 0.018395643311206154], [0.03047759137906441, 0.02025953312520571, 0.0012623921678272358], [-0.04090812372901447, 0.013301457956585619, 0.09409334066038591]]	0.37477030373642484	[[0.4657184244236286, 0.4657184244236287, -0.658625312066925], [0.5, 0.5000000000000001, 0.7071067811865475], [0.658625312066925, -0.658625312066925, 0.0]]
5	[[0.8489524140446696, -0.5135124485683378, 0.12483895166604869], [0.522794976890395, 0.7815435453534784, -0.34040431673891397], [0.0772347773085365, 0.35425224329800037, 0.9319550081910795]]	0.8442396472906284	0.1557603527093716	[[0.7167192865995996, -0.43352756845868057, 0.10539399252267675], [0.44136424689525944, 0.6598100470714877, -0.2873828202998681], [0.06520466115352909, 0.29907378893381775, 0.7867933674059718]]	0.9048683621396679	0.15506452113538235	[[0.7596532400848619, -0.47202100308378386, 0.05522462013740616], [0.5009566338876872, 0.6738530300363189, -0.2864318043255222], [0.019552673503744105, 0.2848638688004896, 0.8432966018497229]]	[[-0.008536940346255571, -0.007359834809421569, -0.05773819758788449], [0.027895999414029985, -0.03334099778851217, 0.021589292227291626], [-0.050334632939653325, -0.03568777837687514, 0.0]]	0.4325110798252945	[[0.6946617018376643, -0.6946617018376642, 0.0], [0.7071067811865475, 0.7071067811865476, 0.0], [0.0, 0.0, 0.9823999999999999]]
5	[[0.22433838825039393, -0.7661379269479729, -0.6022499185961573], [-0.9416906372873723, -0.011392912655017143, -0.3362869982418849], [0.2507808429735371, 0.642575192824231, -0.724020780340167]]	0.7099502751271323	0.2900497248728677	[[0.15926910045994458, -0.5439198320220442, -0.4275674954026349], [-0.6685535270268145, -0.008088401473928785, -0.2387470469235036], [0.17804192846567682, 0.4561964349354328, -0.5140187522002626]]	0.7712391215257839	0.3741985056440023	[[0.22388120544101278, -0.5782048324173036, -0.35808080307107776], [-0.8374920838220804, -0.014521073818959063, -0.15649309046188567], [0.14576343104618764, 0.35808080307107776, -0.5251760330252206]]	[[0.05086266396226884, 0.012670709329636203, 0.10639789508599745], [-0.11122342397151193, -0.005734413871283806, 0.10286459864272843], [-0.04764856598421869, -0.13749832415694335, 0.03321711757074237]]	0.6198427039165093	[[0.6470335065745472, -0.4575217801537728, -0.4575217801537727], [-0.7071067811865475, -0.5000000000000001, -0.5], [0.0, 0.6470335065745471, -0.6470335065745472]]
5	[[0.8592155572171323, 0.2624339665249735, -0.4391776855101157], [-0.4266000482917053, 0.8413623931712975, -0.33184593135155627], [0.2824199444684594, 0.4724804086637203, 0.8348660002631537]]	0.8057419419118594	0.1942580580881406	[[0.6923060115930125, 0.2114540538114641, -0.3538638811672765], [-0.34372955133025174, 0.6779209685254506, -0.2673821851427524], [0.227557594490656, 0.3806972819920149, 0.6726865522882205]]	0.8470042115019811	0.19138546583818208	[[0.7420736380354778, 0.1618392137640583, -0.34216301136279786], [-0.35496476204855265, 0.7530484942543807, -0.3876093540174885], [0.26458323587089466, 0.3942186538335202, 0.7165902483785717]]	[[0.014314442484545204, -0.06044346112376425, 0.029822337861962752], [0.006367275481470251, 0.04041100383890584, -0.10653445259292307], [0.025372353493953913, -0.005974242156828028, 0.009455230115866247]]	0.43402939966801	[[0.7810385334410465, -0.13400502686649926, -0.4575217801537727], [-0.14644660940672619, 0.8535533905932737, -0.5], [0.4575217801537727, 0.4575217801537728, 0.6470335065745472]]
5	[[-0.42203838922340475, -0.825029846081567, 0.3757783270710803], [0.2588054115689476, 0.28760896992378115, 0.9221175843470338], [-0.8688517462515349, 0.4864224845687207, 0.09214016247897017]]	0.7719819038295062	0.22801809617049396	[[-0.32580599920182207, -0.6369081112942127, 0.29009406835019935], [0.19979309434437503, 0.22202892016020379, 0.7118580883188883], [-0.6707378252168509, 0.3755093557028396, 0.07113053804967542]]	0.8587389742323158	0.230869405294389	[[-0.28553916200834945, -0.6458976868389079, 0.3393711383782759], [0.25763596703658986, 0.233173009815687, 0.8305555305965212], [-0.7508243264241626, 0.3810276557135333, 0.022785699787323015]]	[[0.07688165144001607, 0.0625875968962225, 0.016675643250520768], [0.0353896733800995, -0.013808021996673756, 0.0386972220927683], [-0.004707469088163046, -0.036682289728544586, -0.05633864882546674]]	0.491503711457997	[[-0.4657184244236286, -0.4657184244236287, 0.658625312066925], [0.5, 0.5000000000000001, 0.7071067811865475], [-0.658625312066925, 0.658625312066925, 0.0]]
5	[[0.034229894132735264, 0.2773841392786001, 0.9601491309293217], [-0.1827544195208179, -0.9427759796974285, 0.2788803941677556], [0.9825625356654255, -0.18501754344446375, 0.018422055382213542]]	0.8661835733710453	0.13381642662895474	[[0.02964937201600522, 0.24026558495678962, 0.8316654051974637], [-0.1582988761498932, -0.8166170669827066, 0.2415616163633522], [0.8510795282031934, -0.16025915691705822, 0.015956881759805024]]	0.924694296362629	0.12453563058990198	[[0.009667831735018733, 0.23974684167511784, 0.8711375836668368], [-0.16433379212595067, -0.8272104073500286, 0.25281718588653257], [0.9048213879752774, -0.16243149150474473, 0.0]]	[[-0.021984356134618185, -0.016748689817260725, -0.01670684136104224], [0.0046581772400127106, 0.0445691638238731, -0.005061923967752798], [-0.0037485845741437257, 0.00865317564537583, -0.017034769539209335]]	0.3458140341282392	[[0.0, 0.0, 0.9823999999999999], [0.0, -1.0, 0.0], [0.9823999999999999, 0.0, 0.0]]
5	[[0.8787972042104137, -0.3840163418041313, 0.28327887866788265], [-0.395223040501579, -0.9183905790867732, -0.018907472103605397], [0.2674214316928388, -0.09534250611366366, -0.9588511794847616]]	0.7600521398889889	0.23994786011101127	[[0.6679316955885856, -0.29187244234057136, 0.21530671791687744], [-0.3003901176666578, -0.6980247248887899, -0.01437066463223666], [0.20325423141031917, -0.07246527579406906, -0.7287768908024739]]	0.8502431683052685	0.2448767008754229	[[0.6947343388379486, -0.31531910555840376, 0.14764075954113529], [-0.35982424907842636, -0.8405041264596438, -0.025232851965245863], [0.13440630936248169, -0.05630326081615048, -0.8152566647783674]]	[[-0.05245698036772569, 0.011188165578139704, -0.093215171771409], [-0.023788558935122415, -0.059648810755195375, -0.009156902979232932], [-0.0929669359927685, 0.024761053656095343, 0.0]]	0.4750298332432938	[[0.6824356558853214, -0.6824356558853213, 0.0], [-0.7071067811865475, -0.7071067811865476, 0.0], [0.0, 0.0, -0.9651097599999999]]
5	[[-0.5446221603179724, 0.8109226453022452, -0.2139887049042392], [-0.8354447797583356, -0.5021691245819775, 0.22328947644507607], [0.07361197229480154, 0.30038414347728, 0.9509735242804028]]	0.8150030325697011	0.18499696743029886	[[-0.4438687122638095, 0.660904415100774, -0.1744014434326178], [-0.6808900290475696, -0.40926935939718373, 0.18198160044363781], [0.059993980653700076, 0.24481398786983538, 0.7750463061820246]]	0.8649490465284587	0.16041128314793493	[[-0.48587079970346764, 0.6866063874443442, -0.13846160543870606], [-0.7612711275881006, -0.44665357544214035, 0.20571640198504096], [0.055529382351519815, 0.22133048055481375, 0.838705525270695]]	[[-0.014800381418168196, -0.014800381418168192, 0.046627720836075345], [-0.03865396190894996, -0.012302869938928198, 0.012582382234033667], [-0.008141222897948077, -0.03848649793812726, 0.016161882170552606]]	0.39019545565886393	[[-0.6824356558853214, 0.6824356558853213, 0.0], [-0.7071067811865475, -0.7071067811865476, 0.0], [0.0, 0.0, 0.9651097599999999]]
5	[[0.08740825448676931, -0.06334395238859675, -0.994156597696443], [0.7119981850616444, -0.6940087028176986, 0.10681996481098455], [-0.6967197295301035, -0.717174639895393, -0.015561310176609944]]	0.8871798393673525	0.1128201606326477	[[0.07754684117495265, -0.056197477505008496, -0.8819956906503239], [0.631670435452836, -0.6157105294853504, 0.09476851922223549], [-0.6181156977285825, -0.6362628818207334, -0.013805680662830357]]	0.9415402293806265	0.09259521438450506	[[0.07026021256344511, -0.06042718647030294, -0.9043806895304597], [0.6770587161045931, -0.6594790906584095, 0.10667706095739266], [-0.6492150284961989, -0.6697113091652517, 0.0]]	[[-0.012038175415787862, -0.0007863070084680717, 0.03165774150491243], [0.00668378162306252, -0.006041977415282538, 0.006101766786827813], [0.006774625459582687, 0.005537465787824674, 0.014651599553148403]]	0.13621254175747222	[[0.0, 0.0, -0.9481238282239999], [0.7071067811865475, -0.7071067811865476, 0.0], [-0.6704247883417397, -0.6704247883417396, 0.0]]
5	[[-0.3195682178843842, -0.5708200961323295, -0.7563336379995778], [0.910087742671785, 0.03735879733279218, -0.41272826520656647], [0.2638493031197415, -0.8202248094963509, 0.507557688474819]]	0.7870702507093998	0.21292974929060024	[[-0.25152263736901836, -0.44927551617283634, -0.59528770608028], [0.7163029877922338, 0.029403997982922446, -0.3248461391709879], [0.20766793715595538, -0.6455745464483625, 0.39948355711735917]]	0.8233303213901455	0.1916511696930438	[[-0.29257579196743866, -0.494231105664092, -0.6217832639676396], [0.7866832397421003, 0.007270614960047276, -0.3079009100745261], [0.18434445285240736, -0.6632582683192376, 0.4380539039438636]]	[[-0.029465588430612692, -0.024257612459507333, 0.0009291532847307236], [0.03738040607490729, -0.023488015654709888, 0.03191078516479346], [-0.03289067868373527, 0.012057687695563892, 0.02016626916785152]]	0.48917126381152287	[[1.8270991534256337e-16, -0.6470335065745472, -0.6470335065745471], [1.0, 1.2684108950145333e-16, 1.268410895014533e-16], [0.0, -0.6470335065745471, 0.6470335065745472]]
5	[[-0.8305561570912853, 0.32773595720904825, 0.4502950280316503], [-0.5100865793185324, -0.772219296347621, -0.37879947194723407], [0.22358030216652452, -0.5443036842615101, 0.808545204538665]]	0.7717515142264496	0.22824848577355045	[[-0.6409829718853004, 0.25293072124253785, 0.3475158697320676], [-0.3936600899756674, -0.5959614112711598, -0.29233906606345744], [0.17254843674822248, -0.42006719252785585, 0.6239959859232491]]	0.8194640899160444	0.23532063297118314	[[-0.6832994821424422, 0.3327874385141166, 0.37521409650757165], [-0.4978142426675232, -0.6307179377698396, -0.3669073860644922], [0.06044699316034753, -0.4840031733390205, 0.6744116198584704]]	[[-0.0026885367474649554, 0.06421959060704015, 0.006213491167895616], [-0.07981660816787392, 0.002088045127271898, -0.05649482152457385], [-0.1227690356776977, -0.03796585007771217, 0.011837859665211555]]	0.39809937888240016	[[-0.6470335065745472, 0.4575217801537728, 0.4575217801537727], [-0.7071067811865475, -0.5000000000000001, -0.5], [0.0, -0.6470335065745471, 0.6470335065745472]]
5	[[0.04673222253661188, -0.9725397674033924, -0.22799671093185395], [-0.8377629715199755, -0.16246744520517667, 0.5213036857710898], [-0.5440306084466285, 0.16664552219444034, -0.8223502702654952]]	0.697770535655996	0.30222946434400405	[[0.032608367951766824, -0.6786095944478229, -0.15908938711472495], [-0.5845663173902521, -0.11336499626747723, 0.3637503520599383], [-0.3796085290690614, 0.11628033528628783, -0.5738117885800076]]	0.7965028365107981	0.3456897306536961	[[-0.0382312694862566, -0.8610187962121338, -0.1636389872509661], [-0.6935455385418555, -0.15634590059909062, 0.2745108158035403], [-0.30292874206938136, 0.05351472624200631, -0.6199985944512982]]	[[-0.07545361729312167, -0.08638811285578007, 0.017961039721388156], [-0.02626495540248009, -0.026940119652504844, -0.1407090485966664], [0.1303931807070537, -0.07921890487768857, 0.03500572842059009]]	0.6211239073172058	[[-1.8931516695320061e-16, -0.9481238282239999, 0.0], [-1.0, 1.7938038903913487e-16, 0.0], [0.0, 0.0, -0.9481238282239999]]
