5	[[0.8592155572171323, 0.2624339665249735, -0.4391776855101157], [-0.4266000482917053, 0.8413623931712975, -0.33184593135155627], [0.2824199444684594, 0.4724804086637203, 0.8348660002631537]]	0.7972766818196497	0.20272331818035028	[[0.6850325284258966, 0.20923248202779993, -0.35014612783273874], [-0.3401182709661132, 0.6707986170354517, -0.26457302302332003], [0.22516683620550304, 0.376697612444203, 0.6656191944538501]]	0.8404078422994683	0.19816663892911104	[[0.737548135078566, 0.16311992274610676, -0.3370243938017099], [-0.3532851827560776, 0.7501353825372682, -0.38936378917153086], [0.2576075129440838, 0.3921711956313795, 0.7100264923382464]]	[[0.015456642567580453, -0.05743164080723714, 0.032063977263920754], [0.005232843353603358, 0.04304782910026132, -0.11047786602851198], [0.02025957679101019, -0.004905045142468768, 0.008398558447902075]]	0.43690602474026125	[[0.7731205277740453, -0.1326465118679359, -0.45288351982099045], [-0.14644660940672619, 0.8535533905932737, -0.5], [0.45288351982099045, 0.45288351982099057, 0.6404740159061093]]
5	[[0.3802729664721569, 0.7767473726770865, -0.5020517802076895], [0.4287143634067757, 0.332951791095048, 0.839849450446521], [0.8195098935212374, -0.5346088512602871, -0.20639019011321075]]	0.7764668214586771	0.22353317854132312	[[0.29526934156329776, 0.6031185635389558, -0.389826549985535], [0.3328824790681393, 0.2585260189305454, 0.652115233292027], [0.636322242176374, -0.41510603546174984, -0.16025513489745682]]	0.8589523933608292	0.23108464202017173	[[0.3429287445313479, 0.6099562775423308, -0.4312385782004598], [0.40620797038946344, 0.3012843529738356, 0.7185880947431019], [0.6639609118830746, -0.4415794589036745, -0.08375776953756518]]	[[0.016292369849666425, -0.05723273725538855, 4.4597026034203524e-18], [0.03796274187304913, 0.015294615138969294, -0.002802600780714464], [-0.039959072539870646, 0.017624093398232687, 0.09352157822637375]]	0.3763361701670563	[[0.46193749471745255, 0.46193749471745266, -0.6532782699980716], [0.5, 0.5000000000000001, 0.7071067811865475], [0.6532782699980716, -0.6532782699980715, 0.0]]
5	[[0.08740825448676931, -0.06334395238859675, -0.994156597696443], [0.7119981850616444, -0.6940087028176986, 0.10681996481098455], [-0.6967197295301035, -0.717174639895393, -0.015561310176609944]]	0.878771514907603	0.12122848509239724	[[0.07681188421076753, -0.05566486100076222, -0.8736364994130915], [0.6256837236980849, -0.6098750791341694, 0.09387034229932571], [-0.6122574521851843, -0.630232644754189, -0.01367483611784662]]	0.9373608922580113	0.09982703975319815	[[0.07158620871682865, -0.05825362950125138, -0.8975047186287404], [0.6757048817386836, -0.6579507654754306, 0.1095799630945018], [-0.6429814276523602, -0.6649242002274383, 0.0]]	[[-0.010346870699604745, 0.001122514228872636, 0.034378796832186434], [0.008305627703216044, -0.007414148567407438, 0.009451105568307975], [0.010096399673737955, 0.007327260129725328, 0.01458656359185077]]	0.1396423800082245	[[0.0, 0.0, -0.9423449504639998], [0.7071067811865475, -0.7071067811865476, 0.0], [-0.6663385046899956, -0.6663385046899954, 0.0]]
5	[[-0.42203838922340475, -0.825029846081567, 0.3757783270710803], [0.2588054115689476, 0.28760896992378115, 0.9221175843470338], [-0.8688517462515349, 0.4864224845687207, 0.09214016247897017]]	0.7623390890340462	0.2376609109659538	[[-0.3217363611779666, -0.6289525012877212, 0.2864705075381052], [0.1972974816925529, 0.21925556012971575, 0.702966279233393], [-0.6623596487430354, 0.37081887377179595, 0.07024204752766713]]	0.8553578625166954	0.23671159497810965	[[-0.28322355966323043, -0.6406514297716748, 0.33588990630655996], [0.25708026864842104, 0.23259981017985645, 0.8305611667681537], [-0.7447178058639639, 0.3779217159503192, 0.022616883309006856]]	[[0.07777029484289008, 0.06504433588513252, 0.01446495968294109], [0.03570902500105233, -0.013408783574777587, 0.04182064083201637], [-0.0015386333463526603, -0.03814358073044203, -0.05619592912094607]]	0.4935183236740687	[[-0.46193749471745255, -0.46193749471745266, 0.6532782699980716], [0.5, 0.5000000000000001, 0.7071067811865475], [-0.6532782699980716, 0.6532782699980715, 0.0]]
5	[[0.04673222253661188, -0.9725397674033924, -0.22799671093185395], [-0.8377629715199755, -0.16246744520517667, 0.5213036857710898], [-0.5440306084466285, 0.16664552219444034, -0.8223502702654952]]	0.6920788844709952	0.3079211155290049	[[0.032342384441988704, -0.673074237328221, -0.15779170936477346], [-0.5797980627806506, -0.11244028824045124, 0.36078327331907406], [-0.3765120966118194, 0.11533184710241477, -0.5691312576897654]]	0.793715753585466	0.34952630038629645	[[-0.037126702908823826, -0.8559028198459063, -0.16190577339369028], [-0.6923062735410644, -0.15587974080263448, 0.2746519617456594], [-0.3010956346034277, 0.05168962335184763, -0.6165141452763897]]	[[-0.07421880413619453, -0.0839826854694891, 0.019058807838593792], [-0.027360605275087796, -0.026926770098502195, -0.13911498605302197], [0.13071002975334767, -0.08057955287835607, 0.03619821919859948]]	0.6229064228436563	[[1.8816127842580662e-16, -0.9423449504639998, 0.0], [-1.0, -1.7938038903913487e-16, 0.0], [0.0, 0.0, -0.9423449504639998]]
5	[[-0.30792515101507295, 0.09349718223056193, 0.9468053539599837], [0.3027085282091916, -0.9338174967034747, 0.1906631317268273], [0.9019698710720718, 0.34531602882779927, 0.2592434992682147]]	0.7623316138609922	0.23766838613900776	[[-0.23474107732171032, 0.07127585782127958, 0.7217796534965424], [0.2307642808391987, -0.7118785993135917, 0.14534853291310323], [0.6876001474683637, 0.2632453255483651, 0.19762951518010907]]	0.8507157845388938	0.2605048243069676	[[-0.25773185504395, 0.07939348606795721, 0.7448126776949495], [0.243549138578405, -0.8497655619491079, 0.11914887929955946], [0.6813904234975835, 0.2653942110009394, 0.17833836897599284]]	[[0.004224931381095159, -0.00014604266549121496, -0.060649581804743086], [-0.013969784483691301, -0.05535227762486541, -0.04305125639007089], [-0.08592958300193895, -0.02837158537715711, -0.0422041678905746]]	0.46936198171081955	[[0.0, 0.0, 0.9803999999999999], [0.0, -1.0, 0.0], [0.9803999999999999, 0.0, 0.0]]
5	[[0.034229894132735264, 0.2773841392786001, 0.9601491309293217], [-0.1827544195208179, -0.9427759796974285, 0.2788803941677556], [0.9825625356654255, -0.18501754344446375, 0.018422055382213542]]	0.865848643404216	0.134151356595784	[[0.029637907398698753, 0.240172680696222, 0.8313438224808902], [-0.15823766621822513, -0.8163013030550993, 0.24146821096218424], [0.8507504385657153, -0.16019718899736957, 0.015950711661406932]]	0.9231508488960958	0.12506243358252409	[[0.009288744930715097, 0.23907542317873764, 0.8683280468391595], [-0.16452158993720475, -0.8270543208473392, 0.25300621422697506], [0.9019313606969441, -0.16179737125032106, 0.0]]	[[-0.022310610895542947, -0.016991980466614945, -0.018034438445092407], [0.004188307582951488, 0.043270125129190366, -0.004442458389466297], [-0.005122078196093919, 0.009001731041105967, -0.017006336064501318]]	0.3466711449311461	[[0.0, 0.0, 0.9803999999999999], [0.0, -1.0, 0.0], [0.9803999999999999, 0.0, 0.0]]
5	[[0.8489524140446696, -0.5135124485683378, 0.12483895166604869], [0.522794976890395, 0.7815435453534784, -0.34040431673891397], [0.0772347773085365, 0.35425224329800037, 0.9319550081910795]]	0.8360864095759823	0.16391359042401776	[[0.7097975757594706, -0.429340779396073, 0.10437615087369623], [0.4371017751726491, 0.6534379367618735, -0.28460742298640396], [0.06457494765429486, 0.29618548618326246, 0.7791949166848348]]	0.9071426033443045	0.15646371224810113	[[0.7519555084231746, -0.47491486709945113, 0.06356514149962457], [0.5082836634841443, 0.667910557480905, -0.2934511725663752], [0.02385935168807328, 0.2910335541371244, 0.8349340786413333]]	[[-0.018165394568738818, -0.009085847655460989, -0.04968159011348863], [0.03403406713246585, -0.04106088887798686, 0.015344085509802374], [-0.04620360526831014, -0.03032374808878352, -0.010482013688885107]]	0.43315784400444374	[[0.6932474882752911, -0.693247488275291, 0.0], [0.7071067811865475, 0.7071067811865476, 0.0], [0.0, 0.0, 0.9803999999999999]]
5	[[0.5319609947059123, -0.8460851799387872, 0.03402011756955908], [-0.703274286200726, -0.4190807785627857, 0.5742617690636116], [-0.47161719485230363, -0.3294103357928521, -0.8179645788128509]]	0.7930526119912684	0.2069473880087316	[[0.4218730563289971, -0.6709900619175574, 0.02697974309878888], [-0.5577335096177806, -0.3323531060745516, 0.4554197959226237], [-0.3740172482376144, -0.26123972721744226, -0.6486889457438693]]	0.8515905010260071	0.19352126283157722	[[0.5103560230461507, -0.6988136975235202, 0.0072285041225763295], [-0.5913756269864687, -0.3906215713961645, 0.5707424395424815], [-0.3706413326780004, -0.361126431042077, -0.6917317725894889]]	[[0.05734309303824992, 0.021704404771230756, -0.02174270484344816], [0.007526074757914942, -0.03373636120951262, 0.08170657190551942], [0.030983390578752774, -0.08060371814109683, 0.004839092903273668]]	0.3198509414094152	[[0.6404740159061093, -0.6404740159061092, 0.0], [-0.5, -0.5000000000000001, 0.7071067811865475], [-0.45288351982099045, -0.45288351982099057, -0.6404740159061093]]
5	[[-0.5446221603179724, 0.8109226453022452, -0.2139887049042392], [-0.8354447797583356, -0.5021691245819775, 0.22328947644507607], [0.07361197229480154, 0.30038414347728, 0.9509735242804028]]	0.807355927659943	0.192644072340057	[[-0.4397039294676788, 0.654703204558449, -0.17276504935671189], [-0.6745012951704479, -0.40542921941906407, 0.18027408239201742], [0.059431062178947544, 0.24251691881143678, 0.7677741118754499]]	0.8611144934028646	0.16706001239336482	[[-0.4850827157370435, 0.6869123428470195, -0.12442758902436658], [-0.7567191137672138, -0.4464868788703952, 0.20484715120230443], [0.06195384505345619, 0.22487504227613445, 0.834997764659115]]	[[-0.016100680058858945, -0.011384900051334182, 0.059841186193182475], [-0.037305505479546905, -0.014061767553425772, 0.012569346811111878], [-0.0014344911775675338, -0.0337900972605569, 0.016100680058858945]]	0.3914120097044036	[[-0.6796598375050954, 0.6796598375050953, 0.0], [-0.7071067811865475, -0.7071067811865476, 0.0], [0.0, 0.0, 0.9611841599999998]]
5	[[0.22433838825039393, -0.7661379269479729, -0.6022499185961573], [-0.9416906372873723, -0.011392912655017143, -0.3362869982418849], [0.2507808429735371, 0.642575192824231, -0.724020780340167]]	0.7046216451523638	0.29537835484763636	[[0.15807368419982223, -0.5398373664997022, -0.4243583284341016], [-0.6635356060700061, -0.008027692858055407, -0.23695509794454703], [0.1767056101487103, 0.45277238950190707, -0.5101607133677868]]	0.7687175674783403	0.3780413915312317	[[0.22189137367557032, -0.5746020832969702, -0.3555088700081971], [-0.8378010248844815, -0.01391027079881653, -0.15643715229436628], [0.14452837242318442, 0.35550887000819703, -0.5219841272238034]]	[[0.049438513567715975, 0.014341600259374122, 0.10745122242906939], [-0.11390688887180458, -0.005152338696158533, 0.10207257096872839], [-0.04825126715760068, -0.1384499691415713, 0.03458336584305953]]	0.6230759451332364	[[0.6404740159061093, -0.45288351982099057, -0.45288351982099045], [-0.7071067811865475, -0.5000000000000001, -0.5], [0.0, 0.6404740159061092, -0.6404740159061093]]
5	[[0.8787972042104137, -0.3840163418041313, 0.28327887866788265], [-0.395223040501579, -0.9183905790867732, -0.018907472103605397], [0.2674214316928388, -0.09534250611366366, -0.9588511794847616]]	0.7544584330130772	0.24554156698692295	[[0.663015961624862, -0.28972436748895913, 0.21372213890547231], [-0.2981793558274853, -0.6928875171917795, -0.014264901775524613], [0.20175835430909278, -0.07193195776205441, -0.7234133583668139]]	0.8485051568685088	0.24684652237687937	[[0.6935098481851936, -0.31435481140368643, 0.14621590906507476], [-0.359620636034041, -0.8405014798212342, -0.025442854559974148], [0.13324818821001286, -0.0557621163495898, -0.8135901704622723]]	[[-0.05215411142897032, 0.011485034938898972, -0.09414768031655232], [-0.024271848055199625, -0.061242337446651196, -0.009399766976717502], [-0.0936602756385205, 0.02513649175662116, 0.0]]	0.4758914031155267	[[0.6796598375050954, -0.6796598375050953, 0.0], [-0.7071067811865475, -0.7071067811865476, 0.0], [0.0, 0.0, -0.9611841599999998]]
5	[[-0.8305561570912853, 0.32773595720904825, 0.4502950280316503], [-0.5100865793185324, -0.772219296347621, -0.37879947194723407], [0.22358030216652452, -0.5443036842615101, 0.808545204538665]]	0.7646303266699795	0.23536967333002048	[[-0.6350684257144724, 0.250596852022253, 0.3443092343817084], [-0.3900276677743019, -0.5904622928271432, -0.2896415639774294], [0.1709562794825624, -0.41619110390455183, 0.6182381838738448]]	0.8140390979220917	0.24026146013496286	[[-0.6805962243130406, 0.33213143280946006, 0.36934892897706867], [-0.49660096969244194, -0.6288468974947892, -0.368789127327093], [0.05796266834255327, -0.4808789093556945, 0.6685700883277002]]	[[-0.004491039420811517, 0.0653415498463732, 0.0027911705593810926], [-0.08137055080181838, -0.0002301980979392687, -0.06043154688980192], [-0.12404043914623306, -0.03779442922378384, 0.01038267939581209]]	0.4023963908559203	[[-0.6404740159061093, 0.45288351982099057, 0.45288351982099045], [-0.7071067811865475, -0.5000000000000001, -0.5], [0.0, -0.6404740159061092, 0.6404740159061093]]
5	[[-0.3195682178843842, -0.5708200961323295, -0.7563336379995778], [0.910087742671785, 0.03735879733279218, -0.41272826520656647], [0.2638493031197415, -0.8202248094963509, 0.507557688474819]]	0.7791652199373131	0.2208347800626868	[[-0.2489964407728614, -0.4447631657475848, -0.5893088653979291], [0.7091087161811144, 0.029108675540398525, -0.32158350953402015], [0.2055822002956001, -0.6390906440892652, 0.3954712979713567]]	0.8181638578381055	0.19807337610812722	[[-0.29579275403743266, -0.4869638481224374, -0.6151476235821615], [0.7821288351660549, 0.007638530582861958, -0.3138436745743646], [0.1870524907136174, -0.6566854951084506, 0.4306591022077397]]	[[-0.03433358805069656, -0.019939476139292447, 0.003657223496302292], [0.03752793665053428, -0.022927087167127276, 0.023835675125868552], [-0.02881947301472598, 0.014392799323609044, 0.015393745729790465]]	0.49263124784367424	[[1.8085764034823503e-16, -0.6404740159061093, -0.6404740159061092], [1.0, 1.2684108950145333e-16, 1.268410895014533e-16], [0.0, -0.6404740159061092, 0.6404740159061093]]
