5	[[0.08740825448676931, -0.06334395238859675, -0.994156597696443], [0.7119981850616444, -0.6940087028176986, 0.10681996481098455], [-0.6967197295301035, -0.717174639895393, -0.015561310176609944]]	0.6461084570337754	0.3538915429662246	[[0.0564752124384621, -0.040927063340217174, -0.6423329853875969], [0.4600280487610275, -0.4484048921455551, 0.06901728264442741], [-0.4501565094316845, -0.463372600006566, -0.010054294107633437]]	0.8516558381177848	0.24645799743792746	[[0.048773437678242, -0.04877343767824201, -0.751230797678135], [0.6734697034561058, -0.6651415117079754, 0.09487218083105124], [-0.5393176435028602, -0.5464151959127479, 0.0]]	[[-0.025668312555100135, 0.00517380918296141, 0.09544847275335447], [0.06709229241908932, -0.07408494824873167, 0.00389833417223992], [0.05404778168329665, 0.06437077310418345, 0.01325288066067155]]	0.25394011393441535	[[0.0, 0.0, -0.787353224904], [0.7071067811865475, -0.7071067811865476, 0.0], [-0.5567428045187153, -0.5567428045187152, 0.0]]
5	[[0.3802729664721569, 0.7767473726770865, -0.5020517802076895], [0.4287143634067757, 0.332951791095048, 0.839849450446521], [0.8195098935212374, -0.5346088512602871, -0.20639019011321075]]	0.5695033729478343	0.43049662705216596	[[0.21656673704677207, 0.44236024866796914, -0.28592018222274396], [0.24415427599134237, 0.1896171680576525, 0.4782970947976787], [0.4667136485244652, -0.3044615440005005, -0.11753990941281828]]	0.7594402480169941	0.36898602176080364	[[0.30216772041653966, 0.4469655520035508, -0.36079273757916547], [0.40986304336488627, 0.3123376167618008, 0.7135630347797328], [0.5480164300600592, -0.3872059012153668, -0.04012378710906514]]	[[0.013373124444766696, -0.14292766534888418, 0.020485590899135615], [0.08428010089079678, 0.05948062595487513, 0.07574755983569062], [-0.07435236672808965, 0.018797577377826, 0.11661723005878617]]	0.45317126649151585	[[0.3635209839381767, 0.3635209839381768, -0.5140963056925817], [0.5, 0.5000000000000001, 0.7071067811865475], [0.5140963056925817, -0.5140963056925816, 0.0]]
5	[[0.04673222253661188, -0.9725397674033924, -0.22799671093185395], [-0.8377629715199755, -0.16246744520517667, 0.5213036857710898], [-0.5440306084466285, 0.16664552219444034, -0.8223502702654952]]	0.5452672631175031	0.4547327368824968	[[0.025481551081936487, -0.5302940972449808, -0.12431914256960447], [-0.45680472262188376, -0.08858817919271954, 0.28424983399346887], [-0.296642080919843, 0.0908663477977496, -0.44840068119160553]]	0.7124134953373515	0.4537977965688873	[[-0.004208112452173484, -0.7194013427682201, -0.11419611845731756], [-0.6735839015519188, -0.15186568923810764, 0.28133323463817894], [-0.24973351083805342, 0.022119522042203476, -0.5190214657118917]]	[[-0.037500778454364, -0.02655088771779447, 0.04823181530306428], [-0.07675025474716708, -0.036121688720958195, -0.0900505462742474], [0.13784123649591534, -0.09660099690665595, 0.06683196471956548]]	0.6781428615846224	[[1.5721354403997306e-16, -0.787353224904, 0.0], [-1.0, -1.7938038903913487e-16, 0.0], [0.0, 0.0, -0.787353224904]]
5	[[0.8489524140446696, -0.5135124485683378, 0.12483895166604869], [0.522794976890395, 0.7815435453534784, -0.34040431673891397], [0.0772347773085365, 0.35425224329800037, 0.9319550081910795]]	0.686892372057651	0.3131076279423491	[[0.5831389374472121, -0.35272778387823805, 0.0857509236350826], [0.35910388177606817, 0.536836299734197, -0.23382112858345658], [0.053051979390805075, 0.24333316370570754, 0.640152786227378]]	0.8298493414074944	0.2560605170329982	[[0.6652479934329942, -0.4123825086911364, 0.05005052829837703], [0.47685110969261, 0.6249753787706025, -0.2642756122713443], [0.029275356596330914, 0.22885342728736813, 0.7327244790691061]]	[[-0.039254608248277256, 0.013755458557848552, -0.05354699352369549], [0.04301004242896949, -0.023588017622259667, 0.018208685786711698], [-0.03481787248691259, -0.06512256350560487, -0.04065777069967719]]	0.45325196313719757	[[0.652942401747658, -0.6529424017476579, 0.0], [0.7071067811865475, 0.7071067811865476, 0.0], [0.0, 0.0, 0.9234]]
5	[[0.034229894132735264, 0.2773841392786001, 0.9601491309293217], [-0.1827544195208179, -0.9427759796974285, 0.2788803941677556], [0.9825625356654255, -0.18501754344446375, 0.018422055382213542]]	0.773395670012825	0.22660432998717503	[[0.02647325190725486, 0.2145276922483037, 0.7425751804273145], [-0.14134147673310785, -0.7291388604900902, 0.2156848893008121], [0.759909610600462, -0.14309176697635798, 0.014247537865340412]]	0.8757497942513981	0.19116752093820807	[[0.009200849105972629, 0.21412252368961124, 0.7902779142484497], [-0.16794751328433938, -0.8240404972119354, 0.25685630477503274], [0.8199697271176223, -0.1462512628544536, 0.0]]	[[-0.020775973638017413, -0.028796579212223988, -0.05057248961356236], [-0.007900367990449382, 0.0015953730332480265, 0.012626856961871977], [-0.0405092113305063, 0.015777812749934613, -0.016133111210661365]]	0.3723371603537791	[[0.0, 0.0, 0.9234], [0.0, -1.0, 0.0], [0.9234, 0.0, 0.0]]
5	[[-0.30792515101507295, 0.09349718223056193, 0.9468053539599837], [0.3027085282091916, -0.9338174967034747, 0.1906631317268273], [0.9019698710720718, 0.34531602882779927, 0.2592434992682147]]	0.6156337883581982	0.38436621164180196	[[-0.1895691272501796, 0.05756002449741765, 0.5828853668962095], [0.1863575979897591, -0.5748896031307293, 0.11737866608522486], [0.5552831287130551, 0.2125882150080668, 0.15959905756172676]]	0.8026563440452649	0.2966436206936391	[[-0.17835417549589344, 0.0738488818321084, 0.733386510508844], [0.26102061066246146, -0.8369385640223581, 0.13264451957479392], [0.674324277844381, 0.24702693337563753, 0.10450529366378507]]	[[0.06880390045745108, -0.0011972246356083457, -0.02657281342315941], [0.01804969009874875, -0.08740402611284578, -0.020392452681282043], [-0.049647561309307045, -0.030143167863513093, -0.10357814567634144]]	0.48159920407441537	[[0.0, 0.0, 0.9234], [0.0, -1.0, 0.0], [0.9234, 0.0, 0.0]]
5	[[-0.42203838922340475, -0.825029846081567, 0.3757783270710803], [0.2588054115689476, 0.28760896992378115, 0.9221175843470338], [-0.8688517462515349, 0.4864224845687207, 0.09214016247897017]]	0.5577315673754581	0.44226843262454196	[[-0.23538413231418323, -0.46014518918660535, 0.20958343534308116], [0.1443439478395997, 0.16040860158683143, 0.5142940856223422], [-0.4845860462537724, 0.2712931747251772, 0.051389477237625415]]	0.7552849211309026	0.39282562239499336	[[-0.22888909606654986, -0.4982416523112361, 0.27606511341519535], [0.2686266339761684, 0.23571509387486445, 0.8290097547628476], [-0.5789874583006134, 0.2998025386060559, 0.023895525330577184]]	[[0.0898701354522625, 0.12489094991712096, -0.00775459070938814], [0.07315480911106509, 0.0184883757094412, 0.13254824779587962], [0.07724316434142424, -0.06758502928772807, -0.04569655002034035]]	0.5676020386822113	[[-0.3635209839381767, -0.3635209839381768, 0.5140963056925817], [0.5, 0.5000000000000001, 0.7071067811865475], [-0.5140963056925817, 0.5140963056925816, 0.0]]
5	[[0.8787972042104137, -0.3840163418041313, 0.28327887866788265], [-0.395223040501579, -0.9183905790867732, -0.018907472103605397], [0.2674214316928388, -0.09534250611366366, -0.9588511794847616]]	0.5980475425074001	0.40195245749260017	[[0.5255625083404117, -0.22966002949864245, 0.16941423723157917], [-0.236362168114272, -0.5492412288847927, -0.011307567226588447], [0.15993073003771285, -0.05701935147777332, -0.5734385915211837]]	0.7987905409158846	0.35725944047544905	[[0.5597104578134068, -0.2380586403150998, 0.22821998848050487], [-0.3454950481221991, -0.8473577667357607, -0.023015901615245127], [0.2048029303376588, -0.07615869203080942, -0.6501886702831086]]	[[-0.14226443629319674, 0.06868998107516147, 0.0019394997593416442], [-0.029794621817522206, -0.11375605929498459, -0.007912791746254174], [-0.008810779736764182, 0.0, 0.11573258203535824]]	0.5074217776983387	[[0.6029270137737874, -0.6029270137737873, 0.0], [-0.7071067811865475, -0.7071067811865476, 0.0], [0.0, 0.0, -0.85266756]]
5	[[-0.8305561570912853, 0.32773595720904825, 0.4502950280316503], [-0.5100865793185324, -0.772219296347621, -0.37879947194723407], [0.22358030216652452, -0.5443036842615101, 0.808545204538665]]	0.5438761252191472	0.45612387478085265	[[-0.4517196644957136, 0.1782477625018454, 0.24490471505130124], [-0.27742391228605257, -0.4199916387170005, -0.20601998903772073], [0.12159998841765549, -0.2960337787386563, 0.43974843290901205]]	0.7308577435842153	0.42967954134177544	[[-0.4950969410550632, 0.1822492700451592, 0.25800424083094087], [-0.4463865682663928, -0.6757998318241797, -0.2697474621497361], [0.15824262274262937, -0.3685328218984325, 0.46930953447108514]]	[[0.11192145783665058, -0.05727909213205873, -0.0710973673034621], [-0.0735858418730595, -0.11141737934336686, 0.007101065188511637], [-0.0051627724086737645, 0.029275740605509876, -0.12162198930388135]]	0.5317530240332379	[[-0.47471652867652997, 0.3356752765685125, 0.3356752765685124], [-0.7071067811865475, -0.5000000000000001, -0.5], [0.0, -0.4747165286765299, 0.47471652867652997]]
5	[[0.8592155572171323, 0.2624339665249735, -0.4391776855101157], [-0.4266000482917053, 0.8413623931712975, -0.33184593135155627], [0.2824199444684594, 0.4724804086637203, 0.8348660002631537]]	0.5645303504285035	0.43546964957149653	[[0.48505325960940954, 0.14815193908668542, -0.2479291327014047], [-0.2408286747549329, 0.4749746066543569, -0.1873370999141672], [0.15943463021877788, 0.26672953067353267, 0.4713071956894013]]	0.7469425873936308	0.44715517269210764	[[0.4700567940953511, 0.19082297205054435, -0.2874726535521862], [-0.35393903541938754, 0.7495194429113516, -0.25077452261479577], [0.239437763518436, 0.3134146120911005, 0.46731256419074246]]	[[-0.17172789734127392, -0.005200133925592872, 0.040567863188285924], [-0.03529329156613335, 0.12107004002028546, -0.002904664035015133], [0.02848627946559939, -0.039501126848978795, -0.1562844061727893]]	0.5427361246147244	[[0.5730335409067775, -0.09831701223024748, -0.3356752765685124], [-0.14644660940672619, 0.8535533905932737, -0.5], [0.3356752765685124, 0.3356752765685125, 0.47471652867652997]]
5	[[-0.3195682178843842, -0.5708200961323295, -0.7563336379995778], [0.910087742671785, 0.03735879733279218, -0.41272826520656647], [0.2638493031197415, -0.8202248094963509, 0.507557688474819]]	0.5379673424027717	0.4620326575972283	[[-0.17191726489165202, -0.307082570106404, -0.40688279720445286], [0.4895974842784777, 0.020097812916485984, -0.22203432796768297], [0.14194230839415067, -0.4412541609375716, 0.2730494607848923]]	0.6914496988395709	0.4862974625308172	[[-0.23045531177212747, -0.3684760963037819, -0.4003710672109395], [0.7891779418164067, 0.012918165077129645, -0.21617293735951484], [0.15716679777947345, -0.4003710672109395, 0.30676701418124375]]	[[-0.009489963757271652, 0.026217287258492178, 0.12259559900610538], [0.15989804622841594, -0.012913564087638149, 0.06920789732014401], [-0.025271723401702452, 0.16677313029605678, -0.04418359665837856]]	0.6019382077494542	[[1.340508889955164e-16, -0.47471652867652997, -0.4747165286765299], [1.0, 1.2684108950145333e-16, 1.268410895014533e-16], [0.0, -0.4747165286765299, 0.47471652867652997]]
5	[[-0.5446221603179724, 0.8109226453022452, -0.2139887049042392], [-0.8354447797583356, -0.5021691245819775, 0.22328947644507607], [0.07361197229480154, 0.30038414347728, 0.9509735242804028]]	0.611296803611281	0.38870319638871903	[[-0.3329257857782472, 0.4957144210492671, -0.13081061131687904], [-0.5107047234600012, -0.3069743807292379, 0.13649614323091142], [0.044998763371334356, 0.18362386676317366, 0.5813270757115652]]	0.7721660703568426	0.32715628750650144	[[-0.44623345631353106, 0.5923496429898052, -0.09013844745496269], [-0.7324545072003574, -0.3957225760563852, 0.10363183485986907], [0.06998123466584366, 0.09550190594027554, 0.7094259751594898]]	[[-0.025694702951547986, -0.033817309396605065, 0.0750963699116937], [-0.08735239461422566, -0.007964616473383994, -0.0687847227187621], [0.013140567287750003, -0.1364445377260817, -0.024883514097506276]]	0.43268523666687175	[[-0.6029270137737874, 0.6029270137737873, 0.0], [-0.7071067811865475, -0.7071067811865476, 0.0], [0.0, 0.0, 0.85266756]]
5	[[0.5319609947059123, -0.8460851799387872, 0.03402011756955908], [-0.703274286200726, -0.4190807785627857, 0.5742617690636116], [-0.47161719485230363, -0.3294103357928521, -0.8179645788128509]]	0.5860485413178286	0.4139514586821715	[[0.311754964985381, -0.4958469855337588, 0.01993744027710112], [-0.4121528695742725, -0.24560167897106053, 0.3365452720943254], [-0.27639056910359866, -0.19305044678641708, -0.47936694826292325]]	0.7182164765150395	0.4698235212781549	[[0.4399426553271847, -0.5674786512443044, 0.08857454955647015], [-0.519866814471586, -0.3471834485065054, 0.3363250925255583], [-0.24480718206289553, -0.10886613588601407, -0.5133067339441224]]	[[0.057879504066068684, 0.04019366552292462, 0.06414074058503405], [-0.014763634612871085, -0.04619272835196187, -0.07611917184860208], [0.09391605788783286, 0.12772179481476417, 0.07416890376495168]]	0.45962028935656096	[[0.47471652867652997, -0.4747165286765299, 0.0], [-0.5, -0.5000000000000001, 0.7071067811865475], [-0.3356752765685124, -0.3356752765685125, -0.47471652867652997]]
5	[[0.22433838825039393, -0.7661379269479729, -0.6022499185961573], [-0.9416906372873723, -0.011392912655017143, -0.3362869982418849], [0.2507808429735371, 0.642575192824231, -0.724020780340167]]	0.522560846426274	0.47743915357372607	[[0.11723045805003196, -0.4003536835852035, -0.31471222722176256], [-0.49209065649258654, -0.005953490080266383, -0.17573041844343035], [0.13104824957174604, 0.3357846366547564, -0.3783449118047691]]	0.7027157069422931	0.48472303511829196	[[0.1907693936036683, -0.4313128852347966, -0.3402281696591396], [-0.8135735971431799, 0.04480533666645972, -0.2049853809707603], [0.14903297476686567, 0.3402281696591396, -0.3612991805842616]]	[[0.033123284509998116, 0.10706426971575123, 0.08298230764309764], [-0.15183279524084525, 0.0528113153369618, 0.031328774734287496], [-0.027194662590867644, -0.11131951122992029, 0.14748159391338952]]	0.7201862687444841	[[0.47471652867652997, -0.3356752765685125, -0.3356752765685124], [-0.7071067811865475, -0.5000000000000001, -0.5], [0.0, 0.4747165286765299, -0.47471652867652997]]
