5	[[-0.30792515101507295, 0.09349718223056193, 0.9468053539599837], [0.3027085282091916, -0.9338174967034747, 0.1906631317268273], [0.9019698710720718, 0.34531602882779927, 0.2592434992682147]]	0.6905766951407667	0.3094233048592333	[[-0.21264593313871058, 0.06456697510975548, 0.6538417122792693], [0.2090434550016291, -0.6448726007381095, 0.13166751539310106], [0.6228793726814948, 0.23846720196703536, 0.1790275189613715]]	0.8279193797702893	0.2831723229190206	[[-0.23258793573934208, 0.07258052044031953, 0.7257410832246393], [0.24755635194900538, -0.84836718997901, 0.11851763450441177], [0.6641130545443201, 0.2514275790331422, 0.16000741529902257]]	[[0.022349264304729836, -0.004827608682277032, -0.0581374181890996], [-0.0030619049771256693, -0.07524158728962507, -0.039336067259924036], [-0.08264528168515745, -0.034466253378708706, -0.054625301824597225]]	0.4746225800606709	[[0.0, 0.0, 0.9532], [0.0, -1.0, 0.0], [0.9532, 0.0, 0.0]]
5	[[0.5319609947059123, -0.8460851799387872, 0.03402011756955908], [-0.703274286200726, -0.4190807785627857, 0.5742617690636116], [-0.47161719485230363, -0.3294103357928521, -0.8179645788128509]]	0.6775147381770268	0.32248526182297327	[[0.3604114140485669, -0.5732351791616901, 0.023049131047891483], [-0.47647869388192016, -0.2839334039629903, 0.38907081211220906], [-0.3195276002901424, -0.2231803574075007, -0.5541830574524708]]	0.7641006421916519	0.2828100863063899	[[0.4276466261671413, -0.6273742470746098, 0.005381190159234125], [-0.6101527028474912, -0.3795385121399584, 0.5404223955448649], [-0.30485641496030397, -0.29724626285540656, -0.6250072599609233]]	[[0.021174888491443736, 0.01911998226545673, -0.020613603523101463], [-0.07278036912464106, -0.05931862010995638, 0.10162860901724516], [0.05550658649496659, -0.045543613731520584, 7.9422873285978e-18]]	0.383910284146897	[[0.5564231243894765, -0.5564231243894764, 0.0], [-0.5, -0.5000000000000001, 0.7071067811865475], [-0.39345056446480453, -0.39345056446480464, -0.5564231243894765]]
5	[[0.8489524140446696, -0.5135124485683378, 0.12483895166604869], [0.522794976890395, 0.7815435453534784, -0.34040431673891397], [0.0772347773085365, 0.35425224329800037, 0.9319550081910795]]	0.7505567513701024	0.24944324862989778	[[0.6371869659531731, -0.38542023518555824, 0.09369871800691872], [0.39238729948746254, 0.586592784454779, -0.25549275812391864], [0.05796908354948846, 0.2658864128953183, 0.6994851233709938]]	0.8779309061287544	0.20395941185843192	[[0.7091697127485912, -0.4533232439682884, 0.05291628903517525], [0.5043083683015862, 0.6687493981737198, -0.29540132717166956], [0.023530771177143847, 0.2637776555951523, 0.792723823930457]]	[[-0.03615184937383893, -0.0024947946882922247, -0.05668368492116265], [0.04533050052064056, -0.017391834777538785, 0.003450143073064647], [-0.04427602684999217, -0.04723133736160508, -0.025468280881968283]]	0.44235538272500163	[[0.6740141838270172, -0.674014183827017, 0.0], [0.7071067811865475, 0.7071067811865476, 0.0], [0.0, 0.0, 0.9532]]
5	[[0.8787972042104137, -0.3840163418041313, 0.28327887866788265], [-0.395223040501579, -0.9183905790867732, -0.018907472103605397], [0.2674214316928388, -0.09534250611366366, -0.9588511794847616]]	0.6661606775640421	0.33383932243595793	[[0.5854201409981952, -0.25581658645190486, 0.1887092497529788], [-0.2632820484494528, -0.6117956904328777, -0.012595414427560998], [0.17814564213164769, -0.06351342847333201, -0.63874895140865]]	0.8251713283400746	0.284366926143598	[[0.6537798724834676, -0.26661558463065194, 0.16684126298835825], [-0.31703736475957617, -0.8546157600367279, -0.03395123911506002], [0.15795991502503115, -0.0522892352010687, -0.7514381011544431]]	[[-0.07137838385638337, 0.05026369024015921, -0.06691234561270534], [0.009089356561714852, -0.09678618595668477, -0.01834933524377505], [-0.06270858299155317, 0.02638466721601482, 0.03977840030144492]]	0.48939441836130926	[[0.6424703200239128, -0.6424703200239127, 0.0], [-0.7071067811865475, -0.7071067811865476, 0.0], [0.0, 0.0, -0.9085902400000001]]
5	[[0.22433838825039393, -0.7661379269479729, -0.6022499185961573], [-0.9416906372873723, -0.011392912655017143, -0.3362869982418849], [0.2507808429735371, 0.642575192824231, -0.724020780340167]]	0.6275072625290777	0.3724927374709224	[[0.14077396789119007, -0.4807571132588249, -0.37791619777663454], [-0.5909177139534616, -0.0071491354323826965, -0.21102253369088605], [0.15736680026905878, 0.40322060021822753, -0.45432829788542484]]	0.7483033317632606	0.4247371703863031	[[0.2112298560947914, -0.5007527130202677, -0.3622908417559212], [-0.8127824958190418, 0.04576911711221035, -0.2061756932266782], [0.1702055033129647, 0.36229084175592113, -0.4180414808798828]]	[[0.043356692724621636, 0.07255085030509802, 0.08837477888373592], [-0.10811225444663289, 0.05429447161044751, 0.04546898798639008], [-0.01745463702653223, -0.11855031594287058, 0.12374568131449994]]	0.6686898278565163	[[0.5564231243894765, -0.39345056446480464, -0.39345056446480453], [-0.7071067811865475, -0.5000000000000001, -0.5], [0.0, 0.5564231243894764, -0.5564231243894765]]
5	[[0.08740825448676931, -0.06334395238859675, -0.994156597696443], [0.7119981850616444, -0.6940087028176986, 0.10681996481098455], [-0.6967197295301035, -0.717174639895393, -0.015561310176609944]]	0.7519187557526564	0.24808124424734362	[[0.06572390595620314, -0.047629505864489184, -0.7475249919632037], [0.5353647894097014, -0.521838160304199, 0.08031993503021806], [-0.5238766321366028, -0.5392570628875033, -0.0117008409858777]]	0.9003962438842612	0.16888970067219347	[[0.05291033428987583, -0.05291033428987584, -0.8294439694201494], [0.6836989946631974, -0.6705067062800774, 0.09063988974298548], [-0.6000229457551015, -0.6110138357924861, 0.0]]	[[-0.025791729734490884, 0.004124322513600143, 0.06569089697848438], [0.04261850318128183, -0.04562387704003301, -0.005540405344673971], [0.027300881753862038, 0.03472751617837354, 0.014011345232937523]]	0.19125895262256304	[[0.0, 0.0, -0.8660682167680002], [0.7071067811865475, -0.7071067811865476, 0.0], [-0.6124027090467937, -0.6124027090467936, 0.0]]
5	[[0.034229894132735264, 0.2773841392786001, 0.9601491309293217], [-0.1827544195208179, -0.9427759796974285, 0.2788803941677556], [0.9825625356654255, -0.18501754344446375, 0.018422055382213542]]	0.8336019614816949	0.16639803851830517	[[0.028534106890358877, 0.2312279625865527, 0.8003821988576273], [-0.15234444258200236, -0.7858999059136028, 0.2324752435970293], [0.8190660570091265, -0.15423098712382968, 0.015356661501137622]]	0.9012428645208268	0.15034944449521892	[[0.00911276218191439, 0.22706225412065212, 0.8308011284654288], [-0.16611861498229158, -0.8256676567361462, 0.25475689248558625], [0.8625199123437307, -0.15426096558610403, 0.0]]	[[-0.021736685658516573, -0.02292822213543741, -0.03452642466049556], [-0.0014124984295087583, 0.0240024678077931, 0.003417927187140883], [-0.02300756187022439, 0.012484775254390996, -0.01660274596302744]]	0.3586189479932979	[[0.0, 0.0, 0.9532], [0.0, -1.0, 0.0], [0.9532, 0.0, 0.0]]
5	[[0.3802729664721569, 0.7767473726770865, -0.5020517802076895], [0.4287143634067757, 0.332951791095048, 0.839849450446521], [0.8195098935212374, -0.5346088512602871, -0.20639019011321075]]	0.66078403930047	0.3392159606995302	[[0.25127830682224406, 0.5132622664335927, -0.3317478032636288], [0.2832876087580589, 0.22000922941211212, 0.5549591122703321], [0.5415190576876612, -0.35326099618155676, -0.13637934349499933]]	0.8099064921559108	0.2999555439565305	[[0.3461531370606609, 0.5264199668299208, -0.41184682358278], [0.40743250651930285, 0.2980960292866949, 0.7160429117008134], [0.5973760806024124, -0.4171092508331526, -0.07024544151792092]]	[[0.038167592723474, -0.1026727730662986, -0.005231827394139941], [0.06021396031566678, 0.028436212103877, 0.03584338935060197], [-0.06635030254643698, 0.01587392856656767, 0.09691131337206114]]	0.40683694082864263	[[0.4127681121116288, 0.4127681121116289, -0.5837422622634039], [0.5, 0.5000000000000001, 0.7071067811865475], [0.5837422622634039, -0.5837422622634038, 0.0]]
5	[[0.8592155572171323, 0.2624339665249735, -0.4391776855101157], [-0.4266000482917053, 0.8413623931712975, -0.33184593135155627], [0.2824199444684594, 0.4724804086637203, 0.8348660002631537]]	0.6739298229362983	0.3260701770637018	[[0.5790509883394549, 0.1768620765926458, -0.29597493983340556], [-0.28749849500984526, 0.5670192086551926, -0.22364086975788533], [0.19033122316930806, 0.3184186381516108, 0.5626410957328828]]	0.7763260026128596	0.3955211972063469	[[0.5291354494324898, 0.20913386795865666, -0.2837623595942985], [-0.33907460852135557, 0.7513302472540939, -0.2612672811097752], [0.24083129836256784, 0.32992003852328083, 0.5220352406692432]]	[[-0.13789592948466714, 0.005399555776486993, 0.057182697434537216], [-0.007893898316603157, 0.09815874381463144, -0.003646655740280131], [0.021581351815222978, -0.036878788447515486, -0.1260929440324374]]	0.48329721316120283	[[0.671662126659543, -0.11523900227006639, -0.39345056446480453], [-0.14644660940672619, 0.8535533905932737, -0.5], [0.39345056446480453, 0.39345056446480464, 0.5564231243894765]]
5	[[0.04673222253661188, -0.9725397674033924, -0.22799671093185395], [-0.8377629715199755, -0.16246744520517667, 0.5213036857710898], [-0.5440306084466285, 0.16664552219444034, -0.8223502702654952]]	0.6186890055327746	0.38131099446722533	[[0.02891271228751277, -0.601699661535881, -0.14105905835117222], [-0.5183147397218758, -0.10051682210544136, 0.32252485893028565], [-0.3365857561192349, 0.10310175240296823, -0.5087790709101678]]	0.7554614607845828	0.4008329405659903	[[-0.009148906316473101, -0.7969030202994052, -0.12395316459721135], [-0.6869904922806072, -0.14557957413932474, 0.27122182231159053], [-0.2690194713889469, 0.026090463902143844, -0.5799134456169203]]	[[-0.04445329941969222, -0.06218670694573967, 0.04828956369744729], [-0.054092854024893576, -0.022841680654682756, -0.12260302165342413], [0.14197468677966854, -0.09980380572807768, 0.041340490834447186]]	0.6483466615694744	[[1.729308389574175e-16, -0.8660682167680002, 0.0], [-1.0, -1.7938038903913487e-16, 0.0], [0.0, 0.0, -0.8660682167680002]]
5	[[-0.5446221603179724, 0.8109226453022452, -0.2139887049042392], [-0.8354447797583356, -0.5021691245819775, 0.22328947644507607], [0.07361197229480154, 0.30038414347728, 0.9509735242804028]]	0.701721049536762	0.29827895046323827	[[-0.38217283393930623, 0.5690414897546188, -0.15016037859441517], [-0.5862491876820283, -0.35238264514662215, 0.15668692576155285], [0.05165507045717918, 0.21078587642507818, 0.6673181395397173]]	0.8079723053232492	0.2859004159405545	[[-0.48248554843146396, 0.6205881037572873, -0.11347987526890563], [-0.7352383579613806, -0.4065391532274747, 0.09636761113612562], [0.07523734734712002, 0.11779748175651791, 0.7469912253836597]]	[[-0.04244592602922374, -0.034614935406395236, 0.059417071945709], [-0.0602221132897641, -0.0008004079768164779, -0.08404410190162387], [0.015760912392698098, -0.12490458713136965, -0.021369045330552165]]	0.40966411962048904	[[-0.6424703200239128, 0.6424703200239127, 0.0], [-0.7071067811865475, -0.7071067811865476, 0.0], [0.0, 0.0, 0.9085902400000001]]
5	[[-0.8305561570912853, 0.32773595720904825, 0.4502950280316503], [-0.5100865793185324, -0.772219296347621, -0.37879947194723407], [0.22358030216652452, -0.5443036842615101, 0.808545204538665]]	0.651887278375383	0.348112721624617	[[-0.5414289927841549, 0.2136469011707574, 0.2935416002895193], [-0.332518951927767, -0.503399935405004, -0.2469345568177147], [0.14574915467768143, -0.3548246473429295, 0.5270803328301776]]	0.7660164742843404	0.38955977418983984	[[-0.601248744687832, 0.23856791462030028, 0.19689839274626025], [-0.5686495224772175, -0.6241429230807815, -0.3033854791657128], [0.17625478488215818, -0.2672552892407343, 0.5808151826975475]]	[[0.0349709544623851, -0.012483227817178342, -0.1480350170143127], [-0.1779147994078757, -0.03261022031824243, -0.01321884320392257], [0.004988590097129627, 0.14969029991724458, -0.038543764182671414]]	0.46310663613022246	[[-0.5564231243894765, 0.39345056446480464, 0.39345056446480453], [-0.7071067811865475, -0.5000000000000001, -0.5], [0.0, -0.5564231243894764, 0.5564231243894765]]
5	[[-0.42203838922340475, -0.825029846081567, 0.3757783270710803], [0.2588054115689476, 0.28760896992378115, 0.9221175843470338], [-0.8688517462515349, 0.4864224845687207, 0.09214016247897017]]	0.6528175867889292	0.34718241321107085	[[-0.2755140827851099, -0.5385939931478103, 0.2453147006461235], [0.16895272422835603, 0.18775619368449262, 0.6019745761490675], [-0.5672017002652742, 0.31754515253602744, 0.06015071851586113]]	0.8103655577894932	0.3135130906550851	[[-0.2596436884203811, -0.5658925358028767, 0.3098668821645692], [0.2654141238318864, 0.23625275608393026, 0.8278402970264951], [-0.6593383876432795, 0.34311786012484347, 0.0240737654238337]]	[[0.08236168627122246, 0.10268323560999212, 0.005349068542410645], [0.05568713212687692, 0.0031843527463837774, 0.08058796643961104], [0.04474914234422086, -0.051062167904039106, -0.05059344873825148]]	0.5256640721502083	[[-0.4127681121116288, -0.4127681121116289, 0.5837422622634039], [0.5, 0.5000000000000001, 0.7071067811865475], [-0.5837422622634039, 0.5837422622634038, 0.0]]
5	[[-0.3195682178843842, -0.5708200961323295, -0.7563336379995778], [0.910087742671785, 0.03735879733279218, -0.41272826520656647], [0.2638493031197415, -0.8202248094963509, 0.507557688474819]]	0.6559873534584039	0.3440126465415961	[[-0.20963270949939575, -0.37445076416271866, -0.49614530152290964], [0.5970060497301972, 0.024506898590727216, -0.27074452239033386], [0.17308180606536336, -0.5380571020224346, 0.3329514247900615]]	0.7348218920281814	0.2952503515489487	[[-0.2851901494782294, -0.43404940766644173, -0.5302811646125779], [0.757983262783361, 0.01529426016694968, -0.34499320171066916], [0.19019166290518122, -0.56693634629385, 0.37674468338866896]]	[[-0.050364426980352164, -0.014598304618775, 0.025489350266829552], [0.08923086580162314, -0.012157801973030112, -0.04171143697807094], [-0.003690581223584353, 0.03578280010871321, 0.0037801824301521847]]	0.5430507447378142	[[1.5712327247172131e-16, -0.5564231243894765, -0.5564231243894764], [1.0, 1.2684108950145333e-16, 1.268410895014533e-16], [0.0, -0.5564231243894764, 0.5564231243894765]]
