5	[[-0.5446221603179724, 0.8109226453022452, -0.2139887049042392], [-0.8354447797583356, -0.5021691245819775, 0.22328947644507607], [0.07361197229480154, 0.30038414347728, 0.9509735242804028]]	0.8597153651394603	0.1402846348605398	[[-0.4682200394208074, 0.6971626581058767, -0.18396937757246826], [-0.7182447138837936, -0.43172251230175773, 0.19196539377377753], [0.06328534364006115, 0.2582448635916738, 0.817566550664686]]	0.8725316425687974	0.13099904476289928	[[-0.4755270666569536, 0.7072286691664561, -0.17368885081118768], [-0.737955739704036, -0.4478251678477433, 0.19482713365094903], [0.0734374729341297, 0.2528859722748347, 0.8302169369433807]]	[[-0.0003269985353462393, -0.00032699853534623924, 0.01302306537007778], [-0.009003733745968205, -0.009666716728895363, 0.0], [0.009208697835017694, -0.009208697835017692, 0.00046244576356278946]]	0.383966949719721	[[-0.6975228255799727, 0.6975228255799726, 0.0], [-0.7071067811865475, -0.7071067811865476, 0.0], [0.0, 0.0, 0.9864462400000001]]
5	[[-0.8305561570912853, 0.32773595720904825, 0.4502950280316503], [-0.5100865793185324, -0.772219296347621, -0.37879947194723407], [0.22358030216652452, -0.5443036842615101, 0.808545204538665]]	0.8058740593517641	0.19412594064823582	[[-0.6693236618347556, 0.2641139062315918, 0.3628810821457825], [-0.41106554229628134, -0.6223114990574202, -0.30526466813842235], [0.18017756569803117, -0.4386402195559441, 0.6515856061509763]]	0.8477502248970322	0.21278094826853214	[[-0.7037139310852772, 0.3382580929559091, 0.40992958468117513], [-0.4948657193290054, -0.6391620746379455, -0.3759150914574777], [0.07191683036798185, -0.5038374154812284, 0.6932662662262438]]	[[0.0003902378784747824, 0.06041986152509432, 0.02819187339732821], [-0.06243970699476175, 0.015487007510578146, -0.05478775392333298], [-0.11762342107623572, -0.04240384473624997, 0.007821887239173585]]	0.3754627778752846	[[-0.6833899009810088, 0.48322963317807455, 0.48322963317807444], [-0.7071067811865475, -0.5000000000000001, -0.5], [0.0, -0.6833899009810087, 0.6833899009810088]]
5	[[0.8787972042104137, -0.3840163418041313, 0.28327887866788265], [-0.395223040501579, -0.9183905790867732, -0.018907472103605397], [0.2674214316928388, -0.09534250611366366, -0.9588511794847616]]	0.7890873063089888	0.21091269369101118	[[0.6934477186622657, -0.30302242073285396, 0.22353176730227042], [-0.31186548442063944, -0.7246903481911343, -0.014919646231346333], [0.21101885718379543, -0.07523356132597915, -0.7566172943708274]]	0.8594161216493467	0.2338748416358932	[[0.7025182297070278, -0.3185413084246298, 0.15506603362304286], [-0.3589329804295233, -0.8407718576024251, -0.025477760458176516], [0.14035035929920825, -0.060659221539655986, -0.8240521619116954]]	[[-0.05273425525177491, 0.011488526698646528, -0.08838840162688472], [-0.019271927775193525, -0.0514921879643728, -0.009228374112702754], [-0.08947593037216696, 0.021279665292877968, 0.0]]	0.4707263823509506	[[0.6975228255799727, -0.6975228255799726, 0.0], [-0.7071067811865475, -0.7071067811865476, 0.0], [0.0, 0.0, -0.9864462400000001]]
5	[[-0.30792515101507295, 0.09349718223056193, 0.9468053539599837], [0.3027085282091916, -0.9338174967034747, 0.1906631317268273], [0.9019698710720718, 0.34531602882779927, 0.2592434992682147]]	0.7889804296588293	0.21101957034117066	[[-0.24294691795063217, 0.07376744700815863, 0.747010894970628], [0.2388311046478798, -0.73676372977204, 0.15042947958993017], [0.7116365764177622, 0.2724475887926378, 0.20453804743889442]]	0.8611487510096557	0.24731846976260016	[[-0.26526343098642974, 0.08301552849586596, 0.7585288183184573], [0.24310346996753082, -0.8496681895982526, 0.11982962556046838], [0.6938184682043887, 0.27362629115771947, 0.18224790249056377]]	[[-9.407178534000492e-05, 0.0025005467950953673, -0.05681142969343758], [-0.017573601019785685, -0.045512418641092116, -0.04435969218967842], [-0.08291175971766611, -0.02374217577095412, -0.04099931311163192]]	0.4672738826791727	[[0.0, 0.0, 0.9932000000000001], [0.0, -1.0, 0.0], [0.9932000000000001, 0.0, 0.0]]
5	[[0.08740825448676931, -0.06334395238859675, -0.994156597696443], [0.7119981850616444, -0.6940087028176986, 0.10681996481098455], [-0.6967197295301035, -0.717174639895393, -0.015561310176609944]]	0.9280287238714123	0.0719712761285879	[[0.0811173708671842, -0.05878500730016093, -0.9226058786885751], [0.6607547670815195, -0.6440600108315627, 0.09913199562752717], [-0.6465759214918577, -0.6655586658550612, -0.014441342824966548]]	0.9624040565994962	0.060631449773402894	[[0.06489623438748368, -0.059016294042656514, -0.9385584954880087], [0.6813821751075498, -0.6727693086861756, 0.0903995343546828], [-0.6793416242924649, -0.6955484267261063, -0.0038115008554147566]]	[[-0.01922582431086423, 0.001946182697174355, 0.01822184703020149], [-0.0038477664872556125, -0.004852517779068389, -0.012404433105224186], [-0.008815730279789623, -0.005336644000497219, 0.011164767184557675]]	0.11882202485819233	[[0.0, 0.0, -0.9797384055680003], [0.7071067811865475, -0.7071067811865476, 0.0], [-0.6927796703660289, -0.6927796703660288, 0.0]]
5	[[0.034229894132735264, 0.2773841392786001, 0.9601491309293217], [-0.1827544195208179, -0.9427759796974285, 0.2788803941677556], [0.9825625356654255, -0.18501754344446375, 0.018422055382213542]]	0.8679199826530445	0.13208001734695565	[[0.029708809121899146, 0.24074723735091227, 0.8333326170605126], [-0.1586162126202755, -0.8182541119446992, 0.2420458668683527], [0.8527856589102674, -0.16058042309682788, 0.0159888699877642]]	0.9329167203223099	0.12263648642632119	[[0.01177467307921721, 0.243548308392892, 0.8862858585272662], [-0.1633280907602807, -0.8279843284774311, 0.25195447637022045], [0.9204645014723539, -0.1659109943332747, 0.0]]	[[-0.02015896749207404, -0.015227993092326465, -0.009453319719632647], [0.007166562923488247, 0.05154714650054633, -0.008217706318955229], [0.0038154831877924796, 0.006694965499024909, -0.017186243488770608]]	0.34123591434624984	[[0.0, 0.0, 0.9932000000000001], [0.0, -1.0, 0.0], [0.9932000000000001, 0.0, 0.0]]
5	[[0.3802729664721569, 0.7767473726770865, -0.5020517802076895], [0.4287143634067757, 0.332951791095048, 0.839849450446521], [0.8195098935212374, -0.5346088512602871, -0.20639019011321075]]	0.8216234216935466	0.17837657830645345	[[0.3124411758904089, 0.6381938341304202, -0.4124975015215782], [0.3522417621914457, 0.27356098985850835, 0.6900399791833156], [0.6733285228266332, -0.43924715364013345, -0.16957501420479779]]	0.8797713336695455	0.20511269895752957	[[0.3431353589860503, 0.6504386245484841, -0.44169076424448844], [0.403972628130122, 0.3020091671513334, 0.7211236648649633], [0.6983530774817667, -0.45380555340745693, -0.08919875651190798]]	[[0.008582104114366513, -0.032921447435951774, 1.2180572043151072e-18], [0.026802020872452762, 0.009087725851979157, -0.017751806236007528], [-0.022628234496799626, 0.016527988657349533, 0.09237741630030251]]	0.36840495455223476	[[0.48653809220506883, 0.48653809220506894, -0.68806876860754], [0.5, 0.5000000000000001, 0.7071067811865475], [0.68806876860754, -0.6880687686075398, 0.0]]
5	[[0.8489524140446696, -0.5135124485683378, 0.12483895166604869], [0.522794976890395, 0.7815435453534784, -0.34040431673891397], [0.0772347773085365, 0.35425224329800037, 0.9319550081910795]]	0.8728622244749052	0.127137775525095	[[0.7410184925963712, -0.4482256181529147, 0.10896720505234242], [0.4563279864728569, 0.6821798375212409, -0.2971260691295885], [0.0674153195283531, 0.309213401110318, 0.8134683215601939]]	0.9194311028181392	0.13725182008568962	[[0.7747657918961773, -0.48450461112961146, 0.06156955705430106], [0.50575385583106, 0.6706292854861752, -0.28941739019673307], [0.024123876375538856, 0.29840872247973566, 0.8582738959767205]]	[[-0.005787462389034725, -0.012365294231581687, -0.05321125795067448], [0.025079893680940546, -0.047946158318571866, 0.023560926146581847], [-0.046888180101162254, -0.02730180825154468, 0.0014054750187082801]]	0.4290909649839917	[[0.7022984550744791, -0.702298455074479, 0.0], [0.7071067811865475, 0.7071067811865476, 0.0], [0.0, 0.0, 0.9932000000000001]]
5	[[0.04673222253661188, -0.9725397674033924, -0.22799671093185395], [-0.8377629715199755, -0.16246744520517667, 0.5213036857710898], [-0.5440306084466285, 0.16664552219444034, -0.8223502702654952]]	0.727765647010781	0.2722343529892192	[[0.0340101061706092, -0.7077810330680441, -0.1659281738476507], [-0.6096951110099096, -0.11823822537793406, 0.37938691416430187], [-0.3959267877498295, 0.1212788862812863, -0.5984782765092587]]	0.8100595986189804	0.3215914143821332	[[-0.0306245517476151, -0.9004042686340116, -0.15450839219118812], [-0.6750668204052729, -0.14423096601296273, 0.28780664106181675], [-0.32660831433203286, 0.04162804065840904, -0.6346307276206062]]	[[-0.06848043717819567, -0.11258909501022302, 0.03018253195271718], [0.003571116042042629, -0.012622652561406288, -0.1344804133925073], [0.11408890198268269, -0.0933647641620697, 0.03152200223487088]]	0.6117512435222507	[[1.9562775905337541e-16, -0.9797384055680003, 0.0], [-1.0, -1.7938038903913487e-16, 0.0], [0.0, 0.0, -0.9797384055680003]]
5	[[0.5319609947059123, -0.8460851799387872, 0.03402011756955908], [-0.703274286200726, -0.4190807785627857, 0.5742617690636116], [-0.47161719485230363, -0.3294103357928521, -0.8179645788128509]]	0.8239853920903567	0.17601460790964327	[[0.4383280887995273, -0.6971618287337017, 0.028032079914513168], [-0.5794877384621709, -0.3453164396415889, 0.4731833089443819], [-0.3886056792169297, -0.2714293046968893, -0.6739908641891305]]	0.8904387525775466	0.15475351693389022	[[0.5378300713266991, -0.7359196726049912, 0.0], [-0.5886283730319325, -0.39350162371044856, 0.5817673340337267], [-0.3975739207992938, -0.3803032905611535, -0.7359196726049914]]	[[0.06415138678085569, 0.017467359594051463, -0.03029283105117967], [0.03759430509250626, -0.020335858017774606, 0.0704224007357491], [0.022372305879113107, -0.08698356207161553, -0.007572313394258043]]	0.29384137177382075	[[0.6833899009810088, -0.6833899009810087, 0.0], [-0.5, -0.5000000000000001, 0.7071067811865475], [-0.48322963317807444, -0.48322963317807455, -0.6833899009810088]]
5	[[0.22433838825039393, -0.7661379269479729, -0.6022499185961573], [-0.9416906372873723, -0.011392912655017143, -0.3362869982418849], [0.2507808429735371, 0.642575192824231, -0.724020780340167]]	0.7380386349648729	0.261961365035127	[[0.16557039783454044, -0.5654393897994996, -0.44448370782841373], [-0.6950040725027736, -0.008408409704182931, -0.24819279713887538], [0.18508595102352943, 0.47424531817428545, -0.534355308408459]]	0.78615215236937	0.3533442794213977	[[0.23381558572652156, -0.5976521463282239, -0.3729414747910463], [-0.8361727997196886, -0.016527853159540362, -0.15698113934471863], [0.15275460809791508, 0.3729414747910462, -0.5417471249324431]]	[[0.05745147894439892, 0.004648833953732067, 0.10051859497760066], [-0.09586067835013715, -0.007571290354042408, 0.10739160813697374], [-0.04439729137873617, -0.13222039610688585, 0.027443369892130063]]	0.6028191510634848	[[0.6833899009810088, -0.48322963317807455, -0.48322963317807444], [-0.7071067811865475, -0.5000000000000001, -0.5], [0.0, 0.6833899009810087, -0.6833899009810088]]
5	[[0.8592155572171323, 0.2624339665249735, -0.4391776855101157], [-0.4266000482917053, 0.8413623931712975, -0.33184593135155627], [0.2824199444684594, 0.4724804086637203, 0.8348660002631537]]	0.8496205011791951	0.15037949882080504	[[0.7300071523437811, 0.22296927816539217, -0.3731343652698234], [-0.3624481468326676, 0.7148387381595246, -0.28194310650918597], [0.23994977476229293, 0.40142904160622095, 0.7093192695610507]]	0.8785688365679708	0.1597198379448373	[[0.7657256538503667, 0.14975043828105292, -0.3753757663697473], [-0.360554211853147, 0.761409312135799, -0.3766158319335606], [0.30475903381284464, 0.40595844744612714, 0.7490225386770892]]	[[0.010845641385010145, -0.08081586636471082, 0.010472061835489306], [0.014243296254336648, 0.02221453323524854, -0.08506633810620907], [0.056633671777599204, -0.009148115494717026, 0.015535288135735181]]	0.42034387643535653	[[0.824924583668579, -0.14153468268757013, -0.48322963317807444], [-0.14644660940672619, 0.8535533905932737, -0.5], [0.48322963317807444, 0.48322963317807455, 0.6833899009810088]]
5	[[-0.42203838922340475, -0.825029846081567, 0.3757783270710803], [0.2588054115689476, 0.28760896992378115, 0.9221175843470338], [-0.8688517462515349, 0.4864224845687207, 0.09214016247897017]]	0.8293623180046297	0.1706376819953704	[[-0.3500227367732632, -0.6842486655692112, 0.31165638439557314], [0.21464345605096458, 0.238532041974911, 0.7647695772268855], [-0.7205928982735433, 0.40342047933148545, 0.07641757873488192]]	0.8767053399195724	0.201066147837467	[[-0.29674807819240584, -0.6767797123409677, 0.35054279231603835], [0.2554862447592386, 0.2322509657627515, 0.8297359128742012], [-0.786259348891796, 0.3974725210829361, 0.022192635704915833]]	[[0.07325523129080806, 0.04652835931176494, 0.021095926346778635], [0.028590158436659477, -0.019897353978195097, 0.021310502643419948], [-0.024532383354630066, -0.028976668595407137, -0.05858713676145433]]	0.4817148291080491	[[-0.48653809220506883, -0.48653809220506894, 0.68806876860754], [0.5, 0.5000000000000001, 0.7071067811865475], [-0.68806876860754, 0.6880687686075398, 0.0]]
5	[[-0.3195682178843842, -0.5708200961323295, -0.7563336379995778], [0.910087742671785, 0.03735879733279218, -0.41272826520656647], [0.2638493031197415, -0.8202248094963509, 0.507557688474819]]	0.8196927537221357	0.18030724627786435	[[-0.26194775251972624, -0.46789709647864336, -0.6199612024645548], [0.745992327919398, 0.030622735461463678, -0.3383103682461304], [0.21627536184188745, -0.672332332767278, 0.41604135933876624]]	0.8518775982608591	0.1802302031571753	[[-0.2734956842871601, -0.534957195270944, -0.6592421277335192], [0.8112661933716139, 0.00542760082072874, -0.275897677275854], [0.16886521721162776, -0.7001617176675355, 0.4792773897336343]]	[[-0.00126267835530805, -0.04868834273870255, -0.01493844471054082], [0.035982832937727034, -0.026397521725044514, 0.07569628602268663], [-0.055902093432818996, -0.0014305769198136586, 0.04690036509687232]]	0.47136016451498675	[[1.9297626735782817e-16, -0.6833899009810088, -0.6833899009810087], [1.0, 1.2684108950145333e-16, 1.268410895014533e-16], [0.0, -0.6833899009810087, 0.6833899009810088]]
