5	[[-0.30792515101507295, 0.09349718223056193, 0.9468053539599837], [0.3027085282091916, -0.9338174967034747, 0.1906631317268273], [0.9019698710720718, 0.34531602882779927, 0.2592434992682147]]	0.7276346380529433	0.27236536194705696	[[-0.2240570058062505, 0.068031788351305, 0.6889283710352614], [0.22026121035903426, -0.6794779562213382, 0.13873309884409063], [0.6563045206721867, 0.25126390364999546, 0.18863454975760585]]	0.8388890500887778	0.27284821107239104	[[-0.24539171470498233, 0.07544296306656702, 0.7338535888890139], [0.2452273208396607, -0.8494279325244494, 0.11828580657437023], [0.6713703129995714, 0.2575404336281438, 0.16994875163841536]]	[[0.012923322728495631, -0.0029907993208064527, -0.060411055113445716], [-0.008711548843520016, -0.06605865975859133, -0.04165940688689943], [-0.08528233535277646, -0.03214140177563776, -0.04752778120438806]]	0.4719717880712349	[[0.0, 0.0, 0.9662], [0.0, -1.0, 0.0], [0.9662, 0.0, 0.0]]
5	[[0.034229894132735264, 0.2773841392786001, 0.9601491309293217], [-0.1827544195208179, -0.9427759796974285, 0.2788803941677556], [0.9825625356654255, -0.18501754344446375, 0.018422055382213542]]	0.8610583483783217	0.13894165162167835	[[0.029473936107097837, 0.23884392883357386, 0.8267444248748828], [-0.15736221863143432, -0.8117851279690219, 0.240132291597183], [0.8460436741384872, -0.15931090037930432, 0.015862464581142766]]	0.9118787735689964	0.1340850364246971	[[0.009066522762675893, 0.23284077973268386, 0.8486638272909042], [-0.1653677763108458, -0.826325447654384, 0.2539196834010164], [0.8812956177587623, -0.15781614531252836, 0.0]]	[[-0.02214699111847933, -0.020099929000177694, -0.02687578466426336], [0.0012820996261114631, 0.033371956462416065, -0.00038542840511484374], [-0.014682302218669107, 0.010897425292357758, -0.016798681268553016]]	0.3528407475150171	[[0.0, 0.0, 0.9662], [0.0, -1.0, 0.0], [0.9662, 0.0, 0.0]]
5	[[0.8592155572171323, 0.2624339665249735, -0.4391776855101157], [-0.4266000482917053, 0.8413623931712975, -0.33184593135155627], [0.2824199444684594, 0.4724804086637203, 0.8348660002631537]]	0.7346816296768188	0.2653183703231813	[[0.6312498858199587, 0.19280541420911929, -0.32265577770826526], [-0.3134152186991596, 0.6181334941638771, -0.24380110964698298], [0.20748874505532441, 0.34712267662743135, 0.6133607136351011]]	0.8058285204885886	0.2509974541633222	[[0.702347593037168, 0.1632443251530847, -0.2974766265467284], [-0.3446760054567963, 0.7464215685139157, -0.39971745971405187], [0.2260883688094482, 0.3813733932253826, 0.6737247451274649]]	[[0.009967191784108017, -0.04823244981768647, 0.05642527799949069], [-0.0009095197015310436, 0.06842775602995119, -0.1323065438228696], [-0.0014936771980397431, 0.0006352045520532179, 0.0009659113291822594]]	0.45969617179373434	[[0.7187301403070037, -0.12331459670404679, -0.4210223685055251], [-0.14644660940672619, 0.8535533905932737, -0.5], [0.4210223685055251, 0.4210223685055252, 0.5954155436029568]]
5	[[0.3802729664721569, 0.7767473726770865, -0.5020517802076895], [0.4287143634067757, 0.332951791095048, 0.839849450446521], [0.8195098935212374, -0.5346088512602871, -0.20639019011321075]]	0.7136792444211499	0.2863207555788502	[[0.27139292338563825, 0.5543484780382967, -0.35830393515891706], [0.30596454294864195, 0.23762078269738252, 0.5993831212221913], [0.5848672016038937, -0.3815392410283006, -0.14729639493593374]]	0.8320061949592943	0.2680847549267868	[[0.34687150009865997, 0.5639034868172889, -0.4241061584232464], [0.40587233134319767, 0.29377754474286005, 0.7158143120099638], [0.6308201711644725, -0.42410615842324634, -0.07676219539438169]]	[[0.03048203621827738, -0.08235513916840272, -0.006395967100106774], [0.049179325120730026, 0.016759591928987377, 0.017054366405299375], [-0.05101713707562862, 0.02069171770538443, 0.09495572135863611]]	0.39035831959857265	[[0.4357507436405766, 0.4357507436405767, -0.6162446114706653], [0.5, 0.5000000000000001, 0.7071067811865475], [0.6162446114706653, -0.6162446114706652, 0.0]]
5	[[0.04673222253661188, -0.9725397674033924, -0.22799671093185395], [-0.8377629715199755, -0.16246744520517667, 0.5213036857710898], [-0.5440306084466285, 0.16664552219444034, -0.8223502702654952]]	0.6530765185235082	0.34692348147649166	[[0.03051971719707637, -0.63514288542147, -0.14889929821018588], [-0.5471233247881746, -0.10610367348800566, 0.34045119619685615], [-0.35529361573455, 0.10883227746227711, -0.5370576515118556]]	0.7738624015133945	0.3731645674138074	[[-0.013748944911715074, -0.8177145493454249, -0.13622378763636211], [-0.6868074907530541, -0.15849432724157894, 0.27996453400302523], [-0.28340901285875225, 0.0482364845727262, -0.593312349743012]]	[[-0.049913254871956025, -0.06510258937535762, 0.0402142946225176], [-0.03849422571360838, -0.03276687992735504, -0.12345278818557429], [0.13759582029054887, -0.08072421943411708, 0.04307360528983312]]	0.6359309448281696	[[1.8010320729603212e-16, -0.9019887055279998, 0.0], [-1.0, -1.7938038903913487e-16, 0.0], [0.0, 0.0, -0.9019887055279998]]
5	[[0.08740825448676931, -0.06334395238859675, -0.994156597696443], [0.7119981850616444, -0.6940087028176986, 0.10681996481098455], [-0.6967197295301035, -0.717174639895393, -0.015561310176609944]]	0.8078335667611718	0.19216643323882823	[[0.07061132198641505, -0.051171370990829974, -0.803113070236269], [0.5751760333658291, -0.5606435257605155, 0.08629275317456052], [-0.5628335841391825, -0.5793577473373543, -0.012570948703447733]]	0.9212985590008	0.1334771576898625	[[0.05558842046360461, -0.055588420463604626, -0.8651570789131988], [0.6843317249191212, -0.671885508742332, 0.09020512216884637], [-0.6271140013058456, -0.6379608972149402, 0.0]]	[[-0.024940678439831172, 0.002770271593424844, 0.050757961965672234], [0.028368823010643366, -0.03249629090237191, -0.008207957484029853], [0.014772881537665952, 0.02277106507260302, 0.014336612641875227]]	0.16557993033595284	[[0.0, 0.0, -0.9019887055279998], [0.7071067811865475, -0.7071067811865476, 0.0], [-0.6378023302325246, -0.6378023302325245, 0.0]]
5	[[0.8787972042104137, -0.3840163418041313, 0.28327887866788265], [-0.395223040501579, -0.9183905790867732, -0.018907472103605397], [0.2674214316928388, -0.09534250611366366, -0.9588511794847616]]	0.7107007598272403	0.28929924017275965	[[0.6245618407663956, -0.2729207059062733, 0.20132651431227286], [-0.28088531518570437, -0.652700882375149, -0.013437554790444717], [0.190056614698189, -0.06775999153881404, -0.6814562618210657]]	0.8360270044073417	0.26082598380522093	[[0.6846702150482816, -0.3074707727861495, 0.1363849013903517], [-0.3582085257493571, -0.8404812744238099, -0.026903744989152933], [0.12522926512417368, -0.05204787611301971, -0.8016254792570917]]	[[-0.050027979069297596, 0.013577259095824235, -0.10044389095422905], [-0.02779139112606054, -0.07268194971397102, -0.011096587725460329], [-0.09834227332831287, 0.027661033665875183, 0.0]]	0.4825450507500218	[[0.6601141898494356, -0.6601141898494355, 0.0], [-0.7071067811865475, -0.7071067811865476, 0.0], [0.0, 0.0, -0.9335424399999999]]
5	[[-0.8305561570912853, 0.32773595720904825, 0.4502950280316503], [-0.5100865793185324, -0.772219296347621, -0.37879947194723407], [0.22358030216652452, -0.5443036842615101, 0.808545204538665]]	0.7077304077319087	0.2922695922680913	[[-0.5878098477024626, 0.2319487026239671, 0.31868748378849115], [-0.3610037827596795, -0.5465230774625494, -0.26808790472984767], [0.15823457841313776, -0.38522026839237866, 0.572232027277829]]	0.7830848106403784	0.36896939543384905	[[-0.6249286547064546, 0.24838224599815664, 0.1984683404212364], [-0.5646637782128292, -0.6273793230062412, -0.30478220415273094], [0.1798947835071057, -0.27939200707381484, 0.6043905719276264]]	[[0.025467256295574746, -0.008262803992934019, -0.1541508563372324], [-0.1652227258369779, -0.022666121553018323, -0.008150091392255879], [0.004812444922114276, 0.14684394044697008, -0.02876889646272031]]	0.4336506157773685	[[-0.5954155436029568, 0.4210223685055252, 0.4210223685055251], [-0.7071067811865475, -0.5000000000000001, -0.5], [0.0, -0.5954155436029568, 0.5954155436029568]]
5	[[-0.5446221603179724, 0.8109226453022452, -0.2139887049042392], [-0.8354447797583356, -0.5021691245819775, 0.22328947644507607], [0.07361197229480154, 0.30038414347728, 0.9509735242804028]]	0.7493355034154563	0.2506644965845437	[[-0.4081047206730812, 0.6076531286485515, -0.16034933391463962], [-0.6260284346160274, -0.3762931537683351, 0.1673187322393448], [0.05516006431692975, 0.2250885033705682, 0.7125982245514264]]	0.831539591563834	0.1987180937816201	[[-0.47002971830822926, 0.657159455703683, -0.1151544694847691], [-0.7586915821632817, -0.45663286114978335, 0.20604686443976855], [0.04674498111041267, 0.19086085252091403, 0.8079269655289555]]	[[-0.017154829560809666, -0.017154829560809666, 0.06278561079057579], [-0.06398617122889814, -0.03905935239891787, 0.0203728243961277], [-0.014466288265814843, -0.05892045545843544, 0.017154829560809666]]	0.4005653377557784	[[-0.6601141898494356, 0.6601141898494355, 0.0], [-0.7071067811865475, -0.7071067811865476, 0.0], [0.0, 0.0, 0.9335424399999999]]
5	[[0.8489524140446696, -0.5135124485683378, 0.12483895166604869], [0.522794976890395, 0.7815435453534784, -0.34040431673891397], [0.0772347773085365, 0.35425224329800037, 0.9319550081910795]]	0.7868951790178152	0.21310482098218486	[[0.6680365618272867, -0.40408047014405885, 0.09823516921965177], [0.41138484692978183, 0.6149928480311435, -0.26786251575870484], [0.06077567391660193, 0.27875938240744264, 0.733350903007069]]	0.8926324589399941	0.18093354712365267	[[0.7283570975279648, -0.46230697942637533, 0.06251067252455664], [0.5080280558093314, 0.6665869490783106, -0.2969022535980024], [0.022742677810948485, 0.2809630092474444, 0.8102953386267522]]	[[-0.029445383343772447, -0.0039290997645227916, -0.048924627872599484], [0.04136429006618071, -0.03104418757924531, 0.00695368868644304], [-0.04619959137365332, -0.03525404177265871, -0.0215979519562935]]	0.4378674490162013	[[0.6832065719824423, -0.6832065719824422, 0.0], [0.7071067811865475, 0.7071067811865476, 0.0], [0.0, 0.0, 0.9662]]
5	[[0.22433838825039393, -0.7661379269479729, -0.6022499185961573], [-0.9416906372873723, -0.011392912655017143, -0.3362869982418849], [0.2507808429735371, 0.642575192824231, -0.724020780340167]]	0.6656944073400883	0.33430559265991167	[[0.1493408104099766, -0.5100137332203947, -0.40091440263048533], [-0.6268781906867276, -0.007584198237759035, -0.22386437399080888], [0.1669434046355165, 0.4277587121585694, -0.4819765842704558]]	0.754084600279404	0.40345919144083353	[[0.1874831205375425, -0.5127712150908996, -0.3870372133753065], [-0.8426969804833769, 0.03283125297681601, -0.17090216976932224], [0.1489414951335406, 0.3870372133753065, -0.441487771200039]]	[[0.018312996706418345, 0.06496159731055379, 0.06711017575758038], [-0.13258257267767165, 0.041422472962292796, 0.08268667687907018], [-0.04016847659789119, -0.09751884405501478, 0.10448514953675814]]	0.646577666792116	[[0.5954155436029568, -0.4210223685055252, -0.4210223685055251], [-0.7071067811865475, -0.5000000000000001, -0.5], [0.0, 0.5954155436029568, -0.5954155436029568]]
5	[[-0.42203838922340475, -0.825029846081567, 0.3757783270710803], [0.2588054115689476, 0.28760896992378115, 0.9221175843470338], [-0.8688517462515349, 0.4864224845687207, 0.09214016247897017]]	0.7010080181185321	0.298991981881468	[[-0.2958522947994366, -0.578352537290277, 0.2634236203119955], [0.181424668642299, 0.20161619399938235, 0.6464118202753625], [-0.6090720406786142, 0.34098606187581115, 0.0645909926885024]]	0.8321902752052747	0.2768005426511814	[[-0.2698462307813525, -0.6016552564998008, 0.3220490773341549], [0.2612997106502773, 0.23434952333114403, 0.8297839105205704], [-0.6996707838095184, 0.3581330709951185, 0.02348712833113042]]	[[0.08137001249366357, 0.08492655816338383, 0.009330007912694817], [0.04592436397210045, -0.0049958645012329935, 0.06240662423118942], [0.023379190016129973, -0.046662990304158616, -0.053191018839702495]]	0.509320473182401	[[-0.4357507436405766, -0.4357507436405767, 0.6162446114706653], [0.5, 0.5000000000000001, 0.7071067811865475], [-0.6162446114706653, 0.6162446114706652, 0.0]]
5	[[-0.3195682178843842, -0.5708200961323295, -0.7563336379995778], [0.910087742671785, 0.03735879733279218, -0.41272826520656647], [0.2638493031197415, -0.8202248094963509, 0.507557688474819]]	0.7145610700939377	0.28543892990606246	[[-0.2283510077394782, -0.4078858187234419, -0.540446573717019], [0.6503132712829268, 0.02669514219954256, -0.29491955084401855], [0.18853644038078216, -0.5861007175913087, 0.362680965010972]]	0.7751265631560827	0.25039354771216943	[[-0.28974217220419535, -0.461424433987333, -0.5662035662519233], [0.7712206833971376, 0.005474633125854632, -0.32179623941756486], [0.18649000454616463, -0.6031797021687989, 0.4166896976226343]]	[[-0.042036357781558495, -0.01896661469185571, 0.02005072717002636], [0.06578749924947935, -0.023483163054357263, -0.0018795976906268424], [-0.018026598972168035, 0.032598335431460235, 0.0232682509517021]]	0.5183007934516887	[[1.6813398759096363e-16, -0.5954155436029568, -0.5954155436029568], [1.0, 1.2684108950145333e-16, 1.268410895014533e-16], [0.0, -0.5954155436029568, 0.5954155436029568]]
5	[[0.5319609947059123, -0.8460851799387872, 0.03402011756955908], [-0.703274286200726, -0.4190807785627857, 0.5742617690636116], [-0.47161719485230363, -0.3294103357928521, -0.8179645788128509]]	0.7303419232694311	0.2696580767305689	[[0.3885134159778356, -0.6179314775662565, 0.02484631809560394], [-0.5136306947697745, -0.30607226182079555, 0.41940744487802395], [-0.3444418091353655, -0.24058217818778074, -0.5973938236564478]]	0.8049477981569816	0.23958471756084976	[[0.4625994723962753, -0.6621834102935469, 0.004811331737555204], [-0.6049894472896952, -0.38371845279266276, 0.5517094964008527], [-0.33212463195472064, -0.32532038135839403, -0.6584187866858072]]	[[0.034398641002353306, 0.01887099235143347, -0.022573086993103016], [-0.03889035911199804, -0.04638030283863478, 0.08945874982736542], [0.0475025906146134, -0.060162256871785766, 9.18731202684733e-18]]	0.3522324403650998	[[0.5954155436029568, -0.5954155436029568, 0.0], [-0.5, -0.5000000000000001, 0.7071067811865475], [-0.4210223685055251, -0.4210223685055252, -0.5954155436029568]]
