5	[[0.04673222253661188, -0.9725397674033924, -0.22799671093185395], [-0.8377629715199755, -0.16246744520517667, 0.5213036857710898], [-0.5440306084466285, 0.16664552219444034, -0.8223502702654952]]	0.6763979680659616	0.3236020319340384	[[0.03160958036697067, -0.6578239225349974, -0.15421651200002842], [-0.5666611716570136, -0.1098926498136495, 0.3526087538008616], [-0.36798119811898833, 0.11271869259961056, -0.5562360518460754]]	0.7860329857146062	0.360224231089713	[[-0.028985148181026828, -0.8453003321447807, -0.1495656797027823], [-0.6860684935333453, -0.1472994472616037, 0.2708344445596026], [-0.29178348471849735, 0.037073909739681186, -0.6153636866296891]]	[[-0.0657182165905594, -0.08085199504650367, 0.029647255724092866], [-0.027559163708358363, -0.019594676225554462, -0.138927448031076], [0.13584251875893993, -0.09391496762678445, 0.031030751610311602]]	0.627968532188742	[[1.8495535457510233e-16, -0.9262891169920003, 0.0], [-1.0, -1.7938038903913487e-16, 0.0], [0.0, 0.0, -0.9262891169920003]]
5	[[0.08740825448676931, -0.06334395238859675, -0.994156597696443], [0.7119981850616444, -0.6940087028176986, 0.10681996481098455], [-0.6967197295301035, -0.717174639895393, -0.015561310176609944]]	0.8505473177805275	0.14945268221947264	[[0.0743448564055994, -0.053877028801738405, -0.8455772276245247], [0.6055881465687855, -0.5902872406979367, 0.09085543455539324], [-0.5925930971966041, -0.609990966343242, -0.013235630631866412]]	0.9338755581136305	0.11146229014255639	[[0.06008608143063633, -0.057186064051350724, -0.8865921120029228], [0.6819465634905776, -0.6728001721096022, 0.09183702164144665], [-0.6433127440659558, -0.6556726912603483, -0.002050621954451704]]	[[-0.021542351011933615, 0.001969304838673307, 0.04182643552319123], [0.017028861040242763, -0.024682407430007297, -0.007919532614089921], [0.007336782197747228, 0.014079175836903789, 0.012481705271709225]]	0.14955719902409842	[[0.0, 0.0, -0.9262891169920003], [0.7071067811865475, -0.7071067811865476, 0.0], [-0.6549853159643427, -0.6549853159643426, 0.0]]
5	[[0.8592155572171323, 0.2624339665249735, -0.4391776855101157], [-0.4266000482917053, 0.8413623931712975, -0.33184593135155627], [0.2824199444684594, 0.4724804086637203, 0.8348660002631537]]	0.7707994938500354	0.22920050614996457	[[0.6622829166110419, 0.20228396856650682, -0.3385179377014272], [-0.32882310129964715, 0.6485217068008906, -0.25578667592197313], [0.21768915024944366, 0.3641876598520535, 0.6435142904354425]]	0.8222876105017306	0.21744950648835756	[[0.7250701637269606, 0.16644678351054107, -0.3231396940601741], [-0.3487332003427521, 0.7420326594120749, -0.39410337280504487], [0.2387748813553334, 0.3864914997131259, 0.6920527051010236]]	[[0.018547856276972124, -0.04934941573777061, 0.037990675543619436], [0.0020547340069571127, 0.05019078756523122, -0.1212305748592524], [0.0065444600603324354, -0.002023286535845859, 0.005552736655497787]]	0.44543485934490773	[[0.7512911870256241, -0.12890118911083415, -0.44009618806822903], [-0.14644660940672619, 0.8535533905932737, -0.5], [0.44009618806822903, 0.44009618806822914, 0.62238999791479]]
5	[[0.8787972042104137, -0.3840163418041313, 0.28327887866788265], [-0.395223040501579, -0.9183905790867732, -0.018907472103605397], [0.2674214316928388, -0.09534250611366366, -0.9588511794847616]]	0.7383957692459883	0.26160423075401174	[[0.6489001376141725, -0.28355604210949187, 0.2091719255251122], [-0.2918310210149019, -0.6781357181130465, -0.013961197408438788], [0.1974628537676972, -0.07040050314363903, -0.7080116542680738]]	0.8436131135840431	0.2523612220192869	[[0.690054263623475, -0.3116477149528126, 0.14227924227850122], [-0.35905665890894917, -0.8404938505177617, -0.026025250452980833], [0.1300431650116824, -0.05427060859299738, -0.8088994289888718]]	[[-0.051310582029424415, 0.012313506823724738, -0.09669853456710761], [-0.025641319151259778, -0.06572751460811666, -0.010074659041654844], [-0.09555706161781581, 0.0261615798464561, 0.0]]	0.47840554930560336	[[0.6719176405050704, -0.6719176405050703, 0.0], [-0.7071067811865475, -0.7071067811865476, 0.0], [0.0, 0.0, -0.9502350400000003]]
5	[[0.8489524140446696, -0.5135124485683378, 0.12483895166604869], [0.522794976890395, 0.7815435453534784, -0.34040431673891397], [0.0772347773085365, 0.35425224329800037, 0.9319550081910795]]	0.8156692195231189	0.18433078047688128	[[0.6924643529760833, -0.4188562981391419, 0.10182729027153031], [0.4264277707707954, 0.637481013661803, -0.2776573233567305], [0.06299803052729587, 0.28895265080519394, 0.7601670141618795]]	0.9014978965657865	0.16583890782844943	[[0.7426554912435892, -0.4681012786725299, 0.06595821615531945], [0.5083193603018884, 0.6667940295397403, -0.2961110126469596], [0.02191979316699672, 0.2900192282791895, 0.8239752905854698]]	[[-0.02267332430212725, -0.0051708864278266885, -0.04658383618110133], [0.03702078830003822, -0.03776583267098778, 0.010762762875085135], [-0.04770719611837588, -0.029338423907669043, -0.01618018899273872]]	0.4349907016460306	[[0.6892876903006466, -0.6892876903006465, 0.0], [0.7071067811865475, 0.7071067811865476, 0.0], [0.0, 0.0, 0.9748000000000001]]
5	[[-0.30792515101507295, 0.09349718223056193, 0.9468053539599837], [0.3027085282091916, -0.9338174967034747, 0.1906631317268273], [0.9019698710720718, 0.34531602882779927, 0.2592434992682147]]	0.7497011822841413	0.2502988177158588	[[-0.23085184977102294, 0.0700949480584881, 0.7098210932567546], [0.22694094148592336, -0.7000840813162125, 0.1429403752735994], [0.6762078787274067, 0.25888383507386575, 0.19435515790085847]]	0.8460816328709724	0.2655824615611768	[[-0.25314932874764196, 0.07769691986941961, 0.7401300946818362], [0.2440845783417937, -0.8497612245001107, 0.11862391106436561], [0.6770734442649997, 0.2621122584680945, 0.17545240887822236]]	[[0.007380485825231715, -0.0014093287410490898, -0.06094452520760581], [-0.012031547489407907, -0.05967539208575116, -0.042692662755361745], [-0.08606669705207928, -0.03005329105904968, -0.043888754293813476]]	0.47035493081848656	[[0.0, 0.0, 0.9748000000000001], [0.0, -1.0, 0.0], [0.9748000000000001, 0.0, 0.0]]
5	[[0.22433838825039393, -0.7661379269479729, -0.6022499185961573], [-0.9416906372873723, -0.011392912655017143, -0.3362869982418849], [0.2507808429735371, 0.642575192824231, -0.724020780340167]]	0.6897307300775932	0.3102692699224068	[[0.15473308031237482, -0.5284288716939591, -0.4153902760424987], [-0.6495129707634534, -0.007858041963255269, -0.23194747681297764], [0.172971253913612, 0.443203856876407, -0.4993793814153723]]	0.7609785595870933	0.3889153164322395	[[0.21677269384684456, -0.5646806216206283, -0.34806919987292], [-0.838557597351198, -0.012808914284947029, -0.1561367766327024], [0.14098317647376468, 0.34806919987291995, -0.5134876348903775]]	[[0.04605599029596963, 0.018333914473281792, 0.11023007569182788], [-0.12195121261160155, -0.004139152023230484, 0.09977041889727455], [-0.049855668184274615, -0.14091674478886201, 0.03747665564400607]]	0.6322394928077125	[[0.62238999791479, -0.44009618806822914, -0.44009618806822903], [-0.7071067811865475, -0.5000000000000001, -0.5], [0.0, 0.6223899979147899, -0.62238999791479]]
5	[[0.3802729664721569, 0.7767473726770865, -0.5020517802076895], [0.4287143634067757, 0.332951791095048, 0.839849450446521], [0.8195098935212374, -0.5346088512602871, -0.20639019011321075]]	0.7512468125102604	0.2487531874897397	[[0.285678853946029, 0.5835289878493806, -0.3771647995961284], [0.3220702989867057, 0.250128971779737, 0.6309342226364429], [0.6156541953284524, -0.40162319544906266, -0.15504997245593624]]	0.8464828933809634	0.24665305882950414	[[0.3461924513957816, 0.5904411641565234, -0.43025128581074007], [0.40355215512441167, 0.2927779157150234, 0.7177204283280779], [0.6536939993139782, -0.43025128581074007, -0.08014477340186642]]	[[0.024297890461868137, -0.06706219929323833, -0.005273042273471602], [0.04065278035386631, 0.010939920232513018, 0.0068022355096947155], [-0.04000710650820393, 0.02228596143114085, 0.09456099189061132]]	0.38128965555547994	[[0.4514733156219009, 0.451473315621901, -0.6384796860020414], [0.5, 0.5000000000000001, 0.7071067811865475], [0.6384796860020414, -0.6384796860020413, 0.0]]
5	[[0.034229894132735264, 0.2773841392786001, 0.9601491309293217], [-0.1827544195208179, -0.9427759796974285, 0.2788803941677556], [0.9825625356654255, -0.18501754344446375, 0.018422055382213542]]	0.8643437779411415	0.1356562220588586	[[0.029586396013213716, 0.239755254885017, 0.8298989272143534], [-0.15796264540406407, -0.8148825520438364, 0.2410485334886725], [0.8492718141404815, -0.1599187624861771, 0.01592298894650339]]	0.918754877586283	0.12722789424455946	[[0.009033411826319815, 0.23670865729415938, 0.860542939242693], [-0.16488612556460805, -0.8267440861278286, 0.25339065146693296], [0.893788386654022, -0.16018880895953028, 0.0]]	[[-0.022415470367392804, -0.018139373633127294, -0.021598758008852123], [0.0030203887705932703, 0.03943594369037061, -0.002832070937877657], [-0.008945735522133687, 0.00979696151910285, -0.016925353237573323]]	0.3490865922230038	[[0.0, 0.0, 0.9748000000000001], [0.0, -1.0, 0.0], [0.9748000000000001, 0.0, 0.0]]
5	[[-0.8305561570912853, 0.32773595720904825, 0.4502950280316503], [-0.5100865793185324, -0.772219296347621, -0.37879947194723407], [0.22358030216652452, -0.5443036842615101, 0.808545204538665]]	0.7436802575640968	0.25631974243590305	[[-0.6176682168270937, 0.24373076107024083, 0.33487552242640994], [-0.37934131868759535, -0.5742842452037644, -0.2817056888628629], [0.16627225670145956, -0.4047879041046867, 0.6012991059635299]]	0.7980250988391442	0.2528787625723106	[[-0.66856178821084, 0.3299504603020048, 0.35383076862663954], [-0.4954763863464842, -0.6234221210948087, -0.368261820014936], [0.0543861863771577, -0.47278113764267277, 0.6533739852772782]]	[[-0.0057571288566072975, 0.06840894065711257, -0.005515965625093363], [-0.08841449346929144, -0.007171740801503962, -0.065970333974029], [-0.12403650635776874, -0.038413136211370845, 0.008134618509393952]]	0.4145771043417911	[[-0.62238999791479, 0.44009618806822914, 0.44009618806822903], [-0.7071067811865475, -0.5000000000000001, -0.5], [0.0, -0.6223899979147899, 0.62238999791479]]
5	[[-0.42203838922340475, -0.825029846081567, 0.3757783270710803], [0.2588054115689476, 0.28760896992378115, 0.9221175843470338], [-0.8688517462515349, 0.4864224845687207, 0.09214016247897017]]	0.7367583642546632	0.2632416357453369	[[-0.31094031329690847, -0.6078476398603319, 0.27685782557524297], [0.19067705168779273, 0.21189831422601366, 0.6793778430939822], [-0.6401337913480887, 0.3583758340675398, 0.06788503539016498]]	0.8458690916374906	0.2532564402227591	[[-0.2768164671753953, -0.6261301640684067, 0.3262793400000038], [0.2555127024033154, 0.23100390764232548, 0.8305672501694701], [-0.7278277668966696, 0.3693474685023691, 0.0221301336652817]]	[[0.08017276175315577, 0.07173708241042694, 0.008420067823333217], [0.03659720400862282, -0.012275630493897658, 0.05057648671488756], [0.007107070472763818, -0.04210227667182598, -0.05580838187413557]]	0.4994532628009842	[[-0.4514733156219009, -0.451473315621901, 0.6384796860020414], [0.5, 0.5000000000000001, 0.7071067811865475], [-0.6384796860020414, 0.6384796860020413, 0.0]]
5	[[0.5319609947059123, -0.8460851799387872, 0.03402011756955908], [-0.703274286200726, -0.4190807785627857, 0.5742617690636116], [-0.47161719485230363, -0.3294103357928521, -0.8179645788128509]]	0.7721897430820426	0.2278102569179574	[[0.41077482383162617, -0.6533382977224559, 0.02626998584565872], [-0.5430611903775455, -0.3236098787290199, 0.44343904791506955], [-0.364177960526074, -0.25436728256445185, -0.6316238579637065]]	0.8328973507160158	0.2109712237802067	[[0.48928113282523306, -0.685131406409187, 0.0054384360212505], [-0.5986305054391192, -0.3871951447172406, 0.561750974787775], [-0.3536651169067089, -0.3459740069273581, -0.6796929703879366]]	[[0.04621222965042216, 0.019570698441912206, -0.022896829773482633], [-0.012875215635837557, -0.038143874516291046, 0.08344986871720032], [0.039143595237893805, -0.0716090109470184, 0.0015875602848285577]]	0.3322662871946874	[[0.62238999791479, -0.6223899979147899, 0.0], [-0.5, -0.5000000000000001, 0.7071067811865475], [-0.44009618806822903, -0.44009618806822914, -0.62238999791479]]
5	[[-0.5446221603179724, 0.8109226453022452, -0.2139887049042392], [-0.8354447797583356, -0.5021691245819775, 0.22328947644507607], [0.07361197229480154, 0.30038414347728, 0.9509735242804028]]	0.7847011245036704	0.21529887549632967	[[-0.4273656216311312, 0.6363319116541629, -0.16791717736944056], [-0.6555744581370871, -0.3940526767505015, 0.175215503256287], [0.057763397436663796, 0.23571177516969347, 0.7462299938760507]]	0.8494851464431932	0.17811906306055272	[[-0.4799731330127576, 0.6715420446998428, -0.12834062736568427], [-0.7619567692798243, -0.45073662121729097, 0.2093639468784965], [0.045146463336033255, 0.2075587713578548, 0.8251625809357742]]	[[-0.017324697398836603, -0.0173246973988366, 0.0534395989570826], [-0.052258838201613124, -0.02415140888251958, 0.019682853281327118], [-0.017385813728788533, -0.04761309675315557, 0.017324697398836603]]	0.3949166133920074	[[-0.6719176405050704, 0.6719176405050703, 0.0], [-0.7071067811865475, -0.7071067811865476, 0.0], [0.0, 0.0, 0.9502350400000003]]
5	[[-0.3195682178843842, -0.5708200961323295, -0.7563336379995778], [0.910087742671785, 0.03735879733279218, -0.41272826520656647], [0.2638493031197415, -0.8202248094963509, 0.507557688474819]]	0.7555924240076378	0.24440757599236226	[[-0.24146332438706283, -0.4313073401088997, -0.5714799668946162], [0.6876554035450136, 0.02822802423469455, -0.31185435036389675], [0.1993625345169715, -0.6197556520385505, 0.3835067441584019]]	0.8012728376360313	0.21966797501470006	[[-0.29383701736965157, -0.48033420700785373, -0.592361025653386], [0.7756644425455586, 0.00906247613242564, -0.31240670668743664], [0.1914421347286732, -0.6284401494066493, 0.43699801467797617]]	[[-0.037775684607141466, -0.022951568800229822, 0.013668574666118746], [0.046435854477167124, -0.020872113417090193, 0.018301241547225303], [-0.019973145090371448, 0.028783711197965092, 0.03030582536977307]]	0.5025413352854873	[[1.757510587528866e-16, -0.62238999791479, -0.6223899979147899], [1.0, 1.2684108950145333e-16, 1.268410895014533e-16], [0.0, -0.6223899979147899, 0.62238999791479]]
