5	[[-0.42203838922340475, -0.825029846081567, 0.3757783270710803], [0.2588054115689476, 0.28760896992378115, 0.9221175843470338], [-0.8688517462515349, 0.4864224845687207, 0.09214016247897017]]	0.8247715521702798	0.1752284478297204	[[-0.3480852573552322, -0.680461146739501, 0.30993127409036597], [0.213455341009789, 0.23721169654213223, 0.7605363513254119], [-0.7166042033617364, 0.40118742760826775, 0.075994584825002]]	0.8754443800723218	0.2033855126123827	[[-0.2957424149579601, -0.6745836349023199, 0.34883190217906296], [0.254942098845046, 0.23172080215691843, 0.8299579810126597], [-0.7837267808168754, 0.3960683403974732, 0.022174593805045644]]	[[0.07372872106244467, 0.047684107241720626, 0.019858877591706955], [0.028372355754706598, -0.020064854221245158, 0.022695324030183935], [-0.023095402444946053, -0.029767490059029032, -0.058488993616119415]]	0.482371242638299	[[-0.4849724037161086, -0.4849724037161087, 0.685854550712001], [0.5, 0.5000000000000001, 0.7071067811865475], [-0.685854550712001, 0.6858545507120009, 0.0]]
5	[[0.8592155572171323, 0.2624339665249735, -0.4391776855101157], [-0.4266000482917053, 0.8413623931712975, -0.33184593135155627], [0.2824199444684594, 0.4724804086637203, 0.8348660002631537]]	0.8468246087978196	0.15317539120218046	[[0.7276048781133986, 0.22223554103777082, -0.3719064717248356], [-0.36125541900775443, 0.7124863794544812, -0.28101530099792965], [0.23916015899120507, 0.40010803723128885, 0.7069850740714455]]	0.8765245279031898	0.16190080316499167	[[0.7639301399242828, 0.14890248155174504, -0.37418773283204454], [-0.3599288739361772, 0.7603021302406581, -0.3777667711532598], [0.3046405770469363, 0.4049050854855096, 0.7469064751308289]]	[[0.010806629267459941, -0.08112732706231891, 0.01076228062532522], [0.01399653199618774, 0.022827355770688403, -0.08689567283874265], [0.05709256855127487, -0.00923558166196405, 0.015125948387743879]]	0.42123744518215883	[[0.8216076415111612, -0.14096558538457138, -0.48128661344786616], [-0.14644660940672619, 0.8535533905932737, -0.5], [0.48128661344786616, 0.4812866134478663, 0.6806420561265898]]
5	[[0.08740825448676931, -0.06334395238859675, -0.994156597696443], [0.7119981850616444, -0.6940087028176986, 0.10681996481098455], [-0.6967197295301035, -0.717174639895393, -0.015561310176609944]]	0.9270275279402443	0.07297247205975554	[[0.08102985807844153, -0.05872158759276536, -0.9216105331480178], [0.6600419173956368, -0.6433651721421069, 0.0990250479133909], [-0.6458783685334877, -0.6648406335236611, -0.014425762904534083]]	0.961582358265585	0.0609138121525682	[[0.06461015195242392, -0.06336856633477798, -0.938450169299942], [0.682879568225517, -0.6688872513369215, 0.09420386856856264], [-0.6795150634650593, -0.6936102215189073, 0.0]]	[[-0.01944008352884214, -0.002458139215088209, 0.017513276398294066], [-0.0017653256468756462, -0.0015407262246395392, -0.008512325104230663], [-0.009561662893341814, -0.003987740000023547, 0.014963481337326837]]	0.12004039830856474	[[0.0, 0.0, -0.9773728410239998], [0.7071067811865475, -0.7071067811865476, 0.0], [-0.6911069636356317, -0.6911069636356316, 0.0]]
5	[[0.8489524140446696, -0.5135124485683378, 0.12483895166604869], [0.522794976890395, 0.7815435453534784, -0.34040431673891397], [0.0772347773085365, 0.35425224329800037, 0.9319550081910795]]	0.8709202276518858	0.12907977234811419	[[0.7393698297054017, -0.4472283786092142, 0.10872476820481786], [0.4553127202886452, 0.6806620824391132, -0.2964650050279397], [0.06726532983619335, 0.3085254443792857, 0.8116584678950901]]	0.9184809639955166	0.13820002206816887	[[0.7740227874738467, -0.48323461311486954, 0.05963379351326489], [0.5041668936275412, 0.6712082284416712, -0.2896066604652527], [0.024428192844056007, 0.2969150686522038, 0.8572391958573133]]	[[-0.005723844164222281, -0.011583204330124492, -0.0550284071571572], [0.02398965928123731, -0.04662464049906534, 0.02304822452134019], [-0.04651047987226766, -0.028458873269717935, 0.0012562615335210293]]	0.42934006829369536	[[0.7017327696495298, -0.7017327696495297, 0.0], [0.7071067811865475, 0.7071067811865476, 0.0], [0.0, 0.0, 0.9924]]
5	[[-0.30792515101507295, 0.09349718223056193, 0.9468053539599837], [0.3027085282091916, -0.9338174967034747, 0.1906631317268273], [0.9019698710720718, 0.34531602882779927, 0.2592434992682147]]	0.7873978521057553	0.2126021478942449	[[-0.24245960251860882, 0.07361948046628485, 0.7455125020703204], [0.23835204492601186, -0.7352858911630891, 0.15012774039746055], [0.7102091391462545, 0.27190109939669826, 0.20412777449617223]]	0.8605062525394855	0.24820955840690745	[[-0.2649010481427879, 0.08278033926772256, 0.7575525908261048], [0.2431012997159202, -0.8496899155327634, 0.11977934476632816], [0.6929328255877151, 0.27307499212614533, 0.18212070887506537]]	[[7.046961984766676e-05, 0.002325429363500345, -0.05717933619432199], [-0.017381281505114348, -0.04613412088865305, -0.04428747221336631], [-0.08321788807203641, -0.02407160978228125, -0.04095994317544893]]	0.4673968786507759	[[0.0, 0.0, 0.9924], [0.0, -1.0, 0.0], [0.9924, 0.0, 0.0]]
5	[[-0.5446221603179724, 0.8109226453022452, -0.2139887049042392], [-0.8354447797583356, -0.5021691245819775, 0.22328947644507607], [0.07361197229480154, 0.30038414347728, 0.9509735242804028]]	0.8562083610562863	0.14379163894371394	[[-0.46631004728078507, 0.6943187490776638, -0.18321891831061593], [-0.7153148056299146, -0.42996140313140485, 0.19118231666815477], [0.06302718615265279, 0.2571914151739782, 0.8142314826320439]]	0.8706892391561216	0.1333425553838935	[[-0.4744965198121192, 0.7057617556353809, -0.17163644442294165], [-0.7376491040810349, -0.4480785291740857, 0.19441574435753206], [0.07447434112240661, 0.2511600523665318, 0.8284264880533524]]	[[-0.00029986541730052347, -0.0002998654173005234, 0.014681218238134229], [-0.010236324436296067, -0.01084527616410806, 0.0], [0.010381188972264331, -0.01038118897226433, 0.000424073740033068]]	0.38440771428416104	[[-0.6963996006001933, 0.6963996006001932, 0.0], [-0.7071067811865475, -0.7071067811865476, 0.0], [0.0, 0.0, 0.9848577599999999]]
5	[[0.22433838825039393, -0.7661379269479729, -0.6022499185961573], [-0.9416906372873723, -0.011392912655017143, -0.3362869982418849], [0.2507808429735371, 0.642575192824231, -0.724020780340167]]	0.7363416530634574	0.2636583469365426	[[0.16518969964988683, -0.5641392676034809, -0.44346170061642726], [-0.6934060405345643, -0.008389076137602917, -0.24762212418917753], [0.18466038047178168, 0.47315487970176423, -0.5331266582479729]]	0.7850321151039558	0.35487795238162234	[[0.23304202270765434, -0.5961853915284299, -0.37184155749631465], [-0.8362872137380881, -0.0163696127056618, -0.1569322706684318], [0.15221564105339266, 0.37184155749631465, -0.5404989168834065]]	[[0.0569291832804351, 0.005257485724897284, 0.10094396992041184], [-0.09702982097479036, -0.007425810386898967, 0.10706382284335533], [-0.044655374533676066, -0.13260060523982373, 0.0278806476862515]]	0.6040516745011885	[[0.6806420561265898, -0.4812866134478663, -0.48128661344786616], [-0.7071067811865475, -0.5000000000000001, -0.5], [0.0, 0.6806420561265897, -0.6806420561265898]]
5	[[0.034229894132735264, 0.2773841392786001, 0.9601491309293217], [-0.1827544195208179, -0.9427759796974285, 0.2788803941677556], [0.9825625356654255, -0.18501754344446375, 0.018422055382213542]]	0.8677936307575072	0.13220636924249285	[[0.02970448410989143, 0.24071218933912247, 0.8332113003978212], [-0.15859312125295122, -0.8181349904125974, 0.2420106298019214], [0.8526615102714024, -0.16055704577950602, 0.01598654232614696]]	0.9323141620528591	0.12273759790651517	[[0.011614989880271515, 0.24318834857539381, 0.8851939470251715], [-0.16340211954833733, -0.8279595916321691, 0.2519401676094855], [0.9193042073450884, -0.1656499818302082, 0.0]]	[[-0.020298025185247644, -0.015420812802887802, -0.009966685422979906], [0.006982413948670657, 0.05100380588300248, -0.008063973391996588], [0.003247240241644827, 0.006844494151295462, -0.017175143126959787]]	0.3415721320483161	[[0.0, 0.0, 0.9924], [0.0, -1.0, 0.0], [0.9924, 0.0, 0.0]]
5	[[-0.3195682178843842, -0.5708200961323295, -0.7563336379995778], [0.910087742671785, 0.03735879733279218, -0.41272826520656647], [0.2638493031197415, -0.8202248094963509, 0.507557688474819]]	0.8172567438792789	0.18274325612072118	[[-0.26116928119549576, -0.4665065731059646, -0.6181187662779042], [0.743775345220386, 0.03053172906344364, -0.337304958129662], [0.21563262234245673, -0.6703342570579894, 0.41480494381382393]]	0.8497251787630293	0.17995819562591023	[[-0.27501127989610535, -0.53185314996072, -0.6563708461025172], [0.8094452961519156, 0.0055560357637653435, -0.2782638483777946], [0.1700626451173357, -0.6973445967912683, 0.47614826858417947]]	[[-0.0034661188273143115, -0.04681294173314667, -0.013695110348833573], [0.036120826320091434, -0.026188674978213325, 0.07244175055540997], [-0.054136751142587286, -0.00037892391610986134, 0.04486372101236401]]	0.4726224327052243	[[1.9220032840625308e-16, -0.6806420561265898, -0.6806420561265897], [1.0, 1.2684108950145333e-16, 1.268410895014533e-16], [0.0, -0.6806420561265897, 0.6806420561265898]]
5	[[0.3802729664721569, 0.7767473726770865, -0.5020517802076895], [0.4287143634067757, 0.332951791095048, 0.839849450446521], [0.8195098935212374, -0.5346088512602871, -0.20639019011321075]]	0.8195091847620256	0.18049081523797458	[[0.3116371887406344, 0.6365516061486444, -0.41143604510632725], [0.3513353584512575, 0.27285705088535905, 0.6882643384582636], [0.6715958847440036, -0.43811686386288085, -0.1691386564425568]]	0.8784761972021483	0.20660142420765004	[[0.3431318350067199, 0.6478584991002998, -0.4410405386754198], [0.4041168067621768, 0.30196254029585756, 0.7209601727569994], [0.6961681212463692, -0.4530421070550027, -0.08884902520310986]]	[[0.009071085521479439, -0.03449557903582675, -1.4282183456267425e-18], [0.02750144311065274, 0.009472317003035712, -0.016827578693574558], [-0.023751813583704873, 0.016599043590743243, 0.09245984414737193]]	0.36874587160289035	[[0.4849724037161086, 0.4849724037161087, -0.685854550712001], [0.5, 0.5000000000000001, 0.7071067811865475], [0.685854550712001, -0.6858545507120009, 0.0]]
5	[[0.8787972042104137, -0.3840163418041313, 0.28327887866788265], [-0.395223040501579, -0.9183905790867732, -0.018907472103605397], [0.2674214316928388, -0.09534250611366366, -0.9588511794847616]]	0.7869995243851615	0.21300047561483845	[[0.6916129817446053, -0.302220678355981, 0.22294034277998553], [-0.31104034490080024, -0.7227729489411036, -0.014880171552863159], [0.2104605395526631, -0.07503450696514266, -0.7546154222106587]]	0.8587512087044186	0.23471020709586118	[[0.7018777536578686, -0.31841460823658463, 0.15452949826939338], [-0.35910682489471535, -0.840739083794774, -0.025383038963906163], [0.1399265917662575, -0.06025321782592228, -0.8234146093501964]]	[[-0.05279040766388794, 0.011359889449962232, -0.08873658118708316], [-0.019708561156149, -0.052070063941256524, -0.009146224441389943], [-0.08972188593343393, 0.0216222745400948, 0.0]]	0.4710242275855689	[[0.6963996006001933, -0.6963996006001932, 0.0], [-0.7071067811865475, -0.7071067811865476, 0.0], [0.0, 0.0, -0.9848577599999999]]
5	[[-0.8305561570912853, 0.32773595720904825, 0.4502950280316503], [-0.5100865793185324, -0.772219296347621, -0.37879947194723407], [0.22358030216652452, -0.5443036842615101, 0.808545204538665]]	0.8037134692612385	0.1962865307387615	[[-0.667529170432119, 0.26340580317013695, 0.36190817917040435], [-0.40996345428769565, -0.620643049698019, -0.3044462377530367], [0.17969450031273346, -0.4374642024094921, 0.649838671394308]]	0.8456928960347622	0.2142724461984338	[[-0.7019737642826503, 0.3377327574637663, 0.40729756583103854], [-0.49553432877654446, -0.6386024643640092, -0.37469294297266287], [0.07110548263012359, -0.5022993532904537, 0.692391996817993]]	[[0.0004216775273814986, 0.06056878667692143, 0.026486259504897913], [-0.0641577322841893, 0.014457908738136523, -0.054344920525167845], [-0.11797479060541174, -0.04198559422494654, 0.008611061216670319]]	0.37710340732300907	[[-0.6806420561265898, 0.4812866134478663, 0.48128661344786616], [-0.7071067811865475, -0.5000000000000001, -0.5], [0.0, -0.6806420561265897, 0.6806420561265898]]
5	[[0.5319609947059123, -0.8460851799387872, 0.03402011756955908], [-0.703274286200726, -0.4190807785627857, 0.5742617690636116], [-0.47161719485230363, -0.3294103357928521, -0.8179645788128509]]	0.8222923245233454	0.17770767547665461	[[0.43742744289247576, -0.6957293493566183, 0.027974481556830258], [-0.5782970475774916, -0.34460690756744633, 0.4722110449682058], [-0.3878071994402803, -0.27087159074112016, -0.6726059948897783]]	0.8877827729811925	0.15694519966335327	[[0.5363396282673676, -0.7338271869048871, 0.00010789797887408518], [-0.5895376769826616, -0.39388496730567674, 0.5803709881292664], [-0.39510235335220734, -0.37924938816692766, -0.7337192889260131]]	[[0.0640738212695193, 0.017312660319460597, -0.03009457633417526], [0.0348171189869877, -0.021832271610089642, 0.07055128237288817], [0.02359126767938219, -0.08680456680808364, -0.007544426947147157]]	0.295349059112907	[[0.6806420561265898, -0.6806420561265897, 0.0], [-0.5, -0.5000000000000001, 0.7071067811865475], [-0.48128661344786616, -0.4812866134478663, -0.6806420561265898]]
5	[[0.04673222253661188, -0.9725397674033924, -0.22799671093185395], [-0.8377629715199755, -0.16246744520517667, 0.5213036857710898], [-0.5440306084466285, 0.16664552219444034, -0.8223502702654952]]	0.7256707023331642	0.27432929766683584	[[0.033912204749732916, -0.7057436160585518, -0.1654505333515699], [-0.6079400439316192, -0.1178978650683155, 0.37829481178237395], [-0.39478707372220356, 0.12092977313151644, -0.5967554981874293]]	0.8089400399609873	0.32317362605911665	[[-0.02974075734843832, -0.8989051036736658, -0.15324442305303962], [-0.6743908715060625, -0.1437417557428845, 0.28830727126520195], [-0.3263014159338874, 0.040525538491732974, -0.6328834127770475]]	[[-0.06754432331467075, -0.11217874536671635, 0.031191245399147964], [0.003309140153141899, -0.01231533412624954, -0.13339615313427336], [0.11378672620292846, -0.09428069689155719, 0.0323486477134509]]	0.6124299817896623	[[1.9515541859187168e-16, -0.9773728410239998, 0.0], [-1.0, -1.7938038903913487e-16, 0.0], [0.0, 0.0, -0.9773728410239998]]
