5	[[-0.3195682178843842, -0.5708200961323295, -0.7563336379995778], [0.910087742671785, 0.03735879733279218, -0.41272826520656647], [0.2638493031197415, -0.8202248094963509, 0.507557688474819]]	0.8203025955693657	0.1796974044306343	[[-0.262142638592037, -0.4682452064605048, -0.6204224463674746], [0.7465473375095303, 0.030645518419439362, -0.338562067213788], [0.21643626818829223, -0.6728325401802453, 0.4163508892570815]]	0.8524166548470454	0.18031987233815897	[[-0.27311415005515016, -0.5357354232253084, -0.6599624186658221], [0.8117214287364571, 0.005395688933950614, -0.2753062313461805], [0.16856455987529212, -0.7008681306828999, 0.48006157599556465]]	[[-0.0007088787707117405, -0.049158866360719346, -0.015251029013925842], [0.0359474795108754, -0.026449572117576862, 0.07651021584202504], [-0.05634498047376204, -0.00169484234946541, 0.04741094904396079]]	0.471046192206781	[[1.9317064311498255e-16, -0.6840782469172919, -0.6840782469172918], [1.0, 1.2684108950145333e-16, 1.268410895014533e-16], [0.0, -0.6840782469172918, 0.6840782469172919]]
5	[[-0.42203838922340475, -0.825029846081567, 0.3757783270710803], [0.2588054115689476, 0.28760896992378115, 0.9221175843470338], [-0.8688517462515349, 0.4864224845687207, 0.09214016247897017]]	0.8305196604930296	0.1694803395069704	[[-0.35051117973284723, -0.6852035076642796, 0.3120912886197122], [0.21494298255000122, 0.23886490405584873, 0.7658367830865511], [-0.7215984573156008, 0.4039834367401899, 0.07652421645980688]]	0.8770204020629185	0.20049085279771686	[[-0.2969999466010235, -0.6773294284737191, 0.3509714598748036], [0.25562225388682325, 0.23238356909450514, 0.8296802608204619], [-0.7868934502458153, 0.3978244166176046, 0.022196935889647933]]	[[0.07313633120167344, 0.0462385788506446, 0.021406200380393856], [0.028644627776565713, -0.01985536534495134, 0.02096432624713921], [-0.024892742415225228, -0.028778026371298573, -0.05861186645380113]]	0.4815525810231779	[[-0.4869301059567368, -0.4869301059567369, 0.6886231597717856], [0.5, 0.5000000000000001, 0.7071067811865475], [-0.6886231597717856, 0.6886231597717855, 0.0]]
5	[[0.08740825448676931, -0.06334395238859675, -0.994156597696443], [0.7119981850616444, -0.6940087028176986, 0.10681996481098455], [-0.6967197295301035, -0.717174639895393, -0.015561310176609944]]	0.928325100009221	0.07167489999077924	[[0.08114327658806157, -0.0588037809361234, -0.9229005229813771], [0.6609657863537348, -0.6442656984505097, 0.0991636545161387], [-0.6467824125944307, -0.6657712193049675, -0.01444595482597593]]	0.9627292704997427	0.06024292134859078	[[0.06508748624369425, -0.059019634392067706, -0.9388770423370976], [0.6813520134280826, -0.6727747452235975, 0.09027882398749289], [-0.6794400642372386, -0.6961453054178037, -0.00412865112684563]]	[[-0.01906299883400904, 0.0019634426815764716, 0.01822661372570511], [-0.004109479873455062, -0.004632253039441865, -0.012559882809794441], [-0.00868758728394393, -0.005700287530396468, 0.010852677667502282]]	0.11851927670035832	[[0.0, 0.0, -0.9803303925040002], [0.7071067811865475, -0.7071067811865476, 0.0], [-0.6931982683428484, -0.6931982683428483, 0.0]]
5	[[0.8787972042104137, -0.3840163418041313, 0.28327887866788265], [-0.395223040501579, -0.9183905790867732, -0.018907472103605397], [0.2674214316928388, -0.09534250611366366, -0.9588511794847616]]	0.7896077858999659	0.21039221410003403	[[0.6939051146716653, -0.3032222934013647, 0.2236792081771719], [-0.31207118994710437, -0.7251683517440946, -0.014929487184693235], [0.21115804458118143, -0.0752831851545639, -0.7571163568405336]]	0.8595821048604871	0.2336659765428653	[[0.702678232001408, -0.31857278532001854, 0.15520044647428002], [-0.35888958431885126, -0.8407800093752582, -0.02550147644831727], [0.14045647755997734, -0.060761057519630436, -0.8242113151094721]]	[[-0.05272011853929081, 0.011520790068800989, -0.0883010083135771], [-0.019162931275142316, -0.051347902319807966, -0.009248951779909191], [-0.089414199579358, 0.021193654568226417, 0.0]]	0.4706524615554032	[[0.6978037732462737, -0.6978037732462736, 0.0], [-0.7071067811865475, -0.7071067811865476, 0.0], [0.0, 0.0, -0.9868435600000002]]
5	[[-0.5446221603179724, 0.8109226453022452, -0.2139887049042392], [-0.8354447797583356, -0.5021691245819775, 0.22328947644507607], [0.07361197229480154, 0.30038414347728, 0.9509735242804028]]	0.8605971602400437	0.13940283975995643	[[-0.46870028457344476, 0.6978777257214565, -0.184158071764033], [-0.7189814049973923, -0.4321653225754785, 0.1921622893401186], [0.06335025431657498, 0.258509740857685, 0.818405114459181]]	0.8729932365480937	0.1304138013302246	[[-0.4757852162688501, 0.7075962308755003, -0.17420429639694637], [-0.7380323476445455, -0.4477613615487549, 0.19493020272891629], [0.07317682181548962, 0.25331925774879543, 0.8306654540359445]]	[[-0.00033375383704861185, -0.0003337538370486118, 0.012606395682140314], [-0.008694705406106734, -0.009371112185411474, 0.0], [0.00891406787316223, -0.008914067873162228, 0.0004719992028482068]]	0.3838572949412997	[[-0.6978037732462737, 0.6978037732462736, 0.0], [-0.7071067811865475, -0.7071067811865476, 0.0], [0.0, 0.0, 0.9868435600000002]]
5	[[-0.30792515101507295, 0.09349718223056193, 0.9468053539599837], [0.3027085282091916, -0.9338174967034747, 0.1906631317268273], [0.9019698710720718, 0.34531602882779927, 0.2592434992682147]]	0.7893744214401491	0.21062557855985112	[[-0.24306823792939378, 0.07380428412953396, 0.7473839284985978], [0.23895036932012964, -0.7371316461909935, 0.15050459929683122], [0.7119919451339627, 0.2725836404699539, 0.20464018724696673]]	0.8613089813182784	0.2471022620357741	[[-0.2653721384464636, 0.08308403275150485, 0.7587588133218001], [0.24310121968767406, -0.8496581605338519, 0.11985608814361952], [0.6940309677992336, 0.27376540845759934, 0.1822881056949588]]	[[-0.00015344030339412094, 0.0025540699683701336, -0.05673314160416523], [-0.01762435438054004, -0.04535276371099729, -0.04436377961896683], [-0.0828437830336316, -0.023658388564945766, -0.04100064857313306]]	0.46724329190291514	[[0.0, 0.0, 0.9934000000000001], [0.0, -1.0, 0.0], [0.9934000000000001, 0.0, 0.0]]
5	[[0.034229894132735264, 0.2773841392786001, 0.9601491309293217], [-0.1827544195208179, -0.9427759796974285, 0.2788803941677556], [0.9825625356654255, -0.18501754344446375, 0.018422055382213542]]	0.8679515147825424	0.1320484852174577	[[0.029709888463353623, 0.24075598386351266, 0.8333628926072465], [-0.15862197525629812, -0.8182838396789784, 0.24205466056105598], [0.8528166411993819, -0.16058625709396715, 0.01598945087440013]]	0.9330671974535677	0.12261176603211192	[[0.011814672667741846, 0.24363825744912887, 0.8865589621186423], [-0.16330959793656813, -0.8279905566343663, 0.25195793309299164], [0.9207546640366093, -0.16597632775788235, 0.0]]	[[-0.02012411871982177, -0.015179784005624607, -0.009324696615058482], [0.0072125561079750085, 0.0516827845684549, -0.008256214717862337], [0.0039577925603999, 0.006657472983587157, -0.017189015586816403]]	0.34115193230462554	[[0.0, 0.0, 0.9934000000000001], [0.0, -1.0, 0.0], [0.9934000000000001, 0.0, 0.0]]
5	[[0.8489524140446696, -0.5135124485683378, 0.12483895166604869], [0.522794976890395, 0.7815435453534784, -0.34040431673891397], [0.0772347773085365, 0.35425224329800037, 0.9319550081910795]]	0.8733506251504429	0.1266493748495573	[[0.7414331215288896, -0.44847641797969245, 0.10902817648066956], [0.4565833198927378, 0.682561543916754, -0.29729232282783985], [0.06745304104576559, 0.3093864181452554, 0.8139234890157655]]	0.9196691369581217	0.13703950243817756	[[0.7749518801364522, -0.4848235520078955, 0.062056251752551764], [0.5061513656969963, 0.6704842640101041, -0.28936999314516276], [0.024047187579382335, 0.2987838333485955, 0.8585333791711066]]	[[-0.005803453806523081, -0.012562001615800553, -0.0527542791849199], [0.025352960494165567, -0.04827721384032024, 0.023689351046933434], [-0.04698325341111217, -0.027011021510755077, 0.0014431211042171882]]	0.4290287962560822	[[0.7024398764307164, -0.7024398764307163, 0.0], [0.7071067811865475, 0.7071067811865476, 0.0], [0.0, 0.0, 0.9934000000000001]]
5	[[0.3802729664721569, 0.7767473726770865, -0.5020517802076895], [0.4287143634067757, 0.332951791095048, 0.839849450446521], [0.8195098935212374, -0.5346088512602871, -0.20639019011321075]]	0.8221509038591711	0.177849096140829	[[0.31264176309829206, 0.638603554516703, -0.4127623248818578], [0.35246790137228984, 0.2737366159903237, 0.6904829847902356], [0.6737607996800183, -0.4395291502747583, -0.1696838813492424]]	0.8800949886278745	0.20474352154856687	[[0.34313604436013434, 0.6510847019381761, -0.4418532557924905], [0.4039364920702904, 0.30202085074851087, 0.721164640429203], [0.6989000590829866, -0.45399639904766903, -0.08928639154207887]]	[[0.00845971225733335, -0.03252676818479539, 1.1653581211451884e-18], [0.026627129283197742, 0.008991647951084225, -0.017982652110654505], [-0.022346491336017234, 0.01651017182261428, 0.09235658047851217]]	0.36832321782144073	[[0.4869301059567368, 0.4869301059567369, -0.6886231597717856], [0.5, 0.5000000000000001, 0.7071067811865475], [0.6886231597717856, -0.6886231597717855, 0.0]]
5	[[0.8592155572171323, 0.2624339665249735, -0.4391776855101157], [-0.4266000482917053, 0.8413623931712975, -0.33184593135155627], [0.2824199444684594, 0.4724804086637203, 0.8348660002631537]]	0.850314530995025	0.14968546900497517	[[0.7306034735587147, 0.223151415162847, -0.37343916767801455], [-0.36274421998561646, 0.7154226687463034, -0.28217341747980584], [0.24014578262433905, 0.40175695709722914, 0.7098986914574561]]	0.8790783854546994	0.1591860608375641	[[0.7661737859380429, 0.14996144878456943, -0.37567205776342383], [-0.3607106678430705, 0.7616850523096313, -0.37632842135221206], [0.304787901806406, 0.4062209375250703, 0.7495503454357814]]	[[0.010855961142046329, -0.0807385787966769, 0.010399552942540411], [0.014304213844098551, 0.02206155813830525, -0.08460983579997503], [0.05651863300286685, -0.009126377282009377, 0.015637689853425604]]	0.42012382222027483	[[0.8257554907160685, -0.14167724379877655, -0.4837163672574224], [-0.14644660940672619, 0.8535533905932737, -0.5], [0.4837163672574224, 0.4837163672574225, 0.6840782469172919]]
5	[[0.22433838825039393, -0.7661379269479729, -0.6022499185961573], [-0.9416906372873723, -0.011392912655017143, -0.3362869982418849], [0.2507808429735371, 0.642575192824231, -0.724020780340167]]	0.7384628121450963	0.2615371878549038	[[0.16566555705948433, -0.5657643680250145, -0.4447391685006736], [-0.6954035161819409, -0.00841324231774741, -0.24833544240953537], [0.18519232653435602, 0.4745178839076592, -0.5346624215014867]]	0.7864320761799459	0.3529613139873934	[[0.23400927470826316, -0.5980192002833047, -0.3732167897337604], [-0.8361442018809282, -0.016567461007306022, -0.15699333107575805], [0.15288955867043996, 0.3732167897337604, -0.5420594569181187]]	[[0.05758237026964311, 0.004496240246589282, 0.10041186412701898], [-0.09556847887980363, -0.007607709054284253, 0.10747355114392936], [-0.04433254033539588, -0.1321249532607288, 0.027333708562223395]]	0.6025118135926524	[[0.6840782469172919, -0.4837163672574225, -0.4837163672574224], [-0.7071067811865475, -0.5000000000000001, -0.5], [0.0, 0.6840782469172918, -0.6840782469172919]]
5	[[-0.8305561570912853, 0.32773595720904825, 0.4502950280316503], [-0.5100865793185324, -0.772219296347621, -0.37879947194723407], [0.22358030216652452, -0.5443036842615101, 0.808545204538665]]	0.8063987917784108	0.19360120822158916	[[-0.6697594815825324, 0.26428587991571745, 0.3631173665485484], [-0.41133320126484707, -0.6227167075626963, -0.30546343650454955], [0.18029488553253736, -0.43892583334901936, 0.6520098760382076]]	0.8482502023589655	0.21238254805099382	[[-0.7041136856716494, 0.3383945379232824, 0.4105593511653295], [-0.4946722680456696, -0.6392925910891838, -0.37615245059528085], [0.07216481324204724, -0.5042392699394905, 0.6934778722640865]]	[[0.0004057426515181092, 0.06039244590039791, 0.02859650251624614], [-0.061991223918131985, 0.015742583303183698, -0.05483572186257017], [-0.11748722331418585, -0.0425335596199341, 0.007629238897792839]]	0.37505360516447983	[[-0.6840782469172919, 0.4837163672574225, 0.4837163672574224], [-0.7071067811865475, -0.5000000000000001, -0.5], [0.0, -0.6840782469172918, 0.6840782469172919]]
5	[[0.5319609947059123, -0.8460851799387872, 0.03402011756955908], [-0.703274286200726, -0.4190807785627857, 0.5742617690636116], [-0.47161719485230363, -0.3294103357928521, -0.8179645788128509]]	0.8244095142323304	0.17559048576766947	[[0.43855370523604864, -0.6975206721925096, 0.028046508599646965], [-0.5797860126588293, -0.345494181079053, 0.4734268660759308], [-0.388805702511802, -0.27156901491409413, -0.6743377810783554]]	0.8911037743598028	0.15420131618012858	[[0.5381872386738793, -0.7364482784252562, 0.0], [-0.5883875986859926, -0.39336672456634103, 0.5821078403792264], [-0.39820731096343187, -0.380555846014363, -0.7364482784252563]]	[[0.06415478847924583, 0.017501418848089877, -0.03031545517039834], [0.03830277215767047, -0.019922261027397935, 0.07038101049610457], [0.022052551422438435, -0.08701705247622243, -0.007556954952498494]]	0.2934673099294089	[[0.6840782469172919, -0.6840782469172918, 0.0], [-0.5, -0.5000000000000001, 0.7071067811865475], [-0.4837163672574224, -0.4837163672574225, -0.6840782469172919]]
5	[[0.04673222253661188, -0.9725397674033924, -0.22799671093185395], [-0.8377629715199755, -0.16246744520517667, 0.5213036857710898], [-0.5440306084466285, 0.16664552219444034, -0.8223502702654952]]	0.7282900226476762	0.2717099773523237	[[0.03403461140956536, -0.7082910092279826, -0.16604772976815554], [-0.6101344135016675, -0.11832341934798829, 0.37966027311654404], [-0.39621206414662413, 0.12136627113312279, -0.5989094969559803]]	0.8103393426159237	0.32119754270828677	[[-0.030846176482512606, -0.9007791149246258, -0.15482518973939247], [-0.6752360745285693, -0.1443532166766412, 0.28768138463795556], [-0.32668465078497466, 0.0419046120448606, -0.6350682299404169]]	[[-0.0687151349718116, -0.11269187913911738, 0.0299295151157188], [0.0036362210808904526, -0.012699453932589881, -0.1347515013930473], [0.11416475482660725, -0.09313481086006949, 0.03131454746655174]]	0.6115819690072981	[[1.9574596313419983e-16, -0.9803303925040002, 0.0], [-1.0, -1.7938038903913487e-16, 0.0], [0.0, 0.0, -0.9803303925040002]]
