5	[[0.5319609947059123, -0.8460851799387872, 0.03402011756955908], [-0.703274286200726, -0.4190807785627857, 0.5742617690636116], [-0.47161719485230363, -0.3294103357928521, -0.8179645788128509]]	0.8265353056169227	0.1734646943830776	[[0.4396845433355335, -0.6993192727786542, 0.028118828272479166], [-0.5812810270774401, -0.34638505938756997, 0.47464762679710676], [-0.3898082622814446, -0.27226927256791805, -0.6760766031328972]]	0.8944141109515121	0.1514455619353951	[[0.5403203074001062, -0.7392005616166546, 0.0], [-0.5873533965138782, -0.39294404759739504, 0.5835704231172661], [-0.4012211819167173, -0.38206415337541494, -0.7392005616166546]]	[[0.06452688725933559, 0.017549962387546022, -0.03042807321044311], [0.04166504893340326, -0.018112285622293514, 0.06994259348679348], [0.020599892126551902, -0.08743490074901208, -0.007601500067930691]]	0.2916146039301538	[[0.6875283016803845, -0.6875283016803844, 0.0], [-0.5, -0.5000000000000001, 0.7071067811865475], [-0.48615592437587013, -0.48615592437587024, -0.6875283016803845]]
5	[[0.034229894132735264, 0.2773841392786001, 0.9601491309293217], [-0.1827544195208179, -0.9427759796974285, 0.2788803941677556], [0.9825625356654255, -0.18501754344446375, 0.018422055382213542]]	0.8681088413630055	0.13189115863699466	[[0.02971527373554715, 0.24079962376162006, 0.8335139495867502], [-0.1586507273841859, -0.8184321634000069, 0.24209853585982863], [0.8529712244032095, -0.16061536527140294, 0.015992349153378518]]	0.9338186082108432	0.12249132971573908	[[0.012015144022873899, 0.24408775454163148, 0.8879252342779067], [-0.16321722021889248, -0.8280219611876224, 0.25197449351227613], [0.9222060094795801, -0.16630347772922832, 0.0]]	[[-0.01994936807536145, -0.01493871633927358, -0.00867989084136309], [0.007442257462418214, 0.0523597920280446, -0.008449208026748783], [0.0046708299443756415, 0.006469347184670045, -0.01720285811740172]]	0.340732456206449	[[0.0, 0.0, 0.9944], [0.0, -1.0, 0.0], [0.9944, 0.0, 0.0]]
5	[[-0.8305561570912853, 0.32773595720904825, 0.4502950280316503], [-0.5100865793185324, -0.772219296347621, -0.37879947194723407], [0.22358030216652452, -0.5443036842615101, 0.808545204538665]]	0.8090013180826366	0.19099868191736344	[[-0.6719210258284992, 0.2651388213651947, 0.3642892712036629], [-0.4126607150049561, -0.6247264285940715, -0.30644927209431905], [0.18087675915003254, -0.4403423980047969, 0.654114136201175]]	0.8504960317268058	0.20995355380013944	[[-0.7057213531944736, 0.3387776581912926, 0.4133226150514221], [-0.4938339974493608, -0.6396637755817414, -0.3760946025555147], [0.07410522800467229, -0.5063421952458267, 0.6945143518054119]]	[[0.0006633625379300716, 0.060039527130810864, 0.030348480604192707], [-0.060007385901848426, 0.01710567158477648, -0.05392715484418269], [-0.11604893176023692, -0.04341407172713209, 0.006849863873538726]]	0.3730137434335759	[[-0.6875283016803845, 0.48615592437587024, 0.48615592437587013], [-0.7071067811865475, -0.5000000000000001, -0.5], [0.0, -0.6875283016803844, 0.6875283016803845]]
5	[[0.8592155572171323, 0.2624339665249735, -0.4391776855101157], [-0.4266000482917053, 0.8413623931712975, -0.33184593135155627], [0.2824199444684594, 0.4724804086637203, 0.8348660002631537]]	0.8537551786735087	0.14624482132649128	[[0.7335597315709711, 0.22405435798052636, -0.37495022336210687], [-0.3642120004514124, 0.7183175003111321, -0.2833151824131247], [0.24111749015063197, 0.4033825957184269, 0.7127711712231065]]	0.8816169605705867	0.15657954562953985	[[0.768409972521336, 0.15101060559341636, -0.37714920570143373], [-0.3614936515039721, 0.7630574256652991, -0.374893338610456], [0.30492778440044005, 0.40752828212950637, 0.7521821146332026]]	[[0.010910964492604851, -0.08035563032481388, 0.010037290548419474], [0.01460418645022668, 0.021298069859224954, -0.08233233723458136], [0.055941571353643006, -0.00901845968575151, 0.01615008899747835]]	0.4190439768656372	[[0.8299200752160626, -0.142391773535678, -0.48615592437587013], [-0.14644660940672619, 0.8535533905932737, -0.5], [0.48615592437587013, 0.48615592437587024, 0.6875283016803845]]
5	[[-0.42203838922340475, -0.825029846081567, 0.3757783270710803], [0.2588054115689476, 0.28760896992378115, 0.9221175843470338], [-0.8688517462515349, 0.4864224845687207, 0.09214016247897017]]	0.8363653247138434	0.1636346752861566	[[-0.3529782744445404, -0.6900263551166219, 0.3142879625412289], [0.21645587208456277, 0.2405461695209173, 0.7712271728567519], [-0.726677472881855, 0.4068268992544327, 0.07706283691091018]]	0.8785946430424693	0.1976435785820344	[[-0.29826200821662474, -0.6800821917449336, 0.3531204769160063], [0.2563021327674706, 0.2330469558432577, 0.8294011950124637], [-0.7900697206394526, 0.39958900837804096, 0.022217168782545368]]	[[0.0725386597133313, 0.04478461137248434, 0.022963651779894248], [0.02891708457259179, -0.019644744422739144, 0.019233625149897397], [-0.02670123078475911, -0.02777918081944531, -0.05873668438054054]]	0.4807526332775735	[[-0.4888937292597246, -0.4888937292597247, 0.6914001424782628], [0.5, 0.5000000000000001, 0.7071067811865475], [-0.6914001424782628, 0.6914001424782626, 0.0]]
5	[[-0.5446221603179724, 0.8109226453022452, -0.2139887049042392], [-0.8354447797583356, -0.5021691245819775, 0.22328947644507607], [0.07361197229480154, 0.30038414347728, 0.9509735242804028]]	0.8650365791362055	0.13496342086379454	[[-0.4711180904832289, 0.7014777510363367, -0.18510805726415006], [-0.7226902943393513, -0.43439466167621676, 0.19315356486116292], [0.06367704869736426, 0.2598432719003454, 0.8226268842926209]]	0.875307216433354	0.12749226775837735	[[-0.47707907097338337, 0.7094390795847412, -0.1767956783938396], [-0.7384150913711274, -0.4474395315612309, 0.1954468900860005], [0.07186490958049879, 0.25549658947284826, 0.8329135193327851]]	[[-0.00036736381753916104, -0.000367363817539161, 0.010510179244068411], [-0.007144246717081984, -0.007887272944606083, 0.0], [0.007431819014966876, -0.007431819014966874, 0.0005195308930890367]]	0.38331226349004355	[[-0.6992093601059162, 0.6992093601059161, 0.0], [-0.7071067811865475, -0.7071067811865476, 0.0], [0.0, 0.0, 0.9888313599999999]]
5	[[0.8489524140446696, -0.5135124485683378, 0.12483895166604869], [0.522794976890395, 0.7815435453534784, -0.34040431673891397], [0.0772347773085365, 0.35425224329800037, 0.9319550081910795]]	0.875815520704214	0.12418447929578601	[[0.743525700559632, -0.44974217253097476, 0.10933589145756864], [0.4578719549068089, 0.6844879671267741, -0.29813138391465416], [0.06764341670494992, 0.31025961292467413, 0.8162206607717704]]	0.9208623255486221	0.13611835730652297	[[0.7758843586010749, -0.4864269661748611, 0.0645063643416304], [0.5081435667374155, 0.6697574294330345, -0.2891325259983067], [0.023660057634485483, 0.3006696413089773, 0.8598356801559127]]	[[-0.005883935676216324, -0.013552698588054309, -0.05045312300861923], [0.02672136853298806, -0.04993657725868471, 0.02433298474067938], [-0.04746253901108339, -0.025547903285235686, 0.0016334240063900387]]	0.4287185964899711	[[0.7031469832119028, -0.7031469832119027, 0.0], [0.7071067811865475, 0.7071067811865476, 0.0], [0.0, 0.0, 0.9944]]
5	[[0.8787972042104137, -0.3840163418041313, 0.28327887866788265], [-0.395223040501579, -0.9183905790867732, -0.018907472103605397], [0.2674214316928388, -0.09534250611366366, -0.9588511794847616]]	0.7922015056816181	0.20779849431838188	[[0.6961844683642863, -0.30421832418357975, 0.224413954208497], [-0.3130962877654179, -0.7275503995563549, -0.014978527869109387], [0.21185166083860088, -0.07553047689870321, -0.7596033481124237]]	0.8604105511177463	0.2326215090424656	[[0.7034775439867037, -0.31872897959576296, 0.15587418588100535], [-0.35867299400427416, -0.8408205186072311, -0.025620268825664268], [0.14098812715742282, -0.06127225012720244, -0.8250056717803849]]	[[-0.05264884280871314, 0.011682732694150468, -0.08786195023364482], [-0.01861891991187924, -0.050627574313834287, -0.009352080332757737], [-0.08910409426610932, 0.02076144810300201, 0.0]]	0.47028612008153153	[[0.6992093601059162, -0.6992093601059161, 0.0], [-0.7071067811865475, -0.7071067811865476, 0.0], [0.0, 0.0, -0.9888313599999999]]
5	[[-0.30792515101507295, 0.09349718223056193, 0.9468053539599837], [0.3027085282091916, -0.9338174967034747, 0.1906631317268273], [0.9019698710720718, 0.34531602882779927, 0.2592434992682147]]	0.7912935893012214	0.20870641069877865	[[-0.24365919798283772, 0.0739837209167717, 0.749201006904609], [0.23953131779874123, -0.738923798718774, 0.15087051385153272], [0.7137229767221798, 0.2732463598943933, 0.2051377190389542]]	0.862109420919858	0.2460223347497617	[[-0.26591661414533785, 0.08342729592247716, 0.7599092953186477], [0.2430900371708653, -0.8496079234890999, 0.11998855361520193], [0.6950940135624701, 0.2744619456304783, 0.18248931822286069]]	[[-0.0004514405170734675, 0.002822494292048987, -0.05634052010761503], [-0.017877836791063372, -0.044555062161235844, -0.04438392846857975], [-0.08250270967463275, -0.02323825601660072, -0.04100694480849751]]	0.4670912889593055	[[0.0, 0.0, 0.9944], [0.0, -1.0, 0.0], [0.9944, 0.0, 0.0]]
5	[[0.04673222253661188, -0.9725397674033924, -0.22799671093185395], [-0.8377629715199755, -0.16246744520517667, 0.5213036857710898], [-0.5440306084466285, 0.16664552219444034, -0.8223502702654952]]	0.7309157684253211	0.26908423157467887	[[0.03415731834557086, -0.7108446514158335, -0.16664639116920188], [-0.6123341660868032, -0.11875001755624053, 0.38102908406832825], [-0.3976405502196625, 0.12180383990938826, -0.6010687797058749]]	0.8117371868426055	0.3192396038034486	[[-0.03195836324085711, -0.9026536769307432, -0.15641401871189053], [-0.6760839447654348, -0.14496415799256984, 0.2870545100000206], [-0.3270639965464345, 0.04329315660518524, -0.6372597894047277]]	[[-0.06989264609762894, -0.11320698204615127, 0.028659390029299302], [0.003959412977091927, -0.013083291068214728, -0.1361070773784854], [0.1145458791103029, -0.09197921078084678, 0.030272505579841694]]	0.6107380817241883	[[1.9633769781022929e-16, -0.9832939043839999, 0.0], [-1.0, -1.7938038903913487e-16, 0.0], [0.0, 0.0, -0.9832939043839999]]
5	[[0.22433838825039393, -0.7661379269479729, -0.6022499185961573], [-0.9416906372873723, -0.011392912655017143, -0.3362869982418849], [0.2507808429735371, 0.642575192824231, -0.724020780340167]]	0.7405833054001675	0.2594166945998326	[[0.16614126509862293, -0.5673889583315619, -0.4460162353909239], [-0.6974003648266723, -0.008437400912188066, -0.24904853672107546], [0.1857241056203824, 0.4758804602699189, -0.5361977026827296]]	0.7883768207331125	0.3441710658808585	[[0.23250723846110527, -0.6195669506202577, -0.3725236278555545], [-0.8247547807083087, 0.027107149265058222, -0.18647336815455037], [0.18233132072939948, 0.3725236278555545, -0.5335432814113633]]	[[0.055644053163868966, -0.015561567529957182, 0.10227624825405984], [-0.08234770996955149, 0.036089057522910736, 0.07864750637326867], [-0.015378482954847596, -0.13406775974517945, 0.03725791953792475]]	0.6009799832310748	[[0.6875283016803845, -0.48615592437587024, -0.48615592437587013], [-0.7071067811865475, -0.5000000000000001, -0.5], [0.0, 0.6875283016803844, -0.6875283016803845]]
5	[[-0.3195682178843842, -0.5708200961323295, -0.7563336379995778], [0.910087742671785, 0.03735879733279218, -0.41272826520656647], [0.2638493031197415, -0.8202248094963509, 0.507557688474819]]	0.8233568576331842	0.1766431423668157	[[-0.26311868367672325, -0.4699886406253871, -0.6227324875056068], [0.7493269839767192, 0.030759621976882787, -0.339822647496874], [0.21724213310537585, -0.6753377216996926, 0.4179011034501896]]	0.8550824604777736	0.17932126110703384	[[-0.2729475970275038, -0.5393519478958326, -0.6634366494083058], [0.8126391299083152, 0.006016894757044488, -0.2749860940580394], [0.16849727714044388, -0.7047409195922785, 0.48177768384542363]]	[[0.00030958101157266965, -0.05125369560484109, -0.016709021285521153], [0.034439063653862435, -0.025927957586769985, 0.07793060646351449], [-0.057115634166530586, -0.0033810713432255272, 0.0477740067499641]]	0.4694861028385586	[[1.9414487274495802e-16, -0.6875283016803845, -0.6875283016803844], [1.0, 1.2684108950145333e-16, 1.268410895014533e-16], [0.0, -0.6875283016803844, 0.6875283016803845]]
5	[[0.3802729664721569, 0.7767473726770865, -0.5020517802076895], [0.4287143634067757, 0.332951791095048, 0.839849450446521], [0.8195098935212374, -0.5346088512602871, -0.20639019011321075]]	0.8247818018884125	0.17521819811158768	[[0.31364222249635754, 0.6406470976486975, -0.41408317192098343], [0.3535958051460842, 0.27461257820134805, 0.6926925430542745], [0.6759168466438273, -0.4409356516479539, -0.17022687289366598]]	0.8817124856000909	0.20291586641489937	[[0.34313829752617553, 0.6543213694372039, -0.4426653230268723], [0.40375526493933833, 0.3020794293560276, 0.7213701316138535], [0.7016394261032999, -0.45495053003001135, -0.08972578058159898]]	[[0.007846875051490069, -0.030546487209250316, 9.009086985419161e-19], [0.025752457967489446, 0.008511678044610707, -0.019135614869218862], [-0.020932679087176068, 0.01642076903850566, 0.09225102694659533]]	0.3679357440211712	[[0.4888937292597246, 0.4888937292597247, -0.6914001424782628], [0.5, 0.5000000000000001, 0.7071067811865475], [0.6914001424782628, -0.6914001424782626, 0.0]]
5	[[0.08740825448676931, -0.06334395238859675, -0.994156597696443], [0.7119981850616444, -0.6940087028176986, 0.10681996481098455], [-0.6967197295301035, -0.717174639895393, -0.015561310176609944]]	0.9294985349048103	0.07050146509518991	[[0.08124584448403886, -0.05887811094028073, -0.9240671010247947], [0.6618012698696822, -0.6450800724802385, 0.09928900079039353], [-0.647599967837507, -0.6666127770536526, -0.014464215010358255]]	0.9642987250796816	0.05821678599368384	[[0.06616709504267422, -0.05848946682827159, -0.9405771459628871], [0.6807549770519489, -0.6727257075889801, 0.09014791450875712], [-0.6799253563977936, -0.6986340813274241, -0.005428902973833276]]	[[-0.01812057332035779, 0.0025930257015603086, 0.01808679372534703], [-0.005823965062042238, -0.0034940002676697524, -0.012858441371531764], [-0.00807940947405415, -0.007063490416816804, 0.009576848590041166]]	0.11701671849217608	[[0.0, 0.0, -0.9832939043839999], [0.7071067811865475, -0.7071067811865476, 0.0], [-0.695293787689323, -0.6952937876893229, 0.0]]
