5	[[-0.5446221603179724, 0.8109226453022452, -0.2139887049042392], [-0.8354447797583356, -0.5021691245819775, 0.22328947644507607], [0.07361197229480154, 0.30038414347728, 0.9509735242804028]]	0.8805154212680478	0.11948457873195213	[[-0.4795482109242938, 0.7140298946441063, -0.1884203546453602], [-0.7356220121951024, -0.4421676582791067, 0.19660982741675803], [0.06481647679552903, 0.2644928706361389, 0.8373468533465191]]	0.8832511564648903	0.11764673332548281	[[-0.48151775288952325, 0.7157687643145086, -0.18578545519595718], [-0.7397130103374052, -0.4463103368339572, 0.19722068829655326], [0.0672949668561591, 0.2630375349129089, 0.8406267218451681]]	[[-0.000479599952267358, -0.00047959995226735794, 0.0032203158811362296], [-0.0018054424532998473, -0.002768876805964019, 0.0], [0.00227710719711416, -0.00227710719711416, 0.0006782567570099866]]	0.38150029022264603	[[-0.7039989337461477, 0.7039989337461476, 0.0], [-0.7071067811865475, -0.7071067811865476, 0.0], [0.0, 0.0, 0.99560484]]
5	[[0.8787972042104137, -0.3840163418041313, 0.28327887866788265], [-0.395223040501579, -0.9183905790867732, -0.018907472103605397], [0.2674214316928388, -0.09534250611366366, -0.9588511794847616]]	0.8009153141700376	0.19908468582996244	[[0.7038421389019341, -0.3075645690424843, 0.2268823921060232], [-0.31654018565055964, -0.7355530791800858, -0.015143283960020331], [0.21418191998007122, -0.07636127323778366, -0.7679585936593489]]	0.863208955675064	0.22906856297151715	[[0.706186508417366, -0.31924516557651705, 0.1581858136826834], [-0.3579414575040072, -0.8409551506846418, -0.026026774738716108], [0.1428089296614388, -0.06303546485058237, -0.8276889252908445]]	[[-0.05239910847927128, 0.012241179794385573, -0.0863430513370227], [-0.01678138945391563, -0.04819217800933104, -0.009705675489707483], [-0.08803164511526701, 0.019265040283236647, 0.0]]	0.4690817960227495	[[0.7039989337461477, -0.7039989337461476, 0.0], [-0.7071067811865475, -0.7071067811865476, 0.0], [0.0, 0.0, -0.99560484]]
5	[[0.08740825448676931, -0.06334395238859675, -0.994156597696443], [0.7119981850616444, -0.6940087028176986, 0.10681996481098455], [-0.6967197295301035, -0.717174639895393, -0.015561310176609944]]	0.9327486001702271	0.0672513998297732	[[0.08152992701585705, -0.05908398291971313, -0.9272981748513526], [0.6641153104399911, -0.6473356460591635, 0.09963617264767877], [-0.6498643524301831, -0.6689436414400144, -0.014514790284047632]]	0.9696110324755739	0.051400641042360064	[[0.0699561820560427, -0.056273059066756836, -0.946454782107868], [0.6784262023172078, -0.6724962660194692, 0.09004735799018863], [-0.6815557767886076, -0.7067845597069143, -0.00967542905353359]]	[[-0.01479582582376141, 0.005145936009834047, 0.017490423026983795], [-0.011935093021147874, 0.00042222886663313914, -0.013526458379194549], [-0.006008640492821385, -0.011404116652644632, 0.005412988973481833]]	0.11205073635198423	[[0.0, 0.0, -0.993414509352], [0.7071067811865475, -0.7071067811865476, 0.0], [-0.7024501360919062, -0.7024501360919061, 0.0]]
5	[[0.3802729664721569, 0.7767473726770865, -0.5020517802076895], [0.4287143634067757, 0.332951791095048, 0.839849450446521], [0.8195098935212374, -0.5346088512602871, -0.20639019011321075]]	0.8336442445939475	0.16635575540605263	[[0.3170123698741807, 0.6475309767357231, -0.41853257705828584], [0.3573952616288167, 0.27756334437363306, 0.700135660690132], [0.6831797061217784, -0.4456735919621201, -0.1720559941285288]]	0.887531903249112	0.19661892469667244	[[0.3468392522563758, 0.663792494841382, -0.44558697201733544], [0.403950960804912, 0.30172408850209836, 0.7210272487473172], [0.7087480651391866, -0.4612781183983207, -0.09221046630994376]]	[[0.009334862569156622, -0.025595579174459815, 8.956475227898811e-21], [0.02345328590026495, 0.006218751661309656, -0.024365932450204582], [-0.018593110389194246, 0.013204292854543295, 0.09096741193318025]]	0.36689010972978475	[[0.4956144987157127, 0.49561449871571284, -0.7009047457925041], [0.5, 0.5000000000000001, 0.7071067811865475], [0.7009047457925041, -0.700904745792504, 0.0]]
5	[[0.8489524140446696, -0.5135124485683378, 0.12483895166604869], [0.522794976890395, 0.7815435453534784, -0.34040431673891397], [0.0772347773085365, 0.35425224329800037, 0.9319550081910795]]	0.8837592483515936	0.11624075164840639	[[0.750269547322388, -0.45382137556594065, 0.11032757808938812], [0.4620248958186443, 0.6906963361956296, -0.30083546309682035], [0.06825694874079496, 0.31307369626390674, 0.8236238575364517]]	0.9243180260215706	0.132913069951293	[[0.7798366322885405, -0.49199622925654973, 0.0676213849240936], [0.5107488464760964, 0.6677954521861533, -0.29126387833811374], [0.026598967363270436, 0.3059327997481123, 0.8638733944836176]]	[[-0.004865387247475829, -0.017347416458360493, -0.04776950845047081], [0.027520025422773813, -0.054599334904873696, 0.02337796775922075], [-0.04479052953877163, -0.021508934490808557, 0.0024505809715222268]]	0.42767198132869494	[[0.7055511462679371, -0.705551146267937, 0.0], [0.7071067811865475, 0.7071067811865476, 0.0], [0.0, 0.0, 0.9978]]
5	[[-0.8305561570912853, 0.32773595720904825, 0.4502950280316503], [-0.5100865793185324, -0.772219296347621, -0.37879947194723407], [0.22358030216652452, -0.5443036842615101, 0.808545204538665]]	0.8175914128276631	0.18240858717233688	[[-0.6790555819089785, 0.2679541042889724, 0.3681573481576691], [-0.4170424070494687, -0.6313598655136352, -0.3097031954477119], [0.18279733512876462, -0.44501801822267034, 0.661059616113799]]	0.857353462425932	0.20091394592833872	[[-0.7120801970213897, 0.3339838614710247, 0.4225334974520541], [-0.4915140011125579, -0.6413665328242009, -0.37430377926414266], [0.08282033389774748, -0.5110033681236407, 0.6970418807938621]]	[[1.0823237439484461e-18, 0.05299830379637009, 0.036471496055936595], [-0.05418950619681431, 0.02069835465154894, -0.04953874042506681], [-0.10886701229495845, -0.04434271981084378, 0.003832850154754116]]	0.36615582971716076	[[-0.6993627553517605, 0.4945241468185383, 0.4945241468185382], [-0.7071067811865475, -0.5000000000000001, -0.5], [0.0, -0.6993627553517604, 0.6993627553517605]]
5	[[0.22433838825039393, -0.7661379269479729, -0.6022499185961573], [-0.9416906372873723, -0.011392912655017143, -0.3362869982418849], [0.2507808429735371, 0.642575192824231, -0.724020780340167]]	0.7477885877243893	0.2522114122756106	[[0.1677576865221278, -0.572909198394516, -0.450355616084149], [-0.7041855117304044, -0.008519490064362598, -0.25147157948537335], [0.1875310523955131, 0.4805103959487589, -0.5414144768136838]]	0.7934803452912305	0.3371406557274957	[[0.23563170980078557, -0.6237261996931455, -0.3796948806334147], [-0.8244784784435432, 0.026492125687456708, -0.18649491931229398], [0.18485917189597983, 0.3796948806334147, -0.5364688777218125]]	[[0.05762360802978492, -0.015810812877760386, 0.09817859272587955], [-0.07726546641124003, 0.03553217795483242, 0.08034220416962831], [-0.014130497979088247, -0.1301759052443351, 0.038027381060529386]]	0.5958352004214607	[[0.6993627553517605, -0.4945241468185383, -0.4945241468185382], [-0.7071067811865475, -0.5000000000000001, -0.5], [0.0, 0.6993627553517604, -0.6993627553517605]]
5	[[-0.42203838922340475, -0.825029846081567, 0.3757783270710803], [0.2588054115689476, 0.28760896992378115, 0.9221175843470338], [-0.8688517462515349, 0.4864224845687207, 0.09214016247897017]]	0.8569982540927586	0.14300174590724138	[[-0.36168616272457804, -0.7070491376663205, 0.3220413702258135], [0.22179578586434592, 0.24648038508609718, 0.7902531598536401], [-0.74460442960301, 0.4168632200268555, 0.07896395837630053]]	0.8838303827133009	0.18913600673002132	[[-0.3023945918570192, -0.6893713274794284, 0.3592595962860318], [0.2571937166683362, 0.2344240931587062, 0.8301706056211436], [-0.7998466124550856, 0.40332533404204185, 0.022046599024727668]]	[[0.0706157592100077, 0.039815117132738664, 0.027135293655434774], [0.02845363071307979, -0.019773452800807705, 0.015175068141040221], [-0.03192904104447149, -0.026589636654685278, -0.059389676042326256]]	0.4781783481047904	[[-0.4956144987157127, -0.49561449871571284, 0.7009047457925041], [0.5, 0.5000000000000001, 0.7071067811865475], [-0.7009047457925041, 0.700904745792504, 0.0]]
5	[[-0.30792515101507295, 0.09349718223056193, 0.9468053539599837], [0.3027085282091916, -0.9338174967034747, 0.1906631317268273], [0.9019698710720718, 0.34531602882779927, 0.2592434992682147]]	0.796938787285669	0.2030612127143313	[[-0.2453974964247087, 0.07451153102145124, 0.7545459105804477], [0.24124016737206277, -0.7441953833690066, 0.15194684497846553], [0.7188147752203882, 0.27519573724432944, 0.20660119991850423]]	0.8648220428334422	0.2423652885734704	[[-0.2677796093884669, 0.08460367805353328, 0.7638272525191576], [0.24305285781409214, -0.8494359842994823, 0.12044083089545309], [0.6987152062877854, 0.27684205401559664, 0.18317593133493362]]	[[-0.0014791512478153366, 0.0037452539177281023, -0.054990887858155854], [-0.01873614993488559, -0.04185002916677221, -0.04444884817756341], [-0.08132822018698022, -0.021794859458392518, -0.041023561293493785]]	0.4665863811415611	[[0.0, 0.0, 0.9978], [0.0, -1.0, 0.0], [0.9978, 0.0, 0.0]]
5	[[0.034229894132735264, 0.2773841392786001, 0.9601491309293217], [-0.1827544195208179, -0.9427759796974285, 0.2788803941677556], [0.9825625356654255, -0.18501754344446375, 0.018422055382213542]]	0.8686396154808416	0.1313603845191586	[[0.029733442077409074, 0.2409468520834474, 0.8340235718947102], [-0.15874772869998766, -0.8189325644889479, 0.2422465583550248], [0.8534927431662958, -0.1607135677948089, 0.01600212710357273]]	0.9363612431813303	0.12211690799771875	[[0.012702668116889282, 0.24561286983490085, 0.8925799592210687], [-0.16290421768336572, -0.828132027764597, 0.25202177182490637], [0.9271471785590398, -0.16742183750798528, 0.0]]	[[-0.019348878107204034, -0.014118887658792417, -0.0064664746553848955], [0.008219937776029676, 0.05464686062638362, -0.009111020756912686], [0.0071137011599617115, 0.005821419482028611, -0.017249698679644793]]	0.33931164377380646	[[0.0, 0.0, 0.9978], [0.0, -1.0, 0.0], [0.9978, 0.0, 0.0]]
5	[[-0.3195682178843842, -0.5708200961323295, -0.7563336379995778], [0.910087742671785, 0.03735879733279218, -0.41272826520656647], [0.2638493031197415, -0.8202248094963509, 0.507557688474819]]	0.8331346310135775	0.16686536898642257	[[-0.2662433492907729, -0.4755699901663432, -0.6301277464179348], [0.7582256156808375, 0.031124907830966934, -0.3438582109417467], [0.21982199179785541, -0.6833576940079242, 0.42286388750557263]]	0.8602287728964532	0.17780042891025588	[[-0.257586255136527, -0.5734015959828275, -0.67040799703336], [0.8275599066024981, 0.024446628589792938, -0.2718518260639816], [0.15473714239677913, -0.717824903543269, 0.49919341295645864]]	[[0.01731552079086312, -0.08236572514227801, -0.019788039716673082], [0.044676244495845466, -0.0076904837966822424, 0.08318890305434479], [-0.07223361985550035, -0.012243922170995961, 0.06257768542560493]]	0.46430978122704836	[[1.9748669663267269e-16, -0.6993627553517605, -0.6993627553517604], [1.0, 1.2684108950145333e-16, 1.268410895014533e-16], [0.0, -0.6993627553517604, 0.6993627553517605]]
5	[[0.8592155572171323, 0.2624339665249735, -0.4391776855101157], [-0.4266000482917053, 0.8413623931712975, -0.33184593135155627], [0.2824199444684594, 0.4724804086637203, 0.8348660002631537]]	0.8627440642033083	0.13725593579669176	[[0.7412831218602188, 0.2264133468647507, -0.3788979413043996], [-0.3680466594525134, 0.7258804105524271, -0.28629810750357354], [0.24365613070279127, 0.40762966802697803, 0.7202756861321935]]	0.8898325124917846	0.14803690887328333	[[0.7757134501147941, 0.1539427308462842, -0.3861217556622896], [-0.36452232147493735, 0.7610177658673111, -0.3745919689936386], [0.3078945299531062, 0.4185245334978548, 0.7587826367094164]]	[[0.011155512064244612, -0.07957954494981792, 0.0046728276655034935], [0.015080271325587343, 0.012346153635594506, -0.07930467013890702], [0.05658808118894662, -0.001903895646528714, 0.015891726101287328]]	0.4156390313890228	[[0.8442055244944187, -0.144842769142658, -0.4945241468185382], [-0.14644660940672619, 0.8535533905932737, -0.5], [0.4945241468185382, 0.4945241468185383, 0.6993627553517605]]
5	[[0.04673222253661188, -0.9725397674033924, -0.22799671093185395], [-0.8377629715199755, -0.16246744520517667, 0.5213036857710898], [-0.5440306084466285, 0.16664552219444034, -0.8223502702654952]]	0.7398924169909258	0.2601075830090743	[[0.03457681708397163, -0.7195747991238887, -0.16869303751735087], [-0.6198544698634146, -0.12020843071519904, 0.38570864405144967], [-0.4025241218006199, 0.12329975819715941, -0.6084507290798782]]	0.8164788899414717	0.31278211407097073	[[-0.03579063099909961, -0.909031316537453, -0.1618766687461175], [-0.6789865947435597, -0.14703745243543426, 0.2849157700152169], [-0.32832442517899263, 0.04808547454421019, -0.644761733089286]]	[[-0.07394650418029017, -0.11497312682399419, 0.02427783270582917], [0.005029186277138633, -0.014386213122684875, -0.1407176846655601], [0.11586508209969401, -0.08797707643082334, 0.02666990272015468]]	0.6079005825492624	[[1.9835851403923738e-16, -0.993414509352, 0.0], [-1.0, -1.7938038903913487e-16, 0.0], [0.0, 0.0, -0.993414509352]]
5	[[0.5319609947059123, -0.8460851799387872, 0.03402011756955908], [-0.703274286200726, -0.4190807785627857, 0.5742617690636116], [-0.47161719485230363, -0.3294103357928521, -0.8179645788128509]]	0.8338290249923545	0.1661709750076457	[[0.4435645175495939, -0.7054903806488395, 0.028366961463150715], [-0.5864105123649453, -0.3494417169820444, 0.4788361309886959], [-0.3932481057533257, -0.2746718991165579, -0.6820426072298013]]	0.9021965966410195	0.14212850388037557	[[0.5425909911872422, -0.7497804426228003, -0.004004063327170211], [-0.5877084401406184, -0.3927986883071098, 0.5830683156050962], [-0.40895525561684576, -0.3816677376156441, -0.7469491422918579]]	[[0.06265759221779688, 0.013554727186378124, -0.034696897615753765], [0.04678322737481887, -0.01470543617009577, 0.06497130197485472], [0.016536172496287138, -0.08447485376495759, -0.008984283113998666]]	0.2855486150848841	[[0.6993627553517605, -0.6993627553517604, 0.0], [-0.5, -0.5000000000000001, 0.7071067811865475], [-0.4945241468185382, -0.4945241468185383, -0.6993627553517605]]
