5	[[0.8787972042104137, -0.3840163418041313, 0.28327887866788265], [-0.395223040501579, -0.9183905790867732, -0.018907472103605397], [0.2674214316928388, -0.09534250611366366, -0.9588511794847616]]	0.7812087157554931	0.21879128424450695	[[0.686524035310735, -0.2999969132099279, 0.22129992900479278], [-0.30875168390721985, -0.7174547248503217, -0.014770682000240362], [0.20891195321825792, -0.07448239675796546, -0.7490628985259304]]	0.856914609341739	0.23700667720049823	[[0.7001125857074296, -0.3180596551562665, 0.15306322390082958], [-0.35958704048643797, -0.8406475765435345, -0.02512374141918155], [0.1387670511786122, -0.05914774304749702, -0.82165358388505]]	[[-0.052941577229149384, 0.011009558361664378, -0.08968258574762494], [-0.020914643132173092, -0.053665272242258755, -0.008921652347880695], [-0.09039028049006528, 0.022552643332555425, 0.0]]	0.47186096972462344	[[0.6933153988105564, -0.6933153988105563, 0.0], [-0.7071067811865475, -0.7071067811865476, 0.0], [0.0, 0.0, -0.9804960399999999]]
5	[[0.3802729664721569, 0.7767473726770865, -0.5020517802076895], [0.4287143634067757, 0.332951791095048, 0.839849450446521], [0.8195098935212374, -0.5346088512602871, -0.20639019011321075]]	0.8136599398607156	0.18634006013928456	[[0.30941287903039105, 0.632008220539407, -0.40849942129075384], [0.348827703146982, 0.2709095343189143, 0.6833518533423713], [0.6668023706777515, -0.4349898057654515, -0.1679314296753567]]	0.874910335086807	0.21079275445728649	[[0.3431156884732065, 0.6407976343156463, -0.4392502912524376], [0.40451026782650595, 0.30183520957633064, 0.7205139695817357], [0.6901839623776295, -0.4509421168475206, -0.08789393083621666]]	[[0.010410939952597526, -0.03878666979106052, 2.0009319176406663e-18], [0.02942364048175662, 0.010532246461609662, -0.014278994530900825], [-0.026813713169989945, 0.016792692348990248, 0.09267897955436234]]	0.3697964227643725	[[0.4806862422278406, 0.48068624222784073, -0.6797930030047712], [0.5, 0.5000000000000001, 0.7071067811865475], [0.6797930030047712, -0.6797930030047711, 0.0]]
5	[[-0.30792515101507295, 0.09349718223056193, 0.9468053539599837], [0.3027085282091916, -0.9338174967034747, 0.1906631317268273], [0.9019698710720718, 0.34531602882779927, 0.2592434992682147]]	0.7829906267652211	0.21700937323477898	[[-0.24110250699006733, 0.0732074173154898, 0.7413397175217945], [0.23701794022969253, -0.7311703470281835, 0.14928744501180843], [0.7062339546740672, 0.27037921384395575, 0.20298522997682855]]	0.8587332011811195	0.25071108681240717	[[-0.26403582643806406, 0.0822052022217462, 0.7547703681326786], [0.24307577603058406, -0.8497160677152844, 0.11974173149793624], [0.690436353979645, 0.2715717613697727, 0.1818306242163179]]	[[0.0003897242172891767, 0.0019160676234812758, -0.058282824368801195], [-0.016870087423320294, -0.047815979452170095, -0.04398702995705962], [-0.08411512077499696, -0.02496257748467514, -0.04079037579567132]]	0.4677403243586453	[[0.0, 0.0, 0.9902], [0.0, -1.0, 0.0], [0.9902, 0.0, 0.0]]
5	[[0.034229894132735264, 0.2773841392786001, 0.9601491309293217], [-0.1827544195208179, -0.9427759796974285, 0.2788803941677556], [0.9825625356654255, -0.18501754344446375, 0.018422055382213542]]	0.8674443113365065	0.13255568866349365	[[0.029692526943092067, 0.24061529367219484, 0.8328759016593306], [-0.15852928158493884, -0.8178056604532361, 0.24191321146410222], [0.8523182820953465, -0.16049241555835503, 0.015980107144427207]]	0.9306517427166331	0.12304784183827333	[[0.011179027742414568, 0.24236304714896426, 0.8821241907934431], [-0.16360605587374294, -0.8278228685192203, 0.2520663100776511], [0.9161139741560729, -0.16493495607783304, 0.0]]	[[-0.02067708288522136, -0.01578498547261827, -0.011440271173790905], [0.00647466314247292, 0.04957323997757284, -0.007474214764072161], [0.001690438010970833, 0.007251943161907493, -0.01714451794587936]]	0.3424991210856688	[[0.0, 0.0, 0.9902], [0.0, -1.0, 0.0], [0.9902, 0.0, 0.0]]
5	[[0.22433838825039393, -0.7661379269479729, -0.6022499185961573], [-0.9416906372873723, -0.011392912655017143, -0.3362869982418849], [0.2507808429735371, 0.642575192824231, -0.724020780340167]]	0.7307799516567558	0.2692200483432444	[[0.16394199652037741, -0.5598782372174467, -0.44011216639698486], [-0.6881686383924854, -0.008325712159263083, -0.2457517963180001], [0.1832656123046419, 0.469581068347922, -0.5290998708554737]]	0.7820999653498683	0.35909810235681167	[[0.23111890857211126, -0.5922501232431232, -0.3687265534433761], [-0.8364727487666982, -0.015976905828578733, -0.15690940015434685], [0.1508483798608351, 0.3687265534433761, -0.5371343298337239]]	[[0.05566386289483282, 0.0069463228761062965, 0.10229308702263942], [-0.09997653397394876, -0.007066509235855643, 0.10610064951824255], [-0.04528730873917893, -0.13383148259914002, 0.02912229738290525]]	0.6074664713053988	[[0.6731310315753244, -0.47597551705400787, -0.47597551705400776], [-0.7071067811865475, -0.5000000000000001, -0.5], [0.0, 0.6731310315753243, -0.6731310315753244]]
5	[[0.8592155572171323, 0.2624339665249735, -0.4391776855101157], [-0.4266000482917053, 0.8413623931712975, -0.33184593135155627], [0.2824199444684594, 0.4724804086637203, 0.8348660002631537]]	0.8387457491904491	0.16125425080955108	[[0.7206633962541726, 0.2201153738660102, -0.36835841686090937], [-0.3578089771091081, 0.7056891308011289, -0.27833436430726344], [0.23687852790952302, 0.3962909343424617, 0.7002403088643524]]	0.8707712689883764	0.1682596424799482	[[0.7590252294329793, 0.14725317494123805, -0.3699677711770727], [-0.3583781764924213, 0.7574524816773203, -0.3808876629507115], [0.30282351545154174, 0.40214011835187863, 0.7411105022734357]]	[[0.010845008340462106, -0.08126678311536624, 0.01245553934594878], [0.013092888909049447, 0.024818282896452583, -0.09192576019908726], [0.056900342019114605, -0.009282246672375788, 0.014133175789039073]]	0.4238015204299821	[[0.8125410328416701, -0.13941000126634567, -0.47597551705400776], [-0.14644660940672619, 0.8535533905932737, -0.5], [0.47597551705400776, 0.47597551705400787, 0.6731310315753244]]
5	[[0.04673222253661188, -0.9725397674033924, -0.22799671093185395], [-0.8377629715199755, -0.16246744520517667, 0.5213036857710898], [-0.5440306084466285, 0.16664552219444034, -0.8223502702654952]]	0.7196940410379297	0.2803059589620704	[[0.03363290208405807, -0.6999310752726355, -0.16408787423390267], [-0.602933018405155, -0.1169268521768221, 0.3751791562205625], [-0.3915355870412777, 0.11993378928899277, -0.5918405891560079]]	0.8058580095825154	0.3266471467483713	[[-0.030077226122359916, -0.8928108409434785, -0.1537563904403489], [-0.6664393258137618, -0.1458415278046591, 0.29906907082214207], [-0.3346758902576718, 0.04253562110080356, -0.6166624967422598]]	[[-0.06773676195908102, -0.10908187974393825, 0.029976585222555065], [0.008678674917259321, -0.014915835789659153, -0.12102767978137743], [0.1037355330170931, -0.091757007720647, 0.04603505523353581]]	0.6143098280309603	[[1.9386040396543408e-16, -0.9708871788079999, 0.0], [-1.0, -1.7938038903913487e-16, 0.0], [0.0, 0.0, -0.9708871788079999]]
5	[[0.8489524140446696, -0.5135124485683378, 0.12483895166604869], [0.522794976890395, 0.7815435453534784, -0.34040431673891397], [0.0772347773085365, 0.35425224329800037, 0.9319550081910795]]	0.8656722843855482	0.13432771561445178	[[0.7349145756006749, -0.44453349441256934, 0.10806962046904543], [0.45256912190999826, 0.6765605862529259, -0.29467858248607737], [0.06686000610668989, 0.306666348704485, 0.8067676208853242]]	0.9158715553456573	0.1414846288612881	[[0.7718202108502021, -0.47977168091291983, 0.055311084561522714], [0.5003776333437897, 0.6725623223896445, -0.29012684877507966], [0.024865170381675468, 0.2933961106790733, 0.8542431927716477]]	[[-0.0057111570153397405, -0.009460235953279487, -0.05902536026858263], [0.021564584732286597, -0.043231180063604956, 0.021639782242965245], [-0.04587196523866935, -0.03105344237495459, 0.0006921099075091323]]	0.4300286255629127	[[0.7001771347309194, -0.7001771347309192, 0.0], [0.7071067811865475, 0.7071067811865476, 0.0], [0.0, 0.0, 0.9902]]
5	[[0.08740825448676931, -0.06334395238859675, -0.994156597696443], [0.7119981850616444, -0.6940087028176986, 0.10681996481098455], [-0.6967197295301035, -0.717174639895393, -0.015561310176609944]]	0.9204392908257474	0.07956070917425279	[[0.08045399177211837, -0.05830426261465989, -0.9150607937534517], [0.6553511045273591, -0.6387928782484192, 0.0983212926566539], [-0.641288213752995, -0.6601157169435263, -0.01432324130327834]]	0.957568295952379	0.06680638893769507	[[0.06328956125893648, -0.06328956125893649, -0.9324950470611173], [0.6818455239813094, -0.6698160263454934, 0.09310122490109286], [-0.6759048105820853, -0.6875188828600997, 0.0]]	[[-0.02040981204213109, -0.002633400711299279, 0.019477792104880556], [5.863519064397459e-05, -0.005255295412228573, -0.009186186776654693], [-0.008748086419541619, -0.0007751850352069993, 0.014901017268602799]]	0.12345085182844061	[[0.0, 0.0, -0.9708871788079999], [0.7071067811865475, -0.7071067811865476, 0.0], [-0.6865209079022129, -0.6865209079022128, 0.0]]
5	[[-0.5446221603179724, 0.8109226453022452, -0.2139887049042392], [-0.8354447797583356, -0.5021691245819775, 0.22328947644507607], [0.07361197229480154, 0.30038414347728, 0.9509735242804028]]	0.8467290170541475	0.15327098294585248	[[-0.4611473864719431, 0.6866317343637193, -0.18119044576425652], [-0.7073953371677943, -0.4252011692522396, 0.1890656789088745], [0.06232939294459444, 0.2543439705451693, 0.8052168774584639]]	0.8656549555399852	0.1398012459214261	[[-0.4716791862358003, 0.701754892205827, -0.1660688945033939], [-0.7368040875547056, -0.4487599176975123, 0.19329164180460892], [0.07727885800520529, 0.2464727329656031, 0.8235321721488931]]	[[-0.00022431425965521192, -0.0002243142596552119, 0.019171488326544344], [-0.013597173876890956, -0.014054726483947304, 0.0], [0.013556289401138243, -0.013556289401138242, 0.00031722826823808064]]	0.3856373068644178	[[-0.6933153988105564, 0.6933153988105563, 0.0], [-0.7071067811865475, -0.7071067811865476, 0.0], [0.0, 0.0, 0.9804960399999999]]
5	[[-0.42203838922340475, -0.825029846081567, 0.3757783270710803], [0.2588054115689476, 0.28760896992378115, 0.9221175843470338], [-0.8688517462515349, 0.4864224845687207, 0.09214016247897017]]	0.812456557942055	0.18754344205794507	[[-0.34288785702785674, -0.6703009089468933, 0.3053035661613937], [0.21026815386008404, 0.23366979373753524, 0.7491804785964337], [-0.7059042991214659, 0.3951971375183252, 0.07485987925588578]]	0.8719708976242878	0.2098980717298702	[[-0.2929917419259557, -0.6685673981643103, 0.3441580600128108], [0.25344481845171485, 0.23026495219389748, 0.8305641723716497], [-0.7767938097837396, 0.3922348007686935, 0.02211809432631078]]	[[0.0750134511570852, 0.050834617290261674, 0.016490294848887612], [0.027774031415916358, -0.0205216994753388, 0.026504474633426693], [-0.01918037270235878, -0.031911449725330256, -0.05822544585772456]]	0.4842362215621682	[[-0.4806862422278406, -0.48068624222784073, 0.6797930030047712], [0.5, 0.5000000000000001, 0.7071067811865475], [-0.6797930030047712, 0.6797930030047711, 0.0]]
5	[[-0.8305561570912853, 0.32773595720904825, 0.4502950280316503], [-0.5100865793185324, -0.772219296347621, -0.37879947194723407], [0.22358030216652452, -0.5443036842615101, 0.808545204538665]]	0.7967174029089964	0.20328259709100352	[[-0.6617185444478453, 0.26111294066748697, 0.35875788527621016], [-0.40639485473339504, -0.6152405522622892, -0.3017961315130997], [0.1781303176837221, -0.4336562177186288, 0.6441820354945685]]	0.8400348788553057	0.21849941439513995	[[-0.6971882349236007, 0.3362799380991476, 0.4001070622645376], [-0.4973771680593603, -0.637060944827589, -0.3713288023482123], [0.06887992766603915, -0.49808701674848166, 0.6899550040668956]]	[[0.0005079058811055192, 0.0609703029885171, 0.02184353294282383], [-0.06888665019579959, 0.011630198229514367, -0.05312403382056381], [-0.11893532437884993, -0.040852937279367355, 0.010748831123219775]]	0.381646825899584	[[-0.6731310315753244, 0.47597551705400787, 0.47597551705400776], [-0.7071067811865475, -0.5000000000000001, -0.5], [0.0, -0.6731310315753243, 0.6731310315753244]]
5	[[0.5319609947059123, -0.8460851799387872, 0.03402011756955908], [-0.703274286200726, -0.4190807785627857, 0.5742617690636116], [-0.47161719485230363, -0.3294103357928521, -0.8179645788128509]]	0.817664186888687	0.18233581311131308	[[0.43496545419270694, -0.6918135506932169, 0.027817031770371058], [-0.5750421973860382, -0.34266734404421806, 0.46955328246265693], [-0.38562449015163225, -0.2693470343687918, -0.6688203422387572]]	0.8805189078432168	0.16268297378823984	[[0.5316182591326112, -0.7282970723610986, 0.0014932140754239762], [-0.5914998474346035, -0.39334668709960524, 0.5761684667070647], [-0.3889133296404781, -0.3759108760352566, -0.7268038582856747]]	[[0.06321654505897004, 0.016696926220933994, -0.028462142691622012], [0.027746458965077728, -0.024338137661416178, 0.0705201209950598], [0.0263545276909539, -0.08585884693066706, -0.006570580694946449]]	0.29958589640083	[[0.6731310315753244, -0.6731310315753243, 0.0], [-0.5, -0.5000000000000001, 0.7071067811865475], [-0.47597551705400776, -0.47597551705400787, -0.6731310315753244]]
5	[[-0.3195682178843842, -0.5708200961323295, -0.7563336379995778], [0.910087742671785, 0.03735879733279218, -0.41272826520656647], [0.2638493031197415, -0.8202248094963509, 0.507557688474819]]	0.810585273312714	0.189414726687286	[[-0.25903729123587044, -0.462698363635814, -0.6130729086734871], [0.7377037216321598, 0.030282490946635668, -0.3345514536563468], [0.21387235948268474, -0.6648621513834685, 0.4114187876343305]]	0.8438373685974606	0.17995161177470576	[[-0.27909296859373767, -0.5233898447032662, -0.6485557980008995], [0.8044380744441338, 0.005915778016146098, -0.284774147808407], [0.17331294910554712, -0.6896674649541, 0.46760591408532537]]	[[-0.009429364526799044, -0.04171051684041174, -0.010333211129591138], [0.036472028475171905, -0.02560897121912314, 0.06350138544929684], [-0.049332952545289285, 0.002468879949654307, 0.03930976983132434]]	0.4761445724749363	[[1.9007935840090838e-16, -0.6731310315753244, -0.6731310315753243], [1.0, 1.2684108950145333e-16, 1.268410895014533e-16], [0.0, -0.6731310315753243, 0.6731310315753244]]
