5	[[0.22433838825039393, -0.7661379269479729, -0.6022499185961573], [-0.9416906372873723, -0.011392912655017143, -0.3362869982418849], [0.2507808429735371, 0.642575192824231, -0.724020780340167]]	0.7401592579531865	0.2598407420468135	[[0.16604613497782544, -0.5670640794996042, -0.4457608528504987], [-0.6970010433160849, -0.008432569776663026, -0.24890593507801806], [0.1856177626441678, 0.47560797789990855, -0.5358906835192652]]	0.7880762549324913	0.34458629156966913	[[0.23232461858484774, -0.6193221569938401, -0.37210516292054396], [-0.8247708616942421, 0.02714329106601246, -0.18647225759274078], [0.1821835934561825, 0.37210516292054396, -0.533370571428658]]	[[0.05552886173488601, -0.015547048762939013, 0.10251369746011338], [-0.08264683095581857, 0.03612177500395141, 0.07854754056421312], [-0.015450834083215808, -0.13429308855289956, 0.03721301363512078]]	0.6012856951719711	[[0.6868371795994902, -0.48566722726584216, -0.48566722726584205], [-0.7071067811865475, -0.5000000000000001, -0.5], [0.0, 0.6868371795994901, -0.6868371795994902]]
5	[[0.08740825448676931, -0.06334395238859675, -0.994156597696443], [0.7119981850616444, -0.6940087028176986, 0.10681996481098455], [-0.6967197295301035, -0.717174639895393, -0.015561310176609944]]	0.9293086390543852	0.07069136094561493	[[0.08122924601921894, -0.05886608218657263, -0.9238783148122193], [0.661666064368829, -0.6449482831074148, 0.09926871612233337], [-0.6474676636519598, -0.6664765885655064, -0.01446125998212854]]	0.9639870734583431	0.058625060167437563	[[0.06594560703032125, -0.058618950913418365, -0.9402324924114248], [0.6808932349326577, -0.6727388645583319, 0.0901538874030385], [-0.679828809237635, -0.6981570941899266, -0.005180728223683942]]	[[-0.018314820408481598, 0.0024438003709496385, 0.01812161676127258], [-0.005463811792568632, -0.003723446174477711, -0.01281917786202568], [-0.00819999614722208, -0.006810011918625358, 0.009820173632643814]]	0.11731573163353164	[[0.0, 0.0, -0.9827007248879999], [0.7071067811865475, -0.7071067811865476, 0.0], [-0.6948743464452406, -0.6948743464452405, 0.0]]
5	[[-0.42203838922340475, -0.825029846081567, 0.3757783270710803], [0.2588054115689476, 0.28760896992378115, 0.9221175843470338], [-0.8688517462515349, 0.4864224845687207, 0.09214016247897017]]	0.835188260819387	0.16481173918061306	[[-0.35248150829451097, -0.6890552422729507, 0.31384564744011434], [0.21615124157891502, 0.24020763538669815, 0.7701417815417736], [-0.7256547788617067, 0.40625434891039497, 0.07695438205242683]]	0.8782799376657359	0.1982090078887526	[[-0.29800923301893767, -0.6795310812783257, 0.3526899156681522], [0.25616617940202235, 0.23291422944689644, 0.8294571152746871], [-0.7894336975698322, 0.39923540735369045, 0.02221329169409529]]	[[0.07265861716074183, 0.04507608051056437, 0.02265134999202928], [0.028862578661691958, -0.019686958729868646, 0.019579740773895425], [-0.02633864003126821, -0.027979702072538006, -0.058711564464445413]]	0.4809111063018187	[[-0.4885005303418246, -0.4885005303418247, 0.6908440752358582], [0.5, 0.5000000000000001, 0.7071067811865475], [-0.6908440752358582, 0.6908440752358581, 0.0]]
5	[[0.8489524140446696, -0.5135124485683378, 0.12483895166604869], [0.522794976890395, 0.7815435453534784, -0.34040431673891397], [0.0772347773085365, 0.35425224329800037, 0.9319550081910795]]	0.8753160603203525	0.12468393967964753	[[0.743101682461033, -0.44948569340629513, 0.10927353934684865], [0.45761083952697035, 0.6840976170876075, -0.29796136544394763], [0.06760484099342795, 0.3100826779632527, 0.8157551861656375]]	0.9206232840186475	0.13628468978655867	[[0.775697590304333, -0.48610511791348077, 0.06401411548608178], [0.5077445039011279, 0.6699030274973194, -0.2891800840131422], [0.023737976955182264, 0.3002911079328518, 0.8595745662091064]]	[[-0.005867769089029031, -0.013353601128040904, -0.05091553017016116], [0.02644727540783954, -0.04960415782957649, 0.02420405595716061], [-0.047366157371051536, -0.025841755663126117, 0.0015950860106095056]]	0.42878055050793507	[[0.7030055618556655, -0.7030055618556654, 0.0], [0.7071067811865475, 0.7071067811865476, 0.0], [0.0, 0.0, 0.9942]]
5	[[-0.30792515101507295, 0.09349718223056193, 0.9468053539599837], [0.3027085282091916, -0.9338174967034747, 0.1906631317268273], [0.9019698710720718, 0.34531602882779927, 0.2592434992682147]]	0.7909438186758667	0.2090561813241334	[[-0.24355149481020474, 0.07395101834887405, 0.748869842203865], [0.2394254392475293, -0.738597176788985, 0.1508038254887166], [0.7134074941563237, 0.2731255784910453, 0.205047043278096]]	0.8619494279187605	0.24623817008953336	[[-0.2658075937021769, 0.08335854428009093, 0.7596791313260872], [0.2430922645307677, -0.8496179831038463, 0.11996204019694656], [0.6948813313523607, 0.274322511369092, 0.18244904942208595]]	[[-0.00039168594293676585, 0.002768701544441972, -0.056419201870140157], [-0.017827178185274982, -0.04471452603975714, -0.04437993712019149], [-0.08257108301816962, -0.023322442130207763, -0.04100573646380936]]	0.46712156264698884	[[0.0, 0.0, 0.9942], [0.0, -1.0, 0.0], [0.9942, 0.0, 0.0]]
5	[[0.3802729664721569, 0.7767473726770865, -0.5020517802076895], [0.4287143634067757, 0.332951791095048, 0.839849450446521], [0.8195098935212374, -0.5346088512602871, -0.20639019011321075]]	0.8242564939944543	0.17574350600554578	[[0.3134424621052108, 0.6402390661222191, -0.4138194401576645], [0.3533705981067334, 0.2744376759971782, 0.6922513635082186], [0.6754863516275837, -0.44065481739820694, -0.17011845449756402]]	0.8813890901056054	0.20327895251858968	[[0.34313800338531303, 0.6536731982387618, -0.4425029617431548], [0.4037915831712182, 0.30206769226347135, 0.721328951719054], [0.7010909579134457, -0.45475971689790845, -0.08963774087735253]]	[[0.007969559474659247, -0.03094346180701502, -9.539258651830053e-19], [0.025927420492916242, 0.00860761606117546, -0.018905191235697776], [-0.02121612146977936, 0.016438692076799016, 0.0922723209932532]]	0.3680103937733953	[[0.4885005303418246, 0.4885005303418247, -0.6908440752358582], [0.5, 0.5000000000000001, 0.7071067811865475], [0.6908440752358582, -0.6908440752358581, 0.0]]
5	[[0.034229894132735264, 0.2773841392786001, 0.9601491309293217], [-0.1827544195208179, -0.9427759796974285, 0.2788803941677556], [0.9825625356654255, -0.18501754344446375, 0.018422055382213542]]	0.8680774205227245	0.13192257947727568	[[0.02971419820351078, 0.24079090811888335, 0.8334837808942611], [-0.15864498508675945, -0.8184025405865282, 0.24208977320350597], [0.8529403514627102, -0.1606095518647212, 0.01599177031691871]]	0.9336684560645669	0.12251500620524654	[[0.011974986584769354, 0.24399788840196318, 0.8876518792920179], [-0.1632356842316058, -0.828015645101456, 0.2519712778804469], [0.9219156694798876, -0.16623798328474954, 0.0]]	[[-0.01998438582139516, -0.014986932655086204, -0.008809077374497641], [0.007396352481372407, 0.0522245482774017, -0.00841054916883939], [0.00452802381826377, 0.006507060847901857, -0.01720009200624727]]	0.3408162935576968	[[0.0, 0.0, 0.9942], [0.0, -1.0, 0.0], [0.9942, 0.0, 0.0]]
5	[[0.8592155572171323, 0.2624339665249735, -0.4391776855101157], [-0.4266000482917053, 0.8413623931712975, -0.33184593135155627], [0.2824199444684594, 0.4724804086637203, 0.8348660002631537]]	0.8530709720301424	0.14692902796985774	[[0.7329718505786393, 0.22387479891718498, -0.3746497350720626], [-0.3639201178643107, 0.7177418345722455, -0.28308813122232], [0.2409242565484075, 0.40305932148395873, 0.7121999503594055]]	0.8811104680746139	0.15709296769490075	[[0.7679633314037247, 0.15080156188347738, -0.3768543511093783], [-0.36133696262603815, 0.7627837943608962, -0.375180090829798], [0.3049004008725549, 0.40726749418817276, 0.751656730038072]]	[[0.010899509607147381, -0.08043175320001955, 0.010109704938365294], [0.014544805604919222, 0.021450582293356953, -0.08278716692797207], [0.05605723140834415, -0.009039939845602687, 0.016047557766623997]]	0.4192571956169667	[[0.8290858170655874, -0.14224863746609703, -0.48566722726584205], [-0.14644660940672619, 0.8535533905932737, -0.5], [0.48566722726584205, 0.48566722726584216, 0.6868371795994902]]
5	[[0.8787972042104137, -0.3840163418041313, 0.28327887866788265], [-0.395223040501579, -0.9183905790867732, -0.018907472103605397], [0.2674214316928388, -0.09534250611366366, -0.9588511794847616]]	0.79168391101267	0.20831608898732995	[[0.6957296076163004, -0.304019559372273, 0.22426733057107295], [-0.31289172242660895, -0.7270750454886076, -0.014968741462345274], [0.21171324493119414, -0.07548112812581466, -0.7591070518536078]]	0.8602450578154219	0.23283042145490584	[[0.7033177747994817, -0.31869789951996014, 0.15573921457507656], [-0.3587162600219063, -0.8408124500155743, -0.025596482111439254], [0.14088165613048695, -0.061169743085283994, -0.8248469883322542]]	[[-0.05266317694453691, 0.01165026063740162, -0.08795004078246402], [-0.01872759269563858, -0.05077149321193408, -0.009331422678529745], [-0.08916630883720203, 0.020848176598731824, 0.0]]	0.4703589520750524	[[0.6989281295969026, -0.6989281295969025, 0.0], [-0.7071067811865475, -0.7071067811865476, 0.0], [0.0, 0.0, -0.9884336399999999]]
5	[[-0.8305561570912853, 0.32773595720904825, 0.4502950280316503], [-0.5100865793185324, -0.772219296347621, -0.37879947194723407], [0.22358030216652452, -0.5443036842615101, 0.808545204538665]]	0.8084836192121689	0.19151638078783104	[[-0.6714910478441132, 0.2649691528303359, 0.36405615397627367], [-0.41239664375900215, -0.624326651536599, -0.30625316803555824], [0.1807610118801421, -0.4400606126022634, 0.6536955532620634]]	0.8500740384151438	0.21045510027780193	[[-0.7052780560393794, 0.33900546316374774, 0.4127190267528153], [-0.49357471207576337, -0.6396998017704645, -0.3762669130156962], [0.07371356358906762, -0.5060561313174566, 0.6942475457283797]]	[[0.0007561705497720909, 0.06040563448519938, 0.029934913795689917], [-0.05996335365309197, 0.016743774017858398, -0.054259316147987], [-0.11634624678370802, -0.04335770031303342, 0.006924258464998365]]	0.373420909203339	[[-0.6868371795994902, 0.48566722726584216, 0.48566722726584205], [-0.7071067811865475, -0.5000000000000001, -0.5], [0.0, -0.6868371795994901, 0.6868371795994902]]
5	[[-0.5446221603179724, 0.8109226453022452, -0.2139887049042392], [-0.8354447797583356, -0.5021691245819775, 0.22328947644507607], [0.07361197229480154, 0.30038414347728, 0.9509735242804028]]	0.8641446241879727	0.13585537581202745	[[-0.47063231205241607, 0.7007544445702252, -0.1849171889799448], [-0.7219451152340705, -0.43394674944069617, 0.1929544007077594], [0.06361139013442674, 0.2595753427772002, 0.8217786587520005]]	0.8748436156976168	0.12807588850551158	[[-0.4768198838576523, 0.7090698351312622, -0.1762755087460495], [-0.7383385814359564, -0.4475042708763331, 0.19534337292043824], [0.07212844974607138, 0.25505966443284095, 0.8324631722439655]]	[[-0.00036066393603005544, -0.0003606639360300554, 0.010931143570825452], [-0.007455049596475039, -0.008184818235328845, 0.0], [0.007729485745054409, -0.007729485745054408, 0.0005100558297925667]]	0.38342083582536496	[[-0.6989281295969026, 0.6989281295969025, 0.0], [-0.7071067811865475, -0.7071067811865476, 0.0], [0.0, 0.0, 0.9884336399999999]]
5	[[0.04673222253661188, -0.9725397674033924, -0.22799671093185395], [-0.8377629715199755, -0.16246744520517667, 0.5213036857710898], [-0.5440306084466285, 0.16664552219444034, -0.8223502702654952]]	0.7303901015273147	0.2696098984726853	[[0.034132752763113075, -0.7103334194531147, -0.16652654084541063], [-0.6118937818242998, -0.11866461379829249, 0.3807550519769097], [-0.39735457133729973, 0.12171623987466967, -0.6006364973902297]]	0.8114577348812583	0.319629569243911	[[-0.03173538372661956, -0.9022787204385573, -0.1560956067759247], [-0.6759141575533794, -0.14484201136817515, 0.2871799638822141], [-0.32698843943611705, 0.04301468850499434, -0.6368209373823762]]	[[-0.06965660717214539, -0.11310380369945452, 0.028914087837214504], [0.0038950856836121664, -0.01300654629003771, -0.13583594415884556], [0.11446940580005689, -0.09221110946301067, 0.030481550206253004]]	0.6109065261295606	[[1.9621925560682131e-16, -0.9827007248879999, 0.0], [-1.0, -1.7938038903913487e-16, 0.0], [0.0, 0.0, -0.9827007248879999]]
5	[[0.5319609947059123, -0.8460851799387872, 0.03402011756955908], [-0.703274286200726, -0.4190807785627857, 0.5742617690636116], [-0.47161719485230363, -0.3294103357928521, -0.8179645788128509]]	0.8261094532799552	0.17389054672004478	[[0.4394580065027624, -0.698958965427504, 0.02810434072590824], [-0.5809815360791325, -0.34620659285864086, 0.4744030760807201], [-0.38960742299686274, -0.27212899240659955, -0.6757282710054532]]	0.8937693279404015	0.1520265230268943	[[0.5396164127494241, -0.7385683808540966, 0.0], [-0.5874240880270686, -0.39282702565991434, 0.5834704502205679], [-0.4007491984091395, -0.3815664246946767, -0.7385683808540967]]	[[0.06416599202061338, 0.01763660180012684, -0.030406137616598262], [0.04114089810831969, -0.018265479851113098, 0.07021289482271757], [0.020767784879141327, -0.08714957025647731, -0.007496728969481342]]	0.291982767721641	[[0.6868371795994902, -0.6868371795994901, 0.0], [-0.5, -0.5000000000000001, 0.7071067811865475], [-0.48566722726584205, -0.48566722726584216, -0.6868371795994902]]
5	[[-0.3195682178843842, -0.5708200961323295, -0.7563336379995778], [0.910087742671785, 0.03735879733279218, -0.41272826520656647], [0.2638493031197415, -0.8202248094963509, 0.507557688474819]]	0.8227453304028667	0.17725466959713332	[[-0.26292325900954294, -0.4696395685929896, -0.6222699688907648], [0.7487704405400969, 0.030736776055021866, -0.3395702529239784], [0.21708078207181783, -0.6748361318937036, 0.4175907181027303]]	0.8545600379738084	0.18001371113431927	[[-0.2724154171406856, -0.5387198043898775, -0.6627858980270995], [0.8128939194760929, 0.005641037293245922, -0.274199311101717], [0.16804529899496826, -0.7038589167533188, 0.48214881911468777]]	[[0.0006748112698160072, -0.05091976136282107, -0.01645339561731164], [0.035169303538994785, -0.026284297974120817, 0.07850177088607042], [-0.05742977149840089, -0.002927572403057483, 0.048410301577748054]]	0.46979680393999584	[[1.9394971305754078e-16, -0.6868371795994902, -0.6868371795994901], [1.0, 1.2684108950145333e-16, 1.268410895014533e-16], [0.0, -0.6868371795994901, 0.6868371795994902]]
