5	[[-0.5446221603179724, 0.8109226453022452, -0.2139887049042392], [-0.8354447797583356, -0.5021691245819775, 0.22328947644507607], [0.07361197229480154, 0.30038414347728, 0.9509735242804028]]	0.8570820927129114	0.14291790728708872	[[-0.4667859009031545, 0.6950272778639381, -0.18340588701625102], [-0.7160447601813515, -0.43040016419253196, 0.19137741175231612], [0.06309150326315335, 0.2574538703092826, 0.8150623783048204]]	0.8711492461761112	0.13275633062046155	[[-0.47475384994892234, 0.7061279856250731, -0.17214814321414248], [-0.737725793959187, -0.4480154683190358, 0.19451845908418658], [0.0742159824410433, 0.2515904518865991, 0.828873559372014]]	[[-0.0003066655371156449, -0.00030666553711564484, 0.014267955753387844], [-0.009928703850945634, -0.010551213986528528, 0.0], [0.01008896826689016, -0.01008896826689016, 0.00043369056170137473]]	0.3842972022889695	[[-0.6966803219923243, 0.6966803219923242, 0.0], [-0.7071067811865475, -0.7071067811865476, 0.0], [0.0, 0.0, 0.9852547599999999]]
5	[[0.034229894132735264, 0.2773841392786001, 0.9601491309293217], [-0.1827544195208179, -0.9427759796974285, 0.2788803941677556], [0.9825625356654255, -0.18501754344446375, 0.018422055382213542]]	0.8678252522780916	0.1321747477219086	[[0.029705566511193347, 0.24072096064739246, 0.8332416617733289], [-0.15859890022558995, -0.8181648024226457, 0.2420194484240461], [0.8526925803928491, -0.1605628963155645, 0.01598712485955044]]	0.9324648990704802	0.12271197798311288	[[0.011654863433871345, 0.24327836295686678, 0.8854668494675345], [-0.16338360373380648, -0.8279657494798792, 0.2519438170645596], [0.9195942273946822, -0.16571518681883018, 0.0]]	[[-0.02026331134380286, -0.015372610479305139, -0.009838512997084948], [0.0070284776193571714, 0.05113975927475657, -0.008102361535812463], [0.0033891517449861704, 0.006807178155379904, -0.017177920012646543]]	0.34148803418475465	[[0.0, 0.0, 0.9925999999999999], [0.0, -1.0, 0.0], [0.9925999999999999, 0.0, 0.0]]
5	[[0.3802729664721569, 0.7767473726770865, -0.5020517802076895], [0.4287143634067757, 0.332951791095048, 0.839849450446521], [0.8195098935212374, -0.5346088512602871, -0.20639019011321075]]	0.8200383882069026	0.17996161179309758	[[0.311838430504485, 0.6369626635340643, -0.41170173263791976], [0.35156223556924054, 0.2730332501201845, 0.688708789680618], [0.6720295722027658, -0.4383997807086295, -0.16924787884215353]]	0.8788000586990657	0.20622744882294125	[[0.3431328333746674, 0.6485029030213968, -0.44120313391648786], [0.4040808170084531, 0.3019741808525823, 0.7210009841871923], [0.6967139149302571, -0.4532329781504742, -0.0889363367354815]]	[[0.008948928117268051, -0.03410273368157202, 1.3757732901598662e-18], [0.027326609281446, 0.009376127294295118, -0.01705876216358847], [-0.02347142760067129, 0.016581311718106253, 0.09243937445091942]]	0.36865855697657196	[[0.48536347105132854, 0.48536347105132865, -0.6864076034412702], [0.5, 0.5000000000000001, 0.7071067811865475], [0.6864076034412702, -0.68640760344127, 0.0]]
5	[[-0.30792515101507295, 0.09349718223056193, 0.9468053539599837], [0.3027085282091916, -0.9338174967034747, 0.1906631317268273], [0.9019698710720718, 0.34531602882779927, 0.2592434992682147]]	0.7877944907724607	0.2122055092275394	[[-0.24258173753995246, 0.0736565650639855, 0.7458880416835447], [0.23847211083304112, -0.7356562792899278, 0.15020336476781848], [0.710566895273325, 0.2720380650859645, 0.20423060049207403]]	0.8606671322657483	0.2479824879251783	[[-0.26497977433698383, 0.0828327753251798, 0.7578058838715276], [0.24310367677816375, -0.8496875068939711, 0.11978278267252365], [0.6931600921527759, 0.2732119813916296, 0.18214699901180406]]	[[4.128233965651678e-05, 0.0023628236198739803, -0.05707836493506829], [-0.017427604108026542, -0.04598147994661155, -0.044314708139611414], [-0.08313573017293106, -0.023990174864988917, -0.04097536006190793]]	0.4673660347933057	[[0.0, 0.0, 0.9925999999999999], [0.0, -1.0, 0.0], [0.9925999999999999, 0.0, 0.0]]
5	[[-0.8305561570912853, 0.32773595720904825, 0.4502950280316503], [-0.5100865793185324, -0.772219296347621, -0.37879947194723407], [0.22358030216652452, -0.5443036842615101, 0.808545204538665]]	0.804291344217251	0.19570865578274904	[[-0.6680091280348641, 0.26359519357199285, 0.3621683933899208], [-0.4102582205472818, -0.6210892958899277, -0.30466513648122573], [0.17982370177001314, -0.4377787418770921, 0.6503059094188149]]	0.8462072356177245	0.21389723908834674	[[-0.7024088079676, 0.33786424024116596, 0.40795470408299184], [-0.4953671004015754, -0.6387424144064309, -0.374998539328136], [0.07130821732710893, -0.5026835527204608, 0.692611162550519]]	[[0.0004138217498970451, 0.0605317018787684, 0.02691179319992336], [-0.06372814619073881, 0.014715141646553971, -0.054455685318213265], [-0.11788705210780132, -0.04208983672498566, 0.008414360145887577]]	0.3766926628850782	[[-0.6813281871758047, 0.48177178136554877, 0.48177178136554866], [-0.7071067811865475, -0.5000000000000001, -0.5], [0.0, -0.6813281871758046, 0.6813281871758047]]
5	[[0.08740825448676931, -0.06334395238859675, -0.994156597696443], [0.7119981850616444, -0.6940087028176986, 0.10681996481098455], [-0.6967197295301035, -0.717174639895393, -0.015561310176609944]]	0.9272877256299894	0.07271227437001071	[[0.08105260150432361, -0.05873806954283622, -0.9218692103979831], [0.6602271776784924, -0.6435457516032429, 0.09905284222145336], [-0.6460596533975111, -0.6650272407081055, -0.014429811921491443]]	0.961929104711375	0.06039287512080569	[[0.06459389350023784, -0.06280723268224082, -0.9390788957454012], [0.6829291756385786, -0.6692100898647896, 0.09410428027953013], [-0.6800106616288217, -0.6940705356183675, 0.0]]	[[-0.01948665048260419, -0.0018748412721979915, 0.017229270219644995], [-0.001962601073892906, -0.0016229197014581758, -0.008648952836400815], [-0.009815675967177926, -0.004199376342089303, 0.014968877166322413]]	0.11973470224241094	[[0.0, 0.0, -0.9779638747759998], [0.7071067811865475, -0.7071067811865476, 0.0], [-0.6915248876095811, -0.691524887609581, 0.0]]
5	[[0.8592155572171323, 0.2624339665249735, -0.4391776855101157], [-0.4266000482917053, 0.8413623931712975, -0.33184593135155627], [0.2824199444684594, 0.4724804086637203, 0.8348660002631537]]	0.8475265541453685	0.15247344585463152	[[0.7282080004763288, 0.22241975533961184, -0.37221475045792674], [-0.36155486892691674, 0.7130769698719704, -0.281248238705545], [0.23935840235727976, 0.40043969265595847, 0.7075711043761571]]	0.8770365220366143	0.16134844068200935	[[0.7643794664137225, 0.14911505698485872, -0.3744851711189127], [-0.36008513449024737, 0.7605795590562155, -0.3774788428158757], [0.30467063974687086, 0.40516893608101934, 0.7474362160866829]]	[[0.010816042432257296, -0.08104911628047741, 0.010689698736969117], [0.014058688164161509, 0.02267401197685854, -0.08643784133130568], [0.05697803389647943, -0.009213638263848141, 0.01522824284926749]]	0.4210120659116638	[[0.8224358749534512, -0.14110768777764643, -0.48177178136554866], [-0.14644660940672619, 0.8535533905932737, -0.5], [0.48177178136554866, 0.48177178136554877, 0.6813281871758047]]
5	[[0.5319609947059123, -0.8460851799387872, 0.03402011756955908], [-0.703274286200726, -0.4190807785627857, 0.5742617690636116], [-0.47161719485230363, -0.3294103357928521, -0.8179645788128509]]	0.8227150802168771	0.17728491978312302	[[0.4376523324317244, -0.6960870366836501, 0.02798886375522738], [-0.5785943607860973, -0.34478407635263353, 0.472453817400655], [-0.3880065782945715, -0.2710108508360847, -0.6729517940725785]]	0.8884469592784222	0.1564270869114274	[[0.5367588775704131, -0.7343372486249637, 0.0], [-0.5893504451167129, -0.39390626108935084, 0.5807461698984192], [-0.3956787351461818, -0.37954584219211884, -0.734337248624964]]	[[0.06413974936922029, 0.017364556782188328, -0.03022507000896919], [0.03547145599702496, -0.021575217683210003, 0.07054504734400613], [0.023328127563766583, -0.08688223100207541, -0.007619105781231207]]	0.2949704385719342	[[0.6813281871758047, -0.6813281871758046, 0.0], [-0.5, -0.5000000000000001, 0.7071067811865475], [-0.48177178136554866, -0.48177178136554877, -0.6813281871758047]]
5	[[0.8489524140446696, -0.5135124485683378, 0.12483895166604869], [0.522794976890395, 0.7815435453534784, -0.34040431673891397], [0.0772347773085365, 0.35425224329800037, 0.9319550081910795]]	0.8714040008533004	0.12859599914669964	[[0.7397805301325927, -0.44747680217042424, 0.10878516194412663], [0.45556563448829895, 0.6810401722620938, -0.2966296835140238], [0.06730269395167242, 0.30869682212113425, 0.8121093227529771]]	0.9187181998874905	0.13794804302304342	[[0.7742083368738061, -0.48355125024135, 0.06011608673363224], [0.5045631740149922, 0.6710636636368051, -0.2895593903903513], [0.02435247842501731, 0.2972874664123704, 0.8574973874216598]]	[[-0.005739696747452341, -0.011778017872829184, -0.05457573021684145], [0.024261913936026284, -0.04695461548402984, 0.023176250717954854], [-0.04660451715259254, -0.028170516856473773, 0.0012933599202197986]]	0.4292777282573873	[[0.7018741910057671, -0.701874191005767, 0.0], [0.7071067811865475, 0.7071067811865476, 0.0], [0.0, 0.0, 0.9925999999999999]]
5	[[-0.3195682178843842, -0.5708200961323295, -0.7563336379995778], [0.910087742671785, 0.03735879733279218, -0.41272826520656647], [0.2638493031197415, -0.8202248094963509, 0.507557688474819]]	0.8178652433644653	0.18213475663553477	[[-0.2613637382915603, -0.46685391684059513, -0.6185789949072562], [0.7443291331432763, 0.030554461872387847, -0.33755610306656203], [0.2157931745075719, -0.6708333634323053, 0.4151137924059634]]	0.8502627128971375	0.18001309737186869	[[-0.27463395869491314, -0.5326278328108763, -0.65708718670838], [0.8099005143608391, 0.005523808691255117, -0.27767224689388026], [0.1697640670399002, -0.6980475993012599, 0.47692940605018475]]	[[-0.0029170188008331155, -0.047280789297197034, -0.014004895807497603], [0.036086841302295086, -0.02624098367949915, 0.07325520756998413], [-0.05457715722671033, -0.0006410275933548676, 0.045372028895785135]]	0.4723059168260055	[[1.9239407872156463e-16, -0.6813281871758047, -0.6813281871758046], [1.0, 1.2684108950145333e-16, 1.268410895014533e-16], [0.0, -0.6813281871758046, 0.6813281871758047]]
5	[[0.22433838825039393, -0.7661379269479729, -0.6022499185961573], [-0.9416906372873723, -0.011392912655017143, -0.3362869982418849], [0.2507808429735371, 0.642575192824231, -0.724020780340167]]	0.7367659401966102	0.26323405980338976	[[0.16528488354149368, -0.5644643300681053, -0.4437172275078298], [-0.6938055877553759, -0.008393910003851635, -0.24776480643557813], [0.18476678355669654, 0.47342751608816264, -0.5334338509492068]]	0.7853121756449537	0.35449426960805136	[[0.23323523463748747, -0.5965518611326573, -0.37211633545949874], [-0.83625860681796, -0.016409144189820327, -0.1569445031116806], [0.15235025758542275, 0.37211633545949874, -0.540810800957353]]	[[0.05705956687988825, 0.005105581122969851, 0.10083785839524582], [-0.09673748366533079, -0.007462151165775867, 0.10714577111876476], [-0.04459099182020117, -0.1325057872327738, 0.027771533263740773]]	0.603743071422893	[[0.6813281871758047, -0.48177178136554877, -0.48177178136554866], [-0.7071067811865475, -0.5000000000000001, -0.5], [0.0, 0.6813281871758046, -0.6813281871758047]]
5	[[-0.42203838922340475, -0.825029846081567, 0.3757783270710803], [0.2588054115689476, 0.28760896992378115, 0.9221175843470338], [-0.8688517462515349, 0.4864224845687207, 0.09214016247897017]]	0.825913494180392	0.1740865058196082	[[-0.3485672007217665, -0.681403282980338, 0.3103603911485382], [0.213750881781704, 0.23754012930737334, 0.7615893561332409], [-0.7175963816713404, 0.40174289387805995, 0.0760998035473553]]	0.875759726611635	0.2028030183610203	[[-0.2959935593654268, -0.6751322362768198, 0.34925905806263585], [0.2550781516278796, 0.23185330542008895, 0.829902545172785], [-0.784359347538724, 0.3964188758270489, 0.02217923020262359]]	[[0.07361066500047699, 0.04739567617401252, 0.020167533080289006], [0.02842679514664645, -0.02002304745141563, 0.02234910160124537], [-0.023453979775438102, -0.02957034627660621, -0.05851341329991096]]	0.4822060324483552	[[-0.48536347105132854, -0.48536347105132865, 0.6864076034412702], [0.5, 0.5000000000000001, 0.7071067811865475], [-0.6864076034412702, 0.68640760344127, 0.0]]
5	[[0.8787972042104137, -0.3840163418041313, 0.28327887866788265], [-0.395223040501579, -0.9183905790867732, -0.018907472103605397], [0.2674214316928388, -0.09534250611366366, -0.9588511794847616]]	0.7875223540921767	0.21247764590782334	[[0.6920724430294083, -0.30242145350745553, 0.22308844939312308], [-0.3112469792472713, -0.7232531108184931, -0.014890056940963476], [0.21060035542144467, -0.07508435485968017, -0.7551167380918998]]	0.8589175839694742	0.23450137997894335	[[0.7020379427335457, -0.31844640212276404, 0.15466346474329115], [-0.3590633247833768, -0.8407473022717841, -0.02540669791658483], [0.14003242782426933, -0.060354517819681125, -0.8235741384693321]]	[[-0.0527764287059916, 0.01139198638443624, -0.08864974531170847], [-0.019599305706690873, -0.051925484942246705, -0.009166737658385844], [-0.08966054218700151, 0.021536837181061683, 0.0]]	0.4709494427426325	[[0.6966803219923243, -0.6966803219923242, 0.0], [-0.7071067811865475, -0.7071067811865476, 0.0], [0.0, 0.0, -0.9852547599999999]]
5	[[0.04673222253661188, -0.9725397674033924, -0.22799671093185395], [-0.8377629715199755, -0.16246744520517667, 0.5213036857710898], [-0.5440306084466285, 0.16664552219444034, -0.8223502702654952]]	0.7261940560471263	0.2738059439528738	[[0.03393666223195914, -0.7062525983577981, -0.16556985627700724], [-0.6083784902941842, -0.11798289300916155, 0.3785676380024243], [-0.3950717941616432, 0.12101698768447203, -0.5971858782555505]]	0.8092200169555526	0.3227771117895037	[[-0.02996130051819698, -0.899279861893092, -0.153559932564973], [-0.6745596985209451, -0.14386408942943293, 0.2881821730669945], [-0.32637837311641027, 0.04080059702865238, -0.6333198375710504]]	[[-0.06777795043164456, -0.11228121482496958, 0.03093956972111207], [0.0033748674971836225, -0.012392180665774698, -0.1336672043716788], [0.11386208507510998, -0.09405229526709954, 0.032142462076596934]]	0.6122600521827457	[[1.9527343234714712e-16, -0.9779638747759998, 0.0], [-1.0, -1.7938038903913487e-16, 0.0], [0.0, 0.0, -0.9779638747759998]]
