5	[[-0.30792515101507295, 0.09349718223056193, 0.9468053539599837], [0.3027085282091916, -0.9338174967034747, 0.1906631317268273], [0.9019698710720718, 0.34531602882779927, 0.2592434992682147]]	0.7570036483530325	0.24299635164696748	[[-0.23310046273806864, 0.07077770805926371, 0.7167351072278921], [0.2291514602419349, -0.7069032519004262, 0.1443326863236231], [0.6827944831060729, 0.261405493657425, 0.19624827475784523]]	0.8487321032520152	0.26267390904957244	[[-0.25576201962127476, 0.07866362054355426, 0.7428049110792369], [0.24377586787859815, -0.8497644716600725, 0.11892478218994242], [0.6795401818305846, 0.26398172641002327, 0.17709839907772054]]	[[0.005583941443942491, -0.0006904395791275039, -0.060779188357488925], [-0.013142577940711078, -0.05720358362940072, -0.042897138613183755], [-0.08599060391436386, -0.02909907302362828, -0.04292988131060361]]	0.46978168940305093	[[0.0, 0.0, 0.978], [0.0, -1.0, 0.0], [0.978, 0.0, 0.0]]
5	[[0.5319609947059123, -0.8460851799387872, 0.03402011756955908], [-0.703274286200726, -0.4190807785627857, 0.5742617690636116], [-0.47161719485230363, -0.3294103357928521, -0.8179645788128509]]	0.786901256708232	0.21309874329176814	[[0.4186007752538436, -0.6657854913760421, 0.026770473268847836], [-0.553407419621936, -0.3297751913133204, 0.45188730775564845], [-0.3711161633144888, -0.25921340720807595, -0.643657355010652]]	0.8435357069547534	0.20084171765733352	[[0.501491663158592, -0.6927348097495534, 0.0065558790726698915], [-0.5937610113372688, -0.3893193900832177, 0.5675003601300214], [-0.36387956882580785, -0.35460815572796023, -0.6861789306768836]]	[[0.05276356941698633, 0.02096825065405135, -0.02214130485205196], [-0.0005240391438396729, -0.035809789267109766, 0.08309005278586035], [0.03394637504594781, -0.07673877524673398, 0.0038033985759617305]]	0.32510732369539436	[[0.632672963922772, -0.6326729639227718, 0.0], [-0.5, -0.5000000000000001, 0.7071067811865475], [-0.4473673430631838, -0.44736734306318393, -0.632672963922772]]
5	[[0.22433838825039393, -0.7661379269479729, -0.6022499185961573], [-0.9416906372873723, -0.011392912655017143, -0.3362869982418849], [0.2507808429735371, 0.642575192824231, -0.724020780340167]]	0.6982344129122058	0.3017655870877941	[[0.15664078281368424, -0.5349438656322923, -0.42051161833741163], [-0.6575208092712694, -0.007954923679035912, -0.2348071547874305], [0.17510381466325575, 0.4486681125135744, -0.5055362244970536]]	0.7654031100260722	0.38270193168185207	[[0.21968739601628415, -0.5703362812209182, -0.3523076613796408], [-0.8381245285211959, -0.01343628471849527, -0.15630998012049685], [0.14300200511404054, 0.35230766137964076, -0.5183317750192518]]	[[0.04797809595119623, 0.016068070773987895, 0.10865629932680676], [-0.11735158605900722, -0.004716113940089892, 0.10108513419517415], [-0.04894643203286488, -0.13952138963362873, 0.03583598197661571]]	0.6269841787749217	[[0.632672963922772, -0.44736734306318393, -0.4473673430631838], [-0.7071067811865475, -0.5000000000000001, -0.5], [0.0, 0.6326729639227718, -0.632672963922772]]
5	[[-0.3195682178843842, -0.5708200961323295, -0.7563336379995778], [0.910087742671785, 0.03735879733279218, -0.41272826520656647], [0.2638493031197415, -0.8202248094963509, 0.507557688474819]]	0.7693189542133069	0.23068104578669313	[[-0.2458498871826246, -0.43914271940046307, -0.581861803422181], [0.7001477504346069, 0.028740830894730555, -0.3175196773629881], [0.2029842699459893, -0.6310144926615415, 0.39047375010037105]]	0.8107063614445741	0.20723424497006793	[[-0.2952659016101557, -0.4888513820653752, -0.6025249699020105], [0.7771447442741557, 0.01202145927894846, -0.3112801265314598], [0.19367814570454853, -0.6389940910756156, 0.44197117996334406]]	[[-0.03618991445577985, -0.026083898890492264, 0.010639521798764894], [0.03933082181740667, -0.01826555537466481, 0.02332130361948684], [-0.02022616279734359, 0.025967379797740095, 0.030490933116704873]]	0.4968401320904267	[[1.786547721304756e-16, -0.632672963922772, -0.6326729639227718], [1.0, 1.2684108950145333e-16, 1.268410895014533e-16], [0.0, -0.6326729639227718, 0.632672963922772]]
5	[[0.3802729664721569, 0.7767473726770865, -0.5020517802076895], [0.4287143634067757, 0.332951791095048, 0.839849450446521], [0.8195098935212374, -0.5346088512602871, -0.20639019011321075]]	0.7656885315910369	0.23431146840896333	[[0.29117064930183345, 0.5947465552023141, -0.38441529036989164], [0.3282616713889202, 0.25493736801417294, 0.643063092469936], [0.6274893269946031, -0.4093438662970603, -0.15803060160257926]]	0.8519950694086336	0.2392193046662108	[[0.34595459122285005, 0.6004886365799847, -0.4324912573125939], [0.4026961523361687, 0.2923141639665125, 0.7183843388525134], [0.6622775750027854, -0.4324912573125939, -0.08151014522694407]]	[[0.021963898759177775, -0.06129629511700312, -0.004745615987815574], [0.0374336285289347, 0.00864087960275818, 0.0028367480265270462], [-0.03594081360890308, 0.02299284802338421, 0.094333279123822]]	0.37835946048887553	[[0.4574308211279999, 0.457430821128, -0.6469048710866789], [0.5, 0.5000000000000001, 0.7071067811865475], [0.6469048710866789, -0.6469048710866788, 0.0]]
5	[[0.8489524140446696, -0.5135124485683378, 0.12483895166604869], [0.522794976890395, 0.7815435453534784, -0.34040431673891397], [0.0772347773085365, 0.35425224329800037, 0.9319550081910795]]	0.826967824708943	0.17303217529105702	[[0.7020563311239264, -0.42465827255352134, 0.10323779629821717], [0.4323346248078121, 0.646311365616281, -0.2815034173351137], [0.06387067578272007, 0.29295520703841066, 0.7706968058503821]]	0.9048467552002201	0.16027519574266033	[[0.7479356253280398, -0.4707371789259311, 0.06684546849980795], [0.5085561487266108, 0.6668976327915781, -0.2956241038465444], [0.02196332695243479, 0.2929274118413515, 0.8292874004497051]]	[[-0.020236211839673144, -0.00608710608395069, -0.04611465183781331], [0.03550681025236295, -0.04027950826919269, 0.012389637610809832], [-0.04792231068380605, -0.02761658102924299, -0.01398906470458764]]	0.43393941491750687	[[0.6915504320004435, -0.6915504320004434, 0.0], [0.7071067811865475, 0.7071067811865476, 0.0], [0.0, 0.0, 0.978]]
5	[[-0.42203838922340475, -0.825029846081567, 0.3757783270710803], [0.2588054115689476, 0.28760896992378115, 0.9221175843470338], [-0.8688517462515349, 0.4864224845687207, 0.09214016247897017]]	0.7511285447321968	0.24887145526780338	[[-0.31700508111849646, -0.6197034676478756, 0.28225782795480003], [0.19439613216060087, 0.21603130703077594, 0.6926288392025561], [-0.6526193477499435, 0.3653658129591226, 0.069209106154217]]	0.851295089469099	0.24377581964847747	[[-0.2804638909833682, -0.6343977512726318, 0.33174647294467285], [0.25641055414175573, 0.23191418835541544, 0.8305655356472597], [-0.7374417645108914, 0.3742250529520135, 0.022410785432595073]]	[[0.07881531732996457, 0.06794610536205291, 0.011848228380149171], [0.036090778145081485, -0.012925915427965328, 0.04557136417952208], [0.002207460549692065, -0.03986401956869694, -0.05602768242863716]]	0.49601046043291186	[[-0.4574308211279999, -0.457430821128, 0.6469048710866789], [0.5, 0.5000000000000001, 0.7071067811865475], [-0.6469048710866789, 0.6469048710866788, 0.0]]
5	[[-0.5446221603179724, 0.8109226453022452, -0.2139887049042392], [-0.8354447797583356, -0.5021691245819775, 0.22328947644507607], [0.07361197229480154, 0.30038414347728, 0.9509735242804028]]	0.7984575432845687	0.20154245671543136	[[-0.43485767214582266, 0.6474873031618543, -0.1708608956084854], [-0.6670671863957582, -0.4009607255270883, 0.17828716680363302], [0.05877603455483897, 0.23984398524250838, 0.7593119839255987]]	0.8564184324144511	0.1705056885567341	[[-0.4834674894068049, 0.6774460680900138, -0.132637735004899], [-0.7625536341379051, -0.44850481931581465, 0.21027736455959453], [0.04623877564033649, 0.21392699465584544, 0.8314742875409837]]	[[-0.01704303260911502, -0.017043032609115015, 0.05062613620358816], [-0.04706332548843499, -0.01843792483438031, 0.01904814116785894], [-0.016803874279313475, -0.043327522623124254, 0.01704303260911502]]	0.3928965252701472	[[-0.6763363224964337, 0.6763363224964337, 0.0], [-0.7071067811865475, -0.7071067811865476, 0.0], [0.0, 0.0, 0.956484]]
5	[[0.034229894132735264, 0.2773841392786001, 0.9601491309293217], [-0.1827544195208179, -0.9427759796974285, 0.2788803941677556], [0.9825625356654255, -0.18501754344446375, 0.018422055382213542]]	0.8652851691750786	0.13471483082492156	[[0.02961861973548886, 0.24001638188216703, 0.830802803189483], [-0.15813468881256418, -0.8157700730866899, 0.241311069047059], [0.8501967898983518, -0.16009293637970026, 0.015940331307951312]]	0.9212811395948346	0.1258358736124583	[[0.009020587520809012, 0.23815709751670386, 0.8649757864042041], [-0.16470990651049522, -0.8268965830398785, 0.25319871040775493], [0.8984515425092992, -0.16107592280878202, 0.0]]	[[-0.022514768354007883, -0.017391678423417187, -0.019591499119351475], [0.0036582933716363814, 0.04166514591840513, -0.003728536941771615], [-0.0067647900717343985, 0.00937725046077036, -0.01697189217620485]]	0.3477035305428423	[[0.0, 0.0, 0.978], [0.0, -1.0, 0.0], [0.978, 0.0, 0.0]]
5	[[0.8787972042104137, -0.3840163418041313, 0.28327887866788265], [-0.395223040501579, -0.9183905790867732, -0.018907472103605397], [0.2674214316928388, -0.09534250611366366, -0.9588511794847616]]	0.7476484168052656	0.2523515831947344	[[0.6570313384208096, -0.28710920997720857, 0.2117930051504134], [-0.29548788051596897, -0.686633262463097, -0.01413614158405032], [0.1999372100249484, -0.071282673750127, -0.7168835662936437]]	0.8464131859452233	0.24921014569948005	[[0.6920337533806007, -0.31319589215450894, 0.1445192271784072], [-0.3593778176035363, -0.8404982534863664, -0.025693462051873374], [0.13186780279150712, -0.055118625695415924, -0.8115842816750323]]	[[-0.051791788034890526, 0.011840603166955682, -0.0952517510258657], [-0.024855824733636813, -0.06316035749945217, -0.009689928350490304], [-0.09448122319766146, 0.025580528660252053, 0.0]]	0.4769507702104917	[[0.6763363224964337, -0.6763363224964337, 0.0], [-0.7071067811865475, -0.7071067811865476, 0.0], [0.0, 0.0, -0.956484]]
5	[[0.08740825448676931, -0.06334395238859675, -0.994156597696443], [0.7119981850616444, -0.6940087028176986, 0.10681996481098455], [-0.6967197295301035, -0.717174639895393, -0.015561310176609944]]	0.8670221559712386	0.13297784402876148	[[0.07578489325480142, -0.05492061016770065, -0.8619557967078015], [0.6173182014597556, -0.6017209217798035, 0.09261527619119166], [-0.6040714420048887, -0.6218063024900002, -0.013492000699061528]]	0.9327284117392226	0.10284889504121922	[[0.06384186900163726, -0.055041508904805865, -0.8950040620550211], [0.680583536519165, -0.662832036573533, 0.09868818717409703], [-0.6416012833710584, -0.6614866782697012, 0.0]]	[[-0.017686293378704844, 0.00404119519989491, 0.03227404233445139], [0.01648260020540867, -0.015510401461182951, -0.0009458289460922403], [0.008249003380935845, 0.007442484539577611, 0.014514476125610794]]	0.14383705116165765	[[0.0, 0.0, -0.9354413519999999], [0.7071067811865475, -0.7071067811865476, 0.0], [-0.6614569234015122, -0.6614569234015121, 0.0]]
5	[[0.8592155572171323, 0.2624339665249735, -0.4391776855101157], [-0.4266000482917053, 0.8413623931712975, -0.33184593135155627], [0.2824199444684594, 0.4724804086637203, 0.8348660002631537]]	0.7856650703473188	0.2143349296526813	[[0.6750556512045088, 0.20618520077136931, -0.3450465671812777], [-0.3351647569512722, 0.6610290438185158, -0.26071975699979205], [0.22188748553829804, 0.37121135351051177, 0.6559250548273354]]	0.8325798120312009	0.20639164022432965	[[0.7321660254621664, 0.16459174145606875, -0.33098435328701387], [-0.3513073715664051, 0.7466533428120142, -0.3914259713569444], [0.24941204590572036, 0.3897275783212329, 0.7022514121529375]]	[[0.01680049834004278, -0.05390548106389616, 0.03466612156329615], [0.0038712164528040974, 0.04615199965533426, -0.11513774820894686], [0.014274901626308192, -0.0036500715124322836, 0.007158834582600312]]	0.440479304471957	[[0.7637038250245699, -0.13103086110179796, -0.4473673430631838], [-0.14644660940672619, 0.8535533905932737, -0.5], [0.4473673430631838, 0.44736734306318393, 0.632672963922772]]
5	[[-0.8305561570912853, 0.32773595720904825, 0.4502950280316503], [-0.5100865793185324, -0.772219296347621, -0.37879947194723407], [0.22358030216652452, -0.5443036842615101, 0.808545204538665]]	0.75589166806837	0.2441083319316299	[[-0.6278104790081869, 0.24773287938073135, 0.34037425986173764], [-0.3855701953003744, -0.5837141320307861, -0.28633136471361254], [0.16900248755188443, -0.41143461983219237, 0.611172583367413]]	0.8072565264086762	0.24578387432072155	[[-0.6758797268301382, 0.3312386901530284, 0.36259170072775027], [-0.4958952793772312, -0.6265342090201897, -0.36914031453787577], [0.05610055142669952, -0.47734761051878827, 0.6619402378395395]]	[[-0.00540784846928829, 0.0666716997572295, -0.0009118994601772358], [-0.08412455918886907, -0.003155142224857077, -0.06335196860831088], [-0.1243861066736513, -0.03795490905039681, 0.009236844579264294]]	0.40759085138422885	[[-0.632672963922772, 0.44736734306318393, 0.4473673430631838], [-0.7071067811865475, -0.5000000000000001, -0.5], [0.0, -0.6326729639227718, 0.632672963922772]]
5	[[0.04673222253661188, -0.9725397674033924, -0.22799671093185395], [-0.8377629715199755, -0.16246744520517667, 0.5213036857710898], [-0.5440306084466285, 0.16664552219444034, -0.8223502702654952]]	0.6853082533251202	0.3146917466748797	[[0.03202597780056633, -0.6664895292884377, -0.1562480277325812], [-0.574125878712817, -0.11134028109575433, 0.3572537183477329], [-0.3728286660299614, 0.11420355173952448, -0.5635634273370871]]	0.7903650218160208	0.35413005771776296	[[-0.03582002342717246, -0.8497951763091967, -0.15984325677536904], [-0.6908178054471972, -0.1553101141891303, 0.2748210173159745], [-0.29890778999946754, 0.04952939824376486, -0.6123522930000237]]	[[-0.07275553751183295, -0.08113376182846677, 0.020357368634266702], [-0.028679256185157445, -0.026901528315147617, -0.13719918166126488], [0.131074973714035, -0.08218139354098614, 0.03760459629877489]]	0.6250633501759696	[[1.8678281302193827e-16, -0.9354413519999999, 0.0], [-1.0, -1.7938038903913487e-16, 0.0], [0.0, 0.0, -0.9354413519999999]]
