5	[[0.034229894132735264, 0.2773841392786001, 0.9601491309293217], [-0.1827544195208179, -0.9427759796974285, 0.2788803941677556], [0.9825625356654255, -0.18501754344446375, 0.018422055382213542]]	0.8655248365739721	0.13447516342602797	[[0.029626823525180045, 0.2400828618173223, 0.8310329196342425], [-0.158178489088927, -0.8159960257534832, 0.24137790758573158], [0.850432278105525, -0.16013727905308728, 0.015944746474047033]]	0.9220665817249428	0.12548777953227047	[[0.009025411102632263, 0.2386052880701785, 0.8663632060411999], [-0.1646533345439626, -0.8269452975971834, 0.2531376750293571], [0.8999096917106887, -0.161355355081647, 0.0]]	[[-0.022536830373145626, -0.017161357059155818, -0.018958221060974337], [0.0038584083587241413, 0.04235692733480867, -0.004008616731010046], [-0.0060783868813224, 0.009243138761335782, -0.01698636163462523]]	0.3472728587610312	[[0.0, 0.0, 0.9790000000000001], [0.0, -1.0, 0.0], [0.9790000000000001, 0.0, 0.0]]
5	[[0.8787972042104137, -0.3840163418041313, 0.28327887866788265], [-0.395223040501579, -0.9183905790867732, -0.018907472103605397], [0.2674214316928388, -0.09534250611366366, -0.9588511794847616]]	0.7504991038941938	0.24950089610580628	[[0.6595365142646384, -0.288203920404727, 0.21260054459239794], [-0.2966145377347737, -0.6892513066294931, -0.014190040870660323], [0.20069954484757785, -0.07155446540133126, -0.7196169509712043]]	0.847285682961327	0.24822532943893477	[[0.6926496813635956, -0.3136790077517739, 0.1452244374165619], [-0.35947878994699406, -0.840499605016213, -0.02558922682673008], [0.1324417227285214, -0.055385967312851114, -0.8124208764680203]]	[[-0.051942607990329535, 0.011692540682049904, -0.09479370076407391], [-0.024611966153561454, -0.06236041598942797, -0.009569196412354541], [-0.09414062766184134, 0.025396373094908865, 0.0]]	0.4765060225109265	[[0.677720130467216, -0.6777201304672159, 0.0], [-0.7071067811865475, -0.7071067811865476, 0.0], [0.0, 0.0, -0.9584410000000002]]
5	[[0.8592155572171323, 0.2624339665249735, -0.4391776855101157], [-0.4266000482917053, 0.8413623931712975, -0.33184593135155627], [0.2824199444684594, 0.4724804086637203, 0.8348660002631537]]	0.7904756623029724	0.2095243376970278	[[0.6791889866522302, 0.2074476634996246, -0.3471592718222953], [-0.33721695571186566, 0.6650764949788951, -0.26231613236766826], [0.22324609265127415, 0.37348426396363343, 0.6599412544922497]]	0.8358300000884219	0.20295525929858305	[[0.7344022131385712, 0.1639870000324743, -0.33348449072397485], [-0.3521265004467365, 0.7481024196479017, -0.3905724113746033], [0.25280383643047455, 0.39074400401522974, 0.7054777256365758]]	[[0.016244073873802098, -0.055363182231299254, 0.03359339419477814], [0.004438617954640459, 0.04486649048914123, -0.11320562654368954], [0.016748774220429932, -0.00416929599994526, 0.007671676562803597]]	0.43897488198926443	[[0.7676162339675805, -0.13170212435331902, -0.4496591791604496], [-0.14644660940672619, 0.8535533905932737, -0.5], [0.4496591791604496, 0.44965917916044973, 0.6359141096142614]]
5	[[0.22433838825039393, -0.7661379269479729, -0.6022499185961573], [-0.9416906372873723, -0.011392912655017143, -0.3362869982418849], [0.2507808429735371, 0.642575192824231, -0.724020780340167]]	0.7008947966268503	0.2991052033731497	[[0.15723760900835526, -0.5369820864963162, -0.42211383421299087], [-0.6600260677069419, -0.007985233198325763, -0.23570180724099984], [0.17577098793384738, 0.45037760909199853, -0.5074623975901349]]	0.7667845507810696	0.38075989997359677	[[0.22060384906162378, -0.5721111912383873, -0.3536391645782713], [-0.8379895995856562, -0.01363342244861597, -0.1563632519345651], [0.14363671402605757, 0.35363916457827127, -0.5198515834053615]]	[[0.04858463880409622, 0.015351534912753914, 0.10815676871041886], [-0.11591576729851943, -0.004897513036350672, 0.10149642294585297], [-0.048658161997904084, -0.13907756599451576, 0.03531636540393289]]	0.6253521249716354	[[0.6359141096142614, -0.44965917916044973, -0.4496591791604496], [-0.7071067811865475, -0.5000000000000001, -0.5], [0.0, 0.6359141096142613, -0.6359141096142614]]
5	[[-0.3195682178843842, -0.5708200961323295, -0.7563336379995778], [0.910087742671785, 0.03735879733279218, -0.41272826520656647], [0.2638493031197415, -0.8202248094963509, 0.507557688474819]]	0.7734848953830016	0.2265151046169985	[[-0.24718118957803514, -0.44152072233942974, -0.5850126448627482], [0.7039391224298378, 0.02889646544658952, -0.3192390790349087], [0.20408345062045105, -0.6344315009638274, 0.3925882055707835]]	0.8134763715708335	0.2033170930324031	[[-0.29689189206793315, -0.48911217051679595, -0.6063172450452129], [0.7771893027478951, 0.011721909032621568, -0.31192339305197386], [0.19408749839379588, -0.6433998962256432, 0.44135371799276013]]	[[-0.036930697713986806, -0.024763509895354148, 0.008942298491652033], [0.03685442802816098, -0.018668589867908404, 0.02382129857298846], [-0.020547675349544436, 0.023833605675826482, 0.028467531209384896]]	0.4950791455773603	[[1.7957000982510453e-16, -0.6359141096142614, -0.6359141096142613], [1.0, 1.2684108950145333e-16, 1.268410895014533e-16], [0.0, -0.6359141096142613, 0.6359141096142614]]
5	[[0.3802729664721569, 0.7767473726770865, -0.5020517802076895], [0.4287143634067757, 0.332951791095048, 0.839849450446521], [0.8195098935212374, -0.5346088512602871, -0.20639019011321075]]	0.770140701091081	0.2298592989089191	[[0.29286368900485216, 0.5982047661641865, -0.3866505099931753], [0.3301703804019107, 0.2564197258234714, 0.6468022445778429], [0.6311379239475231, -0.411724035519095, -0.1589494857121096]]	0.8537180552816113	0.23695703675280694	[[0.34587608075734455, 0.6036484457848103, -0.43318895489978404], [0.4024253823398807, 0.29216985887709185, 0.7185953357236439], [0.6649757740917369, -0.433188954899784, -0.08193923524321756]]	[[0.021230183344565383, -0.05947481066217286, -0.004578285450204502], [0.036424189740954155, 0.007922903280898192, 0.0016006961591101682], [-0.03465461848925415, 0.02321627393448451, 0.09425979648943472]]	0.37749773555056837	[[0.45930457524050006, 0.45930457524050017, -0.6495547595651291], [0.5, 0.5000000000000001, 0.7071067811865475], [0.6495547595651291, -0.649554759565129, 0.0]]
5	[[0.8489524140446696, -0.5135124485683378, 0.12483895166604869], [0.522794976890395, 0.7815435453534784, -0.34040431673891397], [0.0772347773085365, 0.35425224329800037, 0.9319550081910795]]	0.8306385597301097	0.16936144026989045	[[0.7051726104814641, -0.42654324068228616, 0.1036960470101035], [0.4342536666383737, 0.649180204878777, -0.28275295138192363], [0.06415418418463852, 0.2942555731542114, 0.7741177657371007]]	0.9058987164323845	0.15845596020035643	[[0.7495998670719572, -0.47195749805263865, 0.06612122115797564], [0.5081628083275059, 0.6669375763608285, -0.2959210119390356], [0.022962774327460453, 0.2934286466311628, 0.830953757419824]]	[[-0.019465035123283136, -0.006767230022530509, -0.04697022491706235], [0.03456350980519887, -0.0410617182109029, 0.012450821662789383], [-0.04700411130028383, -0.027488005865788527, -0.013303088273207277]]	0.4336130395371407	[[0.6922575387816301, -0.69225753878163, 0.0], [0.7071067811865475, 0.7071067811865476, 0.0], [0.0, 0.0, 0.9790000000000001]]
5	[[-0.42203838922340475, -0.825029846081567, 0.3757783270710803], [0.2588054115689476, 0.28760896992378115, 0.9221175843470338], [-0.8688517462515349, 0.4864224845687207, 0.09214016247897017]]	0.7557530338470919	0.24424696615290806	[[-0.318956793055528, -0.6235188091905436, 0.28399561073795376], [0.1955929749692774, 0.21736135158153466, 0.6968931619340225], [-0.6566373431929412, 0.36761526844425096, 0.0696352073326457]]	0.8529886235328885	0.24082639995351007	[[-0.28161123381190933, -0.6369979166690909, 0.3334684014369545], [0.25668998381307256, 0.2321995659934355, 0.8305640343772422], [-0.7404666001311293, 0.37576130426520127, 0.022497121908221673]]	[[0.07838271088980014, 0.06674315611357565, 0.012933763475102129], [0.0359319120360133, -0.013127613377562597, 0.04400822536959363], [0.0006540549581139999, -0.03915154130251958, -0.0560973884568118]]	0.4949624171224873	[[-0.45930457524050006, -0.45930457524050017, 0.6495547595651291], [0.5, 0.5000000000000001, 0.7071067811865475], [-0.6495547595651291, 0.649554759565129, 0.0]]
5	[[-0.5446221603179724, 0.8109226453022452, -0.2139887049042392], [-0.8354447797583356, -0.5021691245819775, 0.22328947644507607], [0.07361197229480154, 0.30038414347728, 0.9509735242804028]]	0.8021677645940318	0.19783223540596823	[[-0.4368783408906403, 0.6504960056407808, -0.17165484106140552], [-0.6701668714204974, -0.4028238841140667, 0.17911562017731847], [0.05904915126307876, 0.24095847689266264, 0.7628403061601189]]	0.8584927548758806	0.16812815246219343	[[-0.4842085730541186, 0.679516821480472, -0.13368567800261516], [-0.762257256684581, -0.4477253533846037, 0.21021130614155725], [0.04804332606498393, 0.21625638750830428, 0.8330582749497972]]	[[-0.01665439427628898, -0.016654394276288977, 0.05002207478294704], [-0.045033966163174025, -0.01661679820861257, 0.01851890837343084], [-0.015152018822227255, -0.04162122334653756, 0.01665439427628898]]	0.3922747479984103	[[-0.677720130467216, 0.6777201304672159, 0.0], [-0.7071067811865475, -0.7071067811865476, 0.0], [0.0, 0.0, 0.9584410000000002]]
5	[[0.04673222253661188, -0.9725397674033924, -0.22799671093185395], [-0.8377629715199755, -0.16246744520517667, 0.5213036857710898], [-0.5440306084466285, 0.16664552219444034, -0.8223502702654952]]	0.6881199053147801	0.3118800946852199	[[0.032157372547042644, -0.6692239726604808, -0.15688907513850864], [-0.5764813766385543, -0.11179708301132045, 0.3587194428930482], [-0.37435829077263627, 0.11467210095357036, -0.5658755901106763]]	0.7917619830422276	0.3522120787600314	[[-0.03636199343153668, -0.8523358588262846, -0.16070034818552256], [-0.6914381820062391, -0.15554882084941513, 0.27475062124651684], [-0.2998178234557123, 0.05042554790925077, -0.6140838175935864]]	[[-0.07336279061909529, -0.08231584399954785, 0.019818779788987686], [-0.02812931035623406, -0.026913274253959958, -0.13799781876682343], [0.13092492992365995, -0.08151804120852685, 0.037021863147133904]]	0.6241622956808883	[[1.873563524777263e-16, -0.9383137390000003, 0.0], [-1.0, -1.7938038903913487e-16, 0.0], [0.0, 0.0, -0.9383137390000003]]
5	[[0.08740825448676931, -0.06334395238859675, -0.994156597696443], [0.7119981850616444, -0.6940087028176986, 0.10681996481098455], [-0.6967197295301035, -0.717174639895393, -0.015561310176609944]]	0.8721463126365893	0.12785368736341082	[[0.07623278684463645, -0.05524519450354233, -0.8670500108642899], [0.6209665917054569, -0.6052771311001582, 0.09316263842587039], [-0.6076415430508416, -0.6254812177012408, -0.013571739290324592]]	0.9348540854633685	0.0996771052577865	[[0.06357538220976158, -0.05608598282149249, -0.8981532512522692], [0.681285497679773, -0.6634165734251148, 0.0978753234790008], [-0.6445213901571795, -0.6640381582874102, 0.0]]	[[-0.018138581600416526, 0.003131369858384283, 0.031238105694612994], [0.01567108553239139, -0.014619702248856474, -0.0019857570336013685], [0.006809895416971, 0.006415483809518162, 0.014547554393766498]]	0.14207904431036752	[[0.0, 0.0, -0.9383137390000003], [0.7071067811865475, -0.7071067811865476, 0.0], [-0.6634880077274045, -0.6634880077274043, 0.0]]
5	[[-0.30792515101507295, 0.09349718223056193, 0.9468053539599837], [0.3027085282091916, -0.9338174967034747, 0.1906631317268273], [0.9019698710720718, 0.34531602882779927, 0.2592434992682147]]	0.759236977162661	0.2407630228373391	[[-0.2337881608490399, 0.07098651800995831, 0.7188496349020012], [0.2298275079189048, -0.7089887734187494, 0.14475849978864258], [0.684808878404555, 0.26217669789303255, 0.19682725073346988]]	0.8495590707029722	0.2617687870868805	[[-0.25658170786871204, 0.07896722609480923, 0.7436413059714865], [0.24368089826162712, -0.8497650659357198, 0.11901831709858589], [0.6803110949240257, 0.2645691765449919, 0.17761448177390285]]	[[0.0050188972737257, -0.00046415315433340557, -0.06072577067535578], [-0.013487877657638061, -0.05643194123013977, -0.04296127590857589], [-0.08596559054604322, -0.028797188004794035, -0.04262818455018829]]	0.46960574245840897	[[0.0, 0.0, 0.9790000000000001], [0.0, -1.0, 0.0], [0.9790000000000001, 0.0, 0.0]]
5	[[0.5319609947059123, -0.8460851799387872, 0.03402011756955908], [-0.703274286200726, -0.4190807785627857, 0.5742617690636116], [-0.47161719485230363, -0.3294103357928521, -0.8179645788128509]]	0.7894599369868415	0.21054006301315867	[[0.41996189335998707, -0.6679503528399754, 0.026857519872749064], [-0.5552068736684909, -0.33084748503657324, 0.4533566600189109], [-0.3723228809300104, -0.2600562629378393, -0.6457502648470616]]	0.8468898917677489	0.19780441404148238	[[0.5053750918014914, -0.6951240544813264, 0.00691906544962607], [-0.592210554870923, -0.3899871888547136, 0.5693274279044569], [-0.36713919065341677, -0.35735415445560853, -0.6882049890317005]]	[[0.054862702570337374, 0.021416931983329304, -0.021892228236783908], [0.0033853292526507435, -0.03507191365573203, 0.08299094045581894], [0.03226864445086005, -0.07837987082882217, 0.004520944588967047]]	0.3229048486990358	[[0.6359141096142614, -0.6359141096142613, 0.0], [-0.5, -0.5000000000000001, 0.7071067811865475], [-0.4496591791604496, -0.44965917916044973, -0.6359141096142614]]
5	[[-0.8305561570912853, 0.32773595720904825, 0.4502950280316503], [-0.5100865793185324, -0.772219296347621, -0.37879947194723407], [0.22358030216652452, -0.5443036842615101, 0.808545204538665]]	0.7595575760384481	0.24044242396155197	[[-0.630855221444065, 0.24893432923834513, 0.3420249999938853], [-0.38744012575692804, -0.586545016903915, -0.2877200087168852], [0.16982211236354916, -0.4134299870464694, 0.6141366356768996]]	0.8101455663075364	0.24358485544944525	[[-0.6781659104513654, 0.3316346677059975, 0.3653502071874423], [-0.4960239890093662, -0.6275154422177105, -0.3694158340619586], [0.05663430482067414, -0.4787700107019079, 0.6646267059138468]]	[[-0.005294522214434964, 0.0661208350535306, 0.0005456866972730447], [-0.08277960834147965, -0.0019054030645599893, -0.06253312134427094], [-0.12449828569323498, -0.03780479417258836, 0.009587393297627238]]	0.4054215990990278	[[-0.6359141096142614, 0.44965917916044973, 0.4496591791604496], [-0.7071067811865475, -0.5000000000000001, -0.5], [0.0, -0.6359141096142613, 0.6359141096142614]]
