5	[[0.08740825448676931, -0.06334395238859675, -0.994156597696443], [0.7119981850616444, -0.6940087028176986, 0.10681996481098455], [-0.6967197295301035, -0.717174639895393, -0.015561310176609944]]	0.929688572633345	0.07031142736665509	[[0.08126245535017673, -0.05889014868110906, -0.9242560282864287], [0.6619365763874924, -0.6452119603177053, 0.09930930061386833], [-0.647732370872332, -0.6667490672931811, -0.014467172246397245]]	0.9646105083108625	0.05780919834113975	[[0.06638882062029536, -0.05835988185272688, -0.9409218363769756], [0.6806168182167726, -0.6727124721926727, 0.09014200625236958], [-0.680021732278748, -0.6991113564977874, -0.005677317048279248]]	[[-0.0179261001707524, 0.002742360259256514, 0.01805206466758825], [-0.006184112991951752, -0.003264384595530267, -0.012897654301702683], [-0.007958559826508078, -0.0073171625606327, 0.009333286271163466]]	0.1167184591309582	[[0.0, 0.0, -0.9838873225359998], [0.7071067811865475, -0.7071067811865476, 0.0], [-0.6957133976886813, -0.6957133976886812, 0.0]]
5	[[0.034229894132735264, 0.2773841392786001, 0.9601491309293217], [-0.1827544195208179, -0.9427759796974285, 0.2788803941677556], [0.9825625356654255, -0.18501754344446375, 0.018422055382213542]]	0.8681402400051812	0.1318597599948188	[[0.029716348507744735, 0.24080833324695444, 0.8335440969657475], [-0.1586564656248104, -0.8184617652856456, 0.2421072923255349], [0.8530020755326819, -0.1606211745710458, 0.015992927580903607]]	0.9339686953434281	0.12246785210050246	[[0.012055333071806616, 0.24417760392951443, 0.8881986395369972], [-0.16319876197799585, -0.8280282948653912, 0.25197766090240364], [0.9224963848716218, -0.1663690044411125, 0.0]]	[[-0.0199143164930878, -0.01489049874147953, -0.00855059161218769], [0.007488144790107967, 0.05249495689373844, -0.008487896995316041], [0.00481373534285372, 0.006431589225359359, -0.017205623030870358]]	0.3406486477816112	[[0.0, 0.0, 0.9945999999999999], [0.0, -1.0, 0.0], [0.9945999999999999, 0.0, 0.0]]
5	[[0.8489524140446696, -0.5135124485683378, 0.12483895166604869], [0.522794976890395, 0.7815435453534784, -0.34040431673891397], [0.0772347773085365, 0.35425224329800037, 0.9319550081910795]]	0.8763186879730928	0.12368131202690728	[[0.7439528656272146, -0.4500005551872561, 0.10939870633192815], [0.4581350082275143, 0.6848812142579996, -0.29830266422502216], [0.06768227871691068, 0.3104378610584285, 0.8166895900279596]]	0.9211015698439303	0.13596039590423725	[[0.776071263783326, -0.48674939963565694, 0.06499973106123232], [0.5085429423335437, 0.6696117152786578, -0.2890849354899042], [0.023581890521093343, 0.3010488633703085, 0.8600971224326655]]	[[-0.005900137516013714, -0.013752277124960374, -0.04998962329603568], [0.026995668413279415, -0.050269271247822, 0.02446201503995997], [-0.04755918410434601, -0.025253434052213652, 0.001671901363949312]]	0.4286566854910936	[[0.7032884045681401, -0.70328840456814, 0.0], [0.7071067811865475, 0.7071067811865476, 0.0], [0.0, 0.0, 0.9945999999999999]]
5	[[-0.30792515101507295, 0.09349718223056193, 0.9468053539599837], [0.3027085282091916, -0.9338174967034747, 0.1906631317268273], [0.9019698710720718, 0.34531602882779927, 0.2592434992682147]]	0.7916311261142877	0.20836887388571249	[[-0.24376313405697428, 0.07401527965769249, 0.7495205885663785], [0.23963349307064094, -0.7392389965005968, 0.15093486967738512], [0.714027424757943, 0.2733629167662645, 0.20522522326350529]]	0.8622693664651857	0.24580657564117603	[[-0.2660256973504435, 0.0834960971224924, 0.7601394931052251], [0.24308781435819415, -0.8495978577857751, 0.1200150771853546], [0.6953067323126049, 0.27460144334748415, 0.18252960022795112]]	[[-0.0005112724659799328, 0.0028763410342657284, -0.05626175961969584], [-0.01792847648435427, -0.044395636509164414, -0.044387900617005024], [-0.08243425698739561, -0.023153990060136145, -0.041008127646270216]]	0.4670610787878247	[[0.0, 0.0, 0.9945999999999999], [0.0, -1.0, 0.0], [0.9945999999999999, 0.0, 0.0]]
5	[[0.8787972042104137, -0.3840163418041313, 0.28327887866788265], [-0.395223040501579, -0.9183905790867732, -0.018907472103605397], [0.2674214316928388, -0.09534250611366366, -0.9588511794847616]]	0.7927185303844124	0.20728146961558766	[[0.6966388282276096, -0.3044168701185691, 0.22456041638654814], [-0.31330062784047075, -0.7280252301725564, -0.014988303499254355], [0.21198992432484265, -0.0755797713295903, -0.7600990978585206]]	0.8605759464601501	0.23241258719089491	[[0.703637266602182, -0.3187599802304952, 0.15600926894174927], [-0.3586297540172473, -0.840828570589284, -0.02564406960841531], [0.14109466873894072, -0.061374891524707056, -0.82516426129953]]	[[-0.05263446915772864, 0.011715246573759611, -0.0877737201800339], [-0.018510311874742672, -0.050483728771598624, -0.009372753907686202], [-0.08904178294385243, 0.020674575911941696, 0.0]]	0.4702135070217586	[[0.6994906471834721, -0.699490647183472, 0.0], [-0.7071067811865475, -0.7071067811865476, 0.0], [0.0, 0.0, -0.9892291599999998]]
5	[[0.3802729664721569, 0.7767473726770865, -0.5020517802076895], [0.4287143634067757, 0.332951791095048, 0.839849450446521], [0.8195098935212374, -0.5346088512602871, -0.20639019011321075]]	0.8253066719330456	0.17469332806695456	[[0.31384181638524256, 0.6410547890768633, -0.414346683861269], [0.3538208244731403, 0.27478733462280075, 0.6931333548728156], [0.6763469828382169, -0.4412162518195762, -0.17033520092196255]]	0.8820358290304192	0.20255401121225353	[[0.3431385134219158, 0.6549699596599057, -0.4428276581716872], [0.4037189103677165, 0.3020911771070351, 0.7214113522632701], [0.7021881918363401, -0.45514133656891137, -0.08981390126063467]]	[[0.00772413218178996, -0.030149053146528413, 8.47827842152313e-19], [0.025577481422972604, 0.008415768021351508, -0.01936595402206922], [-0.02064889649429528, 0.016402824759456112, 0.092229641179617]]	0.3678625270112796	[[0.48928716549715257, 0.4892871654971527, -0.6919565453411625], [0.5, 0.5000000000000001, 0.7071067811865475], [0.6919565453411625, -0.6919565453411624, 0.0]]
5	[[-0.5446221603179724, 0.8109226453022452, -0.2139887049042392], [-0.8354447797583356, -0.5021691245819775, 0.22328947644507607], [0.07361197229480154, 0.30038414347728, 0.9509735242804028]]	0.8659305769564625	0.13406942304353772	[[-0.4716049815074168, 0.7022027141136338, -0.18529936269989403], [-0.7234371801514002, -0.43484359977899345, 0.19335318516639113], [0.06374285764014062, 0.26011181466985384, 0.8234770525504496]]	0.8757712216099007	0.12690902832405346	[[-0.477338467352686, 0.7098086630122874, -0.17731679830364983], [-0.7384915822927339, -0.4473746054733545, 0.19555049755893944], [0.07160078844699089, 0.25593424674008286, 0.8333642354723036]]	[[-0.0003740526951920353, -0.0003740526951920352, 0.0100883512010563], [-0.006833086936161816, -0.007589337783421588, 0.0], [0.007133541545258361, -0.00713354154525836, 0.0005289903945827856]]	0.38320390911544816	[[-0.6994906471834721, 0.699490647183472, 0.0], [-0.7071067811865475, -0.7071067811865476, 0.0], [0.0, 0.0, 0.9892291599999998]]
5	[[-0.8305561570912853, 0.32773595720904825, 0.4502950280316503], [-0.5100865793185324, -0.772219296347621, -0.37879947194723407], [0.22358030216652452, -0.5443036842615101, 0.808545204538665]]	0.8095176207671945	0.19048237923280567	[[-0.6723498442020813, 0.26530803231972777, 0.3645217597354786], [-0.4129240740752152, -0.6251251274898433, -0.30664484727859453], [0.18099219426025534, -0.44062342345819583, 0.6545315902608645]]	0.8509117650363154	0.20944847105005598	[[-0.7061909671792248, 0.33848343453446433, 0.41393713661161735], [-0.4941858494275088, -0.6396038434044989, -0.3758874396524879], [0.0744974503462633, -0.5065986979975651, 0.6947939879586803]]	[[0.0005390384131000807, 0.05960905271984672, 0.03077579952212863], [-0.06014717789823994, 0.01748664104575673, -0.05356251238304267], [-0.11574965919760682, -0.0434442893068341, 0.006793360853036228]]	0.3726069847872565	[[-0.6882199799963201, 0.486645014803468, 0.4866450148034679], [-0.7071067811865475, -0.5000000000000001, -0.5], [0.0, -0.68821997999632, 0.6882199799963201]]
5	[[-0.42203838922340475, -0.825029846081567, 0.3757783270710803], [0.2588054115689476, 0.28760896992378115, 0.9221175843470338], [-0.8688517462515349, 0.4864224845687207, 0.09214016247897017]]	0.8375463971477757	0.16245360285222432	[[-0.35347673235211324, -0.6910007751250006, 0.3147317839646018], [0.21676154002191939, 0.2408858565470459, 0.7723162605164683], [-0.7277036497285266, 0.4074013994422016, 0.07717166111687213]]	0.8789092768974899	0.19708024299773189	[[-0.2985149650105653, -0.6806335811965976, 0.35355141744762025], [0.2564380748219324, 0.23317970658403284, 0.829345221382506], [-0.7907061285093122, 0.3999429512149896, 0.022220960874281867]]	[[0.07241849048475879, 0.044492804241799924, 0.023276359727828638], [0.028971597682711417, -0.019602485200909618, 0.018887522109594247], [-0.027064268480254283, -0.027578282963985144, -0.05876188270332702]]	0.4805949250673659	[[-0.48928716549715257, -0.4892871654971527, 0.6919565453411625], [0.5, 0.5000000000000001, 0.7071067811865475], [-0.6919565453411625, 0.6919565453411624, 0.0]]
5	[[0.04673222253661188, -0.9725397674033924, -0.22799671093185395], [-0.8377629715199755, -0.16246744520517667, 0.5213036857710898], [-0.5440306084466285, 0.16664552219444034, -0.8223502702654952]]	0.7314416954376886	0.2685583045623114	[[0.03418189608375079, -0.7113561363501127, -0.16676630079821184], [-0.6127747682634869, -0.11883546357430425, 0.3813032517583219], [-0.3979266706121993, 0.1218914832910004, -0.6015012759266352]]	0.8120165802924855	0.31885051532431036	[[-0.03218161408713679, -0.9030286554790068, -0.15673275410524978], [-0.6762538384890128, -0.14508628377456884, 0.28692901666920917], [-0.3271393973308568, 0.04357200480226887, -0.6376989117402999]]	[[-0.07012895362078367, -0.11331023935365474, 0.028404355423568676], [0.004023584740308568, -0.013160024510204654, -0.13637821954449963], [0.11462247691441471, -0.09174692225111608, 0.03006314252328851]]	0.610569804858322	[[1.9645618766690693e-16, -0.9838873225359998, 0.0], [-1.0, -1.7938038903913487e-16, 0.0], [0.0, 0.0, -0.9838873225359998]]
5	[[0.8592155572171323, 0.2624339665249735, -0.4391776855101157], [-0.4266000482917053, 0.8413623931712975, -0.33184593135155627], [0.2824199444684594, 0.4724804086637203, 0.8348660002631537]]	0.8544374302818112	0.1455625697181891	[[0.7341459327667607, 0.2242334039762613, -0.37524985304437664], [-0.36450304902046127, 0.718891521157038, -0.283541584833498], [0.24131017161196225, 0.40370494623712916, 0.7133407598945029]]	0.8821228418434346	0.15606980793239647	[[0.7688563157350857, 0.15121925455159255, -0.3774437725274203], [-0.3616503854489686, 0.7633306354747804, -0.37460671953304336], [0.3049548722303473, 0.4077887294630524, 0.7527070142382258]]	[[0.010922646646618659, -0.0802797417956619, 0.00996489548898518], [0.01466326148065688, 0.021145650190322, -0.0818778435150272], [0.055825788222564815, -0.008997031342735886, 0.01625264552763083]]	0.41883214958022663	[[0.8307550048016281, -0.14253502480530794, -0.4866450148034679], [-0.14644660940672619, 0.8535533905932737, -0.5], [0.4866450148034679, 0.486645014803468, 0.6882199799963201]]
5	[[0.22433838825039393, -0.7661379269479729, -0.6022499185961573], [-0.9416906372873723, -0.011392912655017143, -0.3362869982418849], [0.2507808429735371, 0.642575192824231, -0.724020780340167]]	0.7410073279377264	0.25899267206227367	[[0.16623638963128073, -0.5677138180794665, -0.44627160292965173], [-0.6977996628802905, -0.008442231763922208, -0.24919112998741802], [0.18583044234979124, 0.47615292663375264, -0.5365047038112547]]	0.7886773469998363	0.3437560038594439	[[0.23268998815321396, -0.619811729716774, -0.3729424666000952], [-0.8247386806003599, 0.027071003509775357, -0.18647449620043868], [0.1824791553668445, 0.3729424666000952, -0.5337159232714255]]	[[0.055759383277673956, -0.015576102055492336, 0.10203840142918952], [-0.08204860708996983, 0.03605633563713516, 0.07874744140350971], [-0.015306014547907282, -0.13384203172442757, 0.037302864940008604]]	0.6006746023174854	[[0.6882199799963201, -0.486645014803468, -0.4866450148034679], [-0.7071067811865475, -0.5000000000000001, -0.5], [0.0, 0.68821997999632, -0.6882199799963201]]
5	[[0.5319609947059123, -0.8460851799387872, 0.03402011756955908], [-0.703274286200726, -0.4190807785627857, 0.5742617690636116], [-0.47161719485230363, -0.3294103357928521, -0.8179645788128509]]	0.826961506977821	0.1730384930221791	[[0.439911265835422, -0.6996798754337803, 0.028133327692885225], [-0.5815807635353037, -0.3465636721857197, 0.47489237794459366], [-0.39000926617171366, -0.27240966770132696, -0.6764252207495538]]	0.8950533218065573	0.15085695760577267	[[0.5411119433403719, -0.7398586487419273, 0.0], [-0.5873256212574054, -0.39312426191351313, 0.5836097032616685], [-0.4016518583044037, -0.3826239245170079, -0.7398586487419274]]	[[0.06497848795732473, 0.017432702093582993, -0.030449819238883475], [0.04214236474768989, -0.018024618955613424, 0.06961479927477272], [0.02047067856924101, -0.08778410922820208, -0.007736735355383696]]	0.29124764739876996	[[0.6882199799963201, -0.68821997999632, 0.0], [-0.5, -0.5000000000000001, 0.7071067811865475], [-0.4866450148034679, -0.486645014803468, -0.6882199799963201]]
5	[[-0.3195682178843842, -0.5708200961323295, -0.7563336379995778], [0.910087742671785, 0.03735879733279218, -0.41272826520656647], [0.2638493031197415, -0.8202248094963509, 0.507557688474819]]	0.8239687229397064	0.17603127706029378	[[-0.26331421638231384, -0.47033790563847594, -0.6231952618188541], [0.7498838350923507, 0.030782480528864106, -0.340075181603375], [0.21740357334010482, -0.6758395888041722, 0.4182116603908258]]	0.8556049456378599	0.17863389705127972	[[-0.27348025016351607, -0.5399849127560693, -0.6640878911946054], [0.8123843596152315, 0.006392654802585208, -0.2757730066957329], [0.16895008298579975, -0.7056236438115638, 0.48140558743967865]]	[[-5.610247295981252e-05, -0.051588415435769586, -0.016965089969891798], [0.03370878602085635, -0.02557171695843431, 0.07735933821953962], [-0.05680068566655388, -0.0038352402716144915, 0.04713671898410329]]	0.46917606852438865	[[1.9434018950253668e-16, -0.6882199799963201, -0.68821997999632], [1.0, 1.2684108950145333e-16, 1.268410895014533e-16], [0.0, -0.68821997999632, 0.6882199799963201]]
