5	[[0.04673222253661188, -0.9725397674033924, -0.22799671093185395], [-0.8377629715199755, -0.16246744520517667, 0.5213036857710898], [-0.5440306084466285, 0.16664552219444034, -0.8223502702654952]]	0.7367154098861597	0.2632845901138403	[[0.034428348480951325, -0.7164850333731806, -0.16796869034685707], [-0.6171928909507859, -0.119692270487489, 0.3840524585380141], [-0.40079573269237473, 0.12277032418917022, -0.6058381164286385]]	0.8148072890882827	0.3150170281247514	[[-0.03442907337684867, -0.9067796552775276, -0.1599379408033424], [-0.6779586260691759, -0.14630639275213006, 0.2856719168322475], [-0.3278847737152639, 0.04638144746371165, -0.6421050296562075]]	[[-0.07250682893497562, -0.11434716386902032, 0.02583544115208635], [0.004656749653559604, -0.013926734159401119, -0.13909012616262417], [0.1153953315341825, -0.08940253871424156, 0.02795196473983718]]	0.608896364056264	[[1.9764370927206819e-16, -0.9898346406959998, 0.0], [-1.0, -1.7938038903913487e-16, 0.0], [0.0, 0.0, -0.9898346406959998]]
5	[[0.8489524140446696, -0.5135124485683378, 0.12483895166604869], [0.522794976890395, 0.7815435453534784, -0.34040431673891397], [0.0772347773085365, 0.35425224329800037, 0.9319550081910795]]	0.8813574238453324	0.11864257615466758	[[0.7482305126096861, -0.452588008782699, 0.11002773683594062], [0.4607692340313987, 0.6888192057556893, -0.30001787166683985], [0.0680714443599197, 0.31222284454455557, 0.8213854651590456]]	0.9232210883406524	0.13403771514449606	[[0.778409922808607, -0.4900772429715287, 0.06712759182989998], [0.5104304148531246, 0.6683565484427634, -0.29022770376858054], [0.025157921441638517, 0.30431144892516104, 0.8625574911495884]]	[[-0.00536084883513702, -0.015991721327794663, -0.0481263609945356], [0.02777506730934794, -0.05318093408408687, 0.024040740006975807], [-0.04614685372289649, -0.022741692679536445, 0.0021569742028982484]]	0.4280399472572091	[[0.7047026181305133, -0.7047026181305132, 0.0], [0.7071067811865475, 0.7071067811865476, 0.0], [0.0, 0.0, 0.9965999999999999]]
5	[[0.8787972042104137, -0.3840163418041313, 0.28327887866788265], [-0.395223040501579, -0.9183905790867732, -0.018907472103605397], [0.2674214316928388, -0.09534250611366366, -0.9588511794847616]]	0.7978579428957754	0.2021420571042247	[[0.7011553295738794, -0.3063904885102051, 0.2260163033997788], [-0.3153318420796036, -0.7327452182050327, -0.01508547679794189], [0.21336431337669146, -0.0760697757983756, -0.7650270296068998]]	0.8622245137604264	0.23032285182098272	[[0.7052319349975016, -0.3190656116938592, 0.15736625069541105], [-0.35819878668028554, -0.8409081788437133, -0.025882845617856868], [0.14216396512010432, -0.06240870548832513, -0.82674499199986]]	[[-0.05248855709684448, 0.012042691894265618, -0.08688374272260291], [-0.017427792756894215, -0.049049308348464084, -0.009580359676886887], [-0.08841334879037069, 0.019797940486228974, 0.0]]	0.4694995045998071	[[0.7023066292288694, -0.7023066292288693, 0.0], [-0.7071067811865475, -0.7071067811865476, 0.0], [0.0, 0.0, -0.9932115599999999]]
5	[[0.034229894132735264, 0.2773841392786001, 0.9601491309293217], [-0.1827544195208179, -0.9427759796974285, 0.2788803941677556], [0.9825625356654255, -0.18501754344446375, 0.018422055382213542]]	0.8684530098904576	0.13154699010954254	[[0.029727054587805654, 0.24089509065237413, 0.8338444026992765], [-0.15871362570363767, -0.8187566372206566, 0.24219451771442463], [0.8533093915042388, -0.16067904248688306, 0.015998689445052058]]	0.9354659897162818	0.12224336011789019	[[0.012458965169358327, 0.24507516405817023, 0.890935456722508], [-0.1630144977194784, -0.8280925996096722, 0.25200667977515306], [0.9254020783880614, -0.1670260509302908, 0.0]]	[[-0.019561936623404413, -0.014408264323684387, -0.007251400317517871], [0.00794604621258805, 0.05384226531872012, -0.008876444167453321], [0.006248243503664853, 0.006051568462859638, -0.017233206270730547]]	0.3398121536243875	[[0.0, 0.0, 0.9965999999999999], [0.0, -1.0, 0.0], [0.9965999999999999, 0.0, 0.0]]
5	[[-0.42203838922340475, -0.825029846081567, 0.3757783270710803], [0.2588054115689476, 0.28760896992378115, 0.9221175843470338], [-0.8688517462515349, 0.4864224845687207, 0.09214016247897017]]	0.8495795611741761	0.15042043882582395	[[-0.35855518951507637, -0.7009284945895757, 0.31925358621181443], [0.2198757879902486, 0.24434670245760282, 0.7834122526605443], [-0.7381586853057958, 0.41325460098514616, 0.07828039880540075]]	0.882051669521971	0.19157134080399635	[[-0.3010545382386444, -0.6861628285806307, 0.3578817233992614], [0.257796861687028, 0.2345085333422889, 0.8287825698923128], [-0.7970914047836263, 0.4035012317079754, 0.022254179283085172]]	[[0.0712051275782231, 0.04155612456107045, 0.026425822636041756], [0.029517116331316953, -0.019177438748476598, 0.01542721512344477], [-0.03071927143538003, -0.02554853289888992, -0.059018204861516155]]	0.47906064141508065	[[-0.49323460145881654, -0.49323460145881665, 0.6975390628147469], [0.5, 0.5000000000000001, 0.7071067811865475], [-0.6975390628147469, 0.6975390628147468, 0.0]]
5	[[-0.30792515101507295, 0.09349718223056193, 0.9468053539599837], [0.3027085282091916, -0.9338174967034747, 0.1906631317268273], [0.9019698710720718, 0.34531602882779927, 0.2592434992682147]]	0.7949687273588174	0.20503127264118265	[[-0.24479086542422415, 0.07432733596946524, 0.752680647294083], [0.24064381343112168, -0.7423557069397579, 0.15157122718312246], [0.7170378405221616, 0.27451544397383637, 0.20609047468929914]]	0.8638662122854796	0.24365330875296726	[[-0.2671199934653501, 0.08418684069101044, 0.7624433293376203], [0.24306583364036466, -0.8494968674502197, 0.12028087014095067], [0.6974359307423725, 0.2759999152218107, 0.18293315277433964]]	[[-0.0011138595905246568, 0.00341778401812969, -0.055469825559403746], [-0.018433836050221898, -0.04280348360708063, -0.044426567286391064], [-0.08174536537628045, -0.022306934643123718, -0.04101854699812653]]	0.4667624777079985	[[0.0, 0.0, 0.9965999999999999], [0.0, -1.0, 0.0], [0.9965999999999999, 0.0, 0.0]]
5	[[-0.8305561570912853, 0.32773595720904825, 0.4502950280316503], [-0.5100865793185324, -0.772219296347621, -0.37879947194723407], [0.22358030216652452, -0.5443036842615101, 0.808545204538665]]	0.8146046226513036	0.18539537734869657	[[-0.6765748849380633, 0.26697522575154053, 0.3668124113914807], [-0.4155188854652673, -0.6290534085053089, -0.3085718009060897], [0.18212954767862616, -0.4433922973255616, 0.6586446612397403]]	0.854969882226775	0.20414144428754305	[[-0.7101004998110587, 0.33564469247057366, 0.4194806458892597], [-0.49365438474515105, -0.6403332839271167, -0.37465787913219695], [0.07941386085776184, -0.5093098250774158, 0.6965122826601561]]	[[1.4769889735777562e-18, 0.05544031973407432, 0.034491958805737376], [-0.05754572209972693, 0.019890956924451683, -0.050795739213905594], [-0.11174056375377839, -0.043946568248752864, 0.00523048436071017]]	0.36856222148852946	[[-0.6951674300011768, 0.49155760381385666, 0.49155760381385655], [-0.7071067811865475, -0.5000000000000001, -0.5], [0.0, -0.6951674300011766, 0.6951674300011768]]
5	[[0.3802729664721569, 0.7767473726770865, -0.5020517802076895], [0.4287143634067757, 0.332951791095048, 0.839849450446521], [0.8195098935212374, -0.5346088512602871, -0.20639019011321075]]	0.830531073888845	0.1694689261111551	[[0.3158285152150172, 0.6451128295698395, -0.4169696041636987], [0.356060600631802, 0.2765268086113847, 0.6975210659843056], [0.6806284319287264, -0.44400926334768803, -0.1714134662348478]]	0.885580071088257	0.1987135289526108	[[0.34675345434237287, 0.6599041164501335, -0.44460705120631155], [0.40415329575256836, 0.30165932285934044, 0.7207980869920545], [0.7054812554332527, -0.46005394226049334, -0.09165453283406963]]	[[0.009991293661017829, -0.027967877062857797, -3.154227386335911e-19], [0.02449239933023909, 0.006803852032425383, -0.022955849037808986], [-0.020260374328814706, 0.013385002243003187, 0.09112050639830639]]	0.36721028899069696	[[0.49323460145881654, 0.49323460145881665, -0.6975390628147469], [0.5, 0.5000000000000001, 0.7071067811865475], [0.6975390628147469, -0.6975390628147468, 0.0]]
5	[[0.5319609947059123, -0.8460851799387872, 0.03402011756955908], [-0.703274286200726, -0.4190807785627857, 0.5742617690636116], [-0.47161719485230363, -0.3294103357928521, -0.8179645788128509]]	0.8312429392523972	0.1687570607476027	[[0.44218882080697164, -0.7033023318302112, 0.028278982522232408], [-0.584591784762123, -0.3483579381567131, 0.477351040816718], [-0.3920284632509995, -0.2738200157445696, -0.6799272806967434]]	0.8996394607762705	0.14517965637008232	[[0.5422837501331438, -0.7461352473663518, -0.002107215047304193], [-0.5875188008029996, -0.3926203984396467, 0.5833365061283161], [-0.406138794877592, -0.3823989095227652, -0.7446452213169849]]	[[0.06371064770190817, 0.015036367684572461, -0.03271305527312765], [0.04517449881243796, -0.015598792791722521, 0.06670795786350131], [0.01814664399215175, -0.08604837265595358, -0.00877200869970239]]	0.2876466211031092	[[0.6951674300011768, -0.6951674300011766, 0.0], [-0.5, -0.5000000000000001, 0.7071067811865475], [-0.49155760381385655, -0.49155760381385666, -0.6951674300011768]]
5	[[-0.5446221603179724, 0.8109226453022452, -0.2139887049042392], [-0.8354447797583356, -0.5021691245819775, 0.22328947644507607], [0.07361197229480154, 0.30038414347728, 0.9509735242804028]]	0.874983729434177	0.12501627056582307	[[-0.4765355289675177, 0.7095441204691868, -0.18723663507390081], [-0.731000589129263, -0.43938981343343453, 0.19537465884331748], [0.06440927804951078, 0.26283123812264136, 0.8320863608680297]]	0.880433745747437	0.12110221137353819	[[-0.47994407075110973, 0.7135233199895797, -0.18258066558187847], [-0.7392554887114725, -0.44671505884279494, 0.19659159013252245], [0.06892738967920783, 0.260351411424998, 0.8378919198945143]]	[[-0.00044034212529617814, -0.0004403421252961781, 0.005822211424603795], [-0.003701711903698498, -0.004588415488373204, 0.0], [0.004116925179839133, -0.004116925179839132, 0.0006227378056780479]]	0.38213246278728485	[[-0.7023066292288694, 0.7023066292288693, 0.0], [-0.7071067811865475, -0.7071067811865476, 0.0], [0.0, 0.0, 0.9932115599999999]]
5	[[0.22433838825039393, -0.7661379269479729, -0.6022499185961573], [-0.9416906372873723, -0.011392912655017143, -0.3362869982418849], [0.2507808429735371, 0.642575192824231, -0.724020780340167]]	0.7452462603204716	0.2547537396795285	[[0.16718734488992804, -0.5709614249476554, -0.44882449961209464], [-0.7017914258172158, -0.008490525550309318, -0.2506166278341617], [0.18689348538604392, 0.47887675942696417, -0.5395737789428191]]	0.7916804230517605	0.3396152879270928	[[0.2345246442380423, -0.6222587162588465, -0.37715145565065894], [-0.8245766278542225, 0.026709326327031296, -0.18648673735228255], [0.18396342315061623, 0.3771514556506589, -0.5354385814623526]]	[[0.05692033412122041, -0.015722318136676558, 0.0996380146864351], [-0.07905858574267371, 0.035728872237546894, 0.07974509568265949], [-0.014574860707950677, -0.13156274484699482, 0.0377544962156166]]	0.5976394464331649	[[0.6951674300011768, -0.49155760381385666, -0.49155760381385655], [-0.7071067811865475, -0.5000000000000001, -0.5], [0.0, 0.6951674300011766, -0.6951674300011768]]
5	[[0.08740825448676931, -0.06334395238859675, -0.994156597696443], [0.7119981850616444, -0.6940087028176986, 0.10681996481098455], [-0.6967197295301035, -0.717174639895393, -0.015561310176609944]]	0.931596787825081	0.06840321217491895	[[0.08142924910927152, -0.05901102257336159, -0.9261530930091177], [0.6632952221407157, -0.6465362782676193, 0.09951313609350139], [-0.6490618620446037, -0.6681175908361573, -0.01449686657487957]]	0.967725067034999	0.05376468303188427	[[0.06859557461696124, -0.05705956363438786, -0.9443949478812941], [0.6792543821731252, -0.6725838535915799, 0.09007032362051437], [-0.6810019571390966, -0.703896611339213, -0.008157191593620128]]	[[-0.015991584315659824, 0.004239966937128711, 0.017675312267782687], [-0.009764109194452258, -0.0009742351344498895, -0.013302033986871893], [-0.006768810174970736, -0.009868734870642406, 0.00690187834019214]]	0.11377783335746645	[[0.0, 0.0, -0.9898346406959998], [0.7071067811865475, -0.7071067811865476, 0.0], [-0.6999187866894913, -0.6999187866894911, 0.0]]
5	[[0.8592155572171323, 0.2624339665249735, -0.4391776855101157], [-0.4266000482917053, 0.8413623931712975, -0.33184593135155627], [0.2824199444684594, 0.4724804086637203, 0.8348660002631537]]	0.8600305756250677	0.13996942437493234	[[0.7389516502594635, 0.22570123529404276, -0.3777062376709499], [-0.36688908509399704, 0.7235973833083954, -0.28539764735911566], [0.24288978740920877, 0.40634759783462665, 0.718010286776118]]	0.8869585318632879	0.1508116964025125	[[0.773154545855855, 0.15294751583497312, -0.3826058046797476], [-0.3634230054272401, 0.7622893843545088, -0.3743170840294885], [0.3066405468167289, 0.41407164475577934, 0.756640822717502]]	[[0.011065976672450387, -0.07982052982507663, 0.006926590487421344], [0.014953547098378619, 0.01603583134231238, -0.07998350395310681], [0.05614576750207292, -0.004998884846760284, 0.016149300821519937]]	0.41679224508322865	[[0.8391413188144451, -0.14397388881326828, -0.49155760381385655], [-0.14644660940672619, 0.8535533905932737, -0.5], [0.49155760381385655, 0.49155760381385666, 0.6951674300011768]]
5	[[-0.3195682178843842, -0.5708200961323295, -0.7563336379995778], [0.910087742671785, 0.03735879733279218, -0.41272826520656647], [0.2638493031197415, -0.8202248094963509, 0.507557688474819]]	0.830106044401151	0.169893955598849	[[-0.2652755092643313, -0.4738412120650929, -0.6278371244873615], [0.7554693361272481, 0.031011763477508433, -0.34260822764317206], [0.21902290133072883, -0.6808735721307034, 0.4213267050852237]]	0.8578848515983704	0.17600217944705815	[[-0.2635762020454354, -0.5689408141480562, -0.6664197797100372], [0.822353271101729, 0.020081845642328323, -0.276032455826346], [0.15898219726837795, -0.7131969369110902, 0.4947521893166365]]	[[0.01057653112986512, -0.07924290068820525, -0.017572608915913963], [0.04160278303824891, -0.01196770066340775, 0.07804087072084201], [-0.06737012298283487, -0.00953849793901176, 0.05932613706180459]]	0.46611335200215076	[[1.963020168102973e-16, -0.6951674300011768, -0.6951674300011766], [1.0, 1.2684108950145333e-16, 1.268410895014533e-16], [0.0, -0.6951674300011766, 0.6951674300011768]]
