5	[[0.8787972042104137, -0.3840163418041313, 0.28327887866788265], [-0.395223040501579, -0.9183905790867732, -0.018907472103605397], [0.2674214316928388, -0.09534250611366366, -0.9588511794847616]]	0.7672177350815799	0.23278226491842008	[[0.6742288006103383, -0.29462414799327946, 0.2173365796880226], [-0.303222125985677, -0.7046055400072146, -0.014506147923446303], [0.20517046513565323, -0.07314846159752672, -0.7356476302046003]]	0.8524953773307591	0.24231584536678596	[[0.69631857160282, -0.31657065993445516, 0.1495079685686246], [-0.36009064940133134, -0.8405075195641626, -0.024958259963392935], [0.13592247187018341, -0.05701341815393455, -0.8174161980589054]]	[[-0.052851982597752846, 0.010801496273035534, -0.09198596599118636], [-0.023164834359127858, -0.05758379630856941, -0.00883972739805905], [-0.09205306244713501, 0.024265627571093358, 0.0]]	0.47393925616026683	[[0.6860526767767183, -0.6860526767767182, 0.0], [-0.7071067811865475, -0.7071067811865476, 0.0], [0.0, 0.0, -0.9702250000000002]]
5	[[-0.3195682178843842, -0.5708200961323295, -0.7563336379995778], [0.910087742671785, 0.03735879733279218, -0.41272826520656647], [0.2638493031197415, -0.8202248094963509, 0.507557688474819]]	0.7949631546914433	0.2050368453085568	[[-0.2540449586284925, -0.4537809443826296, -0.6012573748634004], [0.7234862229603766, 0.029698867383154755, -0.32810376373893874], [0.20975047437120856, -0.6520485021134075, 0.40348966121783897]]	0.8301025286241839	0.18519701071629638	[[-0.28824934534863805, -0.5038053267641195, -0.6305478508108117], [0.792602443727282, 0.0068049997469390965, -0.30018356508056776], [0.18075127029554852, -0.6719229735943943, 0.44777807569596995]]	[[-0.022974959614886686, -0.029966121575172956, -0.0027133854238343795], [0.03713630726555766, -0.02420663238537018, 0.042423211502075744], [-0.03827070339987757, 0.008947714808815893, 0.02645315507037697]]	0.48474249870148095	[[1.8514052882303436e-16, -0.6556410764508063, -0.6556410764508062], [1.0, 1.2684108950145333e-16, 1.268410895014533e-16], [0.0, -0.6556410764508062, 0.6556410764508063]]
5	[[0.8489524140446696, -0.5135124485683378, 0.12483895166604869], [0.522794976890395, 0.7815435453534784, -0.34040431673891397], [0.0772347773085365, 0.35425224329800037, 0.9319550081910795]]	0.8537633587314076	0.14623664126859248	[[0.7248044644179138, -0.4384181128400934, 0.1065829226749136], [0.44634319539785233, 0.6672532422758378, -0.29062473278568507], [0.06594022288580842, 0.30244758507623654, 0.7956690379797724]]	0.9086447836570934	0.15042197745586539	[[0.7638680245069847, -0.4742599772103999, 0.054854047632543076], [0.5001662843670672, 0.6735000229024203, -0.2880743884564146], [0.02152025005975127, 0.2878130237263209, 0.8468160567959281]]	[[-0.0075281580878012256, -0.00765956947579833, -0.05858021459603206], [0.025131355693479136, -0.03664544278388895, 0.02123221828275661], [-0.048658727458567676, -0.03407642924523066, 0.0]]	0.4316765029879684	[[0.6965001794687494, -0.6965001794687493, 0.0], [0.7071067811865475, 0.7071067811865476, 0.0], [0.0, 0.0, 0.9850000000000001]]
5	[[0.3802729664721569, 0.7767473726770865, -0.5020517802076895], [0.4287143634067757, 0.332951791095048, 0.839849450446521], [0.8195098935212374, -0.5346088512602871, -0.20639019011321075]]	0.797578025404069	0.2024219745959313	[[0.3032973617134106, 0.6195166357375891, -0.40042546750864655], [0.34193315542833863, 0.26555503209633646, 0.6698454663238286], [0.6536230826737671, -0.4263922719517174, -0.164612280293265]]	0.8672595203243146	0.21973597523358837	[[0.34483783920697214, 0.6263683278068258, -0.42744467445529016], [0.4035446337137861, 0.3039825296240809, 0.7223690527809892], [0.6725107250960046, -0.453440260487151, -0.08592638823354824]]	[[0.015042488712025206, -0.047273226034275945, 0.007964511625598735], [0.03173802054948196, 0.015226918987868314, -0.005998378757899742], [-0.03821703206025375, 0.010204355417978362, 0.093067469043679]]	0.37290589374491334	[[0.47066827531250005, 0.47066827531250016, -0.6656254583256915], [0.5, 0.5000000000000001, 0.7071067811865475], [0.6656254583256915, -0.6656254583256914, 0.0]]
5	[[-0.42203838922340475, -0.825029846081567, 0.3757783270710803], [0.2588054115689476, 0.28760896992378115, 0.9221175843470338], [-0.8688517462515349, 0.4864224845687207, 0.09214016247897017]]	0.7849495906927337	0.21505040930726627	[[-0.3312788608775321, -0.6476068399910152, 0.2949670440256447], [0.20314920188010988, 0.2257585432212309, 0.7238158204037766], [-0.6820048225928094, 0.3818171301659599, 0.07232538282422961]]	0.8631281006344063	0.2233574410456948	[[-0.28857114858113064, -0.6527654020438696, 0.34393550061156364], [0.25835512772956126, 0.2339206096674927, 0.8305455201925347], [-0.7588217501663551, 0.38510012708428454, 0.02300110494873199]]	[[0.07570204470407094, 0.05934104197120994, 0.019590666907127373], [0.03497290440814974, -0.014322774268238633, 0.034639921053492256], [-0.008891392691380813, -0.034744788127384206, -0.05652765848388711]]	0.4889735227000384	[[-0.47066827531250005, -0.47066827531250016, 0.6656254583256915], [0.5, 0.5000000000000001, 0.7071067811865475], [-0.6656254583256915, 0.6656254583256914, 0.0]]
5	[[0.034229894132735264, 0.2773841392786001, 0.9601491309293217], [-0.1827544195208179, -0.9427759796974285, 0.2788803941677556], [0.9825625356654255, -0.18501754344446375, 0.018422055382213542]]	0.866607717602503	0.13339228239749706	[[0.029663890428145018, 0.24038323583936244, 0.8320726469126865], [-0.15837639038270632, -0.8170169399760522, 0.24167990187380511], [0.8514962764347425, -0.16033763104082868, 0.01596469536832698]]	0.9266910852918864	0.12395803881384229	[[0.010165754873859184, 0.24061932481605336, 0.8747945874994852], [-0.16409038066245002, -0.8274139087465294, 0.25256930151863954], [0.9085817987715084, -0.16326057466888277, 0.0]]	[[-0.02155478286943164, -0.016430084254788348, -0.014967052683469434], [0.005266510705185404, 0.046248187066402185, -0.00586667361930694], [-0.0019501437714327355, 0.00819353346370608, -0.017071554495450704]]	0.3447041473927179	[[0.0, 0.0, 0.9850000000000001], [0.0, -1.0, 0.0], [0.9850000000000001, 0.0, 0.0]]
5	[[-0.30792515101507295, 0.09349718223056193, 0.9468053539599837], [0.3027085282091916, -0.9338174967034747, 0.1906631317268273], [0.9019698710720718, 0.34531602882779927, 0.2592434992682147]]	0.7722428957897891	0.2277571042102109	[[-0.23779301030638803, 0.07220253475391473, 0.731163708291334], [0.23376451040453117, -0.7211339277934632, 0.14723824896507515], [0.6965398251518395, 0.2666678500646099, 0.20019895058956422]]	0.8545078995797774	0.25637996522654466	[[-0.2615321920498558, 0.08080404207145371, 0.7486649839925174], [0.24312601058598593, -0.8497644360458658, 0.11957472546285547], [0.6849372444337507, 0.268126545334171, 0.1807281499784021]]	[[0.0015922819718199154, 0.0009099612669885709, -0.060387670330715806], [-0.015540818038936172, -0.05181000834693394, -0.043348426756338154], [-0.08580313558028795, -0.026948729150701553, -0.040797468060991604]]	0.46858224916825997	[[0.0, 0.0, 0.9850000000000001], [0.0, -1.0, 0.0], [0.9850000000000001, 0.0, 0.0]]
5	[[-0.5446221603179724, 0.8109226453022452, -0.2139887049042392], [-0.8354447797583356, -0.5021691245819775, 0.22328947644507607], [0.07361197229480154, 0.30038414347728, 0.9509735242804028]]	0.8252629084654437	0.1747370915345564	[[-0.449456468038743, 0.6692243808026221, -0.176596940988026], [-0.6894615888056362, -0.4144215522940684, 0.1842725227607897], [0.06074923035388559, 0.2478958919029612, 0.7848031765212785]]	0.8539376237494722	0.1550699474840973	[[-0.4651134628558784, 0.6924372473413903, -0.15334419904231214], [-0.7347951583106319, -0.450281217958399, 0.19067528492377206], [0.0836410575155502, 0.23572829687839364, 0.812128794876294]]	[[-4.0109432644949216e-05, -4.010943264494921e-05, 0.02938880713284094], [-0.021377428309897653, -0.021460108992512408, 0.0], [0.02078102481461541, -0.020781024814615405, 5.672330362557733e-05]]	0.38864255556067745	[[-0.6860526767767183, 0.6860526767767182, 0.0], [-0.7071067811865475, -0.7071067811865476, 0.0], [0.0, 0.0, 0.9702250000000002]]
5	[[0.8592155572171323, 0.2624339665249735, -0.4391776855101157], [-0.4266000482917053, 0.8413623931712975, -0.33184593135155627], [0.2824199444684594, 0.4724804086637203, 0.8348660002631537]]	0.8170211897483852	0.18297881025161522	[[0.701997316807863, 0.21441411156062173, -0.35881747512641693], [-0.34854127900200765, 0.6874109034783618, -0.2711251576460093], [0.23074307903829355, 0.38602650561923585, 0.6821032128154775]]	0.8556778581951591	0.1827316301351563	[[0.7480106681808929, 0.16004259431410217, -0.34900506370001316], [-0.35717828627797243, 0.7568370344317096, -0.38527790994239763], [0.27391137149013595, 0.39688318237399106, 0.7252511284580453]]	[[0.012798940453377074, -0.06451634007964722, 0.026789557604389783], [0.00785392935022548, 0.03690186387694026, -0.10132469415272011], [0.03225087829576882, -0.007407841750554615, 0.010874777472910692]]	0.4304369286596605	[[0.7914287894082159, -0.13578771295740957, -0.4636082511828126], [-0.14644660940672619, 0.8535533905932737, -0.5], [0.4636082511828126, 0.46360825118281274, 0.6556410764508063]]
5	[[0.5319609947059123, -0.8460851799387872, 0.03402011756955908], [-0.703274286200726, -0.4190807785627857, 0.5742617690636116], [-0.47161719485230363, -0.3294103357928521, -0.8179645788128509]]	0.8049459443419473	0.19505405565805262	[[0.4281998452366323, -0.6810528341595534, 0.027384355663652812], [-0.5660977844372526, -0.33733737305578, 0.4622496819983862], [-0.37962634827828773, -0.26515751382077535, -0.6584172703307736]]	0.8636679430787086	0.17698705960146952	[[0.5206318525159259, -0.7154749942543088, 0.004705580661018939], [-0.596123705390711, -0.392091932174584, 0.5663486057007915], [-0.37470516808598964, -0.3681925431012004, -0.7107988374618073]]	[[0.06119419442016691, 0.01526165277280249, -0.024676504303577977], [0.011271750792416891, -0.03014529816943913, 0.07037712482488179], [0.03261548451264988, -0.08369139595812122, -0.0043490521672702506]]	0.3100795745941529	[[0.6556410764508063, -0.6556410764508062, 0.0], [-0.5, -0.5000000000000001, 0.7071067811865475], [-0.4636082511828126, -0.46360825118281274, -0.6556410764508063]]
5	[[0.04673222253661188, -0.9725397674033924, -0.22799671093185395], [-0.8377629715199755, -0.16246744520517667, 0.5213036857710898], [-0.5440306084466285, 0.16664552219444034, -0.8223502702654952]]	0.7050523843134304	0.2949476156865696	[[0.03294866492370412, -0.6856914818473908, -0.1607496246581236], [-0.5906667805596633, -0.11454805961522149, 0.36754640660428617], [-0.38357007762478174, 0.11749382275834686, -0.5798000187914814]]	0.7978631421742136	0.3389548531599095	[[-0.03266815978852884, -0.8750646742944902, -0.15547026594777036], [-0.6862272239685134, -0.1490429892929182, 0.28078689762715947], [-0.3112153550977709, 0.04619975463070905, -0.622642241793869]]	[[-0.06995407770237472, -0.09911103958464054, 0.02643990624170451], [-0.017807027114379613, -0.019416202960498976, -0.135142099129161], [0.12284661559640543, -0.08676056533660977, 0.03348072880797279]]	0.6188276314316649	[[1.9082226166408236e-16, -0.9556716250000002, 0.0], [-1.0, -1.7938038903913487e-16, 0.0], [0.0, 0.0, -0.9556716250000002]]
5	[[-0.8305561570912853, 0.32773595720904825, 0.4502950280316503], [-0.5100865793185324, -0.772219296347621, -0.37879947194723407], [0.22358030216652452, -0.5443036842615101, 0.808545204538665]]	0.7803804276559643	0.21961957234403567	[[-0.6481497690631914, 0.2557587264450339, 0.3514014265466936], [-0.39806158291016425, -0.6026248247279443, -0.295607693914036], [0.17447769182016212, -0.42476394189871425, 0.6309728524970625]]	0.8265416059997283	0.22901086730165382	[[-0.6867721974648187, 0.3336384439466537, 0.38290188137738307], [-0.49939476499975605, -0.6331809949211352, -0.36446032733762695], [0.063718783932529, -0.4880528883473385, 0.6820808486960503]]	[[-0.00028297750962502486, 0.0627510395312288, 0.010714305734410054], [-0.0777869845309084, 0.005090382466007626, -0.05136680344251102], [-0.12107963809009467, -0.03816324700626085, 0.013784596813283406]]	0.39255903842275525	[[-0.6556410764508063, 0.46360825118281274, 0.4636082511828126], [-0.7071067811865475, -0.5000000000000001, -0.5], [0.0, -0.6556410764508062, 0.6556410764508063]]
5	[[0.22433838825039393, -0.7661379269479729, -0.6022499185961573], [-0.9416906372873723, -0.011392912655017143, -0.3362869982418849], [0.2507808429735371, 0.642575192824231, -0.724020780340167]]	0.7168852396103654	0.2831147603896346	[[0.1608248792146869, -0.5492329713346862, -0.43174407719812924], [-0.6750841181505957, -0.00816741091855197, -0.24107918531248418], [0.17978108470477358, 0.46065267107547564, -0.5190398105970443]]	0.7750605351353036	0.36911919318971476	[[0.22615873115335752, -0.5828359272557532, -0.361698337413506], [-0.837184116157744, -0.014826820255507009, -0.15667441380555672], [0.14748335226291676, 0.361698337413506, -0.5290305886856478]]	[[0.05228289990461568, 0.010967344391994812, 0.10508180677882471], [-0.10731686688988828, -0.005996623276359629, 0.10396836701084347], [-0.04688698209383545, -0.13633633540151352, 0.03212934477388212]]	0.6156740453067697	[[0.6556410764508063, -0.46360825118281274, -0.4636082511828126], [-0.7071067811865475, -0.5000000000000001, -0.5], [0.0, 0.6556410764508062, -0.6556410764508063]]
5	[[0.08740825448676931, -0.06334395238859675, -0.994156597696443], [0.7119981850616444, -0.6940087028176986, 0.10681996481098455], [-0.6967197295301035, -0.717174639895393, -0.015561310176609944]]	0.8982098865011332	0.101790113498867	[[0.07851095834182324, -0.05689616428549467, -0.8929612847812749], [0.6395238089932322, -0.6233654781886835, 0.09594674846892946], [-0.6258005491843344, -0.6441733519019318, -0.013977322647541746]]	0.9469573109805379	0.0835452747366271	[[0.06849594653473387, -0.0633037050278003, -0.9133710973755458], [0.678812942844597, -0.6614599163406386, 0.1029046375525179], [-0.6573957104799969, -0.6759607725498321, 0.0]]	[[-0.014275939091559733, -0.00331968620701552, 0.02805276107263831], [0.004581056095599013, -0.004263301323299227, 0.001750690916072272], [0.002368131102917566, 0.003172995948944788, 0.014735896440176631]]	0.1318470452878637	[[0.0, 0.0, -0.9556716250000002], [0.7071067811865475, -0.7071067811865476, 0.0], [-0.6757618866250675, -0.6757618866250674, 0.0]]
