5	[[-0.5446221603179724, 0.8109226453022452, -0.2139887049042392], [-0.8354447797583356, -0.5021691245819775, 0.22328947644507607], [0.07361197229480154, 0.30038414347728, 0.9509735242804028]]	0.5896017359292617	0.4103982640707382	[[-0.3211101711490213, 0.47812139937455284, -0.12616811188079394], [-0.4925796924185545, -0.2960797875836117, 0.13165186292675288], [0.04340174665019171, 0.17710701243982868, 0.5606956407384934]]	0.7612985541396428	0.33880432859031057	[[-0.43463048163771084, 0.5841294197273471, -0.08345394099768517], [-0.731289886347344, -0.3912244045793352, 0.1066596593445565], [0.06826843342316177, 0.08981749045630062, 0.6985266949098662]]	[[-0.020010418435229785, -0.03322481766034669, 0.07945535064812685], [-0.09526698345381078, -0.008923776101505783, -0.06333029622767775], [0.012227745347761922, -0.13886452365942759, -0.02544807414988486]]	0.4399744610048664	[[-0.5914899858521638, 0.5914899858521637, 0.0], [-0.7071067811865475, -0.7071067811865476, 0.0], [0.0, 0.0, 0.8364931600000002]]
5	[[0.8787972042104137, -0.3840163418041313, 0.28327887866788265], [-0.395223040501579, -0.9183905790867732, -0.018907472103605397], [0.2674214316928388, -0.09534250611366366, -0.9588511794847616]]	0.583193314561548	0.4168066854384521	[[0.5125086543508927, -0.22395576322255167, 0.16520634819560104], [-0.23049143498120878, -0.5355992458797145, -0.011026711326081634], [0.15595839113374124, -0.05560311215903216, -0.559195597534968]]	0.7919340729695503	0.3663570331353454	[[0.5520959861984369, -0.23363968373821734, 0.22490442835806476], [-0.34552399609288, -0.8469181599504454, -0.024048258307783853], [0.20196164629743457, -0.07550497919371792, -0.6405403075632612]]	[[-0.14385346304616958, 0.07047594191359537, 0.0005662321883613945], [-0.032533403897054926, -0.11961336807739288, -0.009074786915217481], [-0.009818497302423628, 0.0, 0.11880661237776327]]	0.5132149484046241	[[0.9146000000000001, 0.0, 0.0], [0.0, -1.0, 0.0], [0.0, 0.0, -0.9146000000000001]]
5	[[0.034229894132735264, 0.2773841392786001, 0.9601491309293217], [-0.1827544195208179, -0.9427759796974285, 0.2788803941677556], [0.9825625356654255, -0.18501754344446375, 0.018422055382213542]]	0.7540048304045177	0.24599516959548237	[[0.025809505520317647, 0.209148980893664, 0.7239570826294083], [-0.13779771509647035, -0.7108576426812127, 0.21027716430760357], [0.740856898066242, -0.13950412146670332, 0.013890318744168559]]	0.8679222738167434	0.2032609501382222	[[0.009221938024937213, 0.21038198694313956, 0.7784232147276151], [-0.16851747432515063, -0.8235265853074277, 0.25752703682394856], [0.8075338800282127, -0.143922475766026, 0.0]]	[[-0.020486949523252786, -0.03036588594024331, -0.05491160219173196], [-0.009900842984583307, -0.005270313308627608, 0.015480530994960443], [-0.045254030093668476, 0.016658371236281073, -0.015988912195708756]]	0.37651483655062246	[[0.0, 0.0, 0.9146000000000001], [0.0, -1.0, 0.0], [0.9146000000000001, 0.0, 0.0]]
5	[[-0.42203838922340475, -0.825029846081567, 0.3757783270710803], [0.2588054115689476, 0.28760896992378115, 0.9221175843470338], [-0.8688517462515349, 0.4864224845687207, 0.09214016247897017]]	0.5334190641185079	0.4665809358814922	[[-0.22512332260163112, -0.4400866483666661, 0.20044732354227426], [0.1380517404279133, 0.15341610756883145, 0.4918750988496141], [-0.4634620853432251, 0.2594670264848464, 0.04914931923725953]]	0.7386932611328384	0.41381265567143904	[[-0.21820910616465775, -0.4828524333500341, 0.2645914990469739], [0.26934618732965937, 0.23563788437167701, 0.8282582201859924], [-0.5587084856008124, 0.2854325234527958, 0.02316175391857371]]	[[0.09354780789402925, 0.12659155418388254, -0.012993418840204867], [0.07816837385896697, 0.023183076447622547, 0.1470961746567466], [0.0831064442786954, -0.07388448796161032, -0.044901563184326365]]	0.5807583993620797	[[-0.34986040336339286, -0.3498604033633929, 0.4947773273738319], [0.5, 0.5000000000000001, 0.7071067811865475], [-0.4947773273738319, 0.4947773273738318, 0.0]]
5	[[0.5319609947059123, -0.8460851799387872, 0.03402011756955908], [-0.703274286200726, -0.4190807785627857, 0.5742617690636116], [-0.47161719485230363, -0.3294103357928521, -0.8179645788128509]]	0.5648341303558668	0.4351658696441333	[[0.30046972582795584, -0.477897786817712, 0.019215723522006234], [-0.3972333198478301, -0.2367111271083706, 0.32436264692566674], [-0.26638548811527424, -0.18606220054778966, -0.46201431153565947]]	0.7069245078878141	0.4837465584001501	[[0.4270417937874925, -0.5490743424718145, 0.08093572014213407], [-0.528771266491381, -0.34408752898372597, 0.32870301236011434], [-0.2447669976748789, -0.11049188475583158, -0.4934364117185749]]	[[0.050985529389503306, 0.04904400698758522, 0.056886065270987954], [-0.03160943780877901, -0.04782905583298676, -0.07725670613396485], [0.08863075570751718, 0.12237635476769002, 0.0848027956283629]]	0.4820538241598003	[[0.4525233436161067, -0.45252334361610663, 0.0], [-0.5, -0.5000000000000001, 0.7071067811865475], [-0.31998232491615913, -0.3199823249161592, -0.4525233436161067]]
5	[[0.8592155572171323, 0.2624339665249735, -0.4391776855101157], [-0.4266000482917053, 0.8413623931712975, -0.33184593135155627], [0.2824199444684594, 0.4724804086637203, 0.8348660002631537]]	0.5393977372098203	0.4606022627901797	[[0.4634589273383961, 0.14155628771056847, -0.23689144979720253], [-0.2301071007421459, 0.45382897105003706, -0.17899694447331482], [0.15233667898921016, 0.2548548633091819, 0.45032483141535834]]	0.7381489992697248	0.4606938631033306	[[0.45720693049954203, 0.18355861554944702, -0.2846255209736099], [-0.3516055924092962, 0.7495970557092155, -0.25292059175567005], [0.23680345998392754, 0.30895124738340857, 0.4530896627619412]]	[[-0.1770221732172631, -0.010156754215346652, 0.039553048087275965], [-0.036711193674357594, 0.12854624716664173, -0.007968849616789031], [0.028335460600722992, -0.0398096934462672, -0.16316583985662364]]	0.5609376072001404	[[0.5462439967242125, -0.09372065310810584, -0.31998232491615913], [-0.14644660940672619, 0.8535533905932737, -0.5], [0.31998232491615913, 0.3199823249161592, 0.4525233436161067]]
5	[[0.8489524140446696, -0.5135124485683378, 0.12483895166604869], [0.522794976890395, 0.7815435453534784, -0.34040431673891397], [0.0772347773085365, 0.35425224329800037, 0.9319550081910795]]	0.6709544113646366	0.3290455886353635	[[0.5696083672419286, -0.3445434426575824, 0.08376124533047201], [0.3507715959838839, 0.5243800894284742, -0.22839577796353933], [0.05182101454592791, 0.23768710537661186, 0.6252993239391708]]	0.8209434462183736	0.269685531272862	[[0.6520793873663064, -0.40374195020259585, 0.050313289048005035], [0.47651083773719927, 0.6258974889298745, -0.26423393369278253], [0.026552840736906735, 0.22591437488895288, 0.720025586779515]]	[[-0.044862533094932155, 0.017822729001130643, -0.052172430155009955], [0.047325727743143406, -0.01570556256233578, 0.015218759198472282], [-0.03685254351467187, -0.0649066825546973, -0.04505676936534222]]	0.4566262517702955	[[0.6467198620732164, -0.6467198620732164, 0.0], [0.7071067811865475, 0.7071067811865476, 0.0], [0.0, 0.0, 0.9146000000000001]]
5	[[-0.30792515101507295, 0.09349718223056193, 0.9468053539599837], [0.3027085282091916, -0.9338174967034747, 0.1906631317268273], [0.9019698710720718, 0.34531602882779927, 0.2592434992682147]]	0.5979690035211623	0.40203099647883794	[[-0.18412969571158663, 0.055908416890445595, 0.5661602540359527], [0.18101031697060793, -0.558393917974403, 0.11401064288691498], [0.5393500250110781, 0.20648828165804414, 0.15501957692675353]]	0.795279006055349	0.3069070230895028	[[-0.17607587375103106, 0.07069215390016556, 0.7215394489933542], [0.26106312620306743, -0.8377367412451932, 0.1306750337576421], [0.6631003167941869, 0.24105834832752415, 0.10538371985086553]]	[[0.0688105342876794, -0.0036641922531315697, -0.03143497183182457], [0.020325388764384045, -0.09509129062975981, -0.020955352133469187], [-0.054217385763881756, -0.03356423985362829, -0.1007871925734709]]	0.4838894419949366	[[0.0, 0.0, 0.9146000000000001], [0.0, -1.0, 0.0], [0.9146000000000001, 0.0, 0.0]]
5	[[0.3802729664721569, 0.7767473726770865, -0.5020517802076895], [0.4287143634067757, 0.332951791095048, 0.839849450446521], [0.8195098935212374, -0.5346088512602871, -0.20639019011321075]]	0.5468327464630977	0.4531672535369027	[[0.207945710661639, 0.42475089910900643, -0.2745383538376583], [0.23443505278990567, 0.18206894236431254, 0.45925718160319434], [0.44813484582789903, -0.29234162641814443, -0.11286091450264789]]	0.7444569034479023	0.39668036321312045	[[0.2943577536115986, 0.4237268147145562, -0.34653606805634074], [0.414766470294056, 0.3136656605328566, 0.7086693242201815], [0.5293687597008055, -0.38050251765824206, -0.03578220968895862]]	[[0.011260918526788793, -0.15452812910992134, 0.027219845607582668], [0.09560710284860911, 0.06579740113680432, 0.08343760297834188], [-0.08072103797493492, 0.017490732306831472, 0.11786639214474609]]	0.4682992766183463	[[0.34986040336339286, 0.3498604033633929, -0.4947773273738319], [0.5, 0.5000000000000001, 0.7071067811865475], [0.4947773273738319, -0.4947773273738318, 0.0]]
5	[[-0.8305561570912853, 0.32773595720904825, 0.4502950280316503], [-0.5100865793185324, -0.772219296347621, -0.37879947194723407], [0.22358030216652452, -0.5443036842615101, 0.808545204538665]]	0.5255395590617807	0.4744604409382192	[[-0.43649011657380127, 0.1722382104403338, 0.23664785047946568], [-0.26807067597839357, -0.4058317885015273, -0.19907410745998474], [0.11750029341549499, -0.2860531182224968, 0.4249224902747673]]	0.7192680218734075	0.42728514266391215	[[-0.507203187538737, 0.17439245911028162, 0.24113041946760833], [-0.43922201260187266, -0.6707246886644656, -0.2625647720907356], [0.1379140105693181, -0.3407273778086388, 0.47633952884277275]]	[[0.09018929662709069, -0.06133753452825826, -0.08275239460414735], [-0.07233304771125888, -0.11529204292803744, 0.009893574783442806], [-0.02290015109985675, 0.050772856468545347, -0.1052211810209825]]	0.551923870751411	[[-0.4525233436161067, 0.3199823249161592, 0.31998232491615913], [-0.7071067811865475, -0.5000000000000001, -0.5], [0.0, -0.45252334361610663, 0.4525233436161067]]
5	[[0.08740825448676931, -0.06334395238859675, -0.994156597696443], [0.7119981850616444, -0.6940087028176986, 0.10681996481098455], [-0.6967197295301035, -0.717174639895393, -0.015561310176609944]]	0.6189193005142136	0.38108069948578643	[[0.05409865572611964, -0.03920479470415595, -0.615302706047873], [0.4406694186657426, -0.4295353808987069, 0.06611293790176748], [-0.4312132876552238, -0.4438732264705897, -0.00963119520959214]]	0.8404287170532058	0.26857200376134416	[[0.047130988375871485, -0.04713098837587149, -0.7291573906603441], [0.6741478639236808, -0.6650632972867667, 0.09525696867726803], [-0.5234215003393451, -0.5308827809157902, 0.0]]	[[-0.02632941880230414, 0.006105088263156213, 0.10636036329165766], [0.07576414270811205, -0.08179845355392903, 0.005482402695503706], [0.06212176809529621, 0.07185138159458979, 0.01307817194739529]]	0.2728795593726553	[[0.0, 0.0, -0.7650566441360002], [0.7071067811865475, -0.7071067811865476, 0.0], [-0.5409767410603891, -0.540976741060389, 0.0]]
5	[[0.04673222253661188, -0.9725397674033924, -0.22799671093185395], [-0.8377629715199755, -0.16246744520517667, 0.5213036857710898], [-0.5440306084466285, 0.16664552219444034, -0.8223502702654952]]	0.5296681062374631	0.47033189376253687	[[0.02475256781123492, -0.5151232968411779, -0.1207625861076454], [-0.44373632660085516, -0.08605382402706474, 0.2761179360169826], [-0.28815566211114046, 0.08826681815368234, -0.43557271031539085]]	0.6995353912333933	0.46932467285643914	[[-0.0010153474293282862, -0.7010513383763987, -0.10827477881970259], [-0.6714328876226617, -0.14942413578776834, 0.28057512562302134], [-0.24212355017608556, 0.01660533592040357, -0.5062051246030516]]	[[-0.03370619100468297, -0.020725351695833286, 0.05121698956193879], [-0.08538803957958559, -0.03577240794347529, -0.08409525215426783], [0.13844511434656764, -0.09996910464517739, 0.06905799343800814]]	0.6872089994242101	[[1.527615085727428e-16, -0.7650566441360002, 0.0], [-1.0, -1.7938038903913487e-16, 0.0], [0.0, 0.0, -0.7650566441360002]]
5	[[0.22433838825039393, -0.7661379269479729, -0.6022499185961573], [-0.9416906372873723, -0.011392912655017143, -0.3362869982418849], [0.2507808429735371, 0.642575192824231, -0.724020780340167]]	0.49302214942934225	0.5069778505706578	[[0.11060379437472348, -0.3777229675032299, -0.2969225493599238], [-0.46427434209290747, -0.005616958285437297, -0.1657969386983555], [0.1236405102385156, 0.3168038027361765, -0.35695828135481883]]	0.6889292490167277	0.5007257627341944	[[0.17879602639578257, -0.42033203047834616, -0.32699819652482975], [-0.8181006127801702, 0.04862372811793993, -0.20203999485942253], [0.14137158819411086, 0.3269981965248297, -0.35302018131578644]]	[[0.02424274905281565, 0.10748279617715337, 0.08790938761400624], [-0.1693423892276969, 0.05647263887747391, 0.02963795429344886], [-0.03139866962342998, -0.11569064850434684, 0.14577891115647001]]	0.7325129068766201	[[1.527615085727428e-16, -0.7650566441360002, 0.0], [-1.0, -1.7938038903913487e-16, 0.0], [0.0, 0.0, -0.7650566441360002]]
5	[[-0.3195682178843842, -0.5708200961323295, -0.7563336379995778], [0.910087742671785, 0.03735879733279218, -0.41272826520656647], [0.2638493031197415, -0.8202248094963509, 0.507557688474819]]	0.5093945756593398	0.49060542434066023	[[-0.1627863167434273, -0.2907726606471515, -0.3852722525856796], [0.46359375949106035, 0.019030368714480966, -0.21024153951751426], [0.1344034038006932, -0.41781806877865646, 0.25854713334326584]]	0.6824278397814167	0.5043789518480218	[[-0.23544871259848937, -0.3714876054169437, -0.3747205264948442], [0.7781176796258839, 0.014422066460100552, -0.22785613589933587], [0.1594356792291314, -0.37472052649484416, 0.30957797618939165]]	[[-0.01736646400485197, 0.018055919690462517, 0.14142260423922778], [0.15704846738283176, -0.01107261690054856, 0.05380112254231294], [-0.020622430726705932, 0.1850237183848748, -0.03679352072092838]]	0.6194720342288746	[[1.2778395703238074e-16, -0.4525233436161067, -0.45252334361610663], [1.0, 1.2684108950145333e-16, 1.268410895014533e-16], [0.0, -0.45252334361610663, 0.4525233436161067]]
