5	[[-0.42203838922340475, -0.825029846081567, 0.3757783270710803], [0.2588054115689476, 0.28760896992378115, 0.9221175843470338], [-0.8688517462515349, 0.4864224845687207, 0.09214016247897017]]	0.7196579959802747	0.28034200401972537	[[-0.3037233014152586, -0.5937393256549749, 0.2704318777927939], [0.18625138383855908, 0.20698009492129943, 0.6636092928093583], [-0.6252761065113418, 0.3500578304444716, 0.06630940467891253]]	0.8398333203890594	0.26361788927682395	[[-0.27444724197509135, -0.6137697366678786, 0.3276955190087684], [0.26087738607469957, 0.2344348048219379, 0.8299526516685586], [-0.7136912870539193, 0.3646402621292155, 0.02348674962784931]]	[[0.07999465977805095, 0.07911781838687848, 0.012104358854417033], [0.04352397794209321, -0.007108791362828415, 0.05552757901725046], [0.015999359926339846, -0.043873548198029244, -0.05389562896805164]]	0.5039368608123567	[[-0.4441084893214849, -0.444108489321485, 0.628064248763471], [0.5, 0.5000000000000001, 0.7071067811865475], [-0.628064248763471, 0.6280642487634709, 0.0]]
5	[[0.034229894132735264, 0.2773841392786001, 0.9601491309293217], [-0.1827544195208179, -0.9427759796974285, 0.2788803941677556], [0.9825625356654255, -0.18501754344446375, 0.018422055382213542]]	0.862970065828624	0.13702993417137607	[[0.02953937399303338, 0.23937420893306974, 0.828579958723373], [-0.15771159344435215, -0.8135874492611354, 0.2406654321132607], [0.8479220560839322, -0.15966460164571916, 0.015897682345887378]]	0.9155724566450508	0.12979153042710226	[[0.009049059064913613, 0.2349051538044467, 0.8550115847451959], [-0.16510867880680632, -0.8265509781168874, 0.25363430220375216], [0.8879706505885571, -0.1590831730336586, 0.0]]	[[-0.022290889196894825, -0.019060124029234196, -0.024074513805373884], [0.0022162340366091576, 0.036628741680631995, -0.0017009053945599216], [-0.011636543998027054, 0.010313793740221476, -0.01686672650274443]]	0.35082596129834576	[[0.0, 0.0, 0.9708000000000001], [0.0, -1.0, 0.0], [0.9708000000000001, 0.0, 0.0]]
5	[[0.5319609947059123, -0.8460851799387872, 0.03402011756955908], [-0.703274286200726, -0.4190807785627857, 0.5742617690636116], [-0.47161719485230363, -0.3294103357928521, -0.8179645788128509]]	0.7519158062107819	0.24808419378921828	[[0.39998988020698556, -0.6361848201966677, 0.02558026412970061], [-0.5288030518959308, -0.31511346148047925, 0.43179650106149536], [-0.35461642329023724, -0.2476888382118468, -0.6150404957299273]]	0.8199083195947054	0.22427073650911358	[[0.4756286875192285, -0.675017585461155, 0.004594097590927361], [-0.6030769085470999, -0.38514959261382864, 0.5559639348989247], [-0.3424204450048775, -0.33592340988492253, -0.6706559633024356]]	[[0.039469442259975895, 0.018694692656439867, -0.023299279837944144], [-0.026456470334096822, -0.041541775687974174, 0.08512193281849631], [0.04426241671844358, -0.06583713500787755, 9.672603764586081e-18]]	0.341431951763305	[[0.6097247726995777, -0.6097247726995776, 0.0], [-0.5, -0.5000000000000001, 0.7071067811865475], [-0.43114052143329756, -0.4311405214332977, -0.6097247726995777]]
5	[[-0.30792515101507295, 0.09349718223056193, 0.9468053539599837], [0.3027085282091916, -0.9338174967034747, 0.1906631317268273], [0.9019698710720718, 0.34531602882779927, 0.2592434992682147]]	0.739732345358882	0.2602676546411183	[[-0.22778219415536782, 0.06916288989586035, 0.700382545083165], [0.22392328953232057, -0.6907750069736213, 0.14103968560575542], [0.667216288171192, 0.2554414358948032, 0.19177080173272007]]	0.8427595617921948	0.26924221409750027	[[-0.2499054894529178, 0.07649887254694525, 0.7367900157058618], [0.2444808209347462, -0.849754277446471, 0.11824444014252863], [0.6739903653468252, 0.2597975106712153, 0.17340661690597256]]	[[0.009601375881340454, -0.002296771778488119, -0.06113924949995797], [-0.010629685649592345, -0.06277065313076623, -0.042438737201499876], [-0.0861533679476365, -0.031220874463521738, -0.04507332093478325]]	0.4710932122306476	[[0.0, 0.0, 0.9708000000000001], [0.0, -1.0, 0.0], [0.9708000000000001, 0.0, 0.0]]
5	[[0.8787972042104137, -0.3840163418041313, 0.28327887866788265], [-0.395223040501579, -0.9183905790867732, -0.018907472103605397], [0.2674214316928388, -0.09534250611366366, -0.9588511794847616]]	0.7265379586673059	0.27346204133269425	[[0.6384795268295694, -0.27900244906926, 0.20581285824092688], [-0.28714454106430315, -0.6672456165889894, -0.013736996185712492], [0.19429182108600346, -0.06926994976604633, -0.696641778608597]]	0.8400957239374709	0.2562991184816865	[[0.6875616731982257, -0.3097078447764661, 0.1395149518177067], [-0.3586594379319564, -0.8404881517566677, -0.026436229456295483], [0.12778786610968304, -0.05322658360615389, -0.8055267757775486]]	[[-0.0507121002671473, 0.012902641895294815, -0.09846642283298314], [-0.026634251605014078, -0.0689521533614118, -0.010552142991589563], [-0.09687173514470725, 0.026870248089417122, 0.0]]	0.480290106068537	[[0.6664146526911642, -0.6664146526911641, 0.0], [-0.7071067811865475, -0.7071067811865476, 0.0], [0.0, 0.0, -0.9424526400000002]]
5	[[0.04673222253661188, -0.9725397674033924, -0.22799671093185395], [-0.8377629715199755, -0.16246744520517667, 0.5213036857710898], [-0.5440306084466285, 0.16664552219444034, -0.8223502702654952]]	0.6654355252648941	0.3345644747351058	[[0.031097281050446304, -0.6471625109630744, -0.1517171110976065], [-0.5574772430008734, -0.1081116097385522, 0.3468939919636104], [-0.3620172936918622, 0.11089185059449998, -0.5472210840458475]]	0.7803718322884032	0.3678471599942642	[[-0.028467386950525007, -0.8342001890031013, -0.14852901525149265], [-0.6843986058630612, -0.1484182906841042, 0.2723460812514645], [-0.28949216974281455, 0.03655973466770478, -0.6059433341158198]]	[[-0.06493589707833033, -0.07525754874117871, 0.02939319581412767], [-0.03063198075464052, -0.021633272782124655, -0.1344646311924188], [0.1350539929916558, -0.09348573682982839, 0.03579565307412832]]	0.6316449058778502	[[1.8268784395814153e-16, -0.9149330229120003, 0.0], [-1.0, -1.7938038903913487e-16, 0.0], [0.0, 0.0, -0.9149330229120003]]
5	[[-0.5446221603179724, 0.8109226453022452, -0.2139887049042392], [-0.8354447797583356, -0.5021691245819775, 0.22328947644507607], [0.07361197229480154, 0.30038414347728, 0.9509735242804028]]	0.7679562588919068	0.23204374110809325	[[-0.4182459967474183, 0.6227531209370409, -0.16433396526338376], [-0.6415850475739844, -0.38564392224499927, 0.1714765509806932], [0.0565307748531705, 0.23068188305526174, 0.7303060700116302]]	0.8412776257322971	0.18775029913520486	[[-0.4753583069615315, 0.6650312086843936, -0.12154281525368509], [-0.7602422402390736, -0.4536237691944663, 0.20777218720860924], [0.046274277165021624, 0.1992669147285478, 0.8172126176489256]]	[[-0.01717986900803313, -0.017179869008033127, 0.05848109434168245], [-0.057401239493539084, -0.031160120350074254, 0.019923746613887985], [-0.01565382811262065, -0.05343954430364795, 0.01717986900803313]]	0.39750505552245435	[[-0.6664146526911642, 0.6664146526911641, 0.0], [-0.7071067811865475, -0.7071067811865476, 0.0], [0.0, 0.0, 0.9424526400000002]]
5	[[-0.8305561570912853, 0.32773595720904825, 0.4502950280316503], [-0.5100865793185324, -0.772219296347621, -0.37879947194723407], [0.22358030216652452, -0.5443036842615101, 0.808545204538665]]	0.7275779427990419	0.2724220572009582	[[-0.604294340155555, 0.23845345352743413, 0.327624730147905], [-0.3711277440299781, -0.5618497270263259, -0.275606140532732], [0.16267209630070809, -0.3960233548529287, 0.5882796565782724]]	0.7863155625778063	0.3602199587597617	[[-0.636823491264402, 0.25994737977863297, 0.19615171416890748], [-0.5648862812788418, -0.6246427056449617, -0.3024346506231298], [0.17173776470013452, -0.28375492332371965, 0.616849494860182]]	[[0.016255740651292837, 0.0022434962088242697, -0.15792227412378865], [-0.16379726569860134, -0.01743465520394443, -0.004578730734764414], [-0.004066906379252129, 0.14423953437954232, -0.01892218251622582]]	0.42339841129151273	[[-0.6097247726995777, 0.4311405214332977, 0.43114052143329756], [-0.7071067811865475, -0.5000000000000001, -0.5], [0.0, -0.6097247726995776, 0.6097247726995777]]
5	[[0.08740825448676931, -0.06334395238859675, -0.994156597696443], [0.7119981850616444, -0.6940087028176986, 0.10681996481098455], [-0.6967197295301035, -0.717174639895393, -0.015561310176609944]]	0.8307462559255486	0.1692537440744515	[[0.07261408015187112, -0.05262275128235296, -0.825891871340002], [0.5914898264657468, -0.5765451314455496, 0.08874028582482427], [-0.5787973067365944, -0.5957901469378513, -0.012927500166514847]]	0.927725423368527	0.12122000206114975	[[0.05788950178226266, -0.054851007459898606, -0.8773052330028774], [0.6826809812441175, -0.6704836811607197, 0.09217130555709098], [-0.6345178681302511, -0.6466103027154452, 0.0]]	[[-0.02320135811737938, 0.003914787587648143, 0.04499911748966945], [0.022142163570180593, -0.02663416351772799, -0.006928291521390848], [0.011846737917270037, 0.01873084371067923, 0.014436623071764429]]	0.1568983476029287	[[0.0, 0.0, -0.9149330229120003], [0.7071067811865475, -0.7071067811865476, 0.0], [-0.6469553448325823, -0.6469553448325822, 0.0]]
5	[[-0.3195682178843842, -0.5708200961323295, -0.7563336379995778], [0.910087742671785, 0.03735879733279218, -0.41272826520656647], [0.2638493031197415, -0.8202248094963509, 0.507557688474819]]	0.7366298511930437	0.2633701488069567	[[-0.23540348878620004, -0.42048312247195685, -0.5571379352119222], [0.6703977984569301, 0.027519605320005826, -0.30402796058227605], [0.19435927289448346, -0.6042020793641392, 0.3738821445330911]]	0.7893555483270575	0.23550877808770654	[[-0.29331993453135663, -0.4670821863255066, -0.5805734395668989], [0.7733106122744949, 0.003946294093834228, -0.31499157415386164], [0.18837686584569524, -0.6166996494456732, 0.4283227835999781]]	[[-0.041066988675328014, -0.016502176346867993, 0.01644271397445591], [0.054927803132074265, -0.025543079859631418, 0.010797771938342731], [-0.019894045494100315, 0.0307493548057752, 0.027679306106323583]]	0.5097979220849704	[[1.7217464083425857e-16, -0.6097247726995777, -0.6097247726995776], [1.0, 1.2684108950145333e-16, 1.268410895014533e-16], [0.0, -0.6097247726995776, 0.6097247726995777]]
5	[[0.22433838825039393, -0.7661379269479729, -0.6022499185961573], [-0.9416906372873723, -0.011392912655017143, -0.3362869982418849], [0.2507808429735371, 0.642575192824231, -0.724020780340167]]	0.6786718377473732	0.321328162252627	[[0.15225214623117844, -0.5199562348497434, -0.4087300590368599], [-0.639098915397316, -0.007732048968875766, -0.2282285151073676], [0.17019789557268578, 0.4360976870048935, -0.4913725135607483]]	0.7607104350290573	0.3942598578945059	[[0.1913060627678866, -0.5201007627721319, -0.39443144448766704], [-0.8420646361230388, 0.032338579686412045, -0.17133044217095594], [0.15217860769465066, 0.394431444487667, -0.4471637208401386]]	[[0.020649509848211938, 0.0627083529287207, 0.06370635308383026], [-0.12571074176937172, 0.04100528722845807, 0.08448658655624418], [-0.038592996460702536, -0.0943822099845342, 0.10360644194250744]]	0.638872714282383	[[0.6097247726995777, -0.4311405214332977, -0.43114052143329756], [-0.7071067811865475, -0.5000000000000001, -0.5], [0.0, 0.6097247726995776, -0.6097247726995777]]
5	[[0.3802729664721569, 0.7767473726770865, -0.5020517802076895], [0.4287143634067757, 0.332951791095048, 0.839849450446521], [0.8195098935212374, -0.5346088512602871, -0.20639019011321075]]	0.7335407390674327	0.26645926093256755	[[0.278945712873351, 0.5697758418222365, -0.36827543390366885], [0.3144794509822302, 0.24423370291368698, 0.616063786585918], [0.6011438929666415, -0.3921573718654621, -0.15139561259191253]]	0.8395958002697398	0.25633258059590247	[[0.3464611643660143, 0.5780184599692304, -0.4274359182043187], [0.4045995422508137, 0.2933620528699069, 0.7169149987335146], [0.6430726671892717, -0.4274359182043187, -0.07845470589593606]]	[[0.027185578759875803, -0.07413537200100588, -0.005915352023996182], [0.04465276321916978, 0.013817127374216944, 0.011780927279766663], [-0.04498439769066093, 0.02141942810084833, 0.0948296309399889]]	0.3853020600395713	[[0.4441084893214849, 0.444108489321485, -0.628064248763471], [0.5, 0.5000000000000001, 0.7071067811865475], [0.628064248763471, -0.6280642487634709, 0.0]]
5	[[0.8489524140446696, -0.5135124485683378, 0.12483895166604869], [0.522794976890395, 0.7815435453534784, -0.34040431673891397], [0.0772347773085365, 0.35425224329800037, 0.9319550081910795]]	0.8024101921781129	0.19758980782188704	[[0.6812080697036563, -0.4120476225415733, 0.10017204719766827], [0.4194960178763739, 0.6271185064226483, -0.27314389321273125], [0.06197397250297654, 0.2842556106242761, 0.7478101972239589]]	0.89744665522441	0.1728217616575511	[[0.7361000348744988, -0.46476746595636637, 0.06487376051113738], [0.5079782587675913, 0.6666567285716166, -0.2967835880406277], [0.021865126824524614, 0.2864704936876568, 0.8173321738606079]]	[[-0.025789469554578323, -0.003917436572614782, -0.04716253910327979], [0.03879765538918345, -0.03473691211808947, 0.00871112744066133], [-0.04744896573802363, -0.03145199716587754, -0.019047731060113995]]	0.4363194589667028	[[0.6864592631759004, -0.6864592631759003, 0.0], [0.7071067811865475, 0.7071067811865476, 0.0], [0.0, 0.0, 0.9708000000000001]]
5	[[0.8592155572171323, 0.2624339665249735, -0.4391776855101157], [-0.4266000482917053, 0.8413623931712975, -0.33184593135155627], [0.2824199444684594, 0.4724804086637203, 0.8348660002631537]]	0.7534560422611818	0.24654395773881818	[[0.6473811531900565, 0.19773245777281004, -0.3309010807738778], [-0.3214243840142973, 0.6339295788662421, -0.25003132207661954], [0.21279101361482822, 0.3559932187577125, 0.6290348323766987]]	0.8092517973776602	0.23179881365854837	[[0.7144713720803173, 0.17216752152692658, -0.3139261206700441], [-0.34664921460396164, 0.7342683271492559, -0.3954940904940022], [0.22491068438377118, 0.3833626575276223, 0.6777225518200537]]	[[0.019149638067505192, -0.040207637576356973, 0.04147921069717776], [-0.001422358762502558, 0.053394298229413946, -0.1269471740952916], [-0.003638163292628588, 0.0010070375907751446, 0.0021057405375985733]]	0.45190900381690174	[[0.7360029077830865, -0.12627813508350882, -0.43114052143329756], [-0.14644660940672619, 0.8535533905932737, -0.5], [0.43114052143329756, 0.4311405214332977, 0.6097247726995777]]
