5	[[0.8592155572171323, 0.2624339665249735, -0.4391776855101157], [-0.4266000482917053, 0.8413623931712975, -0.33184593135155627], [0.2824199444684594, 0.4724804086637203, 0.8348660002631537]]	0.8196704327680547	0.1803295672319453	[[0.7042735876252122, 0.21510936291456226, -0.3599809635441492], [-0.3496714462021352, 0.6896398769254836, -0.2720042981632483], [0.23149127810479214, 0.3872782210438191, 0.6843149757390342]]	0.8575515297424493	0.18133001217050032	[[0.7492777388562462, 0.15673943813025878, -0.3513977948794616], [-0.3570215171608754, 0.7569654670494289, -0.38467294197428953], [0.27899364223420114, 0.3968586950946717, 0.7278224256001097]]	[[0.012456123386183396, -0.06831121131961096, 0.02521970115848645], [0.008810006839879179, 0.035453859717614875, -0.10009795590495466], [0.03680398682549617, -0.008317602128239225, 0.011881809944482147]]	0.429632744002111	[[0.7938421707912874, -0.1362017837403872, -0.46502197726583716], [-0.14644660940672619, 0.8535533905932737, -0.5], [0.46502197726583716, 0.46502197726583727, 0.6576403870509002]]
5	[[0.034229894132735264, 0.2773841392786001, 0.9601491309293217], [-0.1827544195208179, -0.9427759796974285, 0.2788803941677556], [0.9825625356654255, -0.18501754344446375, 0.018422055382213542]]	0.8667050396138509	0.1332949603861491	[[0.02966722175029024, 0.24041023142171308, 0.8321660905573023], [-0.1583941764103968, -0.8171086928306469, 0.24170704307469099], [0.8515919013969885, -0.16035563732029132, 0.01596648823980994]]	0.9271503254431673	0.12383840939514294	[[0.010281483011181413, 0.240820608633337, 0.8756392502505279], [-0.1640343262192727, -0.827460964139422, 0.25251175419411226], [0.9094501253926691, -0.16345266501401642, 0.0]]	[[-0.02145477447386926, -0.016356186371589938, -0.014563328964567], [0.005406493315630747, 0.04663409225704975, -0.006052294018241129], [-0.0015330493177937428, 0.00808641060321349, -0.017080014642951342]]	0.3444487184446207	[[0.0, 0.0, 0.9856], [0.0, -1.0, 0.0], [0.9856, 0.0, 0.0]]
5	[[0.8489524140446696, -0.5135124485683378, 0.12483895166604869], [0.522794976890395, 0.7815435453534784, -0.34040431673891397], [0.0772347773085365, 0.35425224329800037, 0.9319550081910795]]	0.855104396225226	0.1448956037747741	[[0.7259429414356152, -0.4391067522871659, 0.10675033638978676], [0.4470442830634423, 0.6683013214732089, -0.29108122773748973], [0.06604379761800587, 0.3029226506167685, 0.7969188245883084]]	0.9095194298858097	0.14935531305487224	[[0.7648466027550415, -0.47477846802243806, 0.05476911268423492], [0.49998288584262185, 0.6734179909492344, -0.28845582963478955], [0.02197832420454893, 0.28850118953164894, 0.8476311877291757]]	[[-0.007292112867048159, -0.007728918561297296, -0.058774339462611826], [0.024490696514104626, -0.03741104885159577, 0.02114851045625607], [-0.04826820642046866, -0.033698108828517453, 0.0]]	0.4314849111304034	[[0.6969244435374613, -0.6969244435374612, 0.0], [0.7071067811865475, 0.7071067811865476, 0.0], [0.0, 0.0, 0.9856]]
5	[[-0.30792515101507295, 0.09349718223056193, 0.9468053539599837], [0.3027085282091916, -0.9338174967034747, 0.1906631317268273], [0.9019698710720718, 0.34531602882779927, 0.2592434992682147]]	0.7735072926629344	0.22649270733706564	[[-0.23818234990449427, 0.07232075229877497, 0.7323608460203583], [0.2341472541210733, -0.7223146437163833, 0.14747932283265455], [0.6976802730364943, 0.26710446657170683, 0.2005267372594222]]	0.8550015639888487	0.25584532400494653	[[-0.2620303003210515, 0.08098915988110288, 0.7491678636766154], [0.24307192295151958, -0.8497639781204844, 0.11962991862698798], [0.6853999293469168, 0.26848538021233376, 0.18104114043994865]]	[[0.0012461853883382684, 0.0010489228454220248, -0.06035219475218619], [-0.01574434210010174, -0.051348557958861896, -0.04338735719446129], [-0.0857857210905249, -0.026760364505852976, -0.040612456888316883]]	0.4684829544927495	[[0.0, 0.0, 0.9856], [0.0, -1.0, 0.0], [0.9856, 0.0, 0.0]]
5	[[0.3802729664721569, 0.7767473726770865, -0.5020517802076895], [0.4287143634067757, 0.332951791095048, 0.839849450446521], [0.8195098935212374, -0.5346088512602871, -0.20639019011321075]]	0.8001164058579617	0.1998835941420385	[[0.3042626391786474, 0.621488316086005, -0.40169986593436796], [0.3430213955887134, 0.2664001904149408, 0.6719773237530546], [0.6557033105692535, -0.4277493126102346, -0.1651361771177236]]	0.8682572486599511	0.2184979611671079	[[0.34488619132080955, 0.6283015678682115, -0.42780863524305446], [0.4034161664961704, 0.30405911540419905, 0.7225292428674148], [0.6740605481867489, -0.4541432686657664, -0.08618939527793289]]	[[0.014711431711936725, -0.046114968836241194, 0.00810146212490444], [0.031181812863600916, 0.014971309331609985, -0.006676130265853349], [-0.037484857211610025, 0.010034741638747522, 0.09301038334016774]]	0.37250409016162667	[[0.47181612953108476, 0.47181612953108487, -0.6672487693292413], [0.5, 0.5000000000000001, 0.7071067811865475], [0.6672487693292413, -0.6672487693292412, 0.0]]
5	[[0.8787972042104137, -0.3840163418041313, 0.28327887866788265], [-0.395223040501579, -0.9183905790867732, -0.018907472103605397], [0.2674214316928388, -0.09534250611366366, -0.9588511794847616]]	0.7688547869315623	0.23114521306843774	[[0.6756674371992505, -0.29525280265605336, 0.2178003219004068], [-0.30386912659528587, -0.7061089930037151, -0.014537100435631986], [0.20560824788513088, -0.07330454222354207, -0.7372173193018337]]	0.853013960426241	0.24172487680228513	[[0.6966829417183467, -0.3168591513623406, 0.14994125814229356], [-0.3601523980662226, -0.8405082960819006, -0.024894636618847152], [0.1362740584566103, -0.057178372076911434, -0.8179134420716689]]	[[-0.05294334185668648, 0.01071214922839852, -0.09169958005530163], [-0.023021627036270014, -0.05710831099694315, -0.008766298958102027], [-0.09184015609455354, 0.024150116660067916, 0.0]]	0.4736923876664864	[[0.6868887315505219, -0.6868887315505218, 0.0], [-0.7071067811865475, -0.7071067811865476, 0.0], [0.0, 0.0, -0.97140736]]
5	[[0.5319609947059123, -0.8460851799387872, 0.03402011756955908], [-0.703274286200726, -0.4190807785627857, 0.5742617690636116], [-0.47161719485230363, -0.3294103357928521, -0.8179645788128509]]	0.8065075475944221	0.1934924524055779	[[0.4290305572561547, -0.6823740835284167, 0.027437481589899008], [-0.5671960198499653, -0.3379918109626334, 0.4631464510447278], [-0.3803628272236921, -0.26567192207254825, -0.6596946064774569]]	0.8656013914324324	0.17478992856569997	[[0.5211594257264727, -0.7172247335315195, 0.005466312681271846], [-0.5950826921427331, -0.3905249272038114, 0.5669301232333497], [-0.37681193062012386, -0.3685153640104757, -0.7117584208502477]]	[[0.06069324852125416, 0.015147775493854612, -0.02398154842363344], [0.013672508551266066, -0.027768022157276886, 0.06984833688543729], [0.031420569467490805, -0.08337731899595813, -0.0037271432874003275]]	0.3088370645583833	[[0.6576403870509002, -0.6576403870509001, 0.0], [-0.5, -0.5000000000000001, 0.7071067811865475], [-0.46502197726583716, -0.46502197726583727, -0.6576403870509002]]
5	[[-0.8305561570912853, 0.32773595720904825, 0.4502950280316503], [-0.5100865793185324, -0.772219296347621, -0.37879947194723407], [0.22358030216652452, -0.5443036842615101, 0.808545204538665]]	0.7823599054191833	0.21764009458081665	[[-0.6497938365072584, 0.25640747248453655, 0.35229277554157046], [-0.3990712879512418, -0.6041534156533932, -0.2963575190454747], [0.17492026405659455, -0.4258413789381481, 0.6325733497500041]]	0.8281505718496657	0.22772017523677202	[[-0.6876482927875931, 0.33373904933267806, 0.3848968994328096], [-0.4998474985621028, -0.6337184178847836, -0.3645391291374512], [0.06436027640770198, -0.4891593732748185, 0.6836957875046447]]	[[0.00017726366081547966, 0.06232432895430723, 0.011984814467337242], [-0.07741900620662046, 0.005795433978845091, -0.05083612982799791], [-0.12079787868582638, -0.03839396589376907, 0.014098613999644568]]	0.3912881740163278	[[-0.6576403870509002, 0.46502197726583727, 0.46502197726583716], [-0.7071067811865475, -0.5000000000000001, -0.5], [0.0, -0.6576403870509001, 0.6576403870509002]]
5	[[-0.42203838922340475, -0.825029846081567, 0.3757783270710803], [0.2588054115689476, 0.28760896992378115, 0.9221175843470338], [-0.8688517462515349, 0.4864224845687207, 0.09214016247897017]]	0.7880144460599238	0.21198555394007634	[[-0.33257234749990383, -0.6501354371428703, 0.2961187502482423], [0.20394240303481487, 0.2266400231163537, 0.7266419774313427], [-0.6846677275306008, 0.3833079447285122, 0.07260777909573705]]	0.8641399428715975	0.22164029202736796	[[-0.2892743367061539, -0.6543579223560158, 0.3449950614574759], [0.25852056782681343, 0.23409351606093243, 0.830542782697233], [-0.7606768082443038, 0.3860455361762571, 0.023050154040066963]]	[[0.07542589284698008, 0.05858332170427231, 0.020269999369888013], [0.03487647425876281, -0.014440882778362822, 0.03370414603869165], [-0.009867309874614618, -0.03429156185041776, -0.056571840700690004]]	0.4884044258566962	[[-0.47181612953108476, -0.47181612953108487, 0.6672487693292413], [0.5, 0.5000000000000001, 0.7071067811865475], [-0.6672487693292413, 0.6672487693292412, 0.0]]
5	[[0.04673222253661188, -0.9725397674033924, -0.22799671093185395], [-0.8377629715199755, -0.16246744520517667, 0.5213036857710898], [-0.5440306084466285, 0.16664552219444034, -0.8223502702654952]]	0.70673648022377	0.29326351977622994	[[0.03302736646855909, -0.6873293320923175, -0.16113359298657481], [-0.592077653753834, -0.11482167037525483, 0.36842433200953817], [-0.38448627734756624, 0.11777446980075089, -0.5811849355185021]]	0.798785044910661	0.337881118626232	[[-0.032436669953715275, -0.8770656573324583, -0.15536699908447602], [-0.6867649517087109, -0.14873862840961358, 0.28010206872881516], [-0.31124422724334566, 0.0458723785667642, -0.6246112955274932]]	[[-0.06976567043139793, -0.10021543554973562, 0.026753363896707925], [-0.017572418878638488, -0.018962062894876112, -0.13630751932193788], [0.1233192867574688, -0.0872415723634824, 0.032269802038824576]]	0.618301179402558	[[1.9117118485181538e-16, -0.9574190940160001, 0.0], [-1.0, -1.7938038903913487e-16, 0.0], [0.0, 0.0, -0.9574190940160001]]
5	[[0.08740825448676931, -0.06334395238859675, -0.994156597696443], [0.7119981850616444, -0.6940087028176986, 0.10681996481098455], [-0.6967197295301035, -0.717174639895393, -0.015561310176609944]]	0.9007712827457897	0.09922871725421051	[[0.07873484551661764, -0.05705841324726451, -0.8955077137572148], [0.6413475184706515, -0.6251431094738398, 0.09622035672565066], [-0.6275851244831309, -0.6460103203313231, -0.01401718132899005]]	0.9482047713481194	0.08152489669295925	[[0.06808228029394837, -0.06397574109735421, -0.9154540836896214], [0.6792168213965245, -0.6619160445852742, 0.10203432875925543], [-0.6592959688438358, -0.6774071323901157, 0.0]]	[[-0.014798643665616965, -0.003912703206438665, 0.027209945713358708], [0.004096745129871797, -0.0038536812164134265, 0.0007471284502416804], [0.0013370029889795626, 0.002621283048565266, 0.014755308557889597]]	0.1308550664601949	[[0.0, 0.0, -0.9574190940160001], [0.7071067811865475, -0.7071067811865476, 0.0], [-0.6769975338161944, -0.6769975338161943, 0.0]]
5	[[-0.5446221603179724, 0.8109226453022452, -0.2139887049042392], [-0.8354447797583356, -0.5021691245819775, 0.22328947644507607], [0.07361197229480154, 0.30038414347728, 0.9509735242804028]]	0.827673620110469	0.1723263798895311	[[-0.4507693950227604, 0.671179281466867, -0.17711280605084254], [-0.6914756052649752, -0.4156321372504704, 0.18481080930186738], [0.06092668759270994, 0.24862003145562284, 0.787095699470372]]	0.8552769643456298	0.1533107559458002	[[-0.4658645662134501, 0.6935016801718965, -0.15478190141377085], [-0.7350278694109444, -0.45011207199440073, 0.19097434558426968], [0.08292569938414632, 0.23694456319045631, 0.8134331166180804]]	[[-6.17782213357219e-05, -6.177822133572189e-05, 0.02823770852097962], [-0.020491194300831857, -0.020618387533824705, 0.0], [0.019967075180353847, -0.019967075180353844, 8.736759847226481e-05]]	0.3882888746654128	[[-0.6868887315505219, 0.6868887315505218, 0.0], [-0.7071067811865475, -0.7071067811865476, 0.0], [0.0, 0.0, 0.97140736]]
5	[[-0.3195682178843842, -0.5708200961323295, -0.7563336379995778], [0.910087742671785, 0.03735879733279218, -0.41272826520656647], [0.2638493031197415, -0.8202248094963509, 0.507557688474819]]	0.7967628187837881	0.203237181216212	[[-0.25462007407527365, -0.45480822881282773, -0.6026185213535409], [0.7251240751917462, 0.029766100669247827, -0.3288465359777267], [0.21022531448782333, -0.6535246312507081, 0.40440309456458057]]	0.8316743337457939	0.1841092230926556	[[-0.2872274098435342, -0.5060352690408741, -0.6325928897190831], [0.7939682299657178, 0.006699560225423652, -0.29840389492276975], [0.1799102655983941, -0.6739419955420806, 0.450040006729185]]	[[-0.02145072514820832, -0.03129884590130886, -0.003569615246251767], [0.03707161292894753, -0.024370792655870478, 0.04485161006095881], [-0.039526427783008924, 0.008217926417567724, 0.027917304329334723]]	0.4837321891526452	[[1.85705095984974e-16, -0.6576403870509002, -0.6576403870509001], [1.0, 1.2684108950145333e-16, 1.268410895014533e-16], [0.0, -0.6576403870509001, 0.6576403870509002]]
5	[[0.22433838825039393, -0.7661379269479729, -0.6022499185961573], [-0.9416906372873723, -0.011392912655017143, -0.3362869982418849], [0.2507808429735371, 0.642575192824231, -0.724020780340167]]	0.7184868217169238	0.2815131782830763	[[0.16118417556312287, -0.5504600041296419, -0.4327086298914291], [-0.6765923130251885, -0.008185657603601817, -0.24161777655153663], [0.1801827308155476, 0.4616818080064212, -0.5201993893236136]]	0.7758869158025767	0.3679574266574126	[[0.2267195200902166, -0.5839155061632149, -0.3625108912929566], [-0.8371039561688084, -0.01494713774245246, -0.15670473665960907], [0.1478716446598494, 0.36251089129295655, -0.5299541615794525]]	[[0.05265829993449736, 0.010520887055827662, 0.1047669405889688], [-0.1064585119637461, -0.0061075258805430195, 0.10421594523079353], [-0.046705930137258635, -0.13605479323868208, 0.031804088655654525]]	0.6147179006240799	[[0.6576403870509002, -0.46502197726583727, -0.46502197726583716], [-0.7071067811865475, -0.5000000000000001, -0.5], [0.0, 0.6576403870509001, -0.6576403870509002]]
