5	[[-0.8305561570912853, 0.32773595720904825, 0.4502950280316503], [-0.5100865793185324, -0.772219296347621, -0.37879947194723407], [0.22358030216652452, -0.5443036842615101, 0.808545204538665]]	0.7836482353213091	0.21635176467869088	[[-0.6508638668398338, 0.25682970451821074, 0.35287290409096217], [-0.399728447744051, -0.6051482888638762, -0.29684553773209377], [0.17520830924540204, -0.42654262165041945, 0.6336150227142318]]	0.8292052943033025	0.22696186180063235	[[-0.6882862875522602, 0.3337418722139372, 0.3863715016784003], [-0.5002084899379357, -0.6340534931665699, -0.36502343237022106], [0.06470794920122377, -0.49001424070443567, 0.684662528959294]]	[[0.0004152751240389575, 0.06198148136263397, 0.01298448043610205], [-0.07724199781394718, 0.006274835728048385, -0.05092090475227925], [-0.12068602105719048, -0.038674744005998296, 0.014212564672286687]]	0.39044257821285966	[[-0.6589759682253106, 0.46596637577108796, 0.46596637577108785], [-0.7071067811865475, -0.5000000000000001, -0.5], [0.0, -0.6589759682253105, 0.6589759682253106]]
5	[[0.08740825448676931, -0.06334395238859675, -0.994156597696443], [0.7119981850616444, -0.6940087028176986, 0.10681996481098455], [-0.6967197295301035, -0.717174639895393, -0.015561310176609944]]	0.90248222402023	0.09751777597976997	[[0.07888439590694579, -0.05716679102989236, -0.897208657313471], [0.6425657055528003, -0.6263305176083115, 0.09640311941238007], [-0.628777171025101, -0.6472373640237019, -0.014043805816855583]]	0.9490358542446747	0.08019415496955024	[[0.06780513840787247, -0.06442548622497543, -0.9168444634544669], [0.6794858746220883, -0.6622199215328778, 0.1014541799607836], [-0.6605653996716645, -0.6783722373792629, 0.0]]	[[-0.01514842905701455, -0.004309804258629519, 0.026645792493356527], [0.00377406884145278, -0.003580779401044584, 7.820340600478773e-05], [0.0006466040120561472, 0.0022522096364783247, 0.014768241296625368]]	0.13019703115857054	[[0.0, 0.0, -0.958585256], [0.7071067811865475, -0.7071067811865476, 0.0], [-0.6778221348630427, -0.6778221348630425, 0.0]]
5	[[0.5319609947059123, -0.8460851799387872, 0.03402011756955908], [-0.703274286200726, -0.4190807785627857, 0.5742617690636116], [-0.47161719485230363, -0.3294103357928521, -0.8179645788128509]]	0.8075168609696564	0.19248313903034367	[[0.4295674726032143, -0.6832280486171163, 0.027471818549589005], [-0.567905843993486, -0.3384147947977404, 0.4637260611291294], [-0.3808388367664471, -0.26600440033040446, -0.6605201890673204]]	0.8668843947824644	0.17363314041049094	[[0.5219486037125286, -0.7182066648812289, 0.005326786164243511], [-0.5946700585938888, -0.3904731498190915, 0.567666175590918], [-0.37794970103787695, -0.3690733971159789, -0.7128798787169855]]	[[0.060799918769016054, 0.015251374264419073, -0.024164722865471996], [0.014987445365297114, -0.027178562729727032, 0.06984760946950161], [0.03088788549066583, -0.08351271753710396, -0.003799149859313874]]	0.30801309647222747	[[0.6589759682253106, -0.6589759682253105, 0.0], [-0.5, -0.5000000000000001, 0.7071067811865475], [-0.46596637577108785, -0.46596637577108796, -0.6589759682253106]]
5	[[0.8489524140446696, -0.5135124485683378, 0.12483895166604869], [0.522794976890395, 0.7815435453534784, -0.34040431673891397], [0.0772347773085365, 0.35425224329800037, 0.9319550081910795]]	0.8560030064549957	0.14399699354500414	[[0.7267058187594636, -0.4395681998265636, 0.10686251794882758], [0.44751407197774823, 0.6690036244980738, -0.29138711853876903], [0.06611320157898931, 0.30324098530651494, 0.7977562888923544]]	0.9101031956755514	0.14864575414654968	[[0.7655002383926165, -0.4751245079344331, 0.054712615896092096], [0.4998604072075382, 0.6733631838001704, -0.28871062443245854], [0.022284547468414954, 0.28896156482104624, 0.8481752311805363]]	[[-0.007134066605911197, -0.007775187473211726, -0.05890371295996453], [0.024063028056463612, -0.03792209438563035, 0.021092432053379614], [-0.0480070701773737, -0.033444533879696946, 0.0]]	0.43135739284545005	[[0.6972072862499359, -0.6972072862499358, 0.0], [0.7071067811865475, 0.7071067811865476, 0.0], [0.0, 0.0, 0.986]]
5	[[0.8787972042104137, -0.3840163418041313, 0.28327887866788265], [-0.395223040501579, -0.9183905790867732, -0.018907472103605397], [0.2674214316928388, -0.09534250611366366, -0.9588511794847616]]	0.7699427799865707	0.23005722001342951	[[0.6766235624541919, -0.29567060976894594, 0.21810852735302802], [-0.30429912651853064, -0.7071081955755467, -0.014557671633968476], [0.20589920054557306, -0.07340827420804077, -0.7382605427258996]]	0.853359441263757	0.2413308991846895	[[0.696925600364371, -0.3170514100155654, 0.15023061723176517], [-0.36019362018377443, -0.8405088125655787, -0.02485216759939468], [0.13650880435285145, -0.05728856468408045, -0.8182447067802104]]	[[-0.05300429080477931, 0.010652560862560032, -0.09150808839008279], [-0.022926307166783764, -0.056791541134191964, -0.008717297769351904], [-0.0916977991785034, 0.02407286306176188, 0.0]]	0.4735288200275008	[[0.6874463842424368, -0.6874463842424366, 0.0], [-0.7071067811865475, -0.7071067811865476, 0.0], [0.0, 0.0, -0.972196]]
5	[[-0.42203838922340475, -0.825029846081567, 0.3757783270710803], [0.2588054115689476, 0.28760896992378115, 0.9221175843470338], [-0.8688517462515349, 0.4864224845687207, 0.09214016247897017]]	0.7900731938457578	0.20992680615424233	[[-0.3334412180992545, -0.6518339655117377, 0.2968923830470642], [0.20447521810284428, 0.22723213744637027, 0.7285403849663961], [-0.686456474139414, 0.3843093659415981, 0.07279747245122702]]	0.8648142864661253	0.22049943277423834	[[-0.28974385985996987, -0.6554212025560301, 0.34570274017370006], [0.2586307530525329, 0.23420886565370783, 0.8305408691412531], [-0.7619154976933041, 0.38667698150067165, 0.023082714727627133]]	[[0.0752409685775818, 0.058076395096257775, 0.020724274378289387], [0.034812135712961594, -0.01451948045218433, 0.03308040839630587], [-0.010520094713936126, -0.033988132412706526, -0.05660141414149631]]	0.48802818954840027	[[-0.47258253120799987, -0.472582531208, 0.66833262497496], [0.5, 0.5000000000000001, 0.7071067811865475], [-0.66833262497496, 0.6683326249749599, 0.0]]
5	[[-0.5446221603179724, 0.8109226453022452, -0.2139887049042392], [-0.8354447797583356, -0.5021691245819775, 0.22328947644507607], [0.07361197229480154, 0.30038414347728, 0.9509735242804028]]	0.8292902401526449	0.17070975984735515	[[-0.45164984212254367, 0.6724902352679171, -0.17745874447999002], [-0.6928262020400638, -0.4164439539218315, 0.18517178354469546], [0.06104569018246582, 0.2491056384823201, 0.7886330623293024]]	0.8561716585262847	0.15213770423145795	[[-0.46636622133962286, 0.6942128230949292, -0.15574473592014526], [-0.7351828709748739, -0.44999838307751105, 0.19117412137944656], [0.08244611151794612, 0.2377587632050253, 0.8143042903443075]]	[[-7.616307001623455e-05, -7.616307001623453e-05, 0.027466328463608938], [-0.019898728282052934, -0.020055410823466877, 0.0], [0.01942162711091497, -0.019421627110914965, 0.00010771084656893051]]	0.38805407523539687	[[-0.6874463842424368, 0.6874463842424366, 0.0], [-0.7071067811865475, -0.7071067811865476, 0.0], [0.0, 0.0, 0.972196]]
5	[[-0.3195682178843842, -0.5708200961323295, -0.7563336379995778], [0.910087742671785, 0.03735879733279218, -0.41272826520656647], [0.2638493031197415, -0.8202248094963509, 0.507557688474819]]	0.7979597788908295	0.20204022110917058	[[-0.2550025844835596, -0.4554914776961957, -0.6035238225458398], [0.7262134139136318, 0.029810817659302154, -0.32934055524622746], [0.21054113157792834, -0.6545064076264808, 0.4050106208697071]]	0.8327240805997007	0.1834672232522632	[[-0.2865411684781294, -0.507526191569347, -0.6339609603528247], [0.7948787244295227, 0.006629682458012421, -0.2972176999738312], [0.1793471164500713, -0.6752920956181321, 0.4515517000650099]]	[[-0.0204290180514707, -0.03219055182972001, -0.004143727022999418], [0.03702674564810364, -0.024479887703247556, 0.046471065207816326], [-0.04036655190718717, 0.007728854754781538, 0.028896190578506946]]	0.48306118036212004	[[1.8608223862261193e-16, -0.6589759682253106, -0.6589759682253105], [1.0, 1.2684108950145333e-16, 1.268410895014533e-16], [0.0, -0.6589759682253105, 0.6589759682253106]]
5	[[0.034229894132735264, 0.2773841392786001, 0.9601491309293217], [-0.1827544195208179, -0.9427759796974285, 0.2788803941677556], [0.9825625356654255, -0.18501754344446375, 0.018422055382213542]]	0.8667698054521947	0.13323019454780538	[[0.029669438678080168, 0.2404281964380367, 0.832228275420702], [-0.1584060126535881, -0.8171697525073427, 0.24172510499721692], [0.8516555378833359, -0.16036762013660083, 0.015967681359670784]]	0.9274561609300661	0.12376110723825934	[[0.010358806866667552, 0.24095478559628186, 0.8762025125770564], [-0.16399698119002865, -0.827492353741248, 0.25247331802091116], [0.9100291218689976, -0.16358088496875883, 0.0]]	[[-0.021387919334721693, -0.016306843321939338, -0.014293714314991662], [0.005499731131751848, 0.04689103700601112, -0.006176021712579098], [-0.0012545553329690894, 0.008014775578955259, -0.01708564876122883]]	0.3442785779460648	[[0.0, 0.0, 0.986], [0.0, -1.0, 0.0], [0.986, 0.0, 0.0]]
5	[[0.04673222253661188, -0.9725397674033924, -0.22799671093185395], [-0.8377629715199755, -0.16246744520517667, 0.5213036857710898], [-0.5440306084466285, 0.16664552219444034, -0.8223502702654952]]	0.7078599786341772	0.2921400213658228	[[0.03307987004629374, -0.6884219789750529, -0.16138974692888483], [-0.5930188791206347, -0.11500420229168579, 0.36901001587184146], [-0.3850974948713689, 0.11796169578003787, -0.5821088447399434]]	0.7994001444888801	0.33717044527045	[[-0.03227835182614626, -0.878404559879038, -0.15529248576429144], [-0.6871253421934806, -0.14853208630906, 0.27964228528353186], [-0.31125916707342643, 0.045648482923586226, -0.625931556912546]]	[[-0.06963609727420016, -0.10095612929558406, 0.026968117897622018], [-0.017417501712978657, -0.0186555871373027, -0.13708795644446303], [0.12363897992518177, -0.08756797159707427, 0.03145536795816063]]	0.6179509446646634	[[1.9140403645212687e-16, -0.958585256, 0.0], [-1.0, -1.7938038903913487e-16, 0.0], [0.0, 0.0, -0.958585256]]
5	[[-0.30792515101507295, 0.09349718223056193, 0.9468053539599837], [0.3027085282091916, -0.9338174967034747, 0.1906631317268273], [0.9019698710720718, 0.34531602882779927, 0.2592434992682147]]	0.774346655130354	0.22565334486964625	[[-0.23844081071903087, 0.07239923032434878, 0.7331555588984241], [0.23440133629821988, -0.7230984550745357, 0.14763935830934677], [0.6984373526930153, 0.26739431188570323, 0.20074433652263043]]	0.8553305509819449	0.2554893529145634	[[-0.2623626824435953, 0.0811127172645834, 0.749503169563376], [0.24303600545063217, -0.8497636330045806, 0.11966666931137122], [0.6857083936483347, 0.2687249180591534, 0.18124996517901187]]	[[0.0010151066353256651, 0.0011417208720575708, -0.06032837551187207], [-0.01587984676946926, -0.051040999032617156, -0.04341333220047908], [-0.08577399314485429, -0.02663443114102534, -0.04048891988855761]]	0.46841706844373343	[[0.0, 0.0, 0.986], [0.0, -1.0, 0.0], [0.986, 0.0, 0.0]]
5	[[0.3802729664721569, 0.7767473726770865, -0.5020517802076895], [0.4287143634067757, 0.332951791095048, 0.839849450446521], [0.8195098935212374, -0.5346088512602871, -0.20639019011321075]]	0.8017310430355622	0.1982689569644379	[[0.3048766420479498, 0.6227424812715331, -0.40251049740377165], [0.3437136137384414, 0.2669377867551914, 0.6733333758993331], [0.6570265217107442, -0.42861251193695377, -0.16546942239177242]]	0.8680857600395382	0.21917534237423983	[[0.34305857160641434, 0.6274578731229183, -0.43582400120079523], [0.40524895191526383, 0.30159581622695786, 0.7196761255209256], [0.6788590178788002, -0.44693108156888184, -0.08609766496500712]]	[[0.012949024483942178, -0.046825460246184766, 3.073094679433495e-18], [0.03308811791742621, 0.012565107597687603, -0.009385222988731033], [-0.03254585089850426, 0.017155249401268904, 0.09306672008412421]]	0.3722422878075733	[[0.47258253120799987, 0.472582531208, -0.66833262497496], [0.5, 0.5000000000000001, 0.7071067811865475], [0.66833262497496, -0.6683326249749599, 0.0]]
5	[[0.22433838825039393, -0.7661379269479729, -0.6022499185961573], [-0.9416906372873723, -0.011392912655017143, -0.3362869982418849], [0.2507808429735371, 0.642575192824231, -0.724020780340167]]	0.7195547889425121	0.28044521105748804	[[0.16142376160921548, -0.5512782143259022, -0.43335181306610304], [-0.6775980077624548, -0.008197824860921304, -0.24197692004405041], [0.18045055653664874, 0.4623680572523336, -0.5209726197876617]]	0.7764377110213287	0.3671832752143208	[[0.2270939152880741, -0.5846359438737718, -0.36305326630362306], [-0.837050555651427, -0.015027446399976066, -0.156724872241868], [0.14813087365462488, 0.363053266303623, -0.5305704498638741]]	[[0.05290913062072418, 0.010222434452338138, 0.10455628195395889], [-0.1058864327458034, -0.006181559376248744, 0.1043810349192947], [-0.04658483003174757, -0.1358663455719119, 0.03158658755532137]]	0.6140817360219959	[[0.6589759682253106, -0.46596637577108796, -0.46596637577108785], [-0.7071067811865475, -0.5000000000000001, -0.5], [0.0, 0.6589759682253105, -0.6589759682253106]]
5	[[0.8592155572171323, 0.2624339665249735, -0.4391776855101157], [-0.4266000482917053, 0.8413623931712975, -0.33184593135155627], [0.2824199444684594, 0.4724804086637203, 0.8348660002631537]]	0.8214465308784092	0.1785534691215908	[[0.7057996387527726, 0.21557547138660005, -0.36076098620149355], [-0.35042912974178314, 0.6911342190821186, -0.27259368909485054], [0.23199288363448894, 0.38811739260482614, 0.6857977796645008]]	0.8587931011430334	0.18013923356084385	[[0.750175371997372, 0.15553945889043408, -0.3528996943141393], [-0.357168915013195, 0.7570598168452723, -0.3843252468689454], [0.2813520421592385, 0.3970747091688166, 0.729264140469406]]	[[0.012286979064531746, -0.06983702106681498, 0.024263072177912775], [0.009192263407006424, 0.03450359802856958, -0.09933825038184427], [0.03881174222452691, -0.008688206216827539, 0.012286979064531746]]	0.42910198157662116	[[0.7954543598837434, -0.13647839165843267, -0.46596637577108785], [-0.14644660940672619, 0.8535533905932737, -0.5], [0.46596637577108785, 0.46596637577108796, 0.6589759682253106]]
