5	[[0.22433838825039393, -0.7661379269479729, -0.6022499185961573], [-0.9416906372873723, -0.011392912655017143, -0.3362869982418849], [0.2507808429735371, 0.642575192824231, -0.724020780340167]]	0.6792284547319524	0.3207715452680477	[[0.1523770167883719, -0.520382680232413, -0.409065281570512], [-0.6396230764002493, -0.007738390457563445, -0.22841569816228233], [0.17033748444929198, 0.4364553552710888, -0.4917755158242739]]	0.7609984892420196	0.39385910689752734	[[0.19147333236225636, -0.5204209708769315, -0.3947553832445758], [-0.8420372759073399, 0.03231731973300905, -0.1713489962256201], [0.1523205447676164, 0.3947553832445758, -0.44741127720653306]]	[[0.020752157824716847, 0.06260883408148865, 0.06355589495322914], [-0.12541212359829473, 0.0409873090515434, 0.08456490138818801], [-0.03852329786608554, -0.09424336771906346, 0.10356744281216221]]	0.6385394937048681	[[0.6103530957837977, -0.4315848129469257, -0.4315848129469256], [-0.7071067811865475, -0.5000000000000001, -0.5], [0.0, 0.6103530957837976, -0.6103530957837977]]
5	[[0.08740825448676931, -0.06334395238859675, -0.994156597696443], [0.7119981850616444, -0.6940087028176986, 0.10681996481098455], [-0.6967197295301035, -0.717174639895393, -0.015561310176609944]]	0.8316959711846691	0.168304028815331	[[0.07269709310493032, -0.05268291000050941, -0.8268360370307896], [0.592166022006566, -0.5772042421005781, 0.08884173437538398], [-0.5794589920950594, -0.5964712586368142, -0.01294227898024148]]	0.92804459247331	0.1206660154880845	[[0.05794145370620644, -0.05489487795798676, -0.8778629577695889], [0.6826829150208674, -0.670466005623886, 0.09217803913401558], [-0.6349094029563881, -0.6470315471898213, 0.0]]	[[-0.02317730420777077, 0.0038911345221372545, 0.04475869679425895], [0.021916849523597428, -0.026394981844504794, -0.006955651577007861], [0.011677574503491496, 0.01853849922409157, 0.014441589761202744]]	0.15652651341705476	[[0.0, 0.0, -0.9154986110000003], [0.7071067811865475, -0.7071067811865476, 0.0], [-0.6473552760049655, -0.6473552760049653, 0.0]]
5	[[0.8592155572171323, 0.2624339665249735, -0.4391776855101157], [-0.4266000482917053, 0.8413623931712975, -0.33184593135155627], [0.2824199444684594, 0.4724804086637203, 0.8348660002631537]]	0.754283332945654	0.24571666705434617	[[0.6480919742164957, 0.19794956694860522, -0.33126440838192833], [-0.3217773062602443, 0.6346256301363781, -0.2503058551243066], [0.21302465700399606, 0.35638409739839566, 0.6297255092414987]]	0.8099014661229885	0.2310698294329273	[[0.71501944021341, 0.17184357353900043, -0.3143740286137966], [-0.34673706350225325, 0.7346811167939227, -0.3954511882659907], [0.2256029960089383, 0.3835071525556062, 0.6784535334512041]]	[[0.019139500707573996, -0.04070208071004695, 0.04131662276934689], [-0.0012330589426633697, 0.05326048102374252, -0.12668868193741673], [-0.0031293310784400036, 0.0008445768644703127, 0.002294335821840467]]	0.45157841280707317	[[0.7367613608388246, -0.12640826505502684, -0.4315848129469256], [-0.14644660940672619, 0.8535533905932737, -0.5], [0.4315848129469256, 0.4315848129469257, 0.6103530957837977]]
5	[[0.8489524140446696, -0.5135124485683378, 0.12483895166604869], [0.522794976890395, 0.7815435453534784, -0.34040431673891397], [0.0772347773085365, 0.35425224329800037, 0.9319550081910795]]	0.8030522797360372	0.19694772026396287	[[0.681753171485984, -0.4123773424956382, 0.10025220473527735], [0.41983169802638054, 0.627620325809096, -0.27336246258917296], [0.062023563992525406, 0.2844830715820645, 0.7484085939392637]]	0.8976559140579072	0.17247197102585798	[[0.7364272313558002, -0.4649326640714326, 0.06492808373278945], [0.5079942418333331, 0.6666633401857929, -0.29675164312627245], [0.021868114698108048, 0.2866489454381124, 0.8176626882596505]]	[[-0.025639923865134667, -0.003975177671707257, -0.047134339535028394], [0.03870423898790302, -0.03489384539454129, 0.008814304965254732], [-0.04746213992384521, -0.03134767582661824, -0.01891223647895727]]	0.4362526368694572	[[0.6866006845321377, -0.6866006845321376, 0.0], [0.7071067811865475, 0.7071067811865476, 0.0], [0.0, 0.0, 0.9710000000000001]]
5	[[-0.30792515101507295, 0.09349718223056193, 0.9468053539599837], [0.3027085282091916, -0.9338174967034747, 0.1906631317268273], [0.9019698710720718, 0.34531602882779927, 0.2592434992682147]]	0.7402427593563968	0.25975724064360334	[[-0.2279393634626328, 0.06921061216639902, 0.7008658077887482], [0.22407779620228557, -0.691251640495063, 0.14113700273699878], [0.6676766662187239, 0.25561769002948315, 0.19190312324351128]]	0.8429259032395693	0.269058634711619	[[-0.25006710183218994, 0.0765585031793728, 0.7369569308207594], [0.24446073437586885, -0.8497547011233214, 0.11826350385500768], [0.6741445114062318, 0.25991266834727245, 0.17350859865281718]]	[[0.009490984217371158, -0.0022526936026782216, -0.06112982735802005], [-0.010700125183184583, -0.06261574425363142, -0.0424513886703132], [-0.08614925686207217, -0.03116315715550138, -0.04501446212682934]]	0.47105572812602003	[[0.0, 0.0, 0.9710000000000001], [0.0, -1.0, 0.0], [0.9710000000000001, 0.0, 0.0]]
5	[[0.034229894132735264, 0.2773841392786001, 0.9601491309293217], [-0.1827544195208179, -0.9427759796974285, 0.2788803941677556], [0.9825625356654255, -0.18501754344446375, 0.018422055382213542]]	0.8630440948594419	0.13695590514055825	[[0.02954190799892102, 0.23939474341206476, 0.8286510376329763], [-0.15772512257690702, -0.8136572420531907, 0.24068607735855502], [0.8479947942361655, -0.15967829831514466, 0.015899046112792997]]	0.9157322280330745	0.12963726650313723	[[0.009048286863199785, 0.23499514330139232, 0.8552878967232252], [-0.16509749064927767, -0.8265606996006553, 0.25362202062332173], [0.8882612419809065, -0.15913836911846724, 0.0]]	[[-0.022297130356306143, -0.019014452581236813, -0.02395160618670278], [0.0022566211214120804, 0.036769648823735505, -0.001757744082659129], [-0.011502937985820784, 0.010288158165137708, -0.0168696698201031]]	0.350738714293504	[[0.0, 0.0, 0.9710000000000001], [0.0, -1.0, 0.0], [0.9710000000000001, 0.0, 0.0]]
5	[[-0.42203838922340475, -0.825029846081567, 0.3757783270710803], [0.2588054115689476, 0.28760896992378115, 0.9221175843470338], [-0.8688517462515349, 0.4864224845687207, 0.09214016247897017]]	0.7204914288600262	0.27950857113997396	[[-0.3040750420853548, -0.5944269326554757, 0.270745063806073], [0.18646708077801816, 0.2072197976933454, 0.6643778159231499], [-0.6260002361242972, 0.35046323093656156, 0.06638619731986818]]	0.8401650579999786	0.2630441043456196	[[-0.27464837517321905, -0.6143007761077811, 0.3279419686100042], [0.26085855361427585, 0.23443849627620872, 0.8299598609372962], [-0.7143060264300364, 0.3649253695062302, 0.023486087547470225]]	[[0.07993353258688042, 0.07886047237705196, 0.012226148651195057], [0.04341928999274263, -0.007200510621119071, 0.05522888720157031], [0.015672851352767136, -0.04374980545394276, -0.05392685740580122]]	0.5037081607987085	[[-0.4444745756405, -0.44447457564050014, 0.6285819730008214], [0.5, 0.5000000000000001, 0.7071067811865475], [-0.6285819730008214, 0.6285819730008213, 0.0]]
5	[[0.8787972042104137, -0.3840163418041313, 0.28327887866788265], [-0.395223040501579, -0.9183905790867732, -0.018907472103605397], [0.2674214316928388, -0.09534250611366366, -0.9588511794847616]]	0.7271388391388691	0.27286116086113094	[[0.6390075789080439, -0.27923319698981125, 0.20598307498712476], [-0.28738202287125236, -0.6677974595532301, -0.013748357316466168], [0.19445250940198516, -0.0693272392160799, -0.697217933557485]]	0.8402720494727998	0.256102253568308	[[0.6876867830715255, -0.30980495910282607, 0.13965222609478112], [-0.3586791864564954, -0.8404884424740048, -0.026415779078018304], [0.127899958533533, -0.05327836329670043, -0.805695845725072]]	[[-0.05074194478132532, 0.01287323945597861, -0.0983790978558372], [-0.026584312215362196, -0.06879050836825042, -0.010528358743172008], [-0.096806795947959, 0.026835279717300684, 0.0]]	0.48019416975656265	[[0.6666892646807058, -0.6666892646807057, 0.0], [-0.7071067811865475, -0.7071067811865476, 0.0], [0.0, 0.0, -0.9428410000000002]]
5	[[-0.5446221603179724, 0.8109226453022452, -0.2139887049042392], [-0.8354447797583356, -0.5021691245819775, 0.22328947644507607], [0.07361197229480154, 0.30038414347728, 0.9509735242804028]]	0.7687919624623013	0.23120803753769872	[[-0.4187011394313122, 0.6234308118870339, -0.16451279638809638], [-0.6422832317592959, -0.3860635867753544, 0.17166315479338984], [0.056592292641241035, 0.2309329151564556, 0.7311008019812217]]	0.8417049605080502	0.1872720934905901	[[-0.47559201474433405, 0.6653767723371238, -0.12182572655633482], [-0.7603100436229931, -0.453491038520968, 0.20784822206994955], [0.04625313261256651, 0.19963921706209017, 0.8176199735007238]]	[[-0.017180840802086136, -0.017180840802086133, 0.058289627854256676], [-0.057112028269846495, -0.03081279534633256, 0.019904362116883564], [-0.01570642962074911, -0.053195606560698216, 0.017180840802086136]]	0.3973740018029219	[[-0.6666892646807058, 0.6666892646807057, 0.0], [-0.7071067811865475, -0.7071067811865476, 0.0], [0.0, 0.0, 0.9428410000000002]]
5	[[0.3802729664721569, 0.7767473726770865, -0.5020517802076895], [0.4287143634067757, 0.332951791095048, 0.839849450446521], [0.8195098935212374, -0.5346088512602871, -0.20639019011321075]]	0.7344165913686664	0.26558340863133373	[[0.2792787758261327, 0.570456157796073, -0.3687151571107022], [0.31485494144399195, 0.2445253195061176, 0.6167993706597819], [0.601861662592766, -0.39262561025809856, -0.15157637991487527]]	0.8399400684742458	0.25583907143290074	[[0.34644848273407036, 0.5786359969660781, -0.4275770858184715], [0.404547774246134, 0.2933327238297335, 0.716954618251983], [0.6436008897150961, -0.4275770858184714, -0.07853876746301502]]	[[0.027041981236542265, -0.0737852444275045, -0.005883679173207871], [0.04445340249035422, 0.01367317361873618, 0.01153141333587452], [-0.04473830636445393, 0.02146230931603195, 0.09481662295308782]]	0.38509265741852006	[[0.4444745756405, 0.44447457564050014, -0.6285819730008214], [0.5, 0.5000000000000001, 0.7071067811865475], [0.6285819730008214, -0.6285819730008213, 0.0]]
5	[[-0.8305561570912853, 0.32773595720904825, 0.4502950280316503], [-0.5100865793185324, -0.772219296347621, -0.37879947194723407], [0.22358030216652452, -0.5443036842615101, 0.808545204538665]]	0.7284382429861892	0.2715617570138107	[[-0.6050088677729372, 0.23873540483275596, 0.3280121190447922], [-0.37156657160962725, -0.5625140674314925, -0.27593202178933957], [0.16286444247650442, -0.396491619414364, 0.5889752481690542]]	0.7865922542042271	0.3598990150951839	[[-0.6371769132568188, 0.2599934614418464, 0.19624021149236984], [-0.5648193719036548, -0.6247131574835305, -0.30244681142444185], [0.171878636073444, -0.28393521170882635, 0.617169020649992]]	[[0.01613212659281524, 0.0021988960770009842, -0.15795836966400156], [-0.16358921963816708, -0.017291440429453214, -0.004486080894096184], [-0.003987897803384688, 0.1442098502661008, -0.01882637441409427]]	0.42295516998301086	[[-0.6103530957837977, 0.4315848129469257, 0.4315848129469256], [-0.7071067811865475, -0.5000000000000001, -0.5], [0.0, -0.6103530957837976, 0.6103530957837977]]
5	[[-0.3195682178843842, -0.5708200961323295, -0.7563336379995778], [0.910087742671785, 0.03735879733279218, -0.41272826520656647], [0.2638493031197415, -0.8202248094963509, 0.507557688474819]]	0.7376098642139699	0.26239013578603	[[-0.23571666980080105, -0.42104253359877286, -0.5578791520253263], [0.6712896962949338, 0.027556217427838117, -0.3044324396562828], [0.19461784864710313, -0.6050059103575328, 0.37437955767666764]]	0.7899488681935855	0.23471110032936987	[[-0.293349243402033, -0.46773832400632337, -0.5811568609526958], [0.773428519785125, 0.0042013110701735815, -0.31486236836636106], [0.18852808365874513, -0.6172819480398837, 0.42875386438113877]]	[[-0.040906691373622545, -0.016819635124436023, 0.016308040361807552], [0.054505737504693584, -0.025310228599939207, 0.011171857605068024], [-0.019899374714360898, 0.030653711886057897, 0.027809242827503116]]	0.5094319049248769	[[1.7235206728336687e-16, -0.6103530957837977, -0.6103530957837976], [1.0, 1.2684108950145333e-16, 1.268410895014533e-16], [0.0, -0.6103530957837976, 0.6103530957837977]]
5	[[0.5319609947059123, -0.8460851799387872, 0.03402011756955908], [-0.703274286200726, -0.4190807785627857, 0.5742617690636116], [-0.47161719485230363, -0.3294103357928521, -0.8179645788128509]]	0.7528937589228895	0.24710624107711052	[[0.4005101129044936, -0.6370122514930628, 0.025613534195943977], [-0.5294908208914767, -0.3155233026644668, 0.4323581019160108], [-0.35507764260501967, -0.24801098594313162, -0.6158404264081854]]	0.8205650689884327	0.22360710056233055	[[0.47620339354763924, -0.675582030935255, 0.004584456413625384], [-0.6029927068985784, -0.38521123241896754, 0.5561521223431544], [-0.34287616215977035, -0.33639276172351307, -0.6711931610436612]]	[[0.03969478322762703, 0.018685913111306386, -0.02333126370683445], [-0.025910393724488976, -0.04132818444586919, 0.0849329741940526], [0.04411643387034131, -0.06609014680814859, 9.694265698689487e-18]]	0.3409683901137422	[[0.6103530957837977, -0.6103530957837976, 0.0], [-0.5, -0.5000000000000001, 0.7071067811865475], [-0.4315848129469256, -0.4315848129469257, -0.6103530957837977]]
5	[[0.04673222253661188, -0.9725397674033924, -0.22799671093185395], [-0.8377629715199755, -0.16246744520517667, 0.5213036857710898], [-0.5440306084466285, 0.16664552219444034, -0.8223502702654952]]	0.6659792580237045	0.3340207419762955	[[0.031122690890731476, -0.6476913126938575, -0.15184108037824112], [-0.5579327621726072, -0.10819994861075052, 0.3471774418548528], [-0.36231310095547026, 0.11098246122402619, -0.5476682228270073]]	0.7806552551052488	0.3674660708763859	[[-0.028492954241786123, -0.8347528950203543, -0.1485811126761647], [-0.6844821596995988, -0.14836250364739623, 0.2722701426963529], [-0.289606772387079, 0.036585086614181465, -0.6064120578522114]]	[[-0.06497470934774023, -0.07553461479805974, 0.029405717859499372], [-0.030478093449940968, -0.021531438764450968, -0.1346883191065836], [0.13509358103488747, -0.09350761602666674, 0.035560002167769146]]	0.6314599425505982	[[1.8280077688959946e-16, -0.9154986110000003, 0.0], [-1.0, -1.7938038903913487e-16, 0.0], [0.0, 0.0, -0.9154986110000003]]
