5	[[0.8489524140446696, -0.5135124485683378, 0.12483895166604869], [0.522794976890395, 0.7815435453534784, -0.34040431673891397], [0.0772347773085365, 0.35425224329800037, 0.9319550081910795]]	0.7909974600100692	0.20900253998993085	[[0.6715192031787504, -0.4061870425011065, 0.09874729367816434], [0.4135294988263252, 0.6181989592618656, -0.26925894991694405], [0.0610925126754957, 0.2802126246515874, 0.737174044322807]]	0.8938907876738819	0.1788412353128437	[[0.7302892023508677, -0.4633799249543226, 0.06276087922693224], [0.5081531357954048, 0.6666311818073932, -0.29667038635747695], [0.022823263778753784, 0.2819316744443009, 0.8122997400942145]]	[[-0.028581539737165543, -0.004355877823227444, -0.048831509610213694], [0.04083152211090078, -0.031983393550065575, 0.007613896459860494], [-0.04621619214539076, -0.034731142352588326, -0.020766256254328458]]	0.4374615839637498	[[0.6840551001198661, -0.684055100119866, 0.0], [0.7071067811865475, 0.7071067811865476, 0.0], [0.0, 0.0, 0.9674]]
5	[[0.8787972042104137, -0.3840163418041313, 0.28327887866788265], [-0.395223040501579, -0.9183905790867732, -0.018907472103605397], [0.2674214316928388, -0.09534250611366366, -0.9588511794847616]]	0.7148599866382658	0.2851400133617343	[[0.6282169576596017, -0.274517916970977, 0.20250473541942549], [-0.28252913745209357, -0.6565206770946799, -0.013516195255346742], [0.19116888108672864, -0.06815654264647239, -0.6854443413545621]]	0.8370908531906577	0.2596452638971577	[[0.6854270807835763, -0.30805498760265776, 0.13719640412041492], [-0.35832554181660986, -0.8404831055650862, -0.02678230815579652], [0.1258931195371296, -0.05235310777018444, -0.8026455519177675]]	[[-0.05020602067048349, 0.013401579597317767, -0.09993375411457578], [-0.02748794964253723, -0.07170675215507685, -0.010955036200910907], [-0.09796291488009602, 0.027457232017837768, 0.0]]	0.48194795218297054	[[0.6617549038559586, -0.6617549038559585, 0.0], [-0.7071067811865475, -0.7071067811865476, 0.0], [0.0, 0.0, -0.9358627600000001]]
5	[[0.034229894132735264, 0.2773841392786001, 0.9601491309293217], [-0.1827544195208179, -0.9427759796974285, 0.2788803941677556], [0.9825625356654255, -0.18501754344446375, 0.018422055382213542]]	0.8615943599704239	0.13840564002957625	[[0.02949228372714941, 0.2389926099476924, 0.8272590759392076], [-0.15746017711880544, -0.8122904668228953, 0.24028177472126688], [0.846570339047569, -0.15941007192733284, 0.015872339016377978]]	0.9128458466480612	0.13283805449081879	[[0.00906202202097843, 0.23337831794633582, 0.8503183942195289], [-0.1652998576581079, -0.8263846407669064, 0.25384469723870323], [0.8830353482524883, -0.1581462162240409, 0.0]]	[[-0.022184594669291798, -0.01983064152018164, -0.026149752112047883], [0.0015267551580481157, 0.034224496619448125, -0.0007301122889067009], [-0.013892781501682888, 0.010746279866265085, -0.016816496742374197]]	0.35231365248310953	[[0.0, 0.0, 0.9674], [0.0, -1.0, 0.0], [0.9674, 0.0, 0.0]]
5	[[-0.42203838922340475, -0.825029846081567, 0.3757783270710803], [0.2588054115689476, 0.28760896992378115, 0.9221175843470338], [-0.8688517462515349, 0.4864224845687207, 0.09214016247897017]]	0.705818829244878	0.29418117075512207	[[-0.2978826417780577, -0.5823216000533735, 0.26523141886890866], [0.1826697325958334, 0.20299982643192854, 0.6508479538099387], [-0.6132519223266262, 0.34332614857667915, 0.06503426160733958]]	0.834186499325414	0.2733653431363029	[[-0.27104187527417223, -0.6047972302806454, 0.3235180226442085], [0.26119156611860705, 0.23437184216187595, 0.8298284751267831], [-0.7033064663774695, 0.3598213329422808, 0.023489763041490537]]	[[0.0810168512130362, 0.08343152886112207, 0.010048815462423536], [0.045299585835433635, -0.005547677633431365, 0.060610435473923925], [0.021477930260871234, -0.045945736653270494, -0.05337231654411644]]	0.5078938115203817	[[-0.43791955277740874, -0.43791955277740885, 0.619311770766172], [0.5, 0.5000000000000001, 0.7071067811865475], [-0.619311770766172, 0.6193117707661719, 0.0]]
5	[[-0.30792515101507295, 0.09349718223056193, 0.9468053539599837], [0.3027085282091916, -0.9338174967034747, 0.1906631317268273], [0.9019698710720718, 0.34531602882779927, 0.2592434992682147]]	0.7308575581174978	0.2691424418825024	[[-0.22504942395383798, 0.0683331222958952, 0.6919798490077667], [0.22123681574831147, -0.6824875753680961, 0.13934759087690385], [0.6592114974672886, 0.2523768296079168, 0.1894700708330027]]	0.8399025597326175	0.27195722340733247	[[-0.24663714443700224, 0.07569072490531946, 0.7345417761556092], [0.24500607418845202, -0.8495413697104179, 0.11823319163273624], [0.6719745415084858, 0.25809351615221876, 0.17094641953168282]]	[[0.011989978106610325, -0.002837797777916525, -0.06068246420392795], [-0.009239593507341257, -0.06522566390606441, -0.04190526075126325], [-0.08559226200664623, -0.03193830037695217, -0.04679285909773171]]	0.4717395654648713	[[0.0, 0.0, 0.9674], [0.0, -1.0, 0.0], [0.9674, 0.0, 0.0]]
5	[[-0.3195682178843842, -0.5708200961323295, -0.7563336379995778], [0.910087742671785, 0.03735879733279218, -0.41272826520656647], [0.2638493031197415, -0.8202248094963509, 0.507557688474819]]	0.7202300487806067	0.27976995121939346	[[-0.23016263315560165, -0.4111217856823383, -0.5447342129908496], [0.6554725392991321, 0.026906928425381754, -0.2972592985828605], [0.19003219645666053, -0.5907505545546204, 0.3655582987291908]]	0.778911867408251	0.2462525338118815	[[-0.2869374996921528, -0.46579104694696477, -0.5695854882772085], [0.775539913065679, 0.002795637164637363, -0.3155503029580812], [0.1827535404611148, -0.6064937412976474, 0.4237402008365328]]	[[-0.038022022335500276, -0.021172499914374622, 0.01953175808071879], [0.06666176991583903, -0.02630357342997422, 0.005928640826133413], [-0.022761812946248707, 0.03238909676173224, 0.028397493889196178]]	0.5160676461239299	[[1.6918067861354114e-16, -0.5991222070391948, -0.5991222070391947], [1.0, 1.2684108950145333e-16, 1.268410895014533e-16], [0.0, -0.5991222070391947, 0.5991222070391948]]
5	[[0.3802729664721569, 0.7767473726770865, -0.5020517802076895], [0.4287143634067757, 0.332951791095048, 0.839849450446521], [0.8195098935212374, -0.5346088512602871, -0.20639019011321075]]	0.7188076551409103	0.28119234485909	[[0.2733431193433291, 0.5583319575908792, -0.3608786628904089], [0.30816316628565255, 0.2393282962319977, 0.6036902141468456], [0.5890699849267778, -0.3842809347919827, -0.14835484859936374]]	0.8340494520517037	0.2650021830900881	[[0.3467955446146192, 0.5675634132698727, -0.4249621069746427], [0.40556253510905216, 0.2936170680925219, 0.7160576366390949], [0.633964766706955, -0.4249621069746427, -0.07724606451285672]]	[[0.02962908529844077, -0.08028230729405189, -0.006226094790836981], [0.047993555222935955, 0.015918809170063882, 0.015581662688249485], [-0.049547010935383065, 0.020928112480990548, 0.09489356045991364]]	0.388996085130352	[[0.43791955277740874, 0.43791955277740885, -0.619311770766172], [0.5, 0.5000000000000001, 0.7071067811865475], [0.619311770766172, -0.6193117707661719, 0.0]]
5	[[-0.5446221603179724, 0.8109226453022452, -0.2139887049042392], [-0.8354447797583356, -0.5021691245819775, 0.22328947644507607], [0.07361197229480154, 0.30038414347728, 0.9509735242804028]]	0.754082354549593	0.24591764545040706	[[-0.4106899609924627, 0.6115024577271014, -0.16136510644120677], [-0.6299941666163319, -0.3786768758468854, 0.16837865414384887], [0.05550948939110337, 0.22651438218271014, 0.7171123543036908]]	0.8340633396616877	0.1958641424446634	[[-0.47141122787403955, 0.6591989997626123, -0.11679925686112895], [-0.7590944982819201, -0.4558558944677441, 0.20649263353133784], [0.04662506262978844, 0.1930250017798907, 0.8103340035766262]]	[[-0.017161849985468516, -0.017161849985468512, 0.061680877001180176], [-0.062280635173759535, -0.03701503734391387, 0.020255067096247935], [-0.01477198482149735, -0.057514400110184966, 0.017161849985468516]]	0.39975859677735004	[[-0.6617549038559586, 0.6617549038559585, 0.0], [-0.7071067811865475, -0.7071067811865476, 0.0], [0.0, 0.0, 0.9358627600000001]]
5	[[0.5319609947059123, -0.8460851799387872, 0.03402011756955908], [-0.703274286200726, -0.4190807785627857, 0.5742617690636116], [-0.47161719485230363, -0.3294103357928521, -0.8179645788128509]]	0.7358057046248878	0.2641942953751123	[[0.3914199345425401, -0.6225543019975344, 0.02503219657969094], [-0.51747323170249, -0.3083620275651371, 0.42254508562498533], [-0.3470186223715122, -0.2423820042387804, -0.6018630032715894]]	0.8088240538780614	0.2355829928413053	[[0.4659638065902212, -0.6655043689928308, 0.00475548570501284], [-0.6044949470776992, -0.38409426064568347, 0.5528058088898579], [-0.3347765426803703, -0.32805127030066983, -0.6615894265640712]]	[[0.03570095834717915, 0.018829676171408072, -0.022760803701006194], [-0.03566978792462807, -0.045131646426156864, 0.08832907684864033], [0.04667878873866954, -0.06161626711536179, 9.311548408955294e-18]]	0.34939040921590986	[[0.5991222070391948, -0.5991222070391947, 0.0], [-0.5, -0.5000000000000001, 0.7071067811865475], [-0.42364337535686525, -0.42364337535686536, -0.5991222070391948]]
5	[[0.04673222253661188, -0.9725397674033924, -0.22799671093185395], [-0.8377629715199755, -0.16246744520517667, 0.5213036857710898], [-0.5440306084466285, 0.16664552219444034, -0.8223502702654952]]	0.656260751945755	0.3437392480542449	[[0.030668523501973306, -0.6382396790533, -0.1496252929572974], [-0.5497909576420092, -0.10662100775705502, 0.342111148816229], [-0.357025936180691, 0.10936291570371642, -0.5396762067272287]]	0.7755600657920536	0.3708197696915335	[[-0.013571854480477069, -0.8208964425580584, -0.13628899865423064], [-0.6873673354152352, -0.158345077571256, 0.27959769528735773], [-0.28403074271206896, 0.04867270708850615, -0.5960477216000141]]	[[-0.049815500065580776, -0.06663343656529497, 0.04053614547644985], [-0.03763183010505672, -0.03234181507886222, -0.12470462554690875], [0.13789767176768924, -0.08057090506856512, 0.041734308111206535]]	0.6348070598266105	[[1.807750942173841e-16, -0.9053536340240002, 0.0], [-1.0, -1.7938038903913487e-16, 0.0], [0.0, 0.0, -0.9053536340240002]]
5	[[0.8592155572171323, 0.2624339665249735, -0.4391776855101157], [-0.4266000482917053, 0.8413623931712975, -0.33184593135155627], [0.2824199444684594, 0.4724804086637203, 0.8348660002631537]]	0.739544960001247	0.260455039998753	[[0.6354285348945933, 0.19408171727668017, -0.3247916438640188], [-0.3154899156504193, 0.6222253174044207, -0.24541498602796324], [0.20886224653548124, 0.3494205049265839, 0.6174209427710151]]	0.8088906498476519	0.24680003728049985	[[0.7051386380397543, 0.16311799739882674, -0.30049029277469436], [-0.3454362079377187, 0.7470559168243903, -0.3988521592633016], [0.2288570374733503, 0.38235849538869254, 0.6768495753210753]]	[[0.010127207603175776, -0.04916238432565601, 0.054756430656170876], [-0.0003634176500015041, 0.06648574385468378, -0.13042508820304194], [0.0004101850623203472, 0.000173510584411636, 0.0015342738325029954]]	0.4576320256014583	[[0.7232044788764629, -0.12408227183726793, -0.42364337535686525], [-0.14644660940672619, 0.8535533905932737, -0.5], [0.42364337535686525, 0.42364337535686536, 0.5991222070391948]]
5	[[-0.8305561570912853, 0.32773595720904825, 0.4502950280316503], [-0.5100865793185324, -0.772219296347621, -0.37879947194723407], [0.22358030216652452, -0.5443036842615101, 0.808545204538665]]	0.7128553905387705	0.2871446094612296	[[-0.5920664337276886, 0.2336283437698538, 0.3209952380651686], [-0.36361796770869786, -0.5504806880794579, -0.2700292455108255], [0.15938042361769417, -0.3880098154159304, 0.5763758075496601]]	0.7846538585067152	0.3669725119776959	[[-0.6273017186911796, 0.24933104385992125, 0.19857908340834907], [-0.5642382660444173, -0.6277028431538161, -0.30464833211310083], [0.18005036079789208, -0.2803674126674169, 0.6067711856056013]]	[[0.02439737467700686, -0.007828239535550178, -0.15474664780307476], [-0.1639968634096392, -0.021777992661314798, -0.007421864849397439], [0.004617214016831322, 0.1467225733877979, -0.027656928912763515]]	0.430965898952829	[[-0.5991222070391948, 0.42364337535686536, 0.42364337535686525], [-0.7071067811865475, -0.5000000000000001, -0.5], [0.0, -0.5991222070391947, 0.5991222070391948]]
5	[[0.08740825448676931, -0.06334395238859675, -0.994156597696443], [0.7119981850616444, -0.6940087028176986, 0.10681996481098455], [-0.6967197295301035, -0.717174639895393, -0.015561310176609944]]	0.8136176129449583	0.18638238705504173	[[0.07111689536721065, -0.051537755336909165, -0.8088633179112612], [0.5792942637509977, -0.5646577041495628, 0.0869106047843777], [-0.5668634432319398, -0.5835059185763497, -0.01266095604018946]]	0.9232665150487767	0.13016740571958416	[[0.05585840777081253, -0.055858407770812545, -0.868498159131454], [0.684358065532987, -0.6718327130073035, 0.09019432603663931], [-0.6295011495889701, -0.6404713431418234, 0.0]]	[[-0.024842706735683565, 0.002624942400422804, 0.04937333823648946], [0.026993982490068624, -0.03107771654328468, -0.008428970612031367], [0.013756847060014956, 0.021671987315757323, 0.014367236616351727]]	0.16329198278378718	[[0.0, 0.0, -0.9053536340240002], [0.7071067811865475, -0.7071067811865476, 0.0], [-0.6401816939902544, -0.6401816939902543, 0.0]]
5	[[0.22433838825039393, -0.7661379269479729, -0.6022499185961573], [-0.9416906372873723, -0.011392912655017143, -0.3362869982418849], [0.2507808429735371, 0.642575192824231, -0.724020780340167]]	0.6691734103363876	0.33082658966361245	[[0.1501212843348847, -0.5126791293638253, -0.4030096319018024], [-0.6301543352354371, -0.007623834215022468, -0.22503431746530883], [0.16781587193963587, 0.4299942331797525, -0.4844954547346421]]	0.7558131805565251	0.40106292681180067	[[0.1884759353927523, -0.5146767709307783, -0.38895575638166546], [-0.8425314543993645, 0.03270204618095929, -0.17101417664614005], [0.14978090351094897, 0.3889557563816654, -0.4429651560404627]]	[[0.018918024648297387, 0.06438037238075174, 0.06623267008240455], [-0.1307892587308947, 0.04131295973055051, 0.08315596907486558], [-0.03976256303952665, -0.09671104385353899, 0.10425929273745621]]	0.6445604561554689	[[0.5991222070391948, -0.42364337535686536, -0.42364337535686525], [-0.7071067811865475, -0.5000000000000001, -0.5], [0.0, 0.5991222070391947, -0.5991222070391948]]
