5	[[0.8787972042104137, -0.3840163418041313, 0.28327887866788265], [-0.395223040501579, -0.9183905790867732, -0.018907472103605397], [0.2674214316928388, -0.09534250611366366, -0.9588511794847616]]	0.7683097803577713	0.23169021964222888	[[0.6751884869459263, -0.295043511225327, 0.21764593304931668], [-0.3036537274400988, -0.7056084641008051, -0.014526795739041757], [0.20546250144688566, -0.07325257993094841, -0.7366947391057271]]	0.8528411476366802	0.2419218661007713	[[0.6965615359604554, -0.3167630013307865, 0.14979672842212277], [-0.3601318039012003, -0.8405080374869502, -0.024915855087305924], [0.13615679196204852, -0.05712334277424544, -0.8177477403245685]]	[[-0.0529128802182597, 0.010741936324688563, -0.09179515556222617], [-0.023069332467375542, -0.057266762039871244, -0.008790784879558585], [-0.09191120874551617, 0.024188669558288668, 0.0]]	0.4737744752524682	[[0.6866099900573782, -0.6866099900573781, 0.0], [-0.7071067811865475, -0.7071067811865476, 0.0], [0.0, 0.0, -0.9710131600000002]]
5	[[-0.8305561570912853, 0.32773595720904825, 0.4502950280316503], [-0.5100865793185324, -0.772219296347621, -0.37879947194723407], [0.22358030216652452, -0.5443036842615101, 0.808545204538665]]	0.7817005676797146	0.21829943232028534	[[-0.6492462194881399, 0.25619138379936773, 0.351995879035694], [-0.3987349686191006, -0.6036442623281651, -0.296107762257929], [0.17477284912557436, -0.4254824989773828, 0.6320402453825854]]	0.8276235546064635	0.22810024471038196	[[-0.6873291689331926, 0.3337375647870274, 0.3841607000803692], [-0.49966719783267, -0.6335511235687226, -0.36429704850887457], [0.06418655496848005, -0.4887322372579735, 0.6832130018487845]]	[[5.867009898123566e-05, 0.06249556690932309, 0.011485928359197678], [-0.07750752990001449, 0.005555755410197531, -0.05079368305285336], [-0.12085376945056617, -0.038253687304068376, 0.014041945608484424]]	0.3917114676755376	[[-0.656973409025639, 0.4645503525812727, 0.4645503525812726], [-0.7071067811865475, -0.5000000000000001, -0.5], [0.0, -0.6569734090256389, 0.656973409025639]]
5	[[0.8489524140446696, -0.5135124485683378, 0.12483895166604869], [0.522794976890395, 0.7815435453534784, -0.34040431673891397], [0.0772347773085365, 0.35425224329800037, 0.9319550081910795]]	0.8546564723560078	0.1453435276439923	[[0.7255626753855343, -0.43887673780431147, 0.10669441804352735], [0.44681011071458576, 0.6679512494644113, -0.29092875251883726], [0.06600920231771566, 0.30276397258127125, 0.7965013796951025]]	0.9092277477862262	0.14971058167747478	[[0.7645201604321352, -0.4746055619927591, 0.054797399209853076], [0.5000440611907346, 0.6734453587465622, -0.2883285825791956], [0.021825464837095822, 0.2882714818667209, 0.8473593531356692]]	[[-0.007370930967379427, -0.0077057949207790235, -0.05870963964946194], [0.02470436179872871, -0.037155718792043345, 0.021176467666036404], [-0.04839853778591557, -0.03382448745533825, 0.0]]	0.4315487331825451	[[0.696783022181224, -0.6967830221812239, 0.0], [0.7071067811865475, 0.7071067811865476, 0.0], [0.0, 0.0, 0.9854]]
5	[[0.3802729664721569, 0.7767473726770865, -0.5020517802076895], [0.4287143634067757, 0.332951791095048, 0.839849450446521], [0.8195098935212374, -0.5346088512602871, -0.20639019011321075]]	0.7993079674112112	0.200692032588789	[[0.30395521189229135, 0.6208603636465206, -0.4012939879729885], [0.34267480641466136, 0.26613101938610506, 0.6712983571678314], [0.6550407872638383, -0.4273171142609026, -0.16496932335300393]]	0.8679246985189573	0.21890966979835286	[[0.34487013235952235, 0.6276567035706037, -0.42768732778727225], [0.40345900112784966, 0.30403357380572704, 0.7224758285592439], [0.6735436185487645, -0.4539089336206625, -0.08610162633916606]]	[[0.014821832579266019, -0.046501525685548835, 0.008055812190392411], [0.03136721651727718, 0.015056490898210715, -0.006450252520864768], [-0.037729258718958256, 0.010091292434988299, 0.09302951719211261]]	0.3726368160808135	[[0.4714332784465928, 0.4714332784465929, -0.6667073361331834], [0.5, 0.5000000000000001, 0.7071067811865475], [0.6667073361331834, -0.6667073361331833, 0.0]]
5	[[0.08740825448676931, -0.06334395238859675, -0.994156597696443], [0.7119981850616444, -0.6940087028176986, 0.10681996481098455], [-0.6967197295301035, -0.717174639895393, -0.015561310176609944]]	0.8999168155841785	0.10008318441582159	[[0.07866015803350493, -0.0570042879200618, -0.8946582395909842], [0.6407391394023895, -0.6245501018274098, 0.09612908257351523], [-0.6269898003534009, -0.6453975181523919, -0.014003884700452492]]	0.9477890624186082	0.08219519406280304	[[0.06822044177330146, -0.06375138511510844, -0.9147594104020409], [0.679082234951709, -0.6617640434381227, 0.10232442044056576], [-0.6586620312305618, -0.6769248392597261, 0.0]]	[[-0.014624145794360707, -0.0037146798708314046, 0.02749133922594421], [0.004258142688382523, -0.003990185684181813, 0.0010816261447740023], [0.001681307989321472, 0.0028054402771311203, 0.014748839582294285]]	0.1311850714907564	[[0.0, 0.0, -0.9568363678640002], [0.7071067811865475, -0.7071067811865476, 0.0], [-0.6765854842025405, -0.6765854842025404, 0.0]]
5	[[-0.30792515101507295, 0.09349718223056193, 0.9468053539599837], [0.3027085282091916, -0.9338174967034747, 0.1906631317268273], [0.9019698710720718, 0.34531602882779927, 0.2592434992682147]]	0.7730865422651785	0.2269134577348215	[[-0.23805279027472567, 0.07228141332216237, 0.7319624772910825], [0.23401988938742516, -0.721921739633214, 0.14739910124414318], [0.6973007688544769, 0.26695917471522607, 0.20041766045398948]]	0.8548370337164604	0.2560234469625803	[[-0.26186420225719165, 0.08092742485000588, 0.7490002265806321], [0.24308992396823903, -0.8497641387297794, 0.11961152986513038], [0.6852456995147584, 0.26836570569592233, 0.18093677740718578]]	[[0.0013616204432264107, 0.0010025709311849724, -0.06036405370538374], [-0.015676536366781818, -0.0515023598152506, -0.043374376099321446], [-0.0857915495741097, -0.026823224081981283, -0.040674166517530246]]	0.4685159906695555	[[0.0, 0.0, 0.9854], [0.0, -1.0, 0.0], [0.9854, 0.0, 0.0]]
5	[[0.034229894132735264, 0.2773841392786001, 0.9601491309293217], [-0.1827544195208179, -0.9427759796974285, 0.2788803941677556], [0.9825625356654255, -0.18501754344446375, 0.018422055382213542]]	0.8666726220647609	0.1333273779352392	[[0.02966611210101685, 0.24040123930776117, 0.8321349648757168], [-0.15838825196003056, -0.8170781303440443, 0.2416980024558228], [0.8515600491277544, -0.1603496395049942, 0.01596589104192525]]	0.926997310309686	0.12387778421544289	[[0.010242872624199744, 0.24075351647489782, 0.875357665232092], [-0.16405300611822746, -0.8274452751356175, 0.2525309509009229], [0.9091606607619814, -0.1633886029764056, 0.0]]	[[-0.02148814716903115, -0.016380834558931787, -0.01469799663557195], [0.005359849224778677, 0.046505522268477914, -0.005990424390691654], [-0.0016721670109333493, 0.008122162156717802, -0.01707719578968803]]	0.34453383233032187	[[0.0, 0.0, 0.9854], [0.0, -1.0, 0.0], [0.9854, 0.0, 0.0]]
5	[[-0.42203838922340475, -0.825029846081567, 0.3757783270710803], [0.2588054115689476, 0.28760896992378115, 0.9221175843470338], [-0.8688517462515349, 0.4864224845687207, 0.09214016247897017]]	0.7869897406502445	0.2130102593497555	[[-0.33213988247937426, -0.6492900245964436, 0.2957336881636523], [0.20367720372952586, 0.22634530864900057, 0.7256970785543022], [-0.6837774104460075, 0.382809504977185, 0.07251336257279611]]	0.8638027056166863	0.2222119110968473	[[-0.28903979452144507, -0.6538267623717405, 0.3446416136606206], [0.25846544276795985, 0.2340358648238651, 0.8305437129235226], [-0.760058058910982, 0.38573016543525795, 0.02303383204250243]]	[[0.07551810796384001, 0.05883625088803527, 0.020043278024509434], [0.03490862802646287, -0.01440154155592525, 0.03401604866783185], [-0.00954156971912356, -0.03444289280799383, -0.05655708960279307]]	0.488593495189007	[[-0.4714332784465928, -0.4714332784465929, 0.6667073361331834], [0.5, 0.5000000000000001, 0.7071067811865475], [-0.6667073361331834, 0.6667073361331833, 0.0]]
5	[[-0.3195682178843842, -0.5708200961323295, -0.7563336379995778], [0.910087742671785, 0.03735879733279218, -0.41272826520656647], [0.2638493031197415, -0.8202248094963509, 0.507557688474819]]	0.7961626849375264	0.2038373150624737	[[-0.25442829037153175, -0.45446566035301245, -0.602164619938311], [0.7245779007343008, 0.02974368039051279, -0.32859884377646736], [0.21006696959070864, -0.6530323865809861, 0.4040984920167966]]	0.8311500234927985	0.18445485271336337	[[-0.2875690435423696, -0.5052910968185258, -0.6319102690144789], [0.7935129741109354, 0.006734623565852093, -0.29899706762108336], [0.1801910957258192, -0.6732681720825973, 0.44928528225193176]]	[[-0.02195991174021203, -0.030853960507978624, -0.0032835480227359423], [0.03709352540877311, -0.02431614171496089, 0.04404203970149626], [-0.03910725876071241, 0.008461697599671006, 0.0274286975521355]]	0.4840684559152437	[[1.8551675411814245e-16, -0.656973409025639, -0.6569734090256389], [1.0, 1.2684108950145333e-16, 1.268410895014533e-16], [0.0, -0.6569734090256389, 0.656973409025639]]
5	[[0.8592155572171323, 0.2624339665249735, -0.4391776855101157], [-0.4266000482917053, 0.8413623931712975, -0.33184593135155627], [0.2824199444684594, 0.4724804086637203, 0.8348660002631537]]	0.8187853741650003	0.181214625835	[[0.7035131315044187, 0.2148770934747557, -0.3595922655553189], [-0.34929388015933105, 0.6888952219011208, -0.27171059506681705], [0.23124131990326616, 0.38686004819335656, 0.6835760704031032]]	0.8569236898306333	0.1817817531767591	[[0.748853820070503, 0.15784830453700044, -0.3505953090512784], [-0.3570740728347589, 0.7569226753691485, -0.38487501480805614], [0.27728762782510735, 0.39686746706781345, 0.7269602706010619]]	[[0.012571654420114474, -0.06703757839446871, 0.025746453707327446], [0.008489614629295546, 0.03593930892806812, -0.10050837485899758], [0.035275286929432666, -0.00801218809698725, 0.011543817141418012]]	0.4298997396958079	[[0.7930370570940922, -0.13606364806845317, -0.4645503525812726], [-0.14644660940672619, 0.8535533905932737, -0.5], [0.4645503525812726, 0.4645503525812727, 0.656973409025639]]
5	[[0.22433838825039393, -0.7661379269479729, -0.6022499185961573], [-0.9416906372873723, -0.011392912655017143, -0.3362869982418849], [0.2507808429735371, 0.642575192824231, -0.724020780340167]]	0.7179529116731419	0.2820470883268582	[[0.16106439904443007, -0.550050955395522, -0.4323870826110238], [-0.6760895349358055, -0.008179574813107347, -0.241438229545582], [0.18004883640469593, 0.4613387306570873, -0.5198128273570832]]	0.7756114805876355	0.3683446126225541	[[0.22653248327133318, -0.5835555028521449, -0.3622399055503245], [-0.8371306682742566, -0.01490701248356971, -0.15669464498058355], [0.14774214039644304, 0.3622399055503245, -0.5296461893447444]]	[[0.05253305380780146, 0.010669869002314106, 0.1048720454958241], [-0.10674459883228371, -0.006070538631006383, 0.10413341162817638], [-0.04676636052527743, -0.1361487911449627, 0.031912640071107765]]	0.6150363640339829	[[0.656973409025639, -0.4645503525812727, -0.4645503525812726], [-0.7071067811865475, -0.5000000000000001, -0.5], [0.0, 0.6569734090256389, -0.656973409025639]]
5	[[0.04673222253661188, -0.9725397674033924, -0.22799671093185395], [-0.8377629715199755, -0.16246744520517667, 0.5213036857710898], [-0.5440306084466285, 0.16664552219444034, -0.8223502702654952]]	0.706174961473544	0.29382503852645603	[[0.03300112544936505, -0.6867832327775801, -0.1610055685583967], [-0.5916072341370805, -0.11473044185847081, 0.36813161021541574], [-0.38418079396022653, 0.11768089521539754, -0.5807231704224946]]	0.7984776450089728	0.33823802189228014	[[-0.03251462820777084, -0.8763976830405124, -0.15540255007134174], [-0.6865853292370456, -0.14884080701204727, 0.2803309894267447], [-0.3112354612890873, 0.04598262818694851, -0.623953437368923]]	[[-0.06982926320484005, -0.09984641988667728, 0.02664772674331656], [-0.017650324662056644, -0.01911418397399339, -0.1359183499222526], [0.12316081775617523, -0.08708009592615873, 0.032674869805161974]]	0.6184765171916141	[[1.910548299037908e-16, -0.9568363678640002, 0.0], [-1.0, -1.7938038903913487e-16, 0.0], [0.0, 0.0, -0.9568363678640002]]
5	[[-0.5446221603179724, 0.8109226453022452, -0.2139887049042392], [-0.8354447797583356, -0.5021691245819775, 0.22328947644507607], [0.07361197229480154, 0.30038414347728, 0.9509735242804028]]	0.8268681567620311	0.17313184323796899	[[-0.45033072183387723, 0.6705261129976577, -0.17694044599206246], [-0.690802685115236, -0.4152276584259025, 0.18463095781249902], [0.06086739584702025, 0.24837808303759998, 0.7863297251512293]]	0.8548301583601448	0.15389716937829534	[[-0.4656140150722836, 0.6931465657803189, -0.15430179569139696], [-0.7349503270808317, -0.45016863894802356, 0.19087457850969816], [0.0831646876328329, 0.2365384712386946, 0.8129980184855062]]	[[-5.456752122711892e-05, -5.4567521227118915e-05, 0.028622202809176153], [-0.020786933698857372, -0.02089932665803646, 0.0], [0.02023895369886511, -0.020238953698865105, 7.717012858447333e-05]]	0.38840657115860266	[[-0.6866099900573782, 0.6866099900573781, 0.0], [-0.7071067811865475, -0.7071067811865476, 0.0], [0.0, 0.0, 0.9710131600000002]]
5	[[0.5319609947059123, -0.8460851799387872, 0.03402011756955908], [-0.703274286200726, -0.4190807785627857, 0.5742617690636116], [-0.47161719485230363, -0.3294103357928521, -0.8179645788128509]]	0.8059867440555191	0.19401325594448088	[[0.4287535100875536, -0.6819334393724911, 0.027419763792274877], [-0.5668297521128924, -0.33777355221007166, 0.46284737348314275], [-0.3801172073196056, -0.26550036400391613, -0.6592686076301137]]	0.8649607986563879	0.17536971181635097	[[0.5207652209904552, -0.7167346642137966, 0.00553561099463785], [-0.5952892123107382, -0.3905512782713319, 0.5665621580803835], [-0.37624400275364117, -0.3682366191684618, -0.7111990532191588]]	[[0.060639814155582866, 0.015095848757390522, -0.023890457068712186], [0.013015475955942919, -0.028062833344123825, 0.06984823967329176], [0.03168638276589271, -0.08330959203540758, -0.0036917578565595654]]	0.3092503662056928	[[0.656973409025639, -0.6569734090256389, 0.0], [-0.5, -0.5000000000000001, 0.7071067811865475], [-0.4645503525812726, -0.4645503525812727, -0.656973409025639]]
