5	[[0.034229894132735264, 0.2773841392786001, 0.9601491309293217], [-0.1827544195208179, -0.9427759796974285, 0.2788803941677556], [0.9825625356654255, -0.18501754344446375, 0.018422055382213542]]	0.8687945187180274	0.13120548128197285	[[0.02973874439881876, 0.24098981978456566, 0.8341723021032722], [-0.15877603795118142, -0.819078603540144, 0.242289757830869], [0.8536449452838082, -0.1607422276112246, 0.016004980739587053]]	0.9368633038806738	0.1224092437783214	[[0.012515193770091967, 0.2508241739893595, 0.8915810012004902], [-0.16305360643214722, -0.8262505335439092, 0.2564147119412364], [0.9281047104071343, -0.16760332568849973, -0.0005523169738757859]]	[[-0.019553537938588085, -0.009046847179286763, -0.007947485820111773], [0.008162302838920953, 0.05700168561476281, -0.004858095526311768], [0.007577926974251105, 0.0057328213387666995, -0.017811264643529116]]	0.33889534589802034	[[0.0, 0.0, 0.9987999999999999], [0.0, -1.0, 0.0], [0.9987999999999999, 0.0, 0.0]]
5	[[0.08740825448676931, -0.06334395238859675, -0.994156597696443], [0.7119981850616444, -0.6940087028176986, 0.10681996481098455], [-0.6967197295301035, -0.717174639895393, -0.015561310176609944]]	0.9337124177272499	0.06628758227275014	[[0.08161417262616012, -0.05914503493315647, -0.9282563604346428], [0.6648015467913218, -0.6480045438316658, 0.09973912760520413], [-0.6505358631378286, -0.6696348669493971, -0.014529788548006128]]	0.9711072977370141	0.04807616765211526	[[0.07023422099135077, -0.057334190655620856, -0.9497445421845554], [0.6791950314430122, -0.6708907967220592, 0.09063877255635348], [-0.6830255444931832, -0.7095333884344956, -0.009121698927906806]]	[[-0.014648572823205013, 0.004179583776451397, 0.015688184931861294], [-0.012231602045859734, 0.0030661192772064756, -0.013094874815604668], [-0.006435930669141094, -0.013079861880164391, 0.005990002946948372]]	0.11063333222600102	[[0.0, 0.0, -0.9964043182719997], [0.7071067811865475, -0.7071067811865476, 0.0], [-0.70456425025369, -0.7045642502536898, 0.0]]
5	[[-0.42203838922340475, -0.825029846081567, 0.3757783270710803], [0.2588054115689476, 0.28760896992378115, 0.9221175843470338], [-0.8688517462515349, 0.4864224845687207, 0.09214016247897017]]	0.8612665635080423	0.13873343649195788	[[-0.3634875531549114, -0.7105706203262402, 0.3236453083973105], [0.222900447439272, 0.24770798916034287, 0.794189043020907], [-0.7483129576920211, 0.4189394216975457, 0.07935724109933529]]	0.8850633204275608	0.18824660684478386	[[-0.30361968995359523, -0.6915889431364779, 0.35828885993744597], [0.25456821219358866, 0.2331991282155061, 0.8335019565554885], [-0.8001611474846058, 0.4000358879590049, 0.021266696856214615]]	[[0.06991100816037066, 0.03861471188831331, 0.025701246035201544], [0.025509035285754454, -0.02135302168998616, 0.01736950552866135], [-0.031172335987937894, -0.03047881136401097, -0.060283181292157664]]	0.47746570436479185	[[-0.4976043165450365, -0.4976043165450366, 0.7037187731533855], [0.5, 0.5000000000000001, 0.7071067811865475], [-0.7037187731533855, 0.7037187731533854, 0.0]]
5	[[0.8489524140446696, -0.5135124485683378, 0.12483895166604869], [0.522794976890395, 0.7815435453534784, -0.34040431673891397], [0.0772347773085365, 0.35425224329800037, 0.9319550081910795]]	0.8854131316311817	0.11458686836881833	[[0.7516736155251424, -0.45467066521848815, 0.1105340471441899], [0.4628895376895759, 0.6919889179975599, -0.3013984521045745], [0.06838468604758825, 0.3136595881258538, 0.8251652023418272]]	0.9247026039916835	0.13196745203330681	[[0.7803771059266935, -0.4929593875406181, 0.06817533539486788], [0.5099568781534924, 0.6680404300065343, -0.29146441788427285], [0.0267295586095491, 0.3062317108147726, 0.8643262006374898]]	[[-0.00465140200543839, -0.018113089167330718, -0.04726356829031927], [0.02652700166917231, -0.05465492151471938, 0.023308340214210636], [-0.0446896410863724, -0.021346261032783687, 0.002544977760107998]]	0.4273665381012697	[[0.7062582530491236, -0.7062582530491236, 0.0], [0.7071067811865475, 0.7071067811865476, 0.0], [0.0, 0.0, 0.9987999999999999]]
5	[[-0.8305561570912853, 0.32773595720904825, 0.4502950280316503], [-0.5100865793185324, -0.772219296347621, -0.37879947194723407], [0.22358030216652452, -0.5443036842615101, 0.808545204538665]]	0.8200435865491276	0.17995641345087254	[[-0.6810922498915982, 0.26875776979081933, 0.3692615497923144], [-0.41829322795494533, -0.6332534813793466, -0.31063207755852545], [0.18334559287037444, -0.4463527454137126, 0.6630423094169846]]	0.859331563686649	0.19829552297453285	[[-0.7137231212028283, 0.3325934720321585, 0.4250797149943847], [-0.4897539085247131, -0.6422178990608391, -0.37400849193694863], [0.0856597533056227, -0.512412623127405, 0.6974748487902392]]	[[7.52950041022224e-19, 0.05095961944736635, 0.038126984435623255], [-0.05142041070334474, 0.021374516378565557, -0.04849414938485508], [-0.10646985736467028, -0.044675287010557604, 0.002666433862686851]]	0.36416263015488504	[[-0.7028743106256014, 0.4970071913651825, 0.4970071913651824], [-0.7071067811865475, -0.5000000000000001, -0.5], [0.0, -0.7028743106256012, 0.7028743106256014]]
5	[[-0.3195682178843842, -0.5708200961323295, -0.7563336379995778], [0.910087742671785, 0.03735879733279218, -0.41272826520656647], [0.2638493031197415, -0.8202248094963509, 0.507557688474819]]	0.8356545911208274	0.16434540887917276	[[-0.2670486484513865, -0.4770084340370132, -0.6320336770134649], [0.7605190004864674, 0.03121905050990035, -0.3448982697052016], [0.22048688151604282, -0.6854246278068319, 0.4241429126326572]]	0.8620158224855106	0.17618637027585837	[[-0.25652593222932374, -0.5743017612928232, -0.6721429605996139], [0.828632998358563, 0.025354606542278457, -0.27308613755759154], [0.15502237444100228, -0.7204442650174782, 0.4995971673575709]]	[[0.01894692795051248, -0.08224580663405488, -0.020171397565949507], [0.044122964325362404, -0.006849267867617966, 0.08269215743746477], [-0.07241989959999046, -0.01339750123646031, 0.06207440906810538]]	0.4628272219732016	[[1.9847829283330974e-16, -0.7028743106256014, -0.7028743106256012], [1.0, 1.2684108950145333e-16, 1.268410895014533e-16], [0.0, -0.7028743106256012, 0.7028743106256014]]
5	[[0.8787972042104137, -0.3840163418041313, 0.28327887866788265], [-0.395223040501579, -0.9183905790867732, -0.018907472103605397], [0.2674214316928388, -0.09534250611366366, -0.9588511794847616]]	0.8034485172306852	0.19655148276931475	[[0.7060683106693286, -0.30853736041488133, 0.2275999950284815], [-0.31754136586639675, -0.7378795490058982, -0.0151911804262223], [0.2148593527693183, -0.07660279516608057, -0.7703875584019255]]	0.8640266337034544	0.22802306878657244	[[0.7069807133341728, -0.3193925975491083, 0.15887186560751337], [-0.35772773405939456, -0.8409938412324747, -0.026147090938015184], [0.14334834040635352, -0.06356148064805556, -0.8284729568328055]]	[[-0.05232347672775827, 0.012407749547030385, -0.08588863032718652], [-0.016244500812771106, -0.04747992075916352, -0.009810531464495037], [-0.08771089899936824, 0.018816983958184264, 0.0]]	0.46873990912764174	[[0.7054107431454647, -0.7054107431454646, 0.0], [-0.7071067811865475, -0.7071067811865476, 0.0], [0.0, 0.0, -0.9976014399999998]]
5	[[-0.5446221603179724, 0.8109226453022452, -0.2139887049042392], [-0.8354447797583356, -0.5021691245819775, 0.22328947644507607], [0.07361197229480154, 0.30038414347728, 0.9509735242804028]]	0.884972698960071	0.11502730103992898	[[-0.4819757431300605, 0.7176444020609684, -0.18937416172607474], [-0.7393458215748364, -0.44440596551572875, 0.19760509061898016], [0.06514458579750448, 0.26583176617789767, 0.8415856064219989]]	0.8856106002991793	0.11478858378818554	[[-0.48283518272083237, 0.717649666316923, -0.18848309756737763], [-0.7400938446314479, -0.44596790250443424, 0.19774752727501324], [0.06591814316107644, 0.2652967814373981, 0.8429163455366878]]	[[-0.000512024385396919, -0.000512024385396919, 0.001027567840109566], [-0.00021509171285254874, -0.0012416026316758397, 0.0], [0.0007266001878706883, -0.0007266001878706882, 0.0007241118300940714]]	0.3809797062978983	[[-0.7054107431454647, 0.7054107431454646, 0.0], [-0.7071067811865475, -0.7071067811865476, 0.0], [0.0, 0.0, 0.9976014399999998]]
5	[[-0.30792515101507295, 0.09349718223056193, 0.9468053539599837], [0.3027085282091916, -0.9338174967034747, 0.1906631317268273], [0.9019698710720718, 0.34531602882779927, 0.2592434992682147]]	0.798562203075438	0.20143779692456207	[[-0.24589738697693364, 0.07466331582338322, 0.7560829693419044], [0.2417315891764554, -0.7457113574379173, 0.15225637051703766], [0.7202790473509825, 0.27575632873798883, 0.20702205990861128]]	0.8656172641969737	0.24129431636610596	[[-0.26833104069246133, 0.08495241767667389, 0.7649814504765411], [0.24304216409049056, -0.8493850841575645, 0.12057440843199944], [0.6997822766029902, 0.2775455910557842, 0.18337862301578747]]	[[-0.00178571389335392, 0.004019642584128986, -0.05458960974534752], [-0.018987563947042256, -0.041056537401836415, -0.04446689003660404], [-0.08097841558251377, -0.021365925101498776, -0.041027025581614696]]	0.46644139584503674	[[0.0, 0.0, 0.9987999999999999], [0.0, -1.0, 0.0], [0.9987999999999999, 0.0, 0.0]]
5	[[0.3802729664721569, 0.7767473726770865, -0.5020517802076895], [0.4287143634067757, 0.332951791095048, 0.839849450446521], [0.8195098935212374, -0.5346088512602871, -0.20639019011321075]]	0.8362260685840828	0.16377393141591734	[[0.31799416774181855, 0.6495364017367755, -0.4198287863887161], [0.35850212665717585, 0.2784229672954408, 0.7023040041493968], [0.6852955364250247, -0.4470538579196426, -0.17258885727269166]]	0.8891572404159258	0.19490905344922488	[[0.34690846855375485, 0.6670445351129907, -0.44640297543537205], [0.4037812808948273, 0.3017785976480717, 0.7212195070849374], [0.7114789087081962, -0.46229812863621483, -0.092675830950053]]	[[0.008786007080593915, -0.023606015276888243, 2.8106906875718545e-19], [0.022586800601388207, 0.005732101886458969, -0.025538712638923017], [-0.017194246708696428, 0.0130532022523102, 0.09083750093992779]]	0.3666650628135129	[[0.4976043165450365, 0.4976043165450366, -0.7037187731533855], [0.5, 0.5000000000000001, 0.7071067811865475], [0.7037187731533855, -0.7037187731533854, 0.0]]
5	[[0.22433838825039393, -0.7661379269479729, -0.6022499185961573], [-0.9416906372873723, -0.011392912655017143, -0.3362869982418849], [0.2507808429735371, 0.642575192824231, -0.724020780340167]]	0.7499066718760143	0.25009332812398566	[[0.16823285410688202, -0.5745319429955433, -0.4516312320920449], [-0.7061800917449765, -0.008543621212098035, -0.252183863646747], [0.18806222732454655, 0.48187142428090723, -0.5429480137539695]]	0.7949791679440883	0.3350849239798318	[[0.23655787469820616, -0.6249486921515491, -0.38182476875883403], [-0.8243961615057199, 0.026311011937918988, -0.1865022164787265], [0.18560861593006237, 0.381824768758834, -0.5373255562076391]]	[[0.058213529468990236, -0.01588500045604087, 0.09695137042113401], [-0.07577172221426653, 0.03536814016086406, 0.08083894157402227], [-0.013756929953357202, -0.12900912337408535, 0.03825588132141648]]	0.5943417310056225	[[0.7028743106256014, -0.4970071913651825, -0.4970071913651824], [-0.7071067811865475, -0.5000000000000001, -0.5], [0.0, 0.7028743106256012, -0.7028743106256014]]
5	[[0.8592155572171323, 0.2624339665249735, -0.4391776855101157], [-0.4266000482917053, 0.8413623931712975, -0.33184593135155627], [0.2824199444684594, 0.4724804086637203, 0.8348660002631537]]	0.8649676368070259	0.13503236319297418	[[0.7431936500339348, 0.22699688784300054, -0.379874484774064], [-0.3689952356326395, 0.7277512409196808, -0.2870359910251822], [0.2442841119540548, 0.408680262519476, 0.7221320712981539]]	0.8922333553515177	0.1460596891984474	[[0.7778506618090909, 0.15478414283137545, -0.3890805383687651], [-0.36543917188347247, 0.7599518463178367, -0.37482967685484897], [0.30894103684032787, 0.42227540678366327, 0.7605694114520578]]	[[0.011229882223025045, -0.07936819567940953, 0.002768441569439003], [0.015187620596955193, 0.009260255192027191, -0.07874566806530049], [0.05695654216904504, 0.0007126264237758321, 0.01567411876836304]]	0.41472024965306603	[[0.8484443466779833, -0.14557003605238183, -0.4970071913651824], [-0.14644660940672619, 0.8535533905932737, -0.5], [0.4970071913651824, 0.4970071913651825, 0.7028743106256014]]
5	[[0.04673222253661188, -0.9725397674033924, -0.22799671093185395], [-0.8377629715199755, -0.16246744520517667, 0.5213036857710898], [-0.5440306084466285, 0.16664552219444034, -0.8223502702654952]]	0.7422534656313223	0.2577465343686777	[[0.0346871541344544, -0.721871012819448, -0.1692313488417114], [-0.6218324689882966, -0.12059202425580941, 0.3869394674099732], [-0.40380860452902695, 0.12369321638076478, -0.6103923380674184]]	0.817870266019015	0.31097234012214375	[[-0.036932781353118053, -0.9109083102248393, -0.16350125943587124], [-0.6798461481485671, -0.14764609049962912, 0.2842845693516675], [-0.32868643258280406, 0.04951606526353952, -0.6469831431765412]]	[[-0.07515367663079649, -0.11549695194455581, 0.022970471185424605], [0.00533527622935559, -0.014768797870241704, -0.14207421480662674], [0.11626002586992665, -0.08677835230450505, 0.025592691126308367]]	0.6070756128874119	[[1.9895549953627751e-16, -0.9964043182719997, 0.0], [-1.0, -1.7938038903913487e-16, 0.0], [0.0, 0.0, -0.9964043182719997]]
5	[[0.5319609947059123, -0.8460851799387872, 0.03402011756955908], [-0.703274286200726, -0.4190807785627857, 0.5742617690636116], [-0.47161719485230363, -0.3294103357928521, -0.8179645788128509]]	0.8359941670592744	0.16400583294072557	[[0.4447162886771924, -0.7073222752641227, 0.028440619850822118], [-0.5879332011065815, -0.3503490864051484, 0.4800794893023195], [-0.39426922398138314, -0.2753851192918614, -0.6838136167486396]]	0.9043260455058807	0.1397094470034615	[[0.5427905200751677, -0.7527769563021998, -0.00566318227537044], [-0.5878182063166332, -0.3929944321269205, 0.5829130827902861], [-0.4113781442757349, -0.3809792663712387, -0.74877248171219]]	[[0.06172433736939534, 0.012359908632974937, -0.03642846066469494], [0.04817104782924032, -0.014008768901710707, 0.06359320808777895], [0.015117568537625324, -0.08308492005492443, -0.009065808790481309]]	0.2838382637543517	[[0.7028743106256014, -0.7028743106256012, 0.0], [-0.5, -0.5000000000000001, 0.7071067811865475], [-0.4970071913651824, -0.4970071913651825, -0.7028743106256014]]
