5	[[0.22433838825039393, -0.7661379269479729, -0.6022499185961573], [-0.9416906372873723, -0.011392912655017143, -0.3362869982418849], [0.2507808429735371, 0.642575192824231, -0.724020780340167]]	0.5367725863380824	0.46322741366191766	[[0.12041869687608081, -0.4112418365395602, -0.323271246426759], [-0.5054737189070999, -0.006115403191757452, -0.18050964179816673], [0.13461228168695005, 0.34491674816895446, -0.38863450682570816]]	0.7089395104202836	0.475043022492154	[[0.18298283142605898, -0.4549672986609835, -0.33067718095794374], [-0.8211137053800109, 0.049495628979787445, -0.19938805542160368], [0.1474916737500884, 0.3306771809579437, -0.3832695953689985]]	[[0.023940484291349276, 0.08817814818392324, 0.09628158148227169], [-0.15351200601413648, 0.05757251489969631, 0.03901908447270495], [-0.030296774290356945, -0.12486976165108608, 0.13001734217947103]]	0.713269470159115	[[0.48508792034888376, -0.3430089579503755, -0.34300895795037545], [-0.7071067811865475, -0.5000000000000001, -0.5], [0.0, 0.48508792034888365, -0.48508792034888376]]
5	[[-0.8305561570912853, 0.32773595720904825, 0.4502950280316503], [-0.5100865793185324, -0.772219296347621, -0.37879947194723407], [0.22358030216652452, -0.5443036842615101, 0.808545204538665]]	0.5540909572764244	0.44590904272357546	[[-0.46020365615453857, 0.1815955302638668, 0.24950440313887146], [-0.28263436102846234, -0.4278797291405802, -0.209889362027047], [0.12388382365560181, -0.30159374946154477, 0.44800758638409127]]	0.736195411802811	0.4217500036413244	[[-0.5041118664990826, 0.18821288233035957, 0.2561345041938252], [-0.44767508720415866, -0.6761578003619654, -0.26824541372486055], [0.15673923499585798, -0.3694448590522817, 0.47968797337224456]]	[[0.10733976559609644, -0.05306482564974414, -0.07537062940069389], [-0.07215168788766452, -0.10765349748525145, 0.01062501951602074], [-0.00785955762862342, 0.031269015928407924, -0.115559296444286]]	0.5225421576628997	[[-0.48508792034888376, 0.3430089579503755, 0.34300895795037545], [-0.7071067811865475, -0.5000000000000001, -0.5], [0.0, -0.48508792034888365, 0.48508792034888376]]
5	[[0.3802729664721569, 0.7767473726770865, -0.5020517802076895], [0.4287143634067757, 0.332951791095048, 0.839849450446521], [0.8195098935212374, -0.5346088512602871, -0.20639019011321075]]	0.5803123080618832	0.41968769193811717	[[0.2206770828669965, 0.4507560606192437, -0.2913468273389016], [0.24878822172786696, 0.19321602236370533, 0.4873749730131249], [0.47557167778885745, -0.31024009638516914, -0.1197707675859282]]	0.7662563588900948	0.35674289298569756	[[0.3057485367272104, 0.45776323497398336, -0.36737524478657774], [0.4076938451844889, 0.3118072083192529, 0.7157663848701139], [0.556656881461797, -0.39026374486432225, -0.042129982451027066]]	[[0.014361958053920362, -0.13742437859100842, 0.017325124289656536], [0.07918873807652804, 0.05668078118882598, 0.0722264029551157], [-0.0712977856221956, 0.01938368693280161, 0.11601781313575625]]	0.4464597833452059	[[0.36986085610348873, 0.3698608561034888, -0.5230622388924776], [0.5, 0.5000000000000001, 0.7071067811865475], [0.5230622388924776, -0.5230622388924775, 0.0]]
5	[[0.034229894132735264, 0.2773841392786001, 0.9601491309293217], [-0.1827544195208179, -0.9427759796974285, 0.2788803941677556], [0.9825625356654255, -0.18501754344446375, 0.018422055382213542]]	0.7822473016871998	0.21775269831280022	[[0.02677624232237067, 0.21698299448151137, 0.7510740668867718], [-0.1429591515415703, -0.7374839662138198, 0.21815343583118954], [0.7686068922632121, -0.14472947412422604, 0.0144106031142687]]	0.8792624300336145	0.1856630228809489	[[0.009190509798115093, 0.21583483655037142, 0.7956832143017752], [-0.16769303517214937, -0.8242689317383003, 0.2565592931555579], [0.8256418002263172, -0.14731524590532452, 0.0]]	[[-0.020906550096827077, -0.028058615804513073, -0.04853984375380319], [-0.007003940164892419, 0.004678567147782191, 0.011350240090884846], [-0.03828852254285477, 0.015363728942504516, -0.016197821181578902]]	0.3704573541876932	[[0.0, 0.0, 0.9274], [0.0, -1.0, 0.0], [0.9274, 0.0, 0.0]]
5	[[0.8787972042104137, -0.3840163418041313, 0.28327887866788265], [-0.395223040501579, -0.9183905790867732, -0.018907472103605397], [0.2674214316928388, -0.09534250611366366, -0.9588511794847616]]	0.6049459677237301	0.39505403227626984	[[0.5316248251339772, -0.232309137514427, 0.1713684153914354], [-0.23908858470294275, -0.555576677614005, -0.011437999008924992], [0.16177551678548974, -0.057677064626135914, -0.5800531546764492]]	0.8023121902307645	0.3220114444081801	[[0.6178118921537763, -0.2369049137968727, 0.1788199872193824], [-0.3219196743823002, -0.85801547387469, -0.020861294236540612], [0.16226437431462484, -0.057910974396669854, -0.7085092223406858]]	[[-0.08725781752495311, 0.07119607848040578, -0.048458110370761504], [-0.0048274111278161225, -0.12117951688028084, -0.005691598881369879], [-0.052291100261503395, 0.01858348050547368, 0.060788767577085234]]	0.5048335432310036	[[0.6081618666962677, -0.6081618666962676, 0.0], [-0.7071067811865475, -0.7071067811865476, 0.0], [0.0, 0.0, -0.86007076]]
5	[[-0.3195682178843842, -0.5708200961323295, -0.7563336379995778], [0.910087742671785, 0.03735879733279218, -0.41272826520656647], [0.2638493031197415, -0.8202248094963509, 0.507557688474819]]	0.5523550577909414	0.4476449422090586	[[-0.17651512145767712, -0.3152953671874035, -0.41776471032648965], [0.5026915676983013, 0.02063532065975451, -0.22797254478012804], [0.14573849707280442, -0.4530553220509208, 0.2803520563497453]]	0.6974461631247092	0.47938030902506956	[[-0.23364541729104038, -0.3756667247784893, -0.40495626419927383], [0.7886939345858275, 0.013765171436202539, -0.21700778611143812], [0.16052537110459866, -0.4049562641992738, 0.311920454302161]]	[[-0.010763789870975558, 0.022449561103481577, 0.12254572966568439], [0.15395673035256333, -0.012290578422507047, 0.07084795886999902], [-0.02349531299939342, 0.16710638208365164, -0.04207370808904797]]	0.5939623156189	[[1.369795720933553e-16, -0.48508792034888376, -0.48508792034888365], [1.0, 1.2684108950145333e-16, 1.268410895014533e-16], [0.0, -0.48508792034888365, 0.48508792034888376]]
5	[[-0.30792515101507295, 0.09349718223056193, 0.9468053539599837], [0.3027085282091916, -0.9338174967034747, 0.1906631317268273], [0.9019698710720718, 0.34531602882779927, 0.2592434992682147]]	0.6236473471852007	0.37635265281479935	[[-0.19203670356215255, 0.05830926966738124, 0.5904726472978887], [0.18878337058799882, -0.582372804574247, 0.11890655630745835], [0.5625111173350752, 0.21535542531898536, 0.16167652059363063]]	0.8059792817077227	0.30215911522813166	[[-0.20356323356283532, 0.06890825890208331, 0.7140303284649867], [0.2536613863737591, -0.8443231624761618, 0.12217574612364379], [0.6544398623290272, 0.24131510583241095, 0.13465497466075202]]	[[0.04461805847203529, -0.0064485328738010505, -0.049075170636707105], [0.009684584240912989, -0.0916856072369916, -0.0314947878336894], [-0.07252916647964862, -0.037002459044381986, -0.07428991466684025]]	0.4805921566884818	[[0.0, 0.0, 0.9274], [0.0, -1.0, 0.0], [0.9274, 0.0, 0.0]]
5	[[0.8592155572171323, 0.2624339665249735, -0.4391776855101157], [-0.4266000482917053, 0.8413623931712975, -0.33184593135155627], [0.2824199444684594, 0.4724804086637203, 0.8348660002631537]]	0.5762454251709811	0.4237545748290192	[[0.4951190340821079, 0.15122637261949037, -0.2530741321123841], [-0.24582632620581474, 0.48483122997586847, -0.1912246998029378], [0.16274320097699224, 0.27226467397538434, 0.48108771328243743]]	0.7509095211826382	0.4407166776468955	[[0.47695720329185254, 0.19122401727783297, -0.28826408411300236], [-0.352358138413549, 0.7491259570970532, -0.2533053784101147], [0.2399729532087556, 0.31862897661191736, 0.4724754721263289]]	[[-0.16823593937073789, -0.005840146867495371, 0.041518621427497925], [-0.03202010041433434, 0.11733892529971575, -0.004119108992510973], [0.027901127935517467, -0.036161060825934045, -0.15443335638294017]]	0.5345128068614654	[[0.5855529181248174, -0.10046499777593364, -0.34300895795037545], [-0.14644660940672619, 0.8535533905932737, -0.5], [0.34300895795037545, 0.3430089579503755, 0.48508792034888376]]
5	[[0.5319609947059123, -0.8460851799387872, 0.03402011756955908], [-0.703274286200726, -0.4190807785627857, 0.5742617690636116], [-0.47161719485230363, -0.3294103357928521, -0.8179645788128509]]	0.59640088270193	0.40359911729807	[[0.3172620068056028, -0.504605948156514, 0.02028962814810846], [-0.41943340507168275, -0.2499401462582575, 0.34249022597150985], [-0.28127291130732207, -0.19646061503799614, -0.48783479682289677]]	0.7234180880401155	0.4635838721039769	[[0.4448238296720472, -0.5762444339165587, 0.0901894292256417], [-0.5168744579445883, -0.34951084607955824, 0.33835340941276326], [-0.24654274687823108, -0.10781951994987427, -0.5212563728390743]]	[[0.059993623969978094, 0.035828889273835804, 0.06557866081857136], [-0.008113118453482206, -0.04634023051730473, -0.07707794159776897], [0.09463366250866515, 0.13048187535004327, 0.07047399885025674]]	0.4493882182899482	[[0.48508792034888376, -0.48508792034888365, 0.0], [-0.5, -0.5000000000000001, 0.7071067811865475], [-0.34300895795037545, -0.3430089579503755, -0.48508792034888376]]
5	[[-0.5446221603179724, 0.8109226453022452, -0.2139887049042392], [-0.8354447797583356, -0.5021691245819775, 0.22328947644507607], [0.07361197229480154, 0.30038414347728, 0.9509735242804028]]	0.6217434223849111	0.3782565776150889	[[-0.3386152458627598, 0.5041858207796434, -0.13304606973887648], [-0.519432296580556, -0.3122203501336334, 0.13882876326749657], [0.04576775958307317, 0.18676186539572426, 0.591261533583538]]	0.7770932504416049	0.32184474129600993	[[-0.45161029021810006, 0.5960807137330126, -0.09328781418752742], [-0.7329520838937107, -0.39780560452449104, 0.10227143952421724], [0.07078239414143576, 0.098157824400818, 0.714378650986404]]	[[-0.028388085394078062, -0.03408180056161382, 0.07300136406429722], [-0.08373358442683485, -0.007573367231667015, -0.07124530551589107], [0.013579027319451091, -0.1352686660350589, -0.02461645608056265]]	0.4294401827346869	[[-0.6081618666962677, 0.6081618666962676, 0.0], [-0.7071067811865475, -0.7071067811865476, 0.0], [0.0, 0.0, 0.86007076]]
5	[[0.8489524140446696, -0.5135124485683378, 0.12483895166604869], [0.522794976890395, 0.7815435453534784, -0.34040431673891397], [0.0772347773085365, 0.35425224329800037, 0.9319550081910795]]	0.694020673271116	0.30597932672888406	[[0.5891905259704209, -0.35638825528849716, 0.08664081328573142], [0.3628305218442295, 0.5424073775369159, -0.23624763308753532], [0.053602532147615206, 0.24585838040148142, 0.6467960422431613]]	0.8514767889977296	0.24918173313631808	[[0.6690598558772902, -0.4190398695562736, 0.05384903185707398], [0.49292377836144186, 0.6646422021457054, -0.31670156546597117], [0.02198617483262536, 0.25915901749471226, 0.740751475158441]]	[[-0.05380341964533616, 0.01820406126105648, -0.052448437849375945], [0.047775990134666046, -0.0008239863137759276, -0.026855190888154527], [-0.043777445349002006, -0.0424785451239115, -0.052786582706452284]]	0.4517413954052523	[[0.6557708288724042, -0.6557708288724041, 0.0], [0.7071067811865475, 0.7071067811865476, 0.0], [0.0, 0.0, 0.9274]]
5	[[-0.42203838922340475, -0.825029846081567, 0.3757783270710803], [0.2588054115689476, 0.28760896992378115, 0.9221175843470338], [-0.8688517462515349, 0.4864224845687207, 0.09214016247897017]]	0.5693426215342093	0.43065737846579083	[[-0.24028444290852827, -0.4697246554120445, 0.21394661785038832], [0.14734895148990457, 0.16374804491315917, 0.5250008428349326], [-0.49467433093542457, 0.27694105253753887, 0.05245932165436485]]	0.7627553753679647	0.38274447783231064	[[-0.23440055568847198, -0.5053211565185056, 0.28192164665256053], [0.2694914923026141, 0.23598510915078613, 0.8282567404257366], [-0.5878940950597629, 0.30670704576749364, 0.0247853991149333]]	[[0.08751149430331732, 0.1239747934192141, -0.004705292267687132], [0.07208627345408083, 0.01660982133737872, 0.12490659624371402], [0.0748272447914383, -0.0643143190371389, -0.04549500510317883]]	0.5617111757041602	[[-0.36986085610348873, -0.3698608561034888, 0.5230622388924776], [0.5, 0.5000000000000001, 0.7071067811865475], [-0.5230622388924776, 0.5230622388924775, 0.0]]
5	[[0.04673222253661188, -0.9725397674033924, -0.22799671093185395], [-0.8377629715199755, -0.16246744520517667, 0.5213036857710898], [-0.5440306084466285, 0.16664552219444034, -0.8223502702654952]]	0.5531923224200949	0.44680767757990514	[[0.025851906716881052, -0.5380015325757815, -0.1261260300245353], [-0.46344404385269494, -0.08987574333071117, 0.2883811966178645], [-0.3009535557542077, 0.09218702344365191, -0.45491785585096206]]	0.7182725834698014	0.4494824648681328	[[-0.00791601912454629, -0.7382448985982982, -0.11471354727260422], [-0.6788235975122886, -0.14048414735558742, 0.27185124992733467], [-0.2514885332583403, 0.011194941605938306, -0.5329140982464351]]	[[-0.04148249333720428, -0.039696247338343656, 0.049050239311036054], [-0.07708142362329803, -0.02378823575832662, -0.10258689522379541], [0.13927373735726742, -0.10850196814433646, 0.057757554894251585]]	0.6740561103733129	[[1.592654679870239e-16, -0.797629622824, 0.0], [-1.0, -1.7938038903913487e-16, 0.0], [0.0, 0.0, -0.797629622824]]
5	[[0.08740825448676931, -0.06334395238859675, -0.994156597696443], [0.7119981850616444, -0.6940087028176986, 0.10681996481098455], [-0.6967197295301035, -0.717174639895393, -0.015561310176609944]]	0.6588411545322019	0.3411588454677981	[[0.057588155301707605, -0.041733602724335905, -0.6549912806121303], [0.4690937062708462, -0.45724149501980843, 0.07037738894315825], [-0.45902763098897686, -0.47250416774989695, -0.010252431562791398]]	0.8577772710215816	0.23626456348175	[[0.049327561103819056, -0.04932756110381906, -0.7614664137635441], [0.6743298193831091, -0.6656671593267615, 0.09430533775151564], [-0.5470711992167122, -0.5544360564428374, 0.0]]	[[-0.025649252894601838, 0.005007441511792456, 0.09129851957661131], [0.06359395922861275, -0.07036226815856815, 0.0026775998453279423], [0.05055914904651452, 0.060740049012518095, 0.013348138176812845]]	0.24536007355912076	[[0.0, 0.0, -0.797629622824], [0.7071067811865475, -0.7071067811865476, 0.0], [-0.5640093151741186, -0.5640093151741186, 0.0]]
