5	[[0.3802729664721569, 0.7767473726770865, -0.5020517802076895], [0.4287143634067757, 0.332951791095048, 0.839849450446521], [0.8195098935212374, -0.5346088512602871, -0.20639019011321075]]	0.8168567713669695	0.18314322863303056	[[0.3106285476305859, 0.6344913510127811, -0.41010439623949263], [0.35019823073110445, 0.2719739250947507, 0.686036710526069], [0.669422205725047, -0.4366988601846825, -0.16859122433769236]]	0.8768561185131662	0.20848905789047595	[[0.34312566942432715, 0.6446427499461357, -0.4402271752855398], [0.4042962050650617, 0.30190449969551114, 0.7207567332502829], [0.6934436031896165, -0.4520876578884448, -0.08841367988000932]]	[[0.00968099206806424, -0.03645293632479421, 1.6894924247490704e-18], [0.0283753924173534, 0.00995368450390078, -0.015670396003669297], [-0.025148661126553916, 0.016687384350433182, 0.09256082112185512]]	0.36920307069964037	[[0.4830206106230408, 0.4830206106230409, -0.6830942984488384], [0.5, 0.5000000000000001, 0.7071067811865475], [0.6830942984488384, -0.6830942984488383, 0.0]]
5	[[-0.3195682178843842, -0.5708200961323295, -0.7563336379995778], [0.910087742671785, 0.03735879733279218, -0.41272826520656647], [0.2638493031197415, -0.8202248094963509, 0.507557688474819]]	0.8142192615383431	0.18578073846165688	[[-0.2601985983769476, -0.4647727171441114, -0.6158214162086248], [0.7410109697733185, 0.030418252376266684, -0.336051303312492], [0.2148311847435623, -0.6678428386835471, 0.41326324629807537]]	0.8470432090486749	0.1798172673735538	[[-0.2768821873444365, -0.5279929867951394, -0.65280388471508], [0.8071692538723587, 0.005718359619905196, -0.28122245646929467], [0.1715477760944312, -0.6938423171564575, 0.4722539922442144]]	[[-0.006194098557681611, -0.04448370077773785, -0.012156612872458762], [0.03628561180378504, -0.025926155959062214, 0.06837621775636792], [-0.05194398432537119, 0.0009235376206695976, 0.042330699021176046]]	0.4742143234722026	[[1.9123391680787724e-16, -0.6772196874821784, -0.6772196874821783], [1.0, 1.2684108950145333e-16, 1.268410895014533e-16], [0.0, -0.6772196874821783, 0.6772196874821784]]
5	[[0.034229894132735264, 0.2773841392786001, 0.9601491309293217], [-0.1827544195208179, -0.9427759796974285, 0.2788803941677556], [0.9825625356654255, -0.18501754344446375, 0.018422055382213542]]	0.8676351867836216	0.1323648132163783	[[0.02969906058943935, 0.24066823949380237, 0.833059170553994], [-0.15856416491647718, -0.8179856132398905, 0.24196644288403066], [0.8525058291586605, -0.16052773086468414, 0.015983623462485066]]	0.9315594989745323	0.12287121115088284	[[0.011416176285388328, 0.24276520568096674, 0.8838185866343854], [-0.1634947680486559, -0.8279176074198142, 0.25194887796403975], [0.9178543022939817, -0.16532445437834492, 0.0]]	[[-0.020471006742853817, -0.015634624128887834, -0.010617456714966235], [0.006751847435538718, 0.05033431187234594, -0.007844802300694715], [0.002538838858351963, 0.007030395694278491, -0.017161240681935933]]	0.3419930559193683	[[0.0, 0.0, 0.9914000000000001], [0.0, -1.0, 0.0], [0.9914000000000001, 0.0, 0.0]]
5	[[0.08740825448676931, -0.06334395238859675, -0.994156597696443], [0.7119981850616444, -0.6940087028176986, 0.10681996481098455], [-0.6967197295301035, -0.717174639895393, -0.015561310176609944]]	0.9253923685754836	0.07460763142451653	[[0.08088693165256008, -0.05861801013581621, -0.9199849286772557], [0.6588776868956404, -0.6422303573124688, 0.0988503802475868], [-0.6447391207431328, -0.6636679386950672, -0.014400317682470852]]	0.9597819375198666	0.06358677001387979	[[0.06421788346647736, -0.06421788346647739, -0.935605909996497], [0.6824811482663908, -0.6686616354409752, 0.09401027590524838], [-0.6776009563097672, -0.6909837435340076, 0.0]]	[[-0.019674980380063652, -0.0034215021127838056, 0.018567635538753725], [-0.0008818493027027315, -0.0025646179949550397, -0.008513596886842341], [-0.008901944393047045, -0.0026524781150945123, 0.014935464431654309]]	0.12157980690830185	[[0.0, 0.0, -0.9744212439440002], [0.7071067811865475, -0.7071067811865476, 0.0], [-0.6890198693250337, -0.6890198693250336, 0.0]]
5	[[-0.42203838922340475, -0.825029846081567, 0.3757783270710803], [0.2588054115689476, 0.28760896992378115, 0.9221175843470338], [-0.8688517462515349, 0.4864224845687207, 0.09214016247897017]]	0.8191184262323702	0.18088157376762987	[[-0.3456994211903199, -0.675797149117068, 0.3078069518826962], [0.21199228142477725, 0.23558580681428082, 0.7553235044915374], [-0.7116924750188038, 0.3984376200439699, 0.07547370488256895]]	0.8738665841693884	0.20632289482669935	[[-0.29448940335872914, -0.6718448061124583, 0.3467017810761519], [0.25426167428541635, 0.23105866628742028, 0.8302343441349964], [-0.7805696933343576, 0.39432074995568517, 0.022150158249390584]]	[[0.0743158422202784, 0.0491212073206371, 0.01832165799365973], [0.028100273313107403, -0.02027320183635071, 0.024426600499126053], [-0.021309185687920715, -0.03074760509756991, -0.05836805080091952]]	0.4832082198996684	[[-0.4830206106230408, -0.4830206106230409, 0.6830942984488384], [0.5, 0.5000000000000001, 0.7071067811865475], [-0.6830942984488384, 0.6830942984488383, 0.0]]
5	[[0.22433838825039393, -0.7661379269479729, -0.6022499185961573], [-0.9416906372873723, -0.011392912655017143, -0.3362869982418849], [0.2507808429735371, 0.642575192824231, -0.724020780340167]]	0.733990865862319	0.266009134137681	[[0.16466232783806378, -0.5623382403705046, -0.4420459392159046], [-0.6911923262369974, -0.008362293824349838, -0.24683158501780128], [0.18407084807582874, 0.4716443221627039, -0.531424639464191]]	0.7836313019296772	0.35679885482799356	[[0.23207774880297005, -0.5943552331719412, -0.370469681034696], [-0.8364302828556287, -0.016172241322954792, -0.1568709554544329], [0.15154380938524015, 0.370469681034696, -0.5389411748659076]]	[[0.05627916554550839, 0.006014427980002891, 0.10147220676185285], [-0.09849202274313755, -0.007244398346332597, 0.10665406279987848], [-0.04497590909313473, -0.13307235390586958, 0.02842417185619843]]	0.6055993275250574	[[0.6772196874821784, -0.4788666333716828, -0.47886663337168267], [-0.7071067811865475, -0.5000000000000001, -0.5], [0.0, 0.6772196874821783, -0.6772196874821784]]
5	[[-0.5446221603179724, 0.8109226453022452, -0.2139887049042392], [-0.8354447797583356, -0.5021691245819775, 0.22328947644507607], [0.07361197229480154, 0.30038414347728, 0.9509735242804028]]	0.8518697388308029	0.14813026116919714	[[-0.4639471374715388, 0.6908004620656072, -0.182290502159516], [-0.711690126340291, -0.42778268100654204, 0.1902135479829336], [0.06270781161359289, 0.25588816185290497, 0.8101055677637551]]	0.8683950965993005	0.13627643832743494	[[-0.47321290872657973, 0.7039355536946692, -0.1690918982581006], [-0.7372653361016352, -0.44839104093152754, 0.19390348646712907], [0.0757575973308092, 0.24901879575285069, 0.8261964952462446]]	[[-0.00026569520713431316, -0.0002656952071343131, 0.016734843808375456], [-0.011769185880014235, -0.0123098354809749, 0.0], [0.011833321538999993, -0.011833321538999991, 0.0003757497653868743]]	0.3849634612958366	[[-0.6949968421676757, 0.6949968421676755, 0.0], [-0.7071067811865475, -0.7071067811865476, 0.0], [0.0, 0.0, 0.9828739600000002]]
5	[[-0.30792515101507295, 0.09349718223056193, 0.9468053539599837], [0.3027085282091916, -0.9338174967034747, 0.1906631317268273], [0.9019698710720718, 0.34531602882779927, 0.2592434992682147]]	0.7854046545852049	0.21459534541479522	[[-0.24184584687109048, 0.07343312211448445, 0.7436253319863637], [0.23774868703813584, -0.7334246084440134, 0.14974771111604224], [0.7084113350356223, 0.2712128163442323, 0.20361105099621202]]	0.8597010870167164	0.24934577970470487	[[-0.2645075915477535, 0.08251853632414775, 0.756287035443266], [0.243089555897276, -0.8497018810173329, 0.1197622013498438], [0.6917972798074117, 0.2723908759069929, 0.18198905522360573]]	[[0.00021599549969132553, 0.002138907127533644, -0.057682556549378816], [-0.017149294853396335, -0.046897964026126865, -0.04415110024972102], [-0.083627198809576, -0.02447768944056189, -0.040882862899295776]]	0.4675520451143643	[[0.0, 0.0, 0.9914000000000001], [0.0, -1.0, 0.0], [0.9914000000000001, 0.0, 0.0]]
5	[[0.8489524140446696, -0.5135124485683378, 0.12483895166604869], [0.522794976890395, 0.7815435453534784, -0.34040431673891397], [0.0772347773085365, 0.35425224329800037, 0.9319550081910795]]	0.8685182931971303	0.13148170680286977	[[0.7373307016516599, -0.44599495536605194, 0.10842491322551562], [0.454057001020879, 0.678784866069637, -0.2956473761710169], [0.06707981696347057, 0.3076745537104338, 0.8094199730506338]]	0.9172977537276229	0.13960430018091394	[[0.7730970446630565, -0.48165999652054403, 0.05723870068640294], [0.502190061427024, 0.6719293544977434, -0.28984254036101975], [0.024803142762792267, 0.29506317531193804, 0.8559530406367841]]	[[-0.005645097761761782, -0.010616180937636352, -0.057275789254574806], [0.02263140346538029, -0.044978784095324895, 0.02240957474277219], [-0.046044144971981435, -0.02989161171828911, 0.0010728050478987074]]	0.4296524094260365	[[0.7010256628683433, -0.7010256628683432, 0.0], [0.7071067811865475, 0.7071067811865476, 0.0], [0.0, 0.0, 0.9914000000000001]]
5	[[-0.8305561570912853, 0.32773595720904825, 0.4502950280316503], [-0.5100865793185324, -0.772219296347621, -0.37879947194723407], [0.22358030216652452, -0.5443036842615101, 0.808545204538665]]	0.8005211093008197	0.1994788906991806	[[-0.6648777362113416, 0.2623595520227532, 0.36047067535254035], [-0.4083350743155321, -0.6181778477356957, -0.30323697348576445], [0.17898075150815868, -0.43572658912154716, 0.6472575040571502]]	0.843121130209022	0.21617140201068938	[[-0.6997985312486155, 0.3370738603898642, 0.40402052455862697], [-0.4963712284119985, -0.6379022421043467, -0.3731643723320201], [0.0700928353682146, -0.5003815102133102, 0.6912902060328189]]	[[0.00046091462025092607, 0.06075274973763585, 0.024367271597078806], [-0.06630645515250347, 0.013172163801475276, -0.05379053342128738], [-0.11841244168690024, -0.041467572761811226, 0.009588659357094912]]	0.3791629176811247	[[-0.6772196874821784, 0.4788666333716828, 0.47886663337168267], [-0.7071067811865475, -0.5000000000000001, -0.5], [0.0, -0.6772196874821783, 0.6772196874821784]]
5	[[0.8787972042104137, -0.3840163418041313, 0.28327887866788265], [-0.395223040501579, -0.9183905790867732, -0.018907472103605397], [0.2674214316928388, -0.09534250611366366, -0.9588511794847616]]	0.7843764278749185	0.21562357212508157	[[0.6893078118650295, -0.3012133664299183, 0.2221972749419262], [-0.3100036367224928, -0.720363921818061, -0.01483057542877067], [0.2097590673284254, -0.07478441437007805, -0.7521002630279097]]	0.8579178617890226	0.23575419999722316	[[0.7010761069160162, -0.318254451583307, 0.15386133856756493], [-0.35932471521091475, -0.8406977407626808, -0.02526495955649591], [0.13939846969543612, -0.05974872503044999, -0.8226155536774491]]	[[-0.052859711466352904, 0.01120002726933568, -0.08916867130917693], [-0.020255809374043712, -0.05279405886537403, -0.009043901517535178], [-0.09002715317904325, 0.022047313952191137, 0.0]]	0.4714013698227884	[[0.6949968421676757, -0.6949968421676755, 0.0], [-0.7071067811865475, -0.7071067811865476, 0.0], [0.0, 0.0, -0.9828739600000002]]
5	[[0.8592155572171323, 0.2624339665249735, -0.4391776855101157], [-0.4266000482917053, 0.8413623931712975, -0.33184593135155627], [0.2824199444684594, 0.4724804086637203, 0.8348660002631537]]	0.8432515097875825	0.15674849021241774	[[0.7245348158563255, 0.22129783849172782, -0.3703372463714212], [-0.3597311347974361, 0.7094801083201902, -0.2798295826290663], [0.2381510445671536, 0.3984198179507361, 0.7040020151922246]]	0.8739553879477794	0.16473841865690877	[[0.7616790237565573, 0.14783376367750534, -0.3726962491593409], [-0.3591483334555207, 0.7589086493483951, -0.3792083254077115], [0.3044857607672082, 0.4035807348483768, 0.7442505291857942]]	[[0.010762958118090991, -0.08152181534750241, 0.01112545535866011], [0.013681077247798072, 0.023595452619701647, -0.08918978573446996], [0.0576633286350854, -0.009346064003050212, 0.014614890041398789]]	0.4223838644587858	[[0.817476477112772, -0.1402567896305936, -0.47886663337168267], [-0.14644660940672619, 0.8535533905932737, -0.5], [0.47886663337168267, 0.4788666333716828, 0.6772196874821784]]
5	[[0.5319609947059123, -0.8460851799387872, 0.03402011756955908], [-0.703274286200726, -0.4190807785627857, 0.5742617690636116], [-0.47161719485230363, -0.3294103357928521, -0.8179645788128509]]	0.8201836144912578	0.17981638550874227	[[0.43630569140626, -0.6939452010496807, 0.0279027429936185], [-0.5768140460348707, -0.3437231877254361, 0.47100009341473686], [-0.38681269553019026, -0.2701769598613604, -0.6708811447765433]]	0.8844708318480582	0.15952686271374186	[[0.5341912936345506, -0.7313022806056112, 0.0007395283611475133], [-0.5904284296182722, -0.393641357256909, 0.5784627284650827], [-0.3922782293536148, -0.3777302861798049, -0.7305627522444637]]	[[0.06368731013629197, 0.017035382309162215, -0.02935027332516915], [0.03159716331503312, -0.0229766324299499, 0.07054494388285254], [0.024853423291249885, -0.08637645246175277, -0.007096940799614767]]	0.29725877040776044	[[0.6772196874821784, -0.6772196874821783, 0.0], [-0.5, -0.5000000000000001, 0.7071067811865475], [-0.47886663337168267, -0.4788666333716828, -0.6772196874821784]]
5	[[0.04673222253661188, -0.9725397674033924, -0.22799671093185395], [-0.8377629715199755, -0.16246744520517667, 0.5213036857710898], [-0.5440306084466285, 0.16664552219444034, -0.8223502702654952]]	0.7230577309146776	0.27694226908532255	[[0.03379009478792242, -0.7032023974429853, -0.164854784462396], [-0.605750993231571, -0.11747334227755984, 0.3769326601511023], [-0.39336553729155055, 0.12049433314500359, -0.5946067204352408]]	0.8075392832819303	0.3251648647212465	[[-0.028642090149463575, -0.8970316425743552, -0.1516716945530106], [-0.6735483401243908, -0.1431297766460406, 0.28893216807989097], [-0.3259143110538145, 0.03915590456328552, -0.6307053223855154]]	[[-0.06638019564285069, -0.11166757584224465, 0.03244460598353615], [0.0029781694569903736, -0.011930932388406056, -0.1320410366999236], [0.11341177657460835, -0.09541690099175582, 0.03337482547138436]]	0.6132820581255799	[[1.9456606298520435e-16, -0.9744212439440002, 0.0], [-1.0, -1.7938038903913487e-16, 0.0], [0.0, 0.0, -0.9744212439440002]]
