5	[[0.8489524140446696, -0.5135124485683378, 0.12483895166604869], [0.522794976890395, 0.7815435453534784, -0.34040431673891397], [0.0772347773085365, 0.35425224329800037, 0.9319550081910795]]	0.7371978517515898	0.26280214824841036	[[0.6258458958730567, -0.37856027393227726, 0.09203100698313162], [0.38540333387012116, 0.5761522226849053, -0.2509453310268952], [0.056937311912365555, 0.2611539927374674, 0.687035229967599]]	0.8739050010412075	0.21139787048477499	[[0.7008438617796195, -0.44903912157443204, 0.05268987925770164], [0.5026018797418543, 0.6660637869515271, -0.3035914547672801], [0.027609728899831692, 0.26474480174519865, 0.7814841420299106]]	[[-0.041059898500023104, -0.000278024673645837, -0.05640750492799988], [0.045728734918115674, -0.016931025864353293, -0.006110419993127993], [-0.03988612924440232, -0.04483800530299044, -0.03295600037367348]]	0.44391159741280317	[[0.6709029139897964, -0.6709029139897963, 0.0], [0.7071067811865475, 0.7071067811865476, 0.0], [0.0, 0.0, 0.9488000000000001]]
5	[[0.8787972042104137, -0.3840163418041313, 0.28327887866788265], [-0.395223040501579, -0.9183905790867732, -0.018907472103605397], [0.2674214316928388, -0.09534250611366366, -0.9588511794847616]]	0.6529499557657282	0.3470500442342717	[[0.5738105956162354, -0.25074345339432424, 0.18496693129555908], [-0.2580608668131027, -0.5996630879903703, -0.012345633073690888], [0.17461281199464682, -0.06225388514951036, -0.6260818352304915]]	0.8212971673792349	0.28850510551076225	[[0.6506692231570674, -0.26535807317078325, 0.16409675391329812], [-0.3171261492812413, -0.8545793905176983, -0.033950258379492844], [0.15576042198703394, -0.05068843608358992, -0.7479246301945575]]	[[-0.07108443136173637, 0.05003346058028586, -0.06855938671499988], [0.007469414365714194, -0.10030780936595632, -0.01842160509849982], [-0.06387204235879411, 0.027616094118399413, 0.0395771274545156]]	0.4918624068391739	[[0.6365526847935189, -0.6365526847935188, 0.0], [-0.7071067811865475, -0.7071067811865476, 0.0], [0.0, 0.0, -0.9002214400000002]]
5	[[0.3802729664721569, 0.7767473726770865, -0.5020517802076895], [0.4287143634067757, 0.332951791095048, 0.839849450446521], [0.8195098935212374, -0.5346088512602871, -0.20639019011321075]]	0.6440028510122465	0.3559971489877536	[[0.24489687457095347, 0.5002275225203157, -0.3233227778095258], [0.27609327230386393, 0.2144219027148448, 0.5408654405086282], [0.5277667078604196, -0.344289624388007, -0.13291587085386727]]	0.8024222622064927	0.3091982574300167	[[0.3448740510973022, 0.5149030859548163, -0.40570886393983113], [0.40674658493901333, 0.3012493922327115, 0.7180349989804278], [0.5862470436482903, -0.4162180087907761, -0.06715452125537565]]	[[0.0397345570847402, -0.10837629799168122, -0.0028513387207801354], [0.0627366356137319, 0.03408146281651956, 0.044121103040250687], [-0.07134593901162327, 0.012764035033117871, 0.098457561992495]]	0.41303458471443266	[[0.40519932051783686, 0.40519932051783697, -0.5730383745406878], [0.5, 0.5000000000000001, 0.7071067811865475], [0.5730383745406878, -0.5730383745406877, 0.0]]
5	[[-0.8305561570912853, 0.32773595720904825, 0.4502950280316503], [-0.5100865793185324, -0.772219296347621, -0.37879947194723407], [0.22358030216652452, -0.5443036842615101, 0.808545204538665]]	0.6330340999606311	0.3669659000393689	[[-0.5257703693710422, 0.2074680366965658, 0.2850521077867629], [-0.3229021986409042, -0.4888411472356481, -0.23979298278967953], [0.1415339553509118, -0.34456279287174046, 0.5118366858326181]]	0.7602474005066777	0.39644642045063777	[[-0.5935069415444743, 0.2353452492164837, 0.1962910947334508], [-0.5700252766083351, -0.6230233978893287, -0.3028598292863691], [0.17496437161002334, -0.26322918786310245, 0.573123218025966]]	[[0.03792121785899122, -0.013815160304262981, -0.14604452978869298], [-0.1822332806480775, -0.035945685219954004, -0.014878515425182218], [0.004988028083425581, 0.15057627318291805, -0.041571171916694225]]	0.47319199131261613	[[-0.5436988097642046, 0.38445311530732373, 0.3844531153073236], [-0.7071067811865475, -0.5000000000000001, -0.5], [0.0, -0.5436988097642045, 0.5436988097642046]]
5	[[-0.5446221603179724, 0.8109226453022452, -0.2139887049042392], [-0.8354447797583356, -0.5021691245819775, 0.22328947644507607], [0.07361197229480154, 0.30038414347728, 0.9509735242804028]]	0.6875050706863589	0.31249492931364126	[[-0.3744304968267652, 0.5575134305796892, -0.14711831969127137], [-0.5743725223623042, -0.3452438194922394, 0.15351264728689207], [0.05060860421589983, 0.20651562179440872, 0.6537991200312541]]	0.8028912580901593	0.29240292051768013	[[-0.4782352459676845, 0.6163198305966523, -0.11023230353658416], [-0.7349920766820802, -0.4061446628924448, 0.09677729566242034], [0.07468971411064304, 0.11397077831387417, 0.7412701683260006]]	[[-0.04096287448620733, -0.03476287230386735, 0.06157735696106431], [-0.06422076639705408, -0.0029574626827869738, -0.08249987299885982], [0.015587305064371896, -0.1272050245529341, -0.022258160993924764]]	0.4128839681305445	[[-0.6365526847935189, 0.6365526847935188, 0.0], [-0.7071067811865475, -0.7071067811865476, 0.0], [0.0, 0.0, 0.9002214400000002]]
5	[[-0.42203838922340475, -0.825029846081567, 0.3757783270710803], [0.2588054115689476, 0.28760896992378115, 0.9221175843470338], [-0.8688517462515349, 0.4864224845687207, 0.09214016247897017]]	0.6379735619549595	0.3620264380450406	[[-0.2692493344545892, -0.5263472296238092, 0.23973663782701288], [0.16511101027186081, 0.18348691899247158, 0.5882866398271798], [-0.5543044433668785, 0.31032468509528804, 0.05878298765581731]]	0.8029494646300113	0.325977553867656	[[-0.2567159315382912, -0.5536827094973827, 0.30558702238722224], [0.26663748534481824, 0.23667864232486877, 0.8268454854583892], [-0.6457958520915925, 0.3387725463883262, 0.02427860567036822]]	[[0.08215956714195394, 0.10877456371759217, 0.0038560158459370756], [0.058829818682182046, 0.005743173901779627, 0.08643166478101894], [0.05184819240392786, -0.051800127180128004, -0.049705288463043146]]	0.5315173134835319	[[-0.40519932051783686, -0.40519932051783697, 0.5730383745406878], [0.5, 0.5000000000000001, 0.7071067811865475], [-0.5730383745406878, 0.5730383745406877, 0.0]]
5	[[0.5319609947059123, -0.8460851799387872, 0.03402011756955908], [-0.703274286200726, -0.4190807785627857, 0.5742617690636116], [-0.47161719485230363, -0.3294103357928521, -0.8179645788128509]]	0.6616128031487211	0.3383871968512791	[[0.3519522048731606, -0.559780787601891, 0.022508145348645044], [-0.46529527187567804, -0.2772692086506732, 0.37993893877131957], [-0.3120279742993692, -0.2179420956500703, -0.5411758378647332]]	0.772537092633178	0.3058686880181022	[[0.4347122504196735, -0.5966633703316573, 0.02365128518815251], [-0.6011956347670927, -0.37621477864277814, 0.5658200620383296], [-0.3069419828153499, -0.3185117958825737, -0.5891130125152787]]	[[0.02375265017531454, 0.05696881469827244, -0.0026305175300735534], [-0.057890162381910304, -0.05245933239343492, 0.12218154455554159], [0.05739979373166377, -0.0640300927858449, 0.04279496507772313]]	0.39491441580756675	[[0.5436988097642046, -0.5436988097642045, 0.0], [-0.5, -0.5000000000000001, 0.7071067811865475], [-0.3844531153073236, -0.38445311530732373, -0.5436988097642046]]
5	[[-0.30792515101507295, 0.09349718223056193, 0.9468053539599837], [0.3027085282091916, -0.9338174967034747, 0.1906631317268273], [0.9019698710720718, 0.34531602882779927, 0.2592434992682147]]	0.6790524838200355	0.32094751617996475	[[-0.2090973386274448, 0.06348949382383756, 0.6429305273006346], [0.20555497795395883, -0.6341110905711022, 0.12947027317200865], [0.6124848812823275, 0.2344877070783881, 0.17603994209227875]]	0.8241762942363146	0.28632405538180744	[[-0.22769095858907668, 0.07188765973716539, 0.7236583754974504], [0.24852713407105373, -0.8477541123126549, 0.11902695279926594], [0.6623702896166344, 0.2496270315129145, 0.1558032988519113]]	[[0.02609365127668369, -0.005170501435156551, -0.05667615249239108], [-0.0009580589421266956, -0.07812386838655346, -0.03811308055484088], [-0.08101189623635213, -0.03497425346678148, -0.05785904767982064]]	0.4755749239094726	[[0.0, 0.0, 0.9488000000000001], [0.0, -1.0, 0.0], [0.9488000000000001, 0.0, 0.0]]
5	[[0.04673222253661188, -0.9725397674033924, -0.22799671093185395], [-0.8377629715199755, -0.16246744520517667, 0.5213036857710898], [-0.5440306084466285, 0.16664552219444034, -0.8223502702654952]]	0.606240635403827	0.3937593645961729	[[0.028330972284428643, -0.5895931265461226, -0.13822087090530982], [-0.5078859561720682, -0.09849436721362276, 0.31603547770022244], [-0.3298134617438147, 0.10102728726236009, -0.4985421503702627]]	0.7491130823360992	0.4096967446426977	[[-0.008299392502208564, -0.7882648744902243, -0.12119948124277316], [-0.6863228035265959, -0.1430201054883075, 0.2697778757575692], [-0.26515753919880963, 0.021224063538713325, -0.5735135568467892]]	[[-0.043307111771026516, -0.059722611636236295, 0.04959583764588053], [-0.05874360166421745, -0.021313616831386224, -0.12073753512358104], [0.1423829067798277, -0.10361227724987271, 0.04251978887172003]]	0.6526397378271735	[[1.705471143091823e-16, -0.8541301022720003, 0.0], [-1.0, -1.7938038903913487e-16, 0.0], [0.0, 0.0, -0.8541301022720003]]
5	[[0.034229894132735264, 0.2773841392786001, 0.9601491309293217], [-0.1827544195208179, -0.9427759796974285, 0.2788803941677556], [0.9825625356654255, -0.18501754344446375, 0.018422055382213542]]	0.8248906466621903	0.1751093533378099	[[0.028235919506330306, 0.22881158202335955, 0.7920180375044283], [-0.15075241129890068, -0.7776870875501918, 0.23004582868644644], [0.8105066454310941, -0.15261924105575364, 0.015196181177080815]]	0.8975766390903845	0.15629058961104364	[[0.009127354895375637, 0.22512494945249378, 0.824780827349217], [-0.16637908214878996, -0.82543803648299, 0.2550507776484531], [0.8561945648332303, -0.15306615256001785, 0.0]]	[[-0.02159659843670455, -0.023848574018171254, -0.037026602615877195], [-0.002342984496380072, 0.020775658788972716, 0.004734250743157317], [-0.025730613625468367, 0.013001272257623143, -0.016535206555104157]]	0.36060293178842795	[[0.0, 0.0, 0.9488000000000001], [0.0, -1.0, 0.0], [0.9488000000000001, 0.0, 0.0]]
5	[[0.08740825448676931, -0.06334395238859675, -0.994156597696443], [0.7119981850616444, -0.6940087028176986, 0.10681996481098455], [-0.6967197295301035, -0.717174639895393, -0.015561310176609944]]	0.7346157098587586	0.26538429014124154	[[0.06421147691731308, -0.0465334625492084, -0.7303230547275407], [0.5230450521372075, -0.5098296958685797, 0.07847162427670902], [-0.5118212586813592, -0.5268477571794536, -0.011431582921722637]]	0.8891552443952075	0.1795995931206049	[[0.05014020560865947, -0.050140205608659484, -0.819347227993412], [0.681478957876355, -0.6690159674660859, 0.08749886191976022], [-0.589489718970086, -0.6001347342438241, 0.0]]	[[-0.027579302271682385, 0.006182401858381644, 0.06461232459847693], [0.04840203762892446, -0.05193448969981432, -0.0074806699980381995], [0.030002282415216134, 0.03754485796640883, 0.013836420553193243]]	0.2002554825097491	[[0.0, 0.0, -0.8541301022720003], [0.7071067811865475, -0.7071067811865476, 0.0], [-0.6039611873320908, -0.6039611873320907, 0.0]]
5	[[0.8592155572171323, 0.2624339665249735, -0.4391776855101157], [-0.4266000482917053, 0.8413623931712975, -0.33184593135155627], [0.2824199444684594, 0.4724804086637203, 0.8348660002631537]]	0.6546043462140974	0.34539565378590265	[[0.5624462380891022, 0.1717904150814526, -0.2874876216951697], [-0.2792542457068941, 0.5507594793110255, -0.21722778893619366], [0.18487332310659757, 0.3092877290122842, 0.5465069122786402]]	0.7720156830930995	0.4067754339470239	[[0.510407979533976, 0.20787201728932683, -0.2935214428359719], [-0.3558494898682375, 0.7488584808471813, -0.25045977174547995], [0.24513677784391852, 0.33073614489068276, 0.5079006565444092]]	[[-0.15291990579522652, 0.00526887935571776, 0.0455306180423665], [-0.026507562178767444, 0.0993135181541969, 0.005730491628557623], [0.02710415149598557, -0.034026140551946096, -0.13662898893995326]]	0.4917065104087693	[[0.656302520189426, -0.11260371042522142, -0.3844531153073236], [-0.14644660940672619, 0.8535533905932737, -0.5], [0.3844531153073236, 0.38445311530732373, 0.5436988097642046]]
5	[[0.22433838825039393, -0.7661379269479729, -0.6022499185961573], [-0.9416906372873723, -0.011392912655017143, -0.3362869982418849], [0.2507808429735371, 0.642575192824231, -0.724020780340167]]	0.6131781711644099	0.3868218288355902	[[0.1375594026293479, -0.46977905290565014, -0.36928650366870647], [-0.5774241427745186, -0.006985885346039295, -0.20620384656832816], [0.15377333865758255, 0.39401308157158, -0.4439537379740125]]	0.7407612703777269	0.4345727093943684	[[0.20620155731625253, -0.4847684941548733, -0.3642610734496833], [-0.8142825113901261, 0.046194906573758604, -0.20485204542528287], [0.16601181922602745, 0.3642610734496832, -0.40416815655169075]]	[[0.04002036784139894, 0.08275680989566524, 0.0818623413344889], [-0.11671455861032065, 0.05463433502539161, 0.0442563386038882], [-0.019756916601447187, -0.11173374270000695, 0.13215839647296462]]	0.676254214044507	[[0.5436988097642046, -0.38445311530732373, -0.3844531153073236], [-0.7071067811865475, -0.5000000000000001, -0.5], [0.0, 0.5436988097642045, -0.5436988097642046]]
5	[[-0.3195682178843842, -0.5708200961323295, -0.7563336379995778], [0.910087742671785, 0.03735879733279218, -0.41272826520656647], [0.2638493031197415, -0.8202248094963509, 0.507557688474819]]	0.6374027684178294	0.3625972315821706	[[-0.2036936667778587, -0.3638423095432784, -0.4820891547084592], [0.5800924466821289, 0.023812600844682345, -0.26307413884695363], [0.16817827625363826, -0.5228135642979608, 0.3235186757656038]]	0.7358745337635398	0.32364532955424347	[[-0.2592649987253225, -0.3866077069349328, -0.5531580718673679], [0.753836141186762, 0.07806360996674543, -0.3416071265654894], [0.21717146193312645, -0.5757505941160346, 0.3009362158273126]]	[[-0.02410288538400596, 0.03344426516930428, 0.0034085913652533253], [0.08412574786424978, 0.0505722223975104, -0.037890906835572793], [0.02301147901605184, 0.027831955153380918, -0.07256256153719484]]	0.5516110803283545	[[1.5353016883125674e-16, -0.5436988097642046, -0.5436988097642045], [1.0, 1.2684108950145333e-16, 1.268410895014533e-16], [0.0, -0.5436988097642045, 0.5436988097642046]]
