5	[[0.034229894132735264, 0.2773841392786001, 0.9601491309293217], [-0.1827544195208179, -0.9427759796974285, 0.2788803941677556], [0.9825625356654255, -0.18501754344446375, 0.018422055382213542]]	0.8660851333063276	0.1339148666936726	[[0.029646002423011505, 0.2402382792441673, 0.8315708880548762], [-0.15828088579300809, -0.8165242600542512, 0.24153416335930183], [0.8509828046835931, -0.16024094377810766, 0.01595506829148096]]	0.9242319425406968	0.12468500337151414	[[0.009553747428171949, 0.23954544133595207, 0.8702943989517146], [-0.16439008075304554, -0.8271635397620357, 0.25287404562600635], [0.9039541420945979, -0.1622409246906442, 0.0]]	[[-0.022082614119088368, -0.01682184053948771, -0.017106097455854254], [0.004517391408577466, 0.04418013533442735, -0.004876122812173633], [-0.00416153891117106, 0.008758198891140292, -0.01702625203149552]]	0.34607086113963537	[[0.0, 0.0, 0.9818], [0.0, -1.0, 0.0], [0.9818, 0.0, 0.0]]
5	[[0.8489524140446696, -0.5135124485683378, 0.12483895166604869], [0.522794976890395, 0.7815435453534784, -0.34040431673891397], [0.0772347773085365, 0.35425224329800037, 0.9319550081910795]]	0.8417776176952069	0.15822238230479327	[[0.7146291406311168, -0.4322632856126879, 0.10508663532901355], [0.4400771101898176, 0.657885863732717, -0.28654473479764764], [0.06501450684599967, 0.2982016094265736, 0.7844988665942036]]	0.9039999990544483	0.15613845338089669	[[0.7586864652582009, -0.4715061039104159, 0.055310692079693975], [0.5011380246263505, 0.6739339278846247, -0.2860551089043122], [0.019102618196858167, 0.284190803374804, 0.8424873265235242]]	[[-0.008766516235451887, -0.00729085089019121, -0.057543720108372345], [0.028531366011763218, -0.032581436375929924, 0.021670393105796135], [-0.05071762041702935, -0.036053224231624485, 0.0]]	0.43270467374647853	[[0.6942374377689524, -0.6942374377689523, 0.0], [0.7071067811865475, 0.7071067811865476, 0.0], [0.0, 0.0, 0.9818]]
5	[[0.3802729664721569, 0.7767473726770865, -0.5020517802076895], [0.4287143634067757, 0.332951791095048, 0.839849450446521], [0.8195098935212374, -0.5346088512602871, -0.20639019011321075]]	0.7829212950082417	0.21707870499175855	[[0.29772380336700677, 0.608132058910594, -0.3930670299213973], [0.33564960458706683, 0.26067504745944853, 0.6575360193555502], [0.6416117471077134, -0.4185566541515725, -0.16158727492043215]]	0.8612393085861476	0.22803173171418575	[[0.3429669507903856, 0.6143012600121114, -0.432386728060515], [0.40597102291657766, 0.3013613765445876, 0.7188569464236156], [0.6676638928168448, -0.44291771485776094, -0.08433685210179884]]	[[0.015460924071901923, -0.05466411017840934, -4.117625932672957e-18], [0.03674536099517567, 0.014610206189369049, -0.00445441359540228], [-0.0381302412588931, 0.017508442565683333, 0.09341449253026633]]	0.3752282934084124	[[0.4645817177239687, 0.46458171772396883, -0.6570177660358257], [0.5, 0.5000000000000001, 0.7071067811865475], [0.6570177660358257, -0.6570177660358256, 0.0]]
5	[[0.8592155572171323, 0.2624339665249735, -0.4391776855101157], [-0.4266000482917053, 0.8413623931712975, -0.33184593135155627], [0.2824199444684594, 0.4724804086637203, 0.8348660002631537]]	0.8031839956001817	0.19681600439981856	[[0.6901081843274925, 0.2107827618147326, -0.3527404882264547], [-0.34263833131016236, 0.6757688086950537, -0.2665333410666066], [0.2268351794353587, 0.3794887024733335, 0.6705510098821021]]	0.845018247568564	0.19341111679439166	[[0.7407120815574922, 0.16222867069202965, -0.34061124532693726], [-0.3544578656877724, 0.7521734427180843, -0.3881391410715261], [0.2624763864291504, 0.39360334271051817, 0.7146129564077663]]	[[0.014659257114224073, -0.05953281980337065, 0.030501912854038596], [0.006026959532349146, 0.04120686767038135, -0.10772327369807594], [0.023826379876001606, -0.005651224228977829, 0.009135951910819843]]	0.4348823737298528	[[0.7786563518083794, -0.13359630911440576, -0.45612633046139245], [-0.14644660940672619, 0.8535533905932737, -0.5], [0.45612633046139245, 0.45612633046139256, 0.6450600426939735]]
5	[[-0.42203838922340475, -0.825029846081567, 0.3757783270710803], [0.2588054115689476, 0.28760896992378115, 0.9221175843470338], [-0.8688517462515349, 0.4864224845687207, 0.09214016247897017]]	0.769059488586754	0.230940511413246	[[-0.324572627780129, -0.6344970314962984, 0.288995888039271], [0.19903675746469926, 0.22118840732254635, 0.709163277834783], [-0.6681986796299136, 0.3740878272195186, 0.07086126623437722]]	0.8577250794500244	0.23261700825939055	[[-0.28484296093998185, -0.6443204745079557, 0.33832405292347073], [0.25746948592028074, 0.23300087625250293, 0.8305574108263021], [-0.7489882397605638, 0.3800934410882851, 0.022735337419547155]]	[[0.07714994998762319, 0.0633283157709979, 0.01600955748083106], [0.035485593720208895, -0.013688550325912038, 0.03963403252997777], [-0.0037523066766737435, -0.037123323134699134, -0.05629559076326569]]	0.49210199922099734	[[-0.4645817177239687, -0.46458171772396883, 0.6570177660358257], [0.5, 0.5000000000000001, 0.7071067811865475], [-0.6570177660358257, 0.6570177660358256, 0.0]]
5	[[-0.8305561570912853, 0.32773595720904825, 0.4502950280316503], [-0.5100865793185324, -0.772219296347621, -0.37879947194723407], [0.22358030216652452, -0.5443036842615101, 0.808545204538665]]	0.7696340358953302	0.23036596410466975	[[-0.6392242872198818, 0.252236747454819, 0.34656237976759985], [-0.39257999269696553, -0.5943262536442717, -0.2915369663897696], [0.1720750103031197, -0.4189146412708836, 0.622283908972908]]	0.8178348252382751	0.23679484598858852	[[-0.6824913838190461, 0.33259077318234787, 0.37345010292086034], [-0.49745002136308053, -0.6301544715444389, -0.3674719733194257], [0.0596987353482189, -0.4830666965851312, 0.6726538940549656]]	[[-0.00323363423372124, 0.06455689389398708, 0.005183147364931473], [-0.080283452909719, 0.0013933617296413847, -0.057676573379108614], [-0.12315302200086142, -0.03791618809056975, 0.011397468003841175]]	0.39938535459472163	[[-0.6450600426939735, 0.45612633046139256, 0.45612633046139245], [-0.7071067811865475, -0.5000000000000001, -0.5], [0.0, -0.6450600426939735, 0.6450600426939735]]
5	[[-0.30792515101507295, 0.09349718223056193, 0.9468053539599837], [0.3027085282091916, -0.9338174967034747, 0.1906631317268273], [0.9019698710720718, 0.34531602882779927, 0.2592434992682147]]	0.7653893750149459	0.23461062498505433	[[-0.23568263888680951, 0.07156174987310827, 0.7246747581282363], [0.2316898912177272, -0.7147339901798937, 0.1459315352307886], [0.6903581559021643, 0.26430121948715235, 0.19842221988158643]]	0.8518712867744975	0.2592447414845049	[[-0.2588850210203597, 0.0798211625989047, 0.7459845437073918], [0.24341877304263157, -0.849765666310795, 0.11927899288393276], [0.6824698139915157, 0.266222292602288, 0.17906385842145503]]	[[0.003427573605081939, 0.00017359766236623407, -0.06057175149548314], [-0.014449930400546766, -0.05427335378146577, -0.04314145448065511], [-0.08589242071047774, -0.02794251721910881, -0.04177823488808256]]	0.4691212231354974	[[0.0, 0.0, 0.9818], [0.0, -1.0, 0.0], [0.9818, 0.0, 0.0]]
5	[[0.8787972042104137, -0.3840163418041313, 0.28327887866788265], [-0.395223040501579, -0.9183905790867732, -0.018907472103605397], [0.2674214316928388, -0.09534250611366366, -0.9588511794847616]]	0.7583816250963908	0.24161837490360918	[[0.6664636518592585, -0.2912309373609881, 0.21483349635963214], [-0.29972989173112424, -0.6964905398410427, -0.014339079420396937], [0.20280749995281852, -0.07230600472724283, -0.7271751157232449]]	0.8497222707879698	0.24546765665755801	[[0.6943675254592334, -0.31502995886884483, 0.14721225839586466], [-0.3597630450499201, -0.8405033361100592, -0.02529596406643795], [0.134058128310917, -0.056140449261857545, -0.8147572015795149]]	[[-0.05236603046455865, 0.011277279108650845, -0.09349611365207836], [-0.02393322560719258, -0.060126407778167704, -0.009229863935702177], [-0.09317581788449197, 0.024874201535660632, 0.0]]	0.47528625435845806	[[0.6816023164015574, -0.6816023164015573, 0.0], [-0.7071067811865475, -0.7071067811865476, 0.0], [0.0, 0.0, -0.96393124]]
5	[[-0.3195682178843842, -0.5708200961323295, -0.7563336379995778], [0.910087742671785, 0.03735879733279218, -0.41272826520656647], [0.2638493031197415, -0.8202248094963509, 0.507557688474819]]	0.7848041980765867	0.2151958019234132	[[-0.2507984789675181, -0.4479820077911331, -0.5935738142486062], [0.7142406810668613, 0.02931934098186767, -0.32391087519898015], [0.20707004074795493, -0.6437158738593048, 0.39833340468108636]]	0.8217764708588103	0.19347936404368113	[[-0.29355092997002685, -0.49204206478736673, -0.6197829278829909], [0.7853170416493136, 0.007380092755018233, -0.3096831414264061], [0.18516193702633546, -0.6612780532662844, 0.4358276949177974]]	[[-0.030937287678358315, -0.022955540692453962, 0.001754259944107061], [0.03742834830463302, -0.023320487872653305, 0.02948723577872514], [-0.031663212129962204, 0.012763395992467, 0.018728728925705134]]	0.4902045551955253	[[1.8215264680100036e-16, -0.6450600426939735, -0.6450600426939735], [1.0, 1.2684108950145333e-16, 1.268410895014533e-16], [0.0, -0.6450600426939735, 0.6450600426939735]]
5	[[0.22433838825039393, -0.7661379269479729, -0.6022499185961573], [-0.9416906372873723, -0.011392912655017143, -0.3362869982418849], [0.2507808429735371, 0.642575192824231, -0.724020780340167]]	0.7083511318744765	0.2916488681255237	[[0.1589103512400623, -0.5426946677255615, -0.4266044115088994], [-0.6670476287981071, -0.008070182574528477, -0.23820927583930923], [0.17764089397274033, 0.45516886515150407, -0.5128609392545991]]	0.7706494050384428	0.3753238113361266	[[0.2231841397123451, -0.5771000002885907, -0.35738512080192897], [-0.8376128316579033, -0.014188107781833548, -0.15651026167444995], [0.1454236124202877, 0.3573851208019289, -0.524122285443728]]	[[0.05029789427989577, 0.013323737291250616, 0.10673842064865018], [-0.11189950230211759, -0.0054081664225896255, 0.10264911344282251], [-0.04784049501230786, -0.13781506924052733, 0.0338438981608909]]	0.6208103298768687	[[0.6450600426939735, -0.45612633046139256, -0.45612633046139245], [-0.7071067811865475, -0.5000000000000001, -0.5], [0.0, 0.6450600426939735, -0.6450600426939735]]
5	[[-0.5446221603179724, 0.8109226453022452, -0.2139887049042392], [-0.8354447797583356, -0.5021691245819775, 0.22328947644507607], [0.07361197229480154, 0.30038414347728, 0.9509735242804028]]	0.8126799839108649	0.18732001608913512	[[-0.4426035284847103, 0.6590206023371847, -0.17390433725868396], [-0.6789492501724202, -0.4081027960858146, 0.18146288812484984], [0.05982297646018635, 0.2441161808881948, 0.7728371484118562]]	0.8639336129452737	0.16157743574171096	[[-0.4858695701999905, 0.6852311512286827, -0.13748538365019528], [-0.7614827255150046, -0.44607154430060975, 0.20835304312892158], [0.05363241521355462, 0.22208874900571451, 0.8374528039969868]]	[[-0.015352179546424642, -0.015352179546424642, 0.04738665130720412], [-0.03971389852211722, -0.012230758190936783, 0.015445759011068478], [-0.00996344196712065, -0.03742320934008346, 0.015874811350118548]]	0.39055843460867334	[[-0.6816023164015574, 0.6816023164015573, 0.0], [-0.7071067811865475, -0.7071067811865476, 0.0], [0.0, 0.0, 0.96393124]]
5	[[0.08740825448676931, -0.06334395238859675, -0.994156597696443], [0.7119981850616444, -0.6940087028176986, 0.10681996481098455], [-0.6967197295301035, -0.717174639895393, -0.015561310176609944]]	0.8846503923513335	0.11534960764866643	[[0.07732574662646567, -0.0560372523336563, -0.8794810242108254], [0.629869473768221, -0.613955071242917, 0.09449832378099313], [-0.6163533820877212, -0.6344488265678858, -0.013766319153238787]]	0.9402875404064923	0.09474288368902707	[[0.07066084547295028, -0.05977155934675024, -0.9023142672620795], [0.6766529651678977, -0.659021008204278, 0.10754784592704197], [-0.6473395529572068, -0.6682733258752903, 0.0]]	[[-0.011528047149638785, -0.0002100301556506529, 0.03247879476479546], [0.007169942962397628, -0.006453272011123942, 0.007106363948613228], [0.007777327875330746, 0.006077052313860418, 0.014632106071467085]]	0.1372350674617176	[[0.0, 0.0, -0.946387691432], [0.7071067811865475, -0.7071067811865476, 0.0], [-0.6691971542430492, -0.669197154243049, 0.0]]
5	[[0.04673222253661188, -0.9725397674033924, -0.22799671093185395], [-0.8377629715199755, -0.16246744520517667, 0.5213036857710898], [-0.5440306084466285, 0.16664552219444034, -0.8223502702654952]]	0.6960650563845883	0.30393494361541173	[[0.032528667114923845, -0.6769509480338965, -0.1587005434502816], [-0.583137530007972, -0.11308791140740128, 0.36286127942974733], [-0.3786806961433444, 0.11599612480251226, -0.5724092872402334]]	0.7956672095488803	0.34684054160764355	[[-0.037898395492560924, -0.8594814880502826, -0.1631176381613772], [-0.6931738647461928, -0.15620686322988941, 0.27455318408773055], [-0.3023778596942286, 0.05296480388295377, -0.6189517076344353]]	[[-0.07508169259428407, -0.08566348514510803, 0.018291868612093726], [-0.026593338933515752, -0.026936844460951046, -0.14023106489729878], [0.1304894564376799, -0.0796295737453126, 0.03536543717947893]]	0.6216572106459026	[[-1.8896850650986305e-16, -0.946387691432, 0.0], [-1.0, 1.7938038903913487e-16, 0.0], [0.0, 0.0, -0.946387691432]]
5	[[0.5319609947059123, -0.8460851799387872, 0.03402011756955908], [-0.703274286200726, -0.4190807785627857, 0.5742617690636116], [-0.47161719485230363, -0.3294103357928521, -0.8179645788128509]]	0.7966577471419153	0.20334225285808483	[[0.4237908476097844, -0.6740403133401963, 0.02710239022046803], [-0.560268908467509, -0.33386394892030863, 0.45749008721194756], [-0.3757174919644259, -0.2624272959979953, -0.6516378185989313]]	0.8561975206489424	0.18871212619801903	[[0.5126780910458913, -0.704274848711247, 0.006436036087122961], [-0.597680264258014, -0.38966408929833535, 0.5660292221847458], [-0.3682770974106726, -0.36434649496676913, -0.6989098295298002]]	[[0.05721440629674403, 0.020141184610156935, -0.022691904228119057], [0.004461435923202203, -0.03084816574124967, 0.0743477193090061], [0.03552037551727885, -0.0823061821847936, 0.0014294148284191483]]	0.31683302396602453	[[0.6450600426939735, -0.6450600426939735, 0.0], [-0.5, -0.5000000000000001, 0.7071067811865475], [-0.45612633046139245, -0.45612633046139256, -0.6450600426939735]]
