5	[[0.034229894132735264, 0.2773841392786001, 0.9601491309293217], [-0.1827544195208179, -0.9427759796974285, 0.2788803941677556], [0.9825625356654255, -0.18501754344446375, 0.018422055382213542]]	0.7956091232570588	0.2043908767429413	[[0.02723361606012744, 0.22068935185686095, 0.7639034082547046], [-0.14540108348631064, -0.7500811706348859, 0.221879785897391], [0.7817357175460017, -0.14720164552702458, 0.014656755331235895]]	0.8849965360545385	0.17657743874707033	[[0.00917243194711912, 0.21867672566546417, 0.8046249788924813], [-0.16727933126793368, -0.8246389266714884, 0.25607975027406205], [0.8350273250247904, -0.14907831501732333, 0.0]]	[[-0.02112090578986516, -0.026807276752566542, -0.04510367607574416], [-0.005542303043351885, 0.009714549636159614, 0.009271567462074012], [-0.03453711549607536, 0.014661570040347197, -0.01630345520026385]]	0.3673817815621594	[[0.0, 0.0, 0.9339999999999999], [0.0, -1.0, 0.0], [0.9339999999999999, 0.0, 0.0]]
5	[[0.04673222253661188, -0.9725397674033924, -0.22799671093185395], [-0.8377629715199755, -0.16246744520517667, 0.5213036857710898], [-0.5440306084466285, 0.16664552219444034, -0.8223502702654952]]	0.5678397383716821	0.4321602616283178	[[0.026536413018716884, -0.5522467270783991, -0.12946559268514798], [-0.47571510656538585, -0.09225547157922312, 0.2960169485404492], [-0.3089221983665206, 0.09462794972370335, -0.46696316231744095]]	0.7279964100561698	0.4369723262213856	[[-0.01015590348670917, -0.7507016698255699, -0.1196674247939909], [-0.6796464698783785, -0.14432700409887456, 0.2742384965146688], [-0.2576364737434692, 0.017755248465563447, -0.5414726724737694]]	[[-0.04417679372730876, -0.04269621051903797, 0.04631336226901303], [-0.0697580341338472, -0.026051287238508428, -0.10526871527573409], [0.13841585616635005, -0.10356209344392488, 0.057195372088232166]]	0.6673656950820621	[[1.62690043803572e-16, -0.8147805039999998, 0.0], [-1.0, -1.7938038903913487e-16, 0.0], [0.0, 0.0, -0.8147805039999998]]
5	[[0.8787972042104137, -0.3840163418041313, 0.28327887866788265], [-0.395223040501579, -0.9183905790867732, -0.018907472103605397], [0.2674214316928388, -0.09534250611366366, -0.9588511794847616]]	0.6165066825562092	0.38349331744379095	[[0.5417843490074336, -0.23674864093303635, 0.17464332172577923], [-0.24365764556940678, -0.5661939292036624, -0.01165658290211783], [0.16486709969738397, -0.0587792921507299, -0.5911381597292588]]	0.8081783095494544	0.3148142266015196	[[0.6244149801160972, -0.24096649481854218, 0.18011971256492917], [-0.32158361132862184, -0.8591043305499537, -0.018568624737316488], [0.16372973835454735, -0.055767349226995507, -0.717516952170407]]	[[-0.08580985881946152, 0.06938718314008609, -0.04882013272794522], [-0.0021729225610602164, -0.1168809848374608, -0.0032880158947712138], [-0.052394462248265945, 0.021286396192153702, 0.05740577317508805]]	0.5006709919727014	[[0.6168488432087719, -0.6168488432087718, 0.0], [-0.7071067811865475, -0.7071067811865476, 0.0], [0.0, 0.0, -0.8723559999999999]]
5	[[0.22433838825039393, -0.7661379269479729, -0.6022499185961573], [-0.9416906372873723, -0.011392912655017143, -0.3362869982418849], [0.2507808429735371, 0.642575192824231, -0.724020780340167]]	0.5614092057642346	0.4385907942357653	[[0.12594563637008216, -0.43011688507371865, -0.3381086484706436], [-0.5286737927551196, -0.00639608604499445, -0.18879461659181512], [0.14079067387465868, 0.36074762864725135, -0.40647193124757464]]	0.7192446130024356	0.46234641215170946	[[0.19410806482466358, -0.4644540499180009, -0.3396665988684321], [-0.8163402226881122, 0.04572024324305321, -0.20259772213815722], [0.154177877658883, 0.3396665988684321, -0.3906783652754895]]	[[0.03275388758591885, 0.08658652685618216, 0.0934984107630093], [-0.13903430470433933, 0.053914534296581516, 0.03927488977007804], [-0.026194892694043237, -0.12250214701939743, 0.13006968068599534]]	0.7018415048210924	[[0.5025964113614599, -0.35538933067371187, -0.3553893306737118], [-0.7071067811865475, -0.5000000000000001, -0.5], [0.0, 0.5025964113614598, -0.5025964113614599]]
5	[[-0.5446221603179724, 0.8109226453022452, -0.2139887049042392], [-0.8354447797583356, -0.5021691245819775, 0.22328947644507607], [0.07361197229480154, 0.30038414347728, 0.9509735242804028]]	0.6415621263006529	0.35843787369934704	[[-0.34940895120405346, 0.5202572565854586, -0.13728704852268667], [-0.5359897293085385, -0.32217269132935095, 0.14325407128866252], [0.04722665346663764, 0.19271508979628416, 0.6101085962929609]]	0.7852056190852936	0.3130621564939263	[[-0.4606266999166024, 0.6022305902009868, -0.0986394441071434], [-0.7337303468540894, -0.4012972453464029, 0.10004689158046698], [0.07213743299525918, 0.10263819491224307, 0.7225473203183689]]	[[-0.032986319356558914, -0.03451042753384666, 0.06938568940444999], [-0.07773441135236883, -0.006991226993491394, -0.07528126000682006], [0.014336898717430057, -0.13322512243024023, -0.024162434547948284]]	0.4241847354155205	[[-0.6168488432087719, 0.6168488432087718, 0.0], [-0.7071067811865475, -0.7071067811865476, 0.0], [0.0, 0.0, 0.8723559999999999]]
5	[[0.8592155572171323, 0.2624339665249735, -0.4391776855101157], [-0.4266000482917053, 0.8413623931712975, -0.33184593135155627], [0.2824199444684594, 0.4724804086637203, 0.8348660002631537]]	0.5955855499204992	0.4044144500795009	[[0.5117363701454138, 0.15630187827059425, -0.2615678833373543], [-0.2540768243579268, 0.5011032836193543, -0.1976426415128968], [0.16820523793476425, 0.2814025040206441, 0.49723412587665805]]	0.7581232004099471	0.3986279629943564	[[0.5426299897423742, 0.2581138553765649, -0.25723551482158297], [-0.3273008146475334, 0.7366311526758096, -0.30852782846909577], [0.19265650585446933, 0.2736443910919031, 0.5473073750158433]]	[[-0.10876125833709416, 0.05915657677837505, 0.07571527766597919], [-0.003885420741587764, 0.09877480246021347, -0.056947728949834325], [-0.02145260630555863, -0.08455396845523629, -0.08562390901711049]]	0.5210573033582239	[[0.6066875363544418, -0.10409112499298188, -0.3553893306737118], [-0.14644660940672619, 0.8535533905932737, -0.5], [0.3553893306737118, 0.35538933067371187, 0.5025964113614599]]
5	[[-0.3195682178843842, -0.5708200961323295, -0.7563336379995778], [0.910087742671785, 0.03735879733279218, -0.41272826520656647], [0.2638493031197415, -0.8202248094963509, 0.507557688474819]]	0.5775314344555559	0.422468565544444	[[-0.18456069128117408, -0.3296665489353626, -0.43680645088088543], [0.5256042795056549, 0.021575879813141876, -0.23836354704510151], [0.1523812665108431, -0.47370561080446266, 0.2931305198938084]]	0.7073184428446261	0.46795397129642924	[[-0.2389316841217454, -0.387711083855113, -0.412586714626194], [0.7879272729633272, 0.015240210395496473, -0.21838542887590676], [0.16619240127858675, -0.412586714626194, 0.32048742662039753]]	[[-0.012895189865130573, 0.0160404976856261, 0.12238201647467847], [0.14420542796473956, -0.01118435596048202, 0.07354488498796566], [-0.020433076949708442, 0.1675734204092951, -0.0385174872454293]]	0.5808203534945647	[[1.4192363585230882e-16, -0.5025964113614599, -0.5025964113614598], [1.0, 1.2684108950145333e-16, 1.268410895014533e-16], [0.0, -0.5025964113614598, 0.5025964113614599]]
5	[[-0.30792515101507295, 0.09349718223056193, 0.9468053539599837], [0.3027085282091916, -0.9338174967034747, 0.1906631317268273], [0.9019698710720718, 0.34531602882779927, 0.2592434992682147]]	0.6387410548412328	0.36125894515876733	[[-0.19668443577151357, 0.05972048880263209, 0.6047634505177267], [0.19335236461777616, -0.596467572873577, 0.12178436987852662], [0.576125186883586, 0.2205675245070541, 0.16558946618331183]]	0.8115862095019473	0.2971192906585134	[[-0.21095274103143236, 0.0698031071963525, 0.7170304683351165], [0.2520306922122959, -0.8454205257229424, 0.12115717105187966], [0.6569177972824789, 0.24384132661861502, 0.14114963383507986]]	[[0.03895506509120539, -0.006077916529262066, -0.05138370002141615], [0.006356625219084866, -0.08754712320677227, -0.03358239731806655], [-0.07510851146586403, -0.03641240029800374, -0.06924881507403137]]	0.47897765140042653	[[0.0, 0.0, 0.9339999999999999], [0.0, -1.0, 0.0], [0.9339999999999999, 0.0, 0.0]]
5	[[0.8489524140446696, -0.5135124485683378, 0.12483895166604869], [0.522794976890395, 0.7815435453534784, -0.34040431673891397], [0.0772347773085365, 0.35425224329800037, 0.9319550081910795]]	0.7057678443842319	0.29423215561576815	[[0.5991633152450964, -0.3624205738905444, 0.08810731781253449], [0.36897188389483837, 0.5515883032965346, -0.24024642084391062], [0.05450982229254199, 0.25001984212070816, 0.6577438771941073]]	0.8587835439350879	0.23743118841906002	[[0.6797750399002913, -0.42596220193846274, 0.05405970423277126], [0.4942122260488249, 0.665625842486089, -0.3130383999283366], [0.02215026144437734, 0.2622412864424124, 0.7530652583898464]]	[[-0.049291322865238185, 0.015033838497838969, -0.053149933100139185], [0.045244503043429043, -0.005550893132164267, -0.0207047744284899], [-0.04417769432768495, -0.04198471050399938, -0.0472823663325425]]	0.4492810436828699	[[0.6604377336282354, -0.6604377336282353, 0.0], [0.7071067811865475, 0.7071067811865476, 0.0], [0.0, 0.0, 0.9339999999999999]]
5	[[-0.42203838922340475, -0.825029846081567, 0.3757783270710803], [0.2588054115689476, 0.28760896992378115, 0.9221175843470338], [-0.8688517462515349, 0.4864224845687207, 0.09214016247897017]]	0.5893281800166098	0.41067181998339025	[[-0.24871911581817072, -0.4862133376506336, 0.22145675758248604], [0.15252132217837758, 0.1694960708016338, 0.5434298777445501], [-0.5120388183226705, 0.28666247755004165, 0.05430079426016619]]	0.7750276322751725	0.36581765260945776	[[-0.24386728284798032, -0.5171377078880194, 0.2919593546839026], [0.27128132146436107, 0.23651081090068876, 0.8266846640585626], [-0.602650623044086, 0.31841988675329597, 0.0264605320693935]]	[[0.0832241306810627, 0.12228322027692744, 0.0007207675936778831], [0.0706999761160781, 0.013605911919559335, 0.11201805598277935], [0.07073348865139004, -0.058570979747406195, -0.044950639894132435]]	0.5521390996103129	[[-0.3805024953679998, -0.3805024953679999, 0.5381117894662313], [0.5, 0.5000000000000001, 0.7071067811865475], [-0.5381117894662313, 0.5381117894662312, 0.0]]
5	[[0.5319609947059123, -0.8460851799387872, 0.03402011756955908], [-0.703274286200726, -0.4190807785627857, 0.5742617690636116], [-0.47161719485230363, -0.3294103357928521, -0.8179645788128509]]	0.6146004300473648	0.38539956995263513	[[0.3269434561146776, -0.5200043154470807, 0.020908778888512912], [-0.43223267874021976, -0.2575672267292727, 0.35294153022625624], [-0.28985613077395767, -0.20245573404033376, -0.5027213819018899]]	0.7320650583296383	0.4532408531799244	[[0.452983707267354, -0.5910117265904979, 0.09286809154636766], [-0.5118203416824073, -0.35336581435949077, 0.34181074553087826], [-0.24936905475706522, -0.1059304354377353, -0.5346852669138006]]	[[0.06355365064887789, 0.028377670013232742, 0.06796315219342727], [0.0030221896668619352, -0.04657141975609468, -0.0785862299351559], [0.09588541450174681, 0.1352193612488447, 0.06411802018640717]]	0.4325006796610617	[[0.5025964113614599, -0.5025964113614598, 0.0], [-0.5, -0.5000000000000001, 0.7071067811865475], [-0.3553893306737118, -0.35538933067371187, -0.5025964113614599]]
5	[[0.08740825448676931, -0.06334395238859675, -0.994156597696443], [0.7119981850616444, -0.6940087028176986, 0.10681996481098455], [-0.6967197295301035, -0.717174639895393, -0.015561310176609944]]	0.6807909317185635	0.3192090682814366	[[0.05950674701194098, -0.0431239883653691, -0.6768127964199186], [0.48472190779004304, -0.47247483141205254, 0.07272206336981434], [-0.47432047381350473, -0.48824599129930984, -0.010593998853895847]]	0.8679072000625881	0.21980007926542777	[[0.051477567768616804, -0.05147756776861682, -0.7776874744171794], [0.674948398408814, -0.6661364689698603, 0.09566333385796827], [-0.5601030797441335, -0.5676199018087356, 0.0]]	[[-0.024384685645353288, 0.0034991045898680713, 0.08514819471328909], [0.05700004716231799, -0.06380131888828292, 0.0029535172880824937], [0.044584989940702195, 0.05482113185876968, 0.013505773144686994]]	0.2312752694549373	[[0.0, 0.0, -0.8147805039999998], [0.7071067811865475, -0.7071067811865476, 0.0], [-0.5761368195569928, -0.5761368195569927, 0.0]]
5	[[-0.8305561570912853, 0.32773595720904825, 0.4502950280316503], [-0.5100865793185324, -0.772219296347621, -0.37879947194723407], [0.22358030216652452, -0.5443036842615101, 0.808545204538665]]	0.576669166694111	0.423330833305889	[[-0.4789561270024946, 0.18899522133943863, 0.25967125858151313], [-0.2941512026374675, -0.44531505812989536, -0.21844197583198066], [0.12893186653958724, -0.31388315203161943, 0.4662630893358315]]	0.7449662535852344	0.4022866901627851	[[-0.5346775724495918, 0.21687301180761967, 0.2328024367028731], [-0.45608400519645265, -0.6756416545167844, -0.25768790642275874], [0.1382479655979724, -0.34979589179703396, 0.5214371517704234]]	[[0.08405873629085253, -0.027279216399575666, -0.1026521633379235], [-0.07608671719741794, -0.10036433837047117, 0.024504917053837248], [-0.028311814482478048, 0.055691984679903564, -0.08090174010905288]]	0.5073127269865658	[[-0.5025964113614599, 0.35538933067371187, 0.3553893306737118], [-0.7071067811865475, -0.5000000000000001, -0.5], [0.0, -0.5025964113614598, 0.5025964113614599]]
5	[[0.3802729664721569, 0.7767473726770865, -0.5020517802076895], [0.4287143634067757, 0.332951791095048, 0.839849450446521], [0.8195098935212374, -0.5346088512602871, -0.20639019011321075]]	0.5986759108654431	0.4013240891345571	[[0.2276602645802227, 0.46501994084979464, -0.3005663068174558], [0.25666096201365, 0.19933021680810853, 0.5027976347359128], [0.49062083196706907, -0.3200574409849807, -0.12356083505971843]]	0.7770249502250809	0.3415372219725079	[[0.34051406139808515, 0.47677248114944004, -0.3848338956944169], [0.4034483918638053, 0.3117076467655375, 0.7256651429218822], [0.549472424852426, -0.4132140051010711, -0.0565901724889773]]	[[0.04503247855311367, -0.12677960744243527, 0.005272863831876223], [0.07032663497687816, 0.05299579786255636, 0.07308116549211267], [-0.08730720936987477, 0.002190410939341153, 0.10378015471068529]]	0.4356610926858642	[[0.3805024953679998, 0.3805024953679999, -0.5381117894662313], [0.5, 0.5000000000000001, 0.7071067811865475], [0.5381117894662313, -0.5381117894662312, 0.0]]
