5	[[0.8592155572171323, 0.2624339665249735, -0.4391776855101157], [-0.4266000482917053, 0.8413623931712975, -0.33184593135155627], [0.2824199444684594, 0.4724804086637203, 0.8348660002631537]]	0.8618450951975037	0.1381549048024963	[[0.7405107137049756, 0.22617742686277437, -0.378503134177085], [-0.36766315923122456, 0.7251240518383164, -0.28599978829658623], [0.24340224392609308, 0.4072049227837395, 0.7195251674739569]]	0.8888736718102604	0.14891465829577072	[[0.7748597883100962, 0.15360924969160505, -0.38494560187257854], [-0.36415577387557213, 0.7614425416518044, -0.3744990888329454], [0.3074763144231607, 0.41703443140150726, 0.7580684202294669]]	[[0.01112570109000496, -0.07966139374117909, 0.005427880023929891], [0.015037777443910369, 0.013577661910565145, -0.07952997735719199], [0.056440661391031335, -0.002940964305826187, 0.015978013106011553]]	0.4160173779957043	[[0.842514746899147, -0.14455267756922252, -0.49353371223418463], [-0.14644660940672619, 0.8535533905932737, -0.5], [0.49353371223418463, 0.49353371223418474, 0.6979620693299244]]
5	[[0.22433838825039393, -0.7661379269479729, -0.6022499185961573], [-0.9416906372873723, -0.011392912655017143, -0.3362869982418849], [0.2507808429735371, 0.642575192824231, -0.724020780340167]]	0.7469412245752881	0.2530587754247119	[[0.16756759043899566, -0.5722600013480915, -0.4498452916965814], [-0.7033875577865135, -0.008509836130017866, -0.2511866222755412], [0.18731854995067682, 0.479965901409833, -0.54080096828524]]	0.7928805325242401	0.33796463536894533	[[0.23526216364244865, -0.6232370980274505, -0.3788455661132378], [-0.8245112713902047, 0.0265645422771479, -0.18649212229922338], [0.1845601552451721, 0.3788455661132377, -0.5361257216762192]]	[[0.05738862290084647, -0.015781250521924473, 0.09866667005596363], [-0.077863097424702, 0.03559776093006006, 0.08014329194778046], [-0.014279093078563829, -0.1306397949601048, 0.037936260198508306]]	0.596435171852465	[[0.6979620693299244, -0.49353371223418474, -0.49353371223418463], [-0.7071067811865475, -0.5000000000000001, -0.5], [0.0, 0.6979620693299243, -0.6979620693299244]]
5	[[-0.30792515101507295, 0.09349718223056193, 0.9468053539599837], [0.3027085282091916, -0.9338174967034747, 0.1906631317268273], [0.9019698710720718, 0.34531602882779927, 0.2592434992682147]]	0.7962847778960835	0.20371522210391657	[[-0.24519611048465534, 0.07445038298637263, 0.7539266909888483], [0.2410421931523065, -0.743584657958003, 0.1518221495000684], [0.7182248784555838, 0.2749698973191017, 0.20643165223579385]]	0.8645036223571931	0.2427942886990469	[[-0.26755948318961054, 0.08446453249528713, 0.7633658097012614], [0.24305716559957824, -0.8494563026299974, 0.1203874703208729], [0.6982886346306216, 0.27656108605080487, 0.18309495069432347]]	[[-0.0013570747221943087, 0.003635879776775746, -0.05515084846432894], [-0.01863545355568261, -0.042167694109317234, -0.04444149770693603], [-0.081467586168235, -0.02196587172882855, -0.0410219934956025]]	0.4666448240390472	[[0.0, 0.0, 0.9974000000000001], [0.0, -1.0, 0.0], [0.9974000000000001, 0.0, 0.0]]
5	[[0.8489524140446696, -0.5135124485683378, 0.12483895166604869], [0.522794976890395, 0.7815435453534784, -0.34040431673891397], [0.0772347773085365, 0.35425224329800037, 0.9319550081910795]]	0.8830902030608864	0.11690979693911378	[[0.749701559707737, -0.4534778124805064, 0.11024405517667912], [0.4616751223013504, 0.6901734481671281, -0.3006077171917698], [0.06820527517675784, 0.31283668546880555, 0.8230003374270706]]	0.9240193497452867	0.1332822223611797	[[0.7794427794504182, -0.4914365615614826, 0.06743858515526899], [0.5107776008735861, 0.6678919605121496, -0.2910021322311219], [0.026253601346311575, 0.3055250085149508, 0.8635160922135213]]	[[-0.005005678139828643, -0.016941122749257066, -0.04791502178607659], [0.02770492627722119, -0.05426939806299751, 0.023538043172457973], [-0.04511282736004434, -0.021810918983076605, 0.0023716315529366664]]	0.4277944630618559	[[0.7052683035554626, -0.7052683035554624, 0.0], [0.7071067811865475, 0.7071067811865476, 0.0], [0.0, 0.0, 0.9974000000000001]]
5	[[0.3802729664721569, 0.7767473726770865, -0.5020517802076895], [0.4287143634067757, 0.332951791095048, 0.839849450446521], [0.8195098935212374, -0.5346088512602871, -0.20639019011321075]]	0.8326083281824228	0.16739167181757744	[[0.3166184388673531, 0.6467263313847583, -0.4180124933797334], [0.35695114938390715, 0.2772184341489913, 0.6992656468612044], [0.6823307623736726, -0.44511978187935314, -0.1718421911434128]]	0.8868814648896549	0.1973119838859782	[[0.3468109847340599, 0.6624946641859651, -0.44526041828105467], [0.40401856131397557, 0.30170242144767956, 0.7209506734504566], [0.7076578926434152, -0.46087007912318423, -0.0920248517745118]]	[[0.00955393917129873, -0.026388183543080056, 2.2509812937388633e-18], [0.023799738676538427, 0.006413649223669039, -0.023896237448325437], [-0.01915024221426501, 0.013264602025514832, 0.09101878237194688]]	0.3669908091558672	[[0.4948202448708488, 0.4948202448708489, -0.6997815012331305], [0.5, 0.5000000000000001, 0.7071067811865475], [0.6997815012331305, -0.6997815012331304, 0.0]]
5	[[0.08740825448676931, -0.06334395238859675, -0.994156597696443], [0.7119981850616444, -0.6940087028176986, 0.10681996481098455], [-0.6967197295301035, -0.717174639895393, -0.015561310176609944]]	0.9323640861719855	0.06763591382801454	[[0.08149631731844502, -0.059059626283315764, -0.9269159077230944], [0.6638415371711124, -0.6470687899980285, 0.09959509887591725], [-0.649596453941328, -0.6686678777517908, -0.014508806742453747]]	0.9689819327323606	0.052183892756263596	[[0.06950202430117529, -0.056535572458561896, -0.945767654538626], [0.6787015600971779, -0.6725259024462783, 0.0900549646837178], [-0.6813716859166665, -0.7058206988304614, -0.009168666025840745]]	[[-0.015194995068176481, 0.004843572953847198, 0.01755212693590116], [-0.011211817365787104, -4.4008256906342014e-05, -0.013451651273232756], [-0.006262855823819364, -0.010891430157988827, 0.005909962384938509]]	0.11262328258432001	[[0.0, 0.0, -0.9922202624240002], [0.7071067811865475, -0.7071067811865476, 0.0], [-0.7016056759907063, -0.7016056759907062, 0.0]]
5	[[0.8787972042104137, -0.3840163418041313, 0.28327887866788265], [-0.395223040501579, -0.9183905790867732, -0.018907472103605397], [0.2674214316928388, -0.09534250611366366, -0.9588511794847616]]	0.7998983366549899	0.20010166334501026	[[0.7029484219049654, -0.30717403305745866, 0.22659430385593], [-0.3161382527049409, -0.7346190966111227, -0.01512405548602459], [0.2139099583969977, -0.07626431205283775, -0.766983463569536]]	0.8628811997565072	0.22948669628527665	[[0.7058685025929572, -0.3191856335041824, 0.15791217780742703], [-0.35802712955966365, -0.8409395593291186, -0.02597874354501908], [0.14259365925482037, -0.06282600494005822, -0.8273746561417532]]	[[-0.05242908331878886, 0.012174848237871384, -0.08652384088319358], [-0.016996598200246547, -0.048477594601650284, -0.00966384133189736], [-0.0881592665648992, 0.01944325112309199, 0.0]]	0.4692201336563909	[[0.7034346059662184, -0.7034346059662183, 0.0], [-0.7071067811865475, -0.7071067811865476, 0.0], [0.0, 0.0, -0.9948067600000001]]
5	[[-0.42203838922340475, -0.825029846081567, 0.3757783270710803], [0.2588054115689476, 0.28760896992378115, 0.9221175843470338], [-0.8688517462515349, 0.4864224845687207, 0.09214016247897017]]	0.8545072188076964	0.14549278119230366	[[-0.3606348502053717, -0.7049939592085016, 0.3211052931537178], [0.22115109245216263, 0.24576394099371668, 0.7879561324140552], [-0.7424400892456094, 0.41565152445434717, 0.07873443398039404]]	0.8833066100181073	0.1894372694132537	[[-0.30207547226952713, -0.688382349077597, 0.35962451157239095], [0.2583400464956309, 0.23504072330164832, 0.8285560379175378], [-0.7996563281669931, 0.40493417472689647, 0.02226505501692669]]	[[0.07071382661290096, 0.04037196742847258, 0.0276970313689595], [0.02973551574832278, -0.019006180932526616, 0.014043480449873216], [-0.032193837577236914, -0.024726021154085356, -0.05912295954889006]]	0.47846919155295065	[[-0.4948202448708488, -0.4948202448708489, 0.6997815012331305], [0.5, 0.5000000000000001, 0.7071067811865475], [-0.6997815012331305, 0.6997815012331304, 0.0]]
5	[[0.034229894132735264, 0.2773841392786001, 0.9601491309293217], [-0.1827544195208179, -0.9427759796974285, 0.2788803941677556], [0.9825625356654255, -0.18501754344446375, 0.018422055382213542]]	0.8685775012791518	0.1314224987208482	[[0.029731315914861094, 0.24092962258907472, 0.8339639329979396], [-0.15873637705511387, -0.8188740047115969, 0.24222923592197415], [0.8534317120787828, -0.16070207557779925, 0.016000982832309187]]	0.9360630857209941	0.122158418060146	[[0.012621306569418301, 0.24543370482727506, 0.8920315907446154], [-0.16294095442676282, -0.8281188145665914, 0.252016934563337], [0.9265653387616096, -0.16728977836099407, 0.0]]	[[-0.019420033756372822, -0.014215348515913417, -0.006728567505416418], [0.008128711439043063, 0.054378978132616905, -0.009032707748419522], [0.0068248197127870934, 0.00589831426814878, -0.017244206006397853]]	0.3394783649110086	[[0.0, 0.0, 0.9974000000000001], [0.0, -1.0, 0.0], [0.9974000000000001, 0.0, 0.0]]
5	[[-0.5446221603179724, 0.8109226453022452, -0.2139887049042392], [-0.8354447797583356, -0.5021691245819775, 0.22328947644507607], [0.07361197229480154, 0.30038414347728, 0.9509735242804028]]	0.878663135397013	0.12133686460298725	[[-0.4785394149916842, 0.7125278340857104, -0.188023986390705], [-0.734074529633526, -0.4412374975047734, 0.196196231474388], [0.06468012637930835, 0.2639364733312931, 0.835585378523766]]	0.8823103419384063	0.11879570673351444	[[-0.48099232099771766, 0.7150188799618871, -0.18471328465238057], [-0.7395605680228866, -0.44644599492210607, 0.19701061431350275], [0.0678414933644421, 0.26213914742605887, 0.8397135859125988]]	[[-0.0004665565003338893, -0.00046655650033388925, 0.004091162742635447], [-0.0024389987236530125, -0.0033769829012713663, 0.0], [0.002892888918255279, -0.0028928889182552784, 0.0006598105303855137]]	0.3817101135899704	[[-0.7034346059662184, 0.7034346059662183, 0.0], [-0.7071067811865475, -0.7071067811865476, 0.0], [0.0, 0.0, 0.9948067600000001]]
5	[[-0.8305561570912853, 0.32773595720904825, 0.4502950280316503], [-0.5100865793185324, -0.772219296347621, -0.37879947194723407], [0.22358030216652452, -0.5443036842615101, 0.808545204538665]]	0.8166012030965211	0.183398796903479	[[-0.6782331571199668, 0.2676295769548988, 0.36771146163902724], [-0.41653731435490265, -0.6305952064518161, -0.3093281045244381], [0.18257594373786765, -0.4444790434178181, 0.6602589867841965]]	0.8565601318299726	0.20197959110942823	[[-0.7114212914103067, 0.3345384004211807, 0.42151556422230174], [-0.49222402331109394, -0.6410235282185632, -0.37442184343649326], [0.08168474022856034, -0.5104391493366268, 0.6968665671504222]]	[[1.2139499626603212e-18, 0.05381284570877613, 0.03581079564913017], [-0.055304195685311995, 0.02042873406260361, -0.04995731780824646], [-0.10982523286978302, -0.044210313790047966, 0.00429898016029111]]	0.36695621631114	[[-0.6979620693299244, 0.49353371223418474, 0.49353371223418463], [-0.7071067811865475, -0.5000000000000001, -0.5], [0.0, -0.6979620693299243, 0.6979620693299244]]
5	[[-0.3195682178843842, -0.5708200961323295, -0.7563336379995778], [0.910087742671785, 0.03735879733279218, -0.41272826520656647], [0.2638493031197415, -0.8202248094963509, 0.507557688474819]]	0.8321257646451742	0.16787423535482576	[[-0.26592094766333885, -0.47499410896894656, -0.6293647068472651], [0.7573074587649598, 0.031087217796773835, -0.3434418232756903], [0.21955580310961126, -0.6825301967830933, 0.42235182962364587]]	0.8614745868970533	0.16162191228566505	[[-0.3009187447273767, -0.5528847987828746, -0.6680060141423442], [0.791606558414456, 0.024433972393460904, -0.3146161767120554], [0.19655346654680783, -0.7154355180992821, 0.4613300136788415]]	[[-0.02561884623999938, -0.061137792274739755, -0.016443805790312325], [0.007589096256208192, -0.007749682105777042, 0.040938735057508835], [-0.030746002861346877, -0.00883268917569881, 0.02408196367357361]]	0.46490804687094744	[[1.9709116962847464e-16, -0.6979620693299244, -0.6979620693299243], [1.0, 1.2684108950145333e-16, 1.268410895014533e-16], [0.0, -0.6979620693299243, 0.6979620693299244]]
5	[[0.04673222253661188, -0.9725397674033924, -0.22799671093185395], [-0.8377629715199755, -0.16246744520517667, 0.5213036857710898], [-0.5440306084466285, 0.16664552219444034, -0.8223502702654952]]	0.7388323378113089	0.26116766218869114	[[0.03452727722784335, -0.7185438299651149, -0.16845134295107084], [-0.6189663747798524, -0.12003620235917148, 0.38515602086790623], [-0.40194740627953135, 0.1231231007487047, -0.6075789726800175]]	0.815921925656093	0.31352034590807953	[[-0.03533568595207603, -0.9082806742197399, -0.16122912114306875], [-0.6786435145022627, -0.14679384989256808, 0.2851679759321102], [-0.32817850873306575, 0.04751593068753822, -0.6438750769019986]]	[[-0.07346553095433733, -0.11476415442283508, 0.024798394283705116], [0.0049056624636861085, -0.014233099144334693, -0.14017513121385616], [0.11570799292656327, -0.08845380468331474, 0.027098539176832772]]	0.6082318095671387	[[1.9812005462093423e-16, -0.9922202624240002, 0.0], [-1.0, -1.7938038903913487e-16, 0.0], [0.0, 0.0, -0.9922202624240002]]
5	[[0.5319609947059123, -0.8460851799387872, 0.03402011756955908], [-0.703274286200726, -0.4190807785627857, 0.5742617690636116], [-0.47161719485230363, -0.3294103357928521, -0.8179645788128509]]	0.8329655414746525	0.1670344585253475	[[0.4431051779986051, -0.7047598000413907, 0.028337585652359113], [-0.5858032466103873, -0.3490798476371698, 0.47834026541626307], [-0.39284087207890583, -0.2743874587210402, -0.6813363082979326]]	0.9013444146268745	0.14313735137168243	[[0.5424897326910114, -0.7485643223399345, -0.0033703352462900386], [-0.5876452035791669, -0.39273945968117957, 0.5831577456079385], [-0.4080153314950163, -0.3819130010867466, -0.7461811354324109]]	[[0.06300966131348099, 0.014049828896465406, -0.034034178202561716], [0.04624714623855938, -0.015003340646130688, 0.0655501075287041], [0.0170741929271019, -0.08500083479949619, -0.008913330956823954]]	0.2862425322164367	[[0.6979620693299244, -0.6979620693299243, 0.0], [-0.5, -0.5000000000000001, 0.7071067811865475], [-0.49353371223418463, -0.49353371223418474, -0.6979620693299244]]
