5	[[-0.8305561570912853, 0.32773595720904825, 0.4502950280316503], [-0.5100865793185324, -0.772219296347621, -0.37879947194723407], [0.22358030216652452, -0.5443036842615101, 0.808545204538665]]	0.7327011245534507	0.26729887544654934	[[-0.6085494303055772, 0.24013250440367123, 0.3299316734196177], [-0.37374101028631157, -0.5658059468357763, -0.2775467990759916], [0.16381753882541283, -0.3988119215569949, 0.5924219806177796]]	0.7892345736677353	0.26376727652009097	[[-0.6664394018304899, 0.3285614417230365, 0.3477735317161751], [-0.4948583900264656, -0.6150087550596264, -0.3730960142001485], [0.04770991325947886, -0.4668234156113898, 0.6449345678481144]]	[[-0.010935767281436594, 0.06990089325956615, -0.00761487275708541], [-0.0922804260643702, -0.0055465879287132785, -0.07413437445231003], [-0.12874739120142156, -0.037240129417479166, 0.006802738052949307]]	0.4207422997305235	[[-0.6135024858718879, 0.43381176803481597, 0.43381176803481586], [-0.7071067811865475, -0.5000000000000001, -0.5], [0.0, -0.6135024858718878, 0.6135024858718879]]
5	[[0.3802729664721569, 0.7767473726770865, -0.5020517802076895], [0.4287143634067757, 0.332951791095048, 0.839849450446521], [0.8195098935212374, -0.5346088512602871, -0.20639019011321075]]	0.738810950175238	0.2611890498247622	[[0.2809498316852507, 0.5738694644536779, -0.3709213527724129], [0.31673886618233227, 0.2459884291414798, 0.6204899704885456], [0.6054628831104334, -0.39497487337170517, -0.15248333246438925]]	0.8416615485075164	0.2533861307819333	[[0.3463838846803697, 0.5817293585914571, -0.4282822980690585], [0.4042879818410301, 0.29318627458757024, 0.7171537493947837], [0.6462464869549542, -0.42828229806905843, -0.0789597744585902]]	[[0.026322750863867275, -0.07202903789508446, -0.005724619308499301], [0.04345558686866909, 0.012953554516161096, 0.010284760418778177], [-0.04350347904336023, 0.02167741552849933, 0.09475091254885548]]	0.3840592368932276	[[0.44630840332799987, 0.446308403328, -0.631175396987539], [0.5, 0.5000000000000001, 0.7071067811865475], [0.631175396987539, -0.6311753969875389, 0.0]]
5	[[0.04673222253661188, -0.9725397674033924, -0.22799671093185395], [-0.8377629715199755, -0.16246744520517667, 0.5213036857710898], [-0.5440306084466285, 0.16664552219444034, -0.8223502702654952]]	0.6687047050204811	0.33129529497951893	[[0.0312500570862965, -0.6503419182821729, -0.15246247332932528], [-0.5602160407473469, -0.1086427450213588, 0.3485982274196462], [-0.36379582754341555, 0.11143664476201724, -0.5499094949014008]]	0.7820717946942756	0.3655604814833639	[[-0.028621294431306288, -0.8375200536405947, -0.14884118385519868], [-0.6848998372502543, -0.14808332270482064, 0.27189101471666344], [-0.2901797267028191, 0.036712407243053545, -0.6087592935044469]]	[[-0.06516924758056648, -0.0769241323358702, 0.02946861304766827], [-0.029709046585217825, -0.021022116253814373, -0.1358058943950734], [0.13529126761365434, -0.09361635537731713, 0.03437765822941166]]	0.630536908458977	[[-1.8336613971712852e-16, -0.918330048, 0.0], [-1.0, 1.7938038903913487e-16, 0.0], [0.0, 0.0, -0.918330048]]
5	[[-0.30792515101507295, 0.09349718223056193, 0.9468053539599837], [0.3027085282091916, -0.9338174967034747, 0.1906631317268273], [0.9019698710720718, 0.34531602882779927, 0.2592434992682147]]	0.7427757441248503	0.2572242558751498	[[-0.2287193331799777, 0.06944743910488238, 0.703264051329019], [0.22484455229352052, -0.6936169859907283, 0.14161994954556853], [0.6699613421637534, 0.2564923702708069, 0.19255978307847826]]	0.8437572343294754	0.2681416457060555	[[-0.2508760778489013, 0.0768570848747687, 0.7377916454088833], [0.24436073564232655, -0.8497566989264871, 0.11835867946505214], [0.6749152534214875, 0.26048937008341594, 0.17401899297413265]]	[[0.008937995952062645, -0.0020318390216892083, -0.061082221496732446], [-0.011051774927406846, -0.06184143053948955, -0.042514717249372086], [-0.08612835044279733, -0.030873527369965376, -0.0447195849863115]]	0.47086920552942646	[[0.0, 0.0, 0.972], [0.0, -1.0, 0.0], [0.972, 0.0, 0.0]]
5	[[0.22433838825039393, -0.7661379269479729, -0.6022499185961573], [-0.9416906372873723, -0.011392912655017143, -0.3362869982418849], [0.2507808429735371, 0.642575192824231, -0.724020780340167]]	0.6820079268704484	0.31799207312955174	[[0.1530005590881089, -0.5225121392546099, -0.4107392184396615], [-0.6422404792896721, -0.007770056740864338, -0.22935039850443406], [0.17103452281520548, 0.43824137511643246, -0.4937879114109216]]	0.7624387250737354	0.3918544992956287	[[0.192311002581344, -0.5220239319781661, -0.3963781531629196], [-0.8419006404562859, 0.03221122042404201, -0.1714416839039416], [0.15303172841406365, 0.3963781531629196, -0.4486500290268624]]	[[0.021266727858616927, 0.06210929227468099, 0.06280050694729553], [-0.1239192315490283, 0.04089761822360981, 0.08495654629447463], [-0.03817329777559658, -0.09354605761799686, 0.10337145166258563]]	0.6368757726416825	[[0.6135024858718879, -0.43381176803481597, -0.43381176803481586], [-0.7071067811865475, -0.5000000000000001, -0.5], [0.0, 0.6135024858718878, -0.6135024858718879]]
5	[[-0.3195682178843842, -0.5708200961323295, -0.7563336379995778], [0.910087742671785, 0.03735879733279218, -0.41272826520656647], [0.2638493031197415, -0.8202248094963509, 0.507557688474819]]	0.7423517310717493	0.25764826892825066	[[-0.2372320197419865, -0.4237492864943772, -0.5614655854367804], [0.6756052111995804, 0.027733367870756965, -0.30638954213833475], [0.1958689869130148, -0.6088953071976119, 0.37678632865805756]]	0.7929194947701164	0.23072970053150668	[[-0.2934903797718718, -0.47102919047008257, -0.5840833357490949], [0.7740177177124676, 0.005477644361752583, -0.31421628126291756], [0.1892873806602655, -0.6202008837130433, 0.430913503052778]]	[[-0.04009850990239945, -0.018414808240206665, 0.015628350371174417], [0.052391404596679916, -0.024144874344584205, 0.013044006262019722], [-0.01992387546488723, 0.030171357830718337, 0.028461117140636358]]	0.5076067035585942	[[1.7324139494650756e-16, -0.6135024858718879, -0.6135024858718878], [1.0, 1.2684108950145333e-16, 1.268410895014533e-16], [0.0, -0.6135024858718878, 0.6135024858718879]]
5	[[0.034229894132735264, 0.2773841392786001, 0.9601491309293217], [-0.1827544195208179, -0.9427759796974285, 0.2788803941677556], [0.9825625356654255, -0.18501754344446375, 0.018422055382213542]]	0.8634056049708978	0.1365943950291023	[[0.029554282451764075, 0.2394950205831715, 0.8289981412523127], [-0.157791190147477, -0.813998065102689, 0.24078689544093348], [0.8483500005279461, -0.15974518402789664, 0.015905705872087464]]	0.9165300572774032	0.12890877497960657	[[0.009044409780978393, 0.2354453837839132, 0.8566698602090337], [-0.16504164559842294, -0.826609202387602, 0.2535607695881167], [0.88971466514493, -0.15941448473664002, 0.0]]	[[-0.022328317049096907, -0.018785517276945336, -0.023335677756466583], [0.0024582729926908645, 0.03747332028424218, -0.002041494052001208], [-0.010833431947132953, 0.010159654953838785, -0.01688436747462767]]	0.35030291931071456	[[0.0, 0.0, 0.972], [0.0, -1.0, 0.0], [0.972, 0.0, 0.0]]
5	[[0.8787972042104137, -0.3840163418041313, 0.28327887866788265], [-0.395223040501579, -0.9183905790867732, -0.018907472103605397], [0.2674214316928388, -0.09534250611366366, -0.9588511794847616]]	0.7301304444775243	0.2698695555224757	[[0.6416365933157551, -0.28038202232808324, 0.20683053359287581], [-0.2885643742291764, -0.6705449217125969, -0.01380492101095179], [0.19525252878470825, -0.06961246636637029, -0.7000864378650076]]	0.8411529573623785	0.2551178788396372	[[0.6883115744153778, -0.31029034115433046, 0.14034008105725307], [-0.35877810736239996, -0.8404898865329645, -0.026313371905388714], [0.1284614822957756, -0.05353792699420799, -0.8065405052940119]]	[[-0.05089129282800183, 0.012726140429696515, -0.0979407854925348], [-0.0263350780267457, -0.06798293492037785, -0.01040929582919437], [-0.09648084583473703, 0.026659703985640836, 0.0]]	0.4797171637757621	[[0.6680631731565512, -0.6680631731565511, 0.0], [-0.7071067811865475, -0.7071067811865476, 0.0], [0.0, 0.0, -0.944784]]
5	[[0.8592155572171323, 0.2624339665249735, -0.4391776855101157], [-0.4266000482917053, 0.8413623931712975, -0.33184593135155627], [0.2824199444684594, 0.4724804086637203, 0.8348660002631537]]	0.7584688131411496	0.24153118685885056	[[0.6516882039148899, 0.19904797911812083, -0.3331025778869345], [-0.3235628323137668, 0.6381471357702312, -0.25169478969793424], [0.21420672008838176, 0.35836165479161725, 0.6332198243514927]]	0.8131616503176785	0.22743449045530792	[[0.7177695206775183, 0.17021028783990258, -0.3166285974742936], [-0.3471814448280352, 0.7367472240453813, -0.3952317875731642], [0.22908731439835045, 0.38423058311797803, 0.682123687284895]]	[[0.019088380192211492, -0.04319094947895929, 0.04049385405781042], [-0.00028664553355075076, 0.052583591898977586, -0.12538740238412555], [-0.0005657537282491298, 2.763426621600791e-05, 0.0032426727167893816]]	0.4499360253495948	[[0.7405630109707599, -0.12706052509887203, -0.43381176803481586], [-0.14644660940672619, 0.8535533905932737, -0.5], [0.43381176803481586, 0.43381176803481597, 0.6135024858718879]]
5	[[0.08740825448676931, -0.06334395238859675, -0.994156597696443], [0.7119981850616444, -0.6940087028176986, 0.10681996481098455], [-0.6967197295301035, -0.717174639895393, -0.015561310176609944]]	0.8364726689225972	0.16352733107740308	[[0.07311461591641351, -0.05298548491459546, -0.8315848226021527], [0.595567022126559, -0.5805193119014298, 0.08935198105966216], [-0.582787011651076, -0.5998969851169017, -0.013016610655361291]]	0.929639120179802	0.11789344217299327	[[0.05820172772118046, -0.055114773273245196, -0.8806553412952068], [0.6826927204904738, -0.6703775631162338, 0.09221165463508953], [-0.6368694779256542, -0.6491408527732773, 0.0]]	[[-0.023056405076351982, 0.003772242894001152, 0.04355152350825978], [0.020791354160150863, -0.025199923231662646, -0.00709236346943155], [0.010828438446620748, 0.01757274847434235, 0.014466402701428665]]	0.15467471854925308	[[0.0, 0.0, -0.918330048], [0.7071067811865475, -0.7071067811865476, 0.0], [-0.6493574043081677, -0.6493574043081676, 0.0]]
5	[[-0.5446221603179724, 0.8109226453022452, -0.2139887049042392], [-0.8354447797583356, -0.5021691245819775, 0.22328947644507607], [0.07361197229480154, 0.30038414347728, 0.9509735242804028]]	0.7729770729602818	0.2270229270397182	[[-0.4209804433518917, 0.6268246127629383, -0.1654083627634404], [-0.6457796604775455, -0.3881652200504041, 0.1725976459253487], [0.05690036687926907, 0.23219005598874926, 0.7350807312609894]]	0.8433850581300334	0.18480205664429147	[[-0.476655073662501, 0.666591161023371, -0.12443831568337231], [-0.7610522472723912, -0.4525951072657773, 0.20829181955409903], [0.045363537058183676, 0.20233840109588813, 0.8193657423791738]]	[[-0.017328881323823594, -0.01732888132382359, 0.05603656064146004], [-0.056450603131474486, -0.02907317093909823, 0.019972811482643835], [-0.016719700474733937, -0.05100109721203792, 0.017328881323823594]]	0.39672128494155273	[[-0.6680631731565512, 0.6680631731565511, 0.0], [-0.7071067811865475, -0.7071067811865476, 0.0], [0.0, 0.0, 0.944784]]
5	[[0.8489524140446696, -0.5135124485683378, 0.12483895166604869], [0.522794976890395, 0.7815435453534784, -0.34040431673891397], [0.0772347773085365, 0.35425224329800037, 0.9319550081910795]]	0.8062945218342045	0.19370547816579559	[[0.6845056807421404, -0.4140422741743195, 0.1006569628398601], [0.421526725909165, 0.6301542791933918, -0.2744661357953017], [0.06227397783895771, 0.28563164311865546, 0.7514302177004186]]	0.8987010541227276	0.17072342212341243	[[0.7380646781379284, -0.46575870026335375, 0.06520022946702327], [0.5080737716046824, 0.666696377082949, -0.2965923552297499], [0.021882882104640587, 0.2875426293235164, 0.8193162735893867]]	[[-0.024889751264050276, -0.004264521429845607, -0.04699266799083093], [0.03823737478321726, -0.035677630969035576, 0.009329363051438923], [-0.04752809367747529, -0.030824235153737525, -0.018232674666891567]]	0.4359191316089839	[[0.6873077913133242, -0.6873077913133241, 0.0], [0.7071067811865475, 0.7071067811865476, 0.0], [0.0, 0.0, 0.972]]
5	[[-0.42203838922340475, -0.825029846081567, 0.3757783270710803], [0.2588054115689476, 0.28760896992378115, 0.9221175843470338], [-0.8688517462515349, 0.4864224845687207, 0.09214016247897017]]	0.7246919683731594	0.2753080316268407	[[-0.3058478310153468, -0.5978925031234554, 0.2723235355171141], [0.1875542031355263, 0.20842791053584184, 0.668251207271955], [-0.6296498822154818, 0.352506467803069, 0.06677323571310761]]	0.8418230207275219	0.2601749667810662	[[-0.27565540742703076, -0.6169613992289691, 0.3291754101491656], [0.26076381598541964, 0.2344569337608832, 0.8299957500924092], [-0.7173861907811965, 0.3663536505204469, 0.023481965204341322]]	[[0.07962622425199344, 0.07756771798977816, 0.012836563730254076], [0.042895462637818564, -0.007658918088685345, 0.05373593977142365], [0.014033210812652897, -0.04312799478898001, -0.05408374470403002]]	0.5025716554870074	[[-0.44630840332799987, -0.446308403328, 0.631175396987539], [0.5, 0.5000000000000001, 0.7071067811865475], [-0.631175396987539, 0.6311753969875389, 0.0]]
5	[[0.5319609947059123, -0.8460851799387872, 0.03402011756955908], [-0.703274286200726, -0.4190807785627857, 0.5742617690636116], [-0.47161719485230363, -0.3294103357928521, -0.8179645788128509]]	0.757836257036002	0.24216374296399798	[[0.40313932911707717, -0.6411940258984429, 0.02578167856283938], [-0.5329667527240243, -0.3175946086217552, 0.43519638962604035], [-0.3574086097006886, -0.24963909590622757, -0.6198832147955607]]	0.8238568017978296	0.22029294471383146	[[0.4790873583260861, -0.6784124371143593, 0.004536000372870148], [-0.6025703743971539, -0.3855186954039896, 0.5570971268736271], [-0.3451650106527602, -0.3387501374065179, -0.673885681884664]]	[[0.040827674546480966, 0.018640593278551224, -0.023491704884772945], [-0.02317307018117246, -0.040256145482308534, 0.08398766241811627], [0.043380023171122536, -0.0673631916810696, 9.80329180200625e-18]]	0.33865864519069616	[[0.6135024858718879, -0.6135024858718878, 0.0], [-0.5, -0.5000000000000001, 0.7071067811865475], [-0.43381176803481586, -0.43381176803481597, -0.6135024858718879]]
