5	[[0.8489524140446696, -0.5135124485683378, 0.12483895166604869], [0.522794976890395, 0.7815435453534784, -0.34040431673891397], [0.0772347773085365, 0.35425224329800037, 0.9319550081910795]]	0.7061292168249984	0.2938707831750016	[[0.5994701032510543, -0.36260614313744766, 0.08815243116920078], [0.3691608075916578, 0.5518707315950844, -0.24036943358269802], [0.054537732812530035, 0.2501478591185158, 0.658080660050102]]	0.8590029039224071	0.2370765413237133	[[0.6800994116431095, -0.42617145627945935, 0.05406596563120538], [0.4942511250457334, 0.6656551540849255, -0.3129287364719821], [0.02215539896983698, 0.262334845296776, 0.7534377455984511]]	[[-0.049153177313199195, 0.01493722824104851, -0.05317105637255945], [0.045168721740836304, -0.005693020915525725, -0.02052043988553221], [-0.04418949902199631, -0.04196886041723332, -0.04711431276271679]]	0.4492071156292389	[[0.6605791549844727, -0.6605791549844726, 0.0], [0.7071067811865475, 0.7071067811865476, 0.0], [0.0, 0.0, 0.9341999999999999]]
5	[[0.5319609947059123, -0.8460851799387872, 0.03402011756955908], [-0.703274286200726, -0.4190807785627857, 0.5742617690636116], [-0.47161719485230363, -0.3294103357928521, -0.8179645788128509]]	0.615175518527503	0.38482448147249704	[[0.32724938075461585, -0.5204908892872792, 0.020928343466220127], [-0.4326371236805911, -0.2578082352572713, 0.35327178155422834], [-0.2901273523897522, -0.20264517412968663, -0.5031917839083261]]	0.7323283883021429	0.4529266990612331	[[0.45323324259156206, -0.5914659509715614, 0.09294939401410299], [-0.51166451783436, -0.3534828504435178, 0.34191732362396443], [-0.24945361583995299, -0.10586971860210799, -0.5350988799892141]]	[[0.0636631046989765, 0.028146245219339318, 0.06803549614453841], [0.0033632067133578664, -0.0465780993102255, -0.07863087217792762], [0.09592504436181218, 0.1353668216991391, 0.06391980170104204]]	0.4319893616886372	[[0.5031347536550073, -0.5031347536550071, 0.0], [-0.5, -0.5000000000000001, 0.7071067811865475], [-0.3557699961600786, -0.35576999616007865, -0.5031347536550073]]
5	[[0.3802729664721569, 0.7767473726770865, -0.5020517802076895], [0.4287143634067757, 0.332951791095048, 0.839849450446521], [0.8195098935212374, -0.5346088512602871, -0.20639019011321075]]	0.5992430241573211	0.400756975842679	[[0.22787592243405091, 0.4654604446092711, -0.3008510270552225], [0.256904091627557, 0.1995190381943933, 0.5032739245224375], [0.4910855869205106, -0.32036062477048594, -0.12367788167984486]]	0.7773655293647402	0.3410840831959758	[[0.3405828271695302, 0.4772769976994949, -0.38511499743470423], [0.4034926383757726, 0.311573112876611, 0.7255651706485228], [0.5499641217125529, -0.41326995118258825, -0.056724738421572544]]	[[0.04497173128480184, -0.1265396348442995, 0.005162750454956459], [0.07022487031979674, 0.05274786753907062, 0.07269515801547688], [-0.08709462048422564, 0.002316541480440534, 0.10371588097147288]]	0.43533979733721334	[[0.38082851226726455, 0.38082851226726466, -0.5385728469867344], [0.5, 0.5000000000000001, 0.7071067811865475], [0.5385728469867344, -0.5385728469867342, 0.0]]
5	[[-0.8305561570912853, 0.32773595720904825, 0.4502950280316503], [-0.5100865793185324, -0.772219296347621, -0.37879947194723407], [0.22358030216652452, -0.5443036842615101, 0.808545204538665]]	0.5773365460585841	0.42266345394141586	[[-0.4795104230427733, 0.1892139455542758, 0.25997177619114625], [-0.29449162389459954, -0.4458304213531256, -0.21869477878283164], [0.12908107941955585, -0.3142464090785023, 0.4668026957205842]]	0.7452374488307743	0.401968311466664	[[-0.5350256555285771, 0.21704232539062104, 0.23284309800597447], [-0.4560927301569925, -0.6756679662501897, -0.2576823421777535], [0.1382795197640193, -0.34998958760193377, 0.5217898471052561]]	[[0.08393589609282423, -0.027198783249961882, -0.10273361990551455], [-0.07595710910283299, -0.10018122790219292, 0.02461320991464761], [-0.028340894231375074, 0.05564590144630521, -0.08076831838949508]]	0.5068509191306276	[[-0.5031347536550073, 0.35576999616007865, 0.3557699961600786], [-0.7071067811865475, -0.5000000000000001, -0.5], [0.0, -0.5031347536550071, 0.5031347536550073]]
5	[[0.8592155572171323, 0.2624339665249735, -0.4391776855101157], [-0.4266000482917053, 0.8413623931712975, -0.33184593135155627], [0.2824199444684594, 0.4724804086637203, 0.8348660002631537]]	0.5962030176955705	0.4037969823044296	[[0.5122669080638353, 0.15646392278800755, -0.26183906140568713], [-0.25434023614059076, 0.5016227977842946, -0.1978475456817948], [0.16837962314951094, 0.2816942454473464, 0.49774962872832307]]	0.758375973717501	0.39837592341048367	[[0.5428072581866481, 0.2580875183606488, -0.2574536149394167], [-0.3272337919909306, 0.7366983919172402, -0.3084325212371136], [0.19288088112264354, 0.27384863486406935, 0.5474311859401972]]	[[-0.10880117665111959, 0.059063903460726014, 0.0756081899443157], [-0.003710564979775649, 0.09862936774667058, -0.056768539924186186], [-0.02129961926086689, -0.08446915511872224, -0.08571112993300742]]	0.5206522847320002	[[0.6073373729875823, -0.10420261933257505, -0.3557699961600786], [-0.14644660940672619, 0.8535533905932737, -0.5], [0.3557699961600786, 0.35576999616007865, 0.5031347536550073]]
5	[[0.08740825448676931, -0.06334395238859675, -0.994156597696443], [0.7119981850616444, -0.6940087028176986, 0.10681996481098455], [-0.6967197295301035, -0.717174639895393, -0.015561310176609944]]	0.6814751873194053	0.3185248126805948	[[0.059566556599633357, -0.04316733181957045, -0.6774930536400062], [0.4852090965359608, -0.4729497107539885, 0.07279515552901797], [-0.47479720819065263, -0.48873672206343993, -0.010604646767540627]]	0.8682145605852059	0.21929810942571684	[[0.05154588535659507, -0.051545885356595086, -0.778181563132935], [0.6749662009317599, -0.6661497400615842, 0.09570828838659354], [-0.5605013173440986, -0.5680230546885426, 0.0]]	[[-0.024343233904155187, 0.0034502564322006443, 0.08495967048896551], [0.0567990095510003, -0.06360127910240718, 0.002965639576497443], [0.04440089648092384, 0.054638410151089285, 0.013510556077115493]]	0.2308502604288222	[[0.0, 0.0, -0.8153040296879998], [0.7071067811865475, -0.7071067811865476, 0.0], [-0.5765070081211029, -0.5765070081211029, 0.0]]
5	[[0.034229894132735264, 0.2773841392786001, 0.9601491309293217], [-0.1827544195208179, -0.9427759796974285, 0.2788803941677556], [0.9825625356654255, -0.18501754344446375, 0.018422055382213542]]	0.7959993881574747	0.20400061184252533	[[0.027246974786352407, 0.22079760515035346, 0.7642781207596713], [-0.14547240612164547, -0.7504491030087169, 0.22198862312664888], [0.7821191772161358, -0.14727385138019214, 0.014663944812845093]]	0.8851690988626606	0.17630217218877284	[[0.009171864470232098, 0.21876316656423628, 0.8048963896663891], [-0.1672669140114154, -0.8246500054790991, 0.2560654209229915], [0.8353122528825591, -0.1491318877322919, 0.0]]	[[-0.021127380073405453, -0.026768702039796935, -0.04499795133208533], [-0.005498349171004403, 0.009866158899035766, 0.009209113727055653], [-0.03442174138861651, 0.01463992447222724, -0.016306634161871992]]	0.3672890894008132	[[0.0, 0.0, 0.9341999999999999], [0.0, -1.0, 0.0], [0.9341999999999999, 0.0, 0.0]]
5	[[-0.5446221603179724, 0.8109226453022452, -0.2139887049042392], [-0.8354447797583356, -0.5021691245819775, 0.22328947644507607], [0.07361197229480154, 0.30038414347728, 0.9509735242804028]]	0.6421766255986484	0.3578233744013516	[[-0.3497436211392416, 0.5207555679817256, -0.13741854443162932], [-0.536503109539214, -0.3224812739038816, 0.14339128251518785], [0.047271887971936835, 0.19289967564157992, 0.6106929688560434]]	0.7854511059464674	0.3127957201900262	[[-0.46090278318789274, 0.6024168373729811, -0.09880467024084386], [-0.7337531070929014, -0.401404139428403, 0.09997985436315324], [0.07217916409739365, 0.10277586453108507, 0.7227947795413555]]	[[-0.03312870504318709, -0.03452325121670216, 0.06927299468624311], [-0.0775520808745138, -0.006974845153319532, -0.07540311185683948], [0.014360559047541088, -0.13316119317192682, -0.024148426830496707]]	0.42402746599645247	[[-0.6171130465864944, 0.6171130465864942, 0.0], [-0.7071067811865475, -0.7071067811865476, 0.0], [0.0, 0.0, 0.8727296399999999]]
5	[[0.8787972042104137, -0.3840163418041313, 0.28327887866788265], [-0.395223040501579, -0.9183905790867732, -0.018907472103605397], [0.2674214316928388, -0.09534250611366366, -0.9588511794847616]]	0.6168611812623527	0.38313881873764744	[[0.5420958814792887, -0.23688477422934381, 0.17474374372174478], [-0.24379775162590273, -0.5665194974756829, -0.011663285576515008], [0.16496190024891413, -0.058813090945787634, -0.5914780712317702]]	0.8083552997653454	0.31459690946755964	[[0.6246143769593271, -0.24109041311394858, 0.1801594362957633], [-0.3215731351529646, -0.8591373031401288, -0.018499498038586484], [0.16377480737217825, -0.055701053625165774, -0.7177897929028272]]	[[-0.08576600048312945, 0.06933123197992126, -0.048830546587003906], [-0.002092495774139412, -0.11675141128077102, -0.003215542758471638], [-0.05239672420756426, 0.021369566484724094, 0.05730263971993231]]	0.5005470187864268	[[0.6171130465864944, -0.6171130465864942, 0.0], [-0.7071067811865475, -0.7071067811865476, 0.0], [0.0, 0.0, -0.8727296399999999]]
5	[[-0.30792515101507295, 0.09349718223056193, 0.9468053539599837], [0.3027085282091916, -0.9338174967034747, 0.1906631317268273], [0.9019698710720718, 0.34531602882779927, 0.2592434992682147]]	0.6392592485851768	0.36074075141482354	[[-0.1968440006583726, 0.05976893845754038, 0.6052540791288815], [0.19350922628333267, -0.5969514712583538, 0.12188317032058821], [0.5765925820280015, 0.2207464651128762, 0.16572380454279076]]	0.8117561847778916	0.2969686355732743	[[-0.21117737799715508, 0.06983055109310175, 0.7171209432220389], [0.2519819441581613, -0.8454532246282094, 0.1211269769654438], [0.6569924293676124, 0.24391838605654687, 0.14134682690405334]]	[[0.03878276778799667, -0.006066364841862466, -0.05145415863579853], [0.0062564241993371406, -0.0874210962253554, -0.033644999422930144], [-0.07518719195845933, -0.03639403604735994, -0.06909568699038278]]	0.4789296508604581	[[0.0, 0.0, 0.9341999999999999], [0.0, -1.0, 0.0], [0.9341999999999999, 0.0, 0.0]]
5	[[-0.3195682178843842, -0.5708200961323295, -0.7563336379995778], [0.910087742671785, 0.03735879733279218, -0.41272826520656647], [0.2638493031197415, -0.8202248094963509, 0.507557688474819]]	0.5783181186041891	0.42168188139581075	[[-0.18481209053259065, -0.33011560405671125, -0.43740144656497765], [0.5263202311066802, 0.02160526938681558, -0.23868823382903231], [0.15258883257523534, -0.4743508686604092, 0.29352980748184854]]	0.7076171633357141	0.4676076481379727	[[-0.23909230961355848, -0.3880795756850454, -0.4128192114877525], [0.787904659722361, 0.015286400848286918, -0.21842717482887095], [0.16636659205764137, -0.41281921148775247, 0.3207482609284472]]	[[-0.012960353781961087, 0.015842521515133164, 0.12237545196888956], [0.14391095286634908, -0.011149325345977422, 0.0736264294250699], [-0.020337703364055097, 0.16758594150563183, -0.038408270819336274]]	0.5804227743118022	[[1.420756534431753e-16, -0.5031347536550073, -0.5031347536550071], [1.0, 1.2684108950145333e-16, 1.268410895014533e-16], [0.0, -0.5031347536550071, 0.5031347536550073]]
5	[[-0.42203838922340475, -0.825029846081567, 0.3757783270710803], [0.2588054115689476, 0.28760896992378115, 0.9221175843470338], [-0.8688517462515349, 0.4864224845687207, 0.09214016247897017]]	0.5899506149815645	0.41004938501843546	[[-0.24898180726817656, -0.486726865073966, 0.22169065515232733], [0.15268241171565752, 0.1696750886807491, 0.5440038359708473], [-0.5125796220288994, 0.28696524391217737, 0.05435814551896973]]	0.7753987986317452	0.36530161018616164	[[-0.2441584057520438, -0.5174986187824855, 0.29226784025384117], [0.27133547661105906, 0.2365269690938488, 0.8266372018546149], [-0.603101887270089, 0.3187799845178873, 0.026512144264046245]]	[[0.08308965422826109, 0.1222285327044953, 0.0008897768910784568], [0.07065807140110272, 0.01351531933923509, 0.11162833475471783], [0.07060471296244523, -0.058391425644167314, -0.04493322702788104]]	0.5518522103795402	[[-0.38082851226726455, -0.38082851226726466, 0.5385728469867344], [0.5, 0.5000000000000001, 0.7071067811865475], [-0.5385728469867344, 0.5385728469867342, 0.0]]
5	[[0.22433838825039393, -0.7661379269479729, -0.6022499185961573], [-0.9416906372873723, -0.011392912655017143, -0.3362869982418849], [0.2507808429735371, 0.642575192824231, -0.724020780340167]]	0.5621802241246823	0.43781977587531784	[[0.12611860538637645, -0.4307075914820308, -0.3385729942154593], [-0.5293998535263298, -0.006404870189830481, -0.18905390004183947], [0.14098403050903982, 0.36124306591888716, -0.4070301645625624]]	0.7195550842436099	0.4619657470410988	[[0.19449034102836837, -0.4646928088157476, -0.33998322905195333], [-0.8161676744502062, 0.045585706540009235, -0.20271454344902567], [0.15439895599326048, 0.3399832290519533, -0.3908543898270057]]	[[0.033066513171780415, 0.0865856317515257, 0.09336876185921189], [-0.13856938860547213, 0.0537835347652703, 0.039262475900944525], [-0.026051674599246503, -0.12238501795354016, 0.13011844376478746]]	0.7014950946824148	[[0.5031347536550073, -0.35576999616007865, -0.3557699961600786], [-0.7071067811865475, -0.5000000000000001, -0.5], [0.0, 0.5031347536550071, -0.5031347536550073]]
5	[[0.04673222253661188, -0.9725397674033924, -0.22799671093185395], [-0.8377629715199755, -0.16246744520517667, 0.5213036857710898], [-0.5440306084466285, 0.16664552219444034, -0.8223502702654952]]	0.568328954578714	0.4316710454212858	[[0.026559275179372455, -0.5527225092945958, -0.12957713237128582], [-0.4761249537887047, -0.0923349532865326, 0.2962719787523139], [-0.3091883469572941, 0.09470947541399019, -0.4673654693975118]]	0.7282902171646898	0.43657979229822946	[[-0.010217919159390269, -0.7510463660406507, -0.11982727638806906], [-0.6796576104121916, -0.14448407990775428, 0.2743423732697878], [-0.25783105801426276, 0.01800460695302201, -0.5417060925362489]]	[[-0.044252539659168054, -0.04275516763713726, 0.04622049772932587], [-0.06952303395137263, -0.026160628957083723, -0.10531800124919247], [0.13838111195557068, -0.1033616965954901, 0.05720356438085006]]	0.6671640474252558	[[1.6279457799001223e-16, -0.8153040296879998, 0.0], [-1.0, -1.7938038903913487e-16, 0.0], [0.0, 0.0, -0.8153040296879998]]
