5	[[-0.8305561570912853, 0.32773595720904825, 0.4502950280316503], [-0.5100865793185324, -0.772219296347621, -0.37879947194723407], [0.22358030216652452, -0.5443036842615101, 0.808545204538665]]	0.7137122258891722	0.286287774110828	[[-0.5927780836035781, 0.23390915952358834, 0.32138106676329625], [-0.36405502792162353, -0.5511423528708308, -0.27035381428910327], [0.1595719951242439, -0.3884761940539595, 0.5770685976633064]]	0.7849153046268927	0.3666398878689062	[[-0.6276979967707774, 0.2494894176111757, 0.19859734656115233], [-0.5641674179239461, -0.627756683081211, -0.3046260589000928], [0.18007614326718122, -0.280530319471585, 0.6071687006360715]]	[[0.02421824228227013, -0.007755551078750689, -0.15484611253828565], [-0.16379265513205057, -0.021629938849753255, -0.0073005559841234306], [0.004584542283570921, 0.14670197267007823, -0.02747080488900793]]	0.43051912235147566	[[-0.5997417749355844, 0.4240814760178079, 0.42408147601780777], [-0.7071067811865475, -0.5000000000000001, -0.5], [0.0, -0.5997417749355843, 0.5997417749355844]]
5	[[0.8787972042104137, -0.3840163418041313, 0.28327887866788265], [-0.395223040501579, -0.9183905790867732, -0.018907472103605397], [0.2674214316928388, -0.09534250611366366, -0.9588511794847616]]	0.7155548548607072	0.2844451451392928	[[0.628827605910778, -0.2747847577237948, 0.20270157691030063], [-0.2828037653837149, -0.6571588375238767, -0.013529333456878217], [0.19135470374161173, -0.0682227931242187, -0.6861106165692367]]	0.8372679937037617	0.25944846273100913	[[0.6855530486594732, -0.3081523137718674, 0.13733199963498743], [-0.3583450867415303, -0.8404834081025514, -0.02676203284082446], [0.1260040093886783, -0.052404134511403605, -0.8028154033076917]]	[[-0.05023572338225499, 0.013372278279935696, -0.099848338765922], [-0.02743748455527271, -0.07154437051413283, -0.010931411606628928], [-0.09789939619817235, 0.02742309429707218, 0.0]]	0.4818490376223505	[[0.6620285541802777, -0.6620285541802776, 0.0], [-0.7071067811865475, -0.7071067811865476, 0.0], [0.0, 0.0, -0.93624976]]
5	[[0.034229894132735264, 0.2773841392786001, 0.9601491309293217], [-0.1827544195208179, -0.9427759796974285, 0.2788803941677556], [0.9825625356654255, -0.18501754344446375, 0.018422055382213542]]	0.8616828153048274	0.1383171846951728	[[0.02949531154388152, 0.23901714605449054, 0.8273440062516613], [-0.15747634272209785, -0.8123738603874469, 0.24030644317979163], [0.8466572519452336, -0.15942643771600873, 0.01587396854544721]]	0.9130067848355052	0.13263807150263152	[[0.00906126811419083, 0.2334679758269125, 0.8505942493238078], [-0.16528856045083076, -0.8263944815648983, 0.25383223665800436], [0.8833254118701086, -0.15820125944059168, 0.0]]	[[-0.022190857473197517, -0.019785625340206163, -0.02602842166857645], [0.0015674645303502266, 0.03436638447879453, -0.0007874553747566149], [-0.013760849717602889, 0.010721013037801564, -0.0168194615545764]]	0.3522259062152286	[[0.0, 0.0, 0.9676], [0.0, -1.0, 0.0], [0.9676, 0.0, 0.0]]
5	[[-0.30792515101507295, 0.09349718223056193, 0.9468053539599837], [0.3027085282091916, -0.9338174967034747, 0.1906631317268273], [0.9019698710720718, 0.34531602882779927, 0.2592434992682147]]	0.731390064029835	0.2686099359701651	[[-0.22521339591731082, 0.06838291009821984, 0.6924840284565829], [0.2213980098292978, -0.6829848387061348, 0.13944912012181307], [0.6596918017563846, 0.2525607124348924, 0.18960811952909806]]	0.8400715159724447	0.2718099481944156	[[-0.24684590210364576, 0.07573168340723418, 0.7346552998970481], [0.24496906461267404, -0.849560576761715, 0.11822383128477992], [0.6720739780907812, 0.2581854496317807, 0.1711142186964116]]	[[0.011833246315630519, -0.002812636208345898, -0.06072890913494259], [-0.009327747577809036, -0.06508709666443371, -0.041946834825029804], [-0.08564521886220469, -0.03190471019517302, -0.04666886073983886]]	0.4717010690051317	[[0.0, 0.0, 0.9676], [0.0, -1.0, 0.0], [0.9676, 0.0, 0.0]]
5	[[0.5319609947059123, -0.8460851799387872, 0.03402011756955908], [-0.703274286200726, -0.4190807785627857, 0.5742617690636116], [-0.47161719485230363, -0.3294103357928521, -0.8179645788128509]]	0.7367272698627854	0.26327273013721453	[[0.3919101713031784, -0.6233340246876663, 0.025063548337432226], [-0.51812134483736, -0.3087482378425316, 0.4230743053088079], [-0.347453248383883, -0.2426855773532513, -0.6026168109932548]]	0.8094718991670391	0.23491635701105198	[[0.4665268825295662, -0.666059704471995, 0.004746122115108491], [-0.6044122286599894, -0.38415672680463697, 0.5529894503158627], [-0.3352208363551255, -0.3285088060912603, -0.6621193410630055]]	[[0.03591940586218409, 0.01882247299014103, -0.022792207063808443], [-0.035131456573743884, -0.04492261307701737, 0.08814068549291737], [0.04654003004180014, -0.061860395971768206, 9.332414823777164e-18]]	0.34891835420573686	[[0.5997417749355844, -0.5997417749355843, 0.0], [-0.5, -0.5000000000000001, 0.7071067811865475], [-0.42408147601780777, -0.4240814760178079, -0.5997417749355844]]
5	[[0.8489524140446696, -0.5135124485683378, 0.12483895166604869], [0.522794976890395, 0.7815435453534784, -0.34040431673891397], [0.0772347773085365, 0.35425224329800037, 0.9319550081910795]]	0.7917040960965213	0.20829590390347885	[[0.6721191035901947, -0.4065499089281072, 0.09883550938640638], [0.41389892462281186, 0.618751226134146, -0.26949949189113587], [0.06114708955627099, 0.2804629520704084, 0.7378325973625446]]	0.894100152233419	0.17849245498043062	[[0.7306115060531273, -0.46355879366204195, 0.06280264776906622], [0.5081739009859073, 0.6666385434781247, -0.29663184852165303], [0.02283671289854893, 0.28209338333741074, 0.8126340104691294]]	[[-0.02843697658314033, -0.004427235223335324, -0.048815877920208355], [0.04074283256133837, -0.03213965939946635, 0.007723702895522901], [-0.04621891325072779, -0.03464360132436158, -0.020627104229212163]]	0.43739407952242176	[[0.6841965214761034, -0.6841965214761033, 0.0], [0.7071067811865475, 0.7071067811865476, 0.0], [0.0, 0.0, 0.9676]]
5	[[-0.5446221603179724, 0.8109226453022452, -0.2139887049042392], [-0.8354447797583356, -0.5021691245819775, 0.22328947644507607], [0.07361197229480154, 0.30038414347728, 0.9509735242804028]]	0.7548807898298943	0.24511921017010574	[[-0.4111248065396942, 0.6121499269767061, -0.16153596257278827], [-0.6306612152032346, -0.3790778253926298, 0.1685569363395626], [0.05556826378683609, 0.22675421948050542, 0.7178716451161086]]	0.8344850953836636	0.19538790708104345	[[-0.47164206244317564, 0.659539873971641, -0.11707486896898085], [-0.7591617594037724, -0.45572585390944453, 0.20656722310252776], [0.04660487975863477, 0.19338765003944505, 0.8107362191586464]]	[[-0.01716298704217563, -0.017162987042175625, 0.06149551585405985], [-0.0619955426793538, -0.036673204083922356, 0.020235483053090163], [-0.014823213963172268, -0.05727844058193302, 0.01716298704217563]]	0.3996247107065806	[[-0.6620285541802777, 0.6620285541802776, 0.0], [-0.7071067811865475, -0.7071067811865476, 0.0], [0.0, 0.0, 0.93624976]]
5	[[0.8592155572171323, 0.2624339665249735, -0.4391776855101157], [-0.4266000482917053, 0.8413623931712975, -0.33184593135155627], [0.2824199444684594, 0.4724804086637203, 0.8348660002631537]]	0.7403587524694606	0.25964124753053947	[[0.6361277580436284, 0.1942952840620415, -0.3251490433566944], [-0.31583707955665863, 0.6229100117830215, -0.24568503974750444], [0.2090920777591629, 0.34980500592453295, 0.6181003504339968]]	0.809402573019153	0.2460979585814837	[[0.7056052825029463, 0.16309613869638265, -0.30099611057070746], [-0.3455635448191144, 0.747161904414697, -0.39870727913567194], [0.22932188933116815, 0.38252288780290966, 0.6773723343078458]]	[[0.010153999713314257, -0.04931858905655314, 0.054475438093776626], [-0.000272368081713267, 0.06616101854029656, -0.1301103284537852], [0.0007304596064707861, 9.602932935355078e-05, 0.0016296455686402606]]	0.4572901738603695	[[0.7239523634856001, -0.12421058855001568, -0.42408147601780777], [-0.14644660940672619, 0.8535533905932737, -0.5], [0.42408147601780777, 0.4240814760178079, 0.5997417749355844]]
5	[[-0.42203838922340475, -0.825029846081567, 0.3757783270710803], [0.2588054115689476, 0.28760896992378115, 0.9221175843470338], [-0.8688517462515349, 0.4864224845687207, 0.09214016247897017]]	0.7066161058831882	0.29338389411681176	[[-0.2982191231262556, -0.5829793770755631, 0.2655310181502659], [0.1828760721043456, 0.2032291303446173, 0.6515831366177134], [-0.6139446375260676, 0.3437139618599746, 0.06510772280633416]]	0.8345190414691867	0.27279249018703394	[[-0.27124146576116326, -0.6053221473388944, 0.3237631236471145], [0.2611734012313843, 0.23437555696047188, 0.8298358648925678], [-0.7039139088128368, 0.36010334435999086, 0.02349001519740374]]	[[0.08095760627675203, 0.08318096899656532, 0.010168954334862004], [0.04519535724182778, -0.005639604938262152, 0.06031118228139917], [0.02115941764782312, -0.04582548121135824, -0.05340270487536158]]	0.5076575260272873	[[-0.43828180655002874, -0.43828180655002885, 0.619824074964432], [0.5, 0.5000000000000001, 0.7071067811865475], [-0.619824074964432, 0.6198240749644319, 0.0]]
5	[[0.3802729664721569, 0.7767473726770865, -0.5020517802076895], [0.4287143634067757, 0.332951791095048, 0.839849450446521], [0.8195098935212374, -0.5346088512602871, -0.20639019011321075]]	0.7196660465774898	0.28033395342251033	[[0.2736695424013115, 0.5589987108839709, -0.3613096198392588], [0.30853117102393957, 0.23961409919826737, 0.6044111337231253], [0.5897734452015685, -0.38473983845182413, -0.14853201217115092]]	0.8343900962994787	0.2644913826140597	[[0.3467826434478797, 0.5681747156046408, -0.4251046187161721], [0.40551070517673193, 0.2935903158260959, 0.7160983854198373], [0.6344898702070342, -0.4251046187161721, -0.07732691950931189]]	[[0.029486646333088257, -0.0799355994837604, -0.00619758548135344], [0.04779568620878278, 0.015778638791215008, 0.01533632158470041], [-0.04930106876652658, 0.020967712169452517, 0.09488301109451776]]	0.38877194303188845	[[0.43828180655002874, 0.43828180655002885, -0.619824074964432], [0.5, 0.5000000000000001, 0.7071067811865475], [0.619824074964432, -0.6198240749644319, 0.0]]
5	[[0.04673222253661188, -0.9725397674033924, -0.22799671093185395], [-0.8377629715199755, -0.16246744520517667, 0.5213036857710898], [-0.5440306084466285, 0.16664552219444034, -0.8223502702654952]]	0.6567952656031808	0.3432047343968193	[[0.030693502513160983, -0.6387595148413667, -0.14974716031313867], [-0.5502387533919721, -0.10670784882540425, 0.34238979275593995], [-0.35731672797096337, 0.1094519900112782, -0.5401157641778734]]	0.7758428397025883	0.3704289177278728	[[-0.013542034995538941, -0.8214274038631421, -0.13629946056384695], [-0.6874605967424844, -0.158320335757087, 0.27953671073263786], [-0.2841343020459896, 0.048745932891489714, -0.5965043722326734]]	[[-0.049798895233957315, -0.06688938899719936, 0.040590155088372784], [-0.037488193920747925, -0.032271131709877984, -0.12491302118343012], [0.13794795009636962, -0.08054480227156557, 0.04151019668029926]]	0.6346201366313936	[[1.8088723757288396e-16, -0.9059152677760001, 0.0], [-1.0, -1.7938038903913487e-16, 0.0], [0.0, 0.0, -0.9059152677760001]]
5	[[0.08740825448676931, -0.06334395238859675, -0.994156597696443], [0.7119981850616444, -0.6940087028176986, 0.10681996481098455], [-0.6967197295301035, -0.717174639895393, -0.015561310176609944]]	0.8145869715309758	0.18541302846902427	[[0.07120162530918624, -0.05159915834102933, -0.8098270121450845], [0.579984445304916, -0.56533044744441, 0.08701415163442532], [-0.5675388144838076, -0.5842011179712062, -0.01267604052981884]]	0.9235941934145813	0.12961517068237585	[[0.05590350412050339, -0.055903504120503406, -0.8690558788165612], [0.6843624508566347, -0.6718239176695, 0.0901925342666165], [-0.629899609997991, -0.6408904319514808, 0.0]]	[[-0.024826252179980763, 0.0026006024935342474, 0.04914138216066921], [0.026765061411979738, -0.03084150956788791, -0.00846576497355873], [0.013586686633390115, 0.021487901120097345, 0.014372335721040175]]	0.16291220543108056	[[0.0, 0.0, -0.9059152677760001], [0.7071067811865475, -0.7071067811865476, 0.0], [-0.6405788290248368, -0.6405788290248366, 0.0]]
5	[[-0.3195682178843842, -0.5708200961323295, -0.7563336379995778], [0.910087742671785, 0.03735879733279218, -0.41272826520656647], [0.2638493031197415, -0.8202248094963509, 0.507557688474819]]	0.7211783893241422	0.27882161067585765	[[-0.23046569265304676, -0.4116631175225653, -0.5454514748442044], [0.6563356124036825, 0.026942357287550178, -0.29765070553021894], [0.19028241544819252, -0.59152840699628, 0.3660396362633546]]	0.7795357984951813	0.2456081155350401	[[-0.2870403581013565, -0.46604574100154117, -0.5702069748066809], [0.7756941067436175, 0.002646329523800825, -0.31515824834670825], [0.18274777191239122, -0.607078490786724, 0.42433071887433305]]	[[-0.03792549219917105, -0.021071041565929535, 0.019382171620085292], [0.06624813155929049, -0.026476190385837043, 0.006578209432623371], [-0.022932205277453536, 0.03231611102957162, 0.028671330906746572]]	0.515696448717833	[[1.693556327646756e-16, -0.5997417749355844, -0.5997417749355843], [1.0, 1.2684108950145333e-16, 1.268410895014533e-16], [0.0, -0.5997417749355843, 0.5997417749355844]]
5	[[0.22433838825039393, -0.7661379269479729, -0.6022499185961573], [-0.9416906372873723, -0.011392912655017143, -0.3362869982418849], [0.2507808429735371, 0.642575192824231, -0.724020780340167]]	0.6697339847581016	0.33026601524189847	[[0.15024704269714642, -0.5131086066891772, -0.4033472378016467], [-0.6306822229198681, -0.007630220790445657, -0.2252228313548783], [0.1679564532656628, 0.4303544443968778, -0.48490132226489036]]	0.7561012707213784	0.400663290415462	[[0.18864171110918612, -0.5149948089587113, -0.3892762246932269], [-0.8425039056920697, 0.032680558651010466, -0.1710328249271083], [0.14992115097681563, 0.38927622469322687, -0.44321161315258795]]	[[0.019019170681477227, 0.06428305115449359, 0.06608570404917435], [-0.13049041821266272, 0.041294754386686706, 0.08323420177065885], [-0.03969456306805422, -0.09657569513520893, 0.10422141889129634]]	0.6442247302176762	[[0.5997417749355844, -0.4240814760178079, -0.42408147601780777], [-0.7071067811865475, -0.5000000000000001, -0.5], [0.0, 0.5997417749355843, -0.5997417749355844]]
