5	[[0.8489524140446696, -0.5135124485683378, 0.12483895166604869], [0.522794976890395, 0.7815435453534784, -0.34040431673891397], [0.0772347773085365, 0.35425224329800037, 0.9319550081910795]]	0.8450634339476094	0.15493656605239053	[[0.7174186422707012, -0.43395059316200474, 0.10549683318533075], [0.44179491842155844, 0.6604538722159996, -0.2876632408339764], [0.06526828613253077, 0.2993656172050523, 0.7875610995066262]]	0.9051580740199416	0.15470666965612073	[[0.7599759837849499, -0.4721927841648107, 0.05519597437046706], [0.5008960878311038, 0.6738260171543512, -0.28655756524811093], [0.019703024439962965, 0.28508884534712653, 0.8435666002874765]]	[[-0.008460148246303126, -0.007382845233429777, -0.057803010682242154], [0.027683993441693828, -0.033594433120520066, 0.02156215047935863], [-0.05020665783599105, -0.03556543291373522, 0.0]]	0.43244663160595337	[[0.6948031231939016, -0.6948031231939015, 0.0], [0.7071067811865475, 0.7071067811865476, 0.0], [0.0, 0.0, 0.9825999999999999]]
5	[[0.8787972042104137, -0.3840163418041313, 0.28327887866788265], [-0.395223040501579, -0.9183905790867732, -0.018907472103605397], [0.2674214316928388, -0.09534250611366366, -0.9588511794847616]]	0.7606075490128056	0.23939245098719444	[[0.6684197875737887, -0.29208572852050413, 0.21546405359067414], [-0.3006096281492948, -0.6985348073956417, -0.014381166014751305], [0.2034027597133855, -0.07251822989185211, -0.7293094454959423]]	0.8504167044222362	0.24467971424677507	[[0.6948565082427658, -0.3154154607093178, 0.14778379259046187], [-0.3598446732373032, -0.8405043892557537, -0.02521179336043639], [0.13452251157888218, -0.05635762054664751, -0.815423060088805]]	[[-0.05248731401732899, 0.01115845113203446, -0.0931212978387054], [-0.02374039762221448, -0.059489699616350755, -0.009132563245132917], [-0.09289714105321789, 0.024723239293891232, 0.0]]	0.4749447525252236	[[0.6827135488503276, -0.6827135488503275, 0.0], [-0.7071067811865475, -0.7071067811865476, 0.0], [0.0, 0.0, -0.9655027599999998]]
5	[[0.22433838825039393, -0.7661379269479729, -0.6022499185961573], [-0.9416906372873723, -0.011392912655017143, -0.3362869982418849], [0.2507808429735371, 0.642575192824231, -0.724020780340167]]	0.7104834270994996	0.2895165729005006	[[0.15938870691411802, -0.5443282999689018, -0.4278885861345924], [-0.6690555912474438, -0.00809447562778186, -0.23892633899989782], [0.1781756327667401, 0.45653902516688133, -0.5144047653073358]]	0.7715184125457902	0.3738100230759157	[[0.2240645419916083, -0.5785621753337189, -0.3583513506356355], [-0.8374658651696334, -0.01455768818008192, -0.15650414294937812], [0.14589247024142885, 0.3583513506356355, -0.5254802772321301]]	[[0.05098334481558314, 0.012527341856303824, 0.10629555051550318], [-0.11093419958044626, -0.00576784629421024, 0.10294746809398986], [-0.047589567626409646, -0.13740724207342037, 0.03311508586607985]]	0.6195206192572423	[[0.6476924001111297, -0.4579876882415703, -0.4579876882415702], [-0.7071067811865475, -0.5000000000000001, -0.5], [0.0, 0.6476924001111296, -0.6476924001111297]]
5	[[-0.42203838922340475, -0.825029846081567, 0.3757783270710803], [0.2588054115689476, 0.28760896992378115, 0.9221175843470338], [-0.8688517462515349, 0.4864224845687207, 0.09214016247897017]]	0.7729617739916381	0.22703822600836207	[[-0.3262195420266965, -0.637716533423256, 0.29046228232047233], [0.20004669004496975, 0.2223107396081937, 0.7127616438257671], [-0.6715891871183192, 0.3759859865816586, 0.07122082344562256]]	0.8590768549257337	0.2302879292507473	[[-0.28577151914298354, -0.6464240604246337, 0.33972068501339303], [0.25769141728147926, 0.23323042045095144, 0.830554867901221], [-0.7514371433286489, 0.3813395249947342, 0.02280243311723564]]	[[0.07679189292898171, 0.062339984966980906, 0.016898221643915634], [0.03535767827306765, -0.0138477888796005, 0.03838499366865598], [-0.005026717762148606, -0.03653477321372365, -0.05635304787754417]]	0.4913054616006175	[[-0.46609778978380856, -0.46609778978380867, 0.6591618157043861], [0.5, 0.5000000000000001, 0.7071067811865475], [-0.6591618157043861, 0.659161815704386, 0.0]]
5	[[0.08740825448676931, -0.06334395238859675, -0.994156597696443], [0.7119981850616444, -0.6940087028176986, 0.10681996481098455], [-0.6967197295301035, -0.717174639895393, -0.015561310176609944]]	0.888024314655514	0.11197568534448611	[[0.07762065528584808, -0.05625096990745512, -0.8828352313296413], [0.6322717003253365, -0.6162966026846493, 0.09485872604280066], [-0.6187040603229454, -0.6368685180814213, -0.013818821804725922]]	0.9419575784918993	0.09188383505911132	[[0.07012612733566749, -0.06064640884707048, -0.905070188093953], [0.6771938896863178, -0.6596317049443302, 0.10638681681027004], [-0.6498412163643015, -0.6701909882606907, 0.0]]	[[-0.012208740400893401, -0.0009790928430017361, 0.03138315331393358], [0.006521803395024259, -0.005904947785866456, 0.00576694142232515], [0.006439212951406011, 0.0053570988909736016, 0.01465809405212085]]	0.13587294047146906	[[0.0, 0.0, -0.9487030119759997], [0.7071067811865475, -0.7071067811865476, 0.0], [-0.6708343331003318, -0.6708343331003317, 0.0]]
5	[[-0.5446221603179724, 0.8109226453022452, -0.2139887049042392], [-0.8354447797583356, -0.5021691245819775, 0.22328947644507607], [0.07361197229480154, 0.30038414347728, 0.9509735242804028]]	0.8157821920447663	0.18421780795523354	[[-0.44429305978035166, 0.6615362531634064, -0.17456817475960087], [-0.6815409737636122, -0.40966062922868696, 0.1821555785548924], [0.06005133611939181, 0.24504803502138506, 0.7757872662140042]]	0.8652884748020827	0.16069207372174818	[[-0.4858725264527059, 0.6901865402795385, -0.1312519972450925], [-0.7577916057438011, -0.4468494360219264, 0.20143778049933142], [0.06369559123414198, 0.224203979681788, 0.8391234922237603]]	[[-0.014617248007752246, -0.011495478656511645, 0.05390996284636959], [-0.034890866485349004, -0.012328280119690074, 0.008227969986815943], [9.259526317295617e-18, -0.03571495768239756, 0.016257061822009214]]	0.3900748441662698	[[-0.6827135488503276, 0.6827135488503275, 0.0], [-0.7071067811865475, -0.7071067811865476, 0.0], [0.0, 0.0, 0.9655027599999998]]
5	[[-0.3195682178843842, -0.5708200961323295, -0.7563336379995778], [0.910087742671785, 0.03735879733279218, -0.41272826520656647], [0.2638493031197415, -0.8202248094963509, 0.507557688474819]]	0.7876779052626396	0.2123220947373604	[[-0.25171682445168647, -0.4496223776033319, -0.5957472956591792], [0.7168560067529158, 0.0294266992262253, -0.32509693538059137], [0.20782826638636523, -0.6460729597885333, 0.3997919768577928]]	0.8238490176447982	0.19106499819966422	[[-0.29224881977513284, -0.49496247964051576, -0.6224518882478117], [0.7871386177802798, 0.007234292322626512, -0.30730694440544065], [0.18407098723213605, -0.6639199435738747, 0.43879745629279887]]	[[-0.02897285740058414, -0.024692904189986813, 0.0006528364298567756], [0.037363725009557786, -0.023543716160385506, 0.03271883143923085], [-0.033301001949327544, 0.01182145997758561, 0.020646553244754683]]	0.48882774955006436	[[1.8289597430406305e-16, -0.6476924001111297, -0.6476924001111296], [1.0, 1.2684108950145333e-16, 1.268410895014533e-16], [0.0, -0.6476924001111296, 0.6476924001111297]]
5	[[0.034229894132735264, 0.2773841392786001, 0.9601491309293217], [-0.1827544195208179, -0.9427759796974285, 0.2788803941677556], [0.9825625356654255, -0.18501754344446375, 0.018422055382213542]]	0.8662163398379551	0.133783660162045	[[0.029650493608698633, 0.24027467385501053, 0.8316968658921906], [-0.158304864366533, -0.8166479584206489, 0.24157075428855943], [0.851111723306005, -0.16026521928827325, 0.015957485385473112]]	0.9248482846541188	0.12448732545429099	[[0.009705928163729366, 0.23981397030146986, 0.8714187068667038], [-0.16431503894353686, -0.8272260377744363, 0.25279820388635604], [0.9051105151280164, -0.16249507693697066, 0.0]]	[[-0.02195153070882293, -0.01672427510060264, -0.016573569885422534], [0.004705072463250757, 0.044698709861837084, -0.005123850283357258], [-0.0036107605475539416, 0.008618080748560554, -0.017037606320043374]]	0.3457284834281024	[[0.0, 0.0, 0.9825999999999999], [0.0, -1.0, 0.0], [0.9825999999999999, 0.0, 0.0]]
5	[[-0.30792515101507295, 0.09349718223056193, 0.9468053539599837], [0.3027085282091916, -0.9338174967034747, 0.1906631317268273], [0.9019698710720718, 0.34531602882779927, 0.2592434992682147]]	0.76712031463007	0.23287968536992998	[[-0.23621563872919465, 0.07172358784973368, 0.7263136210232175], [0.23221386140104053, -0.7163503718782341, 0.14626156159863826], [0.6919194112836514, 0.2648989406811878, 0.19887095472443322]]	0.8525310308210727	0.2585264959591946	[[-0.2595453303342947, 0.0800661861827377, 0.7466544057410371], [0.24334490301089307, -0.8497655502374676, 0.11935314314147183], [0.6830866377687862, 0.2666968539555111, 0.17947914415155702]]	[[0.0029704160763199187, 0.00035693703685105854, -0.060526538657378344], [-0.014723510581618818, -0.05365715717410075, -0.04319309308917421], [-0.08587066618583719, -0.027695776060091926, -0.04153398351323606]]	0.468984998864505	[[0.0, 0.0, 0.9825999999999999], [0.0, -1.0, 0.0], [0.9825999999999999, 0.0, 0.0]]
5	[[0.3802729664721569, 0.7767473726770865, -0.5020517802076895], [0.4287143634067757, 0.332951791095048, 0.839849450446521], [0.8195098935212374, -0.5346088512602871, -0.20639019011321075]]	0.786668860014532	0.2133311399854682	[[0.29914890102899594, 0.6110429701831664, -0.39494850160424944], [0.337256239533064, 0.2619228059405381, 0.6606834097665958], [0.6446829137069824, -0.4205601355746085, -0.162360735574542]]	0.8641355137011048	0.22633299941942664	[[0.3339588327599337, 0.6272666071411758, -0.41533811127234155], [0.40073995702914594, 0.3079078549846285, 0.7267996524666954], [0.6675021944487871, -0.44871260437217897, -0.08427052281656164]]	[[0.00535145753087336, -0.04394838276312194, 0.01850266172198437], [0.03027265037558965, 0.02019238794900637, 0.0010559161735002529], [-0.040665408372325046, 0.013261889940786756, 0.0940785701397864]]	0.374619915594291	[[0.46609778978380856, 0.46609778978380867, -0.6591618157043861], [0.5, 0.5000000000000001, 0.7071067811865475], [0.6591618157043861, -0.659161815704386, 0.0]]
5	[[0.8592155572171323, 0.2624339665249735, -0.4391776855101157], [-0.4266000482917053, 0.8413623931712975, -0.33184593135155627], [0.2824199444684594, 0.4724804086637203, 0.8348660002631537]]	0.8065982660217629	0.19340173397823712	[[0.6930417785902617, 0.21167878234425702, -0.3542399596079105], [-0.34409485923688976, 0.6786414474278896, -0.26766635281454215], [0.22779943749822193, 0.3811018783574107, 0.6734014681727843]]	0.8476675523387823	0.1907121354567842	[[0.7425282395010999, 0.16170838791952627, -0.34268222090723394], [-0.35513430603402213, 0.7533403942590724, -0.38743209714939325], [0.26528823110205, 0.39442396351716963, 0.7172509118356781]]	[[0.014199091183450526, -0.06074837013525595, 0.02959445281093732], [0.006480712729013992, 0.040144793809658436, -0.10613706876703598], [0.0258900080428162, -0.006082348022833853, 0.009562092861741412]]	0.4337470235925423	[[0.7818338882971352, -0.1341414881860055, -0.4579876882415702], [-0.14644660940672619, 0.8535533905932737, -0.5], [0.4579876882415702, 0.4579876882415703, 0.6476924001111297]]
5	[[0.04673222253661188, -0.9725397674033924, -0.22799671093185395], [-0.8377629715199755, -0.16246744520517667, 0.5213036857710898], [-0.5440306084466285, 0.16664552219444034, -0.8223502702654952]]	0.698329763845023	0.30167023615497696	[[0.03263450192794527, -0.6791534661007046, -0.15921688930248354], [-0.5850348180596493, -0.11345585264263532, 0.3640418797760651], [-0.3799127663209983, 0.11637352815987406, -0.5742716700323942]]	0.7967812837543113	0.34530617849631084	[[-0.03834251490839884, -0.8615317121744508, -0.16381303469893313], [-0.6936694098577834, -0.15639209238486415, 0.2744966884744172], [-0.3031125510372043, 0.05369849067880731, -0.6203478525749038]]	[[-0.07557787517381274, -0.08663022780065627, 0.017850477329110107], [-0.02615555392827069, -0.026941072826000174, -0.1408683315001259], [0.13036085556253948, -0.07908154242718649, 0.034885451462942474]]	0.6209464189915094	[[1.8943081457795427e-16, -0.9487030119759997, 0.0], [-1.0, -1.7938038903913487e-16, 0.0], [0.0, 0.0, -0.9487030119759997]]
5	[[-0.8305561570912853, 0.32773595720904825, 0.4502950280316503], [-0.5100865793185324, -0.772219296347621, -0.37879947194723407], [0.22358030216652452, -0.5443036842615101, 0.808545204538665]]	0.7724182529063393	0.2275817470936607	[[-0.6415367358010537, 0.25314923548199986, 0.34781609884461845], [-0.3940001844281917, -0.596476279745392, -0.29259162632332647], [0.17269750638373826, -0.42043010084775934, 0.6245350742855544]]	0.8200075135088406	0.23483074876433138	[[-0.6835682950193865, 0.3328529689269134, 0.37580293892223704], [-0.49793569407144184, -0.6309061704750687, -0.36671917913833757], [0.060696976488079354, -0.48431517571692034, 0.6749985339227607]]	[[-0.0025060058135038085, 0.06410702156848201, 0.006557632640609809], [-0.07966086649022212, 0.0023194546064904537, -0.05610076602842436], [-0.12264055116104766, -0.03798206499193828, 0.011985391189513053]]	0.39767132742496114	[[-0.6476924001111297, 0.4579876882415703, 0.4579876882415702], [-0.7071067811865475, -0.5000000000000001, -0.5], [0.0, -0.6476924001111296, 0.6476924001111297]]
5	[[0.5319609947059123, -0.8460851799387872, 0.03402011756955908], [-0.703274286200726, -0.4190807785627857, 0.5742617690636116], [-0.47161719485230363, -0.3294103357928521, -0.8179645788128509]]	0.7987234973351648	0.2012765026648352	[[0.4248897461373995, -0.6757881139641603, 0.027172667284911717], [-0.5617216974601356, -0.33472966511961205, 0.45867636857236654], [-0.37669173527583183, -0.2631077754628179, -0.6533275290856854]]	0.858823733523881	0.1862644469787169	[[0.5141556487343039, -0.7069671237432469, 0.005972857408289911], [-0.6000900590628844, -0.3893414655765661, 0.5646357477413249], [-0.36790619638266925, -0.3661118732565546, -0.7024873934663414]]	[[0.05729492117189482, 0.01967090937100702, -0.02324442697772021], [0.003898589103365348, -0.029424946683179555, 0.0714461112140851], [0.03712984369444578, -0.08320645880958204, 1.6178992417712833e-17]]	0.3151253249851377	[[0.6476924001111297, -0.6476924001111296, 0.0], [-0.5, -0.5000000000000001, 0.7071067811865475], [-0.4579876882415702, -0.4579876882415703, -0.6476924001111297]]
