5	[[0.8489524140446696, -0.5135124485683378, 0.12483895166604869], [0.522794976890395, 0.7815435453534784, -0.34040431673891397], [0.0772347773085365, 0.35425224329800037, 0.9319550081910795]]	0.8637962638265367	0.13620373617346332	[[0.7333219234183046, -0.44357013450174676, 0.10783542002915446], [0.45158834778520385, 0.6750943944940802, -0.29403997698949885], [0.06671511207658842, 0.30600176421298203, 0.8050192541298838]]	0.9149109415535955	0.14275499197456018	[[0.7708229621639283, -0.4785054400094825, 0.05482649667307932], [0.49964906794896746, 0.6727848420224284, -0.2903182042545409], [0.02457617704679881, 0.29275394530748516, 0.8529538848161975]]	[[-0.0058928903038781575, -0.00868728219033224, -0.059390026138269075], [0.021338223402685992, -0.042257898922057696, 0.021121429681967167], [-0.0460867657812366, -0.03135530815576175, 0.0002980507865079637]]	0.4302802864228455	[[0.6996114493059702, -0.6996114493059701, 0.0], [0.7071067811865475, 0.7071067811865476, 0.0], [0.0, 0.0, 0.9894000000000001]]
5	[[-0.8305561570912853, 0.32773595720904825, 0.4502950280316503], [-0.5100865793185324, -0.772219296347621, -0.37879947194723407], [0.22358030216652452, -0.5443036842615101, 0.808545204538665]]	0.7941983980824543	0.20580160191754568	[[-0.659626369479418, 0.260287372209446, 0.35762358992723053], [-0.40510994417813717, -0.6132953281276408, -0.3008419338149729], [0.17756711782344486, -0.43228511411086945, 0.6421453062218581]]	0.8379773107529809	0.22008043044968728	[[-0.6954480390554042, 0.3357487024802088, 0.39750956255094066], [-0.49804879527971063, -0.6364994614412758, -0.3701043179614151], [0.06807270629366292, -0.4965615316826929, 0.689057006752564]]	[[0.0005391758932813688, 0.0611134064211166, 0.02017254591554033], [-0.07060781529117982, 0.010602787823662703, -0.05267895514442269], [-0.11928251405318017, -0.04044739411229312, 0.011514470631034666]]	0.38331016054417677	[[-0.670416249748775, 0.47405587641501284, 0.47405587641501273], [-0.7071067811865475, -0.5000000000000001, -0.5], [0.0, -0.6704162497487749, 0.670416249748775]]
5	[[0.08740825448676931, -0.06334395238859675, -0.994156597696443], [0.7119981850616444, -0.6940087028176986, 0.10681996481098455], [-0.6967197295301035, -0.717174639895393, -0.015561310176609944]]	0.9170458675559156	0.08295413244408459	[[0.08015737856736763, -0.0580893097726213, -0.9116871996209718], [0.652934993318093, -0.6364378129668119, 0.09795880730238167], [-0.6389239488102566, -0.657682039831972, -0.014270435191215961]]	0.956089362775747	0.06895903802145242	[[0.06266950532208672, -0.06266950532208673, -0.930433071979013], [0.6814169408906371, -0.6705817911665576, 0.09248762778185614], [-0.674769676553526, -0.6852148646734507, 0.0]]	[[-0.02090059701150886, -0.002107026247176016, 0.020069476011883778], [0.0006830498375610565, -0.007047452728761292, -0.009641804306005782], [-0.00864335431379857, 0.00046817978306143144, 0.014878003130710747]]	0.12471239501030804	[[0.0, 0.0, -0.9685358889840001], [0.7071067811865475, -0.7071067811865476, 0.0], [-0.6848582949231277, -0.6848582949231276, 0.0]]
5	[[0.04673222253661188, -0.9725397674033924, -0.22799671093185395], [-0.8377629715199755, -0.16246744520517667, 0.5213036857710898], [-0.5440306084466285, 0.16664552219444034, -0.8223502702654952]]	0.7174346528055601	0.28256534719443993	[[0.03352731585038637, -0.6977337303666529, -0.16357274114820428], [-0.601040186605788, -0.11655977514298232, 0.37400132880744047], [-0.3903064106865045, 0.11955727235716955, -0.589982580632484]]	0.8046452472745605	0.33132554859062346	[[-0.030799694874760516, -0.8899473511277856, -0.15446992893479067], [-0.6902516162652292, -0.14665667396696858, 0.27562764011183194], [-0.31124270505277796, 0.04355734620883925, -0.6374037934120035]]	[[-0.06840255563342225, -0.1073978495011393, 0.02898654091075746], [-0.016149622889067947, -0.01592801634578323, -0.1438368930305865], [0.1265089384056892, -0.09053318120450449, 0.02429644315207756]]	0.6149981591673127	[[1.9339091378668845e-16, -0.9685358889840001, 0.0], [-1.0, -1.7938038903913487e-16, 0.0], [0.0, 0.0, -0.9685358889840001]]
5	[[-0.5446221603179724, 0.8109226453022452, -0.2139887049042392], [-0.8354447797583356, -0.5021691245819775, 0.22328947644507607], [0.07361197229480154, 0.30038414347728, 0.9509735242804028]]	0.8433413038152122	0.15665869618478792	[[-0.4593023627692164, 0.6838845609824762, -0.1804655133956698], [-0.7045650898270075, -0.4234999642607086, 0.18830923819340656], [0.0620800166915072, 0.2533263552055451, 0.8019952518603825]]	0.8638358699738609	0.14215230226372735	[[-0.4706606536305115, 0.7003075728209773, -0.16407183887792537], [-0.7364961281181458, -0.4490021203141621, 0.19288545914094024], [0.07828183205660447, 0.24478942797821637, 0.821762928927797]]	[[-0.00019649596519239398, -0.00019649596519239393, 0.020779280187607916], [-0.014808959980483273, -0.015210417706877482, 0.0], [0.014693169928832834, -0.01469316992883283, 0.0002778872589266751]]	0.38609070224022163	[[-0.692195567943327, 0.6921955679433269, 0.0], [-0.7071067811865475, -0.7071067811865476, 0.0], [0.0, 0.0, 0.9789123600000001]]
5	[[0.22433838825039393, -0.7661379269479729, -0.6022499185961573], [-0.9416906372873723, -0.011392912655017143, -0.3362869982418849], [0.2507808429735371, 0.642575192824231, -0.724020780340167]]	0.7286402426383156	0.2713597573616844	[[0.1634619776478556, -0.5582389249857871, -0.43882352681480985], [-0.6861536944433011, -0.008301334641308849, -0.24503223999507787], [0.1827290142732794, 0.46820614441281017, -0.527550677062242]]	0.7809890586842839	0.3606401306873841	[[0.2303682927343288, -0.5907992853516181, -0.36762575289487853], [-0.8365769898334663, -0.0158249802488985, -0.15686808872315364], [0.15032189060279486, 0.36762575289487853, -0.5358990659401176]]	[[0.05516246606790431, 0.007546053037808004, 0.10272484412222094], [-0.10112690544659798, -0.006927240118784539, 0.10576837748153955], [-0.04553520388715913, -0.13421844208278982, 0.02955324176561011]]	0.6087170906599577	[[0.670416249748775, -0.47405587641501284, -0.47405587641501273], [-0.7071067811865475, -0.5000000000000001, -0.5], [0.0, 0.6704162497487749, -0.670416249748775]]
5	[[0.8592155572171323, 0.2624339665249735, -0.4391776855101157], [-0.4266000482917053, 0.8413623931712975, -0.33184593135155627], [0.2824199444684594, 0.4724804086637203, 0.8348660002631537]]	0.835712594316624	0.1642874056833761	[[0.7180572623991334, 0.21931937100138776, -0.36702632292362924], [-0.3565150330934581, 0.7031371483576283, -0.2773278242032254], [0.23602190447849308, 0.3948578280881364, 0.6977080309866635]]	0.8685054793914855	0.1706514577962281	[[0.7573662547384186, 0.1481727979536088, -0.3664589706780107], [-0.3581708726951834, 0.7569043155267983, -0.38190305794400753], [0.2990369915656976, 0.40147436186901836, 0.7391393515976226]]	[[0.011132835316930531, -0.07975253995177241, 0.014969255613995395], [0.012333606754834943, 0.02617646690359303, -0.09369304825141013], [0.05375372230540151, -0.00887746196055097, 0.014053655811419954]]	0.4247713127405578	[[0.8092640012894005, -0.1388477515406253, -0.47405587641501273], [-0.14644660940672619, 0.8535533905932737, -0.5], [0.47405587641501273, 0.47405587641501284, 0.670416249748775]]
5	[[-0.30792515101507295, 0.09349718223056193, 0.9468053539599837], [0.3027085282091916, -0.9338174967034747, 0.1906631317268273], [0.9019698710720718, 0.34531602882779927, 0.2592434992682147]]	0.7813676871574872	0.21863231284251272	[[-0.24060276306626752, 0.0730556770352363, 0.7398031096120385], [0.23652666256966293, -0.7296548176263886, 0.14897801026359436], [0.7047701120453218, 0.26981878678358573, 0.20256449343381863]]	0.8580869213775477	0.2516223556723798	[[-0.2637215477442151, 0.08199681495380716, 0.7537604662934163], [0.24306678006526802, -0.8497254206406972, 0.11972814750387295], [0.6895301162250396, 0.2710267900301178, 0.1817247327904079]]	[[0.000504997105025366, 0.0017681056961086957, -0.05868082502988566], [-0.016683448980485772, -0.04842883976592436, -0.04387739221980215], [-0.08443843361849832, -0.025284378049049035, -0.04072872338379702]]	0.4678671009018396	[[0.0, 0.0, 0.9894000000000001], [0.0, -1.0, 0.0], [0.9894000000000001, 0.0, 0.0]]
5	[[0.3802729664721569, 0.7767473726770865, -0.5020517802076895], [0.4287143634067757, 0.332951791095048, 0.839849450446521], [0.8195098935212374, -0.5346088512602871, -0.20639019011321075]]	0.8115203773661347	0.1884796226338654	[[0.30859926125362425, 0.630346320993063, -0.4074252501314838], [0.34791044197414883, 0.2701971631541838, 0.6815549429571017], [0.6650489780456355, -0.433845976718024, -0.16748984496534106]]	0.8736121283230496	0.21235151708358416	[[0.3431074695029219, 0.638242568604044, -0.43859852423561546], [0.4046522366803642, 0.30178923486243464, 0.7203529573778555], [0.688016788757373, -0.4501783034699618, -0.08754904545814193]]	[[0.010896393919461202, -0.0403333568097224, 2.207294396961263e-18], [0.030122169221909547, 0.010918512014918454, -0.01334970849767334], [-0.027916993503510897, 0.01686247289987832, 0.09275592779165892]]	0.37021858999689594	[[0.4791347042803848, 0.4791347042803849, -0.6775987969969426], [0.5, 0.5000000000000001, 0.7071067811865475], [0.6775987969969426, -0.6775987969969425, 0.0]]
5	[[0.8787972042104137, -0.3840163418041313, 0.28327887866788265], [-0.395223040501579, -0.9183905790867732, -0.018907472103605397], [0.2674214316928388, -0.09534250611366366, -0.9588511794847616]]	0.7790845527036325	0.22091544729636758	[[0.6846573267594729, -0.2991811998853569, 0.220698198477354], [-0.30791216572734226, -0.715503913515049, -0.014730519446593834], [0.20834390649378035, -0.07427987372920698, -0.747026142278236]]	0.8562438124586143	0.2378414714193094	[[0.6994693002119761, -0.3179282126207656, 0.1525333737132199], [-0.35976244288688075, -0.8406137979605984, -0.025029887731780845], [0.13834751629001343, -0.05874975585504876, -0.8210103895024714]]	[[-0.052995368299119966, 0.010883403932014053, -0.09002241334636915], [-0.02135515991632341, -0.05424754719726517, -0.008840481733834869], [-0.0906304299158037, 0.022886675069073333, 0.0]]	0.47217159188482205	[[0.692195567943327, -0.6921955679433269, 0.0], [-0.7071067811865475, -0.7071067811865476, 0.0], [0.0, 0.0, -0.9789123600000001]]
5	[[0.034229894132735264, 0.2773841392786001, 0.9601491309293217], [-0.1827544195208179, -0.9427759796974285, 0.2788803941677556], [0.9825625356654255, -0.18501754344446375, 0.018422055382213542]]	0.8673166089046613	0.1326833910953388	[[0.029688155702369504, 0.24057987104305373, 0.832753288280377], [-0.1585059434011356, -0.8176852656679434, 0.2418775977595731], [0.8521928064701022, -0.16046878836812317, 0.01597775460315532]]	0.9300452707389405	0.12317157217038004	[[0.011021621308269955, 0.24209489134473475, 0.8809952075210066], [-0.16368034828997313, -0.8277597842858737, 0.2521443164731381], [0.9149541983224617, -0.16467594021258397, 0.0]]	[[-0.020813729847775082, -0.015884915569318862, -0.011986950903913001], [0.0062895352920038375, 0.04906455699799109, -0.007227075224394612], [0.0011265588215711938, 0.007398751071676018, -0.017133345485518547]]	0.3428370779522563	[[0.0, 0.0, 0.9894000000000001], [0.0, -1.0, 0.0], [0.9894000000000001, 0.0, 0.0]]
5	[[-0.42203838922340475, -0.825029846081567, 0.3757783270710803], [0.2588054115689476, 0.28760896992378115, 0.9221175843470338], [-0.8688517462515349, 0.4864224845687207, 0.09214016247897017]]	0.8080872627657655	0.1919127372342347	[[-0.34104384672961385, -0.6666961100201142, 0.30366167972956787], [0.20913735662371824, 0.23241314525258983, 0.7451514746831744], [-0.7021080293776583, 0.39307181410286035, 0.07445729168842388]]	0.870705699385759	0.2123088337827461	[[-0.2919969006041382, -0.6663880232479705, 0.3424697576156637], [0.25290004334690913, 0.22973633308566357, 0.8307829531827717], [-0.7742841882600806, 0.390850907429014, 0.022095069576266786]]	[[0.07547433025226558, 0.05197016589860544, 0.015277426529228123], [0.027556696461949377, -0.020686436221440133, 0.027889916987980864], [-0.01777002087759976, -0.03267992219435259, -0.0581318950365024]]	0.48493557225735734	[[-0.4791347042803848, -0.4791347042803849, 0.6775987969969426], [0.5, 0.5000000000000001, 0.7071067811865475], [-0.6775987969969426, 0.6775987969969425, 0.0]]
5	[[-0.3195682178843842, -0.5708200961323295, -0.7563336379995778], [0.910087742671785, 0.03735879733279218, -0.41272826520656647], [0.2638493031197415, -0.8202248094963509, 0.507557688474819]]	0.808169243523749	0.19183075647625114	[[-0.2582652049018552, -0.46131924527941837, -0.6112455840736838], [0.7355049225352928, 0.030192230979399715, -0.33355428987285995], [0.21323489170654972, -0.6628804638100773, 0.410192513139357]]	0.8417077171476085	0.18023471779688427	[[-0.28054620301324906, -0.5203386169713948, -0.6457431717487624], [0.8026173039545561, 0.006048995544267844, -0.28714279792112357], [0.1744795030601965, -0.686901031815574, 0.4645223406248567]]	[[-0.011563167864854559, -0.039874936953873195, -0.009131311906192128], [0.03658942766626783, -0.02539619247409686, 0.06025376798818814], [-0.04760449153970845, 0.0034885201334315906, 0.03730711733799974]]	0.47744314268447147	[[1.8931275581748375e-16, -0.670416249748775, -0.6704162497487749], [1.0, 1.2684108950145333e-16, 1.268410895014533e-16], [0.0, -0.6704162497487749, 0.670416249748775]]
5	[[0.5319609947059123, -0.8460851799387872, 0.03402011756955908], [-0.703274286200726, -0.4190807785627857, 0.5742617690636116], [-0.47161719485230363, -0.3294103357928521, -0.8179645788128509]]	0.8159911557022613	0.18400884429773873	[[0.4340754668586018, -0.6903980238008066, 0.027760115052711337], [-0.5738655975726132, -0.341966208832051, 0.4685925246138416], [-0.3848354598765898, -0.26879592060387936, -0.6674518619890116]]	0.8778978226364011	0.16481747925011908	[[0.5299059526432304, -0.7263084531857075, 0.001993087162397257], [-0.5922156299987243, -0.39314883897884034, 0.574636351464667], [-0.3866845925139788, -0.3747000925051457, -0.7243153660233104]]	[[0.0628985536634159, 0.016467884047481392, -0.027873099977753044], [0.025187334573062343, -0.025238735969802972, 0.07049319478039463], [0.027347115964745854, -0.08551147595867507, -0.006226043289807586]]	0.30115803732780955	[[0.670416249748775, -0.6704162497487749, 0.0], [-0.5, -0.5000000000000001, 0.7071067811865475], [-0.47405587641501273, -0.47405587641501284, -0.670416249748775]]
