5	[[-0.5446221603179724, 0.8109226453022452, -0.2139887049042392], [-0.8354447797583356, -0.5021691245819775, 0.22328947644507607], [0.07361197229480154, 0.30038414347728, 0.9509735242804028]]	0.5839997622437315	0.41600023775626843	[[-0.3180592121383633, 0.47357863205456907, -0.12496935278691973], [-0.48789955274663466, -0.29326664936201763, 0.13040100115545175], [0.042989374318456265, 0.17542426837251848, 0.5553683120798388]]	0.7583281536500188	0.3419710558465017	[[-0.4315187466211782, 0.5818844399369669, -0.08168808364074223], [-0.730955346033301, -0.39001717284557275, 0.10749425141565105], [0.0678125451213736, 0.08830510874278406, 0.6955536736241534]]	[[-0.01851642935036576, -0.033061032428073955, 0.08058557585124822], [-0.0974140487226157, -0.009208187781275573, -0.061832444986422846], [0.011990514084520412, -0.13948464416608403, -0.025596323213455868]]	0.44199662853899535	[[-0.5883898034492718, 0.5883898034492717, 0.0], [-0.7071067811865475, -0.7071067811865476, 0.0], [0.0, 0.0, 0.8321088399999998]]
5	[[0.8787972042104137, -0.3840163418041313, 0.28327887866788265], [-0.395223040501579, -0.9183905790867732, -0.018907472103605397], [0.2674214316928388, -0.09534250611366366, -0.9588511794847616]]	0.5792551731939011	0.4207448268060991	[[0.5090478267272193, -0.22244345258104037, 0.16409075592493846], [-0.2289349907759623, -0.531982493948556, -0.010952251028032807], [0.15490524773099631, -0.05522763989161082, -0.5554195060396219]]	0.7900508798041279	0.36883525597478584	[[0.5500198259508874, -0.232442842398966, 0.22400601953331276], [-0.34553298837690793, -0.8467967329336034, -0.02433241677465434], [0.20119187723890194, -0.07532543083783041, -0.6379141309988758]]	[[-0.14427467840495795, 0.07094960630255061, 0.00020129221182529824], [-0.0332866775097728, -0.12122144792227559, -0.009394551804328893], [-0.010084660148504832, 0.0, 0.11962708695428585]]	0.5138851786685016	[[0.9121999999999999, 0.0, 0.0], [0.0, -1.0, 0.0], [0.0, 0.0, -0.9121999999999999]]
5	[[0.8592155572171323, 0.2624339665249735, -0.4391776855101157], [-0.4266000482917053, 0.8413623931712975, -0.33184593135155627], [0.2824199444684594, 0.4724804086637203, 0.8348660002631537]]	0.532705327769467	0.46729467223053306	[[0.4577087050319777, 0.13979997215552734, -0.23395229290870206], [-0.2272521185517033, 0.44819822942721904, -0.1767760956295948], [0.15044660908670532, 0.25169283096185874, 0.4447375663137672]]	0.7357309467514265	0.46438594916612125	[[0.4537115044759, 0.18157767683371895, -0.28383956719766545], [-0.35099685223494637, 0.7496045232516932, -0.2535113036876926], [0.2360676295869716, 0.30775933459661575, 0.4492172881184816]]	[[-0.178439970899015, -0.011503113817431986, 0.03927704715479226], [-0.03713399482108575, 0.13058817316272867, -0.009361982438803276], [0.028282536461706663, -0.03985912379104412, -0.1650194646657052]]	0.565915835674352	[[0.5391145231083411, -0.0924974288207846, -0.3158059759645628], [-0.14644660940672619, 0.8535533905932737, -0.5], [0.3158059759645628, 0.31580597596456284, 0.44661709428755647]]
5	[[0.04673222253661188, -0.9725397674033924, -0.22799671093185395], [-0.8377629715199755, -0.16246744520517667, 0.5213036857710898], [-0.5440306084466285, 0.16664552219444034, -0.8223502702654952]]	0.5254616694581689	0.4745383305418311	[[0.02455599167157876, -0.5110323697942459, -0.11980353235722352], [-0.44021232962512274, -0.08537041499011573, 0.27392510501997347], [-0.28586723175070883, 0.08756583430001895, -0.43211354589308343]]	0.6960224366616731	0.4734986879673794	[[-0.00017572274082044287, -0.6960947625969534, -0.1066954133376175], [-0.6708389963594513, -0.14875268485464707, 0.2803822963816766], [-0.24008359650763045, 0.01517306826774698, -0.5027363535434219]]	[[-0.032702398141368494, -0.019185263938467374, 0.05199541295601862], [-0.08773717157719413, -0.03567169776474326, -0.08245676522942848], [0.13857391320192453, -0.10081595414878433, 0.06963788535615348]]	0.6896978297137786	[[1.515620780174173e-16, -0.7590496838479998, 0.0], [-1.0, -1.7938038903913487e-16, 0.0], [0.0, 0.0, -0.7590496838479998]]
5	[[-0.30792515101507295, 0.09349718223056193, 0.9468053539599837], [0.3027085282091916, -0.9338174967034747, 0.1906631317268273], [0.9019698710720718, 0.34531602882779927, 0.2592434992682147]]	0.5931447447371371	0.40685525526286315	[[-0.1826441850969798, 0.05545736228778821, 0.5615926199903492], [0.17954997269439546, -0.5538889407132548, 0.11309083459889215], [0.5349986889376325, 0.20482238777270687, 0.1537689191982074]]	0.7932453550189961	0.30971299138333075	[[-0.17546594906119, 0.06984594191330537, 0.7183311684852777], [0.2610795076475384, -0.8379546559232229, 0.13013255974203136], [0.6600604764471143, 0.23945497333791965, 0.10562000714788466]]	[[0.06879424667503946, -0.0043202635984524885, -0.0327177806505958], [0.020957373720960445, -0.097208264227725, -0.021110083873649366], [-0.05542293414788936, -0.03446536254333789, -0.10002369446549715]]	0.48453167893112714	[[0.0, 0.0, 0.9121999999999999], [0.0, -1.0, 0.0], [0.9121999999999999, 0.0, 0.0]]
5	[[-0.3195682178843842, -0.5708200961323295, -0.7563336379995778], [0.910087742671785, 0.03735879733279218, -0.41272826520656647], [0.2638493031197415, -0.8202248094963509, 0.507557688474819]]	0.502255157567465	0.49774484243253486	[[-0.16050478562707537, -0.2866973373256187, -0.37987247052705203], [0.457096262595836, 0.01876364864091254, -0.20729489987387056], [0.1325196733124716, -0.41196214093433375, 0.2549234667994985]]	0.6787711477909678	0.5088371556451547	[[-0.2341690607808774, -0.3682307138447345, -0.3710386769475592], [0.7781328375317728, 0.01297351380084344, -0.22724096783617115], [0.1573428099685022, -0.3710386769475592, 0.3078839047398414]]	[[-0.0172553747299799, 0.01922549798915737, 0.14233877463033248], [0.16039153584795415, -0.012384559944826033, 0.05290707046386492], [-0.021750484353931638, 0.18570625844090682, -0.036631610036341945]]	0.6242435159194374	[[1.2611614492706258e-16, -0.44661709428755647, -0.4466170942875564], [1.0, 1.2684108950145333e-16, 1.268410895014533e-16], [0.0, -0.4466170942875564, 0.44661709428755647]]
5	[[0.8489524140446696, -0.5135124485683378, 0.12483895166604869], [0.522794976890395, 0.7815435453534784, -0.34040431673891397], [0.0772347773085365, 0.35425224329800037, 0.9319550081910795]]	0.6666672134313055	0.3333327865686946	[[0.5659687402069397, -0.3423419131493404, 0.08322603603489011], [0.34853027043940343, 0.5210294575560265, -0.22693639728031925], [0.05148989376826945, 0.23616835589126678, 0.6213038483540967]]	0.8184669925901206	0.27352369265469795	[[0.6482249336183418, -0.4012183039574151, 0.05076558173414146], [0.4765217485761774, 0.625553079372794, -0.26436568196335813], [0.026006624483272334, 0.22542564456541697, 0.7160618052769105]]	[[-0.046614595556921795, 0.019074685479901383, -0.05141097959407284], [0.0486313160994742, -0.014114515770888066, 0.014244015422635686], [-0.037207491423813216, -0.0645181236250011, -0.046712607506543546]]	0.4575585815176532	[[0.6450228057983686, -0.6450228057983686, 0.0], [0.7071067811865475, 0.7071067811865476, 0.0], [0.0, 0.0, 0.9121999999999999]]
5	[[0.034229894132735264, 0.2773841392786001, 0.9601491309293217], [-0.1827544195208179, -0.9427759796974285, 0.2788803941677556], [0.9825625356654255, -0.18501754344446375, 0.018422055382213542]]	0.7487423329555873	0.2512576670444128	[[0.025629370789766973, 0.20768924756833662, 0.7189043002772999], [-0.13683597042996135, -0.705896286493142, 0.2088095569447391], [0.7356861652288881, -0.1385304671163195, 0.013793372724715603]]	0.8657636460789113	0.20655387703762226	[[0.00922729058738396, 0.2093681517239045, 0.7751989168925931], [-0.16867535908793435, -0.8233836776032221, 0.25771416177882583], [0.8041524567664868, -0.14329019198689213, 0.0]]	[[-0.020407707361868057, -0.03078095206239691, -0.056063295480274354], [-0.010453226506556057, -0.0071625079847585996, 0.01626965490422575], [-0.04651446661175215, 0.01689127101415017, -0.01594914583597283]]	0.37766426090203653	[[0.0, 0.0, 0.9121999999999999], [0.0, -1.0, 0.0], [0.9121999999999999, 0.0, 0.0]]
5	[[-0.42203838922340475, -0.825029846081567, 0.3757783270710803], [0.2588054115689476, 0.28760896992378115, 0.9221175843470338], [-0.8688517462515349, 0.4864224845687207, 0.09214016247897017]]	0.5270651719283233	0.4729348280716767	[[-0.22244173617638643, -0.4348444976709792, 0.19805966856465657], [0.1364073187445679, 0.15158867118100566, 0.48601606313199963], [-0.45794149501828924, 0.25637635045901497, 0.04856387057848206]]	0.7341672502585974	0.41945573953301396	[[-0.21536915665346157, -0.47871696519973134, 0.2615269778750046], [0.26953389566327196, 0.2356232506541912, 0.8280644503681293], [-0.5532744627437469, 0.281608581586128, 0.022969400670053056]]	[[0.0944776070662532, 0.12699292827924658, -0.014357163217546353], [0.07952743829965307, 0.024470164055541067, 0.15107591905296713], [0.08460803468412308, -0.07550687637364474, -0.04467688905551284]]	0.5843861762028185	[[-0.3462025608030726, -0.34620256080307266, 0.48960435681600145], [0.5, 0.5000000000000001, 0.7071067811865475], [-0.48960435681600145, 0.4896043568160014, 0.0]]
5	[[0.3802729664721569, 0.7767473726770865, -0.5020517802076895], [0.4287143634067757, 0.332951791095048, 0.839849450446521], [0.8195098935212374, -0.5346088512602871, -0.20639019011321075]]	0.5408989463528582	0.459101053647142	[[0.20568924689126541, 0.42014183546338696, -0.27155927892891596], [0.2318911474530614, 0.18009327298960842, 0.4542736828415503], [0.44327203793138037, -0.28916936435760116, -0.1116362363698018]]	0.7403875778182923	0.40213810258153215	[[0.29239777553187013, 0.4192517777319878, -0.3463509625600599], [0.41552383991825514, 0.3151582808816362, 0.7033175247987198], [0.5220900994166534, -0.3740329474248795, -0.039479952340015174]]	[[0.010848394975773201, -0.15584232810112267, 0.025361938927272912], [0.09810905081960133, 0.06864491074251161, 0.08150342445059607], [-0.08466484564566205, 0.021784805039944174, 0.11332878060336178]]	0.472497949659384	[[0.3462025608030726, 0.34620256080307266, -0.48960435681600145], [0.5, 0.5000000000000001, 0.7071067811865475], [0.48960435681600145, -0.4896043568160014, 0.0]]
5	[[-0.8305561570912853, 0.32773595720904825, 0.4502950280316503], [-0.5100865793185324, -0.772219296347621, -0.37879947194723407], [0.22358030216652452, -0.5443036842615101, 0.808545204538665]]	0.5207276038628356	0.4792723961371644	[[-0.43249351755566984, 0.17066115969716047, 0.23448105097826963], [-0.26561616221112955, -0.40211590384374163, -0.19725134137159053], [0.11642443501810308, -0.28343395327920956, 0.4210318069742053]]	0.7161284885841047	0.4321837735222418	[[-0.5011613137730733, 0.17093289063546438, 0.24265009416158756], [-0.43866764013105364, -0.6705389012383616, -0.26379039633569207], [0.13940643268734002, -0.34090281646733445, 0.4696549380724655]]	[[0.09362361168893112, -0.06376816505531616, -0.07981900367965519], [-0.07338010903663703, -0.11753066368945883, 0.00747869698633763], [-0.020705791180350614, 0.04888855827362053, -0.10936731720573445]]	0.5573954411954546	[[-0.44661709428755647, 0.31580597596456284, 0.3158059759645628], [-0.7071067811865475, -0.5000000000000001, -0.5], [0.0, -0.4466170942875564, 0.44661709428755647]]
5	[[0.22433838825039393, -0.7661379269479729, -0.6022499185961573], [-0.9416906372873723, -0.011392912655017143, -0.3362869982418849], [0.2507808429735371, 0.642575192824231, -0.724020780340167]]	0.4853171194568992	0.514682880543101	[[0.10887526036928462, -0.37181985181307037, -0.29228219568623903], [-0.4570185875078393, -0.005529175551956984, -0.16320583729755886], [0.12170823632688998, 0.31185274161591725, -0.3513796795416261]]	0.6851706678257693	0.5050128393619502	[[0.17537252755441102, -0.4177351728099153, -0.3231375196786591], [-0.8195119309730394, 0.04977464328589144, -0.2011054013382596], [0.1392464098692703, 0.32313751967865906, -0.3511304423213313]]	[[0.021662444257931925, 0.10720006224367785, 0.08950645924388519], [-0.17429312813757644, 0.05758073285821021, 0.029308585828255955], [-0.03258126778881747, -0.11713615431699183, 0.14494735926407556]]	0.7328601668742084	[[1.515620780174173e-16, -0.7590496838479998, 0.0], [-1.0, -1.7938038903913487e-16, 0.0], [0.0, 0.0, -0.7590496838479998]]
5	[[0.08740825448676931, -0.06334395238859675, -0.994156597696443], [0.7119981850616444, -0.6940087028176986, 0.10681996481098455], [-0.6967197295301035, -0.717174639895393, -0.015561310176609944]]	0.6115843444995781	0.38841565550042184	[[0.05345752002414312, -0.038740169599592436, -0.60801061113211], [0.43544694329581507, -0.42444485758976463, 0.06532941815839398], [-0.4261028790845918, -0.4386127820321449, -0.009517053683916607]]	0.8371702307480241	0.27540581234671113	[[0.04739264587099742, -0.047392645870997424, -0.7221645523920073], [0.6787553492517635, -0.6642077272986802, 0.09679784342443686], [-0.5192357609612203, -0.5302781288054484, 0.0]]	[[-0.025782942706973257, 0.00563702536665596, 0.1101137559011945], [0.08269166437153239, -0.0832043014196506, 0.007371348835129132], [0.06403725577619739, 0.07011912996240874, 0.013027465631294123]]	0.2780512852214728	[[0.0, 0.0, -0.7590496838479998], [0.7071067811865475, -0.7071067811865476, 0.0], [-0.5367291787064257, -0.5367291787064256, 0.0]]
5	[[0.5319609947059123, -0.8460851799387872, 0.03402011756955908], [-0.703274286200726, -0.4190807785627857, 0.5742617690636116], [-0.47161719485230363, -0.3294103357928521, -0.8179645788128509]]	0.5593823864441144	0.44061761355588563	[[0.2975696107137781, -0.47328514708915664, 0.01903025455316929], [-0.39339924853974323, -0.23442640602530862, 0.3212319188224219], [-0.2638143519445605, -0.18426633975516266, -0.4575549781230874]]	0.7038363218267818	0.487319414118927	[[0.42493234896021376, -0.5439249412523508, 0.08127407999284954], [-0.52972543706379, -0.34206961812894277, 0.32858468783141626], [-0.2425086646702292, -0.11114367925928506, -0.489801411731306]]	[[0.05051887909108832, 0.05158053974791611, 0.05732948557457643], [-0.03473545022891565, -0.047105344397007684, -0.07560160347205694], [0.08943264706488087, 0.12070727985688107, 0.08591176880492378]]	0.48814206269499827	[[0.44661709428755647, -0.4466170942875564, 0.0], [-0.5, -0.5000000000000001, 0.7071067811865475], [-0.3158059759645628, -0.31580597596456284, -0.44661709428755647]]
