5	[[0.034229894132735264, 0.2773841392786001, 0.9601491309293217], [-0.1827544195208179, -0.9427759796974285, 0.2788803941677556], [0.9825625356654255, -0.18501754344446375, 0.018422055382213542]]	0.8368415631525268	0.16315843684747341	[[0.028644998112583697, 0.23212657670762193, 0.8034926995864334], [-0.15293649410483387, -0.7889541245526508, 0.2333787049879374], [0.8222491682413651, -0.15483037026670557, 0.015416341622534]]	0.9024023301256561	0.148479783970537	[[0.009108006026002265, 0.22768062656670932, 0.8327193815774784], [-0.16603641743673772, -0.8257399686150764, 0.254664513712306], [0.8645356462074414, -0.15464202861514725, 0.0]]	[[-0.021781130199332564, -0.022631467058198906, -0.03372143144126513], [-0.001118403420389982, 0.02502327225038138, 0.0030021961889618856], [-0.02213107547121158, 0.012318233703261636, -0.01662410570261338]]	0.35799068553046115	[[0.0, 0.0, 0.9545999999999999], [0.0, -1.0, 0.0], [0.9545999999999999, 0.0, 0.0]]
5	[[0.22433838825039393, -0.7661379269479729, -0.6022499185961573], [-0.9416906372873723, -0.011392912655017143, -0.3362869982418849], [0.2507808429735371, 0.642575192824231, -0.724020780340167]]	0.6321312940306227	0.36786870596937726	[[0.1418113156654658, -0.48429975916756074, -0.38070102037202613], [-0.5952721211249884, -0.007201816619393852, -0.2125775353643164], [0.15852641878695237, 0.4061918881519581, -0.45767619278149096]]	0.7503458709361899	0.42177201643474144	[[0.20391697708615983, -0.5084439825184539, -0.36085956635980543], [-0.817768875568732, 0.0511231762244206, -0.2034070373750127], [0.1689085736251793, 0.3608595663598054, -0.4240005864004857]]	[[0.03558559376999694, 0.06642444753456976, 0.09103617333047778], [-0.11117519418088297, 0.059671801193049365, 0.04892452320531139], [-0.019263796409911202, -0.12129407634188245, 0.11926541659975681]]	0.666289782400667	[[0.5605213409607531, -0.3963484411931254, -0.3963484411931253], [-0.7071067811865475, -0.5000000000000001, -0.5], [0.0, 0.560521340960753, -0.5605213409607531]]
5	[[-0.8305561570912853, 0.32773595720904825, 0.4502950280316503], [-0.5100865793185324, -0.772219296347621, -0.37879947194723407], [0.22358030216652452, -0.5443036842615101, 0.808545204538665]]	0.6577160180987806	0.3422839819012194	[[-0.5462700884495053, 0.2155571887633276, 0.29616625280665587], [-0.335492113835013, -0.5079010006927995, -0.24914248034705552], [0.1470523460662887, -0.35799725184897624, 0.5317931323820348]]	0.7678530867846792	0.38736105416318295	[[-0.603736811741994, 0.239603070093232, 0.1970842545542567], [-0.5682165100249804, -0.6244956617288283, -0.30355452740872535], [0.17666413871377948, -0.26854957988862505, 0.5832884858750214]]	[[0.034008297228570135, -0.012049996300067263, -0.14867617268363967], [-0.1765449555678074, -0.03154469135361459, -0.012692183601635147], [0.004987313550962362, 0.14939568421984892, -0.037555445234942315]]	0.45990743544806456	[[-0.5605213409607531, 0.3963484411931254, 0.3963484411931253], [-0.7071067811865475, -0.5000000000000001, -0.5], [0.0, -0.560521340960753, 0.5605213409607531]]
5	[[0.8592155572171323, 0.2624339665249735, -0.4391776855101157], [-0.4266000482917053, 0.8413623931712975, -0.33184593135155627], [0.2824199444684594, 0.4724804086637203, 0.8348660002631537]]	0.6802730988351815	0.31972690116481867	[[0.5845012296754957, 0.17852676764755201, -0.29876076506122917], [-0.2902045368146364, 0.572356202446023, -0.2257458600563701], [0.19212269079641875, 0.3214157117405819, 0.5679368811111489]]	0.7777195571094353	0.39345354356420875	[[0.5308263182285442, 0.21032953423831846, -0.2845630479757746], [-0.34018251075338424, 0.7511800485189428, -0.2605219907011995], [0.24137871761309165, 0.330881645351558, 0.5240763291954149]]	[[-0.13740242439190065, 0.006229506022043661, 0.05699402709149952], [-0.008407310133095442, 0.09683606073322676, -0.0024389199418991363], [0.021735203482210086, -0.036575608817275555, -0.12521528677497068]]	0.4806605032566267	[[0.676609111673502, -0.11608777071274885, -0.3963484411931253], [-0.14644660940672619, 0.8535533905932737, -0.5], [0.3963484411931253, 0.3963484411931254, 0.5605213409607531]]
5	[[-0.42203838922340475, -0.825029846081567, 0.3757783270710803], [0.2588054115689476, 0.28760896992378115, 0.9221175843470338], [-0.8688517462515349, 0.4864224845687207, 0.09214016247897017]]	0.6576874158262418	0.3423125841737582	[[-0.2775693375878107, -0.5426117474489076, 0.24714467685488706], [0.17021306233662814, 0.18915680019761894, 0.6064651311371374], [-0.5714328597282896, 0.3199139468757819, 0.060599425354603935]]	0.8127302544356391	0.30959917705181855	[[-0.2606232338720909, -0.5697736678524543, 0.3110168070680026], [0.26483973252314, 0.23595177709925766, 0.8281144758993952], [-0.6636752263789547, 0.3445884433302972, 0.02398846868114879]]	[[0.08238013358305404, 0.10075304887041375, 0.0056103916961247014], [0.054500744529388905, 0.0022032657951308356, 0.07868161695345363], [0.04246687441890465, -0.05074182631645487, -0.05089662901412576]]	0.5238328665473693	[[-0.41519845086227253, -0.41519845086227264, 0.5871792802857251], [0.5, 0.5000000000000001, 0.7071067811865475], [-0.5871792802857251, 0.587179280285725, 0.0]]
5	[[0.3802729664721569, 0.7767473726770865, -0.5020517802076895], [0.4287143634067757, 0.332951791095048, 0.839849450446521], [0.8195098935212374, -0.5346088512602871, -0.20639019011321075]]	0.6662509477147888	0.33374905228521135	[[0.25335722430238866, 0.5175086731810811, -0.33449247436526997], [0.28563135091870673, 0.22182944636041213, 0.5595504922977391], [0.54599924322017, -0.3561836538088809, -0.13750765976196205]]	0.8122885203982595	0.29706959684316314	[[0.3465454129652154, 0.5301082083037535, -0.41379661115854643], [0.40763750041019603, 0.2970818673392765, 0.7154178381768568], [0.6009339024617085, -0.41737110712317044, -0.07123751116322709]]	[[0.03765404768209018, -0.10083476577135247, -0.0059857134503302455], [0.05939774448502445, 0.02662894958672966, 0.0332177707163608], [-0.06474457639839254, 0.016885525658861367, 0.09641087098854834]]	0.40492489368426277	[[0.41519845086227253, 0.41519845086227264, -0.5871792802857251], [0.5, 0.5000000000000001, 0.7071067811865475], [0.5871792802857251, -0.587179280285725, 0.0]]
5	[[-0.5446221603179724, 0.8109226453022452, -0.2139887049042392], [-0.8354447797583356, -0.5021691245819775, 0.22328947644507607], [0.07361197229480154, 0.30038414347728, 0.9509735242804028]]	0.7065351840390226	0.29346481596097734	[[-0.3847947182719887, 0.572945380440033, -0.15119054900178874], [-0.5902711312209965, -0.3548001548552424, 0.1577618713340988], [0.05200944839278303, 0.21223196609412417, 0.6718962539936923]]	0.8095841476070854	0.28382309162019814	[[-0.4838393885686263, 0.6219424572380792, -0.11452778304178247], [-0.7353146506896086, -0.4066610019871292, 0.09624084699909032], [0.07540850054115006, 0.119037383668023, 0.748814731192635]]	[[-0.04292192113967126, -0.03456766133422185, 0.05871408021566021], [-0.058951800796167166, -0.00011283930783276969, -0.08453077345832898], [0.01581341469718679, -0.12414885708371518, -0.021078358858820815]]	0.4086539487956868	[[-0.6443589456679194, 0.6443589456679193, 0.0], [-0.7071067811865475, -0.7071067811865476, 0.0], [0.0, 0.0, 0.9112611599999998]]
5	[[-0.30792515101507295, 0.09349718223056193, 0.9468053539599837], [0.3027085282091916, -0.9338174967034747, 0.1906631317268273], [0.9019698710720718, 0.34531602882779927, 0.2592434992682147]]	0.694493460315646	0.3055065396843544	[[-0.2138520036466758, 0.06493318161706546, 0.6575501265170488], [0.21022909322305783, -0.6485301445888905, 0.13241429810758215], [0.6264121768612999, 0.23981972376307578, 0.18004291487111904]]	0.8291008683449854	0.28201049198934564	[[-0.23391260556085064, 0.0729015857533606, 0.7266646175309222], [0.24731004652295144, -0.848468680829333, 0.11851891934315903], [0.6649487377567891, 0.2520937252554073, 0.16101101980749005]]	[[0.02138840453100717, -0.0046170092218076435, -0.05833252359098172], [-0.003665857070721862, -0.07423978343674163, -0.03956004873292783], [-0.08287526557008033, -0.034208094099163144, -0.0539279905485794]]	0.47432535520382646	[[0.0, 0.0, 0.9545999999999999], [0.0, -1.0, 0.0], [0.9545999999999999, 0.0, 0.0]]
5	[[0.5319609947059123, -0.8460851799387872, 0.03402011756955908], [-0.703274286200726, -0.4190807785627857, 0.5742617690636116], [-0.47161719485230363, -0.3294103357928521, -0.8179645788128509]]	0.6827029908665959	0.3172970091334042	[[0.3631713621100957, -0.5776248828721119, 0.02322563601437122], [-0.48012745858880596, -0.2861077009395154, 0.3920502272800701], [-0.32197446946978187, -0.22488942146814977, -0.5584268643784687]]	0.7684020093277141	0.2781878338027455	[[0.43128368249294746, -0.6310237085175157, 0.005322782561987104], [-0.6096133313788148, -0.37999803723806014, 0.5415874694142155], [-0.30766910333266045, -0.30014155204393533, -0.628525625918692]]	[[0.022523785276954963, 0.019109843809848998, -0.020818344136027154], [-0.0692159567536632, -0.057975524919792736, 0.10032357218564875], [0.05472249682534966, -0.04702198812739068, 8.06785962935251e-18]]	0.3804335524848463	[[0.5605213409607531, -0.560521340960753, 0.0], [-0.5, -0.5000000000000001, 0.7071067811865475], [-0.3963484411931253, -0.3963484411931254, -0.5605213409607531]]
5	[[0.8489524140446696, -0.5135124485683378, 0.12483895166604869], [0.522794976890395, 0.7815435453534784, -0.34040431673891397], [0.0772347773085365, 0.35425224329800037, 0.9319550081910795]]	0.7538490362240141	0.2461509637759859	[[0.6399819591276243, -0.3871108644422751, 0.09410972339666712], [0.39410848947158, 0.5891658484318187, -0.2566134661001243], [0.05822336243701661, 0.2670527121903925, 0.7025533847289884]]	0.8793654056399881	0.20158039093313904	[[0.7113703248884238, -0.45451701090482777, 0.053359788273332966], [0.5046371566577084, 0.6688423988456103, -0.29484801533215926], [0.02335094123604336, 0.264807077443005, 0.7950994564144478]]	[[-0.03516905905701431, -0.0029519282683478916, -0.0564192670981528], [0.04490933973793809, -0.01841995793946556, 0.004491764738558757], [-0.04456665004139201, -0.04671009018361676, -0.024429537401719274]]	0.4418641362767471	[[0.6750041333206782, -0.6750041333206781, 0.0], [0.7071067811865475, 0.7071067811865476, 0.0], [0.0, 0.0, 0.9545999999999999]]
5	[[0.8787972042104137, -0.3840163418041313, 0.28327887866788265], [-0.395223040501579, -0.9183905790867732, -0.018907472103605397], [0.2674214316928388, -0.09534250611366366, -0.9588511794847616]]	0.6711053568699885	0.32889464313001165	[[0.5897655113479777, -0.2577154241103691, 0.19010997296213958], [-0.265236299639054, -0.6163368373240643, -0.012688905813599449], [0.17946795535090582, -0.06398486659028929, -0.6434901629933303]]	0.8263930614437223	0.2830626326849247	[[0.6545725193012656, -0.26728459533374693, 0.16779692208198613], [-0.31732752250011437, -0.8545790564613621, -0.033749691643957434], [0.15873241707683552, -0.05263843407674829, -0.7525463754103874]]	[[-0.07165939267436222, 0.050063845014188035, -0.06630277770271026], [0.00928205589308168, -0.09562745420877056, -0.018124687888097207], [-0.06226279855547278, 0.026151951436239038, 0.03984158627294871]]	0.48862450588179385	[[0.6443589456679194, -0.6443589456679193, 0.0], [-0.7071067811865475, -0.7071067811865476, 0.0], [0.0, 0.0, -0.9112611599999998]]
5	[[0.08740825448676931, -0.06334395238859675, -0.994156597696443], [0.7119981850616444, -0.6940087028176986, 0.10681996481098455], [-0.6967197295301035, -0.717174639895393, -0.015561310176609944]]	0.7575792300601728	0.24242076993982714	[[0.06621867813499036, -0.047988062679521375, -0.7531523898421124], [0.539395036843241, -0.5257665787356914, 0.08092458669656044], [-0.5278203962651478, -0.5433166115106335, -0.011788925382323692]]	0.9022114166464059	0.1651265367971578	[[0.05317089670103224, -0.053170896701032255, -0.8332329094380242], [0.6839415802939705, -0.6702123143180528, 0.09055308742358717], [-0.60250626722967, -0.6139965425966135, 0.0]]	[[-0.025689828406065478, 0.003978740319466102, 0.06370652293805468], [0.04156868909983452, -0.04406973938396237, -0.005821104354650421], [0.026082226955185417, 0.033046605246284846, 0.014039591699313392]]	0.18842463204205995	[[0.0, 0.0, -0.8698899033359997], [0.7071067811865475, -0.7071067811865476, 0.0], [-0.6151050495345958, -0.6151050495345957, 0.0]]
5	[[-0.3195682178843842, -0.5708200961323295, -0.7563336379995778], [0.910087742671785, 0.03735879733279218, -0.41272826520656647], [0.2638493031197415, -0.8202248094963509, 0.507557688474819]]	0.6620391740222915	0.3379608259777085	[[-0.21156667901195345, -0.3779052649587724, -0.5007224969865153], [0.6025137374462403, 0.024732987328667924, -0.2732422797930086], [0.17467857470375087, -0.5430209553915557, 0.3360230728465327]]	0.7391080473559396	0.2904628826598607	[[-0.286366543320679, -0.43658542863901884, -0.5340691551869857], [0.7587288394133502, 0.01463691254195714, -0.34341060746376656], [0.1905492820262229, -0.5707829378848193, 0.38023365585859636]]	[[-0.05017110180313432, -0.014687701995123037, 0.02494312314449629], [0.08607566500463235, -0.012975275206249227, -0.038359825278336875], [-0.00446386119883466, 0.035451819454926356, 0.005093683809478569]]	0.5403434807296975	[[1.5828053062788322e-16, -0.5605213409607531, -0.560521340960753], [1.0, 1.2684108950145333e-16, 1.268410895014533e-16], [0.0, -0.560521340960753, 0.5605213409607531]]
5	[[0.04673222253661188, -0.9725397674033924, -0.22799671093185395], [-0.8377629715199755, -0.16246744520517667, 0.5213036857710898], [-0.5440306084466285, 0.16664552219444034, -0.8223502702654952]]	0.6227180355747508	0.3772819644252492	[[0.029100997816041082, -0.6056180534757658, -0.14197766394898836], [-0.521690111902185, -0.10117140832301616, 0.32462520714125015], [-0.3387776717844209, 0.10377317221825043, -0.5120923448540945]]	0.7574756899661305	0.39799280998661923	[[-0.009416003529580254, -0.7996531207099502, -0.12483404512138022], [-0.6872012600303358, -0.1464034642953102, 0.27168556854096404], [-0.2702583197160026, 0.027684028212026614, -0.581952347482758]]	[[-0.044814526039151203, -0.06297788937656545, 0.04786792080173423], [-0.05261617515016676, -0.023338324141484453, -0.12318930052037907], [0.14183164077980112, -0.09854590369197322, 0.04095799088043184]]	0.6469897553132576	[[1.7369392834418979e-16, -0.8698899033359997, 0.0], [-1.0, -1.7938038903913487e-16, 0.0], [0.0, 0.0, -0.8698899033359997]]
