5	[[-0.5446221603179724, 0.8109226453022452, -0.2139887049042392], [-0.8354447797583356, -0.5021691245819775, 0.22328947644507607], [0.07361197229480154, 0.30038414347728, 0.9509735242804028]]	0.8309144714109226	0.16908552858907755	[[-0.45253443445928276, 0.6738073611764622, -0.1778063116234138], [-0.694183157565912, -0.41725959271091956, 0.18553445729198198], [0.06116525304885052, 0.24959353179764682, 0.7901776632532328]]	0.8570678021340536	0.1509642567879604	[[-0.4668686173027964, 0.6949251899443566, -0.1567110789054348], [-0.7353377630931469, -0.4498839539882158, 0.19137422081644492], [0.08196436879467021, 0.23857566015678075, 0.8151767737728572]]	[[-9.049936557158645e-05, -9.049936557158643e-05, 0.026691750088354123], [-0.01930494190130158, -0.019490966083158593, 0.0], [0.01887391748921183, -0.018873917489211828, 0.00012798543017749828]]	0.3878200700838246	[[-0.6880042632085217, 0.6880042632085216, 0.0], [-0.7071067811865475, -0.7071067811865476, 0.0], [0.0, 0.0, 0.9729849599999999]]
5	[[0.8489524140446696, -0.5135124485683378, 0.12483895166604869], [0.522794976890395, 0.7815435453534784, -0.34040431673891397], [0.0772347773085365, 0.35425224329800037, 0.9319550081910795]]	0.8569053383141538	0.14309466168584623	[[0.7274718555695651, -0.44003155846898107, 0.10697516411217974], [0.44798580654120423, 0.6697088361383655, -0.29169427619875743], [0.0661828929791898, 0.30356063839182096, 0.798597221587547]]	0.9106874989527289	0.14793768014231182	[[0.7661548783900574, -0.4754708524190842, 0.05465622198553603], [0.4997377574271721, 0.6733082810903677, -0.28896582107944124], [0.022591444200941408, 0.2894232237621163, 0.8487197755460041]]	[[-0.00697547228616433, -0.007821484951292782, -0.05903305067909845], [0.023634907457808576, -0.03843365555024007, 0.0210361347642328], [-0.047745301978340676, -0.033189865685333206, 0.0]]	0.4312300424777315	[[0.6974901289624105, -0.6974901289624104, 0.0], [0.7071067811865475, 0.7071067811865476, 0.0], [0.0, 0.0, 0.9863999999999999]]
5	[[-0.3195682178843842, -0.5708200961323295, -0.7563336379995778], [0.910087742671785, 0.03735879733279218, -0.41272826520656647], [0.2638493031197415, -0.8202248094963509, 0.507557688474819]]	0.7991559919963429	0.20084400800365723	[[-0.25538485617389844, -0.4561743001760797, -0.6044285587557556], [0.7273020727985827, 0.029855506742277868, -0.3298342662060833], [0.21085675157220074, -0.6554875712930677, 0.4056177680284647]]	0.833775330198668	0.18288824105043072	[[-0.28585095063125593, -0.5090205564709372, -0.6353328113276452], [0.7957891977982899, 0.006560135794058515, -0.2960317034756086], [0.17878197782740826, -0.6766454728842349, 0.453066388548508]]	[[-0.01940285424370366, -0.03308484233416874, -0.004720482564187521], [0.036980489642362044, -0.024588707787915456, 0.04809094212931972], [-0.041209062003942636, 0.007237738490724597, 0.0298773092455432]]	0.4823922254181269	[[1.8645999375321693e-16, -0.6603137184307311, -0.660313718430731], [1.0, 1.2684108950145333e-16, 1.268410895014533e-16], [0.0, -0.660313718430731, 0.6603137184307311]]
5	[[0.8787972042104137, -0.3840163418041313, 0.28327887866788265], [-0.395223040501579, -0.9183905790867732, -0.018907472103605397], [0.2674214316928388, -0.09534250611366366, -0.9588511794847616]]	0.7710280956090725	0.22897190439092766	[[0.6775773347889323, -0.2960873887040019, 0.21841597434557106], [-0.3047280682587598, -0.7081049392185881, -0.01457819220882452], [0.20618943720318114, -0.07351175091941443, -0.7393011988906488]]	0.8537047290929413	0.24093692329082872	[[0.6971680551469319, -0.317243613353683, 0.1505203759360879], [-0.36023488729448405, -0.8405093281431064, -0.024809655774425298], [0.1367438341381651, -0.057398935982438046, -0.8185757864224856]]	[[-0.05306527400115343, 0.01059295369347523, -0.09131614243482905], [-0.022831108571795034, -0.056474947622323246, -0.008668257424384505], [-0.09155510675881631, 0.02399541237036929, 0.0]]	0.47336606483706245	[[0.6880042632085217, -0.6880042632085216, 0.0], [-0.7071067811865475, -0.7071067811865476, 0.0], [0.0, 0.0, -0.9729849599999999]]
5	[[-0.30792515101507295, 0.09349718223056193, 0.9468053539599837], [0.3027085282091916, -0.9338174967034747, 0.1906631317268273], [0.9019698710720718, 0.34531602882779927, 0.2592434992682147]]	0.7751831762589467	0.22481682374105336	[[-0.23869839661388012, 0.07247744269274857, 0.7339475815816766], [0.23465455837787214, -0.723879613140778, 0.14779885204747997], [0.6991918695475212, 0.2676831760398595, 0.20096119918721864]]	0.8556560860247208	0.25504660170643334	[[-0.26254464381553116, 0.08121893383657273, 0.749981930820298], [0.24303441629318756, -0.8497597385103497, 0.11967766060960658], [0.6861391567146329, 0.26899100885858274, 0.18132570997895847]]	[[0.0009333856905972243, 0.0012175008348300279, -0.060157832576351815], [-0.015979978160593048, -0.05073311421965203, -0.043464408432986254], [-0.08563685287911812, -0.026480752809811624, -0.04049756793223469]]	0.4683514310137745	[[0.0, 0.0, 0.9863999999999999], [0.0, -1.0, 0.0], [0.9863999999999999, 0.0, 0.0]]
5	[[-0.42203838922340475, -0.825029846081567, 0.3757783270710803], [0.2588054115689476, 0.28760896992378115, 0.9221175843470338], [-0.8688517462515349, 0.4864224845687207, 0.09214016247897017]]	0.7921444935500287	0.2078555064499713	[[-0.33431538609004374, -0.6535428495879411, 0.2976707325847979], [0.20501128167529076, 0.2278278618207191, 0.7304503668461569], [-0.6882561265044802, 0.38531689269003594, 0.07298832234252119]]	0.8654884549178832	0.21936186452555273	[[-0.29021396853359765, -0.6564857638526037, 0.34641146382366445], [0.25874085179369777, 0.23432427780647774, 0.8305388848874236], [-0.763155775999769, 0.38730936623084333, 0.02311516405948919]]	[[0.07505538487139919, 0.05756804289367066, 0.02117966013528815], [0.03474775601050241, -0.014597965193379608, 0.03245676155829835], [-0.011174620583823187, -0.03368367837585672, -0.056631082800317416]]	0.48765450786815484	[[-0.4733498661931006, -0.4733498661931007, 0.6694178005177729], [0.5, 0.5000000000000001, 0.7071067811865475], [-0.6694178005177729, 0.6694178005177728, 0.0]]
5	[[0.034229894132735264, 0.2773841392786001, 0.9601491309293217], [-0.1827544195208179, -0.9427759796974285, 0.2788803941677556], [0.9825625356654255, -0.18501754344446375, 0.018422055382213542]]	0.8668344790828203	0.1331655209171798	[[0.029671652449609662, 0.2404461358774018, 0.8322903717509412], [-0.1584178320454114, -0.817230725252816, 0.24174314120481802], [0.8517190837698341, -0.16037958589286483, 0.015968872780875942]]	0.9277617366714889	0.12368566282061473	[[0.010436268241344842, 0.2410889527380783, 0.8767658979370893], [-0.1639596558821202, -0.8275237587696369, 0.2524348248833559], [0.9106082078907571, -0.16370923291202796, 0.0]]	[[-0.02132091778532283, -0.016257438044161906, -0.014023727237518954], [0.005592901756903702, 0.04714772144661353, -0.0062997339333504855], [-0.0009757165865395845, 0.00794296450870035, -0.01709127809446078]]	0.3441085537870362	[[0.0, 0.0, 0.9863999999999999], [0.0, -1.0, 0.0], [0.9863999999999999, 0.0, 0.0]]
5	[[0.22433838825039393, -0.7661379269479729, -0.6022499185961573], [-0.9416906372873723, -0.011392912655017143, -0.3362869982418849], [0.2507808429735371, 0.642575192824231, -0.724020780340167]]	0.7206229511742833	0.2793770488257167	[[0.16166339140268113, -0.5520965739237957, -0.43399511368323473], [-0.6786038861352178, -0.00820999433992931, -0.2423361291146081], [0.18071843116156486, 0.46305443180438166, -0.5217459914402387]]	0.7769884057074482	0.3664094338623357	[[0.22746873928622113, -0.5853569564524426, -0.36359617958418644], [-0.8369971867532134, -0.015107832377485475, -0.15674494417797286], [0.14839039670617696, 0.3635961795841864, -0.531187196574528]]	[[0.05316041266056899, 0.009923329958872303, 0.10434502450328234], [-0.10531447981766716, -0.006255671337299401, 0.10454615444613269], [-0.04646341065780149, -0.135677295035469, 0.03136855524104098]]	0.6134465981570658	[[0.6603137184307311, -0.4669123080128745, -0.46691230801287437], [-0.7071067811865475, -0.5000000000000001, -0.5], [0.0, 0.660313718430731, -0.6603137184307311]]
5	[[0.5319609947059123, -0.8460851799387872, 0.03402011756955908], [-0.703274286200726, -0.4190807785627857, 0.5742617690636116], [-0.47161719485230363, -0.3294103357928521, -0.8179645788128509]]	0.8085073719256666	0.19149262807433354	[[0.43009438579664055, -0.6840661052575635, 0.02750551584876641], [-0.568602444879048, -0.3388298989003602, 0.46429487370300465], [-0.38130597876499106, -0.26633068487703015, -0.6613303919442627]]	0.8681698277321613	0.1724801937706961	[[0.5227388136629387, -0.7191909940123539, 0.0051860037899004435], [-0.5942579774027001, -0.390422623245933, 0.5684023900532363], [-0.3790900199186956, -0.369632159930475, -0.7140049902224535]]	[[0.060906328528877764, 0.015354630901837717, -0.024349235819891533], [0.016303538496642803, -0.02658933591521925, 0.06984564893211438], [0.03035379889175407, -0.08364804545200126, -0.003872822743490787]]	0.3071926827548501	[[0.6603137184307311, -0.660313718430731, 0.0], [-0.5, -0.5000000000000001, 0.7071067811865475], [-0.46691230801287437, -0.4669123080128745, -0.6603137184307311]]
5	[[0.08740825448676931, -0.06334395238859675, -0.994156597696443], [0.7119981850616444, -0.6940087028176986, 0.10681996481098455], [-0.6967197295301035, -0.717174639895393, -0.015561310176609944]]	0.9041958435087047	0.09580415649129535	[[0.0790341803952879, -0.05727533846118246, -0.8989122634338794], [0.6437857995184805, -0.6275197844466308, 0.09658616818583833], [-0.6299710835316287, -0.6484663284632665, -0.014070471981240416]]	0.9498664886810264	0.07887706518880842	[[0.06752690364798856, -0.06487661061671793, -0.9182362203227339], [0.6797547677005235, -0.6625236306270099, 0.10087407833457479], [-0.6618369061322023, -0.679338032905983, 0.0]]	[[-0.015499268123096578, -0.004708312982183419, 0.026079816330262306], [0.003451551708755716, -0.0033080209674886145, -0.0005906265614659019], [-4.6183048648392594e-05, 0.0018821240625333923, 0.014781167056732809]]	0.12954164352937464	[[0.0, 0.0, -0.9597523645439998], [0.7071067811865475, -0.7071067811865476, 0.0], [-0.6786474052288857, -0.6786474052288856, 0.0]]
5	[[0.04673222253661188, -0.9725397674033924, -0.22799671093185395], [-0.8377629715199755, -0.16246744520517667, 0.5213036857710898], [-0.5440306084466285, 0.16664552219444034, -0.8223502702654952]]	0.7089840923559977	0.2910159076440023	[[0.03313240237889834, -0.6895152242726073, -0.16164604116017328], [-0.5939606199725533, -0.11518683417619002, 0.36959602049825224], [-0.3857090471434141, 0.11814902429821655, -0.5830332599628916]]	0.8000156475362186	0.33646410065031407	[[-0.0321168091441981, -0.8797474199855282, -0.15521339009756882], [-0.6874872679345412, -0.14832261764648075, 0.2791799005706633], [-0.31127062691879864, 0.045420027071873016, -0.6272579110182005]]	[[-0.06950331841763219, -0.10170038821157971, 0.02718754623470637], [-0.01726378179212139, -0.018346119267106352, -0.13787120516451257], [0.12396237257715387, -0.08789899827552347, 0.030635172949833984]]	0.6176013006351848	[[1.9163707705535032e-16, -0.9597523645439998, 0.0], [-1.0, -1.7938038903913487e-16, 0.0], [0.0, 0.0, -0.9597523645439998]]
5	[[0.8592155572171323, 0.2624339665249735, -0.4391776855101157], [-0.4266000482917053, 0.8413623931712975, -0.33184593135155627], [0.2824199444684594, 0.4724804086637203, 0.8348660002631537]]	0.8232306683963385	0.17676933160366154	[[0.7073325974643921, 0.21604368967225634, -0.3615445395872496], [-0.3511902428930909, 0.6926353252939504, -0.2731857478711471], [0.2324967596532266, 0.38896036262840966, 0.6872872954180138]]	0.8599734932104945	0.1787454289197036	[[0.7513492702960953, 0.15309492286151766, -0.3552685048937073], [-0.3575680985633018, 0.7561985397870471, -0.38399157147595386], [0.28493358093044036, 0.3975195054846425, 0.7304092967442544]]	[[0.012446666135276537, -0.07259133206804975, 0.02241266345452682], [0.009296635169881533, 0.03264918347558497, -0.098612866683866], [0.042059914733585384, -0.008801122027418996, 0.012446666135276537]]	0.42857556672000835	[[0.7970691672282401, -0.13675544879750895, -0.46691230801287437], [-0.14644660940672619, 0.8535533905932737, -0.5], [0.46691230801287437, 0.4669123080128745, 0.6603137184307311]]
5	[[0.3802729664721569, 0.7767473726770865, -0.5020517802076895], [0.4287143634067757, 0.332951791095048, 0.839849450446521], [0.8195098935212374, -0.5346088512602871, -0.20639019011321075]]	0.8033426818623243	0.19665731813767587	[[0.3054895047254842, 0.6239943174959252, -0.40331962354579937], [0.34440454645209834, 0.2674743847891602, 0.6746869098823076], [0.6583472756740586, -0.42947410831877547, -0.16580204883562172]]	0.8687366708113751	0.21835613692905315	[[0.3430654979795075, 0.6287204227634611, -0.4361507921125523], [0.4051793121668875, 0.30161840418117464, 0.7197551215062848], [0.6799319798665322, -0.44731318998986674, -0.08626720835293232]]	[[0.012708427086920326, -0.04606850383751336, -2.9721780327224917e-18], [0.03273942337186723, 0.012370973644578226, -0.009852894057388675], [-0.03200631672809204, 0.01712112364028866, 0.09303151829414519]]	0.37198538310572865	[[0.4733498661931006, 0.4733498661931007, -0.6694178005177729], [0.5, 0.5000000000000001, 0.7071067811865475], [0.6694178005177729, -0.6694178005177728, 0.0]]
5	[[-0.8305561570912853, 0.32773595720904825, 0.4502950280316503], [-0.5100865793185324, -0.772219296347621, -0.37879947194723407], [0.22358030216652452, -0.5443036842615101, 0.808545204538665]]	0.7848760241842525	0.21512397581574763	[[-0.6518836144395594, 0.25723209507645806, 0.35342577131141817], [-0.4003547263652751, -0.6060964111156817, -0.29731062350503934], [0.1754828186503756, -0.4272109116520148, 0.6346077455115505]]	0.8302609346663542	0.2262059961574486	[[-0.6889239428893585, 0.3337445017470897, 0.3878490440707161], [-0.5005700007957391, -0.6343892178249622, -0.3655079253105999], [0.06505592710736034, -0.49086990137677433, 0.6856308335445205]]	[[0.0006543883901472357, 0.06163813959093303, 0.013986673221546023], [-0.07706504068997097, 0.006754296928007789, -0.051005521680567906], [-0.12057406354240421, -0.03895581573947274, 0.014327336304250125]]	0.3895983152648094	[[-0.6603137184307311, 0.4669123080128745, 0.46691230801287437], [-0.7071067811865475, -0.5000000000000001, -0.5], [0.0, -0.660313718430731, 0.6603137184307311]]
