5	[[0.8489524140446696, -0.5135124485683378, 0.12483895166604869], [0.522794976890395, 0.7815435453534784, -0.34040431673891397], [0.0772347773085365, 0.35425224329800037, 0.9319550081910795]]	0.8818056085605027	0.11819439143949738	[[0.7486110001055677, -0.452818157213197, 0.11008368774593527], [0.46100354274920885, 0.6891694816269567, -0.3001704356785802], [0.06810605980658894, 0.3123816149853166, 0.8218031531489429]]	0.9234203972828978	0.1338414442175228	[[0.7786675866173342, -0.49041632156689835, 0.06720514409935965], [0.5105173765038636, 0.6682405244450133, -0.2904208488267706], [0.025431010274774898, 0.30461392974800816, 0.8627967654815998]]	[[-0.005272388834069648, -0.016228452300210305, -0.04807369024448349], [0.027757831246231737, -0.05345272669918012, 0.02391544057309068], [-0.04588915847153002, -0.0225098174965891, 0.002210501568006865]]	0.42797851118349634	[[0.7048440394867506, -0.7048440394867505, 0.0], [0.7071067811865475, 0.7071067811865476, 0.0], [0.0, 0.0, 0.9967999999999999]]
5	[[-0.42203838922340475, -0.825029846081567, 0.3757783270710803], [0.2588054115689476, 0.28760896992378115, 0.9221175843470338], [-0.8688517462515349, 0.4864224845687207, 0.09214016247897017]]	0.85080473882869	0.1491952611713101	[[-0.35907226151889987, -0.7019393027213018, 0.3197139814211925], [0.22019287059737008, 0.2446990745407912, 0.7845420105197206], [-0.7392231830503884, 0.41385055494389295, 0.07839328687355328]]	0.8823655129769897	0.19103385400344253	[[-0.30130949784044664, -0.6867172894757955, 0.3583168480603514], [0.25793267585177587, 0.2346415460008994, 0.8287260152237466], [-0.7977320555277643, 0.4038589502142309, 0.022257028103555572]]	[[0.07108262196264539, 0.0412605938832933, 0.026743011728642595], [0.029571706111520477, -0.019134690282681405, 0.015081259886273471], [-0.031087238745575285, -0.025343474905790198, -0.05904427362798414]]	0.4789115673339315	[[-0.4936306545164285, -0.4936306545164286, 0.6980991664202412], [0.5, 0.5000000000000001, 0.7071067811865475], [-0.6980991664202412, 0.6980991664202411, 0.0]]
5	[[0.8592155572171323, 0.2624339665249735, -0.4391776855101157], [-0.4266000482917053, 0.8413623931712975, -0.33184593135155627], [0.2824199444684594, 0.4724804086637203, 0.8348660002631537]]	0.8604862912764897	0.13951370872351043	[[0.7393432082368325, 0.225820830560053, -0.377906377815992], [-0.367083493412901, 0.7239808053194815, -0.28554887474389323], [0.24301849059817682, 0.4065629145518449, 0.7183907482792778]]	0.8874370005220483	0.1503206159128244	[[0.7735805971814276, 0.15311229900122453, -0.3831891961328985], [-0.36360615688377596, 0.7620780111405402, -0.3743621169764702], [0.30684940580617415, 0.4148101726349462, 0.756997618250074]]	[[0.011080920282775185, -0.07978131308680163, 0.00655333179241406], [0.014974510394775983, 0.015421892592551575, -0.0798697590223996], [0.05621949739948095, -0.004486424035017369, 0.016106639138701098]]	0.4165962788864619	[[0.8399836609658242, -0.14411841187812788, -0.4920510364219759], [-0.14644660940672619, 0.8535533905932737, -0.5], [0.4920510364219759, 0.492051036421976, 0.6958652490876963]]
5	[[0.04673222253661188, -0.9725397674033924, -0.22799671093185395], [-0.8377629715199755, -0.16246744520517667, 0.5213036857710898], [-0.5440306084466285, 0.16664552219444034, -0.8223502702654952]]	0.737244239672894	0.2627557603271061	[[0.034453061872228935, -0.7169993413709673, -0.16808926179887526], [-0.6176359249643485, -0.11977818811188812, 0.38432813945498434], [-0.40108343228301646, 0.12285845130513257, -0.6062729997466838]]	0.8150860366459902	0.3146405372289793	[[-0.03465531714345899, -0.907154876817477, -0.16026024701652639], [-0.6781296890827868, -0.1464282885161534, 0.2855459905093302], [-0.3279584448544962, 0.046664493339171165, -0.6425471336371837]]	[[-0.07274609919448426, -0.11445129232403276, 0.02557668846523997], [0.00471921102219759, -0.014003342519866494, -0.13936136461477408], [0.11547330759837282, -0.08916594487109662, 0.027739088888277745]]	0.6087299642173447	[[1.9776272394727793e-16, -0.9904306872319997, 0.0], [-1.0, -1.7938038903913487e-16, 0.0], [0.0, 0.0, -0.9904306872319997]]
5	[[0.034229894132735264, 0.2773841392786001, 0.9601491309293217], [-0.1827544195208179, -0.9427759796974285, 0.2788803941677556], [0.9825625356654255, -0.18501754344446375, 0.018422055382213542]]	0.8684841656597531	0.13151583434024705	[[0.029728121046490263, 0.2409037327686238, 0.8338743168840889], [-0.15871931955816998, -0.8187860101315776, 0.2422032064476463], [0.8533400039959186, -0.16068480685078224, 0.015999263398359494]]	0.9356153613399872	0.12222187852734426	[[0.012499502842092048, 0.24516482545244345, 0.8912094148564136], [-0.1629961031783923, -0.8280991269240595, 0.25200931598531917], [0.9256928409984514, -0.16709193398336028, 0.0]]	[[-0.019526511925536564, -0.014360036248685381, -0.007120861218298572], [0.007991739078057327, 0.053976561983210776, -0.008915464774583527], [0.006392239152710208, 0.0060133217806684685, -0.01723595800305498]]	0.33972866313122196	[[0.0, 0.0, 0.9967999999999999], [0.0, -1.0, 0.0], [0.9967999999999999, 0.0, 0.0]]
5	[[0.5319609947059123, -0.8460851799387872, 0.03402011756955908], [-0.703274286200726, -0.4190807785627857, 0.5742617690636116], [-0.47161719485230363, -0.3294103357928521, -0.8179645788128509]]	0.8316730468299086	0.1683269531700914	[[0.442417621261735, -0.7036662394773227, 0.028293614832586907], [-0.584894268361687, -0.34853818797516223, 0.47759803515506727], [-0.39223130938019013, -0.2739616976261046, -0.6802790934602265]]	0.9000657726104321	0.14466624059487	[[0.5423356784843032, -0.7467421203449391, -0.0024224533255644254], [-0.5875503926792718, -0.39265023928790316, 0.5832918284684311], [-0.4066075150461079, -0.38227800927287575, -0.7450291871713247]]	[[0.06353579478571231, 0.01479019083090191, -0.03304279673010736], [0.04544272108703481, -0.015449974544607961, 0.06641846561555777], [0.017878979814995442, -0.08578704088162038, -0.008807266574169274]]	0.2872935948581954	[[0.6958652490876963, -0.6958652490876962, 0.0], [-0.5, -0.5000000000000001, 0.7071067811865475], [-0.4920510364219759, -0.492051036421976, -0.6958652490876963]]
5	[[-0.3195682178843842, -0.5708200961323295, -0.7563336379995778], [0.910087742671785, 0.03735879733279218, -0.41272826520656647], [0.2638493031197415, -0.8202248094963509, 0.507557688474819]]	0.8306115316856969	0.16938846831430315	[[-0.26543704693501674, -0.4741297543654509, -0.6282194415242447], [0.7559293739089898, 0.031030647874526127, -0.3428168565332066], [0.21915627379849226, -0.681288185342373, 0.42158326904292115]]	0.8582936489564823	0.17668115631725878	[[-0.26204343003879627, -0.5700798627073842, -0.6672946975567026], [0.8236708571664964, 0.021194811268369588, -0.2746931489439215], [0.1577468208612929, -0.714135651480452, 0.4959515330256923]]	[[0.012239941779711971, -0.08014859950027724, -0.018138339569513866], [0.042548327638161944, -0.010870007215018395, 0.07954889982770114], [-0.06871336028797499, -0.010141906773193415, 0.060317992528722456]]	0.4658109408098451	[[1.9649906760430855e-16, -0.6958652490876963, -0.6958652490876962], [1.0, 1.2684108950145333e-16, 1.268410895014533e-16], [0.0, -0.6958652490876962, 0.6958652490876963]]
5	[[-0.30792515101507295, 0.09349718223056193, 0.9468053539599837], [0.3027085282091916, -0.9338174967034747, 0.1906631317268273], [0.9019698710720718, 0.34531602882779927, 0.2592434992682147]]	0.7952987480980301	0.20470125190196994	[[-0.24489248711018444, 0.07435819197865925, 0.7529931126968874], [0.24074371352336726, -0.7426638860803098, 0.1516341499707956], [0.7173355092857604, 0.2746294054249321, 0.2061760304205638]]	0.864025635948619	0.2434384278386804	[[-0.267229770701299, 0.08425618879540331, 0.7626738987654036], [0.243063660041073, -0.849486735242924, 0.12030750505251263], [0.6976490517996337, 0.27614011234432434, 0.18297358190589572]]	[[-0.0011745462709260447, 0.0034722264592381047, -0.055390199309428706], [-0.018484268551944252, -0.04264447879375676, -0.04443032858971462], [-0.08167603965990718, -0.022221789066866567, -0.04101944741486883]]	0.4667329683894077	[[0.0, 0.0, 0.9967999999999999], [0.0, -1.0, 0.0], [0.9967999999999999, 0.0, 0.0]]
5	[[0.8787972042104137, -0.3840163418041313, 0.28327887866788265], [-0.395223040501579, -0.9183905790867732, -0.018907472103605397], [0.2674214316928388, -0.09534250611366366, -0.9588511794847616]]	0.7983688519895563	0.20163114801044374	[[0.7016043150570996, -0.3065866859513935, 0.2261610331549663], [-0.3155337651250676, -0.7332144323035312, -0.01509513679738001], [0.2135009414180153, -0.07611848715177291, -0.7655169153940811]]	0.8623888320502091	0.23011382686343437	[[0.7053911464327349, -0.3190957367916194, 0.1575025644447942], [-0.3581558332828212, -0.8409160487094011, -0.025906799478843428], [0.14227128281874818, -0.06251282792173003, -0.826902548785829]]	[[-0.0524737481152729, 0.01207566770503931, -0.08679397687409399], [-0.017319896985331935, -0.04890626984484347, -0.00960120669439326], [-0.08834997332403387, 0.019709484570372297, 0.0]]	0.46942932591233183	[[0.7025885385603929, -0.7025885385603928, 0.0], [-0.7071067811865475, -0.7071067811865476, 0.0], [0.0, 0.0, -0.9936102399999999]]
5	[[-0.5446221603179724, 0.8109226453022452, -0.2139887049042392], [-0.8354447797583356, -0.5021691245819775, 0.22328947644507607], [0.07361197229480154, 0.30038414347728, 0.9509735242804028]]	0.8759004449512979	0.12409955504870203	[[-0.4770347925528492, 0.7102875058413204, -0.1874328018401751], [-0.7317664543225653, -0.4398501596621579, 0.19557935177118457], [0.06447675928675929, 0.26310660492806404, 0.8329581330541088]]	0.880902268323688	0.12052458198653386	[[-0.480205808122672, 0.7138966859625704, -0.18311235980077226], [-0.739331783359231, -0.44664807422164726, 0.19669620629327622], [0.06865680745543101, 0.26079721927244426, 0.8383467632688866]]	[[-0.0004469117192228157, -0.00044691171922281567, 0.005390775745020375], [-0.0033865818109292583, -0.004286153295262624, 0.0], [0.0038118540851598704, -0.00381185408515987, 0.0006320286145083826]]	0.3820265389708664	[[-0.7025885385603929, 0.7025885385603928, 0.0], [-0.7071067811865475, -0.7071067811865476, 0.0], [0.0, 0.0, 0.9936102399999999]]
5	[[0.3802729664721569, 0.7767473726770865, -0.5020517802076895], [0.4287143634067757, 0.332951791095048, 0.839849450446521], [0.8195098935212374, -0.5346088512602871, -0.20639019011321075]]	0.8310510627617946	0.16894893723820548	[[0.3160262529262663, 0.6455167295607245, -0.4172306655030512], [0.35628352733044716, 0.27669993983798263, 0.6979577783534905], [0.6810545679546295, -0.44428725400172386, -0.17152078683719257]]	0.8859054839922036	0.1983612253289649	[[0.34676796132096616, 0.6605511144345347, -0.4447704253340405], [0.4041196705351253, 0.3016700679899268, 0.720836162988316], [0.7060249514638784, -0.46025798365162507, -0.09174699884308159]]	[[0.009882054909298924, -0.027573642696631998, -2.615226458837176e-19], [0.024319264926836174, 0.0067062503537973165, -0.023191070890095325], [-0.019983357392452564, 0.013354929470635562, 0.09109520242040527]]	0.36715317188612134	[[0.4936306545164285, 0.4936306545164286, -0.6980991664202412], [0.5, 0.5000000000000001, 0.7071067811865475], [0.6980991664202412, -0.6980991664202411, 0.0]]
5	[[-0.8305561570912853, 0.32773595720904825, 0.4502950280316503], [-0.5100865793185324, -0.772219296347621, -0.37879947194723407], [0.22358030216652452, -0.5443036842615101, 0.808545204538665]]	0.8151057964006205	0.1848942035993795	[[-0.6769911378813309, 0.26713947841000096, 0.367038087438978], [-0.41577452746870064, -0.6294404245453544, -0.3087616452576848], [0.18224160025693636, -0.4436650880437701, 0.6590498828713912]]	0.8553678934834701	0.20359720421243502	[[-0.7104310705108985, 0.3353684684943726, 0.4199892570246499], [-0.49329550152319385, -0.6405063755909811, -0.3745988821117189], [0.07998154166116392, -0.509592267020292, 0.6966013116066974]]	[[1.4112560198402278e-18, 0.05503365315768027, 0.03482134745113709], [-0.056983818677311865, 0.02002521723317085, -0.05058597573956248], [-0.11126187042741388, -0.04401237119823245, 0.004997703214298092]]	0.36816007144020463	[[-0.6958652490876963, 0.492051036421976, 0.4920510364219759], [-0.7071067811865475, -0.5000000000000001, -0.5], [0.0, -0.6958652490876962, 0.6958652490876963]]
5	[[0.08740825448676931, -0.06334395238859675, -0.994156597696443], [0.7119981850616444, -0.6940087028176986, 0.10681996481098455], [-0.6967197295301035, -0.717174639895393, -0.015561310176609944]]	0.9317883966008339	0.06821160339916629	[[0.08144599729790442, -0.05902315983053011, -0.9263435821377091], [0.6634316472412934, -0.6466692564255277, 0.09953360373618478], [-0.6491953596590219, -0.6682550077909086, -0.014499848258471615]]	0.9680391170729505	0.05336782287865129	[[0.06882195418521606, -0.05692869521058823, -0.9447379310678305], [0.6791159127466657, -0.6725695311985265, 0.09006646580072337], [-0.6810945821575031, -0.704377179516882, -0.008409804071367108]]	[[-0.015792655313043864, 0.004390728531579983, 0.01764454399848276], [-0.0101261816779517, -0.0007419592819378549, -0.013339438620665736], [-0.006642630335876863, -0.010124074325434353, 0.0066541528924967015]]	0.11348801973413972	[[0.0, 0.0, -0.9904306872319997], [0.7071067811865475, -0.7071067811865476, 0.0], [-0.7003402552369995, -0.7003402552369994, 0.0]]
5	[[0.22433838825039393, -0.7661379269479729, -0.6022499185961573], [-0.9416906372873723, -0.011392912655017143, -0.3362869982418849], [0.2507808429735371, 0.642575192824231, -0.724020780340167]]	0.745670032030457	0.25432996796954305	[[0.16728241315233225, -0.5712860925270429, -0.44907971608993674], [-0.7021904876688564, -0.008495353544386842, -0.2507591367504526], [0.18699975921270234, 0.4791490646152214, -0.5398805984669688]]	0.7919805107746348	0.3392022992270132	[[0.23470882769574425, -0.6225033339474011, -0.3775744189209704], [-0.8245603174173948, 0.026673136431300384, -0.18648805744347766], [0.18411244371064248, 0.3775744189209703, -0.5356104698770259]]	[[0.057037196382839064, -0.015737027239325713, 0.09939577922279658], [-0.0787596855068502, 0.03569610121503155, 0.07984469119099911], [-0.014501096400032911, -0.13133261050307365, 0.03779987754822929]]	0.5973378417681556	[[0.6958652490876963, -0.492051036421976, -0.4920510364219759], [-0.7071067811865475, -0.5000000000000001, -0.5], [0.0, 0.6958652490876962, -0.6958652490876963]]
