5	[[-0.5446221603179724, 0.8109226453022452, -0.2139887049042392], [-0.8354447797583356, -0.5021691245819775, 0.22328947644507607], [0.07361197229480154, 0.30038414347728, 0.9509735242804028]]	0.8350085086719692	0.1649914913280309	[[-0.45476413787681624, 0.6771273087021559, -0.1786823893547349], [-0.6976034996237895, -0.41931549181830535, 0.1864486127285478], [0.06146662320628456, 0.2508233156736704, 0.7940709842959057]]	0.8593145536046579	0.1480287864154496	[[-0.46812787769463027, 0.69671150183802, -0.15914237356544872], [-0.7357245251666652, -0.44959464165088037, 0.19187589677601827], [0.08075053406098541, 0.24062977121357684, 0.8173637630158477]]	[[-0.0001261291177873127, -0.00012612911778731267, 0.024741234865776462], [-0.017814667187289298, -0.018073404526676478, 0.0], [0.017494694948519577, -0.017494694948519577, 0.00017837350898497118]]	0.38723855495275755	[[-0.6893999505732279, 0.6893999505732278, 0.0], [-0.7071067811865475, -0.7071067811865476, 0.0], [0.0, 0.0, 0.9749587600000001]]
5	[[0.8592155572171323, 0.2624339665249735, -0.4391776855101157], [-0.4266000482917053, 0.8413623931712975, -0.33184593135155627], [0.2824199444684594, 0.4724804086637203, 0.8348660002631537]]	0.8276189221932387	0.1723810778067614	[[0.7111030533957059, 0.21719531652229512, -0.36347176273320314], [-0.3530622721747647, 0.6963274370103529, -0.27464197203938656], [0.23373609004686074, 0.39103372657568913, 0.6909508993135715]]	0.8628484351143487	0.17644096391120792	[[0.7534288168567833, 0.1500289655299405, -0.3589608784162719], [-0.3577385176406951, 0.755694349951705, -0.38369268506638593], [0.29070113440092105, 0.39915408923632717, 0.7337180399448863]]	[[0.012056017886077663, -0.0764117718069843, 0.01998290026327306], [0.010352666447508468, 0.029726125639787472, -0.09735994250063204], [0.0470155272712296, -0.00852489200135182, 0.01335521808764881]]	0.42727888822149357	[[0.801117661368506, -0.1374500605776026, -0.4692838609730542], [-0.14644660940672619, 0.8535533905932737, -0.5], [0.4692838609730542, 0.4692838609730543, 0.6636676007909035]]
5	[[0.034229894132735264, 0.2773841392786001, 0.9601491309293217], [-0.1827544195208179, -0.9427759796974285, 0.2788803941677556], [0.9825625356654255, -0.18501754344446375, 0.018422055382213542]]	0.8669957608401603	0.13300423915983978	[[0.029677173107088943, 0.24049087287884288, 0.8324452262900861], [-0.15844730699935336, -0.8173827778195994, 0.2417881195248771], [0.8518775531822828, -0.16040942584741025, 0.0159718439223418]]	0.9285245393363765	0.12350465529174987	[[0.010630523931703308, 0.24142432750041098, 0.878174899457409], [-0.16386642912747126, -0.8276023385769034, 0.25233834320157356], [0.9120563141207341, -0.1640306638954681, 0.0]]	[[-0.021152772749427638, -0.016133652642468452, -0.013347130032961596], [0.0058255340697830164, 0.04778829366905259, -0.006608946322988854], [-0.0002771116771869795, 0.00776266540045061, -0.017105330487399043]]	0.34368400218296835	[[0.0, 0.0, 0.9874], [0.0, -1.0, 0.0], [0.9874, 0.0, 0.0]]
5	[[-0.8305561570912853, 0.32773595720904825, 0.4502950280316503], [-0.5100865793185324, -0.772219296347621, -0.37879947194723407], [0.22358030216652452, -0.5443036842615101, 0.808545204538665]]	0.7879613387443651	0.21203866125563495	[[-0.6544461414440245, 0.25824326359710764, 0.3548150731177505], [-0.40192850391536467, -0.608478950554303, -0.29847933903120105], [0.17617263421200435, -0.4288902597341897, 0.637102361803623]]	0.8328332168587351	0.22413075553477155	[[-0.6910976109198983, 0.33441383523522744, 0.3910558265423111], [-0.4997313410393932, -0.6350936165900736, -0.36704044537964936], [0.06605953637271186, -0.49276236709488314, 0.6867847195681656]]	[[0.0006171451722656478, 0.06146444371253898, 0.01603516981121743], [-0.07491429430907151, 0.00803626410750459, -0.0515636626134442], [-0.1201455659068828, -0.03944817878330845, 0.013401415896525362]]	0.38749357509911003	[[-0.6636676007909035, 0.4692838609730543, 0.4692838609730542], [-0.7071067811865475, -0.5000000000000001, -0.5], [0.0, -0.6636676007909034, 0.6636676007909035]]
5	[[-0.30792515101507295, 0.09349718223056193, 0.9468053539599837], [0.3027085282091916, -0.9338174967034747, 0.1906631317268273], [0.9019698710720718, 0.34531602882779927, 0.2592434992682147]]	0.7772621247097308	0.22273787529026925	[[-0.23933855712954027, 0.07267181851489944, 0.7359159411054856], [0.23528387380363175, -0.7258209715788647, 0.1481952308698051], [0.7010670184136405, 0.26840107026302196, 0.20150015305839808]]	0.8564676427481556	0.2539040173151471	[[-0.262936657927485, 0.08147760167325227, 0.7512399367354008], [0.24304496239378415, -0.8497484326084601, 0.11969440937068684], [0.6872681748073317, 0.2696682245715934, 0.18145905625423275]]	[[0.0007912703052643287, 0.0014002904046481572, -0.059668212912039484], [-0.016215097201305758, -0.04996396244985178, -0.04360239361837], [-0.08523983449962352, -0.026083780641706054, -0.04057461246179829]]	0.46818842682697837	[[0.0, 0.0, 0.9874], [0.0, -1.0, 0.0], [0.9874, 0.0, 0.0]]
5	[[0.04673222253661188, -0.9725397674033924, -0.22799671093185395], [-0.8377629715199755, -0.16246744520517667, 0.5213036857710898], [-0.5440306084466285, 0.16664552219444034, -0.8223502702654952]]	0.7117970747307781	0.288202925269222	[[0.03326385929722811, -0.6922509614970862, -0.16228739188953245], [-0.5963172324456827, -0.11564385223602777, 0.3710624385782344], [-0.3872393956563155, 0.11861779521498561, -0.5853465167790441]]	0.801556200329829	0.33471844929590167	[[-0.03169866707530987, -0.8831220349997333, -0.15499533383634445], [-0.6883988615081265, -0.14778603619087818, 0.278012464064331], [-0.3112838618103993, 0.044828684887052536, -0.6306007111170692]]	[[-0.06915716980472436, -0.1035767543702144, 0.02775684346589078], [-0.01688475727954809, -0.017559248134922257, -0.13984173752027884], [0.12478724555920519, -0.08874706668510327, 0.0285592468571492]]	0.6167297981121326	[[1.92220505954326e-16, -0.9626742796240002, 0.0], [-1.0, -1.7938038903913487e-16, 0.0], [0.0, 0.0, -0.9626742796240002]]
5	[[0.8489524140446696, -0.5135124485683378, 0.12483895166604869], [0.522794976890395, 0.7815435453534784, -0.34040431673891397], [0.0772347773085365, 0.35425224329800037, 0.9319550081910795]]	0.8591777571768302	0.14082224282316974	[[0.7294010310487551, -0.44119847384332683, 0.1072588505007424], [0.44917381570800247, 0.6714848304328299, -0.2924678173890514], [0.06635840274400034, 0.3043656478716367, 0.8007150137273261]]	0.9121506247330003	0.1461757019360062	[[0.7677958964846403, -0.47633805221139564, 0.05451569674925732], [0.49943037978737803, 0.6731706050100499, -0.289605578179553], [0.023361638486396497, 0.29058301641029105, 0.8500833429445414]]	[[-0.006576578354793775, -0.007937351441613739, -0.059356231003941835], [0.02256261500952987, -0.0397148281401692, 0.020894431995657443], [-0.04708811188669924, -0.03254838862704682, 0.0]]	0.43091240244766904	[[0.6981972357435972, -0.698197235743597, 0.0], [0.7071067811865475, 0.7071067811865476, 0.0], [0.0, 0.0, 0.9874]]
5	[[0.22433838825039393, -0.7661379269479729, -0.6022499185961573], [-0.9416906372873723, -0.011392912655017143, -0.3362869982418849], [0.2507808429735371, 0.642575192824231, -0.724020780340167]]	0.7232942006810669	0.2767057993189332	[[0.1622626552116475, -0.5541431194832835, -0.43560387348124513], [-0.6811193767856145, -0.008240427652239868, -0.24323443559279948], [0.18138832936466864, 0.46477091047128455, -0.5236800315926234]]	0.7782087295914286	0.36450347536326144	[[0.22850005070156654, -0.5871824903483156, -0.3648826886459371], [-0.8368379019424703, -0.01544775849164956, -0.15676342698202436], [0.14901062644012944, 0.3648826886459371, -0.532819683911715]]	[[0.05391795858263869, 0.009032732473677193, 0.10379345540131976], [-0.10400602743092154, -0.006581694408042533, 0.1049380506979078], [-0.04614921477617442, -0.13517493582877504, 0.030619607754601312]]	0.6118633288188637	[[0.6636676007909035, -0.4692838609730543, -0.4692838609730542], [-0.7071067811865475, -0.5000000000000001, -0.5], [0.0, 0.6636676007909034, -0.6636676007909035]]
5	[[-0.3195682178843842, -0.5708200961323295, -0.7563336379995778], [0.910087742671785, 0.03735879733279218, -0.41272826520656647], [0.2638493031197415, -0.8202248094963509, 0.507557688474819]]	0.8021522241119093	0.1978477758880908	[[-0.256342356731438, -0.45788460968032196, -0.6066947098920131], [0.7300289069211594, 0.029967442370645376, -0.3310708958892972], [0.21164730532787798, -0.6579451552092649, 0.4071385286751757]]	0.8364100361749409	0.1816939929877541	[[-0.2841079205212285, -0.5127715679544482, -0.6387790412699154], [0.7980653038290568, 0.006387711574181856, -0.29306756363297337], [0.17736039353248928, -0.6800433036154497, 0.45686623426195405]]	[[-0.01681785584018938, -0.03533191069902322, -0.006173995750363811], [0.036858782058578676, -0.02485956145439119, 0.05214249959887145], [-0.043325811634626635, 0.006000958966977353, 0.03233988968386132]]	0.4807289906823069	[[1.8740706613180232e-16, -0.6636676007909035, -0.6636676007909034], [1.0, 1.2684108950145333e-16, 1.268410895014533e-16], [0.0, -0.6636676007909034, 0.6636676007909035]]
5	[[0.8787972042104137, -0.3840163418041313, 0.28327887866788265], [-0.395223040501579, -0.9183905790867732, -0.018907472103605397], [0.2674214316928388, -0.09534250611366366, -0.9588511794847616]]	0.7737297968282569	0.22627020317174315	[[0.6799515822669635, -0.29712488612284105, 0.21918130923743728], [-0.30579584282913275, -0.7105861561657945, -0.014629274549258543], [0.20691193001122177, -0.07376933788442182, -0.7418917282912793]]	0.8545599508707592	0.23992779062305597	[[0.6978577961114787, -0.3175940947442401, 0.15121652966112184], [-0.3602027628030181, -0.8405281722626319, -0.024796286536961882], [0.13730361625931495, -0.057764101001445675, -0.8193958168328673]]	[[-0.05312709954393301, 0.010570891441467056, -0.09086225497602768], [-0.02246098072899666, -0.055708364118070945, -0.008638718105014598], [-0.09122402926990547, 0.023711786338941797, 0.0]]	0.47296275035414864	[[0.6893999505732279, -0.6893999505732278, 0.0], [-0.7071067811865475, -0.7071067811865476, 0.0], [0.0, 0.0, -0.9749587600000001]]
5	[[0.08740825448676931, -0.06334395238859675, -0.994156597696443], [0.7119981850616444, -0.6940087028176986, 0.10681996481098455], [-0.6967197295301035, -0.717174639895393, -0.015561310176609944]]	0.908491627337605	0.09150837266239499	[[0.07940966736142457, -0.057547450387512036, -0.9031829452696583], [0.6468443898080745, -0.6305010958093114, 0.09704504366327704], [-0.6329640408790198, -0.6515471556838265, -0.014137320005853604]]	0.9520855844515602	0.07456978055425288	[[0.06281819335077078, -0.0628181933507708, -0.9242730148906483], [0.6797328440816082, -0.6702079199826582, 0.09346046731923162], [-0.6704104647011466, -0.6795798641465769, 0.0]]	[[-0.0204019457081557, -0.0025093294194018538, 0.022249150463544337], [0.0018496359287423917, -0.009452238546000417, -0.008241281308929701], [-0.0070736538125450756, 0.0032317720320656903, 0.01481569909432969]]	0.12791487306468932	[[0.0, 0.0, -0.9626742796240002], [0.7071067811865475, -0.7071067811865476, 0.0], [-0.6807135111960052, -0.6807135111960051, 0.0]]
5	[[-0.42203838922340475, -0.825029846081567, 0.3757783270710803], [0.2588054115689476, 0.28760896992378115, 0.9221175843470338], [-0.8688517462515349, 0.4864224845687207, 0.09214016247897017]]	0.7973784789360189	0.20262152106398118	[[-0.33652432885156597, -0.6578610437453378, 0.2996375508570598], [0.2063658654172578, 0.22933320296617982, 0.7352767168067939], [-0.6928036838469528, 0.3878628208656857, 0.07347058260639887]]	0.8675236166434335	0.21832075214410415	[[-0.2897328699170405, -0.6608117137836973, 0.3384452770475517], [0.25176825428761607, 0.22858725528658724, 0.8310499375942366], [-0.7679154439198376, 0.38770958105675823, 0.02203457304520027]]	[[0.07639539986441667, 0.05492116212775904, 0.012448703690628955], [0.027248447636430313, -0.020920318480784, 0.03109115585099139], [-0.014166034684743145, -0.0342734119729832, -0.05789919394666953]]	0.48673162471094417	[[-0.4752722918503688, -0.4752722918503689, 0.6721365209549356], [0.5, 0.5000000000000001, 0.7071067811865475], [-0.6721365209549356, 0.6721365209549355, 0.0]]
5	[[0.5319609947059123, -0.8460851799387872, 0.03402011756955908], [-0.703274286200726, -0.4190807785627857, 0.5742617690636116], [-0.47161719485230363, -0.3294103357928521, -0.8179645788128509]]	0.8110013807264009	0.18899861927359918	[[0.43142110119908456, -0.6861762491425016, 0.0275903623213869], [-0.5703564171381627, -0.33987509005031435, 0.4657270876089746], [-0.3824821961995303, -0.26715223715355035, -0.6633704028025111]]	0.871394086365689	0.16961583331283187	[[0.5247189121344961, -0.721662366803978, 0.004828424819066301], [-0.5932302711368649, -0.3903019221172559, 0.570243630234609], [-0.3819519299765095, -0.3710323009871303, -0.7168339419849119]]	[[0.06117124717055459, 0.015611255556331, -0.024816504448512952], [0.01959878295149869, -0.025117409968115574, 0.06983532064667898], [0.02901250464616274, -0.0839860823895031, -0.004064445150792225]]	0.305157526865934	[[0.6636676007909035, -0.6636676007909034, 0.0], [-0.5, -0.5000000000000001, 0.7071067811865475], [-0.4692838609730542, -0.4692838609730543, -0.6636676007909035]]
5	[[0.3802729664721569, 0.7767473726770865, -0.5020517802076895], [0.4287143634067757, 0.332951791095048, 0.839849450446521], [0.8195098935212374, -0.5346088512602871, -0.20639019011321075]]	0.8061427701191616	0.19385722988083864	[[0.3065543025932956, 0.6261692786926875, -0.40472541283988334], [0.3456049845066111, 0.26840667918949845, 0.6770385624660138], [0.6606419757032695, -0.4309710602851907, -0.16637995958328416]]	0.8703630764461856	0.21632706592178974	[[0.34308144465125284, 0.6318840693900982, -0.4369673319568487], [0.405004555222583, 0.30167506991230514, 0.7199533501649453], [0.6826195403832142, -0.4482683668457804, -0.08669247446014038]]	[[0.012105895663229243, -0.04416816351462258, 2.718788615906284e-18], [0.03186740297119375, 0.011886124706551478, -0.011020601277327081], [-0.030651611720015952, 0.017035437632484315, 0.09294192635510684]]	0.3713647994265028	[[0.4752722918503688, 0.4752722918503689, -0.6721365209549356], [0.5, 0.5000000000000001, 0.7071067811865475], [0.6721365209549356, -0.6721365209549355, 0.0]]
