5	[[-0.3195682178843842, -0.5708200961323295, -0.7563336379995778], [0.910087742671785, 0.03735879733279218, -0.41272826520656647], [0.2638493031197415, -0.8202248094963509, 0.507557688474819]]	0.775159141883644	0.224840858116356	[[-0.24771622554854456, -0.4424764158878757, -0.5862789338094873], [0.7054628336482835, 0.028959013282292192, -0.3199300878886471], [0.20452519939289623, -0.6358047594808668, 0.3934379822545866]]	0.8145847154657871	0.20175629731637065	[[-0.2975436227157026, -0.48921368579832136, -0.6078383932089978], [0.7772076778803738, 0.011601491578411255, -0.3121802155186735], [0.19425096187073299, -0.6451674292172975, 0.4411022625926224]]	[[-0.03722823687844295, -0.024232360208214388, 0.008259428098091787], [0.0358641129671774, -0.018830413717065335, 0.024021920959305283], [-0.020676647636907845, 0.022975163844266868, 0.027653527343889428]]	0.4943776350196046	[[1.79937153455925e-16, -0.6372142811480334, -0.6372142811480332], [1.0, 1.2684108950145333e-16, 1.268410895014533e-16], [0.0, -0.6372142811480332, 0.6372142811480334]]
5	[[0.034229894132735264, 0.2773841392786001, 0.9601491309293217], [-0.1827544195208179, -0.9427759796974285, 0.2788803941677556], [0.9825625356654255, -0.18501754344446375, 0.018422055382213542]]	0.865618746909099	0.13438125309090096	[[0.029630038066009425, 0.24010891105480084, 0.8311230875608999], [-0.15819565161771015, -0.8160845621616863, 0.24140409733700827], [0.8505245508825326, -0.1601546541125965, 0.015946476495441703]]	0.9223766960463262	0.12536074301204406	[[0.00910047930021476, 0.2387396242703736, 0.8669244348472521], [-0.16461566929545227, -0.8269764270335744, 0.25310018717034305], [0.900487197681629, -0.16148148899515358, 0.0]]	[[-0.022472377355953126, -0.01711304165307557, -0.018694748251087273], [0.003952748370023965, 0.04261816623157808, -0.004132589394208523], [-0.005805587624346757, 0.009174381437758495, -0.016992074577828576]]	0.3471007945324305	[[0.0, 0.0, 0.9794], [0.0, -1.0, 0.0], [0.9794, 0.0, 0.0]]
5	[[0.22433838825039393, -0.7661379269479729, -0.6022499185961573], [-0.9416906372873723, -0.011392912655017143, -0.3362869982418849], [0.2507808429735371, 0.642575192824231, -0.724020780340167]]	0.7019593375398391	0.2980406624601609	[[0.15747642640100176, -0.5377976716645446, -0.42275495389118056], [-0.6610285359177128, -0.007997361419965113, -0.23605979850913456], [0.17603795440138648, 0.45106165667443154, -0.5082331473326609]]	0.7673369608108317	0.37998312378935434	[[0.2209711785700127, -0.5728221581046782, -0.35417269893941794], [-0.8379356822613075, -0.013712420485883656, -0.15638444720047676], [0.1438911084009224, 0.35417269893941794, -0.520460308761022]]	[[0.04882804153675493, 0.015063790321490269, 0.10795592324472819], [-0.11534165062119987, -0.004970217514399421, 0.10166099599064873], [-0.048542301475969905, -0.13889899661476166, 0.035107596389088565]]	0.624700737129741	[[0.6372142811480334, -0.4505785392686856, -0.45057853926868546], [-0.7071067811865475, -0.5000000000000001, -0.5], [0.0, 0.6372142811480332, -0.6372142811480334]]
5	[[0.04673222253661188, -0.9725397674033924, -0.22799671093185395], [-0.8377629715199755, -0.16246744520517667, 0.5213036857710898], [-0.5440306084466285, 0.16664552219444034, -0.8223502702654952]]	0.6892483160032168	0.31075168399678316	[[0.03221010568644737, -0.6703213969289485, -0.15714634906405256], [-0.577426717329994, -0.111980413013013, 0.35930768754399367], [-0.3749721807260441, 0.1148601455419947, -0.5668035389452828]]	0.7923204387235078	0.35144476005995207	[[-0.03657977185438386, -0.8533537981367822, -0.16104409997530256], [-0.691686259722748, -0.15564375798643176, 0.2747224451530161], [-0.30018246338922616, 0.050785583117877786, -0.6147774592943104]]	[[-0.07360666691711691, -0.08279066295166829, 0.019602354057740773], [-0.027909534581731506, -0.026917480523178654, -0.13831711986531547], [0.13086410697422338, -0.08125107013852924, 0.03678746762684205]]	0.6238028032013657	[[1.8758609659988722e-16, -0.9394643381840001, 0.0], [-1.0, -1.7938038903913487e-16, 0.0], [0.0, 0.0, -0.9394643381840001]]
5	[[0.8592155572171323, 0.2624339665249735, -0.4391776855101157], [-0.4266000482917053, 0.8413623931712975, -0.33184593135155627], [0.2824199444684594, 0.4724804086637203, 0.8348660002631537]]	0.7924227525896496	0.2075772474103505	[[0.6808619569178497, 0.2079586461267395, -0.3480143904278773], [-0.33804758452219064, 0.6667147035222144, -0.2629622663572761], [0.22379598978191262, 0.37440422597798784, 0.6615668139720395]]	0.8371346573384839	0.20158418394388958	[[0.7352992231199101, 0.16374170918850875, -0.33449114103359223], [-0.3524561313573802, 0.7486827546423377, -0.390228718609789], [0.25416971655207854, 0.39115127130876676, 0.7067735556113192]]	[[0.016020102049051674, -0.055950859452354104, 0.03315972023662692], [0.00466555388987728, 0.044349135937396866, -0.11242898857863395], [0.017746193113921095, -0.004378453697083658, 0.007878292557473224]]	0.43837927440937013	[[0.7691856798427023, -0.1319713986946689, -0.45057853926868546], [-0.14644660940672619, 0.8535533905932737, -0.5], [0.45057853926868546, 0.4505785392686856, 0.6372142811480334]]
5	[[0.8489524140446696, -0.5135124485683378, 0.12483895166604869], [0.522794976890395, 0.7815435453534784, -0.34040431673891397], [0.0772347773085365, 0.35425224329800037, 0.9319550081910795]]	0.8321163551261753	0.1678836448738247	[[0.7064271884504181, -0.4273021070146028, 0.10388053343812523], [0.4350262506483085, 0.6503351663319252, -0.28325599931400125], [0.06426832138296122, 0.2947790854884032, 0.7754950045575458]]	0.9063144255228694	0.15776239909392703	[[0.75026251109653, -0.4722899535473243, 0.06622708866552875], [0.5081900757064033, 0.6669504058734228, -0.2958627713768341], [0.02297408911592167, 0.29379215135811826, 0.8316197631131668]]	[[-0.019155308334618128, -0.006886213724269248, -0.046916254096563435], [0.03437344655974316, -0.041373783454721674, 0.012650571393899619], [-0.04702490371085134, -0.02727176701669673, -0.01302450474869261]]	0.43348277745884295	[[0.6925403814941047, -0.6925403814941046, 0.0], [0.7071067811865475, 0.7071067811865476, 0.0], [0.0, 0.0, 0.9794]]
5	[[0.5319609947059123, -0.8460851799387872, 0.03402011756955908], [-0.703274286200726, -0.4190807785627857, 0.5742617690636116], [-0.47161719485230363, -0.3294103357928521, -0.8179645788128509]]	0.7904851559794837	0.20951484402051662	[[0.42050726987510423, -0.6688177754358414, 0.026892397943413283], [-0.5559278838237409, -0.3312771346102069, 0.45394540409130313], [-0.3728063918354297, -0.26039398067046676, -0.646588857668569]]	0.8482355762824089	0.19660837044003793	[[0.506937606479939, -0.6960815275991731, 0.007066236460354279], [-0.5915865085173716, -0.39025484170301183, 0.5700623396977811], [-0.36845218661761053, -0.3584590191804423, -0.6890152911388189]]	[[0.05570936557580608, 0.02159802259020962, -0.021790837571455977], [0.004955760922700902, -0.03477561598992684, 0.08295307707915295], [0.03159029644262628, -0.07904145316581059, 0.004811364749097526]]	0.32202872951903916	[[0.6372142811480334, -0.6372142811480332, 0.0], [-0.5, -0.5000000000000001, 0.7071067811865475], [-0.45057853926868546, -0.4505785392686856, -0.6372142811480334]]
5	[[-0.42203838922340475, -0.825029846081567, 0.3757783270710803], [0.2588054115689476, 0.28760896992378115, 0.9221175843470338], [-0.8688517462515349, 0.4864224845687207, 0.09214016247897017]]	0.7576213123116821	0.24237868768831813	[[-0.31974527828934435, -0.6250601946846219, 0.28469766929388035], [0.1960764955462311, 0.21789868522626618, 0.6986159343586779], [-0.6582606001993843, 0.3685240410968631, 0.06980735081392898]]	0.8536657534521591	0.2396489062603343	[[-0.2820711777697799, -0.6380401950476298, 0.33415897231263597], [0.25680160282453335, 0.2323138367828333, 0.8305633060369484], [-0.7416792716995628, 0.37637741312671485, 0.02253147202986028]]	[[0.07820854175235348, 0.06625953012811014, 0.01336988360251026], [0.035868286160031584, -0.013208091226750769, 0.04338310362385296], [2.9708902477955032e-05, -0.0388648036587134, -0.056125429195954146]]	0.49454703351188695	[[-0.46005568640870476, -0.46005568640870487, 0.6506169911660541], [0.5, 0.5000000000000001, 0.7071067811865475], [-0.6506169911660541, 0.650616991166054, 0.0]]
5	[[-0.30792515101507295, 0.09349718223056193, 0.9468053539599837], [0.3027085282091916, -0.9338174967034747, 0.1906631317268273], [0.9019698710720718, 0.34531602882779927, 0.2592434992682147]]	0.7601249530486285	0.23987504695137163	[[-0.23406159095782414, 0.07106954125318493, 0.7196903752250227], [0.23009630579243115, -0.7098179808377164, 0.14492780405195904], [0.685609805899936, 0.26248333019966974, 0.19705745270941386]]	0.8498896841597979	0.2614072678629557	[[-0.25691001360098603, 0.07908887026160466, 0.7439759335303295], [0.24364311016780582, -0.8497652476386953, 0.1190556665226192], [0.6806194684111284, 0.26480459031152065, 0.1778211433393814]]	[[0.004792395740072329, -0.0003734204141586893, -0.06070416970752661], [-0.013625745264381272, -0.0561233903024861, -0.042986962281611966], [-0.08595542043596835, -0.028675940364253336, -0.042507232374162394]]	0.46953579081244295	[[0.0, 0.0, 0.9794], [0.0, -1.0, 0.0], [0.9794, 0.0, 0.0]]
5	[[0.8787972042104137, -0.3840163418041313, 0.28327887866788265], [-0.395223040501579, -0.9183905790867732, -0.018907472103605397], [0.2674214316928388, -0.09534250611366366, -0.9588511794847616]]	0.751634077633932	0.24836592236606828	[[0.6605339260139724, -0.28863976886830495, 0.21292205868070851], [-0.29706310550708254, -0.6902936558195791, -0.01421150035498273], [0.20100306114999242, -0.07166267664205112, -0.7207052218802368]]	0.8476343448233867	0.24783139161433418	[[0.6928956972323275, -0.31387216114771443, 0.145507217573946], [-0.35951925978622257, -0.8405001426741855, -0.02554745896633284], [0.132671786934604, -0.055493215705005566, -0.8127551913056974]]	[[-0.05200299519119046, 0.011633279138904126, -0.09460968914800832], [-0.024514636791559845, -0.06204074587799776, -0.009520836237526809], [-0.09400380311008746, 0.025322366998469466, 0.0]]	0.4763294573914579	[[0.6782740496353262, -0.6782740496353261, 0.0], [-0.7071067811865475, -0.7071067811865476, 0.0], [0.0, 0.0, -0.9592243600000001]]
5	[[0.08740825448676931, -0.06334395238859675, -0.994156597696443], [0.7119981850616444, -0.6940087028176986, 0.10681996481098455], [-0.6967197295301035, -0.717174639895393, -0.015561310176609944]]	0.8742096049380582	0.12579039506194178	[[0.07641313562320388, -0.055375891592850335, -0.8691012465187715], [0.6224356520793546, -0.6067090739138346, 0.09338303923690806], [-0.6090790795050626, -0.6269609586145459, -0.013603846821812765]]	0.935266022056603	0.10350892024863151	[[0.07223452697301284, -0.057190209085586634, -0.8940827598687051], [0.675025993144557, -0.6571814596931347, 0.11102465498718703], [-0.6398846073295205, -0.662535126006419, 0.0]]	[[-0.009515443495739129, 0.0020532372862391134, 0.03571812656017393], [0.009118282890431807, -0.008098700936162617, 0.011119571422191213], [0.011733682596451835, 0.008213946568422155, 0.014553964666866918]]	0.14137990543849432	[[0.0, 0.0, -0.9394643381840001], [0.7071067811865475, -0.7071067811865476, 0.0], [-0.6643016042128385, -0.6643016042128383, 0.0]]
5	[[0.3802729664721569, 0.7767473726770865, -0.5020517802076895], [0.4287143634067757, 0.332951791095048, 0.839849450446521], [0.8195098935212374, -0.5346088512602871, -0.20639019011321075]]	0.771935313409628	0.22806468659037227	[[0.2935461315548933, 0.5995987265675918, -0.3875514983024844], [0.3309397564796186, 0.2570172452092528, 0.6483094487473389], [0.6326086264976072, -0.4126834511491708, -0.15931987608971404]]	0.8544073052253706	0.23606054350793226	[[0.3458441188696356, 0.6049150362289095, -0.4334677245757459], [0.40231664061490546, 0.2921122168088455, 0.7186802013221882], [0.666057169214816, -0.4334677245757459, -0.08211119151686957]]	[[0.020936118336102337, -0.05874359330100659, -0.0045110159648939704], [0.036019956665111985, 0.007635774209365032, 0.0011066955711678695], [-0.03413807051419482, 0.02330598337918703, 0.09423009464271072]]	0.3771604696426443	[[0.46005568640870476, 0.46005568640870487, -0.6506169911660541], [0.5, 0.5000000000000001, 0.7071067811865475], [0.6506169911660541, -0.650616991166054, 0.0]]
5	[[-0.8305561570912853, 0.32773595720904825, 0.4502950280316503], [-0.5100865793185324, -0.772219296347621, -0.37879947194723407], [0.22358030216652452, -0.5443036842615101, 0.808545204538665]]	0.7610140041365704	0.2389859958634295	[[-0.6320648667683215, 0.2494116530951894, 0.34268082232515534], [-0.3881830301835227, -0.587669698785028, -0.2882717029113831], [0.17014774099781113, -0.41422272622613937, 0.6153142236313919]]	0.8113017231599645	0.24270772253791512	[[-0.6790802688419559, 0.3317921739125227, 0.36645636086501227], [-0.49607517455408723, -0.6279090921061299, -0.3695261749762018], [0.056847524152754125, -0.47933833568209117, 0.6657025456987445]]	[[-0.005248627412678084, 0.06589942708734144, 0.0011312286925699465], [-0.08224105379218992, -0.0014062463219295246, -0.06220551065332611], [-0.12454356025957279, -0.03774381871841075, 0.009728428003799541]]	0.4045558381290496	[[-0.6372142811480334, 0.4505785392686856, 0.45057853926868546], [-0.7071067811865475, -0.5000000000000001, -0.5], [0.0, -0.6372142811480332, 0.6372142811480334]]
5	[[-0.5446221603179724, 0.8109226453022452, -0.2139887049042392], [-0.8354447797583356, -0.5021691245819775, 0.22328947644507607], [0.07361197229480154, 0.30038414347728, 0.9509735242804028]]	0.803650720368309	0.19634927963169105	[[-0.4376859914680832, 0.6516985680601242, -0.17197217684697336], [-0.6714057990807296, -0.4035685787170292, 0.17944674859574797], [0.05915831456244927, 0.24140393329273357, 0.7642505578391353]]	0.8593257811715038	0.16717701283862527	[[-0.4845061429108455, 0.6803484560917222, -0.13411046002353222], [-0.7621386487977767, -0.4474151448810005, 0.2101862880982912], [0.04876796783051213, 0.21719568069834583, 0.8336943461779672]]	[[-0.016498279552291967, -0.016498279552291967, 0.04977555098018159], [-0.04421941080629031, -0.015888269619382552, 0.018307884324750136], [-0.01448869776529331, -0.04093215804680088, 0.016498279552291967]]	0.3920273242053056	[[-0.6782740496353262, 0.6782740496353261, 0.0], [-0.7071067811865475, -0.7071067811865476, 0.0], [0.0, 0.0, 0.9592243600000001]]
