5	[[-0.42203838922340475, -0.825029846081567, 0.3757783270710803], [0.2588054115689476, 0.28760896992378115, 0.9221175843470338], [-0.8688517462515349, 0.4864224845687207, 0.09214016247897017]]	0.7358811732314401	0.26411882676856	[[-0.31057010501042626, -0.6071239310854579, 0.27652819620001434], [0.19045002990400284, 0.21164602621939813, 0.6785689698266366], [-0.639371642395765, 0.3579491486305822, 0.06780421086676008]]	0.8455296342098112	0.2538505977934872	[[-0.27658971680165884, -0.6256161111737664, 0.32593981449378007], [0.2554564002367706, 0.23094716586762903, 0.8305671999599227], [-0.7272301942420175, 0.36904455462678437, 0.02211237408705518]]	[[0.08025624806090452, 0.07197107279575778, 0.00820810306139468], [0.03662875526135861, -0.012234741267486308, 0.050889456168540376], [0.007409704948598443, -0.042240070822033696, -0.05579486378982104]]	0.4996728051830166	[[-0.4511029139877125, -0.45110291398771263, 0.637955858987447], [0.5, 0.5000000000000001, 0.7071067811865475], [-0.637955858987447, 0.6379558589874469, 0.0]]
5	[[-0.8305561570912853, 0.32773595720904825, 0.4502950280316503], [-0.5100865793185324, -0.772219296347621, -0.37879947194723407], [0.22358030216652452, -0.5443036842615101, 0.808545204538665]]	0.742911515853747	0.25708848414625285	[[-0.6170297336663496, 0.24347881676995284, 0.33452936185639887], [-0.3789491938581835, -0.5736906080211251, -0.2814144899089186], [0.1661003811975716, -0.4043694751594979, 0.6006775435400976]]	0.797448842694882	0.25332506963094775	[[-0.6681043376729561, 0.3298688848305791, 0.35328657670922947], [-0.49544985692280036, -0.6232290298170734, -0.3682070730976588], [0.054278737034590546, -0.47249500643060927, 0.6528401533321007]]	[[-0.00577829140740199, 0.06851622504472418, -0.005800672265869419], [-0.08868190457104552, -0.007423645638006813, -0.06613387257990455], [-0.12401511617747646, -0.03844066334170768, 0.008066715706245788]]	0.4150159123734843	[[-0.6217517801691658, 0.4396448999724247, 0.43964489997242456], [-0.7071067811865475, -0.5000000000000001, -0.5], [0.0, -0.6217517801691657, 0.6217517801691658]]
5	[[0.8787972042104137, -0.3840163418041313, 0.28327887866788265], [-0.395223040501579, -0.9183905790867732, -0.018907472103605397], [0.2674214316928388, -0.09534250611366366, -0.9588511794847616]]	0.7378107216344814	0.26218927836551886	[[0.64838599940885, -0.2833313742659398, 0.20900619389375721], [-0.2915997967190438, -0.6775984158983211, -0.013950135637044916], [0.19730639949781953, -0.07034472323816214, -0.7074506806757256]]	0.8434377003926511	0.2525581443132734	[[0.6899301148011681, -0.3115508432215768, 0.1421400866834501], [-0.35903668583451864, -0.8404935710323728, -0.026045898264827755], [0.12992972735972694, -0.05421798548548032, -0.8087312338434085]]	[[-0.05128057822955428, 0.012343017022897966, -0.09678799930999764], [-0.025690673411675226, -0.06588833294514962, -0.010098623473524606], [-0.09562359002299145, 0.026197478620700425, 0.0]]	0.4784980506294492	[[0.6716419537132212, -0.6716419537132211, 0.0], [-0.7071067811865475, -0.7071067811865476, 0.0], [0.0, 0.0, -0.9498451599999999]]
5	[[-0.5446221603179724, 0.8109226453022452, -0.2139887049042392], [-0.8354447797583356, -0.5021691245819775, 0.22328947644507607], [0.07361197229480154, 0.30038414347728, 0.9509735242804028]]	0.7838541389395615	0.21614586106043845	[[-0.42690433452344817, 0.635645071879983, -0.16773593202550435], [-0.6548668484690219, -0.3936273467512394, 0.17502638029312062], [0.05770104915878452, 0.23545735413648103, 0.7454245330291354]]	0.8490473147311542	0.17859613352403983	[[-0.47973503648219834, 0.6711866407274119, -0.1280589086845141], [-0.7618918623287652, -0.45087046757575316, 0.20928679302136688], [0.045162409867323935, 0.20718200352505786, 0.824746570891842]]	[[-0.017325053721143638, -0.017325053721143634, 0.053627626597227536], [-0.05255971546878972, -0.02450512080853076, 0.019703462637949733], [-0.01733763754164145, -0.04785834688214448, 0.017325053721143638]]	0.39504438375002277	[[-0.6716419537132212, 0.6716419537132211, 0.0], [-0.7071067811865475, -0.7071067811865476, 0.0], [0.0, 0.0, 0.9498451599999999]]
5	[[0.04673222253661188, -0.9725397674033924, -0.22799671093185395], [-0.8377629715199755, -0.16246744520517667, 0.5213036857710898], [-0.5440306084466285, 0.16664552219444034, -0.8223502702654952]]	0.6758453351600182	0.32415466483998184	[[0.03158375460302896, -0.6572864650571919, -0.1540905135151206], [-0.5661981962715705, -0.10980286495728445, 0.3523206642301149], [-0.36768054890292023, 0.11262659880041778, -0.5557815940265152]]	0.7857502948492436	0.3606053895354293	[[-0.028958937109283756, -0.8447430199009038, -0.14951411167139655], [-0.6859850604180094, -0.1473555439044031, 0.270909670933095], [-0.2916689553303482, 0.037047842154119034, -0.6148903710763246]]	[[-0.06567879474638688, -0.08056961091107338, 0.02963437116796546], [-0.027712558532410156, -0.019696700931032325, -0.13870485386753625], [0.13580325566360357, -0.09389392604546862, 0.03127159625414341]]	0.6281511858564599	[[-1.848415358985575e-16, -0.9257190929359997, 0.0], [-1.0, 1.7938038903913487e-16, 0.0], [0.0, 0.0, -0.9257190929359997]]
5	[[0.8592155572171323, 0.2624339665249735, -0.4391776855101157], [-0.4266000482917053, 0.8413623931712975, -0.33184593135155627], [0.2824199444684594, 0.4724804086637203, 0.8348660002631537]]	0.7698961872460156	0.23010381275398453	[[0.6615067815239307, 0.20204691023142562, -0.3381212255977678], [-0.32843775065875, 0.647761698594765, -0.2554869173006662], [0.21743403844849835, 0.36376086517863754, 0.6427601504639331]]	0.8216497576858992	0.21814282452438408	[[0.7246296621300016, 0.16655873294700166, -0.3226571650493459], [-0.34857467268020786, 0.7417446687580145, -0.3942680005502989], [0.23812085512029088, 0.3862900671314767, 0.691421548950754]]	[[0.018655407742589947, -0.049070072056792244, 0.03819307383109473], [0.001941153627464551, 0.050439462282789685, -0.12160687146624119], [0.00607057618211608, -0.0019233461584037825, 0.005454102134337832]]	0.4457514329480676	[[0.7505207900570076, -0.1287690098878418, -0.43964489997242456], [-0.14644660940672619, 0.8535533905932737, -0.5], [0.43964489997242456, 0.4396448999724247, 0.6217517801691658]]
5	[[0.8489524140446696, -0.5135124485683378, 0.12483895166604869], [0.522794976890395, 0.7815435453534784, -0.34040431673891397], [0.0772347773085365, 0.35425224329800037, 0.9319550081910795]]	0.8149844474467538	0.1850155525532462	[[0.6918830140687829, -0.4185046591534963, 0.1017418040433867], [0.426069775368957, 0.6369458344654817, -0.27742422398595357], [0.0629451423084707, 0.2887100687609939, 0.7595288373958418]]	0.9012877608875011	0.16618773134960976	[[0.7423263182966198, -0.4679366070565518, 0.06590305428986454], [0.5083043873413289, 0.6667875512497404, -0.2961416255830977], [0.021916967874700464, 0.28983822885831184, 0.8236439013003958]]	[[-0.02282410205773889, -0.005114122098536605, -0.04661276492877145], [0.03711567321655195, -0.03760808077797517, 0.010660618846957775], [-0.04769379162835519, -0.029444982293117223, -0.01631574128003495]]	0.4350567540886102	[[0.6891462689444092, -0.6891462689444091, 0.0], [0.7071067811865475, 0.7071067811865476, 0.0], [0.0, 0.0, 0.9745999999999999]]
5	[[-0.30792515101507295, 0.09349718223056193, 0.9468053539599837], [0.3027085282091916, -0.9338174967034747, 0.1906631317268273], [0.9019698710720718, 0.34531602882779927, 0.2592434992682147]]	0.7492145651197887	0.2507854348802114	[[-0.23070200810720315, 0.07004945072479608, 0.7093603615202169], [0.22679363832030075, -0.6996296696939435, 0.1428475953210919], [0.6757689647064142, 0.258715798367112, 0.19422900556436776]]	0.8459157667808114	0.2657648356062413	[[-0.2529865563701984, 0.07763674534594218, 0.739963000880003], [0.2441041166531008, -0.849760953415059, 0.11860502721026675], [0.6769192818339957, 0.2619959397500476, 0.17534981102425626]]	[[0.007492183861814144, -0.0014539952524688805, -0.06095457610723398], [-0.011961800098068416, -0.05983000965780147, -0.04267992206126324], [-0.08607125326712554, -0.03011233355752504, -0.043948352442156315]]	0.4703912731186906	[[0.0, 0.0, 0.9745999999999999], [0.0, -1.0, 0.0], [0.9745999999999999, 0.0, 0.0]]
5	[[0.5319609947059123, -0.8460851799387872, 0.03402011756955908], [-0.703274286200726, -0.4190807785627857, 0.5742617690636116], [-0.47161719485230363, -0.3294103357928521, -0.8179645788128509]]	0.7711334978456564	0.2288665021543437	[[0.410212942565025, -0.6524446242815685, 0.026234052258534563], [-0.5423183602628732, -0.323167226653002, 0.4428324866570574], [-0.3636798171106133, -0.2540193444664542, -0.6307598867738029]]	0.8322372035442914	0.2116230712348737	[[0.48852878236901365, -0.6846583074712232, 0.005370823721267867], [-0.598930232200511, -0.3870630182704542, 0.5613965194601761], [-0.3530375065656686, -0.34544201481793657, -0.6792874837499555]]	[[0.0458110517403255, 0.0194852566413017, -0.022941983789069996], [-0.013639206928211196, -0.03828840306019692, 0.08347451067227832], [0.039459868821615715, -0.07129447813910728, 0.0014530699195357323]]	0.3327190675112318	[[0.6217517801691658, -0.6217517801691657, 0.0], [-0.5, -0.5000000000000001, 0.7071067811865475], [-0.43964489997242456, -0.4396448999724247, -0.6217517801691658]]
5	[[0.034229894132735264, 0.2773841392786001, 0.9601491309293217], [-0.1827544195208179, -0.9427759796974285, 0.2788803941677556], [0.9825625356654255, -0.18501754344446375, 0.018422055382213542]]	0.864280275413572	0.13571972458642806	[[0.02958422232841784, 0.23973764029106515, 0.8298379553176961], [-0.15795104003649998, -0.8148226833861937, 0.24103082387875333], [0.8492094189359716, -0.15990701340452368, 0.01592181909942359]]	0.9185964061914742	0.12733185694734425	[[0.00903420432303646, 0.23661829629807465, 0.8602661155952709], [-0.16489719290840424, -0.826734496574756, 0.25340273535222185], [0.893497204247201, -0.16013344133801372, 0.0]]	[[-0.022409253411608782, -0.01818577717776271, -0.021723425484271343], [0.0029803600790281135, 0.03929613021894824, -0.0027757924875402395], [-0.009081209873441104, 0.009823009152445621, -0.016922433868761664]]	0.34917328230927214	[[0.0, 0.0, 0.9745999999999999], [0.0, -1.0, 0.0], [0.9745999999999999, 0.0, 0.0]]
5	[[0.3802729664721569, 0.7767473726770865, -0.5020517802076895], [0.4287143634067757, 0.332951791095048, 0.839849450446521], [0.8195098935212374, -0.5346088512602871, -0.20639019011321075]]	0.7503522085031641	0.24964779149683616	[[0.2853386602264326, 0.582834106537282, -0.3767156620617849], [0.32168676939930224, 0.2498311117732534, 0.6301828899527157], [0.6149210584938534, -0.40114493222849595, -0.15486533496483557]]	0.8461384543090971	0.24712714229545021	[[0.346206641593972, 0.5898164268797391, -0.43011092037676507], [0.4036051234940766, 0.2928070028664752, 0.717679508251035], [0.6531600837113188, -0.43011092037676507, -0.08005982950028485]]	[[0.02444306152768606, -0.06741939442590278, -0.005305603088700294], [0.04085341470095892, 0.011083688989866013, 0.007050592397871272], [-0.04025875088375354, 0.022242186688576266, 0.09457484694666796]]	0.38148126767143603	[[0.4511029139877125, 0.45110291398771263, -0.637955858987447], [0.5, 0.5000000000000001, 0.7071067811865475], [0.637955858987447, -0.6379558589874469, 0.0]]
5	[[-0.3195682178843842, -0.5708200961323295, -0.7563336379995778], [0.910087742671785, 0.03735879733279218, -0.41272826520656647], [0.2638493031197415, -0.8202248094963509, 0.507557688474819]]	0.7546417386513073	0.24535826134869274	[[-0.24115951556197152, -0.4307646698024076, -0.5707609315804697], [0.6867901964550794, 0.02819250777314015, -0.3114619756460212], [0.19911169684821756, -0.6189758763232637, 0.383024216496476]]	0.8006744363512016	0.22045243585759897	[[-0.2938146561955972, -0.4796651204932483, -0.5917656563429382], [0.7755469682011651, 0.00880587305655494, -0.3125359885884622], [0.19128680768418668, -0.6278483817062842, 0.43656157402209766]]	[[-0.037944553465259975, -0.022624061764556704, 0.013811352955827541], [0.04686297780729616, -0.021106360940637277, 0.01792498252201459], [-0.01997058437286968, 0.028884655318478412, 0.03017310788680325]]	0.5029008535500001	[[1.7557083824021105e-16, -0.6217517801691658, -0.6217517801691657], [1.0, 1.2684108950145333e-16, 1.268410895014533e-16], [0.0, -0.6217517801691657, 0.6217517801691658]]
5	[[0.08740825448676931, -0.06334395238859675, -0.994156597696443], [0.7119981850616444, -0.6940087028176986, 0.10681996481098455], [-0.6967197295301035, -0.717174639895393, -0.015561310176609944]]	0.8495194368294261	0.1504805631705739	[[0.07425501112584344, -0.0538119187597107, -0.8445553529953407], [0.6048562971971416, -0.5895738823724118, 0.09074563634836671], [-0.5918769522583636, -0.6092537961922807, -0.013219635457561694]]	0.933561067905757	0.11200507528796301	[[0.060031800314006824, -0.057168235802959384, -0.8860446731333956], [0.6819543438356027, -0.6728002640621685, 0.09185591327821974], [-0.6429363743327465, -0.6552449302223442, -0.0020248458841267965]]	[[-0.021569143088439702, 0.001967212034310418, 0.042061221877649706], [0.01726055784249318, -0.02490075832378867, -0.007867047144378376], [0.007494040398387091, 0.014281392473325485, 0.012502587462361908]]	0.14991934444233798	[[0.0, 0.0, -0.9257190929359997], [0.7071067811865475, -0.7071067811865476, 0.0], [-0.6545822480889053, -0.6545822480889052, 0.0]]
5	[[0.22433838825039393, -0.7661379269479729, -0.6022499185961573], [-0.9416906372873723, -0.011392912655017143, -0.3362869982418849], [0.2507808429735371, 0.642575192824231, -0.724020780340167]]	0.6891997449107771	0.310800255089223	[[0.1546139599558664, -0.5280220638190146, -0.4150704902690079], [-0.6490129470033241, -0.007851992495628604, -0.23176891340511796], [0.17283809300587138, 0.4428626589804534, -0.49899493712054477]]	0.760701828297122	0.38930350622147186	[[0.2165914324641361, -0.5643283590525657, -0.34780542458159946], [-0.8385847294548435, -0.012769881138484276, -0.15612581258770394], [0.1408576180140255, 0.34780542458159946, -0.5131858498590016]]	[[0.04593681036483174, 0.018474162704524073, 0.11032718958629026], [-0.12223893998005739, -0.004103271652183226, 0.09968832180744891], [-0.04991182773783758, -0.1410026994181688, 0.03757808147087236]]	0.6325695279347826	[[0.6217517801691658, -0.4396448999724247, -0.43964489997242456], [-0.7071067811865475, -0.5000000000000001, -0.5], [0.0, 0.6217517801691657, -0.6217517801691658]]
