5	[[0.034229894132735264, 0.2773841392786001, 0.9601491309293217], [-0.1827544195208179, -0.9427759796974285, 0.2788803941677556], [0.9825625356654255, -0.18501754344446375, 0.018422055382213542]]	0.8657115412648625	0.1342884587351376	[[0.02963321440698332, 0.24013465073730417, 0.8312121839809414], [-0.1582126101963325, -0.8161720464513516, 0.24142997586352005], [0.8506157271400269, -0.16017182269634536, 0.015948185958202736]]	0.9226865514327159	0.12523824976875444	[[0.009175683482299891, 0.2388739509739134, 0.8674857870893189], [-0.16457802317467415, -0.8270075725404773, 0.2530626413859492], [0.9010647946897932, -0.16160774795623079, 0.0]]	[[-0.022407779490940576, -0.017064663919190294, -0.018430903388976228], [0.004047021932077111, 0.04287914494014309, -0.0042565477708937], [-0.0055324429103233135, 0.009105451159094138, -0.016997782750917123]]	0.3469288471107998	[[0.0, 0.0, 0.9798], [0.0, -1.0, 0.0], [0.9798, 0.0, 0.0]]
5	[[0.8592155572171323, 0.2624339665249735, -0.4391776855101157], [-0.4266000482917053, 0.8413623931712975, -0.33184593135155627], [0.2824199444684594, 0.4724804086637203, 0.8348660002631537]]	0.7943706944279355	0.20562930557206455	[[0.6825356588498589, 0.20846985222992084, -0.34886988301592403], [-0.33887857660447274, 0.668353628529033, -0.2636086829308208], [0.2243461274077091, 0.37532459033379434, 0.6631930843833145]]	0.8384419477357725	0.20021533853636667	[[0.7361976901303694, 0.16349446615736074, -0.3355015838313145], [-0.3527868977300957, 0.7492634971646858, -0.3898837250270095], [0.25554086507315205, 0.3915589392152098, 0.7080724339431882]]	[[0.015795324812359946, -0.056541179887862586, 0.03272341020987547], [0.00489247766377633, 0.043829973482512254, -0.11165017599641927], [0.018748136753588135, -0.004588454891793694, 0.008085758584175588]]	0.4377872500684791	[[0.770757691743546, -0.13224111329642987, -0.4514994025199878], [-0.14644660940672619, 0.8535533905932737, -0.5], [0.4514994025199878, 0.45149940251998794, 0.6385165784471162]]
5	[[-0.3195682178843842, -0.5708200961323295, -0.7563336379995778], [0.910087742671785, 0.03735879733279218, -0.41272826520656647], [0.2638493031197415, -0.8202248094963509, 0.507557688474819]]	0.7767633781566214	0.22323662184337845	[[-0.24822888847536542, -0.4433921461914357, -0.5874922716660393], [0.7069228294166698, 0.029018945620088263, -0.32059220154257456], [0.20494847601556085, -0.6371205938722572, 0.39425222470906646]]	0.8166211737466927	0.2001505016726283	[[-0.29673928565869423, -0.48480008426921833, -0.6131747654377713], [0.7807622656315063, 0.0077505787137321785, -0.3156276364125096], [0.1878555222000322, -0.6547291717785418, 0.42845506260818045]]	[[-0.035773112477809677, -0.01865630736743533, 0.004463297769550019], [0.0375653449983951, -0.022757406213937438, 0.021415003958912982], [-0.027609405405857983, 0.015083774888525522, 0.013972707301715556]]	0.4936778030611254	[[1.8030489736230467e-16, -0.6385165784471162, -0.6385165784471161], [1.0, 1.2684108950145333e-16, 1.268410895014533e-16], [0.0, -0.6385165784471161, 0.6385165784471162]]
5	[[0.8489524140446696, -0.5135124485683378, 0.12483895166604869], [0.522794976890395, 0.7815435453534784, -0.34040431673891397], [0.0772347773085365, 0.35425224329800037, 0.9319550081910795]]	0.8336698137252324	0.16633018627476753	[[0.7077460008782064, -0.42809982734355423, 0.10407446558108811], [0.4358383910007029, 0.651549261872992, -0.2837848033269954], [0.06438830241191747, 0.29532940168198973, 0.776942758078955]]	0.9067297407437335	0.15706987040386086	[[0.7509255492108136, -0.47262245357006705, 0.06633307816286259], [0.5082172648253899, 0.6669632326854509, -0.29580461559428756], [0.02298537335565854, 0.2941560095033883, 0.8322860611211568]]	[[-0.018844853079676604, -0.0070054442110183725, -0.04686211211601322], [0.034183510967435965, -0.04168554357284702, 0.012850102270435659], [-0.04704569624971075, -0.027055035220093577, -0.012745261840764872]]	0.4333526802606536	[[0.6928232242065793, -0.6928232242065792, 0.0], [0.7071067811865475, 0.7071067811865476, 0.0], [0.0, 0.0, 0.9798]]
5	[[0.08740825448676931, -0.06334395238859675, -0.994156597696443], [0.7119981850616444, -0.6940087028176986, 0.10681996481098455], [-0.6967197295301035, -0.717174639895393, -0.015561310176609944]]	0.8761980945209846	0.12380190547901558	[[0.0765869460267126, -0.05550185038231645, -0.8710781165570886], [0.623851453053412, -0.6080891029898479, 0.09359544962418331], [-0.6104644994294525, -0.6283870529151163, -0.013634790324995639]]	0.9361050437708739	0.10203437802191345	[[0.07197875413157549, -0.05760815702892097, -0.8954486747949952], [0.6752979955881167, -0.6574915040999482, 0.11045098229028795], [-0.6411213522593334, -0.6634915146446511, 0.0]]	[[-0.009844553760697376, 0.0016884362944265454, 0.03518633060673665], [0.008792903396203176, -0.007826456971418767, 0.01045627445529802], [0.011081500648475604, 0.007859283025986593, 0.014567020944007598]]	0.14068311658966945	[[0.0, 0.0, -0.940615877592], [0.7071067811865475, -0.7071067811865476, 0.0], [-0.6651158655370388, -0.6651158655370387, 0.0]]
5	[[-0.5446221603179724, 0.8109226453022452, -0.2139887049042392], [-0.8354447797583356, -0.5021691245819775, 0.22328947644507607], [0.07361197229480154, 0.30038414347728, 0.9509735242804028]]	0.8051331886682482	0.19486681133175182	[[-0.438493376556199, 0.6529007351754875, -0.17228940831853892], [-0.672644319483071, -0.40431302852543033, 0.1797777681662878], [0.05926744197787232, 0.24184924326324297, 0.7656603459429625]]	0.8598405207645031	0.16845061596247848	[[-0.48462390450665627, 0.6857130635815223, -0.12364703927091289], [-0.7568100040748441, -0.4469394062883465, 0.20478525702860736], [0.06102689532087915, 0.2235524655074995, 0.8340212729094787]]	[[-0.016335702558962197, -0.011551086054888606, 0.060349120191669735], [-0.03846072957745124, -0.01515404469592439, 0.012791917320839907], [-0.002267661271585175, -0.03472999284940413, 0.016335702558962197]]	0.39178064055783096	[[-0.6788281950776065, 0.6788281950776064, 0.0], [-0.7071067811865475, -0.7071067811865476, 0.0], [0.0, 0.0, 0.9600080400000001]]
5	[[-0.8305561570912853, 0.32773595720904825, 0.4502950280316503], [-0.5100865793185324, -0.772219296347621, -0.37879947194723407], [0.22358030216652452, -0.5443036842615101, 0.808545204538665]]	0.762464770469077	0.237535229530923	[[-0.6332698096782855, 0.2498871213878602, 0.3433340951915188], [-0.3889230466194615, -0.588790008541481, -0.28882125243205536], [0.17047210377280597, -0.4150123836859252, 0.6164872337924462]]	0.8124148927837785	0.2417587247210159	[[-0.6797799430302071, 0.3319343665501098, 0.3675976463193551], [-0.4962374439451551, -0.6282895830969476, -0.3693535187392523], [0.05722286707195172, -0.47994017253404153, 0.6668273883591488]]	[[-0.005023751715983305, 0.0656767940127318, 0.0017712593999534565], [-0.08183551029764533, -0.0009271262491302376, -0.061611186350688206], [-0.12441710014123009, -0.03773975324291128, 0.009953222703030931]]	0.4036912037227405	[[-0.6385165784471162, 0.45149940251998794, 0.4514994025199878], [-0.7071067811865475, -0.5000000000000001, -0.5], [0.0, -0.6385165784471161, 0.6385165784471162]]
5	[[-0.30792515101507295, 0.09349718223056193, 0.9468053539599837], [0.3027085282091916, -0.9338174967034747, 0.1906631317268273], [0.9019698710720718, 0.34531602882779927, 0.2592434992682147]]	0.7610098874908069	0.23899011250919333	[[-0.23433408452957033, 0.07115228012998742, 0.7205282358927809], [0.2303641829949846, -0.710644348103258, 0.14509652842407775], [0.6864079901046548, 0.26278891224701584, 0.19728686621082714]]	0.8502201985538207	0.261046056475275	[[-0.25723856547149776, 0.07921062991603367, 0.7443106010781227], [0.24360543609209684, -0.8497653973497051, 0.11909297916397787], [0.6809278467399326, 0.2650402522551919, 0.1780279355554641]]	[[0.00456561756425275, -0.0002825629242574554, -0.06068243495755518], [-0.013763468865856804, -0.05581489988944531, -0.043012666549698486], [-0.08594515613252834, -0.02855441033859641, -0.042386123866144695]]	0.4694660836159643	[[0.0, 0.0, 0.9798], [0.0, -1.0, 0.0], [0.9798, 0.0, 0.0]]
5	[[0.5319609947059123, -0.8460851799387872, 0.03402011756955908], [-0.703274286200726, -0.4190807785627857, 0.5742617690636116], [-0.47161719485230363, -0.3294103357928521, -0.8179645788128509]]	0.7915113802693747	0.20848861973062546	[[0.42105318116914625, -0.6696860485988115, 0.02692731021440812], [-0.5566496009786958, -0.33170720548459465, 0.45453472546747203], [-0.37329037685631755, -0.2607320295583986, -0.6474282727876172]]	0.8495835640737699	0.19542353041776903	[[0.5085053741312081, -0.6970400191515854, 0.007214498349580694], [-0.5909602470761848, -0.3905228001738098, 0.5707995931717251], [-0.3697704397296748, -0.35956759831797963, -0.689825520802005]]	[[0.05656005630073138, 0.021780043530806176, -0.02168843438537399], [0.006530027515664351, -0.03447865868762796, 0.08291623269935403], [0.030907777551418845, -0.07970599119235099, 0.005103741351916903]]	0.3211554504283432	[[0.6385165784471162, -0.6385165784471161, 0.0], [-0.5, -0.5000000000000001, 0.7071067811865475], [-0.4514994025199878, -0.45149940251998794, -0.6385165784471162]]
5	[[0.3802729664721569, 0.7767473726770865, -0.5020517802076895], [0.4287143634067757, 0.332951791095048, 0.839849450446521], [0.8195098935212374, -0.5346088512602871, -0.20639019011321075]]	0.7737401576376282	0.22625984236237212	[[0.2942324650234951, 0.6010006345797821, -0.3884576235601495], [0.331713519123874, 0.25761817132761305, 0.6498252461803666], [0.6340877141987181, -0.4136483368486059, -0.1596923782330557]]	0.8550965865264241	0.23516892629954014	[[0.3458118381892273, 0.6061831513271161, -0.4337463166759667], [0.4022076515260021, 0.29205461991156384, 0.718765332995087], [0.6671397742136889, -0.4337463166759667, -0.08228333052057543]]	[[0.020641722610608607, -0.05801087564242894, -0.004443553160856956], [0.035615462782019255, 0.007348679868329346, 0.0006129347221736896], [-0.03362033836095436, 0.023395887163517582, 0.0942002165377708]]	0.376827498255139	[[0.4608077184323207, 0.4608077184323208, -0.6516805250531906], [0.5, 0.5000000000000001, 0.7071067811865475], [0.6516805250531906, -0.6516805250531905, 0.0]]
5	[[0.8787972042104137, -0.3840163418041313, 0.28327887866788265], [-0.395223040501579, -0.9183905790867732, -0.018907472103605397], [0.2674214316928388, -0.09534250611366366, -0.9588511794847616]]	0.7527660519893612	0.24723394801063883	[[0.6615287019127617, -0.289074465519293, 0.21324272310679526], [-0.297510487853605, -0.6913332504033736, -0.014232903128530025], [0.2013057753527609, -0.0717706019139541, -0.7217906168260864]]	0.8479828141029295	0.24743744793963954	[[0.6931415099885274, -0.3140652612972091, 0.14579039564295052], [-0.359559775751355, -0.8405006787105819, -0.025505648894861944], [0.13290213473279983, -0.05560064228917338, -0.8130893214854013]]	[[-0.052063416263606166, 0.011573996887370652, -0.09442522506576297], [-0.024417429668509908, -0.06172125101096068, -0.009472437492873988], [-0.09386664346552795, 0.025248164348716885, 0.0]]	0.47615365857841013	[[0.6788281950776065, -0.6788281950776064, 0.0], [-0.7071067811865475, -0.7071067811865476, 0.0], [0.0, 0.0, -0.9600080400000001]]
5	[[-0.42203838922340475, -0.825029846081567, 0.3757783270710803], [0.2588054115689476, 0.28760896992378115, 0.9221175843470338], [-0.8688517462515349, 0.4864224845687207, 0.09214016247897017]]	0.7595003014378732	0.24049969856212686	[[-0.32053828383353034, -0.6266104167941923, 0.2854037526843052], [0.1965627881003686, 0.21843909935334804, 0.7003485832727356], [-0.6598931631828634, 0.3694380236561026, 0.06998048117731244]]	0.8543427201436655	0.23847283694417656	[[-0.28253169790247934, -0.6390837389621623, 0.33485057285188324], [0.2569131345643269, 0.23242817549205538, 0.8305625048491178], [-0.7428935094979062, 0.37699444272197996, 0.0225657162520045]]	[[0.07803372755169537, 0.06577450393887337, 0.013807094730940333], [0.035804615256611286, -0.013288454210345576, 0.042758059545766815], [-0.0005963452037958577, -0.03857706588350105, -0.056153560794758195]]	0.4941338687729746	[[-0.4608077184323207, -0.4608077184323208, 0.6516805250531906], [0.5, 0.5000000000000001, 0.7071067811865475], [-0.6516805250531906, 0.6516805250531905, 0.0]]
5	[[0.22433838825039393, -0.7661379269479729, -0.6022499185961573], [-0.9416906372873723, -0.011392912655017143, -0.3362869982418849], [0.2507808429735371, 0.642575192824231, -0.724020780340167]]	0.7030240975671714	0.2969759024328287	[[0.15771529294940698, -0.5386134247045822, -0.42339620553096585], [-0.6620312104664096, -0.00800949213795509, -0.23641786346257412], [0.1763049758186054, 0.45174584505430615, -0.5090040557185251]]	0.7678892753601746	0.3792063883428834	[[0.22133893577740854, -0.5735336981840011, -0.35470676691204267], [-0.8378817959899867, -0.013791499838532797, -0.1564055777314266], [0.14414579484901546, 0.3547067669120426, -0.5210694924152157]]	[[0.04907189338834399, 0.014775399366024164, 0.10775448666448466], [-0.11476765490992528, -0.005043004395629904, 0.10182560166158271], [-0.0484261249361477, -0.13871983227018062, 0.03489829994590323]]	0.6240501844918673	[[0.6385165784471162, -0.45149940251998794, -0.4514994025199878], [-0.7071067811865475, -0.5000000000000001, -0.5], [0.0, 0.6385165784471161, -0.6385165784471162]]
5	[[0.04673222253661188, -0.9725397674033924, -0.22799671093185395], [-0.8377629715199755, -0.16246744520517667, 0.5213036857710898], [-0.5440306084466285, 0.16664552219444034, -0.8223502702654952]]	0.6903788980399351	0.3096211019600648	[[0.032262940297783184, -0.6714209329199688, -0.15740411804986298], [-0.5783738770966222, -0.11216409578811348, 0.3598970641268015], [-0.3755872519593788, 0.11504855197588726, -0.5677332733887355]]	0.7928787061157577	0.3506773948841709	[[-0.03679811776483339, -0.8543726909354632, -0.16138837575862963], [-0.6919342960860362, -0.15573838404429535, 0.27469425913508855], [-0.3005474622088533, 0.05114652089662334, -0.6154716909861293]]	[[-0.073851101903576, -0.08326661851054129, 0.019385361403667183], [-0.027689875195585557, -0.026921406304082032, -0.13863633273246867], [0.13080282270367796, -0.08098316512088931, 0.036552327275920324]]	0.6234438464718791	[[1.8781602845982902e-16, -0.940615877592, 0.0], [-1.0, -1.7938038903913487e-16, 0.0], [0.0, 0.0, -0.940615877592]]
