5	[[0.8489524140446696, -0.5135124485683378, 0.12483895166604869], [0.522794976890395, 0.7815435453534784, -0.34040431673891397], [0.0772347773085365, 0.35425224329800037, 0.9319550081910795]]	0.7510204234373231	0.248979576562677	[[0.6375806014739653, -0.3856583365641296, 0.09375660234170738], [0.39262970491512994, 0.5869551643660759, -0.2556505940971518], [0.058004895158344436, 0.26605066976528574, 0.6999172448761984]]	0.8781362126599185	0.20361949439081026	[[0.709483921381473, -0.4534938260182672, 0.05297956166800127], [0.5043554599643237, 0.6687626766593668, -0.29532217840879504], [0.023505192577656136, 0.2639245852167723, 0.7930630741813458]]	[[-0.036011936216208296, -0.002559949278745974, -0.05664604254045734], [0.04527025896016269, -0.017539012286141877, 0.0035991790654021473], [-0.04431746225369433, -0.04715713803921385, -0.02532036708101214]]	0.4422850886144431	[[0.6741556051832545, -0.6741556051832543, 0.0], [0.7071067811865475, 0.7071067811865476, 0.0], [0.0, 0.0, 0.9534]]
5	[[-0.30792515101507295, 0.09349718223056193, 0.9468053539599837], [0.3027085282091916, -0.9338174967034747, 0.1906631317268273], [0.9019698710720718, 0.34531602882779927, 0.2592434992682147]]	0.6911383078170273	0.3088616921829727	[[-0.21281886780686013, 0.06461948431249084, 0.6543734501680047], [0.20921345994828353, -0.6453970444815721, 0.13177459422477442], [0.623385930394694, 0.23866113582614099, 0.1791731133967987]]	0.8280881789037977	0.2830057231841158	[[-0.23277645425946988, 0.07262653946625887, 0.7258736531913879], [0.24752121360060242, -0.8483815264267509, 0.11851816160624203], [0.6642331304794864, 0.2515228230242475, 0.16014991479321103]]	[[0.022212723283278807, -0.0047973718996836764, -0.058164668145700454], [-0.003148140262795902, -0.07509829615306733, -0.0393677239295213], [-0.08267745748267875, -0.03442929843405612, -0.054526562408452904]]	0.4745799474797028	[[0.0, 0.0, 0.9534], [0.0, -1.0, 0.0], [0.9534, 0.0, 0.0]]
5	[[-0.3195682178843842, -0.5708200961323295, -0.7563336379995778], [0.910087742671785, 0.03735879733279218, -0.41272826520656647], [0.2638493031197415, -0.8202248094963509, 0.507557688474819]]	0.65685001878492	0.34314998121507995	[[-0.20990838992042118, -0.37494319086733047, -0.4967977643276895], [0.5977911508698875, 0.02453912672982656, -0.2711005687540007], [0.17330941971059027, -0.5387646815255356, 0.33338927720911554]]	0.7354333544580249	0.29456670940223323	[[-0.2853582423766345, -0.4344112205748158, -0.5308209953696056], [0.758089523928852, 0.015200779476880803, -0.344767711593973], [0.1902434442888879, -0.5674846075434237, 0.3772411632545358]]	[[-0.050337115919748834, -0.014611082484164574, 0.02541198911386536], [0.0887806424846093, -0.012274126164092142, -0.041233579033466486], [-0.0038001337758758096, 0.03573607551417217, 0.003966309838538594]]	0.5426634727720145	[[1.5728817933426635e-16, -0.5570071116642266, -0.5570071116642265], [1.0, 1.2684108950145333e-16, 1.268410895014533e-16], [0.0, -0.5570071116642265, 0.5570071116642266]]
5	[[0.22433838825039393, -0.7661379269479729, -0.6022499185961573], [-0.9416906372873723, -0.011392912655017143, -0.3362869982418849], [0.2507808429735371, 0.642575192824231, -0.724020780340167]]	0.6281702740271762	0.3718297259728239	[[0.14092270682206506, -0.4812650715135208, -0.3783154963973926], [-0.5915420656736349, -0.007156689064469819, -0.2112454958373814], [0.15753307085145304, 0.4036466349594628, -0.45480833198765264]]	0.748534098179016	0.4240958901693311	[[0.2034482881510487, -0.5065009213557966, -0.3588977668172407], [-0.8176362057398961, 0.05067346104701834, -0.2033534290781636], [0.16801656072718443, 0.3588977668172407, -0.422755400822366]]	[[0.03552335501510607, 0.06697944087294508, 0.09190683287751969], [-0.11274865379437016, 0.059201444646874005, 0.04836885588015405], [-0.019701451408585553, -0.12209167565565233, 0.1191988410524283]]	0.6683467440171106	[[0.5570071116642266, -0.39386350582690705, -0.39386350582690693], [-0.7071067811865475, -0.5000000000000001, -0.5], [0.0, 0.5570071116642265, -0.5570071116642266]]
5	[[-0.5446221603179724, 0.8109226453022452, -0.2139887049042392], [-0.8354447797583356, -0.5021691245819775, 0.22328947644507607], [0.07361197229480154, 0.30038414347728, 0.9509735242804028]]	0.7024045295700739	0.2975954704299261	[[-0.3825450723115827, 0.5695957391912435, -0.15030663560157148], [-0.5868201975079278, -0.3527258677166196, 0.15683953966035175], [0.05170538277045539, 0.21099118298946848, 0.6679681109557715]]	0.8082027122207013	0.2856038841742203	[[-0.4826789111445094, 0.6207816941128125, -0.11362914322465313], [-0.7352493174151884, -0.4065566697895805, 0.0963493960847273], [0.07526189068895835, 0.11797394631844275, 0.7472516310586763]]	[[-0.042513804040026595, -0.03460818722164781, 0.059317108463548276], [-0.06004058050387503, -0.000702221308931196, -0.08411376438852355], [0.015768495028384635, -0.1247973331479872, -0.021327750514824207]]	0.40951937987672804	[[-0.6427399539817148, 0.6427399539817147, 0.0], [-0.7071067811865475, -0.7071067811865476, 0.0], [0.0, 0.0, 0.90897156]]
5	[[0.5319609947059123, -0.8460851799387872, 0.03402011756955908], [-0.703274286200726, -0.4190807785627857, 0.5742617690636116], [-0.47161719485230363, -0.3294103357928521, -0.8179645788128509]]	0.6782492879774368	0.32175071202256333	[[0.36080216589105396, -0.5738566708617439, 0.023074120518462138], [-0.4769952838684825, -0.2842412396652392, 0.38949263598005784], [-0.31987402660649095, -0.22342232570391032, -0.55478389317058]]	0.7647137272501999	0.2821505062448752	[[0.42816438921353855, -0.6278941825551154, 0.005372888151760677], [-0.6100758907965329, -0.3796042944867737, 0.5405881090303899], [-0.3052564626209655, -0.29765805132763196, -0.6255087418226151]]	[[0.02136651420025648, 0.019118768967030367, -0.020642762756346855], [-0.07227239011675196, -0.05912747029311019, 0.10144225119246199], [0.05539568028982333, -0.045753445648740135, 7.960105731603813e-18]]	0.3834128224016631	[[0.5570071116642266, -0.5570071116642265, 0.0], [-0.5, -0.5000000000000001, 0.7071067811865475], [-0.39386350582690693, -0.39386350582690705, -0.5570071116642266]]
5	[[0.08740825448676931, -0.06334395238859675, -0.994156597696443], [0.7119981850616444, -0.6940087028176986, 0.10681996481098455], [-0.6967197295301035, -0.717174639895393, -0.015561310176609944]]	0.7527227159951857	0.2472772840048143	[[0.06579417871767937, -0.04768043188381427, -0.7483242543425997], [0.5359372076432438, -0.5223961157092337, 0.08040581403503444], [-0.5244367670993307, -0.5398336427849295, -0.011713351660581359]]	0.9007266563231235	0.16835154768949476	[[0.052951672193004715, -0.05295167219300473, -0.8299847121502383], [0.6837088274816328, -0.670517282779268, 0.09063461347553388], [-0.6004244641650953, -0.6114223449497026, 0.0]]	[[-0.025779272605903666, 0.004103914240267149, 0.06547863595445161], [0.042393082942925264, -0.04540514443113417, -0.005580976257217973], [0.02712956820890578, 0.03455597044301467, 0.014016486883384872]]	0.19085316919325276	[[0.0, 0.0, -0.8666134853040001], [0.7071067811865475, -0.7071067811865476, 0.0], [-0.6127882721261669, -0.6127882721261668, 0.0]]
5	[[0.8787972042104137, -0.3840163418041313, 0.28327887866788265], [-0.395223040501579, -0.9183905790867732, -0.018907472103605397], [0.2674214316928388, -0.09534250611366366, -0.9588511794847616]]	0.6668676225106461	0.33313237748935387	[[0.5860414022408014, -0.25608806486415664, 0.18890951232473271], [-0.2635614493807168, -0.612444942011772, -0.012608780969417685], [0.17833469436139657, -0.06358083037622564, -0.6394268064045319]]	0.8253459841980991	0.28418057474684916	[[0.6538932097791025, -0.26671114423099473, 0.16697755193934866], [-0.3170787859697299, -0.8546105256478014, -0.03392245483764333], [0.1580701152361605, -0.05233900118761898, -0.7515964955258421]]	[[-0.07141853364047938, 0.05023520134348967, -0.06682553297732885], [0.009116963370811016, -0.09662054927316632, -0.018317248665595025], [-0.06264508950003024, 0.026351553356676046, 0.03978747490551671]]	0.4892839710099461	[[0.6427399539817148, -0.6427399539817147, 0.0], [-0.7071067811865475, -0.7071067811865476, 0.0], [0.0, 0.0, -0.90897156]]
5	[[0.034229894132735264, 0.2773841392786001, 0.9601491309293217], [-0.1827544195208179, -0.9427759796974285, 0.2788803941677556], [0.9825625356654255, -0.18501754344446375, 0.018422055382213542]]	0.8340650092489769	0.16593499075102325	[[0.02854995696641134, 0.23135640469292512, 0.8008267937689618], [-0.15242906660792235, -0.7863364562260489, 0.23260437854088736], [0.8195210303974814, -0.15431665908422965, 0.015365191792751101]]	0.9014087109221601	0.15008158932585713	[[0.009112086061585393, 0.2271505351277988, 0.8310750846760766], [-0.16610685249897206, -0.8256780090459158, 0.25474366228225803], [0.8628077819385935, -0.15431537665417056, 0.0]]	[[-0.02174303868360552, -0.02288594428957702, -0.034411705727955585], [-0.001370426783383935, 0.024148471501519934, 0.003358445674037573], [-0.02288264673598658, 0.012461048680088262, -0.016605801194617752]]	0.3585291074498905	[[0.0, 0.0, 0.9534], [0.0, -1.0, 0.0], [0.9534, 0.0, 0.0]]
5	[[0.8592155572171323, 0.2624339665249735, -0.4391776855101157], [-0.4266000482917053, 0.8413623931712975, -0.33184593135155627], [0.2824199444684594, 0.4724804086637203, 0.8348660002631537]]	0.6748301820831094	0.32516981791689076	[[0.5798245909254776, 0.17709836141484053, -0.29637035747962986], [-0.2878825882653547, 0.5677767369816674, -0.22393965027750973], [0.19058550254955212, 0.3188440402092403, 0.5633927749725813]]	0.7765253890389151	0.39522555169703427	[[0.5293773740965007, 0.2093044276527441, -0.28387639896431227], [-0.33923217675833367, 0.7513089525415257, -0.2611611228566861], [0.2409094433784048, 0.33005715781411904, 0.522326911155988]]	[[-0.13782532073982112, 0.005517789699913421, 0.05715622413364064], [-0.007966408294597292, 0.0979696928614713, -0.0034743319129377694], [0.02160318612768555, -0.036835875336741986, -0.1259677344937204]]	0.48291932613582844	[[0.6723670616590204, -0.11535994999479378, -0.39386350582690693], [-0.14644660940672619, 0.8535533905932737, -0.5], [0.39386350582690693, 0.39386350582690705, 0.5570071116642266]]
5	[[0.3802729664721569, 0.7767473726770865, -0.5020517802076895], [0.4287143634067757, 0.332951791095048, 0.839849450446521], [0.8195098935212374, -0.5346088512602871, -0.20639019011321075]]	0.6615616059443906	0.33843839405560944	[[0.2515739943965576, 0.5138662392813395, -0.3321381819814393], [0.2836209627468136, 0.22026812161890127, 0.5556121511889145], [0.5421562812452264, -0.3536766901918414, -0.13653982562246378]]	0.810246759741105	0.29954154471073074	[[0.3462096130212956, 0.5269461553926875, -0.41212546779199094], [0.4074621848182818, 0.2979514674758803, 0.7159533539391939], [0.5978838464195628, -0.4171473040481708, -0.07038691342515971]]	[[0.03809467412009261, -0.10241088645633827, -0.005339639656457187], [0.0600977610134712, 0.02817835759112034, 0.03546805804455247], [-0.06612138938179783, 0.016017785414391226, 0.09684006935641995]]	0.40656195498117736	[[0.41311464844441675, 0.41311464844441687, -0.5842323386450876], [0.5, 0.5000000000000001, 0.7071067811865475], [0.5842323386450876, -0.5842323386450875, 0.0]]
5	[[-0.42203838922340475, -0.825029846081567, 0.3757783270710803], [0.2588054115689476, 0.28760896992378115, 0.9221175843470338], [-0.8688517462515349, 0.4864224845687207, 0.09214016247897017]]	0.6535088161621404	0.34649118383785976	[[-0.2758058081163638, -0.5391642780111977, 0.24557444966361122], [0.16913161813077848, 0.18795499745250285, 0.6026119709089226], [-0.5678022761132491, 0.3178813820451517, 0.06021440850261905]]	0.8107035286350086	0.31295451984394895	[[-0.2597834932001598, -0.5664458036886738, 0.3100310049046142], [0.2653319444996978, 0.2362096412424836, 0.8278795425941753], [-0.6599566322422431, 0.34332763922033316, 0.024061700143991598]]	[[0.08236451816268951, 0.10240880375885045, 0.005386189163529028], [0.05551748411091635, 0.003044034458194159, 0.08031556314764488], [0.04442454430456538, -0.05101678542693666, -0.050636654706712546]]	0.5254015172499711	[[-0.41311464844441675, -0.41311464844441687, 0.5842323386450876], [0.5, 0.5000000000000001, 0.7071067811865475], [-0.5842323386450876, 0.5842323386450875, 0.0]]
5	[[0.04673222253661188, -0.9725397674033924, -0.22799671093185395], [-0.8377629715199755, -0.16246744520517667, 0.5213036857710898], [-0.5440306084466285, 0.16664552219444034, -0.8223502702654952]]	0.6192682131129603	0.3807317868870396	[[0.028939779945044805, -0.6022629639411927, -0.1411911157744013], [-0.5187999783853791, -0.10061092448123754, 0.3228268019766629], [-0.3369008627715003, 0.10319827475262723, -0.5092553824202732]]	0.7557493797536061	0.40042778656103317	[[-0.009187166546780312, -0.7972958511250345, -0.12407887124608928], [-0.687020651978772, -0.14569698585153562, 0.2712879438683692], [-0.26919615170471045, 0.02631676468843586, -0.5802046446959154]]	[[-0.04450501474333213, -0.06229952512420434, 0.04822950162652158], [-0.053881805872012495, -0.02291231490757054, -0.1226869933164007], [0.14195464319580603, -0.09962548534872823, 0.04128606199744299]]	0.6481525433306465	[[-1.730397146135863e-16, -0.8666134853040001, 0.0], [-1.0, 1.7938038903913487e-16, 0.0], [0.0, 0.0, -0.8666134853040001]]
5	[[-0.8305561570912853, 0.32773595720904825, 0.4502950280316503], [-0.5100865793185324, -0.772219296347621, -0.37879947194723407], [0.22358030216652452, -0.5443036842615101, 0.808545204538665]]	0.6527143304710339	0.34728566952896617	[[-0.5421159059944332, 0.21391795588098733, 0.29391401773611403], [-0.3329408201021557, -0.5040386009923503, -0.24724784371482017], [0.1459340672351345, -0.35527481484566853, 0.5277490418360199]]	0.7662788172781494	0.38924588039829966	[[-0.6016034455925151, 0.23871550407310765, 0.1969251642028729], [-0.5685875243207161, -0.6241934165542804, -0.30340957582570277], [0.17631330098188505, -0.26743979362147785, 0.5811677420001361]]	[[0.034834144146479874, -0.012421617596564006, -0.1481263773034512], [-0.17771898361105415, -0.032458127469660605, -0.013143564476388673], [0.004988451471029404, 0.14964858979457132, -0.038403321049671535]]	0.46264929006294825	[[-0.5570071116642266, 0.39386350582690705, 0.39386350582690693], [-0.7071067811865475, -0.5000000000000001, -0.5], [0.0, -0.5570071116642265, 0.5570071116642266]]
