5	[[-0.30792515101507295, 0.09349718223056193, 0.9468053539599837], [0.3027085282091916, -0.9338174967034747, 0.1906631317268273], [0.9019698710720718, 0.34531602882779927, 0.2592434992682147]]	0.7041200550057443	0.29587994499425585	[[-0.21681627427038533, 0.06583324109506537, 0.6666646379100367], [0.21314314553336394, -0.6575196271441771, 0.13424973479906108], [0.6350950752327913, 0.24314394121259522, 0.182538546964617]]	0.8319694646535448	0.2792338906416043	[[-0.23718043206558245, 0.07367012472323951, 0.7288619592174276], [0.24670818651170104, -0.8487267738578423, 0.11849768766462845], [0.6669287595233021, 0.2537052601880418, 0.16351030734234295]]	[[0.01900389097778973, -0.004116675923736026, -0.05885118424777005], [-0.005136065648562525, -0.07181913104133911, -0.04012821596730835], [-0.08348263124615635, -0.03358713145211034, -0.05217236795874523]]	0.47361525611474165	[[0.0, 0.0, 0.958], [0.0, -1.0, 0.0], [0.958, 0.0, 0.0]]
5	[[0.8489524140446696, -0.5135124485683378, 0.12483895166604869], [0.522794976890395, 0.7815435453534784, -0.34040431673891397], [0.0772347773085365, 0.35425224329800037, 0.9319550081910795]]	0.762313854626286	0.23768614537371405	[[0.6471681871446829, -0.39145765406671196, 0.09516646245205018], [0.39853385401257724, 0.5957814726167037, -0.2594949268246687], [0.05887714080127327, 0.2700513930985077, 0.7104422146324137]]	0.8828234656530142	0.19580742296576473	[[0.716725825805492, -0.4574131082527209, 0.05444255603985628], [0.5054273745496292, 0.669068741867003, -0.29351135704824355], [0.02290664723646427, 0.2673159739088173, 0.8008773435661369]]	[[-0.03274928653591575, -0.004072268751655788, -0.05576819991845394], [0.043891701225263306, -0.020896239400698284, 0.007005561578450786], [-0.045278026535996704, -0.04542621923487809, -0.021874406597794948]]	0.44067902799850733	[[0.6774082963767125, -0.6774082963767124, 0.0], [0.7071067811865475, 0.7071067811865476, 0.0], [0.0, 0.0, 0.958]]
5	[[0.3802729664721569, 0.7767473726770865, -0.5020517802076895], [0.4287143634067757, 0.332951791095048, 0.839849450446521], [0.8195098935212374, -0.5346088512602871, -0.20639019011321075]]	0.6797598782235911	0.32024012177640926	[[0.2584943053808371, 0.5280016994614705, -0.3412746569759161], [0.2914228234620942, 0.22632726896909644, 0.5708959601616769], [0.5570699454230245, -0.3634056476299466, -0.14029577049789993]]	0.818072240178454	0.28985462407648316	[[0.3473242371104107, 0.5392547367082184, -0.4182182122295138], [0.4079345521770708, 0.29487317544102126, 0.7142059162706212], [0.609607389228935, -0.4182182122295138, -0.07351375703130426]]	[[0.036233479549227204, -0.09618072651045431, -0.007503587709428442], [0.057215232508210014, 0.022494557828466745, 0.027148394931192144], [-0.060810905212390055, 0.019130448340219236, 0.09532832814546713]]	0.40041080672788276	[[0.4211453798479998, 0.42114537984799993, -0.5955895079118103], [0.5, 0.5000000000000001, 0.7071067811865475], [0.5955895079118103, -0.5955895079118102, 0.0]]
5	[[0.5319609947059123, -0.8460851799387872, 0.03402011756955908], [-0.703274286200726, -0.4190807785627857, 0.5742617690636116], [-0.47161719485230363, -0.3294103357928521, -0.8179645788128509]]	0.6957713709457807	0.3042286290542193	[[0.3701232305762138, -0.5886818455829175, 0.023670223841108763], [-0.4893181142607945, -0.2915844078376545, 0.39955489834313845], [-0.32813774222399067, -0.2291942809383027, -0.5691163363857054]]	0.7789442038087022	0.26691741241876754	[[0.4402415286361359, -0.6399841816400067, 0.005178040251329921], [-0.6082869128619586, -0.3811047202818436, 0.5444667577669831], [-0.31462151193938, -0.3072986571894355, -0.6371487675870966]]	[[0.0258735951576538, 0.019068965201754523, -0.021321733142368723], [-0.06047548393820071, -0.05466417689272337, 0.0971488812859512], [0.052741968407341244, -0.050706385448915064, 8.38113977592615e-18]]	0.3720476950048165	[[0.5705747485795142, -0.5705747485795142, 0.0], [-0.5, -0.5000000000000001, 0.7071067811865475], [-0.4034572738943838, -0.4034572738943839, -0.5705747485795142]]
5	[[0.8592155572171323, 0.2624339665249735, -0.4391776855101157], [-0.4266000482917053, 0.8413623931712975, -0.33184593135155627], [0.2824199444684594, 0.4724804086637203, 0.8348660002631537]]	0.6960797676585965	0.3039202323414036	[[0.5980825654363529, 0.18267497444442748, -0.3057027012907215], [-0.2969476624980363, 0.5856553391553576, -0.23099123879364192], [0.19658680932775893, 0.32888405308588115, 0.5811333314892378]]	0.785320708973398	0.27897398449125227	[[0.6836665580723037, 0.16389340905392946, -0.2778243361920835], [-0.3396521116891462, 0.7421566975116586, -0.4054522878399754], [0.2080751643684375, 0.3746966131697873, 0.6528918670918533]]	[[0.008906787517572033, -0.042201419596163754, 0.06707099515801665], [-0.004634259316618433, 0.0814173864028203, -0.14484680576103362], [-0.013715066649760771, 0.003647963661953642, -0.0027456921325918785]]	0.4743440734875657	[[0.688744648184141, -0.11816989960462679, -0.4034572738943838], [-0.14644660940672619, 0.8535533905932737, -0.5], [0.4034572738943838, 0.4034572738943839, 0.5705747485795142]]
5	[[0.8787972042104137, -0.3840163418041313, 0.28327887866788265], [-0.395223040501579, -0.9183905790867732, -0.018907472103605397], [0.2674214316928388, -0.09534250611366366, -0.9588511794847616]]	0.6827722033907823	0.31722779660921774	[[0.6000183034524035, -0.2621956838316745, 0.19341494416214028], [-0.26984730619406755, -0.6270515592564126, -0.01290949638872839], [0.18258792015083708, -0.06509721297602528, -0.6546769325406612]]	0.8293517804898414	0.2798967991623847	[[0.6564905955130588, -0.2689102173639687, 0.1701337180554636], [-0.318034194842954, -0.8544893201250764, -0.03325966198121639], [0.16061918388587623, -0.05349463785040913, -0.7552331842636224]]	[[-0.07234143048834249, 0.04957441944848309, -0.06480412434291058], [0.00974473748763925, -0.09282045817436446, -0.017578716327529248], [-0.06116725662972208, 0.025577839351321394, 0.039991748666849035]]	0.4867864031799736	[[0.6489571479288906, -0.6489571479288905, 0.0], [-0.7071067811865475, -0.7071067811865476, 0.0], [0.0, 0.0, -0.9177639999999999]]
5	[[0.22433838825039393, -0.7661379269479729, -0.6022499185961573], [-0.9416906372873723, -0.011392912655017143, -0.3362869982418849], [0.2507808429735371, 0.642575192824231, -0.724020780340167]]	0.6418825817786951	0.3581174182213051	[[0.14399890384223413, -0.4917705905479421, -0.38657373262451045], [-0.6044548174988432, -0.007312912188981554, -0.21585676665010853], [0.16097185494849156, 0.41245782375696005, -0.46473632774617185]]	0.7553428035372257	0.4154640025224183	[[0.20386151619003678, -0.5119141899087777, -0.3687634438293853], [-0.8189314004446416, 0.053415758650841985, -0.20319413123298508], [0.17114853916199974, 0.3687634438293853, -0.42520785559863344]]	[[0.034409129067961536, 0.06678257972830236, 0.08614169811310204], [-0.10763215441124113, 0.0620213132361374, 0.05081783281215837], [-0.01827696584306054, -0.1166011038019427, 0.12167603044271819]]	0.6604774159822074	[[0.5705747485795142, -0.4034572738943839, -0.4034572738943838], [-0.7071067811865475, -0.5000000000000001, -0.5], [0.0, 0.5705747485795142, -0.5705747485795142]]
5	[[0.034229894132735264, 0.2773841392786001, 0.9601491309293217], [-0.1827544195208179, -0.9427759796974285, 0.2788803941677556], [0.9825625356654255, -0.18501754344446375, 0.018422055382213542]]	0.8446923855698472	0.15530761443015276	[[0.028913730932783467, 0.23430427032647952, 0.8110306599075044], [-0.1543712665984723, -0.7963556913485708, 0.23556814543822083], [0.8299630922227864, -0.15628291014437698, 0.0155609699079018]]	0.905204016185962	0.14400597090084905	[[0.009096229567303013, 0.22918633052654178, 0.8373834371534509], [-0.1658381482628224, -0.8259140911192333, 0.2544424139751714], [0.8694372870233235, -0.15556927309766028, 0.0]]	[[-0.021888808075269245, -0.02190290637473335, -0.03174741230123195], [-0.0004081137368439139, 0.02749051206653399, 0.0019987611389948746], [-0.019982266414881926, 0.011909350293128979, -0.01667571851837991]]	0.3564709370797475	[[0.0, 0.0, 0.958], [0.0, -1.0, 0.0], [0.958, 0.0, 0.0]]
5	[[-0.42203838922340475, -0.825029846081567, 0.3757783270710803], [0.2588054115689476, 0.28760896992378115, 0.9221175843470338], [-0.8688517462515349, 0.4864224845687207, 0.09214016247897017]]	0.6698263502625335	0.3301736497374668	[[-0.2826924339241917, -0.5526267306584757, 0.25170622532978215], [0.173354684259421, 0.19264806662681302, 0.6176586560360774], [-0.5819797941108944, 0.3258185975242997, 0.06171790874588541]]	0.818462273961049	0.3000583031121694	[[-0.26301101564719986, -0.5792797440487999, 0.3138198577845505], [0.263453144838658, 0.23522879554104031, 0.8287751109155261], [-0.6742965091783594, 0.3481806367699767, 0.023773108611815762]]	[[0.08241148409544616, 0.09597605986085365, 0.006259473704675307], [0.051630679172511997, -0.00016829599437259812, 0.07405665597138363], [0.036825866793700174, -0.049937816055921715, -0.05164013829386268]]	0.5194528145165425	[[-0.4211453798479998, -0.42114537984799993, 0.5955895079118103], [0.5, 0.5000000000000001, 0.7071067811865475], [-0.5955895079118103, 0.5955895079118102, 0.0]]
5	[[0.08740825448676931, -0.06334395238859675, -0.994156597696443], [0.7119981850616444, -0.6940087028176986, 0.10681996481098455], [-0.6967197295301035, -0.717174639895393, -0.015561310176609944]]	0.7716512766844642	0.22834872331553574	[[0.0674486911674761, -0.0488794417309006, -0.7671422078367438], [0.5494143084998393, -0.535532701559406, 0.08242776222178576], [-0.5376246687831591, -0.5534087264810009, -0.012007904864664009]]	0.90775065745756	0.15583182894377656	[[0.05425353417381055, -0.05425353417381056, -0.8424413685900295], [0.682317918660374, -0.6705445197125767, 0.09109215903421178], [-0.6096487547589547, -0.619761673955844, 0.0]]	[[-0.02509136630377201, 0.003246980252898516, 0.0600049365846876], [0.03600109806207674, -0.040557663448542565, -0.005873734252552877], [0.022799037785650157, 0.03125407692108771, 0.014125789543718698]]	0.18160443315171051	[[0.0, 0.0, -0.8792179119999999], [0.7071067811865475, -0.7071067811865476, 0.0], [-0.6217009477158771, -0.621700947715877, 0.0]]
5	[[-0.5446221603179724, 0.8109226453022452, -0.2139887049042392], [-0.8354447797583356, -0.5021691245819775, 0.22328947644507607], [0.07361197229480154, 0.30038414347728, 0.9509735242804028]]	0.7185263983160785	0.2814736016839217	[[-0.3913253992963946, 0.5826693276419691, -0.15375653341516515], [-0.6002891285917263, -0.3608217724314263, 0.16043938329196333], [0.05289214532592672, 0.2158339367239901, 0.6832995812951455]]	0.8149719874112823	0.21872780160714628	[[-0.4543195064083545, 0.6504115378529947, -0.1025479605656928], [-0.7558523141334057, -0.43242447141862095, 0.19494717217200033], [0.05434661675027575, 0.1779087653590537, 0.7854844850841018]]	[[-0.010467702025790605, -0.010467702025790605, 0.07184683955368144], [-0.07498822160137399, -0.023170701941462993, 0.012972503785531964], [-0.005645078608082898, -0.06689589703746095, 0.010467702025790605]]	0.4062303240874838	[[-0.6489571479288906, 0.6489571479288905, 0.0], [-0.7071067811865475, -0.7071067811865476, 0.0], [0.0, 0.0, 0.9177639999999999]]
5	[[-0.3195682178843842, -0.5708200961323295, -0.7563336379995778], [0.910087742671785, 0.03735879733279218, -0.41272826520656647], [0.2638493031197415, -0.8202248094963509, 0.507557688474819]]	0.6770342853894503	0.32296571461054957	[[-0.2163586400285342, -0.3864647758708891, -0.5120638041190475], [0.6161606045014899, 0.02529318665521624, -0.2794311860941553], [0.17863502438817863, -0.5553203177560601, 0.34363395691047033]]	0.7495746194733566	0.2788220710498978	[[-0.28922090712391496, -0.44277653931926725, -0.5433580505178369], [0.7605564969321369, 0.013011443648019996, -0.3395266875328673], [0.19136976700100566, -0.5802101570441337, 0.3888403900431281]]	[[-0.04968068180744907, -0.014904282973131504, 0.023570448380595924], [0.07837782353156755, -0.014991762646689999, -0.030156055194756656], [-0.006404973983284785, 0.03460954241669985, 0.008388028843839261]]	0.5338063827059769	[[1.6111942109686777e-16, -0.5705747485795142, -0.5705747485795142], [1.0, 1.2684108950145333e-16, 1.268410895014533e-16], [0.0, -0.5705747485795142, 0.5705747485795142]]
5	[[-0.8305561570912853, 0.32773595720904825, 0.4502950280316503], [-0.5100865793185324, -0.772219296347621, -0.37879947194723407], [0.22358030216652452, -0.5443036842615101, 0.808545204538665]]	0.6721066223555967	0.3278933776444032	[[-0.5582222934192682, 0.22027350722425182, 0.30264627035387115], [-0.34283256793469896, -0.5190137029860151, -0.25459363364053916], [0.15026980171438653, -0.3658301107647107, 0.5434285864442973]]	0.7723155361061569	0.38200806732904613	[[-0.6098297529695307, 0.24213682609230447, 0.1975205545484114], [-0.5671743427203965, -0.6253453902769611, -0.30396868362999896], [0.17765573044418573, -0.27171983369528685, 0.5893477904464628]]	[[0.03162167076069487, -0.010978745400866125, -0.15024929143178947], [-0.1732265527534485, -0.02894843042672898, -0.011415966376341707], [0.004981189513669836, 0.1486543580196976, -0.03510423266287859]]	0.45216150075152595	[[-0.5705747485795142, 0.4034572738943839, 0.4034572738943838], [-0.7071067811865475, -0.5000000000000001, -0.5], [0.0, -0.5705747485795142, 0.5705747485795142]]
5	[[0.04673222253661188, -0.9725397674033924, -0.22799671093185395], [-0.8377629715199755, -0.16246744520517667, 0.5213036857710898], [-0.5440306084466285, 0.16664552219444034, -0.8223502702654952]]	0.6315451907939377	0.3684548092060624	[[0.02951351039810932, -0.614202812959467, -0.14399022630584793], [-0.5290851756886791, -0.10260553367990691, 0.3292268356918858], [-0.3435799144091681, 0.1052441781092432, -0.5193513583342684]]	0.7623554764311964	0.39105654894498576	[[-0.010057004532247707, -0.806334234984457, -0.1269819882079316], [-0.6877096950763025, -0.14842424665180032, 0.2728205459524533], [-0.2732872772572762, 0.031647136433538496, -0.5869086619373536]]	[[-0.045683570308835256, -0.06491321725735881, 0.046832552979267646], [-0.049036505786776985, -0.024566300057848472, -0.12459817377890456], [0.1414574364382069, -0.0953959900341296, 0.04001457014422128]]	0.6437135189351415	[[1.7555648412540456e-16, -0.8792179119999999, 0.0], [-1.0, -1.7938038903913487e-16, 0.0], [0.0, 0.0, -0.8792179119999999]]
