5	[[0.8489524140446696, -0.5135124485683378, 0.12483895166604869], [0.522794976890395, 0.7815435453534784, -0.34040431673891397], [0.0772347773085365, 0.35425224329800037, 0.9319550081910795]]	0.6978982947398882	0.3021017052601118	[[0.5924824420770864, -0.35837946218354755, 0.08712489148485068], [0.36485772287038587, 0.5454379075671592, -0.2375675921741848], [0.053902019378242634, 0.2472320365054544, 0.6504098109908529]]	0.8539270545544292	0.24525476086161954	[[0.6726339621820211, -0.42135098085444506, 0.053920142545697027], [0.49335427707094376, 0.6649736247926294, -0.31547094170738754], [0.02203971488221789, 0.26018536773984546, 0.7448607615608076]]	[[-0.052309472200015764, 0.017151191828548344, -0.05268321574415468], [0.04692550231907793, -0.002407552897092137, -0.024790486156913785], [-0.04391315101402794, -0.04232020694891504, -0.05096083356104983]]	0.45091682117969556	[[0.6573264637910146, -0.6573264637910146, 0.0], [0.7071067811865475, 0.7071067811865476, 0.0], [0.0, 0.0, 0.9296]]
5	[[0.8787972042104137, -0.3840163418041313, 0.28327887866788265], [-0.395223040501579, -0.9183905790867732, -0.018907472103605397], [0.2674214316928388, -0.09534250611366366, -0.9588511794847616]]	0.6087606512862583	0.3912393487137416	[[0.5349771583836747, -0.23377403834124943, 0.1724490346735012], [-0.24059623553907655, -0.5590800470600281, -0.011510125031967614], [0.16279564492523627, -0.05804076611701795, -0.5837108685097405]]	0.8042730532477168	0.3196069080465417	[[0.6200178254251705, -0.23825281447512017, 0.1792508454176894], [-0.3218097598977813, -0.8583785853199181, -0.02009458014533675], [0.16274813310192146, -0.05720592710387496, -0.7115126139155424]]	[[-0.08677508519069625, 0.07060118124470743, -0.048582723249118054], [-0.003942518399730307, -0.11974179020386007, -0.004887809827374001], [-0.05233171826955372, 0.019475481392450436, 0.059665551818841187]]	0.5034308166594303	[[0.6110506807401271, -0.611050680740127, 0.0], [-0.7071067811865475, -0.7071067811865476, 0.0], [0.0, 0.0, -0.86415616]]
5	[[-0.30792515101507295, 0.09349718223056193, 0.9468053539599837], [0.3027085282091916, -0.9338174967034747, 0.1906631317268273], [0.9019698710720718, 0.34531602882779927, 0.2592434992682147]]	0.6280497023790456	0.3719502976209546	[[-0.19339229945003922, 0.0587208774731838, 0.5946408207654548], [0.1901160010493817, -0.5864838008809625, 0.1197459231356906], [0.566481909081681, 0.21687562913201325, 0.16281780255910455]]	0.8078477814140983	0.3004646855992595	[[-0.20602134935967265, 0.06920422841630697, 0.7150335188465663], [0.25311305340647033, -0.844692916597894, 0.12183141367550294], [0.6552691142949509, 0.24215359441556902, 0.13681712094336568]]	[[0.042735300729455236, -0.006327262817122139, -0.049841085780996594], [0.00857064047754783, -0.09031052364032513, -0.032195374287478505], [-0.07338524495298271, -0.03680919335969545, -0.07261216478648899]]	0.48004743636289726	[[0.0, 0.0, 0.9296], [0.0, -1.0, 0.0], [0.9296, 0.0, 0.0]]
5	[[0.08740825448676931, -0.06334395238859675, -0.994156597696443], [0.7119981850616444, -0.6940087028176986, 0.10681996481098455], [-0.6967197295301035, -0.717174639895393, -0.015561310176609944]]	0.666024283680412	0.3339757163195881	[[0.05821602008230568, -0.04218861051510127, -0.6621324358469292], [0.4742080811874351, -0.4622266491621296, 0.07114469054600278], [-0.4640322587862976, -0.4776557258100865, -0.010364210463505344]]	0.8611517119961003	0.2307825904553062	[[0.04998825824761245, -0.04998825824761246, -0.7668798826256018], [0.6745659944158356, -0.6658408183826792, 0.09466698428590446], [-0.5513889550346418, -0.5588121909742899, 0.0]]	[[-0.025283509746259765, 0.0045604947964271005, 0.08923977347290857], [0.061427538411884273, -0.06819403581102526, 0.0026787887135619175], [0.0485924328316669, 0.05878397797181461, 0.01340064889948999]]	0.2406535546551021	[[0.0, 0.0, -0.803319566336], [0.7071067811865475, -0.7071067811865476, 0.0], [-0.5680327128160222, -0.5680327128160222, 0.0]]
5	[[0.8592155572171323, 0.2624339665249735, -0.4391776855101157], [-0.4266000482917053, 0.8413623931712975, -0.33184593135155627], [0.2824199444684594, 0.4724804086637203, 0.8348660002631537]]	0.582525316676205	0.41747468332379517	[[0.5005148145610319, 0.15287442945655277, -0.2558321203289029], [-0.24850532822520993, 0.49011489452155976, -0.19330865624827545], [0.16451676758716557, 0.27523179968013645, 0.48633058118549016]]	0.7531041629649092	0.43729478823419243	[[0.4802348458869652, 0.19294235641664645, -0.2889505651574356], [-0.35288624670992974, 0.7490818500830161, -0.25288375386521855], [0.2405919184038156, 0.3198945683390261, 0.47600816468907214]]	[[-0.16684396713747132, -0.004697756276704735, 0.04179597808152623], [-0.03161197442041525, 0.11544832922359316, -0.0029692015013940637], [0.02790028252030036, -0.03593239434498317, -0.15273289562697187]]	0.5300098979023157	[[0.5925312597796297, -0.10166229191815322, -0.3470967758488914], [-0.14644660940672619, 0.8535533905932737, -0.5], [0.3470967758488914, 0.3470967758488915, 0.4908689678614765]]
5	[[0.034229894132735264, 0.2773841392786001, 0.9601491309293217], [-0.1827544195208179, -0.9427759796974285, 0.2788803941677556], [0.9825625356654255, -0.18501754344446375, 0.018422055382213542]]	0.7870574088539695	0.2129425911460305	[[0.026940891781456304, 0.2183172419178036, 0.7556924871026226], [-0.14383821988466625, -0.7420188197104208, 0.21949488041384746], [0.7733331233578159, -0.14561942833592637, 0.01449921517488931]]	0.8811823326120422	0.18263451031366235	[[0.009184624187925988, 0.21677983623086247, 0.798660614502711], [-0.167554282214524, -0.8243932154039783, 0.25639799880192254], [0.8287666240109727, -0.14790189567102283, 0.0]]	[[-0.020978153769020926, -0.027646166648237974, -0.04740583634501388], [-0.006514316526010002, 0.006364321516405216, 0.01065352254941392], [-0.037050123103890054, 0.015132294835519583, -0.016233189733207153]]	0.36942855298988797	[[0.0, 0.0, 0.9296], [0.0, -1.0, 0.0], [0.9296, 0.0, 0.0]]
5	[[0.5319609947059123, -0.8460851799387872, 0.03402011756955908], [-0.703274286200726, -0.4190807785627857, 0.5742617690636116], [-0.47161719485230363, -0.3294103357928521, -0.8179645788128509]]	0.6023053769576178	0.39769462304238223	[[0.3204029674430938, -0.509601653241285, 0.02049049973687577], [-0.4235858840547278, -0.25241460630795054, 0.34588095128820695], [-0.28405757232521095, -0.19840561647344923, -0.4926644639798532]]	0.7262913084448857	0.46014120891225524	[[0.44752891757096114, -0.5811242979670972, 0.09108048067823617], [-0.5152059400128044, -0.3507937968031003, 0.3394905117549998], [-0.24749005291595164, -0.10721255043670772, -0.5256889143462964]]	[[0.061170270684361164, 0.033380014426471115, 0.06637196497519221], [-0.004423938492436011, -0.04641906979663336, -0.07759081988808542], [0.0950414166184345, 0.132035313361552, 0.06839164986125898]]	0.44375761965173494	[[0.4908689678614765, -0.49086896786147644, 0.0], [-0.5, -0.5000000000000001, 0.7071067811865475], [-0.3470967758488914, -0.3470967758488915, -0.4908689678614765]]
5	[[-0.8305561570912853, 0.32773595720904825, 0.4502950280316503], [-0.5100865793185324, -0.772219296347621, -0.37879947194723407], [0.22358030216652452, -0.5443036842615101, 0.808545204538665]]	0.559866310871461	0.44013368912853906	[[-0.4650004116422754, 0.18348832130255685, 0.2521050161478411], [-0.2855802913881096, -0.432339568629898, -0.21207706291915537], [0.1251750789574986, -0.30473729570123603, 0.4526772208378731]]	0.7391369641589245	0.4174079554914838	[[-0.5091211794373179, 0.1915306297053323, 0.255062957982754], [-0.4483751935067429, -0.6763521068799023, -0.2674312532423333], [0.15588198639700848, -0.36992750154017456, 0.48545822557994434]]	[[0.10477357707863744, -0.05071113075188281, -0.07776674201241782], [-0.07135134781103246, -0.10557628051258085, 0.012553438477749028], [-0.009374479392091451, 0.03238747122539572, -0.11216742228802125]]	0.5174688207038983	[[-0.4908689678614765, 0.3470967758488915, 0.3470967758488914], [-0.7071067811865475, -0.5000000000000001, -0.5], [0.0, -0.49086896786147644, 0.4908689678614765]]
5	[[0.22433838825039393, -0.7661379269479729, -0.6022499185961573], [-0.9416906372873723, -0.011392912655017143, -0.3362869982418849], [0.2507808429735371, 0.642575192824231, -0.724020780340167]]	0.544815043264815	0.455184956735185	[[0.12222292870059726, -0.41740346781697546, -0.32811481545619675], [-0.5130472252957909, -0.006207030201055404, -0.18321421549654732], [0.1366291758146144, 0.3500846314794303, -0.3944574127656532]]	0.7123891114557421	0.47072885677678006	[[0.18578384975519358, -0.45920356521607764, -0.3327543927103714], [-0.8201406047426503, 0.04866562541633192, -0.20001735732616305], [0.14936613563194248, 0.3327543927103714, -0.3867916198226218]]	[[0.02596762468408221, 0.08658475181493303, 0.09628189167263816], [-0.14929044837930758, 0.056781812339532355, 0.03954983854549198], [-0.029287406264097603, -0.1250091779491847, 0.12899290055940274]]	0.7094614999305149	[[0.4908689678614765, -0.3470967758488915, -0.3470967758488914], [-0.7071067811865475, -0.5000000000000001, -0.5], [0.0, 0.49086896786147644, -0.4908689678614765]]
5	[[-0.42203838922340475, -0.825029846081567, 0.3757783270710803], [0.2588054115689476, 0.28760896992378115, 0.9221175843470338], [-0.8688517462515349, 0.4864224845687207, 0.09214016247897017]]	0.5758870796781583	0.4241129203218418	[[-0.2430464554819405, -0.4751240287072341, 0.21640588338330824], [0.14904269267334505, 0.16563028977864966, 0.5310356027694911], [-0.5003604948220646, 0.2801244241280746, 0.053062329091085166]]	0.7668511320156098	0.37712511992613784	[[-0.23752596755650388, -0.5092399013094415, 0.28523696696932105], [0.2700886609820363, 0.23615869720246827, 0.827731474271587], [-0.5927838746896724, 0.3105747058517603, 0.025337738882439283]]	[[0.08611464897350861, 0.12343517010487261, -0.002929068532068979], [0.07162343814862306, 0.015605433038573124, 0.12060456086356464], [0.07349607047705652, -0.06243892707760872, -0.04532004901866121]]	0.5584988231187874	[[-0.3733829344329727, -0.37338293443297277, 0.5280432098337742], [0.5, 0.5000000000000001, 0.7071067811865475], [-0.5280432098337742, 0.5280432098337742, 0.0]]
5	[[-0.5446221603179724, 0.8109226453022452, -0.2139887049042392], [-0.8354447797583356, -0.5021691245819775, 0.22328947644507607], [0.07361197229480154, 0.30038414347728, 0.9509735242804028]]	0.6277632557787796	0.37223674422122055	[[-0.3418937805304827, 0.5090674399996779, -0.13433424609056968], [-0.5244615349644783, -0.31524332459916166, 0.14017292871430007], [0.04621089139208193, 0.18857012789361738, 0.596986235761686]]	0.7797998029355904	0.3189195340296375	[[-0.4545955567502597, 0.5981315106148063, -0.09505006120025664], [-0.7332173881006115, -0.3989618248608598, 0.1015272131729009], [0.07122938793809308, 0.09963773082076297, 0.7171020426537197]]	[[-0.029899303459949417, -0.03422580838789223, 0.07181828871451132], [-0.08173771348149364, -0.007370440471495856, -0.07259387655656056], [0.013826786448906715, -0.13460176506779606, -0.024466924177102254]]	0.42767442468372746	[[-0.6110506807401271, 0.611050680740127, 0.0], [-0.7071067811865475, -0.7071067811865476, 0.0], [0.0, 0.0, 0.86415616]]
5	[[0.3802729664721569, 0.7767473726770865, -0.5020517802076895], [0.4287143634067757, 0.332951791095048, 0.839849450446521], [0.8195098935212374, -0.5346088512602871, -0.20639019011321075]]	0.5863998650377894	0.4136001349622107	[[0.22299201621679268, 0.4554845545063011, -0.29440309615577104], [0.25139804484149514, 0.19524288536222645, 0.4924876043939016], [0.4805604909579868, -0.31349455822704003, -0.1210271796275105]]	0.770006409754709	0.3502488939430743	[[0.3077262285860434, 0.46376508069795425, -0.37102300883224193], [0.4065163788716494, 0.31153461126390614, 0.7169726190453037], [0.5614534617801017, -0.39194846215028356, -0.04324214381402226]]	[[0.014913606946045065, -0.13433537502353207, 0.015560079956441264], [0.07640357109452246, 0.05515959798140847, 0.07028315897251278], [-0.0695744090886501, 0.019703780031739268, 0.11567962548364298]]	0.4428197828383792	[[0.3733829344329727, 0.37338293443297277, -0.5280432098337742], [0.5, 0.5000000000000001, 0.7071067811865475], [0.5280432098337742, -0.5280432098337742, 0.0]]
5	[[-0.3195682178843842, -0.5708200961323295, -0.7563336379995778], [0.910087742671785, 0.03735879733279218, -0.41272826520656647], [0.2638493031197415, -0.8202248094963509, 0.507557688474819]]	0.5605404201688837	0.4394595798311161	[[-0.17913090312553412, -0.31996773652685867, -0.4239555752321438], [0.5101409656677934, 0.02094111595392751, -0.23135087519446318], [0.1478981992320071, -0.45976915934802715, 0.2845065999576224]]	0.7007400091467834	0.4755726065070234	[[-0.2354043952796519, -0.3796565665776877, -0.40749073087747323], [0.7884339686596344, 0.014246187281737266, -0.21746699532456815], [0.1623969297132177, -0.40749073087747323, 0.31476733003153884]]	[[-0.01147015935632733, 0.020339912807248763, 0.1225025095323708], [0.1506990755354324, -0.011932616702956464, 0.07174821301141723], [-0.022492833368282374, 0.16727360963141819, -0.04089864923282604]]	0.5895779013950301	[[1.3861202959499085e-16, -0.4908689678614765, -0.49086896786147644], [1.0, 1.2684108950145333e-16, 1.268410895014533e-16], [0.0, -0.49086896786147644, 0.4908689678614765]]
5	[[0.04673222253661188, -0.9725397674033924, -0.22799671093185395], [-0.8377629715199755, -0.16246744520517667, 0.5213036857710898], [-0.5440306084466285, 0.16664552219444034, -0.8223502702654952]]	0.5579323244694201	0.44206767553057985	[[0.026073417547474092, -0.5426113730663239, -0.1272067349015917], [-0.46741504205454854, -0.09064583935393236, 0.29085217715674017], [-0.30353226195314037, 0.09297692356036442, -0.45881579781728365]]	0.7215200489573764	0.4455528826101747	[[-0.008798105876720572, -0.7430753136338947, -0.11619973243040146], [-0.6793789672024608, -0.1409423299646123, 0.27200101533960613], [-0.25340328472696383, 0.012442400654052815, -0.5362940177016714]]	[[-0.04251634136922388, -0.04136837304400337, 0.04830446560327058], [-0.07491618697669103, -0.023718810946193263, -0.10413004553961128], [0.13912570651375883, -0.10779568467820734, 0.057048189560400496]]	0.6718184046891996	[[1.604015987052512e-16, -0.803319566336, 0.0], [-1.0, -1.7938038903913487e-16, 0.0], [0.0, 0.0, -0.803319566336]]
