5	[[0.8489524140446696, -0.5135124485683378, 0.12483895166604869], [0.522794976890395, 0.7815435453534784, -0.34040431673891397], [0.0772347773085365, 0.35425224329800037, 0.9319550081910795]]	0.7778258478842773	0.22217415211572267	[[0.6603371312676993, -0.3994232557067987, 0.09710296342862865], [0.4066434461694126, 0.6079047708230535, -0.26477527629091385], [0.06007520614616575, 0.2755465515081744, 0.724898694436225]]	0.8893552633776428	0.18602486475989274	[[0.7236047876697183, -0.4629457215826318, 0.0569389948175626], [0.5065592982638011, 0.6666584946506098, -0.2981982848525604], [0.02718160913232899, 0.2753422555710302, 0.8064182478619757]]	[[-0.031415510118064566, -0.006250722638439526, -0.05408718392118495], [0.04160883389893507, -0.02841137096832974, 0.004542085915662939], [-0.041507546582818085, -0.03971384156938368, -0.022420843903914925]]	0.43882003758753685	[[0.68122667299512, -0.6812266729951199, 0.0], [0.7071067811865475, 0.7071067811865476, 0.0], [0.0, 0.0, 0.9634]]
5	[[-0.42203838922340475, -0.825029846081567, 0.3757783270710803], [0.2588054115689476, 0.28760896992378115, 0.9221175843470338], [-0.8688517462515349, 0.4864224845687207, 0.09214016247897017]]	0.6900760648313996	0.30992393516860034	[[-0.29123859084306974, -0.5693333495524232, 0.2593156291941377], [0.17859541997257017, 0.19847206617521534, 0.6363312739180375], [-0.599573793975149, 0.33566851399669506, 0.0635837207364135]]	0.8275260441198455	0.28480041376818843	[[-0.26706901812679545, -0.5943740247101981, 0.31863258677579326], [0.2615463258884408, 0.23429724036584132, 0.8296784060951568], [-0.6912471555756452, 0.3542190923774665, 0.023473535147113655]]	[[0.08217874057396032, 0.08835966009848614, 0.007666234308688688], [0.04737810745598112, -0.003706672768568963, 0.06660208930710784], [0.027750292926507353, -0.048308182048633595, -0.05277484901366834]]	0.5127072418754157	[[-0.43072152141849673, -0.43072152141849684, 0.6091322171960118], [0.5, 0.5000000000000001, 0.7071067811865475], [-0.6091322171960118, 0.6091322171960117, 0.0]]
5	[[-0.30792515101507295, 0.09349718223056193, 0.9468053539599837], [0.3027085282091916, -0.9338174967034747, 0.1906631317268273], [0.9019698710720718, 0.34531602882779927, 0.2592434992682147]]	0.7199259632372872	0.280074036762713	[[-0.2216833109495135, 0.06731104897730947, 0.6816297564478618], [0.21792772875114375, -0.6722794608020812, 0.13726333876227398], [0.6493515282425729, 0.2486019746751282, 0.18663612592367446]]	0.8365254173645774	0.27497343710140937	[[-0.24253131167772043, 0.07485228660867708, 0.7322031591690067], [0.24573857571936225, -0.8491746852912878, 0.11838594459960153], [0.6699121766353876, 0.2562408537428379, 0.16767902506904336]]	[[0.015055903792213981, -0.0033604827791556763, -0.0598235847153851], [-0.007484802180648771, -0.06801261411906873, -0.04110861124422009], [-0.08460854621345143, -0.03262478139501528, -0.049184751355353454]]	0.47252190403796973	[[0.0, 0.0, 0.9634], [0.0, -1.0, 0.0], [0.9634, 0.0, 0.0]]
5	[[-0.5446221603179724, 0.8109226453022452, -0.2139887049042392], [-0.8354447797583356, -0.5021691245819775, 0.22328947644507607], [0.07361197229480154, 0.30038414347728, 0.9509735242804028]]	0.7385177840809933	0.2614822159190068	[[-0.4022131509994324, 0.5988807950697114, -0.15803446416424033], [-0.6169908274691595, -0.37086082912017426, 0.16490324935282272], [0.054363750660988294, 0.22183903201390795, 0.7023108598712559]]	0.8257967308702481	0.20717679675430375	[[-0.4601563290857639, 0.6592481399435578, -0.10916608315250535], [-0.7576422966599549, -0.4292668618205329, 0.19693413574686666], [0.05408934745192431, 0.18681255958300216, 0.7957199570306054]]	[[-0.010409129535690249, -0.010409129535690247, 0.06754508980057364], [-0.06773472871290692, -0.014577240396761544, 0.012542416060793534], [-0.006699178622034066, -0.0612436841057952, 0.010409129535690249]]	0.4024702487470047	[[-0.6562937767634986, 0.6562937767634985, 0.0], [-0.7071067811865475, -0.7071067811865476, 0.0], [0.0, 0.0, 0.9281395600000001]]
5	[[0.3802729664721569, 0.7767473726770865, -0.5020517802076895], [0.4287143634067757, 0.332951791095048, 0.839849450446521], [0.8195098935212374, -0.5346088512602871, -0.20639019011321075]]	0.7018854967563352	0.29811450324366506	[[0.26690807997531496, 0.545187715525635, -0.3523828631484765], [0.3009083939263407, 0.23369403328865937, 0.5894781487271914], [0.5752021087108851, -0.3752341991371603, -0.14486228111324537]]	0.827242675432615	0.2753889601269062	[[0.34703907211743346, 0.5554161699914814, -0.42210317584265755], [0.4065872733311058, 0.29415179084153487, 0.715254387831792], [0.6235228773307959, -0.42210317584265755, -0.07564158300510097]]	[[0.03246104593830929, -0.08714240471716612, -0.006784517977941388], [0.051936456350094286, 0.018719860385986317, 0.020495081483800526], [-0.05441067952920983, 0.02014808058385928, 0.09509319004719752]]	0.39364926127250466	[[0.43072152141849673, 0.43072152141849684, -0.6091322171960118], [0.5, 0.5000000000000001, 0.7071067811865475], [0.6091322171960118, -0.6091322171960117, 0.0]]
5	[[0.22433838825039393, -0.7661379269479729, -0.6022499185961573], [-0.9416906372873723, -0.011392912655017143, -0.3362869982418849], [0.2507808429735371, 0.642575192824231, -0.724020780340167]]	0.6575158834845805	0.34248411651541966	[[0.14750605354996463, -0.5037478559082413, -0.39598888730426907], [-0.6191765513451642, -0.0074910210298263225, -0.22111404275339042], [0.1648923875287531, 0.4225033956150988, -0.47605516304656015]]	0.7578621451746933	0.408889847405024	[[0.20218865368516328, -0.49711361028498247, -0.3930292195925391], [-0.8300254475249558, 0.0319359103955842, -0.18320283968762696], [0.15781881167688738, 0.39302921959253906, -0.4230440811224467]]	[[0.032171081520686505, 0.08351332253150087, 0.06339319564602916], [-0.11635376105942385, 0.04057016762010342, 0.07165634619432627], [-0.03223849594775545, -0.09395419447727488, 0.1256638606172077]]	0.6513025161147615	[[0.5868379780466378, -0.4149571137345799, -0.4149571137345798], [-0.7071067811865475, -0.5000000000000001, -0.5], [0.0, 0.5868379780466377, -0.5868379780466378]]
5	[[-0.8305561570912853, 0.32773595720904825, 0.4502950280316503], [-0.5100865793185324, -0.772219296347621, -0.37879947194723407], [0.22358030216652452, -0.5443036842615101, 0.808545204538665]]	0.6955688936955989	0.3044311063044011	[[-0.5777090273400534, 0.2279629371801659, 0.3132112144846037], [-0.35480035766556406, -0.5371317216509085, -0.2634811296348146], [0.15551550343009718, -0.378600711496217, 0.5623988934238409]]	0.7794094099584126	0.37347476671760216	[[-0.6196561476714476, 0.24621930957749524, 0.19816871901638694], [-0.5655463896624314, -0.6266749936536731, -0.304636977538062], [0.17922292456174163, -0.27683456894305986, 0.5991272870136137]]	[[0.027687136664397878, -0.009221179452964608, -0.15279546308896844], [-0.16798010984806902, -0.024800007528873395, -0.009397104615109996], [0.004962333171807156, 0.14740084444539378, -0.031060453780570943]]	0.43994066706697693	[[-0.5868379780466378, 0.4149571137345799, 0.4149571137345798], [-0.7071067811865475, -0.5000000000000001, -0.5], [0.0, -0.5868379780466377, 0.5868379780466378]]
5	[[0.8787972042104137, -0.3840163418041313, 0.28327887866788265], [-0.395223040501579, -0.9183905790867732, -0.018907472103605397], [0.2674214316928388, -0.09534250611366366, -0.9588511794847616]]	0.7010647187144501	0.29893528128555	[[0.6160937147768188, -0.26922030864866536, 0.19859682739104398], [-0.2770769297187092, -0.6438512329974695, -0.013255361611915418], [0.18747973078795555, -0.06684126723010636, -0.6722167324345031]]	0.8335379906098468	0.2635803823111417	[[0.6828971447090441, -0.30610590345238786, 0.13450518214405058], [-0.3579371868259432, -0.840476889829139, -0.0271856692604867], [0.12369016559256708, -0.05134185474161459, -0.7992388854416097]]	[[-0.0496137110420552, 0.013986306456371812, -0.10161852516298689], [-0.028503767803542995, -0.07496345194213665, -0.01142557295573572], [-0.09921575722669013, 0.028129746224075634, 0.0]]	0.4839620651381229	[[0.6562937767634986, -0.6562937767634985, 0.0], [-0.7071067811865475, -0.7071067811865476, 0.0], [0.0, 0.0, -0.9281395600000001]]
5	[[0.034229894132735264, 0.2773841392786001, 0.9601491309293217], [-0.1827544195208179, -0.9427759796974285, 0.2788803941677556], [0.9825625356654255, -0.18501754344446375, 0.018422055382213542]]	0.8567489737835544	0.14325102621644567	[[0.029326426670940653, 0.2376485766707752, 0.8226067826028682], [-0.15657466137886988, -0.8077223531135571, 0.23893049151157777], [0.8418094441095203, -0.15851359047799848, 0.01578307704369526]]	0.9096126321227725	0.13725506271082333	[[0.00907687273270982, 0.23158924850514492, 0.8448069261763502], [-0.16552715896910275, -0.8261863374430274, 0.2540961425016812], [0.8772405847871818, -0.15704723379931948, 0.0]]	[[-0.022059071366651358, -0.02072286853317227, -0.028556852038662477], [0.0007085696032978483, 0.031374602951676364, 0.0004230131153127488], [-0.01651070950467148, 0.011247060882088633, -0.016756934285326753]]	0.3540747550238045	[[0.0, 0.0, 0.9634], [0.0, -1.0, 0.0], [0.9634, 0.0, 0.0]]
5	[[0.8592155572171323, 0.2624339665249735, -0.4391776855101157], [-0.4266000482917053, 0.8413623931712975, -0.33184593135155627], [0.2824199444684594, 0.4724804086637203, 0.8348660002631537]]	0.722413423424969	0.27758657657503105	[[0.6207088521492208, 0.1895858201802998, -0.31726785528121704], [-0.30818160131966793, 0.6078114867919017, -0.23972995531732505], [0.2040239589269494, 0.34132618952398663, 0.6031184053512159]]	0.7987453134528464	0.26068986568674785	[[0.6958930836599608, 0.16350739180656187, -0.2905841790948942], [-0.34292737392975114, 0.7449517739165377, -0.40171025451016057], [0.2197623624873929, 0.37908299528522565, 0.6665104831016131]]	[[0.009598684087000493, -0.04611050904610196, 0.06020693897937886], [-0.002182584637993524, 0.07291750545549272, -0.13664987205470996], [-0.005819244582402194, 0.0016914831667933854, -0.00033482196970389]]	0.4645957955629113	[[0.7083761027578989, -0.12153812471126098, -0.4149571137345798], [-0.14644660940672619, 0.8535533905932737, -0.5], [0.4149571137345798, 0.4149571137345799, 0.5868379780466378]]
5	[[0.08740825448676931, -0.06334395238859675, -0.994156597696443], [0.7119981850616444, -0.6940087028176986, 0.10681996481098455], [-0.6967197295301035, -0.717174639895393, -0.015561310176609944]]	0.7949953008959688	0.20500469910403124	[[0.06948915157650058, -0.0503581444891124, -0.7903498235233963], [0.5660352113704656, -0.5517336575209772, 0.08492137006660545], [-0.5538889110179428, -0.5701504686385962, -0.012371168466189525]]	0.9166941572387741	0.1411746323652933	[[0.054962377303106845, -0.05496237730310686, -0.8573960780418847], [0.684270070610091, -0.6720088580997502, 0.09023061948046755], [-0.6215680434834456, -0.6321303796972246, 0.0]]	[[-0.02516425887935445, 0.003104653747930872, 0.05394146644682328], [0.03158549439947028, -0.03581513515390521, -0.007690618138213439], [0.017110861809779325, 0.025299422414703933, 0.01426496211787861]]	0.1709780721421847	[[0.0, 0.0, -0.8941696521040001], [0.7071067811865475, -0.7071067811865476, 0.0], [-0.6322734245339546, -0.6322734245339545, 0.0]]
5	[[0.5319609947059123, -0.8460851799387872, 0.03402011756955908], [-0.703274286200726, -0.4190807785627857, 0.5742617690636116], [-0.47161719485230363, -0.3294103357928521, -0.8179645788128509]]	0.7180141793182931	0.28198582068170697	[[0.3819555370431086, -0.6075011561071185, 0.024426926797018814], [-0.5049609094420726, -0.30090594128782994, 0.41232809282808014], [-0.3386278331142724, -0.2365212919132681, -0.5873101657677424]]	0.7959745271702331	0.24892793433721458	[[0.45484245520280847, -0.6545073502332898, 0.004939433927246741], [-0.6061313056296793, -0.38283487126661897, 0.5491880010892242], [-0.3260280708298466, -0.31904265637948853, -0.6510789688625579]]	[[0.03141505396876297, 0.018954900814227908, -0.022139713069458777], [-0.046342888200073255, -0.0492572467039724, 0.09209026098687426], [0.04936720284806746, -0.05684042010178533, 8.90375312720872e-18]]	0.35892522672570976	[[0.5868379780466378, -0.5868379780466377, 0.0], [-0.5, -0.5000000000000001, 0.7071067811865475], [-0.4149571137345798, -0.4149571137345799, -0.5868379780466378]]
5	[[-0.3195682178843842, -0.5708200961323295, -0.7563336379995778], [0.910087742671785, 0.03735879733279218, -0.41272826520656647], [0.2638493031197415, -0.8202248094963509, 0.507557688474819]]	0.7014731724210432	0.29852682757895665	[[-0.2241685316042982, -0.40041498371563, -0.5305477564563127], [0.6384021360334831, 0.02620619408286859, -0.28951780554228385], [0.18508320770048653, -0.5753656992158512, 0.35603810192112284]]	0.7663639242245174	0.2603308558819812	[[-0.29374613501534563, -0.45270223494560335, -0.5583738829823208], [0.7635085596207939, 0.01034472752583697, -0.3332400575594119], [0.19252717536928698, -0.5954341600359855, 0.4029069846666985]]	[[-0.04884058150003342, -0.015246306047415146, 0.02125293185804115], [0.06605014575821216, -0.01828570700243015, -0.01694000459733037], [-0.009677411973462252, 0.033156543715945126, 0.013933082756811311]]	0.5235494042983605	[[1.6571184675789106e-16, -0.5868379780466378, -0.5868379780466377], [1.0, 1.2684108950145333e-16, 1.268410895014533e-16], [0.0, -0.5868379780466377, 0.5868379780466378]]
5	[[0.04673222253661188, -0.9725397674033924, -0.22799671093185395], [-0.8377629715199755, -0.16246744520517667, 0.5213036857710898], [-0.5440306084466285, 0.16664552219444034, -0.8223502702654952]]	0.6456806759918872	0.3543193240081128	[[0.030174093038042808, -0.6279501344460152, -0.14721307043840637], [-0.5409273617719899, -0.10490208984675334, 0.3365957162257396], [-0.3512700510220968, 0.10759979342152726, -0.5309756784071362]]	0.7700695836338468	0.37993146770125047	[[-0.011048509216740169, -0.8169489817091325, -0.1304158412058286], [-0.6885070367757787, -0.15169434419283137, 0.2746488582479345], [-0.2781575365348718, 0.0382198829580883, -0.5947925081994163]]	[[-0.047035572367793016, -0.06802568795744393, 0.04515749105135069], [-0.04337125411353686, -0.026583106309626302, -0.12679125400059835], [0.14078388759569171, -0.09010876493262936, 0.0384744220251151]]	0.6385686627354624	[[-1.7854194983122048e-16, -0.8941696521040001, 0.0], [-1.0, 1.7938038903913487e-16, 0.0], [0.0, 0.0, -0.8941696521040001]]
