5	[[-0.30792515101507295, 0.09349718223056193, 0.9468053539599837], [0.3027085282091916, -0.9338174967034747, 0.1906631317268273], [0.9019698710720718, 0.34531602882779927, 0.2592434992682147]]	0.77012119414592	0.2298788058540801	[[-0.2371396850072907, 0.07200416162867902, 0.7291548698154129], [0.2331222532226166, -0.7191526456756336, 0.14683371868506506], [0.6946261141936654, 0.2659351924785917, 0.19964891323100445]]	0.8536846345774063	0.25727282669796214	[[-0.26070325037301045, 0.08049609392848196, 0.7478270610298005], [0.24321672102254846, -0.8497650398564465, 0.11948255729859991], [0.6841661329655988, 0.26752974367757154, 0.18020715644452853]]	[[0.0021677196484847614, 0.0006789860819675416, -0.06044612158146006], [-0.015200898265179712, -0.05257939142115235, -0.043283628637000554], [-0.0858316868203931, -0.027261244206009373, -0.04110503549482546]]	0.46874897977528923	[[0.0, 0.0, 0.984], [0.0, -1.0, 0.0], [0.984, 0.0, 0.0]]
5	[[0.8592155572171323, 0.2624339665249735, -0.4391776855101157], [-0.4266000482917053, 0.8413623931712975, -0.33184593135155627], [0.2824199444684594, 0.4724804086637203, 0.8348660002631537]]	0.8126448945977699	0.18735510540223024	[[0.6982371359314806, 0.21326562306556188, -0.3568955039510605], [-0.3466743512794164, 0.6837288533172164, -0.26967290190588417], [0.22950712600487921, 0.3839587918980401, 0.6784495927871123]]	0.8523300113188085	0.18602898761173864	[[0.7457210162963638, 0.160778398057772, -0.34634425896801707], [-0.3563292531701203, 0.7553867657862348, -0.386182002697734], [0.27026145246442945, 0.39586403577645596, 0.7218976357779422]]	[[0.013385810688189104, -0.06290194760089848, 0.02798006269378797], [0.007274770818953089, 0.038268347691323056, -0.10333975627276143], [0.02954645799897017, -0.006845196287808134, 0.010316288323959866]]	0.43179826498421137	[[0.7874195332762114, -0.1350998333552126, -0.4612596833157119], [-0.14644660940672619, 0.8535533905932737, -0.5], [0.4612596833157119, 0.461259683315712, 0.6523196999209988]]
5	[[0.22433838825039393, -0.7661379269479729, -0.6022499185961573], [-0.9416906372873723, -0.011392912655017143, -0.3362869982418849], [0.2507808429735371, 0.642575192824231, -0.724020780340167]]	0.714216931252609	0.2857830687473911	[[0.1602262752183527, -0.5471886791010167, -0.430137088706881], [-0.6725713971527005, -0.008137011114495416, -0.24018186790447058], [0.17911192408550208, 0.45893808231797584, -0.5171078998976735]]	0.7734722774354629	0.3710918839485122	[[0.2253512019007245, -0.5810676890862847, -0.36024874628095255], [-0.8372824535663703, -0.014815050465376345, -0.15658095160362906], [0.1467977238820381, 0.3602487462809525, -0.5276134893286042]]	[[0.05183167782449114, 0.011518758099848203, 0.10557486984093946], [-0.10891085170405385, -0.0060029483674768035, 0.10352771879845712], [-0.04717430586988876, -0.13676535153633718, 0.03239651255170574]]	0.6172725779116001	[[0.6523196999209988, -0.461259683315712, -0.4612596833157119], [-0.7071067811865475, -0.5000000000000001, -0.5], [0.0, 0.6523196999209987, -0.6523196999209988]]
5	[[0.034229894132735264, 0.2773841392786001, 0.9601491309293217], [-0.1827544195208179, -0.9427759796974285, 0.2788803941677556], [0.9825625356654255, -0.18501754344446375, 0.018422055382213542]]	0.8664450508474935	0.13355494915250657	[[0.02965832236234212, 0.24033811466153487, 0.8319164625692328], [-0.15834666231431924, -0.816863581666734, 0.24163453730505002], [0.8513364461754718, -0.1603075348374167, 0.015961698712357357]]	0.9259243869760635	0.12416803927712305	[[0.009973560928354337, 0.24028380295304488, 0.8733874317469279], [-0.16418390283431866, -0.8273355607755077, 0.2526649280809956], [0.9071350367320581, -0.16294106150201254, 0.0]]	[[-0.021720732812754117, -0.016552936165375932, -0.015638063714404515], [0.005032871027661009, 0.045603710281591686, -0.005557229928426475], [-0.0026435767695976746, 0.008371193991619784, -0.017057430336615168]]	0.3451304444148138	[[0.0, 0.0, 0.984], [0.0, -1.0, 0.0], [0.984, 0.0, 0.0]]
5	[[-0.42203838922340475, -0.825029846081567, 0.3757783270710803], [0.2588054115689476, 0.28760896992378115, 0.9221175843470338], [-0.8688517462515349, 0.4864224845687207, 0.09214016247897017]]	0.7799025385310294	0.22009746146897072	[[-0.32914881111288, -0.6434428713228788, 0.293070471207679], [0.20184299746819012, 0.2243069657478515, 0.7191618448563522], [-0.67761968250869, 0.37936213051371576, 0.07186034661801034]]	0.8614408312365901	0.22623385204886048	[[-0.28740208791955535, -0.6501175936164445, 0.34217477743847025], [0.25807896115986667, 0.23363274966170805, 0.8305497273773178], [-0.7557379114920793, 0.38352912617166446, 0.022918804418515484]]	[[0.07615901290680605, 0.060596802787056675, 0.018463983005663584], [0.03513341228938462, -0.014125360460533535, 0.036199989019532336], [-0.007273540979793902, -0.035495063267381666, -0.056454493737643045]]	0.48993448503607623	[[-0.46875984076799987, -0.468759840768, 0.6629265243099581], [0.5, 0.5000000000000001, 0.7071067811865475], [-0.6629265243099581, 0.662926524309958, 0.0]]
5	[[-0.5446221603179724, 0.8109226453022452, -0.2139887049042392], [-0.8354447797583356, -0.5021691245819775, 0.22328947644507607], [0.07361197229480154, 0.30038414347728, 0.9509735242804028]]	0.8212827738473204	0.17871722615267974	[[-0.44728879852466435, 0.6659967995094348, -0.17574523713574927], [-0.6861364061161894, -0.41242285157716707, 0.18338380058572798], [0.06045624479464671, 0.246700322574772, 0.7810181738763713]]	0.8517125267122285	0.15800757511269167	[[-0.4638652651847497, 0.6906692262816826, -0.15096538366377296], [-0.7344067362606485, -0.4505594295467974, 0.19017844417128638], [0.08482265441331836, 0.23371452233148032, 0.809961364970358]]	[[-3.74891685701073e-06, -3.7489168570107296e-06, 0.03129147687809406], [-0.022847951964134854, -0.022855695612213487, 0.0], [0.022126415493842373, -0.02212641549384237, 5.3017690633936915e-06]]	0.3892359466669598	[[-0.6846603835245618, 0.6846603835245617, 0.0], [-0.7071067811865475, -0.7071067811865476, 0.0], [0.0, 0.0, 0.968256]]
5	[[0.04673222253661188, -0.9725397674033924, -0.22799671093185395], [-0.8377629715199755, -0.16246744520517667, 0.5213036857710898], [-0.5440306084466285, 0.16664552219444034, -0.8223502702654952]]	0.7022486214684122	0.29775137853158784	[[0.032817638854490794, -0.6829647109822425, -0.16011037595122649], [-0.5883178918671833, -0.11409253942883016, 0.3660847946991501], [-0.3820447448182664, 0.11702658823492938, -0.5774943436581202]]	0.7987290801074475	0.34262235793769974	[[-0.039125270055662326, -0.8651288540491817, -0.16503507741530676], [-0.6945362323533308, -0.15671328426076284, 0.27439773459015376], [-0.3044017624167331, 0.0549912600186773, -0.6227968044527575]]	[[-0.07645165517370699, -0.08833306026315897, 0.017072525774816556], [-0.02539058476309907, -0.02694581120462486, -0.1419826788024107], [0.13013130501813752, -0.07811336462771327, 0.03403827044251231]]	0.6197079557311498	[[1.9024166694619672e-16, -0.952763904, 0.0], [-1.0, -1.7938038903913487e-16, 0.0], [0.0, 0.0, -0.952763904]]
5	[[0.08740825448676931, -0.06334395238859675, -0.994156597696443], [0.7119981850616444, -0.6940087028176986, 0.10681996481098455], [-0.6967197295301035, -0.717174639895393, -0.015561310176609944]]	0.8939542450354148	0.10604575496458532	[[0.07813898014958327, -0.056626595135107254, -0.8887305107407002], [0.6364937999933677, -0.6204120259754032, 0.09549216099731327], [-0.6228355598133621, -0.6411213137662314, -0.013911099290693259]]	0.9448759994291294	0.08697261326177803	[[0.06917994246314912, -0.06219051207787916, -0.9099063471518637], [0.678139021313634, -0.6606988756526965, 0.10435536960171977], [-0.6542389658501943, -0.6735536441297518, 0.0]]	[[-0.013410019353392713, -0.0023383317569126228, 0.02944836168562595], [0.005389024611786353, -0.004946708965310055, 0.0034237485919562964], [0.004074784911555107, 0.004087460506633614, 0.014703508505551004]]	0.13351333162085255	[[0.0, 0.0, -0.952763904], [0.7071067811865475, -0.7071067811865476, 0.0], [-0.6737058173881688, -0.6737058173881687, 0.0]]
5	[[0.8489524140446696, -0.5135124485683378, 0.12483895166604869], [0.522794976890395, 0.7815435453534784, -0.34040431673891397], [0.0772347773085365, 0.35425224329800037, 0.9319550081910795]]	0.8505471285194526	0.14945287148054748	[[0.7220740380153512, -0.4367665385887929, 0.10618141186693644], [0.44466176639851906, 0.6647396183133137, -0.28952991413790946], [0.06569181806161509, 0.30130822830868875, 0.7926716561262455]]	0.9071896929435619	0.15220452632039363	[[0.7622420311276568, -0.47339733568050835, 0.054996100079935446], [0.5004711023371083, 0.6736362676376919, -0.28744064659867863], [0.02076014755085838, 0.2866724362473738, 0.8454599777180801]]	[[-0.007918848693222725, -0.007544135141101398, -0.05825651014938343], [0.026196887779474445, -0.035371981293552845, 0.021370640980359658], [-0.04930644636023723, -0.034701547574707135, 0.0]]	0.43199665966040446	[[0.6957930726875629, -0.6957930726875627, 0.0], [0.7071067811865475, 0.7071067811865476, 0.0], [0.0, 0.0, 0.984]]
5	[[0.3802729664721569, 0.7767473726770865, -0.5020517802076895], [0.4287143634067757, 0.332951791095048, 0.839849450446521], [0.8195098935212374, -0.5346088512602871, -0.20639019011321075]]	0.7930165750429418	0.20698342495705846	[[0.3015627654531693, 0.6159735411539865, -0.3981353832345137], [0.3399775961405562, 0.26403628902860804, 0.666014534744797], [0.6498849289740176, -0.42395368021407426, -0.16367084168604001]]	0.8655961251334494	0.22181860710132725	[[0.3447560863293809, 0.6231552760156293, -0.4268378185953177], [0.40375850225126614, 0.3038551486408283, 0.7221024213126577], [0.6699341218264809, -0.4522685628756363, -0.08549004167529767]]	[[0.015593280058079695, -0.04919423998124403, 0.007736256968808481], [0.03266501049730763, 0.015653368412712997, -0.004868008689308093], [-0.03943046651402795, 0.010486787237312842, 0.09316050715225355]]	0.37359951904338345	[[0.46875984076799987, 0.468759840768, -0.6629265243099581], [0.5, 0.5000000000000001, 0.7071067811865475], [0.6629265243099581, -0.662926524309958, 0.0]]
5	[[0.8787972042104137, -0.3840163418041313, 0.28327887866788265], [-0.395223040501579, -0.9183905790867732, -0.018907472103605397], [0.2674214316928388, -0.09534250611366366, -0.9588511794847616]]	0.7644756552273735	0.23552434477262663	[[0.6718190685007401, -0.2935711445187323, 0.2165598063817052], [-0.30213839284839933, -0.7020872397020078, -0.014454302125097022], [0.20443717421522523, -0.0728870248322629, -0.733018383702153]]	0.8516301074666875	0.24330079457882683	[[0.6957102693925921, -0.3160895660515153, 0.148787815939754], [-0.3599879608929919, -0.8405062202324333, -0.025064085336015274], [0.13533791344688112, -0.05673938802199825, -0.8165865330291677]]	[[-0.05269988807054708, 0.01095031238810137, -0.09246100594321766], [-0.023404120437321038, -0.05837715266837111, -0.008961912836498404], [-0.09240622916458663, 0.02445716070572445, 0.0]]	0.4743547251989933	[[0.6846603835245618, -0.6846603835245617, 0.0], [-0.7071067811865475, -0.7071067811865476, 0.0], [0.0, 0.0, -0.968256]]
5	[[0.5319609947059123, -0.8460851799387872, 0.03402011756955908], [-0.703274286200726, -0.4190807785627857, 0.5742617690636116], [-0.47161719485230363, -0.3294103357928521, -0.8179645788128509]]	0.8023486263060393	0.19765137369396063	[[0.42681817335068306, -0.6788552818617841, 0.027295994598705686], [-0.5642711574495128, -0.3362488869911167, 0.4607581415482647], [-0.3784014084320535, -0.264301930414406, -0.656292756177489]]	0.8603420369437258	0.18169956241166552	[[0.5206701764412011, -0.7107761325877051, 0.005313555991152222], [-0.5959435160902913, -0.3929477467080102, 0.5682559149705628], [-0.3735840834954332, -0.3693178487645885, -0.7061353149712555]]	[[0.06300177068130598, 0.017146514548729886, -0.023955381255707286], [0.00911291582978612, -0.032394936035340584, 0.07419437483546788], [0.03216801458148369, -0.08591228947824942, -0.0024060030875907128]]	0.31216751669279363	[[0.6523196999209988, -0.6523196999209987, 0.0], [-0.5, -0.5000000000000001, 0.7071067811865475], [-0.4612596833157119, -0.461259683315712, -0.6523196999209988]]
5	[[-0.3195682178843842, -0.5708200961323295, -0.7563336379995778], [0.910087742671785, 0.03735879733279218, -0.41272826520656647], [0.2638493031197415, -0.8202248094963509, 0.507557688474819]]	0.7919325647607064	0.20806743523929366	[[-0.25307647840518854, -0.45205102274702863, -0.5989652377558012], [0.7207281202113485, 0.029585648188133612, -0.32685295361427313], [0.20895085532994198, -0.6495627370648069, 0.401951461997879]]	0.8274903510435645	0.18735601284958467	[[-0.28993287853355715, -0.5001058844666773, -0.6271582179868938], [0.7903259954533539, 0.0069824011068550865, -0.30315071091141804], [0.18214307011561653, -0.6685742158959205, 0.4440231214141392]]	[[-0.025493261734041834, -0.027757762735414724, -0.0012994303725667941], [0.037237169789433255, -0.023931643212622554, 0.03837794614996495], [-0.03618968234553824, 0.010153899648855845, 0.024024031603251027]]	0.48643626756446423	[[1.8420263547065664e-16, -0.6523196999209988, -0.6523196999209987], [1.0, 1.2684108950145333e-16, 1.268410895014533e-16], [0.0, -0.6523196999209987, 0.6523196999209988]]
5	[[-0.8305561570912853, 0.32773595720904825, 0.4502950280316503], [-0.5100865793185324, -0.772219296347621, -0.37879947194723407], [0.22358030216652452, -0.5443036842615101, 0.808545204538665]]	0.7770714982182941	0.2229285017817059	[[-0.6454015173453539, 0.25467427128844183, 0.3499114320728033], [-0.3963737424120966, -0.6000696055659227, -0.2943542731903358], [0.1737378803766401, -0.42296287941482896, 0.6282974334680774]]	0.823816156575734	0.23142270185822136	[[-0.6854421718578659, 0.33331135409446433, 0.3799366339943836], [-0.49878645593953486, -0.6322295525609315, -0.36540159077580725], [0.06245475891510066, -0.4864969488353695, 0.6791210416852468]]	[[-0.001216590702611664, 0.06331717745483698, 0.008976314676186994], [-0.07856889064447821, 0.003937180189783437, -0.05334046568331936], [-0.12173430630176682, -0.038090779657040434, 0.013028438864462926]]	0.39468362700610277	[[-0.6523196999209988, 0.461259683315712, 0.4612596833157119], [-0.7071067811865475, -0.5000000000000001, -0.5], [0.0, -0.6523196999209987, 0.6523196999209988]]
