5	[[0.08740825448676931, -0.06334395238859675, -0.994156597696443], [0.7119981850616444, -0.6940087028176986, 0.10681996481098455], [-0.6967197295301035, -0.717174639895393, -0.015561310176609944]]	0.8116835004538244	0.1883164995461753	[[0.07094783797037961, -0.051415241007356595, -0.8069405072175138], [0.5779171791676055, -0.5633154132484877, 0.0867040029561343], [-0.5655159089002364, -0.5821188221470037, -0.012630858715798473]]	0.9226108886341781	0.1312713571494757	[[0.05576829951662757, -0.05576829951662758, -0.8673834683024229], [0.6843492907967256, -0.6718503070646908, 0.09019791606654004], [-0.6287047452428592, -0.6396337496008644, 0.0]]	[[-0.024875507829373072, 0.0026735206862167397, 0.049836233739823474], [0.02745201257107999, -0.03155032103820088, -0.008355346591594062], [0.01409646354787361, 0.022039382218920774, 0.014357034210354178]]	0.16405287309239058	[[0.0, 0.0, -0.9042310630000002], [0.7071067811865475, -0.7071067811865476, 0.0], [-0.6393879164068205, -0.6393879164068204, 0.0]]
5	[[0.8489524140446696, -0.5135124485683378, 0.12483895166604869], [0.522794976890395, 0.7815435453534784, -0.34040431673891397], [0.0772347773085365, 0.35425224329800037, 0.9319550081910795]]	0.7896022691317179	0.2103977308682821	[[0.6703347525145208, -0.40547059461694407, 0.0985731195115369], [0.4128001000433199, 0.6171085568363542, -0.2687840209192785], [0.06098475541870334, 0.27971837515310255, 0.735873789196345]]	0.8934717526489497	0.17953874762999278	[[0.7296448404436243, -0.4630222256545489, 0.06267739995812087], [0.5081115356256886, 0.6666164495130774, -0.29674755343193565], [0.02279638108136615, 0.28160848367087515, 0.8116313738508515]]	[[-0.028870160848423594, -0.004213358225142483, -0.048862676985801184], [0.04100899134736009, -0.03167063172536877, 0.00739408805404999], [-0.04621071076594331, -0.034905889028411415, -0.021044100707598552]]	0.4375967126977024	[[0.6837722574073916, -0.6837722574073914, 0.0], [0.7071067811865475, 0.7071067811865476, 0.0], [0.0, 0.0, 0.9670000000000001]]
5	[[-0.5446221603179724, 0.8109226453022452, -0.2139887049042392], [-0.8354447797583356, -0.5021691245819775, 0.22328947644507607], [0.07361197229480154, 0.30038414347728, 0.9509735242804028]]	0.752491775646665	0.24750822435333494	[[-0.40982369647419364, 0.6102126212755774, -0.16102474052172117], [-0.6286653257750872, -0.3778781362316236, 0.1680234946133695], [0.05539240374096832, 0.226036597501321, 0.7155997558787272]]	0.8332207995439549	0.19681613425700273	[[-0.4709500593371772, 0.6585180674193554, -0.1162493042912436], [-0.7589600693240401, -0.45611550666876455, 0.20634370730723253], [0.046665259815462004, 0.19230138571918082, 0.8095304677137303]]	[[-0.01715954746768036, -0.017159547467680357, 0.06205053550244202], [-0.06285010195897646, -0.037697747178281456, 0.020294271213915183], [-0.014669766596019974, -0.05798493047928445, 0.01715954746768036]]	0.4000268594425891	[[-0.6612077729129477, 0.6612077729129476, 0.0], [-0.7071067811865475, -0.7071067811865476, 0.0], [0.0, 0.0, 0.9350890000000002]]
5	[[-0.42203838922340475, -0.825029846081567, 0.3757783270710803], [0.2588054115689476, 0.28760896992378115, 0.9221175843470338], [-0.8688517462515349, 0.4864224845687207, 0.09214016247897017]]	0.7042304016139129	0.2957695983860872	[[-0.29721226433928716, -0.5810110998494867, 0.26463452219107114], [0.18225863892905395, 0.2025429803971882, 0.6493832367599628], [-0.611871814205668, 0.3425535016618675, 0.06488790362733637]]	0.8335212758801085	0.2745107873035228	[[-0.270642965633933, -0.6037484722870672, 0.3230280579755377], [0.2612277755728217, 0.23436440829525393, 0.8298136633628915], [-0.7020928639731391, 0.35925785421915113, 0.0234890983412325]]	[[0.0811350110219452, 0.08393145765801005, 0.00980882734715819], [0.04550795871719583, -0.0053637872701799184, 0.06120903794646845], [0.02211355211310064, -0.04618563573534138, -0.053311687448039206]]	0.5083676682304157	[[-0.4371957189605, -0.43719571896050013, 0.6182881151653954], [0.5, 0.5000000000000001, 0.7071067811865475], [-0.6182881151653954, 0.6182881151653954, 0.0]]
5	[[0.8592155572171323, 0.2624339665249735, -0.4391776855101157], [-0.4266000482917053, 0.8413623931712975, -0.33184593135155627], [0.2824199444684594, 0.4724804086637203, 0.8348660002631537]]	0.7379201650127694	0.2620798349872308	[[0.6340324857632047, 0.19365531588306403, -0.3240780701615506], [-0.31479677802987055, 0.6208582760045024, -0.24487580442175644], [0.20840337202506273, 0.3486528211264332, 0.6160644566777371]]	0.8078681517487014	0.24820204953484876	[[0.7042066130139446, 0.16316102367605975, -0.2994817004809911], [-0.34518208089542757, 0.7468441676381148, -0.39914134967831827], [0.2279302626308024, 0.3820298901862178, 0.6758057369153175]]	[[0.010073728851209421, -0.048851019816551156, 0.0553159646013385], [-0.0005454883461008034, 0.06713428611595461, -0.13105359045201], [-0.0002278159239028285, 0.00032801570158692454, 0.001344084324892662]]	0.4583176064480953	[[0.7217105639172725, -0.12382595655233496, -0.4227682602348036], [-0.14644660940672619, 0.8535533905932737, -0.5], [0.4227682602348036, 0.4227682602348037, 0.5978846073649374]]
5	[[0.04673222253661188, -0.9725397674033924, -0.22799671093185395], [-0.8377629715199755, -0.16246744520517667, 0.5213036857710898], [-0.5440306084466285, 0.16664552219444034, -0.8223502702654952]]	0.6551983493875349	0.34480165061246504	[[0.030618875069199115, -0.6372064503164397, -0.14938306866833764], [-0.5489009161178843, -0.10644840192764159, 0.34155731444685616], [-0.3564479566705275, 0.10918587107462113, -0.5388025396963456]]	0.7749943718482983	0.37160143192438233	[[-0.01363123138366952, -0.8198350729863203, -0.1362677252604103], [-0.6871807731390233, -0.15839467602672289, 0.27971979756974613], [-0.2838235705302105, 0.048526704370946964, -0.5951350676572558]]	[[-0.04984844083350605, -0.06612222685003773, 0.04042844251169991], [-0.037919185268136237, -0.032483320384139036, -0.12428762492662226], [0.137797089129132, -0.08062263742346502, 0.042181763486430324]]	0.6351812426546677	[[1.80550946574957e-16, -0.9042310630000002, 0.0], [-1.0, -1.7938038903913487e-16, 0.0], [0.0, 0.0, -0.9042310630000002]]
5	[[0.034229894132735264, 0.2773841392786001, 0.9601491309293217], [-0.1827544195208179, -0.9427759796974285, 0.2788803941677556], [0.9825625356654255, -0.18501754344446375, 0.018422055382213542]]	0.8614166857419506	0.13858331425804943	[[0.02948620195711864, 0.23894332593475534, 0.8270884821831508], [-0.15742770636831696, -0.8121229598280794, 0.24023222486239687], [0.8463957630071179, -0.1593771990780473, 0.01586906589190105]]	0.9125237640401642	0.13324496348302114	[[0.009063526593607799, 0.23319906063401566, 0.8497667645511251], [-0.16532247140428222, -0.8263649379984719, 0.25386965018330027], [0.8824553140607735, -0.15803615671151988, 0.0]]	[[-0.022172065243092114, -0.019920558225533697, -0.02639213444439194], [0.0014452793918297811, 0.03394054764167918, -0.0006153368196647824], [-0.014156349389488697, 0.010796748445886795, -0.016810563318733863]]	0.3524892332102788	[[0.0, 0.0, 0.9670000000000001], [0.0, -1.0, 0.0], [0.9670000000000001, 0.0, 0.0]]
5	[[0.8787972042104137, -0.3840163418041313, 0.28327887866788265], [-0.395223040501579, -0.9183905790867732, -0.018907472103605397], [0.2674214316928388, -0.09534250611366366, -0.9588511794847616]]	0.7134716668415836	0.28652833315841636	[[0.6269969061037275, -0.2739847794814008, 0.20211145374418896], [-0.2819804414808602, -0.6552456572726474, -0.013489945637520099], [0.1907976146190524, -0.06802417675776945, -0.6841131492800115]]	0.8367364284734069	0.2600388539311205	[[0.685174993795044, -0.307860298365497, 0.1369255089183033], [-0.3582864881431332, -0.8404824982400203, -0.026822828041684097], [0.12567155194894944, -0.052251186996447624, -0.802305711359593]]	[[-0.05014664020839283, 0.013460163951114837, -0.10010424828021242], [-0.027588972783441326, -0.07203164515132977, -0.011002257362252752], [-0.09808970170296158, 0.02752536105080323, 0.0]]	0.48214629838584405	[[0.6612077729129477, -0.6612077729129476, 0.0], [-0.7071067811865475, -0.7071067811865476, 0.0], [0.0, 0.0, -0.9350890000000002]]
5	[[0.3802729664721569, 0.7767473726770865, -0.5020517802076895], [0.4287143634067757, 0.332951791095048, 0.839849450446521], [0.8195098935212374, -0.5346088512602871, -0.20639019011321075]]	0.7170940006810242	0.2829059993189759	[[0.2726914628783601, 0.5570008809914864, -0.36001831961816233], [0.30742849800478333, 0.2387577319102606, 0.6022510023904555], [0.5876656281428243, -0.3833647999497259, -0.14800116712959943]]	0.8333682503708544	0.2660263504586269	[[0.3468211395098266, 0.566341935687398, -0.4246769577010277], [0.40566602603102403, 0.29367056715519607, 0.7159763057544569], [0.6329154207878712, -0.42467695770102776, -0.07708453460218838]]	[[0.029913722777590704, -0.08097466326066348, -0.006282944033772808], [0.04838908708986468, 0.01619911555247377, 0.016072438660916063], [-0.05003810533752756, 0.02084908530653008, 0.09491449702616611]]	0.3894468668880593	[[0.4371957189605, 0.43719571896050013, -0.6182881151653954], [0.5, 0.5000000000000001, 0.7071067811865475], [0.6182881151653954, -0.6182881151653954, 0.0]]
5	[[0.5319609947059123, -0.8460851799387872, 0.03402011756955908], [-0.703274286200726, -0.4190807785627857, 0.5742617690636116], [-0.47161719485230363, -0.3294103357928521, -0.8179645788128509]]	0.7339720158392611	0.26602798416073903	[[0.3904444836321569, -0.6210028450913956, 0.02496981427161794], [-0.5161836455306643, -0.30759356384121467, 0.42149206825903923], [-0.3461538232102028, -0.2417779682001676, -0.6003631107963803]]	0.8075299116664953	0.23691656692501337	[[0.4648396763761606, -0.6643952807108237, 0.004774164825296063], [-0.6046601249148257, -0.38396918373814215, 0.5524393183058852], [-0.3338899386715527, -0.3271382500266145, -0.6605308640750636]]	[[0.03526526131127419, 0.018843809907475886, -0.02269809771053375], [-0.036745102701835855, -0.04554891964420966, 0.08870576266050155], [0.04695505302792837, -0.06112955066178215, 9.269953385931297e-18]]	0.3503359188145135	[[0.5978846073649374, -0.5978846073649373, 0.0], [-0.5, -0.5000000000000001, 0.7071067811865475], [-0.4227682602348036, -0.4227682602348037, -0.5978846073649374]]
5	[[-0.30792515101507295, 0.09349718223056193, 0.9468053539599837], [0.3027085282091916, -0.9338174967034747, 0.1906631317268273], [0.9019698710720718, 0.34531602882779927, 0.2592434992682147]]	0.7297885734697079	0.270211426530292	[[-0.2247202566947345, 0.06823317524347912, 0.6909677286199385], [0.22091322497890079, -0.6814893388002826, 0.1391437749161883], [0.6582473055223438, 0.25200769207446416, 0.18919294351224572]]	0.8395646810511861	0.2722528331858622	[[-0.24622065354354522, 0.07560851706774269, 0.7343137124626903], [0.24507997573543244, -0.8495032160102576, 0.11825140126613777], [0.6717745708935243, 0.25790943402357086, 0.17061213647580253]]	[[0.012302427656062851, -0.0028884149108436776, -0.06059062255227878], [-0.009063413201991536, -0.06550302723038774, -0.04182263011031627], [-0.08548747623087918, -0.03200570758110263, -0.04703954930190954]]	0.4718167361961081	[[0.0, 0.0, 0.9670000000000001], [0.0, -1.0, 0.0], [0.9670000000000001, 0.0, 0.0]]
5	[[-0.3195682178843842, -0.5708200961323295, -0.7563336379995778], [0.910087742671785, 0.03735879733279218, -0.41272826520656647], [0.2638493031197415, -0.8202248094963509, 0.507557688474819]]	0.7183363798378317	0.2816636201621684	[[-0.22955747674629595, -0.4100408413943807, -0.5433019674701939], [0.6537491344056342, 0.026836183231133216, -0.2964777278852333], [0.1895325532257698, -0.5891973203067837, 0.3645971524978594]]	0.777647583675856	0.2476171594230823	[[-0.28787972014426405, -0.46432967828852145, -0.5684553107784829], [0.7740966456657715, 0.0036925315698019545, -0.3176371064484354], [0.18400830617416983, -0.6053863717840847, 0.4213780656099149]]	[[-0.039368267686873196, -0.02043280981759554, 0.019705715264658395], [0.0663691116440435, -0.02535944690507995, 0.003320031704178822], [-0.02117346685145564, 0.032459469391741935, 0.026677055591369084]]	0.5168109003460096	[[1.6883120408183e-16, -0.5978846073649374, -0.5978846073649373], [1.0, 1.2684108950145333e-16, 1.268410895014533e-16], [0.0, -0.5978846073649373, 0.5978846073649374]]
5	[[-0.8305561570912853, 0.32773595720904825, 0.4502950280316503], [-0.5100865793185324, -0.772219296347621, -0.37879947194723407], [0.22358030216652452, -0.5443036842615101, 0.808545204538665]]	0.7111440057666361	0.28885599423336383	[[-0.5906450325680401, 0.2330674614434054, 0.32022461001122743], [-0.3627450133043821, -0.5491591237349402, -0.2693809738628425], [0.15899779169321715, -0.38707830237926855, 0.5749920755990303]]	0.7841309131872596	0.3676379291511163	[[-0.6265098207774529, 0.24901450277359674, 0.19854239070141597], [-0.5643800227411142, -0.6275950946920272, -0.30469291178191077], [0.17999866970662992, -0.2800418900905433, 0.6059767954128674]]	[[0.024754937135837873, -0.007973392637034888, -0.15454786083272462], [-0.16440536749550788, -0.022074072666144105, -0.007664535929074379], [0.0046824431981096004, 0.14676345490062448, -0.028028494175215413]]	0.43186003724409744	[[-0.5978846073649374, 0.4227682602348037, 0.4227682602348036], [-0.7071067811865475, -0.5000000000000001, -0.5], [0.0, -0.5978846073649373, 0.5978846073649374]]
5	[[0.22433838825039393, -0.7661379269479729, -0.6022499185961573], [-0.9416906372873723, -0.011392912655017143, -0.3362869982418849], [0.2507808429735371, 0.642575192824231, -0.724020780340167]]	0.6680403963091728	0.33195960369082733	[[0.14986710579415424, -0.5118110843458118, -0.40232727429614396], [-0.6290873865340936, -0.007610925885173359, -0.22465329957913088], [0.16753173372679014, 0.42926618647274234, -0.48367512903452164]]	0.7552369945220833	0.4018619806391197	[[0.1881446468432482, -0.5140410767847874, -0.3883154296698118], [-0.8425865852018539, 0.032745061463032424, -0.1709768633568745], [0.14950070540183996, 0.3883154296698118, -0.4424724357933172]]	[[0.0187159967450925, 0.0645746285527791, 0.06652598880191932], [-0.13138697852735373, 0.04134941057546008, 0.08299951849217974], [-0.03989826472920874, -0.09698112771320858, 0.10433484232232391]]	0.6452323200730561	[[0.5978846073649374, -0.4227682602348037, -0.4227682602348036], [-0.7071067811865475, -0.5000000000000001, -0.5], [0.0, 0.5978846073649373, -0.5978846073649374]]
