5	[[0.034229894132735264, 0.2773841392786001, 0.9601491309293217], [-0.1827544195208179, -0.9427759796974285, 0.2788803941677556], [0.9825625356654255, -0.18501754344446375, 0.018422055382213542]]	0.7921033168045881	0.20789668319541194	[[0.02711361267640952, 0.21971689675156494, 0.7605373112361584], [-0.14476038186313703, -0.7467759805220282, 0.22090208521205015], [0.77829104346851, -0.14655300982939673, 0.014592171170609163]]	0.8834403024421388	0.1790551467720159	[[0.009177487338778543, 0.21789961372386984, 0.8021834692288136], [-0.167391400990025, -0.8245388665614111, 0.25620924702677184], [0.832464346523306, -0.14859654880318007, 0.0]]	[[-0.021062580686407484, -0.027152714173068984, -0.04605096938894306], [-0.005938781335916131, 0.008347430077668964, 0.00983506725802686], [-0.035570997153272235, 0.014855405734498539, -0.01627478617846856]]	0.36821735246335807	[[0.0, 0.0, 0.9321999999999999], [0.0, -1.0, 0.0], [0.9321999999999999, 0.0, 0.0]]
5	[[0.8787972042104137, -0.3840163418041313, 0.28327887866788265], [-0.395223040501579, -0.9183905790867732, -0.018907472103605397], [0.2674214316928388, -0.09534250611366366, -0.9588511794847616]]	0.6133210245032532	0.3866789754967469	[[0.5389848016169255, -0.23552529618130125, 0.17374089208471855], [-0.2423986001077192, -0.5632682508596357, -0.011596350161349928], [0.16401518645997865, -0.058475563528339866, -0.5880835877477466]]	0.8065833577432358	0.31677218190213396	[[0.622618542847124, -0.23985346158429635, 0.1797631029268176], [-0.3216771324639325, -0.8588075142610144, -0.019191681512296225], [0.16332588683060975, -0.056360460615594195, -0.7150610485451077]]	[[-0.08620465690027962, 0.06988772881635402, -0.04872492620686186], [-0.002896805398678072, -0.11804895726145041, -0.003941229176533631], [-0.05237178947670349, 0.020541218101219616, 0.05833235537977316]]	0.5017925582086201	[[0.6144735583936812, -0.6144735583936811, 0.0], [-0.7071067811865475, -0.7071067811865476, 0.0], [0.0, 0.0, -0.8689968399999999]]
5	[[-0.30792515101507295, 0.09349718223056193, 0.9468053539599837], [0.3027085282091916, -0.9338174967034747, 0.1906631317268273], [0.9019698710720718, 0.34531602882779927, 0.2592434992682147]]	0.6340773888854943	0.36592261111450586	[[-0.19524837572780895, 0.059284449176905944, 0.6003478666217525], [0.19194063316025517, -0.5921125600053279, 0.12089518072207767], [0.5719187007027653, 0.21895708589943894, 0.1643804411015281]]	0.8100566170375653	0.2984807449829722	[[-0.2089329013324182, 0.06955698476639431, 0.7162150427408356], [0.2524711818217268, -0.8451247752345228, 0.12143068628266997], [0.6562449077236451, 0.2431491445102606, 0.1393759165660239]]	[[0.04050390479963323, -0.00618102637383946, -0.05075089928104337], [0.007260135512168661, -0.08867973292441816, -0.03301724519775145], [-0.07440175470680627, -0.03657638961083281, -0.07062599544016662]]	0.47941211105383436	[[0.0, 0.0, 0.9321999999999999], [0.0, -1.0, 0.0], [0.9321999999999999, 0.0, 0.0]]
5	[[-0.42203838922340475, -0.825029846081567, 0.3757783270710803], [0.2588054115689476, 0.28760896992378115, 0.9221175843470338], [-0.8688517462515349, 0.4864224845687207, 0.09214016247897017]]	0.5837716569515162	0.41622834304848383	[[-0.24637404977409588, -0.48162904028149073, 0.21936873664075335], [0.15108326393962365, 0.16789796492652448, 0.5383061101183975], [-0.5072110235544769, 0.28395965979515536, 0.053788815322130354]]	0.7716851814285013	0.3704541237887757	[[-0.24125847300737263, -0.5138970349226126, 0.28919444415867757], [0.2707936979849649, 0.23636598087256255, 0.82711229697607], [-0.598600126535215, 0.31519272436156354, 0.02599828020288611]]	[[0.08442229795028289, 0.12276627153477003, -0.0007881223440677279], [0.07107739700370355, 0.01442240073646503, 0.11552782160081786], [0.071879890905371, -0.060172298893752085, -0.04510491779654955]]	0.5547298674128939	[[-0.37757775396499255, -0.37757775396499266, 0.5339755805076644], [0.5, 0.5000000000000001, 0.7071067811865475], [-0.5339755805076644, 0.5339755805076642, 0.0]]
5	[[0.3802729664721569, 0.7767473726770865, -0.5020517802076895], [0.4287143634067757, 0.332951791095048, 0.839849450446521], [0.8195098935212374, -0.5346088512602871, -0.20639019011321075]]	0.5936087756669863	0.4063912243330138	[[0.22573337004679003, 0.4610840568973938, -0.2980223425705174], [0.2544886083727476, 0.1976431050680618, 0.4985420040241507], [0.4864682645401241, -0.3173485056573531, -0.12251502806277961]]	0.7739597415626948	0.345629167563532	[[0.3398889820190328, 0.47224233330168985, -0.3823039367207786], [0.40304439810424814, 0.31291331733530886, 0.7265685417831929], [0.5450547517058968, -0.41270140042323966, -0.05538316592195838]]	[[0.04557301516496304, -0.12892886251497004, 0.006263929339855534], [0.07123674019772476, 0.055222035146549275, 0.07655887816403215], [-0.0892129136918716, 0.0010643279353012279, 0.10435453227913766]]	0.43856918450607907	[[0.37757775396499255, 0.37757775396499266, -0.5339755805076644], [0.5, 0.5000000000000001, 0.7071067811865475], [0.5339755805076644, -0.5339755805076642, 0.0]]
5	[[-0.5446221603179724, 0.8109226453022452, -0.2139887049042392], [-0.8354447797583356, -0.5021691245819775, 0.22328947644507607], [0.07361197229480154, 0.30038414347728, 0.9509735242804028]]	0.6362113442899534	0.3637886557100466	[[-0.3464947967459958, 0.5159181862829064, -0.13614204160999216], [-0.5315194464100748, -0.31948569381120895, 0.14205929797492167], [0.046832771849510506, 0.19110779972506653, 0.6050201442665897]]	0.782995327604773	0.3154593778408031	[[-0.4581495738513241, 0.6005540812928243, -0.09716054314285927], [-0.7335233333440534, -0.4003381048300432, 0.10065119410060076], [0.07176365533894494, 0.10140419140871304, 0.7203199697042094]]	[[-0.031712967012334184, -0.03439456102773648, 0.07039161295735662], [-0.07937397432147776, -0.007142026614975702, -0.07418342265920982], [0.014125824976343331, -0.13379518942055899, -0.02428785648319013]]	0.42560549580987916	[[-0.6144735583936812, 0.6144735583936811, 0.0], [-0.7071067811865475, -0.7071067811865476, 0.0], [0.0, 0.0, 0.8689968399999999]]
5	[[0.5319609947059123, -0.8460851799387872, 0.03402011756955908], [-0.703274286200726, -0.4190807785627857, 0.5742617690636116], [-0.47161719485230363, -0.3294103357928521, -0.8179645788128509]]	0.6094893893091526	0.39051061069084747	[[0.32422458179959585, -0.5156799396244158, 0.02073490068169613], [-0.4286382152133106, -0.2554252877974366, 0.35000645493017424], [-0.2874456760782262, -0.20077210439450835, -0.4985407316171627]]	0.7296985907540736	0.4560654693642914	[[0.4507449313720171, -0.5869460843605214, 0.09213595309387584], [-0.5132132007734286, -0.35231264042329624, 0.3408541253677666], [-0.24860290010201969, -0.1064660334712927, -0.5309835616459438]]	[[0.06257374319897772, 0.03044107909871827, 0.06731152124608072], [-3.494521918181309e-05, -0.046509986893911476, -0.07818387824189209], [0.09553550235709565, 0.1339042243365777, 0.06588403880054289]]	0.4371043009234097	[[0.4977720361492446, -0.49777203614924453, 0.0], [-0.5, -0.5000000000000001, 0.7071067811865475], [-0.35197798224616605, -0.3519779822461661, -0.4977720361492446]]
5	[[0.8592155572171323, 0.2624339665249735, -0.4391776855101157], [-0.4266000482917053, 0.8413623931712975, -0.33184593135155627], [0.2824199444684594, 0.4724804086637203, 0.8348660002631537]]	0.5901421459147705	0.40985785408522957	[[0.5070593127394738, 0.15487334416597293, -0.25917726176482186], [-0.25175466794621165, 0.49652340819809637, -0.195836270040893], [0.16666791207774698, 0.2788306022714957, 0.492689612946579]]	0.7558364145906735	0.4013730015503392	[[0.5404046140974437, 0.25719601608044707, -0.25557180079230785], [-0.3269924908596044, 0.7366930562949792, -0.3086867037000658], [0.19171000642443953, 0.2718682493490667, 0.5452841277658425]]	[[-0.1090217920300813, 0.05883886775540223, 0.07637468639188835], [-0.004552639894593716, 0.10076072166895708, -0.05786546475080269], [-0.021753271811497974, -0.0852496486996559, -0.08573799653671596]]	0.5247103282224315	[[0.6008640003207885, -0.1030919641715438, -0.35197798224616605], [-0.14644660940672619, 0.8535533905932737, -0.5], [0.35197798224616605, 0.3519779822461661, 0.4977720361492446]]
5	[[0.8489524140446696, -0.5135124485683378, 0.12483895166604869], [0.522794976890395, 0.7815435453534784, -0.34040431673891397], [0.0772347773085365, 0.35425224329800037, 0.9319550081910795]]	0.7025299034557445	0.2974700965442556	[[0.5964144574773228, -0.36075785091603724, 0.08770309666146554], [0.3672791046419574, 0.5490577114636397, -0.23914421177450787], [0.05425974064599207, 0.24887279428312511, 0.6547262619295767]]	0.8568038754372697	0.2406268192868877	[[0.6768548279225366, -0.4240775595257104, 0.05400303246691052], [0.4938617458093036, 0.6653607316017552, -0.3140289144603494], [0.022104468933246187, 0.26139968846551254, 0.7497111366755893]]	[[-0.05053089049276201, 0.015901896492923135, -0.052959465126086], [0.0459289835504751, -0.004268806880088679, -0.022369176662872026], [-0.044070587583242386, -0.04212500647456071, -0.04879152607570003]]	0.4499480638724216	[[0.6591649414220996, -0.6591649414220995, 0.0], [0.7071067811865475, 0.7071067811865476, 0.0], [0.0, 0.0, 0.9321999999999999]]
5	[[0.04673222253661188, -0.9725397674033924, -0.22799671093185395], [-0.8377629715199755, -0.16246744520517667, 0.5213036857710898], [-0.5440306084466285, 0.16664552219444034, -0.8223502702654952]]	0.5636978268903579	0.4363021731096422	[[0.02634285228964474, -0.5482185534497463, -0.12852125049043517], [-0.4722451664950189, -0.09158254580258637, 0.29385775481909726], [-0.3066688717432037, 0.09393771872201494, -0.4635570602913581]]	0.7253498821658213	0.44049644968541257	[[-0.009599559348682913, -0.7475948978401742, -0.1182367856722682], [-0.6795435294229173, -0.1429221461788365, 0.27330907849010344], [-0.2558931757856423, 0.015537767095161218, -0.5393665939518971]]	[[-0.043496771458961386, -0.04216329215254826, 0.04714060173634691], [-0.07187225674801481, -0.025076403943479444, -0.10481848855656474], [0.13871936194571974, -0.10533854279203783, 0.057125077684211115]]	0.6691834957666366	[[1.61751249121634e-16, -0.8100788542479997, 0.0], [-1.0, -1.7938038903913487e-16, 0.0], [0.0, 0.0, -0.8100788542479997]]
5	[[0.08740825448676931, -0.06334395238859675, -0.994156597696443], [0.7119981850616444, -0.6940087028176986, 0.10681996481098455], [-0.6967197295301035, -0.717174639895393, -0.015561310176609944]]	0.6746842245639278	0.32531577543607215	[[0.05897297039889242, -0.042737165398114764, -0.6707417732119375], [0.48037394337923944, -0.4682367235011763, 0.07206974512644515], [-0.4700658104564074, -0.4838664157947373, -0.010498970489704839]]	0.8651421037110714	0.22430698552523665	[[0.05086514520240898, -0.05086514520240899, -0.773251789576167], [0.6747898244252976, -0.6660163781201576, 0.09525743696752985], [-0.5565273248444136, -0.5640025191192956, 0.0]]	[[-0.024755415965987314, 0.003936375024435543, 0.08683494077317513], [0.05881021676260179, -0.06560022897066208, 0.0028429878926120615], [0.04623424765826889, 0.05645545756803487, 0.01346274462269283]]	0.23510561628342463	[[0.0, 0.0, -0.8100788542479997], [0.7071067811865475, -0.7071067811865476, 0.0], [-0.5728122511345896, -0.5728122511345894, 0.0]]
5	[[-0.8305561570912853, 0.32773595720904825, 0.4502950280316503], [-0.5100865793185324, -0.772219296347621, -0.37879947194723407], [0.22358030216652452, -0.5443036842615101, 0.808545204538665]]	0.5707521512607551	0.42924784873924493	[[-0.4740417134027166, 0.18705600262256708, 0.2570068559510864], [-0.29113301247529216, -0.4407458246354711, -0.21620061351032188], [0.12760893844107357, -0.31066249873141166, 0.4614789148820102]]	0.7426187714277334	0.41229804347594673	[[-0.5150885251924942, 0.1954864591821295, 0.2537565825033038], [-0.4491948148112759, -0.6765794101237766, -0.2664799072803367], [0.15484073725689618, -0.3704803211293891, 0.4923350134844746]]	[[0.10169806778837559, -0.047896414713146075, -0.0806409579935771], [-0.07039494595597232, -0.10311486499731765, 0.014823691194592384], [-0.011194192053449677, 0.03372981216048239, -0.10810583295381414]]	0.5114685423292442	[[-0.4977720361492446, 0.3519779822461661, 0.35197798224616605], [-0.7071067811865475, -0.5000000000000001, -0.5], [0.0, -0.49777203614924453, 0.4977720361492446]]
5	[[0.22433838825039393, -0.7661379269479729, -0.6022499185961573], [-0.9416906372873723, -0.011392912655017143, -0.3362869982418849], [0.2507808429735371, 0.642575192824231, -0.724020780340167]]	0.5545364670524533	0.44546353294754676	[[0.12440381724461504, -0.4248514192846195, -0.33396954214094066], [-0.5222017990577127, -0.006317785533150383, -0.18648340392072935], [0.13906712266698132, 0.356331377244298, -0.4014959256023965]]	0.7164458760938167	0.4657738480315886	[[0.19068284944497055, -0.4623056072837166, -0.336826481154257], [-0.8178939456120304, 0.04692852986210354, -0.2015444879190835], [0.15219743014502435, 0.33682648115425695, -0.3890915994907461]]	[[0.029956536333442314, 0.08659075099722426, 0.09465298940179667], [-0.1432235719713343, 0.05509093515048752, 0.0393869451552836], [-0.027473470606697338, -0.12354386582485238, 0.1296301027901937]]	0.7049591373507746	[[0.4977720361492446, -0.3519779822461661, -0.35197798224616605], [-0.7071067811865475, -0.5000000000000001, -0.5], [0.0, 0.49777203614924453, -0.4977720361492446]]
5	[[-0.3195682178843842, -0.5708200961323295, -0.7563336379995778], [0.910087742671785, 0.03735879733279218, -0.41272826520656647], [0.2638493031197415, -0.8202248094963509, 0.507557688474819]]	0.5704774569510372	0.42952254304896276	[[-0.18230646426105848, -0.3256399968181179, -0.4314712904125255], [0.51918454104171, 0.02131235169716047, -0.23545217114685527], [0.1505200794620535, -0.46791976344962716, 0.2895502193770615]]	0.7046287787807498	0.4710709196870062	[[-0.23748720366651616, -0.3844039702442703, -0.4104976193572497], [0.7881324278401936, 0.014828430165849366, -0.21800970904320344], [0.1646312325661887, -0.4104976193572497, 0.3181431583268141]]	[[-0.01231024056150195, 0.01781229699696324, 0.12243682833719438], [0.14685841313804437, -0.011495653575473615, 0.0728105044375969], [-0.02128457967322663, 0.16745638648383726, -0.039496595863977815]]	0.5844006918891128	[[1.405613243527527e-16, -0.4977720361492446, -0.49777203614924453], [1.0, 1.2684108950145333e-16, 1.268410895014533e-16], [0.0, -0.49777203614924453, 0.4977720361492446]]
