5	[[-0.30792515101507295, 0.09349718223056193, 0.9468053539599837], [0.3027085282091916, -0.9338174967034747, 0.1906631317268273], [0.9019698710720718, 0.34531602882779927, 0.2592434992682147]]	0.6168365369753176	0.38316346302468246	[[-0.18993948379973932, 0.05767247810405002, 0.5840241357263661], [0.186721680253453, -0.5760127508335315, 0.11760798590324499], [0.5563679717281705, 0.21300354338420863, 0.15991086232196886]]	0.8031547823743892	0.29594570675139253	[[-0.17851193437833862, 0.07406721145020409, 0.7341990707788923], [0.26101870505673186, -0.8368841961936486, 0.13277768072995072], [0.675094032019624, 0.24743904113724757, 0.10444472292813457]]	[[0.06879962327277322, -0.0010254975968014921, -0.026232177231744765], [0.017896902960006893, -0.08688420785137244, -0.020354325338928763], [-0.049327383489521565, -0.02990317884633185, -0.10376793330860354]]	0.48144678361069004	[[0.0, 0.0, 0.9239999999999999], [0.0, -1.0, 0.0], [0.9239999999999999, 0.0, 0.0]]
5	[[0.08740825448676931, -0.06334395238859675, -0.994156597696443], [0.7119981850616444, -0.6940087028176986, 0.10681996481098455], [-0.6967197295301035, -0.717174639895393, -0.015561310176609944]]	0.6479920165753561	0.35200798342464407	[[0.056639851090213564, -0.04104637544614014, -0.644205538533013], [0.4613691397360883, -0.4497120988596874, 0.06921848440837844], [-0.4514688225260484, -0.4647234411425205, -0.010083604761896089]]	0.8525714216934628	0.2448281572337676	[[0.04863324198700322, -0.04863324198700323, -0.7529247469757286], [0.6737533148766517, -0.6652928961563069, 0.09435400396120427], [-0.5404619850260997, -0.547661006616186, 0.0]]	[[-0.025888537808525684, 0.005372001556625726, 0.09466475690826354], [0.06672400999548032, -0.07360090972738585, 0.003282354697057505], [0.053541345301265614, 0.06378159572192646, 0.013267128340685289]]	0.25265152264733376	[[0.0, 0.0, -0.7888890239999998], [0.7071067811865475, -0.7071067811865476, 0.0], [-0.557828778474037, -0.5578287784740369, 0.0]]
5	[[0.8787972042104137, -0.3840163418041313, 0.28327887866788265], [-0.395223040501579, -0.9183905790867732, -0.018907472103605397], [0.2674214316928388, -0.09534250611366366, -0.9588511794847616]]	0.5990792132353202	0.40092078676467985	[[0.5264691376917736, -0.23005620791752482, 0.1697064877585389], [-0.2367699081561571, -0.5501887055620341, -0.011327073512096678], [0.1602066209008088, -0.05711771355045733, -0.5744278102154898]]	0.7992552502814977	0.3566385616115954	[[0.5602297234082696, -0.2383616836496866, 0.22844728314332288], [-0.3454932999746222, -0.8473874205579146, -0.0229460591032016], [0.2049977404384934, -0.07620299858634147, -0.650847592722924]]	[[-0.14215355598960516, 0.06856539373115964, 0.002035152074162334], [-0.02960920982151813, -0.1133589284137461, -0.007834162754844037], [-0.00874024287980289, 0.0, 0.11551924671887834]]	0.5070304799853422	[[0.6037107992143258, -0.6037107992143257, 0.0], [-0.7071067811865475, -0.7071067811865476, 0.0], [0.0, 0.0, -0.8537759999999999]]
5	[[0.8489524140446696, -0.5135124485683378, 0.12483895166604869], [0.522794976890395, 0.7815435453534784, -0.34040431673891397], [0.0772347773085365, 0.35425224329800037, 0.9319550081910795]]	0.6879658576089585	0.3120341423910416	[[0.5840502755974367, -0.35327903207219274, 0.0858849364459365], [0.3596650946300562, 0.5376752754378517, -0.23418654769907846], [0.053134889808304234, 0.2437134483704062, 0.6411532264631399]]	0.8304185327330766	0.2552490687839826	[[0.6658256846372083, -0.41276837716828413, 0.05049115312526826], [0.4769927919334519, 0.624231211379716, -0.2644421742564833], [0.029676990613549652, 0.22942969126535365, 0.7330041846366563]]	[[-0.039160133393969676, 0.013661876912004411, -0.05317742594518735], [0.042854154303907474, -0.024777032819726166, 0.018235878985851134], [-0.034460199834971166, -0.0647479368315727, -0.04090852583862237]]	0.4530244482874974	[[0.6533666658163699, -0.6533666658163698, 0.0], [0.7071067811865475, 0.7071067811865476, 0.0], [0.0, 0.0, 0.9239999999999999]]
5	[[0.5319609947059123, -0.8460851799387872, 0.03402011756955908], [-0.703274286200726, -0.4190807785627857, 0.5742617690636116], [-0.47161719485230363, -0.3294103357928521, -0.8179645788128509]]	0.5875711717485924	0.4124288282514076	[[0.31256494498389964, -0.49713526057575186, 0.01998924034337072], [-0.4132236964036155, -0.2462397841174484, 0.3374196605391259], [-0.27710866779615234, -0.19355201698790342, -0.4806124060219107]]	0.7189949117369645	0.4688894513555613	[[0.4406718138658871, -0.5687848422835804, 0.08881633100037646], [-0.5194213533532437, -0.34753212593898875, 0.3366261267224726], [-0.2450685957655277, -0.10871377583907492, -0.5144902798856147]]	[[0.05819456542980187, 0.039546096988461725, 0.06435603957117017], [-0.013770720019476039, -0.046215178545580236, -0.07626516323933188], [0.09402176762093915, 0.12813057946955062, 0.07362209026189434]]	0.4580862939703791	[[0.47626082317044927, -0.4762608231704492, 0.0], [-0.5, -0.5000000000000001, 0.7071067811865475], [-0.3367672576773118, -0.33676725767731186, -0.47626082317044927]]
5	[[0.034229894132735264, 0.2773841392786001, 0.9601491309293217], [-0.1827544195208179, -0.9427759796974285, 0.2788803941677556], [0.9825625356654255, -0.18501754344446375, 0.018422055382213542]]	0.7747240582930343	0.22527594170696588	[[0.02651872249745358, 0.2148961660880373, 0.7438506312800939], [-0.1415842455621558, -0.7303912330523833, 0.2160553507480046], [0.7612148351574126, -0.14333754211270272, 0.01427200950780751]]	0.8762784930523541	0.19034206533624895	[[0.009199328068104105, 0.21437888858454404, 0.7910880389946996], [-0.16790915981105092, -0.8240749661932485, 0.25681144276615364], [0.8208197634643163, -0.1464106425877837, 0.0]]	[[-0.020795591979870767, -0.028686866979132, -0.0502699945615737], [-0.007765392474690946, 0.0020593485819708976, 0.012434551222986218], [-0.04017865461828249, 0.01571625156997944, -0.01614285092925309]]	0.37205442747369794	[[0.0, 0.0, 0.9239999999999999], [0.0, -1.0, 0.0], [0.9239999999999999, 0.0, 0.0]]
5	[[-0.5446221603179724, 0.8109226453022452, -0.2139887049042392], [-0.8354447797583356, -0.5021691245819775, 0.22328947644507607], [0.07361197229480154, 0.30038414347728, 0.9509735242804028]]	0.6127158911696596	0.38728410883034037	[[-0.3336986523099717, 0.496865191286023, -0.13111428002564224], [-0.5118902927526687, -0.3076870026861342, 0.1368130105488515], [0.045103225205365624, 0.18405013816391652, 0.5826765904082191]]	0.7729056531793854	0.3263601736376313	[[-0.4470358283897873, 0.5929095052609594, -0.09060638149612779], [-0.732530400368399, -0.3960334702112843, 0.10342716511640589], [0.07010047695132518, 0.09589742568244448, 0.7101689535564634]]	[[-0.02609428183325683, -0.03385719158432761, 0.074786698240894], [-0.08681040717397463, -0.007904114969730877, -0.06915453352345866], [0.013205367422988792, -0.13627117693659285, -0.024843859383783667]]	0.4321956818751218	[[-0.6037107992143258, 0.6037107992143257, 0.0], [-0.7071067811865475, -0.7071067811865476, 0.0], [0.0, 0.0, 0.8537759999999999]]
5	[[0.8592155572171323, 0.2624339665249735, -0.4391776855101157], [-0.4266000482917053, 0.8413623931712975, -0.33184593135155627], [0.2824199444684594, 0.4724804086637203, 0.8348660002631537]]	0.5663276562394348	0.43367234376056524	[[0.4865975327232385, 0.14862361317970654, -0.24871846930760344], [-0.24159540550067118, 0.47648679217270284, -0.18793352853491924], [0.15994222522609394, 0.2675787224575751, 0.47280770520302323]]	0.7475380588684284	0.44623201862738654	[[0.4709348780623065, 0.19131831861898602, -0.2876648153636732], [-0.3541037422019867, 0.7495113400390478, -0.25062937789640655], [0.23961373629128174, 0.31372433209765277, 0.4682837262358104]]	[[-0.17136145172934353, -0.004861059298234796, 0.040637219160887784], [-0.035203970188827524, 0.12056092984288073, -0.0025619145304784175], [0.028494079217600214, -0.039472755448186514, -0.15581038301615638]]	0.5415000314723206	[[0.5748976692625365, -0.09863684609208721, -0.3367672576773118], [-0.14644660940672619, 0.8535533905932737, -0.5], [0.3367672576773118, 0.33676725767731186, 0.47626082317044927]]
5	[[-0.42203838922340475, -0.825029846081567, 0.3757783270710803], [0.2588054115689476, 0.28760896992378115, 0.9221175843470338], [-0.8688517462515349, 0.4864224845687207, 0.09214016247897017]]	0.559450072340666	0.44054992765933404	[[-0.23610940738157193, -0.4615630070735412, 0.21022921226397023], [0.14478870622440354, 0.16090285902968388, 0.5158787492695482], [-0.4860791722937354, 0.2721290941800973, 0.05154782056434057]]	0.7564158227795238	0.3913781607803936	[[-0.22963274606205264, -0.4993039837415006, 0.276861097933663], [0.2685757963782595, 0.2357216965237351, 0.8290633272674662], [-0.5803905940512207, 0.30080250207441706, 0.023947241771514777]]	[[0.08960376936691397, 0.1247616460999518, -0.007383574520521185], [0.07281128804654076, 0.018169720900066837, 0.13155899600413784], [0.07682261446306003, -0.06713516180909206, -0.045749035041054445]]	0.5667144990830126	[[-0.3644667290879998, -0.3644667290879999, 0.5154337913100101], [0.5, 0.5000000000000001, 0.7071067811865475], [-0.5154337913100101, 0.51543379131001, 0.0]]
5	[[-0.8305561570912853, 0.32773595720904825, 0.4502950280316503], [-0.5100865793185324, -0.772219296347621, -0.37879947194723407], [0.22358030216652452, -0.5443036842615101, 0.808545204538665]]	0.5453877289758473	0.4546122710241527	[[-0.4529751363029231, 0.1787431694059683, 0.24558538270729718], [-0.27819496107559283, -0.4211589283063558, -0.20659258374255213], [0.12193795324233456, -0.2968565502325716, 0.4409706328776545]]	0.7316575302866087	0.4284876342137871	[[-0.4964415873883349, 0.1831381959713652, 0.2577301899585052], [-0.4465811368130377, -0.6758539150561146, -0.2695203542249111], [0.1580216243426945, -0.3686724439187623, 0.47085706983271797]]	[[0.1112410792734115, -0.05665228506632471, -0.07173155815147121], [-0.0733724499564958, -0.11085385185075142, 0.00763113189387369], [-0.005562587361198509, 0.02957144543391615, -0.12072111764512261]]	0.5303727198242105	[[-0.47626082317044927, 0.33676725767731186, 0.3367672576773118], [-0.7071067811865475, -0.5000000000000001, -0.5], [0.0, -0.4762608231704492, 0.47626082317044927]]
5	[[0.3802729664721569, 0.7767473726770865, -0.5020517802076895], [0.4287143634067757, 0.332951791095048, 0.839849450446521], [0.8195098935212374, -0.5346088512602871, -0.20639019011321075]]	0.5711038631147181	0.4288961368852822	[[0.21717536019034245, 0.4436034252000917, -0.28672371116023276], [0.24484042911437673, 0.19015005412534647, 0.4796412655847811], [0.4680252660507098, -0.30531718021007165, -0.11787023488263573]]	0.7604624713550145	0.3671240217863091	[[0.30270361171163496, 0.44857579857547536, -0.361776026790124], [0.40953531535246857, 0.3122551734532126, 0.7138943762135765], [0.5493058998320801, -0.38766414427138235, -0.04042340879053111]]	[[0.013520291838715899, -0.14211142806905633, 0.020015510734800075], [0.08351413105076015, 0.05905783155499378, 0.07522038756086445], [-0.07390061909496494, 0.018885823966280985, 0.1165285852463924]]	0.4521572982435461	[[0.3644667290879998, 0.3644667290879999, -0.5154337913100101], [0.5, 0.5000000000000001, 0.7071067811865475], [0.5154337913100101, -0.51543379131001, 0.0]]
5	[[0.04673222253661188, -0.9725397674033924, -0.22799671093185395], [-0.8377629715199755, -0.16246744520517667, 0.5213036857710898], [-0.5440306084466285, 0.16664552219444034, -0.8223502702654952]]	0.5464193184500439	0.45358068154995607	[[0.025535389188111254, -0.5314145168701258, -0.12458180739623531], [-0.4577698719206285, -0.08877535067933245, 0.2848504046845348], [-0.2972688342833694, 0.09105833266023775, -0.4493480742056813]]	0.7132913400680071	0.45272634592725775	[[-0.0044322920209268896, -0.7206625103331217, -0.11460730219384843], [-0.6737290302992408, -0.15203114083330121, 0.28138786971796115], [-0.250259924812561, 0.022510927642894703, -0.5199008335491005]]	[[-0.03776598165842299, -0.026958316372527907, 0.04802077727783176], [-0.07615995768440195, -0.03614451912547535, -0.09045353488809077], [0.13779239692434794, -0.09635588019951044, 0.06667449273386235]]	0.6775284028819626	[[1.5752020236203045e-16, -0.7888890239999998, 0.0], [-1.0, -1.7938038903913487e-16, 0.0], [0.0, 0.0, -0.7888890239999998]]
5	[[0.22433838825039393, -0.7661379269479729, -0.6022499185961573], [-0.9416906372873723, -0.011392912655017143, -0.3362869982418849], [0.2507808429735371, 0.642575192824231, -0.724020780340167]]	0.5246597944642258	0.47534020553577416	[[0.11770133266988735, -0.40196176728377153, -0.31597631850675667], [-0.49406721620807864, -0.005977403211930195, -0.17643626737857884], [0.13157462553006122, 0.3371333685949714, -0.37986459380110044]]	0.7036429614205919	0.48352143691190946	[[0.19137420125744076, -0.43265289000403273, -0.34062550672017855], [-0.8134339827863191, 0.04464287724976945, -0.20505770243389268], [0.1494734201607625, 0.34062550672017855, -0.3624492594924204]]	[[0.0335200733886111, 0.10643466977027205, 0.08314340951613193], [-0.1508199940233879, 0.052659420049551854, 0.03156827689626857], [-0.026986754856689527, -0.11151800489407127, 0.14700286651618252]]	0.7191494468555429	[[0.47626082317044927, -0.33676725767731186, -0.3367672576773118], [-0.7071067811865475, -0.5000000000000001, -0.5], [0.0, 0.4762608231704492, -0.47626082317044927]]
5	[[-0.3195682178843842, -0.5708200961323295, -0.7563336379995778], [0.910087742671785, 0.03735879733279218, -0.41272826520656647], [0.2638493031197415, -0.8202248094963509, 0.507557688474819]]	0.540086235431098	0.45991376456890204	[[-0.172594395760602, -0.3082920768285273, -0.40848538727709877], [0.4915258628515902, 0.020176972211701068, -0.22290885501142227], [0.14250137684305977, -0.4429921295680736, 0.274124921232475]]	0.6923497868345418	0.4852605085255673	[[-0.23093316353914312, -0.3695494685992923, -0.4010569686217341], [0.7891044061621431, 0.013042937650914327, -0.21629815550605236], [0.157666962490117, -0.4010569686217341, 0.3075381544488124]]	[[-0.009680176007795284, 0.025657703278798842, 0.12259046442306709], [0.1590053515226033, -0.012822417718839275, 0.06945417093030415], [-0.02500904628127845, 0.1668255033894671, -0.04386930297296139]]	0.6007417022823934	[[1.344869682918449e-16, -0.47626082317044927, -0.4762608231704492], [1.0, 1.2684108950145333e-16, 1.268410895014533e-16], [0.0, -0.4762608231704492, 0.47626082317044927]]
