5	[[0.034229894132735264, 0.2773841392786001, 0.9601491309293217], [-0.1827544195208179, -0.9427759796974285, 0.2788803941677556], [0.9825625356654255, -0.18501754344446375, 0.018422055382213542]]	0.8293142408243457	0.17068575917565432	[[0.028387338666187076, 0.23003861688254684, 0.7962653475948057], [-0.1515608426822011, -0.7818575458702018, 0.23127948237002655], [0.8148531033278166, -0.15343768358083087, 0.015277672873724477]]	0.8994139640185892	0.15330980253919116	[[0.009120126062342965, 0.22609243608207105, 0.8277893679073327], [-0.16624844305429376, -0.825553294702012, 0.25490315878741104], [0.8593553780487542, -0.15366302619421932, 0.0]]	[[-0.021666718707517105, -0.023390732182379158, -0.03578216799081204], [-0.0018765661511586998, 0.02239258637916102, 0.004074237981923255], [-0.024375087050242567, 0.012744335968147351, -0.016569053856686666]]	0.35960914776211317	[[0.0, 0.0, 0.9510000000000001], [0.0, -1.0, 0.0], [0.9510000000000001, 0.0, 0.0]]
5	[[0.8592155572171323, 0.2624339665249735, -0.4391776855101157], [-0.4266000482917053, 0.8413623931712975, -0.33184593135155627], [0.2824199444684594, 0.4724804086637203, 0.8348660002631537]]	0.6641525752002025	0.33584742479979757	[[0.5706502249778354, 0.17429619468756485, -0.29168099080200804], [-0.2833275206534668, 0.5587930001013226, -0.22039632987684565], [0.18756993340662553, 0.31379908014565394, 0.5544784040218667]]	0.7741604592024435	0.40297026728744	[[0.5146231630145012, 0.20946538327895725, -0.2933530307864417], [-0.355142437868161, 0.7489768428488649, -0.2508810725958218], [0.24529924298818057, 0.3317912416087947, 0.5120079212636138]]	[[-0.1505475473145972, 0.006299383243665113, 0.04664096789953573], [-0.02488554858686993, 0.09762734619570676, 0.006020926003761525], [0.026660889090549485, -0.033984408526469126, -0.1343123248726165]]	0.4874795991551241	[[0.6639467914970592, -0.11391526003269223, -0.38893102576487554], [-0.14644660940672619, 0.8535533905932737, -0.5], [0.38893102576487554, 0.38893102576487565, 0.5500315314643669]]
5	[[-0.8305561570912853, 0.32773595720904825, 0.4502950280316503], [-0.5100865793185324, -0.772219296347621, -0.37879947194723407], [0.22358030216652452, -0.5443036842615101, 0.808545204538665]]	0.6423604273167649	0.3576395726832351	[[-0.5335164079797281, 0.2105246095198732, 0.2892517066250254], [-0.3276594330595993, -0.4960431171841094, -0.24332579066739018], [0.14361913843930013, -0.34963914721231304, 0.5193774430923779]]	0.7631313537695446	0.3930077767258709	[[-0.5973631636522305, 0.23695078482098547, 0.19659910554134266], [-0.5693345738726955, -0.6235852380814116, -0.30312158377211496], [0.175610303889334, -0.2652343737121722, 0.5769538712386953]]	[[0.03646028089047243, -0.013154799882913088, -0.1470351487961456], [-0.1800715120576677, -0.034280481052686315, -0.014047829937833475], [0.004989165220790333, 0.15014083372006481, -0.040072325284769506]]	0.4681439336025775	[[-0.5500315314643669, 0.38893102576487565, 0.38893102576487554], [-0.7071067811865475, -0.5000000000000001, -0.5], [0.0, -0.5500315314643668, 0.5500315314643669]]
5	[[0.8489524140446696, -0.5135124485683378, 0.12483895166604869], [0.522794976890395, 0.7815435453534784, -0.34040431673891397], [0.0772347773085365, 0.35425224329800037, 0.9319550081910795]]	0.7425459767950959	0.2574540232049041	[[0.6303861995393538, -0.38130660271861777, 0.09269866130694192], [0.38819930677864795, 0.5803320152924011, -0.2527658558781641], [0.05735037315911895, 0.2630485780315677, 0.6920194418863267]]	0.8756929079733161	0.2076893827557677	[[0.7052748385940919, -0.45191585527428785, 0.05223729712839031], [0.5040180565320502, 0.668071132619793, -0.2973291168403861], [0.024845799404400275, 0.26257239854699677, 0.7884031043391522]]	[[-0.038146769591651405, -0.0022366459069822096, -0.057083287484392134], [0.04621020294505771, -0.016321007318569856, 0.0007605291713831939], [-0.04278814733358354, -0.04764377854269983, -0.0277032868839897]]	0.44313116407567904	[[0.6724585489084068, -0.6724585489084067, 0.0], [0.7071067811865475, 0.7071067811865476, 0.0], [0.0, 0.0, 0.9510000000000001]]
5	[[0.22433838825039393, -0.7661379269479729, -0.6022499185961573], [-0.9416906372873723, -0.011392912655017143, -0.3362869982418849], [0.2507808429735371, 0.642575192824231, -0.724020780340167]]	0.6202820946697248	0.37971790533027533	[[0.13915308537878435, -0.4752216381332091, -0.3735648410214957], [-0.5841138410274792, -0.0070668197260433, -0.20859280367967037], [0.1555548665826649, 0.3985778865878163, -0.4490971262138075]]	0.7439394363185695	0.4301284716681545	[[0.20648416305375383, -0.4898228754641732, -0.36625986548209777], [-0.8151333860574267, 0.04666004743870464, -0.20419383841265665], [0.167018546853211, 0.36625986548209777, -0.4083328693630846]]	[[0.03958998895413934, 0.08013734205177926, 0.08177759948123184], [-0.11457258416738447, 0.055135684457304816, 0.04598332150067497], [-0.019547212108017888, -0.1117771612598568, 0.13029474184610995]]	0.6724682634834226	[[0.5500315314643669, -0.38893102576487565, -0.38893102576487554], [-0.7071067811865475, -0.5000000000000001, -0.5], [0.0, 0.5500315314643668, -0.5500315314643669]]
5	[[-0.42203838922340475, -0.825029846081567, 0.3757783270710803], [0.2588054115689476, 0.28760896992378115, 0.9221175843470338], [-0.8688517462515349, 0.4864224845687207, 0.09214016247897017]]	0.6453100375655488	0.3546899624344514	[[-0.27234560880385905, -0.5324000409675949, 0.24249352635855792], [0.16700972986172494, 0.18559695518570396, 0.5950517329948375], [-0.5606787530124706, 0.31389331178976865, 0.0594589717106]]	0.8067068559968615	0.3200818139044235	[[-0.2583744050674478, -0.5595667637335524, 0.3067525942013552], [0.26518635787009204, 0.23571474077088153, 0.8271670686036071], [-0.6524679499507477, 0.34129053887988053, 0.024106048936583885]]	[[0.08208685701294482, 0.10599046950248316, 0.0036096414180836777], [0.05640625798833259, 0.003698612887172112, 0.08328849127559075], [0.04844071059521098, -0.051109814332734024, -0.050224051847866116]]	0.5285726057941186	[[-0.4089705844005, -0.4089705844005001, 0.5783717470708378], [0.5, 0.5000000000000001, 0.7071067811865475], [-0.5783717470708378, 0.5783717470708377, 0.0]]
5	[[0.8787972042104137, -0.3840163418041313, 0.28327887866788265], [-0.395223040501579, -0.9183905790867732, -0.018907472103605397], [0.2674214316928388, -0.09534250611366366, -0.9588511794847616]]	0.6587755568624929	0.34122444313750716	[[0.5789301175729171, -0.25298057941631397, 0.18661720104181695], [-0.2603632785913153, -0.6050132651551565, -0.012455780463914698], [0.17617070258041498, -0.0628093125576944, -0.631667719713332]]	0.8232474210050562	0.28641728467467703	[[0.6525309135941009, -0.26556472960175875, 0.165347224316618], [-0.31658239662166, -0.8546731378535771, -0.03426768494935941], [0.15675117183447224, -0.05174443502115277, -0.749694232002144]]	[[-0.07093661835857616, 0.050575733412288555, -0.06786138197192065], [0.008783952193041754, -0.09861046214505091, -0.018702157302341232], [-0.0634028321281371, 0.026746037249079643, 0.03967752863634227]]	0.49061935277939234	[[0.6395080800118949, -0.6395080800118947, 0.0], [-0.7071067811865475, -0.7071067811865476, 0.0], [0.0, 0.0, -0.9044010000000001]]
5	[[-0.30792515101507295, 0.09349718223056193, 0.9468053539599837], [0.3027085282091916, -0.9338174967034747, 0.1906631317268273], [0.9019698710720718, 0.34531602882779927, 0.2592434992682147]]	0.6848365112813796	0.3151634887186205	[[-0.21087838615695453, 0.06403028409341742, 0.648406875468487], [0.20730585239390376, -0.6395123166159187, 0.13057307396178253], [0.6177018997859134, 0.23648502447197028, 0.17753941361122105]]	0.8260499929284647	0.28478416399794704	[[-0.23019924872056902, 0.07220705600008025, 0.7246323024998486], [0.24802401516097938, -0.8480863488340565, 0.11872798179345695], [0.6631689481521388, 0.25050186154953114, 0.15799219272048878]]	[[0.024162320097928368, -0.005026290720306808, -0.05747625344342869], [-0.00202836242560921, -0.07670641228567454, -0.03876929682120769], [-0.08190325746863449, -0.03474644162175799, -0.05615589801677043]]	0.4750953088115039	[[0.0, 0.0, 0.9510000000000001], [0.0, -1.0, 0.0], [0.9510000000000001, 0.0, 0.0]]
5	[[0.08740825448676931, -0.06334395238859675, -0.994156597696443], [0.7119981850616444, -0.6940087028176986, 0.10681996481098455], [-0.6967197295301035, -0.717174639895393, -0.015561310176609944]]	0.743176410835107	0.25682358916489295	[[0.06495975284683886, -0.047075731184267236, -0.738833732084084], [0.5291402556952232, -0.5157708968483856, 0.07938607805375994], [-0.5177856679501889, -0.5329872748194185, -0.011564798644944805]]	0.8928131591746717	0.17374531899968998	[[0.05061016889427033, -0.05061016889427034, -0.8252232518209888], [0.6814772870986908, -0.66907114438884, 0.08750456631152093], [-0.5938140340982766, -0.6044843757054348, 0.0]]	[[-0.02742907093200586, 0.005944145352402719, 0.0623728408827156], [0.0457959381671716, -0.04945104193145469, -0.007865703934301456], [0.028226508682817973, 0.03581858021952855, 0.013893342499676092]]	0.19574113133888701	[[0.0, 0.0, -0.8600853510000002], [0.7071067811865475, -0.7071067811865476, 0.0], [-0.6081721840913121, -0.608172184091312, 0.0]]
5	[[0.3802729664721569, 0.7767473726770865, -0.5020517802076895], [0.4287143634067757, 0.332951791095048, 0.839849450446521], [0.8195098935212374, -0.5346088512602871, -0.20639019011321075]]	0.6523060866286201	0.3476939133713802	[[0.2480543706101091, 0.5066770389700527, -0.32749143203221004], [0.279652988675354, 0.21718647988520048, 0.5478389083779672], [0.5345712915962756, -0.34872860764262, -0.13462957723128544]]	0.8061640017005576	0.30454567390691983	[[0.3455223298845913, 0.5206473559984166, -0.4087796163818207], [0.40709741871760435, 0.299679180333238, 0.7170337621372753], [0.5918015525192868, -0.41667652640546143, -0.06869483138744616]]	[[0.03895995349485528, -0.10553841426933781, -0.004043544188700968], [0.06148333192709092, 0.03126543205068609, 0.039977368339293724], [-0.06885782267499177, 0.014305884471069757, 0.09768951018595867]]	0.40990105470505017	[[0.4089705844005, 0.4089705844005001, -0.5783717470708378], [0.5, 0.5000000000000001, 0.7071067811865475], [0.5783717470708378, -0.5783717470708377, 0.0]]
5	[[-0.5446221603179724, 0.8109226453022452, -0.2139887049042392], [-0.8354447797583356, -0.5021691245819775, 0.22328947644507607], [0.07361197229480154, 0.30038414347728, 0.9509735242804028]]	0.6942938311262584	0.30570616887374163	[[-0.3781278062034243, 0.5630185901539358, -0.1485710377457106], [-0.5800441568328483, -0.34865292537934056, 0.1550285060512283], [0.051108338261317755, 0.20855485778442043, 0.6602550514722807]]	0.8054346716549556	0.2891569046215942	[[-0.48035951304127367, 0.61845617774076, -0.1118474237820704], [-0.7351164615295136, -0.4063440788499668, 0.09657031002082773], [0.07496535207184285, 0.11587090396013831, 0.7441288308432434]]	[[-0.041701942169555015, -0.03468903681582183, 0.06050649849034473], [-0.06222026965901182, -0.0018796548770253635, -0.08327477612371903], [0.01567571733670569, -0.12606890001183976, -0.02181821743809871]]	0.41126560137332185	[[-0.6395080800118949, 0.6395080800118947, 0.0], [-0.7071067811865475, -0.7071067811865476, 0.0], [0.0, 0.0, 0.9044010000000001]]
5	[[0.04673222253661188, -0.9725397674033924, -0.22799671093185395], [-0.8377629715199755, -0.16246744520517667, 0.5213036857710898], [-0.5440306084466285, 0.16664552219444034, -0.8223502702654952]]	0.6123960046022292	0.38760399539777074	[[0.028618626367603386, -0.5955794678746188, -0.13962427483711676], [-0.5130426965625241, -0.0994944143215818, 0.31924429435063145], [-0.3331621709940351, 0.10205305197672739, -0.5036040198941527]]	0.752290624557071	0.4052767703869516	[[-0.008725920630879699, -0.7925828906008399, -0.12257342692817683], [-0.686657642161359, -0.1442942581029419, 0.27049728946493984], [-0.2670825285279126, 0.02363059979967811, -0.5767119131752271]]	[[-0.04388213350988759, -0.06095034157435343, 0.04894636113570553], [-0.056416413085809025, -0.022071522279347788, -0.12167458588769631], [0.14218659767856498, -0.10173526417161666, 0.04193448524747838]]	0.6504878912075673	[[1.717362194383098e-16, -0.8600853510000002, 0.0], [-1.0, -1.7938038903913487e-16, 0.0], [0.0, 0.0, -0.8600853510000002]]
5	[[0.5319609947059123, -0.8460851799387872, 0.03402011756955908], [-0.703274286200726, -0.4190807785627857, 0.5742617690636116], [-0.47161719485230363, -0.3294103357928521, -0.8179645788128509]]	0.6694882627919166	0.3305117372080834	[[0.3561416422187212, -0.5664440972912048, 0.022776069411620876], [-0.4708338801347493, -0.2805696624094833, 0.38446151415821017], [-0.3157421764844656, -0.22053635345565847, -0.5476176848947373]]	0.7573871468192424	0.2900479036727025	[[0.4219908268202822, -0.6216858149455712, 0.00547160050260645], [-0.6109923645179303, -0.3788119327815816, 0.5386153920096344], [-0.300494327843999, -0.29275631620532555, -0.6195158585462684]]	[[0.019090406820845184, 0.019128225454312135, -0.02029479927785708], [-0.07834145946102318, -0.06140553761912665, 0.10367690921117495], [0.05670247375608195, -0.043265161846408745, 7.748904727670894e-18]]	0.38939862127249675	[[0.5500315314643669, -0.5500315314643668, 0.0], [-0.5, -0.5000000000000001, 0.7071067811865475], [-0.38893102576487554, -0.38893102576487565, -0.5500315314643669]]
5	[[-0.3195682178843842, -0.5708200961323295, -0.7563336379995778], [0.910087742671785, 0.03735879733279218, -0.41272826520656647], [0.2638493031197415, -0.8202248094963509, 0.507557688474819]]	0.6465752367827782	0.3534247632172218	[[-0.2066248961468462, -0.3690781388171292, -0.489026601076357], [0.5884401977111136, 0.024155273231369928, -0.26685987580288095], [0.17059842563961786, -0.5303370504152122, 0.3281742326065257]]	0.7408254971664804	0.3192166455493202	[[-0.2671153124232276, -0.40280538709416347, -0.5537081846720954], [0.747029921519082, 0.08796848908007077, -0.354569608823404], [0.22737714979144444, -0.577680178067315, 0.30483318022894046]]	[[-0.03037102853042257, 0.020072694415687632, 0.006603058722674616], [0.07281371708913711, 0.06029213947246319, -0.04880998655709047], [0.031910858630732605, 0.02996327421610085, -0.07117849667608682]]	0.5473216038871005	[[1.5531840859622684e-16, -0.5500315314643669, -0.5500315314643668], [1.0, 1.2684108950145333e-16, 1.268410895014533e-16], [0.0, -0.5500315314643668, 0.5500315314643669]]
