5	[[0.034229894132735264, 0.2773841392786001, 0.9601491309293217], [-0.1827544195208179, -0.9427759796974285, 0.2788803941677556], [0.9825625356654255, -0.18501754344446375, 0.018422055382213542]]	0.866802153783079	0.1331978462169211	[[0.029670545958021703, 0.2404371693519561, 0.8322593346424875], [-0.15841192445402133, -0.8172002497366835, 0.2417341263124846], [0.8516873221413542, -0.16037360514531557, 0.01596827728241386]]	0.9276089812718559	0.1237231580509158	[[0.010397520358321925, 0.241021870396014, 0.8764841898793331], [-0.1639783160686748, -0.8275080543295508, 0.25245407856904684], [0.9103186536922826, -0.16364504293063714, 0.0]]	[[-0.021354436867188117, -0.0162821484611788, -0.014158767331072896], [0.005546324845960413, 0.04701941176515671, -0.006237879761598663], [-0.00111517905221429, 0.007978892061303233, -0.017088464026028823]]	0.34419355132593293	[[0.0, 0.0, 0.9862], [0.0, -1.0, 0.0], [0.9862, 0.0, 0.0]]
5	[[0.5319609947059123, -0.8460851799387872, 0.03402011756955908], [-0.703274286200726, -0.4190807785627857, 0.5742617690636116], [-0.47161719485230363, -0.3294103357928521, -0.8179645788128509]]	0.8080116126882497	0.19198838731175027	[[0.4298306612195697, -0.6836466507139672, 0.027488650061223294], [-0.5682537901552263, -0.3386221357331638, 0.4640101781262961], [-0.3810721701841184, -0.2661673766601603, -0.6609248784484367]]	0.8675268071151329	0.17305617619987138	[[0.5223435791408844, -0.7186985291595168, 0.005256553169414359], [-0.5944639481994672, -0.3904477288349069, 0.5680342626071028], [-0.3785195422602741, -0.36935268691977136, -0.7134419759901026]]	[[0.06085315589387419, 0.01530304554021178, -0.02425681080338666], [0.015645347834422715, -0.026883919085009353, 0.06984678364306002], [0.03062101697054035, -0.08358039007867454, -0.0038357765993155906]]	0.30760244223420463	[[0.6596445720341407, -0.6596445720341406, 0.0], [-0.5, -0.5000000000000001, 0.7071067811865475], [-0.46643915005823877, -0.4664391500582389, -0.6596445720341407]]
5	[[-0.42203838922340475, -0.825029846081567, 0.3757783270710803], [0.2588054115689476, 0.28760896992378115, 0.9221175843470338], [-0.8688517462515349, 0.4864224845687207, 0.09214016247897017]]	0.7911072669607849	0.20889273303921513	[[-0.33387763665105974, -0.6526871066946656, 0.2972809653122983], [0.2047428418209713, 0.2275295461498091, 0.7294939219692629], [-0.6873549303711571, 0.38481236235543526, 0.07289275211606078]]	0.8651513926289687	0.21993022820544766	[[-0.2899788409712517, -0.6559533230081417, 0.3460569713241892], [0.2586858132308348, 0.23426656392993062, 0.8305398858435769], [-0.7625354381532565, 0.3869930563688185, 0.023098953333956677]]	[[0.07514825920826358, 0.057822397289789766, 0.020951828338860064], [0.03477995099204644, -0.014558736932211876, 0.03276857357808011], [-0.0108471398956298, -0.0338360335618533, -0.05661623655178381]]	0.4878410280122749	[[-0.47296608198969664, -0.47296608198969675, 0.6688750476922944], [0.5, 0.5000000000000001, 0.7071067811865475], [-0.6688750476922944, 0.6688750476922943, 0.0]]
5	[[-0.8305561570912853, 0.32773595720904825, 0.4502950280316503], [-0.5100865793185324, -0.772219296347621, -0.37879947194723407], [0.22358030216652452, -0.5443036842615101, 0.808545204538665]]	0.7842616736981702	0.21573832630182976	[[-0.6513733618607318, 0.2570307503318401, 0.35314913234206646], [-0.40004135442732663, -0.6056219978156087, -0.2970779078653209], [0.17534546198306117, -0.42687651841901225, 0.6341110153721228]]	0.8297329996996253	0.22658362194240592	[[-0.6886051578121032, 0.33374321102889726, 0.38710990519931493], [-0.500389180462079, -0.634221274285423, -0.3652656550964468], [0.06488190012347705, -0.4904419719317805, 0.6851464856398468]]	[[0.0005346938302421234, 0.061809872144405587, 0.013485260840786918], [-0.0771535128975923, 0.006514558899022485, -0.050963232953034156], [-0.12063005466690199, -0.038815243241919956, 0.014269847685233256]]	0.3900202793168863	[[-0.6596445720341407, 0.4664391500582389, 0.46643915005823877], [-0.7071067811865475, -0.5000000000000001, -0.5], [0.0, -0.6596445720341406, 0.6596445720341407]]
5	[[0.8787972042104137, -0.3840163418041313, 0.28327887866788265], [-0.395223040501579, -0.9183905790867732, -0.018907472103605397], [0.2674214316928388, -0.09534250611366366, -0.9588511794847616]]	0.7704857712760722	0.22951422872392777	[[0.6771007416813166, -0.29587912729757193, 0.21826234531664446], [-0.3045137291869334, -0.707606873660351, -0.014567938226627223], [0.20604440805360838, -0.07346004435837977, -0.7387811905642883]]	0.8535321093058454	0.2411339109907723	[[0.6970468532413645, -0.317147518606645, 0.15037544662588523], [-0.36021424811924674, -0.8405090704649536, -0.024830917039754048], [0.13662628375841535, -0.05734372799522021, -0.8184102697360263]]	[[-0.05303477812042966, 0.01062275962134963, -0.09141217220530734], [-0.022878692713664366, -0.05663322233040326, -0.008692782493522289], [-0.09162649490796242, 0.02403416235448056, 0.0]]	0.4734473406955096	[[0.687725295441208, -0.6877252954412079, 0.0], [-0.7071067811865475, -0.7071067811865476, 0.0], [0.0, 0.0, -0.97259044]]
5	[[0.3802729664721569, 0.7767473726770865, -0.5020517802076895], [0.4287143634067757, 0.332951791095048, 0.839849450446521], [0.8195098935212374, -0.5346088512602871, -0.20639019011321075]]	0.8025372381451518	0.1974627618548484	[[0.3051832162538287, 0.6233686912047722, -0.40291524909373594], [0.3440592411616307, 0.2672062108609014, 0.6740104584190744], [0.6576872065791612, -0.42904351097838306, -0.16563581315370896]]	0.8684112402598514	0.21876520160409238	[[0.34306207391403454, 0.6280889402463818, -0.43598740912482586], [0.40521415086072166, 0.3016071045946862, 0.7197156023704779], [0.6793953516469877, -0.4471221384390873, -0.08618239645510806]]	[[0.012828755462655878, -0.046447209028707935, 3.0226676969716106e-18], [0.03291377881743088, 0.012468026743096678, -0.009619100523339912], [-0.03227625139100892, 0.017138197137753046, 0.09304916451857181]]	0.37211322086918325	[[0.47296608198969664, 0.47296608198969675, -0.6688750476922944], [0.5, 0.5000000000000001, 0.7071067811865475], [0.6688750476922944, -0.6688750476922943, 0.0]]
5	[[0.08740825448676931, -0.06334395238859675, -0.994156597696443], [0.7119981850616444, -0.6940087028176986, 0.10681996481098455], [-0.6967197295301035, -0.717174639895393, -0.015561310176609944]]	0.903338698816882	0.09666130118311814	[[0.07895925887393307, -0.0572210435286335, -0.8980601273833233], [0.6431755140535672, -0.6269249185709319, 0.09649460802001987], [-0.6293738939137736, -0.6478516060275702, -0.014057133686824732]]	0.9494512276586023	0.07953386386304653	[[0.06766615770983427, -0.0646508758843922, -0.9175401697870639], [0.6796203412243076, -0.6623717971159614, 0.1011641231696283], [-0.6612008933356367, -0.678855048908098, 0.0]]	[[-0.015323716820124402, -0.004508882524290946, 0.02636303238072325], [0.003612790326832687, -0.0034443822199433432, -0.0002562235586096818], [0.0003005092006892838, 0.00206729338619895, 0.014774705051158611]]	0.12986900528703094	[[0.0, 0.0, -0.9591686919279999], [0.7071067811865475, -0.7071067811865476, 0.0], [-0.6782346863641193, -0.6782346863641192, 0.0]]
5	[[-0.5446221603179724, 0.8109226453022452, -0.2139887049042392], [-0.8354447797583356, -0.5021691245819775, 0.22328947644507607], [0.07361197229480154, 0.30038414347728, 0.9509735242804028]]	0.8301014028661025	0.16989859713389754	[[-0.4520916193119162, 0.6731480254812845, -0.17763232413850943], [-0.6935038836945564, -0.41685129479154215, 0.18535290764229514], [0.06110540146965543, 0.24934929889922272, 0.789404456593684]]	0.8566195486650677	0.15155103371865933	[[-0.4666173264378487, 0.6945688531478189, -0.15622746802135806], [-0.7352603306136043, -0.44994126106677357, 0.1912741305340403], [0.08220550999197603, 0.23816687390319288, 0.8147403678636214]]	[[-8.333727327295517e-05, -8.333727327295516e-05, 0.02707943979313366], [-0.019602000442431548, -0.019773372213827856, 0.0], [0.01914805550845765, -0.019148055508457648, 0.00011785670211380605]]	0.38793697315888065	[[-0.687725295441208, 0.6877252954412079, 0.0], [-0.7071067811865475, -0.7071067811865476, 0.0], [0.0, 0.0, 0.97259044]]
5	[[0.8489524140446696, -0.5135124485683378, 0.12483895166604869], [0.522794976890395, 0.7815435453534784, -0.34040431673891397], [0.0772347773085365, 0.35425224329800037, 0.9319550081910795]]	0.8564537042874292	0.14354629571257083	[[0.7270884397723126, -0.43979963877406086, 0.10691878259374675], [0.44774969454063984, 0.669355864479917, -0.29154053802647417], [0.06614801112571078, 0.30340064602470407, 0.7981763189944714]]	0.910395279975455	0.14829151701328444	[[0.7658274326181369, -0.4752976420474215, 0.05468440599140787], [0.4997991037525909, 0.6733357444020065, -0.28883817245459636], [0.02243791159377713, 0.2891922335566779, 0.8484474406066452]]	[[-0.007054838051898486, -0.007798332662168145, -0.05896838636244683], [0.02384902439669824, -0.03817781038308305, 0.02106431078778065], [-0.04787626511786987, -0.033317336662538125, 0.0]]	0.4312936966600538	[[0.6973487076061732, -0.6973487076061731, 0.0], [0.7071067811865475, 0.7071067811865476, 0.0], [0.0, 0.0, 0.9862]]
5	[[-0.30792515101507295, 0.09349718223056193, 0.9468053539599837], [0.3027085282091916, -0.9338174967034747, 0.1906631317268273], [0.9019698710720718, 0.34531602882779927, 0.2592434992682147]]	0.7747652701311918	0.2252347298688084	[[-0.23856971280638098, 0.07243836964736655, 0.7335519058224654], [0.23452805462900977, -0.7234893650867009, 0.14771917275639435], [0.6988149308113498, 0.26753886635540036, 0.2008528597402938]]	0.8554936212870744	0.2552752512670133	[[-0.26246627535706535, 0.08116727528470787, 0.7497305100390813], [0.24303233626801035, -0.8497619835703712, 0.11967432058043126], [0.6859135090129643, 0.26885573091573356, 0.18129900007235752]]	[[0.0009617271701887049, 0.0011810322781469432, -0.06025543087413549], [-0.015932878724151448, -0.0508870716942849, -0.04343677242648669], [-0.08571596228231794, -0.02655992907463226, -0.04048215991174051]]	0.46838421863539104	[[0.0, 0.0, 0.9862], [0.0, -1.0, 0.0], [0.9862, 0.0, 0.0]]
5	[[0.8592155572171323, 0.2624339665249735, -0.4391776855101157], [-0.4266000482917053, 0.8413623931712975, -0.33184593135155627], [0.2824199444684594, 0.4724804086637203, 0.8348660002631537]]	0.8223375898153267	0.17766241018467335	[[0.7065652504537695, 0.21580931551782284, -0.36115231940306214], [-0.3508092555273029, 0.6918839225617401, -0.272889383377661], [0.23224453644997128, 0.3885384004954843, 0.6865416944751637]]	0.8593958706749456	0.17926899732150817	[[0.7506632916351456, 0.15581188117144174, -0.35355504928937026], [-0.3574559287007373, 0.7571144350478795, -0.38419956430245883], [0.2816210412810453, 0.39738071161615357, 0.729737382936132]]	[[0.012256989743069614, -0.06972278598496744, 0.023872440130603037], [0.009162391230886708, 0.03405106861527641, -0.09901254119864997], [0.038910507208603826, -0.008667000564258483, 0.012256989743069614]]	0.4288382275117517	[[0.7962614360753093, -0.13661686404116855, -0.46643915005823877], [-0.14644660940672619, 0.8535533905932737, -0.5], [0.46643915005823877, 0.4664391500582389, 0.6596445720341407]]
5	[[0.22433838825039393, -0.7661379269479729, -0.6022499185961573], [-0.9416906372873723, -0.011392912655017143, -0.3362869982418849], [0.2507808429735371, 0.642575192824231, -0.724020780340167]]	0.7200888457707701	0.2799111542292299	[[0.16154357105730108, -0.5516873755171764, -0.4336734487474471], [-0.6781009240774051, -0.008203909323718535, -0.2421565164117159], [0.18058448775823507, 0.46271122892173056, -0.5213592880292032]]	0.7767130709497827	0.3667963145554763	[[0.22728127368310896, -0.5849963782983263, -0.36332465564246186], [-0.8370238672478418, -0.015067629738699712, -0.15673491616157248], [0.14826059841584505, 0.36332465564246186, -0.5308787659154561]]	[[0.053034715213220784, 0.01007296371253404, 0.10445072810961607], [-0.105600440475709, -0.006218605563358581, 0.1044635909633661], [-0.046524160265506126, -0.13577189569219536, 0.03147763781401305]]	0.6137640379598038	[[0.6596445720341407, -0.4664391500582389, -0.46643915005823877], [-0.7071067811865475, -0.5000000000000001, -0.5], [0.0, 0.6596445720341406, -0.6596445720341407]]
5	[[0.04673222253661188, -0.9725397674033924, -0.22799671093185395], [-0.8377629715199755, -0.16246744520517667, 0.5213036857710898], [-0.5440306084466285, 0.16664552219444034, -0.8223502702654952]]	0.7084219585235721	0.2915780414764278	[[0.03310613261554605, -0.6889685267659708, -0.16151787649527674], [-0.5934896850627086, -0.11509550572857247, 0.36930297805951207], [-0.3854032291325313, 0.11805534721216886, -0.5825709890538711]]	0.7997078452950176	0.33681672023534504	[[-0.03219798524008421, -0.8790754938118387, -0.15525351327502418], [-0.6873061125649376, -0.1484277188037142, 0.2794114189783857], [-0.31126533379178145, 0.04553482740761565, -0.6265939699196227]]	[[-0.06957011023068523, -0.10132781195795432, 0.027077245158639667], [-0.017340491742746787, -0.018501228268096172, -0.13747922831396345], [0.12380021186360925, -0.08773290407456323, 0.031045992792171778]]	0.6177760485915252	[[1.9152053312358245e-16, -0.9591686919279999, 0.0], [-1.0, -1.7938038903913487e-16, 0.0], [0.0, 0.0, -0.9591686919279999]]
5	[[-0.3195682178843842, -0.5708200961323295, -0.7563336379995778], [0.910087742671785, 0.03735879733279218, -0.41272826520656647], [0.2638493031197415, -0.8202248094963509, 0.507557688474819]]	0.7985577229061309	0.201442277093869	[[-0.25519366838692403, -0.45583279615649186, -0.6039760677182527], [0.7267575954327616, 0.029833156128586162, -0.32958734364235337], [0.21069889868967023, -0.6549968561425211, 0.40531411195195083]]	0.8332495174849449	0.1831700667486828	[[-0.2861965574551873, -0.5082729433537495, -0.63464641269377], [0.7953339636085575, 0.006594867796635675, -0.29662467707903084], [0.17906479614448534, -0.6759683741283595, 0.45230866971554784]]	[[-0.019916494099500463, -0.03263737368077601, -0.004431773772988933], [0.03700379115832981, -0.0245343320547313, 0.047280950756738854], [-0.04078750836877818, 0.0074835526136557, 0.029386470698130954]]	0.4827264445840627	[[1.862710395796996e-16, -0.6596445720341407, -0.6596445720341406], [1.0, 1.2684108950145333e-16, 1.268410895014533e-16], [0.0, -0.6596445720341406, 0.6596445720341407]]
