5	[[0.8787972042104137, -0.3840163418041313, 0.28327887866788265], [-0.395223040501579, -0.9183905790867732, -0.018907472103605397], [0.2674214316928388, -0.09534250611366366, -0.9588511794847616]]	0.70655901017637	0.29344098982363004	[[0.6209220827526712, -0.27133020635667765, 0.20015324411545118], [-0.27924840029569115, -0.6488971385148538, -0.013359244774460745], [0.18894902207683995, -0.0673651067474047, -0.677484940283198]]	0.8349614323053363	0.262006548932733	[[0.6839115357669732, -0.3068861187630296, 0.13557694542558327], [-0.3580919456046014, -0.840479415072379, -0.027024814005350704], [0.12456795529444922, -0.05174423570474807, -0.8006037541902575]]	[[-0.04985023656647898, 0.01375271601840342, -0.10094999284880164], [-0.028095949627333014, -0.07365870174235956, -0.01123780401645115], [-0.09871862634094708, 0.02786307975949683, 0.0]]	0.48314829355924777	[[0.6584755123104429, -0.6584755123104428, 0.0], [-0.7071067811865475, -0.7071067811865476, 0.0], [0.0, 0.0, -0.9312250000000002]]
5	[[-0.30792515101507295, 0.09349718223056193, 0.9468053539599837], [0.3027085282091916, -0.9338174967034747, 0.1906631317268273], [0.9019698710720718, 0.34531602882779927, 0.2592434992682147]]	0.7243634978817619	0.2756365021182383	[[-0.22304973947504803, 0.06772594596261836, 0.6858312380076333], [0.21927100833225, -0.6764233082953195, 0.13810941301473575], [0.6533540507937277, 0.250134326516344, 0.18778652793303197]]	0.8378758830639185	0.27375134501989	[[-0.24415818578167287, 0.07519189025282932, 0.7331536985668445], [0.24544724526083955, -0.849317493471149, 0.11833250561348509], [0.6707534386813332, 0.25698494468722793, 0.16896629552884354]]	[[0.01384487204267186, -0.0031471438725908583, -0.06015167347202271], [-0.008184930123415899, -0.06689433380018736, -0.04141953424986256], [-0.08498536354022762, -0.03234702790298992, -0.04824758034909219]]	0.47220613834869735	[[0.0, 0.0, 0.9650000000000001], [0.0, -1.0, 0.0], [0.9650000000000001, 0.0, 0.0]]
5	[[0.8489524140446696, -0.5135124485683378, 0.12483895166604869], [0.522794976890395, 0.7815435453534784, -0.34040431673891397], [0.0772347773085365, 0.35425224329800037, 0.9319550081910795]]	0.7829332350259265	0.21706676497407354	[[0.6646730599110631, -0.4020459625836933, 0.09774056428514474], [0.40931356251210144, 0.6118964162772308, -0.266513852921188], [0.060469674054679505, 0.277355854860495, 0.7296585494616556]]	0.8913704591027954	0.18302505952444598	[[0.7264279307354115, -0.46123449062790767, 0.062261158458565315], [0.507902136013458, 0.6665426086619679, -0.29713522062837183], [0.02266227802595314, 0.27999706144533737, 0.8082930256851205]]	[[-0.030303172328012103, -0.0035046635925477247, -0.0490165952019122], [0.04189813744603126, -0.030102220168588593, 0.0062911314637672435], [-0.046182520882259215, -0.03577292330139639, -0.022424137829311477]]	0.4382747482580874	[[0.6823580438450184, -0.6823580438450183, 0.0], [0.7071067811865475, 0.7071067811865476, 0.0], [0.0, 0.0, 0.9650000000000001]]
5	[[0.034229894132735264, 0.2773841392786001, 0.9601491309293217], [-0.1827544195208179, -0.9427759796974285, 0.2788803941677556], [0.9825625356654255, -0.18501754344446375, 0.018422055382213542]]	0.8598663803742173	0.1401336196257828	[[0.029433135168507728, 0.2385132958147076, 0.8255999578316464], [-0.1571443812107569, -0.8106613691661844, 0.239799875090363], [0.8448724910339421, -0.15909036538732055, 0.015840506080557325]]	0.9109092233455248	0.1354041446088259	[[0.009070984522673377, 0.23230394237967267, 0.8470102262330538], [-0.1654359275825863, -0.826265999616224, 0.2539950523892582], [0.879557003113053, -0.15748639703781553, 0.0]]	[[-0.02210934175697604, -0.02036782849896384, -0.027598472917655187], [0.0010367587660841532, 0.03251733583877699, -3.967086838594508e-05], [-0.015468273138349423, 0.011047789766477842, -0.016780820160640385]]	0.3533689014587649	[[0.0, 0.0, 0.9650000000000001], [0.0, -1.0, 0.0], [0.9650000000000001, 0.0, 0.0]]
5	[[0.3802729664721569, 0.7767473726770865, -0.5020517802076895], [0.4287143634067757, 0.332951791095048, 0.839849450446521], [0.8195098935212374, -0.5346088512602871, -0.20639019011321075]]	0.708596909767218	0.2914030902327822	[[0.2694602489101833, 0.5504007879487891, -0.3557523399982993], [0.3037856730828613, 0.23592861027141138, 0.5951147252561011], [0.5807021780728105, -0.3788221799372417, -0.14624745092048977]]	0.8299639846976647	0.2711966900454951	[[0.34694497034412075, 0.5602570704246345, -0.4232487180672407], [0.40618009470353683, 0.29393796552677454, 0.7155729971140085], [0.627685893214721, -0.4232487180672406, -0.07628048932357957]]	[[0.031332103818087945, -0.08441527410588226, -0.00656382204151063], [0.050362613353326514, 0.017599970277304058, 0.018528200675269897], [-0.05247780351132428, 0.02045737437938838, 0.09501593526528937]]	0.3917497932112611	[[0.43359000031250006, 0.43359000031250017, -0.6131888589512923], [0.5, 0.5000000000000001, 0.7071067811865475], [0.6131888589512923, -0.6131888589512922, 0.0]]
5	[[0.8592155572171323, 0.2624339665249735, -0.4391776855101157], [-0.4266000482917053, 0.8413623931712975, -0.33184593135155627], [0.2824199444684594, 0.4724804086637203, 0.8348660002631537]]	0.7298510192133547	0.2701489807866454	[[0.6270993501588945, 0.19153769794445535, -0.32053428138532014], [-0.31135448004216726, 0.6140692001838588, -0.24219809121873814], [0.20612448431648414, 0.34484030782155856, 0.6093278011986396]]	0.8027823668164632	0.25516885962815616	[[0.6995715297960786, 0.1633624567836224, -0.29449902653058113], [-0.34392230395478346, 0.7457898978679499, -0.40057598414163], [0.22335441434958445, 0.3803904098921547, 0.6706198287519167]]	[[0.009808431167783028, -0.04731490399632834, 0.058065075296205956], [-0.0014553075031508123, 0.07035900452753215, -0.13417592195281403], [-0.0033673371069794893, 0.0010914691506836067, 0.0004041250860683989]]	0.4617820827250526	[[0.7142779747455612, -0.12255072585756413, -0.41841435030156254], [-0.14644660940672619, 0.8535533905932737, -0.5], [0.41841435030156254, 0.41841435030156265, 0.5917272488879971]]
5	[[0.08740825448676931, -0.06334395238859675, -0.994156597696443], [0.7119981850616444, -0.6940087028176986, 0.10681996481098455], [-0.6967197295301035, -0.717174639895393, -0.015561310176609944]]	0.8021584529815867	0.19784154701841342	[[0.0701152701969277, -0.05081188685377605, -0.7974711184296165], [0.571135362654746, -0.5567049474080029, 0.08568653772032687], [-0.5588796204016173, -0.575287699656115, -0.012482636497636056]]	0.9193273808521725	0.13678049108079132	[[0.055319444128326574, -0.05531944412832659, -0.8618249673801788], [0.6843053348784105, -0.6719383453194298, 0.0902159967859442], [-0.6247330424349591, -0.6354574484484453, 0.0]]	[[-0.025037357533855227, 0.0029143857139067825, 0.052130413736999164], [0.029745908234188434, -0.033917142269421136, -0.007986521686459445], [0.015780481701984907, 0.023860834860186184, 0.01430593852729108]]	0.16788342670202905	[[0.0, 0.0, -0.8986321250000002], [0.7071067811865475, -0.7071067811865476, 0.0], [-0.6354288693795774, -0.6354288693795773, 0.0]]
5	[[-0.8305561570912853, 0.32773595720904825, 0.4502950280316503], [-0.5100865793185324, -0.772219296347621, -0.37879947194723407], [0.22358030216652452, -0.5443036842615101, 0.808545204538665]]	0.7026330549064459	0.2973669450935541	[[-0.5835762099284078, 0.23027811681648186, 0.31639217115506213], [-0.35840369149335966, -0.5425868032504351, -0.2661570301712336], [0.1570949107281714, -0.38244576046949846, 0.5681105870949592]]	0.7815128995545381	0.37094087924616154	[[-0.6226034480961165, 0.24744281863619563, 0.19834999941223685], [-0.5650704045993581, -0.6270642901915453, -0.30483747018868373], [0.1796854051218427, -0.27836907485928347, 0.6020622452438156]]	[[0.02648690247516817, -0.00868705957052966, -0.15356137359977015], [-0.16643116297227606, -0.023564948810950913, -0.008800796517473043], [0.004954514892402393, 0.14701127566614708, -0.029826261976113544]]	0.43634207458088503	[[-0.5917272488879971, 0.41841435030156265, 0.41841435030156254], [-0.7071067811865475, -0.5000000000000001, -0.5], [0.0, -0.591727248887997, 0.5917272488879971]]
5	[[-0.42203838922340475, -0.825029846081567, 0.3757783270710803], [0.2588054115689476, 0.28760896992378115, 0.9221175843470338], [-0.8688517462515349, 0.4864224845687207, 0.09214016247897017]]	0.6963204913649629	0.30367950863503723	[[-0.2938739785589186, -0.5744851878142766, 0.2616621493504383], [0.18021151135160102, 0.20026801925829812, 0.6420893694287992], [-0.6049992748731748, 0.33870594346585775, 0.06415908321180401]]	0.8301924019866876	0.2802319930649058	[[-0.2686538356890995, -0.5985261649359007, 0.3205829753113674], [0.26140639268923216, 0.2343271521450962, 0.8297389563093659], [-0.6960504528189546, 0.3564513221830891, 0.023482575831988445]]	[[0.08171922839087147, 0.08640734469326258, 0.008614663345688186], [0.046548106411654286, -0.004443629428844704, 0.06420394404613988], [0.025263665371935154, -0.04737292866134963, -0.05301148697587146]]	0.5107621920928067	[[-0.43359000031250006, -0.43359000031250017, 0.6131888589512923], [0.5, 0.5000000000000001, 0.7071067811865475], [-0.6131888589512923, 0.6131888589512922, 0.0]]
5	[[0.5319609947059123, -0.8460851799387872, 0.03402011756955908], [-0.703274286200726, -0.4190807785627857, 0.5742617690636116], [-0.47161719485230363, -0.3294103357928521, -0.8179645788128509]]	0.7249879807057701	0.27501201929422997	[[0.3856653273660723, -0.6134015861088995, 0.02466417634012753], [-0.5098654046349561, -0.30382852740283606, 0.4163328803499511], [-0.3419167977620914, -0.23881853417006954, -0.5930144882823745]]	0.8010899592591684	0.24358859587369558	[[0.4592591789924757, -0.6588812655486179, 0.004866607653231776], [-0.6054808590469261, -0.38334091879479887, 0.5506226199605627], [-0.32949628866303815, -0.3226138661170892, -0.6552632111166294]]	[[0.0331105674160497, 0.01890907677833123, -0.02238656694455842], [-0.042094889766365724, -0.04761951496963625, 0.09058728277729623], [0.04831151074711701, -0.058726553637244376, 9.064710895659296e-18]]	0.35509057314990555	[[0.5917272488879971, -0.591727248887997, 0.0], [-0.5, -0.5000000000000001, 0.7071067811865475], [-0.41841435030156254, -0.41841435030156265, -0.5917272488879971]]
5	[[-0.5446221603179724, 0.8109226453022452, -0.2139887049042392], [-0.8354447797583356, -0.5021691245819775, 0.22328947644507607], [0.07361197229480154, 0.30038414347728, 0.9509735242804028]]	0.7446621249934015	0.2553378750065987	[[-0.4055594952208782, 0.6038633802560404, -0.15934928371857665], [-0.6221240850094863, -0.37394632741729156, 0.16627521601825437], [0.0548160477140023, 0.2236846945961141, 0.7081539654031089]]	0.829046261268404	0.20374706586921806	[[-0.461908144044692, 0.6619012090365548, -0.11118204257208333], [-0.7581765123597558, -0.4283140680941586, 0.19753463574722158], [0.0540055055673923, 0.18952342376091, 0.7987922230990615]]	[[-0.01039117822915575, -0.010391178229155749, 0.06622449318244399], [-0.06555414120490242, -0.011992632835042856, 0.01241733011985194], [-0.0070222248482062375, -0.0595089273332408, 0.01039117822915575]]	0.4013778989813185	[[-0.6584755123104429, 0.6584755123104428, 0.0], [-0.7071067811865475, -0.7071067811865476, 0.0], [0.0, 0.0, 0.9312250000000002]]
5	[[0.04673222253661188, -0.9725397674033924, -0.22799671093185395], [-0.8377629715199755, -0.16246744520517667, 0.5213036857710898], [-0.5440306084466285, 0.16664552219444034, -0.8223502702654952]]	0.6499011124274209	0.3500988875725791	[[0.03037132341274989, -0.6320546767153699, -0.148175316064405], [-0.5444630871413337, -0.1055877733720854, 0.33879584529514595], [-0.3535660976240305, 0.10830311025521523, -0.5344463554505356]]	0.7721629986135609	0.37550870610617737	[[-0.013922948378746167, -0.8145393167512978, -0.13615443581078623], [-0.6862471753789812, -0.15864491855279067, 0.2803329648231123], [-0.28278664627607636, 0.04780557684957988, -0.5905847505918582]]	[[-0.05000784146449273, -0.06358009368215937, 0.03989618817638337], [-0.03935760716270985, -0.033193568886076975, -0.12219845237019378], [0.13729365967963236, -0.08087192927360189, 0.04440370000701876]]	0.637058800155615	[[1.7943298724234944e-16, -0.8986321250000002, 0.0], [-1.0, -1.7938038903913487e-16, 0.0], [0.0, 0.0, -0.8986321250000002]]
5	[[-0.3195682178843842, -0.5708200961323295, -0.7563336379995778], [0.910087742671785, 0.03735879733279218, -0.41272826520656647], [0.2638493031197415, -0.8202248094963509, 0.507557688474819]]	0.7089280886110145	0.2910719113889853	[[-0.22655088588560474, -0.40467039969184804, -0.5361861603392557], [0.6451867638806217, 0.02648470078594265, -0.29259466016863106], [0.1870501821420265, -0.5814804064275817, 0.35982190195027824]]	0.7713637355369198	0.2546672878691346	[[-0.292481456450631, -0.4571098506595708, -0.5628472954087922], [0.7669329205453808, 0.008118810901876605, -0.32799909507999686], [0.1901437481144584, -0.599889691557038, 0.40974594344257964]]	[[-0.04597812214445612, -0.016799928987393443, 0.020561044910790523], [0.06492423969170955, -0.02069841056391272, -0.009635478668587284], [-0.013380035958798461, 0.03280198147612581, 0.018234348860159007]]	0.5205438708838988	[[1.670924835447569e-16, -0.5917272488879971, -0.591727248887997], [1.0, 1.2684108950145333e-16, 1.268410895014533e-16], [0.0, -0.591727248887997, 0.5917272488879971]]
5	[[0.22433838825039393, -0.7661379269479729, -0.6022499185961573], [-0.9416906372873723, -0.011392912655017143, -0.3362869982418849], [0.2507808429735371, 0.642575192824231, -0.724020780340167]]	0.6621831762778969	0.3378168237221031	[[0.1485531064927099, -0.5073236459333721, -0.3987997640091083], [-0.6235716972701091, -0.007544195088955884, -0.2226835926367709], [0.16606285514986532, 0.4255024821817314, -0.4794343800168533]]	0.7601526046611843	0.40567438290901664	[[0.20340872072526156, -0.5000608233810414, -0.3952114690627041], [-0.8299060687548695, 0.031876809941301154, -0.18329773824800685], [0.1589521327684677, 0.3952114690627041, -0.4253633414419382]]	[[0.03287731057123253, 0.08232091731818025, 0.06259037521515105], [-0.11407747803582295, 0.04053716217068992, 0.0723316993792531], [-0.031679578216993895, -0.09324373745329786, 0.12500294056246292]]	0.6485996100120384	[[0.5917272488879971, -0.41841435030156265, -0.41841435030156254], [-0.7071067811865475, -0.5000000000000001, -0.5], [0.0, 0.591727248887997, -0.5917272488879971]]
