5	[[-0.3195682178843842, -0.5708200961323295, -0.7563336379995778], [0.910087742671785, 0.03735879733279218, -0.41272826520656647], [0.2638493031197415, -0.8202248094963509, 0.507557688474819]]	0.8003535066037267	0.19964649339627327	[[-0.25576754378287064, -0.45685786557938635, -0.6053342793353156], [0.7283919161644332, 0.029900244447798173, -0.3303285143325484], [0.21117271496683462, -0.6564698024837782, 0.4062255757745033]]	0.8348280836806363	0.1823688379801451	[[-0.2851567428462277, -0.5105183696634528, -0.6367084523132682], [0.7966996523450575, 0.006490919297676631, -0.2948459028614573], [0.17821484458445616, -0.6780021349317454, 0.45458407534140505]]	[[-0.0183722199045713, -0.03398172268290357, -0.005299890678876543], [0.0369328461491352, -0.02469725388827159, 0.049711243861774], [-0.042053963519468884, 0.006744570967408095, 0.030860662914598585]]	0.4817253496490892	[[1.868383621225189e-16, -0.6616536403080269, -0.6616536403080268], [1.0, 1.2684108950145333e-16, 1.268410895014533e-16], [0.0, -0.6616536403080268, 0.6616536403080269]]
5	[[-0.5446221603179724, 0.8109226453022452, -0.2139887049042392], [-0.8354447797583356, -0.5021691245819775, 0.22328947644507607], [0.07361197229480154, 0.30038414347728, 0.9509735242804028]]	0.8325463381883461	0.167453661811654	[[-0.45342318526895425, 0.6751306789003912, -0.17815551268169094], [-0.6955464921463715, -0.41807906582197274, 0.18589883597034104], [0.061285377980859, 0.25008371870185225, 0.7917295253537158]]	0.8579654029641416	0.14979037812018045	[[-0.4673717585669043, 0.6956387868229947, -0.157680943696546], [-0.7354925473824819, -0.4497687845240336, 0.19157464563585186], [0.0814804635441078, 0.23939526463130986, 0.816050574625758]]	[[-0.00010478732649387478, -0.00010478732649387477, 0.02591396173639437], [-0.018709830262833103, -0.01892504919590711, 0.0], [0.018323938071213176, -0.018323938071213176, 0.00014819165829245526]]	0.3875868626736659	[[-0.6885623684487765, 0.6885623684487764, 0.0], [-0.7071067811865475, -0.7071067811865476, 0.0], [0.0, 0.0, 0.9737742399999998]]
5	[[0.8489524140446696, -0.5135124485683378, 0.12483895166604869], [0.522794976890395, 0.7815435453534784, -0.34040431673891397], [0.0772347773085365, 0.35425224329800037, 0.9319550081910795]]	0.8578114383461688	0.1421885616538312	[[0.7282410913791102, -0.44049685211506884, 0.10708828069028106], [0.4484595110865019, 0.6704169927698316, -0.2920027165610527], [0.0662528754133817, 0.30388162636081467, 0.7994416660503053]]	0.9112723421645113	0.14723133670446417	[[0.7668105264036877, -0.4758175024013126, 0.05459993239027684], [0.4996149358275282, 0.6732532826331359, -0.289221420700444], [0.022899015320009146, 0.2898861708162669, 0.8492648231062312]]	[[-0.006816328329014082, -0.007867810663810398, -0.059162351487805555], [0.02320633276477639, -0.038945734444684466, 0.020979618297136217], [-0.047482901094495364, -0.03293410065093424, 0.0]]	0.4311028602176476	[[0.6977729716748851, -0.697772971674885, 0.0], [0.7071067811865475, 0.7071067811865476, 0.0], [0.0, 0.0, 0.9867999999999999]]
5	[[0.8592155572171323, 0.2624339665249735, -0.4391776855101157], [-0.4266000482917053, 0.8413623931712975, -0.33184593135155627], [0.2824199444684594, 0.4724804086637203, 0.8348660002631537]]	0.8250229240350321	0.1749770759649678	[[0.7088725313916681, 0.21651403842854544, -0.3623316582704934], [-0.3519548192351085, 0.6941432617872964, -0.2737805006127895], [0.23300292839117978, 0.3898071683050095, 0.688783588714539]]	0.8611258652942452	0.17787696434206024	[[0.7523578784415852, 0.15033723902470683, -0.35742046582736775], [-0.3576594922800682, 0.7554256259469367, -0.3837809297309703], [0.28881372919316517, 0.3980509169539664, 0.7317655345714049]]	[[0.012465138258705202, -0.07565143748171194, 0.020766798625454535], [0.009696843439693301, 0.030906707101266456, -0.09801981495148662], [0.045614610136410425, -0.008814183791158321, 0.012840827690051288]]	0.42805355070953044	[[0.798686596012584, -0.1370329557045571, -0.4678597758585704], [-0.14644660940672619, 0.8535533905932737, -0.5], [0.4678597758585704, 0.4678597758585705, 0.6616536403080269]]
5	[[-0.42203838922340475, -0.825029846081567, 0.3757783270710803], [0.2588054115689476, 0.28760896992378115, 0.9221175843470338], [-0.8688517462515349, 0.4864224845687207, 0.09214016247897017]]	0.7942284697372863	0.2057715302627138	[[-0.335194904043294, -0.6552621921409516, 0.2984538456701017], [0.20555062599013382, 0.22842723206528198, 0.7323720379337877], [-0.6900667928539257, 0.3863305855648238, 0.0731803402470174]]	0.8665601169596856	0.2200917369797868	[[-0.28917202622913024, -0.6590642442584469, 0.3373379619104078], [0.251555406434565, 0.22833713726958912, 0.8309771914815045], [-0.7659463079504897, 0.3869345963919709, 0.022016404960173517]]	[[0.07654960969778062, 0.05587371565722729, 0.01170345085277744], [0.027284958715578234, -0.02089332534621735, 0.0319068697391561], [-0.013034037098132497, -0.03457972872772059, -0.057828585014287295]]	0.48728340276871274	[[-0.4741181352437885, -0.4741181352437886, 0.6705042970288072], [0.5, 0.5000000000000001, 0.7071067811865475], [-0.6705042970288072, 0.6705042970288071, 0.0]]
5	[[-0.30792515101507295, 0.09349718223056193, 0.9468053539599837], [0.3027085282091916, -0.9338174967034747, 0.1906631317268273], [0.9019698710720718, 0.34531602882779927, 0.2592434992682147]]	0.7760168677227399	0.22398313227726013	[[-0.23895511118376858, 0.0725553904954629, 0.7347369251231466], [0.23490692389385745, -0.7246581288165205, 0.1479578062728607], [0.6999438341296328, 0.2679710630654041, 0.20117732827960239]]	0.8559808621071608	0.2545894338657515	[[-0.2627014150776759, 0.08132232593909806, 0.7504849527268235], [0.24303860557158108, -0.8497552322485582, 0.11968435040954582], [0.6865906079799368, 0.2692617299136737, 0.1813790891385779]]	[[0.0008766211526839442, 0.0012905272887913394, -0.059962310403518994], [-0.016074101372112563, -0.05042532636956707, -0.04351964145803497], [-0.08547833985502001, -0.026322182141767084, -0.04052838486070565]]	0.46828604245869837	[[0.0, 0.0, 0.9867999999999999], [0.0, -1.0, 0.0], [0.9867999999999999, 0.0, 0.0]]
5	[[0.034229894132735264, 0.2773841392786001, 0.9601491309293217], [-0.1827544195208179, -0.9427759796974285, 0.2788803941677556], [0.9825625356654255, -0.18501754344446375, 0.018422055382213542]]	0.8668990606718874	0.13310093932811262	[[0.029673863070566353, 0.24046404978589841, 0.832352379707558], [-0.15842963461623308, -0.8172916112237192, 0.24176115174383306], [0.8517825392197452, -0.16039153461982575, 0.015970062506486405]]	0.9280670526212588	0.12361199434804435	[[0.010513867227759616, 0.24122311003970687, 0.8773294063075097], [-0.16392235033125832, -0.8275551791857368, 0.25239627483953414], [0.9111873833686528, -0.16383770902290612, 0.0]]	[[-0.021253769731545726, -0.01620797054446827, -0.013753367710929108], [0.005686005146936183, 0.0474041455741755, -0.006423430609589722], [-0.0006965331224293274, 0.007870977204823036, -0.017096902641796516]]	0.34393864593832585	[[0.0, 0.0, 0.9867999999999999], [0.0, -1.0, 0.0], [0.9867999999999999, 0.0, 0.0]]
5	[[0.8787972042104137, -0.3840163418041313, 0.28327887866788265], [-0.395223040501579, -0.9183905790867732, -0.018907472103605397], [0.2674214316928388, -0.09534250611366366, -0.9588511794847616]]	0.7721107530001693	0.22788924699983062	[[0.6785287710773463, -0.29650314683475826, 0.2187226683173025], [-0.30515595940469065, -0.7090992415669503, -0.014598662523244455], [0.20647896299274107, -0.07361497418834409, -0.7403393062070799]]	0.8540498238906283	0.2405429496271669	[[0.6974103060215929, -0.31743576125472056, 0.15081053435403077], [-0.36027619933017585, -0.8405098428569722, -0.024767101109538007], [0.1369791478277756, -0.057509485998053306, -0.8189066809762819]]	[[-0.05312629146988751, 0.010533327834221118, -0.09112374208420906], [-0.022736031192283592, -0.056158530525101426, -0.008619177889236839], [-0.09141207881407312, 0.023917764557612305, 0.0]]	0.47320412499076	[[0.6885623684487765, -0.6885623684487764, 0.0], [-0.7071067811865475, -0.7071067811865476, 0.0], [0.0, 0.0, -0.9737742399999998]]
5	[[-0.8305561570912853, 0.32773595720904825, 0.4502950280316503], [-0.5100865793185324, -0.772219296347621, -0.37879947194723407], [0.22358030216652452, -0.5443036842615101, 0.808545204538665]]	0.7861074478519341	0.21389255214806593	[[-0.6529063809487403, 0.2576356768909156, 0.3539802752663757], [-0.4009828590516146, -0.6070473402338445, -0.29777708614010046], [0.1757581407260908, -0.42788118009122067, 0.63560340721281]]	0.8312899550706042	0.225372259382823	[[-0.6897925129311591, 0.3340115013602255, 0.3891308170146829], [-0.5002370675800323, -0.6346712747996791, -0.3661205510422213], [0.06545695539617227, -0.4916266534178431, 0.6860954835535573]]	[[0.0006404775808693249, 0.06156789221689438, 0.014805083393735874], [-0.07620721797621127, 0.007266869365788443, -0.05122835502643649], [-0.12040310394651003, -0.03915246818332811, 0.013959976800057831]]	0.3887553982415192	[[-0.6616536403080269, 0.4678597758585705, 0.4678597758585704], [-0.7071067811865475, -0.5000000000000001, -0.5], [0.0, -0.6616536403080268, 0.6616536403080269]]
5	[[0.04673222253661188, -0.9725397674033924, -0.22799671093185395], [-0.8377629715199755, -0.16246744520517667, 0.5213036857710898], [-0.5440306084466285, 0.16664552219444034, -0.8223502702654952]]	0.7101088223133896	0.2898911776866103	[[0.033184963509560655, -0.6906090688837608, -0.16190247589114515], [-0.5949028770838156, -0.11536956617891311, 0.3701823463705378], [-0.38632093466647216, 0.11833645550929388, -0.5839581819473284]]	0.8006315586093314	0.3357622746468961	[[-0.03195201486588713, -0.8810942605162753, -0.15512967115810328], [-0.6878507384281122, -0.14811020629336186, 0.278714900272056], [-0.3112785779389091, 0.045186972768484504, -0.6285903972368382]]	[[-0.06936730703265293, -0.10244823073054067, 0.027411690873068127], [-0.017111264794889232, -0.018033642415465064, -0.1386572821756408], [0.12428949603289798, -0.08823469140131618, 0.02980918136863015]]	0.6172522508405869	[[-1.9187030673816034e-16, -0.9609204200319997, 0.0], [-1.0, 1.7938038903913487e-16, 0.0], [0.0, 0.0, -0.9609204200319997]]
5	[[0.08740825448676931, -0.06334395238859675, -0.994156597696443], [0.7119981850616444, -0.6940087028176986, 0.10681996481098455], [-0.6967197295301035, -0.717174639895393, -0.015561310176609944]]	0.9059121439432999	0.09408785605670043	[[0.07918419922045074, -0.057384055714195976, -0.9006185348345611], [0.6450078023129328, -0.6287109118848897, 0.09676950333786685], [-0.6311668639062121, -0.6496972156093992, -0.014097179864659403]]	0.9508330420190997	0.0763449602499966	[[0.06317094131594092, -0.06317094131594093, -0.9222257182273441], [0.6795121178570346, -0.6698472894870815, 0.09421407378874246], [-0.6689911888473343, -0.6782783197841268, 0.0]]	[[-0.019939715195293545, -0.0029414183727784694, 0.023051223803723007], [0.0025207176427934517, -0.009960883399199906, -0.007353878300859168], [-0.006527048983501769, 0.0036350247265620663, 0.014796207893028806]]	0.1288889211204143	[[0.0, 0.0, -0.9609204200319997], [0.7071067811865475, -0.7071067811865476, 0.0], [-0.6794733451852526, -0.6794733451852525, 0.0]]
5	[[0.3802729664721569, 0.7767473726770865, -0.5020517802076895], [0.4287143634067757, 0.332951791095048, 0.839849450446521], [0.8195098935212374, -0.5346088512602871, -0.20639019011321075]]	0.8045216113609837	0.19547838863901643	[[0.30593781974320094, 0.6249100478865801, -0.40391150719934077], [0.3449099704616176, 0.2678669114773137, 0.6756770331738717], [0.659313420061974, -0.4301043744637706, -0.16604536831898006]]	0.8693873826688777	0.21754124842964664	[[0.34307211138124116, 0.6299846343371531, -0.4364774831590138], [0.40510952198870726, 0.3016410369552451, 0.7198342864864392], [0.6810061199624317, -0.4476952770065931, -0.08643707342923185]]	[[0.01246759236028275, -0.04530973098950654, 2.8710105595379817e-18], [0.03239066367393637, 0.012176950740206386, -0.010320229073157093], [-0.03146544143724772, 0.017086912942203342, 0.09299595376182453]]	0.37173341421604755	[[0.4741181352437885, 0.4741181352437886, -0.6705042970288072], [0.5, 0.5000000000000001, 0.7071067811865475], [0.6705042970288072, -0.6705042970288071, 0.0]]
5	[[0.22433838825039393, -0.7661379269479729, -0.6022499185961573], [-0.9416906372873723, -0.011392912655017143, -0.3362869982418849], [0.2507808429735371, 0.642575192824231, -0.724020780340167]]	0.7216913070042382	0.2783086929957618	[[0.16190306462765103, -0.5529150818446003, -0.4346385308948567], [-0.6796099468175779, -0.00822216602458448, -0.2426954032897179], [0.18098635433719656, 0.46374093075781964, -0.5225195032619235]]	0.7775389995601223	0.3656359223073242	[[0.2278439921485783, -0.5860785439994936, -0.3641396314179802], [-0.83694384950744, -0.01518829543562751, -0.15676495253379366], [0.14865021393380665, 0.3641396314179802, -0.5318044017188571]]	[[0.05341214618543663, 0.009623573244699327, 0.10413316777244094], [-0.10474265349588245, -0.006329861527769619, 0.10471130364427816], [-0.046341671820681545, -0.13548764115272505, 0.031149991487575333]]	0.6128124996800756	[[0.6616536403080269, -0.4678597758585705, -0.4678597758585704], [-0.7071067811865475, -0.5000000000000001, -0.5], [0.0, 0.6616536403080268, -0.6616536403080269]]
5	[[0.5319609947059123, -0.8460851799387872, 0.03402011756955908], [-0.703274286200726, -0.4190807785627857, 0.5742617690636116], [-0.47161719485230363, -0.3294103357928521, -0.8179645788128509]]	0.8095019243179918	0.1904980756820082	[[0.43062344887654913, -0.6849075812973825, 0.027539350638082404], [-0.5693018880028496, -0.3392466966912571, 0.4648660071192478], [-0.3817750267743932, -0.26665830071454966, -0.6621439005729586]]	0.8694576973818854	0.1713312654133467	[[0.5235300644640578, -0.7201777299878188, 0.0050439460748913124], [-0.5938464607081946, -0.3903733691484391, 0.5691387658405285], [-0.38023288175013803, -0.37019165873756554, -0.7151337839129276]]	[[0.0610124829100779, 0.015457542350697236, -0.02453510701179855], [0.01762078079977765, -0.02600036040223163, 0.06984245041603285], [0.029818318531849863, -0.08378330668531865, -0.00394818467836268]]	0.306375873062497	[[0.6616536403080269, -0.6616536403080268, 0.0], [-0.5, -0.5000000000000001, 0.7071067811865475], [-0.4678597758585704, -0.4678597758585705, -0.6616536403080269]]
