5	[[0.22433838825039393, -0.7661379269479729, -0.6022499185961573], [-0.9416906372873723, -0.011392912655017143, -0.3362869982418849], [0.2507808429735371, 0.642575192824231, -0.724020780340167]]	0.6753271427556289	0.3246728572443713	[[0.15150180274754158, -0.5173937371624953, -0.4067157167503529], [-0.6359492474390085, -0.0076939431509772255, -0.22710373766855924], [0.1693591101431668, 0.4339484689756352, -0.4889508848828259]]	0.758982062318406	0.3966630969462189	[[0.19030429411179883, -0.5181821998004467, -0.39249211095190206], [-0.842229029668414, 0.03246642023607173, -0.17121900191507122], [0.15132907880802096, 0.39249211095190206, -0.44567974059137117]]	[[0.020035481540327544, 0.06330274401487407, 0.06460477429530152], [-0.12750272771411003, 0.041113436578790116, 0.0840167975414208], [-0.03900908258198263, -0.09521093409248023, 0.10383904443259043]]	0.640875278057845	[[0.6059656918554324, -0.4284824498773741, -0.428482449877374], [-0.7071067811865475, -0.5000000000000001, -0.5], [0.0, 0.6059656918554324, -0.6059656918554324]]
5	[[0.5319609947059123, -0.8460851799387872, 0.03402011756955908], [-0.703274286200726, -0.4190807785627857, 0.5742617690636116], [-0.47161719485230363, -0.3294103357928521, -0.8179645788128509]]	0.7461202519068737	0.25387974809312636	[[0.39690687137460634, -0.6312812875906003, 0.025383098690900885], [-0.5247271875797124, -0.3126846560705945, 0.42846833579422877], [-0.35188314022681394, -0.24577972272249068, -0.6102999375947442]]	0.8159789326614647	0.22825740132255057	[[0.4721949653349805, -0.6716422860468486, 0.004651597299083957], [-0.6035802729849955, -0.38477872708485766, 0.5548404737730753], [-0.3397004097283492, -0.33312205774128667, -0.6674418639745947]]	[[0.03812600065731912, 0.01874539602028614, -0.023108101924342407], [-0.029723271562673723, -0.04281764069426004, 0.0862549683842649], [0.04512928555202757, -0.06433016353338057, 9.54362723645757e-18]]	0.3442242956543336	[[0.6059656918554324, -0.6059656918554324, 0.0], [-0.5, -0.5000000000000001, 0.7071067811865475], [-0.428482449877374, -0.4284824498773741, -0.6059656918554324]]
5	[[-0.30792515101507295, 0.09349718223056193, 0.9468053539599837], [0.3027085282091916, -0.9338174967034747, 0.1906631317268273], [0.9019698710720718, 0.34531602882779927, 0.2592434992682147]]	0.7366429221905038	0.26335707780949635	[[-0.2268308830596955, 0.06887403753489917, 0.6974574626866966], [0.2229880947920054, -0.6878900495642685, 0.14045064650924302], [0.6644297215543229, 0.2543746085549302, 0.19096988885982938]]	0.8417609858758779	0.2703449306544071	[[-0.24893709373142703, 0.07614168807580571, 0.7357887181378344], [0.2446019488782023, -0.8497515664892284, 0.11812985702881446], [0.6730655045172517, 0.25910784093722194, 0.17279540565562132]]	[[0.010262284962999354, -0.0025605922152086968, -0.061195090044080774], [-0.010206280260202788, -0.06370042983596746, -0.042362928703742087], [-0.08617754338671407, -0.03156571992760947, -0.04542565787030349]]	0.47131937141554886	[[0.0, 0.0, 0.9696], [0.0, -1.0, 0.0], [0.9696, 0.0, 0.0]]
5	[[0.8489524140446696, -0.5135124485683378, 0.12483895166604869], [0.522794976890395, 0.7815435453534784, -0.34040431673891397], [0.0772347773085365, 0.35425224329800037, 0.9319550081910795]]	0.7986009093380789	0.20139909066192116	[[0.6779741698408304, -0.4100915083830981, 0.09969650032131898], [0.4175045439420494, 0.624141386006594, -0.2718471968903041], [0.06167976339112127, 0.28290616363283744, 0.7442601170035728]]	0.8961894855787136	0.17492084419419218	[[0.734138902139484, -0.46377634157077474, 0.06454856141284075], [0.507881819500455, 0.6666170291574582, -0.29697587017184357], [0.021846959927327565, 0.28540177494414776, 0.8153505033634679]]	[[-0.026683325084015476, -0.0035718844500504145, -0.047330794460941294], [0.039358458097916466, -0.03379407871023961, 0.008090899335177117], [-0.04737003541759626, -0.03207536074219252, -0.019857776009801337]]	0.43672123714157945	[[0.6856107350384766, -0.6856107350384765, 0.0], [0.7071067811865475, 0.7071067811865476, 0.0], [0.0, 0.0, 0.9696]]
5	[[-0.42203838922340475, -0.825029846081567, 0.3757783270710803], [0.2588054115689476, 0.28760896992378115, 0.9221175843470338], [-0.8688517462515349, 0.4864224845687207, 0.09214016247897017]]	0.7147033067075276	0.2852966932924725	[[-0.3016322323354859, -0.5896515591268984, 0.2685700129467239], [0.18496908344212948, 0.20555508184327223, 0.6590404867059826], [-0.6209712160845817, 0.347647758178156, 0.06585287880428885]]	0.8378418875882573	0.2670599476159529	[[-0.27324235281531395, -0.6105910834003917, 0.32621849040289647], [0.26098956801180556, 0.2344126279607703, 0.8299091748772404], [-0.710011889529287, 0.3629334529167459, 0.023489588249405405]]	[[0.08035908784633114, 0.08065348015723797, 0.011375667534905013], [0.04415155346482274, -0.0065582142874848655, 0.05732043742959736], [0.01794849758445275, -0.04461167971968108, -0.05370929940466368]]	0.5053186873134846	[[-0.4419167181078527, -0.4419167181078528, 0.6249646161875334], [0.5, 0.5000000000000001, 0.7071067811865475], [-0.6249646161875334, 0.6249646161875333, 0.0]]
5	[[-0.8305561570912853, 0.32773595720904825, 0.4502950280316503], [-0.5100865793185324, -0.772219296347621, -0.37879947194723407], [0.22358030216652452, -0.5443036842615101, 0.808545204538665]]	0.7223787569799025	0.27762124302009744	[[-0.5999761243616073, 0.23674949338629078, 0.32528356262373387], [-0.3684757091202519, -0.5578348154114895, -0.27363669168988636], [0.16150966076424494, -0.39319341885641096, 0.584075879816702]]	0.7846548240161748	0.3621455152072835	[[-0.6347059156645855, 0.25966945014778875, 0.1956210072007373], [-0.5652879212537463, -0.6242193360466575, -0.30236223663509165], [0.17089452120718832, -0.2826750938801143, 0.6149346201711762]]	[[0.016993979613427572, 0.002509850320150376, -0.1577051587747958], [-0.16504602612555058, -0.018293739969120495, -0.005135403636914917], [-0.004538841442769114, 0.14441541770545643, -0.01949427500523202]]	0.42606241171994175	[[-0.6059656918554324, 0.4284824498773741, 0.428482449877374], [-0.7071067811865475, -0.5000000000000001, -0.5], [0.0, -0.6059656918554324, 0.6059656918554324]]
5	[[-0.3195682178843842, -0.5708200961323295, -0.7563336379995778], [0.910087742671785, 0.03735879733279218, -0.41272826520656647], [0.2638493031197415, -0.8202248094963509, 0.507557688474819]]	0.7307834122482287	0.2692165877517713	[[-0.23353515271163575, -0.4171458576314457, -0.552716076775448], [0.665077026034975, 0.02730118939234794, -0.30161496997894666], [0.19281669405316196, -0.5994066850943967, 0.3709147394964517]]	0.7857131008355606	0.23957060362150961	[[-0.2917016939522525, -0.4655554073422607, -0.5767873329863605], [0.7736801234152239, 0.0030418664821057276, -0.3153079253513289], [0.18661798942721694, -0.6131259919226063, 0.42650800249538945]]	[[-0.04061275854981904, -0.017054579590875363, 0.017473914992527873], [0.05861226108813976, -0.026311430013729736, 0.008978079706604001], [-0.020691864680296896, 0.03133538652902845, 0.027713277230909925]]	0.5120006899996894	[[1.711131481359349e-16, -0.6059656918554324, -0.6059656918554324], [1.0, 1.2684108950145333e-16, 1.268410895014533e-16], [0.0, -0.6059656918554324, 0.6059656918554324]]
5	[[0.034229894132735264, 0.2773841392786001, 0.9601491309293217], [-0.1827544195208179, -0.9427759796974285, 0.2788803941677556], [0.9825625356654255, -0.18501754344446375, 0.018422055382213542]]	0.8625135624383227	0.13748643756167722	[[0.02952374793031214, 0.23924758213307326, 0.828141647389909], [-0.1576281654322484, -0.813157068830109, 0.24053812226783455], [0.8474735129552178, -0.15958014050987157, 0.01588927261514908]]	0.914612388542863	0.13077705030942977	[[0.009053669734691442, 0.23436562680610332, 0.8533542776542883], [-0.16517594204523017, -0.8264925023805831, 0.2537082118809835], [0.886227754635706, -0.15875218562856092, 0.0]]	[[-0.022253415497618882, -0.01933334336340337, -0.02481001234233271], [0.0019735141094694812, 0.03578208827131986, -0.0013592515465625367], [-0.012436113001980857, 0.010467151703513014, -0.016849040074995224]]	0.3513500596504626	[[0.0, 0.0, 0.9696], [0.0, -1.0, 0.0], [0.9696, 0.0, 0.0]]
5	[[-0.5446221603179724, 0.8109226453022452, -0.2139887049042392], [-0.8354447797583356, -0.5021691245819775, 0.22328947644507607], [0.07361197229480154, 0.30038414347728, 0.9509735242804028]]	0.7629829371144607	0.23701706288553936	[[-0.4155374154970292, 0.618720141685335, -0.16326973057715605], [-0.6374301118569587, -0.38314647360175474, 0.17036606056481432], [0.056164678828275985, 0.22918797605290664, 0.7255765726735517]]	0.8387205721253476	0.19061780199597814	[[-0.47395964033917165, 0.6629636745721602, -0.11985444283828246], [-0.7598361012850355, -0.4544168023324075, 0.2073177736581478], [0.04639995104398145, 0.1970451374755969, 0.8147748888056567]]	[[-0.01717383044513919, -0.01717383044513919, 0.05962228616736321], [-0.059131377626989265, -0.03323722685932642, 0.020040296224564283], [-0.015339924474389713, -0.0548932231990498, 0.01717383044513919]]	0.39829492142407275	[[-0.6647681686933068, 0.6647681686933067, 0.0], [-0.7071067811865475, -0.7071067811865476, 0.0], [0.0, 0.0, 0.94012416]]
5	[[0.8592155572171323, 0.2624339665249735, -0.4391776855101157], [-0.4266000482917053, 0.8413623931712975, -0.33184593135155627], [0.2824199444684594, 0.4724804086637203, 0.8348660002631537]]	0.7485487387368938	0.2514512612631063	[[0.6431647216580016, 0.1964446146439891, -0.32874590256998526], [-0.31933092809385405, 0.6298007582290291, -0.24840285336817727], [0.21140509322600887, 0.35367461398311995, 0.624937891511299]]	0.8053702207761346	0.23618423652114726	[[0.7111964823467934, 0.17409242117335819, -0.3112595174388364], [-0.3461292844990565, 0.7317945420760059, -0.3957446787934366], [0.22078838772432557, 0.38249701404791997, 0.6733578240286957]]	[[0.019209859336542068, -0.03726408038601647, 0.04244111210039728], [-0.0025583094232560846, 0.05418632573490108, -0.12848584779717168], [-0.006664225303821256, 0.001975363010021207, 0.0009816090782712016]]	0.4539069948323679	[[0.7314652958050903, -0.1254996039496579, -0.428482449877374], [-0.14644660940672619, 0.8535533905932737, -0.5], [0.428482449877374, 0.4284824498773741, 0.6059656918554324]]
5	[[0.8787972042104137, -0.3840163418041313, 0.28327887866788265], [-0.395223040501579, -0.9183905790867732, -0.018907472103605397], [0.2674214316928388, -0.09534250611366366, -0.9588511794847616]]	0.7225289385827242	0.2774710614172761	[[0.6349564111876156, -0.2774629198421596, 0.20467718752680955], [-0.285560083957043, -0.6635637703119399, -0.013661195750300472], [0.19321972319529926, -0.06888771974412228, -0.6927977249719176]]	0.8390367633901731	0.25748023435140927	[[0.6868099532448311, -0.30912489483953576, 0.1386933819193892], [-0.35854119711896865, -0.8404863936273269, -0.026558714768981972], [0.12711679757618108, -0.052916836340197816, -0.8045113902077443]]	[[-0.050533208652207354, 0.013078933676737027, -0.09898801157490857], [-0.026934536399300484, -0.06992293462233404, -0.010694650571282927], [-0.09725961493254462, 0.02707903140291833, 0.0]]	0.4808694436789504	[[0.6647681686933068, -0.6647681686933067, 0.0], [-0.7071067811865475, -0.7071067811865476, 0.0], [0.0, 0.0, -0.94012416]]
5	[[0.3802729664721569, 0.7767473726770865, -0.5020517802076895], [0.4287143634067757, 0.332951791095048, 0.839849450446521], [0.8195098935212374, -0.5346088512602871, -0.20639019011321075]]	0.7283069444169918	0.2716930555830084	[[0.2769554422557218, 0.5657105055783752, -0.36564779798217345], [0.3122356480404646, 0.242491101610599, 0.6116681870249957], [0.5968547464699466, -0.3893593389196578, -0.15031540871899457]]	0.8375303886930636	0.25931353316488415	[[0.346535589105477, 0.5743211795582828, -0.4265880418058762], [0.4049088134715504, 0.29353830509595247, 0.7166787335752045], [0.6399096032256546, -0.4265880418058761, -0.07795131718506709]]	[[0.02804542368658703, -0.07622834939627335, -0.00610441918448555], [0.04584750604917422, 0.01468106208406525, 0.013279296899073825], [-0.04645483643299864, 0.021163117188904335, 0.09490673896288561]]	0.3865771828928531	[[0.4419167181078527, 0.4419167181078528, -0.6249646161875334], [0.5, 0.5000000000000001, 0.7071067811865475], [0.6249646161875334, -0.6249646161875333, 0.0]]
5	[[0.08740825448676931, -0.06334395238859675, -0.994156597696443], [0.7119981850616444, -0.6940087028176986, 0.10681996481098455], [-0.6967197295301035, -0.717174639895393, -0.015561310176609944]]	0.8243660802837711	0.1756339197162289	[[0.07205640013570437, -0.05221860574026934, -0.8195489776312667], [0.5869471529884268, -0.5721172340246508, 0.08805875568728172], [-0.5743521124891007, -0.5912144467694902, -0.012828216274371898]]	0.92686601660518	0.12408356900198902	[[0.05635601855111355, -0.056356018551113565, -0.8746468150706845], [0.6844062295459943, -0.6717360259872892, 0.09017473484323277], [-0.6338936923808342, -0.6450920419296768, 0.0]]	[[-0.02465972210345018, 0.002355338275333275, 0.046803150517976275], [0.024479307927790198, -0.02848294411732083, -0.008833060435029981], [0.011872148018971285, 0.019632759760420324, 0.01442324957655211]]	0.15913947982387144	[[0.0, 0.0, -0.911544385536], [0.7071067811865475, -0.7071067811865476, 0.0], [-0.6445592163650303, -0.6445592163650302, 0.0]]
5	[[0.04673222253661188, -0.9725397674033924, -0.22799671093185395], [-0.8377629715199755, -0.16246744520517667, 0.5213036857710898], [-0.5440306084466285, 0.16664552219444034, -0.8223502702654952]]	0.662182452221039	0.33781754777896095	[[0.030945257717033006, -0.6439987680616572, -0.1509754211431864], [-0.5547519388610818, -0.10758309127205125, 0.3451981529957661], [-0.3602475223844924, 0.11034974053837006, -0.5445459185490398]]	0.7786704935816479	0.3701334343860371	[[-0.028314685145300427, -0.830889027039352, -0.14821584984706188], [-0.683897157277456, -0.14875266787940308, 0.27280250517516125], [-0.28880447064739884, 0.036408405272468455, -0.6031360495016563]]	[[-0.06470368793405153, -0.07360100632757148, 0.02931846158923712], [-0.03155585073956873, -0.022244062130538762, -0.13312129313014542], [0.13481611175526162, -0.09335354574784785, 0.037203841342978244]]	0.6327571522088893	[[1.8201122300264563e-16, -0.911544385536, 0.0], [-1.0, -1.7938038903913487e-16, 0.0], [0.0, 0.0, -0.911544385536]]
