5	[[0.034229894132735264, 0.2773841392786001, 0.9601491309293217], [-0.1827544195208179, -0.9427759796974285, 0.2788803941677556], [0.9825625356654255, -0.18501754344446375, 0.018422055382213542]]	0.867539850577015	0.13246014942298515	[[0.02969579724118019, 0.2406417947421907, 0.8329676335780745], [-0.15854674180337944, -0.8178957325543059, 0.24193985548515373], [0.8524121553737561, -0.16051009199393648, 0.015981867173607032]]	0.9311059136578452	0.12295823820353503	[[0.01129744605941854, 0.24256413771505597, 0.8829712506023574], [-0.16355038929486582, -0.8278702211376432, 0.2520076573229176], [0.9169840386822995, -0.1651295588163274, 0.0]]	[[-0.02057421079145324, -0.015709874722139947, -0.011029283199374813], [0.006613331468074455, 0.049954068813201156, -0.0076595268899104976], [0.002114251185574432, 0.007141370015260089, -0.017152884708111365]]	0.3422459580221848	[[0.0, 0.0, 0.9907999999999999], [0.0, -1.0, 0.0], [0.9907999999999999, 0.0, 0.0]]
5	[[0.04673222253661188, -0.9725397674033924, -0.22799671093185395], [-0.8377629715199755, -0.16246744520517667, 0.5213036857710898], [-0.5440306084466285, 0.16664552219444034, -0.8223502702654952]]	0.7213902234066192	0.2786097765933809	[[0.03371216845597433, -0.7015806800789546, -0.16447459823510452], [-0.6043540171865881, -0.11720242659286509, 0.3760633823411004], [-0.3924583621673523, 0.12021645048556001, -0.5932354451853191]]	0.8066981331936695	0.32636588253267323	[[-0.027986124227150563, -0.8959078297541563, -0.15073190577670392], [-0.6730441055243771, -0.14276234107998054, 0.2893066303064407], [-0.3256801984422991, 0.03833864218413545, -0.6294016905411539]]	[[-0.06568492090742636, -0.11136181493323416, 0.03319261530631933], [0.0027777196595682174, -0.011700156328219894, -0.13122807983207666], [0.11318827779181229, -0.09609398947520381, 0.0339867373133306]]	0.6137952290778913	[[1.9421301981193598e-16, -0.9726531413119998, 0.0], [-1.0, -1.7938038903913487e-16, 0.0], [0.0, 0.0, -0.9726531413119998]]
5	[[0.08740825448676931, -0.06334395238859675, -0.994156597696443], [0.7119981850616444, -0.6940087028176986, 0.10681996481098455], [-0.6967197295301035, -0.717174639895393, -0.015561310176609944]]	0.9229865215029416	0.07701347849705852	[[0.08067664075938709, -0.05846561427339886, -0.9175931399370392], [0.6571647281464548, -0.6405606785064762, 0.09859338774795723], [-0.6430629196214606, -0.6619425261871735, -0.014362879549937538]]	0.9586729054342522	0.06519441780401426	[[0.0637521889102796, -0.06375218891027962, -0.9340489787440344], [0.6821621065868884, -0.6692372153748319, 0.0935548069399239], [-0.6767507348675698, -0.6892471084253278, 0.0]]	[[-0.02004373637748803, -0.003026058032214635, 0.019022015226245872], [-0.0004112621500725112, -0.0039098758479325, -0.00885059908380724], [-0.00882440748557898, -0.0017112126930477725, 0.014918206439374249]]	0.12251211616356117	[[0.0, 0.0, -0.9726531413119998], [0.7071067811865475, -0.7071067811865476, 0.0], [-0.6877696319641123, -0.6877696319641122, 0.0]]
5	[[-0.8305561570912853, 0.32773595720904825, 0.4502950280316503], [-0.5100865793185324, -0.772219296347621, -0.37879947194723407], [0.22358030216652452, -0.5443036842615101, 0.808545204538665]]	0.7986155138307025	0.2013844861692976	[[-0.6632950321607105, 0.26173501986730113, 0.35961259518690697], [-0.40736305564061515, -0.6167063101426388, -0.3025151349279392], [0.1785546978971427, -0.4346893664864503, 0.6457167439779964]]	0.8415780210250075	0.2173287937275604	[[-0.6984933839504258, 0.3366773402878038, 0.4020612081211841], [-0.4968739724977494, -0.6374817332734439, -0.37224676165754034], [0.0694860710753511, -0.499233321965225, 0.6906243792191846]]	[[0.0004844230845934286, 0.06086196200107643, 0.023102809552907555], [-0.0675963185234434, 0.01240105394411091, -0.05345745169086925], [-0.11867419716212584, -0.04115930452780287, 0.010170506074275065]]	0.38040318925941763	[[-0.675172883557622, 0.4774193244368697, 0.4774193244368696], [-0.7071067811865475, -0.5000000000000001, -0.5], [0.0, -0.6751728835576218, 0.675172883557622]]
5	[[-0.42203838922340475, -0.825029846081567, 0.3757783270710803], [0.2588054115689476, 0.28760896992378115, 0.9221175843470338], [-0.8688517462515349, 0.4864224845687207, 0.09214016247897017]]	0.8157711046216088	0.18422889537839127	[[-0.34428672296950136, -0.6730355088837559, 0.30654910096763544], [0.2111259764776505, 0.23462308709380614, 0.7522368803737894], [-0.7087841487920283, 0.3968094075494128, 0.07516528212548401]]	0.8729190581300444	0.2081040150436071	[[-0.2937397618919341, -0.670204849890977, 0.3454282285121797], [0.2538532929567527, 0.23066169238413647, 0.830399505837151], [-0.7786800322768641, 0.39327625648844716, 0.02213449858736979]]	[[0.07466559132368143, 0.049979426279720233, 0.017404165179608425], [0.02793711685102846, -0.02039765875148293, 0.025465492623786595], [-0.020242784284329893, -0.03133120059455668, -0.058296405259722094]]	0.48371903540537986	[[-0.4818523662059645, -0.4818523662059646, 0.6814421513500424], [0.5, 0.5000000000000001, 0.7071067811865475], [-0.6814421513500424, 0.6814421513500423, 0.0]]
5	[[-0.30792515101507295, 0.09349718223056193, 0.9468053539599837], [0.3027085282091916, -0.9338174967034747, 0.1906631317268273], [0.9019698710720718, 0.34531602882779927, 0.2592434992682147]]	0.7842006832809545	0.21579931671904556	[[-0.24147511382541134, 0.07332055419005057, 0.7424854055094853], [0.23738423465661998, -0.7323003189745756, 0.1495181581766646], [0.7073253891935531, 0.2707970657546259, 0.20329892926227966]]	0.8592173741766286	0.2500281884298904	[[-0.26427165686711435, 0.08236175623495778, 0.7555284294050776], [0.24308262319049934, -0.8497089978890205, 0.11975195240847068], [0.6911165813235124, 0.27198106990437415, 0.18190990063215656]]	[[0.0003029828309985161, 0.002027352825900634, -0.05798318068079319], [-0.017009803558274146, -0.04735678041126849, -0.04406912298614653], [-0.0838716028854655, -0.024720461646148568, -0.04083661808143964]]	0.46764590156026614	[[0.0, 0.0, 0.9907999999999999], [0.0, -1.0, 0.0], [0.9907999999999999, 0.0, 0.0]]
5	[[0.5319609947059123, -0.8460851799387872, 0.03402011756955908], [-0.703274286200726, -0.4190807785627857, 0.5742617690636116], [-0.47161719485230363, -0.3294103357928521, -0.8179645788128509]]	0.8189224087361932	0.18107759126380685	[[0.435634779138267, -0.692878113551467, 0.027859836625551818], [-0.5759270724577255, -0.3431946406356756, 0.4702758311666803], [-0.3862178892098551, -0.2697615056500808, -0.6698495231423056]]	0.8824918203425889	0.16109762772226527	[[0.5329040942887903, -0.7297963236394415, 0.001116953083234263], [-0.5909637980333639, -0.3934943391236253, 0.5773161872818406], [-0.3905925055557202, -0.37682009879367895, -0.7286793705562074]]	[[0.06345286771951544, 0.016866926969625655, -0.028905522398994826], [0.029670006996049617, -0.023658979979163056, 0.07053487334773864], [0.025605811234354646, -0.08611817192018137, -0.0068323204238956575]]	0.29841759091774767	[[0.675172883557622, -0.6751728835576218, 0.0], [-0.5, -0.5000000000000001, 0.7071067811865475], [-0.4774193244368696, -0.4774193244368697, -0.675172883557622]]
5	[[0.3802729664721569, 0.7767473726770865, -0.5020517802076895], [0.4287143634067757, 0.332951791095048, 0.839849450446521], [0.8195098935212374, -0.5346088512602871, -0.20639019011321075]]	0.8152602434497306	0.18473975655026964	[[0.31002143122344183, 0.6332512521476602, -0.40930285655649157], [0.34951377628140423, 0.27144235826517277, 0.6846958674321529], [0.6681138353015867, -0.4358453422288424, -0.16826171663733236]]	0.8758834564207765	0.20963569865356418	[[0.34312103107490854, 0.6427183136421015, -0.439738848550515], [0.404403402535117, 0.3018698055721153, 0.7206351650037823], [0.6918124499346876, -0.45151491454778164, -0.08815344206661269]]	[[0.010046230817893763, -0.0376218599040621, 1.8454967953189192e-18], [0.028899584097157423, 0.010242839966296442, -0.014975074526405984], [-0.025982708173716167, 0.016740133927219358, 0.09262031102108756]]	0.36949370962637207	[[0.4818523662059645, 0.4818523662059646, -0.6814421513500424], [0.5, 0.5000000000000001, 0.7071067811865475], [0.6814421513500424, -0.6814421513500423, 0.0]]
5	[[0.8787972042104137, -0.3840163418041313, 0.28327887866788265], [-0.395223040501579, -0.9183905790867732, -0.018907472103605397], [0.2674214316928388, -0.09534250611366366, -0.9588511794847616]]	0.7827953268732237	0.2172046731267764	[[0.687918344725166, -0.30060619780722453, 0.2217493824231055], [-0.30937874917726293, -0.7189118535535198, -0.014800680805688133], [0.20933624703490117, -0.07463366823815767, -0.75058422246755]]	0.8574166769338093	0.23638048147736135	[[0.7005945572011214, -0.3181574087524055, 0.15346178009291403], [-0.3594557610522798, -0.8406727341099511, -0.025194285115300495], [0.13908244299814432, -0.059447633345598765, -0.8221349919878879]]	[[-0.052900821331693805, 0.01110460692557063, -0.08942625470003768], [-0.020584935017739465, -0.05322933566205324, -0.008982703215008457], [-0.09020915230481116, 0.022300621416920116, 0.0]]	0.47163021580853864	[[0.6941558659306746, -0.6941558659306745, 0.0], [-0.7071067811865475, -0.7071067811865476, 0.0], [0.0, 0.0, -0.9816846399999998]]
5	[[0.8489524140446696, -0.5135124485683378, 0.12483895166604869], [0.522794976890395, 0.7815435453534784, -0.34040431673891397], [0.0772347773085365, 0.35425224329800037, 0.9319550081910795]]	0.8670904208299641	0.13290957917003587	[[0.7361185059586066, -0.4452617251305454, 0.10824665913608575], [0.453310516519684, 0.6776689216374896, -0.2951613222534813], [0.06696953555916749, 0.307168726721222, 0.8080892602469958]]	0.9165901878700443	0.14055253204900747	[[0.7725431921050382, -0.48072203832723687, 0.055814661521983173], [0.5010075925480943, 0.6723606807921851, -0.28998369545010017], [0.025025234668441802, 0.2939600668319026, 0.8551851641266219]]	[[-0.00559826057689323, -0.010041566620377645, -0.05861149663909976], [0.02181884646261179, -0.04399446427198015, 0.02202756118139507], [-0.04576740437489072, -0.03074406340599619, 0.0009643480823316244]]	0.42984032596101823	[[0.7006013987996312, -0.7006013987996311, 0.0], [0.7071067811865475, 0.7071067811865476, 0.0], [0.0, 0.0, 0.9907999999999999]]
5	[[0.8592155572171323, 0.2624339665249735, -0.4391776855101157], [-0.4266000482917053, 0.8413623931712975, -0.33184593135155627], [0.2824199444684594, 0.4724804086637203, 0.8348660002631537]]	0.8410052348080345	0.15899476519196565	[[0.7226047814481104, 0.2207083396389393, -0.369350732524884], [-0.35877287378268446, 0.7075901770276768, -0.2790841654164065], [0.23751665171216874, 0.3973584970304281, 0.7021266765845582]]	0.872406569212987	0.1665040293274408	[[0.760324764379428, 0.14718787809331965, -0.37179793080249385], [-0.3586806375399908, 0.758067488880238, -0.38007476959801484], [0.30438925469058814, 0.40278204925974215, 0.7426511766556178]]	[[0.010739467893204686, -0.08176123828768841, 0.011343567088286426], [0.013488047016270282, 0.02405740998883827, -0.09057019912031522], [0.05800423985953715, -0.00941296308292417, 0.014308593613471216]]	0.4230870610592779	[[0.8150057662156807, -0.1398328826580587, -0.4774193244368696], [-0.14644660940672619, 0.8535533905932737, -0.5], [0.4774193244368696, 0.4774193244368697, 0.675172883557622]]
5	[[0.22433838825039393, -0.7661379269479729, -0.6022499185961573], [-0.9416906372873723, -0.011392912655017143, -0.3362869982418849], [0.2507808429735371, 0.642575192824231, -0.724020780340167]]	0.732385207917626	0.2676147920823741	[[0.16430211712266987, -0.5611080849213702, -0.44107893184942], [-0.6896802931837938, -0.008344000703632068, -0.2462916231273772], [0.18366817982293143, 0.47061256619928316, -0.5302621097461151]]	0.7829326823075983	0.357942998007803	[[0.23168311610687747, -0.5933397970670641, -0.36955349527515213], [-0.8363946147189307, -0.016091237078317694, -0.15694017664786933], [0.1512439909411158, 0.36955349527515213, -0.5380620949902774]]	[[0.05604126004943311, 0.006494625095895042, 0.1019676489108701], [-0.09911423816357663, -0.007171353414028865, 0.10634990491082022], [-0.045100527119516155, -0.1335396240270454, 0.028797436607890026]]	0.6065315629836906	[[0.675172883557622, -0.4774193244368697, -0.4774193244368696], [-0.7071067811865475, -0.5000000000000001, -0.5], [0.0, 0.6751728835576218, -0.675172883557622]]
5	[[-0.3195682178843842, -0.5708200961323295, -0.7563336379995778], [0.910087742671785, 0.03735879733279218, -0.41272826520656647], [0.2638493031197415, -0.8202248094963509, 0.507557688474819]]	0.8124007725593586	0.18759922744064145	[[-0.25961746709469113, -0.46373468709031185, -0.6144460318234874], [0.739355985243361, 0.030350315815048903, -0.33530076151089844], [0.21435137769372634, -0.6663512689071881, 0.41234025823538517]]	0.845438582830311	0.17984205020871577	[[-0.27799223551343677, -0.5256874628434026, -0.6506754562497469], [0.8058036577162492, 0.0058167088394393135, -0.2829981127959213], [0.17243267076700436, -0.6917511004824227, 0.46992654140828516]]	[[-0.007816934267654976, -0.04309412971822401, -0.011241817192490493], [0.03638036630057835, -0.02576785983384134, 0.06593828683433102], [-0.050635710143315034, 0.0016986000604340377, 0.040817688559505766]]	0.4751767685709596	[[1.906559384373932e-16, -0.675172883557622, -0.6751728835576218], [1.0, 1.2684108950145333e-16, 1.268410895014533e-16], [0.0, -0.6751728835576218, 0.675172883557622]]
5	[[-0.5446221603179724, 0.8109226453022452, -0.2139887049042392], [-0.8354447797583356, -0.5021691245819775, 0.22328947644507607], [0.07361197229480154, 0.30038414347728, 0.9509735242804028]]	0.8492904699833711	0.15070953001662896	[[-0.46254241049980965, 0.6887088745489024, -0.18173856775925423], [-0.7095352896461108, -0.42648745182736564, 0.18963762439237952], [0.06251794654665489, 0.2551133903893715, 0.8076527513778461]]	0.867023288627875	0.13803844249800812	[[-0.4724451529226445, 0.7028437623286303, -0.16757626500516365], [-0.7370348133353701, -0.448576315683225, 0.19359717618340633], [0.07652075819789225, 0.24774258403286936, 0.8248627545381985]]	[[-0.00024505642413828955, -0.0002450564241382895, 0.01795692565012972], [-0.012684732922306995, -0.01318398984077786, 0.0], [0.012697463896469379, -0.012697463896469377, 0.00034656211856302254]]	0.3852994420930257	[[-0.6941558659306746, 0.6941558659306745, 0.0], [-0.7071067811865475, -0.7071067811865476, 0.0], [0.0, 0.0, 0.9816846399999998]]
