5	[[0.034229894132735264, 0.2773841392786001, 0.9601491309293217], [-0.1827544195208179, -0.9427759796974285, 0.2788803941677556], [0.9825625356654255, -0.18501754344446375, 0.018422055382213542]]	0.8642162440446008	0.1357837559553992	[[0.029582030541436797, 0.23971987900489625, 0.8297764756544262], [-0.15793933802083254, -0.8147623161495805, 0.24101296678533554], [0.8491465041117132, -0.1598951664779332, 0.015920639509998207]]	0.9184378664851762	0.12743811434058067	[[0.009034995755612646, 0.23652795487728248, 0.8599893189056292], [-0.16490826658287744, -0.826724900115135, 0.2534148295807163], [0.8932060529768784, -0.16007808276269062, 0.0]]	[[-0.02240303518167018, -0.01823214219858199, -0.02184800041269322], [0.0029403125725594084, 0.03915625925164314, -0.0027194846432621574], [-0.009216585967939984, 0.009849035100771071, -0.01691951324151196]]	0.34926000167788956	[[0.0, 0.0, 0.9743999999999999], [0.0, -1.0, 0.0], [0.9743999999999999, 0.0, 0.0]]
5	[[-0.8305561570912853, 0.32773595720904825, 0.4502950280316503], [-0.5100865793185324, -0.772219296347621, -0.37879947194723407], [0.22358030216652452, -0.5443036842615101, 0.808545204538665]]	0.7421464063251716	0.25785359367482835	[[-0.616394267236542, 0.24322806286623538, 0.3341848368397816], [-0.37855892175594846, -0.5730997756793397, -0.28112466682351245], [0.1659293177779822, -0.40395302322423066, 0.6000589178998211]]	0.7968726722579901	0.25377171001265497	[[-0.6676468806248085, 0.3297871851581042, 0.3527427820079711], [-0.4954232871331735, -0.6230361053625633, -0.36815234475997777], [0.05417125413144716, -0.4722087918228719, 0.6523065065443108]]	[[-0.005799376263148847, 0.06862335714189954, -0.006085020284096628], [-0.08894923158867733, -0.007675651112849797, -0.06629739729946982], [-0.12399377872024012, -0.03846806042553297, 0.00799892876220159]]	0.41545496663476406	[[-0.6211140860893518, 0.4391939821642657, 0.4391939821642656], [-0.7071067811865475, -0.5000000000000001, -0.5], [0.0, -0.6211140860893517, 0.6211140860893518]]
5	[[-0.30792515101507295, 0.09349718223056193, 0.9468053539599837], [0.3027085282091916, -0.9338174967034747, 0.1906631317268273], [0.9019698710720718, 0.34531602882779927, 0.2592434992682147]]	0.7487267186936893	0.2512732813063109	[[-0.23055178792277428, 0.07000383845859455, 0.7088984659120755], [0.22664596304666404, -0.6991741101655476, 0.14275458099369007], [0.6753289419283622, 0.2585473371765736, 0.19410253454976023]]	0.8457498757399027	0.26594727657745565	[[-0.25282384517605627, 0.0775765995152405, 0.7397959166437896], [0.24412368372323484, -0.8497606743078083, 0.11858613396464268], [0.6767651203592773, 0.26187968239448456, 0.1752472456608158]]	[[0.007603813032132467, -0.001498630738288282, -0.060964593817741095], [-0.011892016395097828, -0.059984642507097716, -0.0426671860015022], [-0.08607578602106335, -0.030171306077623396, -0.044007911631654364]]	0.47042767578861583	[[0.0, 0.0, 0.9743999999999999], [0.0, -1.0, 0.0], [0.9743999999999999, 0.0, 0.0]]
5	[[0.04673222253661188, -0.9725397674033924, -0.22799671093185395], [-0.8377629715199755, -0.16246744520517667, 0.5213036857710898], [-0.5440306084466285, 0.16664552219444034, -0.8223502702654952]]	0.6752931900383694	0.32470680996163076	[[0.03155795163433166, -0.6567494819690104, -0.15396462624342766], [-0.5657356295337479, -0.1097131593499878, 0.35203282894311894], [-0.3673801650564387, 0.1125345862882935, -0.5553275373365015]]	0.7854675651992111	0.36098655177554423	[[-0.028932760274923926, -0.8441859507134857, -0.14946251562128932], [-0.6859016206636656, -0.14741162435722602, 0.2709849345916762], [-0.2915544221718776, 0.03702181255387194, -0.6144172978350868]]	[[-0.06563940532710427, -0.08028750755173598, 0.02962150578778235], [-0.027865979209814574, -0.019798715747779586, -0.13848220220031623], [0.13576397523854108, -0.09387284001554619, 0.0315121666912649]]	0.6283339643287664	[[1.8472776392643417e-16, -0.9251493027839998, 0.0], [-1.0, -1.7938038903913487e-16, 0.0], [0.0, 0.0, -0.9251493027839998]]
5	[[-0.3195682178843842, -0.5708200961323295, -0.7563336379995778], [0.910087742671785, 0.03735879733279218, -0.41272826520656647], [0.2638493031197415, -0.8202248094963509, 0.507557688474819]]	0.7536918069870325	0.24630819301296755	[[-0.24085594759290718, -0.43022242971848706, -0.570042466308978], [0.6859256752910473, 0.028157019468614486, -0.31106991199816014], [0.19886105804058726, -0.6181967188048992, 0.3825420713767476]]	0.800076301270127	0.22123796825563255	[[-0.29379192330337306, -0.478996718983049, -0.5911709209407973], [0.7754294708715603, 0.008549353746422114, -0.31266526633741454], [0.19113169975899222, -0.6272571149505206, 0.4361254151915284]]	[[-0.038112965534948966, -0.022297087778836554, 0.013953698676084175], [0.04728983588343939, -0.021340534643498592, 0.017548837518691192], [-0.01996787477375112, 0.028985316841314668, 0.03004053711537992]]	0.5032607335980533	[[1.7539076560076754e-16, -0.6211140860893518, -0.6211140860893517], [1.0, 1.2684108950145333e-16, 1.268410895014533e-16], [0.0, -0.6211140860893517, 0.6211140860893518]]
5	[[0.3802729664721569, 0.7767473726770865, -0.5020517802076895], [0.4287143634067757, 0.332951791095048, 0.839849450446521], [0.8195098935212374, -0.5346088512602871, -0.20639019011321075]]	0.7494585662699645	0.25054143373003557	[[0.284998832243449, 0.582139972280531, -0.37626700738773833], [0.32130365213818274, 0.24953357199111154, 0.6294323650142674], [0.614188709842478, -0.4006671831807675, -0.15468089597443233]]	0.8457940239101277	0.24760230432433616	[[0.3462207523101873, 0.5891920691722727, -0.4299705121354432], [0.4036580290549972, 0.29283610235773766, 0.7176386560940535], [0.652626468519894, -0.4299705121354432, -0.07997493183427445]]	[[0.024588149813460688, -0.06777621672589991, -0.0053381167423385365], [0.04105398252111166, 0.011227467199372867, 0.007299009922181238], [-0.040510101955593736, 0.022198459389965983, 0.09458865755715433]]	0.3816738520859052	[[0.45073274031636457, 0.4507327403163647, -0.6374323543609933], [0.5, 0.5000000000000001, 0.7071067811865475], [0.6374323543609933, -0.6374323543609932, 0.0]]
5	[[0.8592155572171323, 0.2624339665249735, -0.4391776855101157], [-0.4266000482917053, 0.8413623931712975, -0.33184593135155627], [0.2824199444684594, 0.4724804086637203, 0.8348660002631537]]	0.7689958279783087	0.23100417202169127	[[0.6607331788340326, 0.20181062537750388, -0.3377258078984487], [-0.32805365735166625, 0.6470041701665732, -0.25518813674092294], [0.2171797590341109, 0.3633354630638873, 0.6420084711233028]]	0.8210125342230576	0.21883632631468924	[[0.7241895082034974, 0.16667021892034423, -0.3221755378907782], [-0.34841642035116205, 0.7414567700087018, -0.39443231154961617], [0.2374680838268487, 0.38608873018905066, 0.6907911214257317]]	[[0.018762766128782905, -0.04879135700253337, 0.03839484666409889], [0.001827566396489684, 0.05068769939115823, -0.1219826424790641], [0.005597769503663627, -0.0018236074986962957, 0.005355670813012106]]	0.44606878435839825	[[0.7497510252089417, -0.1286369391195898, -0.4391939821642656], [-0.14644660940672619, 0.8535533905932737, -0.5], [0.4391939821642656, 0.4391939821642657, 0.6211140860893518]]
5	[[0.22433838825039393, -0.7661379269479729, -0.6022499185961573], [-0.9416906372873723, -0.011392912655017143, -0.3362869982418849], [0.2507808429735371, 0.642575192824231, -0.724020780340167]]	0.6886536284664336	0.3113463715335665	[[0.1544914450729453, -0.5276036632984729, -0.414741591684858], [-0.6484986742608174, -0.007845770638678704, -0.23158526154535924], [0.17270113746359725, 0.4425117381009249, -0.4985995374663548]]	0.7604250740819202	0.3896916705950776	[[0.21641027779195088, -0.563976239486414, -0.34754178185098483], [-0.8386118692136812, -0.012730869061010605, -0.15611483216045213], [0.14073213220741992, 0.3475417818509848, -0.5128841793773492]]	[[0.04581774228722649, 0.01861425036996717, 0.11042415711332848], [-0.12252669659218048, -0.004067412611310335, 0.09960623339041973], [-0.049967908889058416, -0.14108850675558535, 0.037679376149671893]]	0.6328997413276577	[[0.6211140860893518, -0.4391939821642657, -0.4391939821642656], [-0.7071067811865475, -0.5000000000000001, -0.5], [0.0, 0.6211140860893517, -0.6211140860893518]]
5	[[-0.42203838922340475, -0.825029846081567, 0.3757783270710803], [0.2588054115689476, 0.28760896992378115, 0.9221175843470338], [-0.8688517462515349, 0.4864224845687207, 0.09214016247897017]]	0.7350063795231835	0.26499362047681685	[[-0.3102009084828909, -0.6064022001669818, 0.27619946768379333], [0.19022362855829958, 0.21139442770207048, 0.6777623071655771], [-0.6386115763547364, 0.35752362930152704, 0.0677236072323457]]	0.8451901382253553	0.25444489945064086	[[-0.2763631087853796, -0.6251023718473496, 0.32560054362138086], [0.2554000760973183, 0.2308904420868191, 0.8305671311347289], [-0.7266330090627087, 0.368741867580468, 0.022094589003406946]]	[[0.08033957573875612, 0.0722047178023735, 0.007996407422081797], [0.03666029451988949, -0.012193822957913514, 0.051202442560428794], [0.007711918448967411, -0.04237761938808979, -0.05578136765830055]]	0.4998928483012415	[[-0.45073274031636457, -0.4507327403163647, 0.6374323543609933], [0.5, 0.5000000000000001, 0.7071067811865475], [-0.6374323543609933, 0.6374323543609932, 0.0]]
5	[[0.8489524140446696, -0.5135124485683378, 0.12483895166604869], [0.522794976890395, 0.7815435453534784, -0.34040431673891397], [0.0772347773085365, 0.35425224329800037, 0.9319550081910795]]	0.8143020772356934	0.18569792276430674	[[0.6913037142308307, -0.4181542535555846, 0.10165661766158979], [0.425713035650235, 0.6364125324314858, -0.27719194222049454], [0.06289243959717747, 0.288468337582966, 0.7588928990602037]]	0.901077527374764	0.166536646283558	[[0.7419972434311248, -0.4677719439647549, 0.06584792664286995], [0.5082893938722873, 0.6667810725924692, -0.29617225991438945], [0.02191413037754373, 0.2896573189289987, 0.8233125845239906]]	[[-0.022974698675082936, -0.005057416532636506, -0.04664164724443087], [0.03721058877194335, -0.037450252790349636, 0.010558420120407065], [-0.047680391786972864, -0.029551416528926816, -0.016451129881355355]]	0.4351228472285989	[[0.6890048475881719, -0.6890048475881718, 0.0], [0.7071067811865475, 0.7071067811865476, 0.0], [0.0, 0.0, 0.9743999999999999]]
5	[[0.08740825448676931, -0.06334395238859675, -0.994156597696443], [0.7119981850616444, -0.6940087028176986, 0.10681996481098455], [-0.6967197295301035, -0.717174639895393, -0.015561310176609944]]	0.8484932701666157	0.15150672983338437	[[0.07416531568903466, -0.05374691730747887, -0.8435351826371715], [0.6041256683956497, -0.5888617137778801, 0.0906360212615551], [-0.5911620016985976, -0.6085178554854069, -0.013203666959828803]]	0.933246488268071	0.11254768069941033	[[0.059977542353707766, -0.057150424791960516, -0.8854974807882284], [0.68196214254953, -0.6728003524931472, 0.09187482118246536], [-0.6425601742464996, -0.6548173597213791, -0.0019990739991230695]]	[[-0.021595904191711552, 0.0019650963277172764, 0.04229567280051045], [0.017492336687510365, -0.02511916776105088, -0.007814535854304893], [0.007651066644549853, 0.014483354435914657, 0.012523464076048355]]	0.15028202113650568	[[0.0, 0.0, -0.9251493027839998], [0.7071067811865475, -0.7071067811865476, 0.0], [-0.6541793456085727, -0.6541793456085727, 0.0]]
5	[[-0.5446221603179724, 0.8109226453022452, -0.2139887049042392], [-0.8354447797583356, -0.5021691245819775, 0.22328947644507607], [0.07361197229480154, 0.30038414347728, 0.9509735242804028]]	0.7830086369582849	0.2169913630417152	[[-0.42644385540785207, 0.6349594351767177, -0.167555004151537], [-0.6541604782524888, -0.3932027617614693, 0.17483758859838808], [0.05763881009036358, 0.23520337874802688, 0.7446204830302146]]	0.8486098098123246	0.17907328421968213	[[-0.47949710900673187, 0.6708315106827254, -0.12777765148190365], [-0.7618270015806355, -0.4510041442452273, 0.2092097276987555], [0.04517828819346541, 0.2068058369088974, 0.8243308626958686]]	[[-0.017325401119720023, -0.01732540111972002, 0.053815262688868416], [-0.05286036592121501, -0.024858498940093902, 0.019724087559605995], [-0.017289553615536246, -0.048103093957995224, 0.017325401119720023]]	0.395172330122219	[[-0.6713663234899147, 0.6713663234899145, 0.0], [-0.7071067811865475, -0.7071067811865476, 0.0], [0.0, 0.0, 0.9494553599999999]]
5	[[0.5319609947059123, -0.8460851799387872, 0.03402011756955908], [-0.703274286200726, -0.4190807785627857, 0.5742617690636116], [-0.47161719485230363, -0.3294103357928521, -0.8179645788128509]]	0.7700783465529232	0.2299216534470768	[[0.40965164323377745, -0.651551876410194, 0.0261981558875021], [-0.5415762994906423, -0.3227250330277418, 0.4422265536090626], [-0.36318218961778975, -0.25367176672480274, -0.6298968103910585]]	0.8315776096709432	0.212276940101362	[[0.48777768978294705, -0.6841854552803516, 0.005303470061429168], [-0.5992294192920825, -0.3869309665922149, 0.5610426347725437], [-0.35241115144554264, -0.3449109121570299, -0.6788819852189225]]	[[0.04541083736722716, 0.01940003623115495, -0.022986897987789225], [-0.014402269430244191, -0.03843277449593564, 0.08349940552921833], [0.03977514812945145, -0.07098065251750714, 0.0013190440257677975]]	0.33317245125050027	[[0.6211140860893518, -0.6211140860893517, 0.0], [-0.5, -0.5000000000000001, 0.7071067811865475], [-0.4391939821642656, -0.4391939821642657, -0.6211140860893518]]
5	[[0.8787972042104137, -0.3840163418041313, 0.28327887866788265], [-0.395223040501579, -0.9183905790867732, -0.018907472103605397], [0.2674214316928388, -0.09534250611366366, -0.9588511794847616]]	0.737224863844714	0.26277513615528597	[[0.6478711492211376, -0.28310639530069587, 0.20884023275601304], [-0.29136825222207047, -0.6770603696235146, -0.013939058547228229], [0.19714972856891155, -0.07028886608825949, -0.7068889302429968]]	0.8432622391460827	0.2527550639790263	[[0.6898059153426657, -0.3114539585711811, 0.14200103023473953], [-0.3590167244998427, -0.8404932910072388, -0.026066535639979887], [0.12981636053802786, -0.054165406814847744, -0.8085629926201826]]	[[-0.05125058283512518, 0.012372521687258185, -0.09687735129353063], [-0.025740058404358106, -0.06604919487585892, -0.010122578377301489], [-0.09569003474692653, 0.026233328376359354, 0.0]]	0.47859073560684096	[[0.6713663234899147, -0.6713663234899145, 0.0], [-0.7071067811865475, -0.7071067811865476, 0.0], [0.0, 0.0, -0.9494553599999999]]
