5	[[0.034229894132735264, 0.2773841392786001, 0.9601491309293217], [-0.1827544195208179, -0.9427759796974285, 0.2788803941677556], [0.9825625356654255, -0.18501754344446375, 0.018422055382213542]]	0.8252920189027377	0.17470798109726252	[[0.028249658435632055, 0.22892291631683406, 0.7924034147123691], [-0.1508257638497337, -0.778065491657497, 0.23015776353509831], [0.8109010187575124, -0.15269350196170645, 0.015203575278725057]]	0.8977440170915353	0.15601892721535354	[[0.00912670332432737, 0.2252128065377749, 0.825054198074333], [-0.1663671722418926, -0.8254485516880072, 0.25503730160478644], [0.8564817578335184, -0.15312036983155056, 0.0]]	[[-0.021602979339012354, -0.02380714493567347, -0.036913939733102814], [-0.0023004855200418495, 0.020922943542969905, 0.004674096256554728], [-0.02560787997840567, 0.012978022852689987, -0.016538290001911118]]	0.36051243959057716	[[0.0, 0.0, 0.9490000000000001], [0.0, -1.0, 0.0], [0.9490000000000001, 0.0, 0.0]]
5	[[0.8787972042104137, -0.3840163418041313, 0.28327887866788265], [-0.395223040501579, -0.9183905790867732, -0.018907472103605397], [0.2674214316928388, -0.09534250611366366, -0.9588511794847616]]	0.6534683750866408	0.3465316249133593	[[0.5742661810660618, -0.2509425348854617, 0.18511378853946697], [-0.2582657580733686, -0.6001391994107128, -0.012355435072538987], [0.17475144843166243, -0.06230331254678391, -0.6265789222078162]]	0.821475871604837	0.2883136866639946	[[0.6508633369429792, -0.26534278146723467, 0.16420057660708634], [-0.31703583162220694, -0.8545942257707373, -0.03400476056943937], [0.1558417446288084, -0.05080472690115418, -0.7480867407676668]]	[[-0.07104736234966445, 0.050117377626815056, -0.06850618715385344], [0.0076303600521414865, -0.10015852434175927, -0.018472728443285985], [-0.0638385090568797, 0.027516841409557166, 0.03958636763890374]]	0.49174866208553114	[[0.636821074243386, -0.6368210742433859, 0.0], [-0.7071067811865475, -0.7071067811865476, 0.0], [0.0, 0.0, -0.9006010000000001]]
5	[[-0.42203838922340475, -0.825029846081567, 0.3757783270710803], [0.2588054115689476, 0.28760896992378115, 0.9221175843470338], [-0.8688517462515349, 0.4864224845687207, 0.09214016247897017]]	0.638633624367252	0.3613663756327481	[[-0.26952790613186, -0.5268918008142273, 0.2399846749760666], [0.16528183799613536, 0.1836767588629563, 0.5888952949843215], [-0.5548779397464336, 0.3106457542938458, 0.05884380591373218]]	0.8032912748729301	0.32544248117409647	[[-0.25686634715909096, -0.5542158140419091, 0.30569301398034265], [0.2665051871277523, 0.2365906387796155, 0.8268748831292643], [-0.6464003107257494, 0.3390007153440635, 0.024263156525558677]]	[[0.0821534085654957, 0.10852346282517004, 0.0038335625577976774], [0.058609058124519026, 0.005556862664651061, 0.08614587321638882], [0.05154071619621763, -0.05173822241200228, -0.049752232059172195]]	0.5312481653987653	[[-0.4055410806005, -0.4055410806005001, 0.5735216962846678], [0.5, 0.5000000000000001, 0.7071067811865475], [-0.5735216962846678, 0.5735216962846676, 0.0]]
5	[[0.8592155572171323, 0.2624339665249735, -0.4391776855101157], [-0.4266000482917053, 0.8413623931712975, -0.33184593135155627], [0.2824199444684594, 0.4724804086637203, 0.8348660002631537]]	0.6554630261228317	0.34453697387716836	[[0.5631840292253566, 0.17201576185587708, -0.28786473475008173], [-0.27962055859742735, 0.5514819402940063, -0.21751273837024054], [0.18511583143873847, 0.3096934384464743, 0.5472237949395515]]	0.7722105566362085	0.40642954478445364	[[0.510790595596343, 0.20801685366958284, -0.29350665462068226], [-0.3557848872637322, 0.7488693313106763, -0.25049817901385707], [0.24515194021000297, 0.33083197341657744, 0.5082736217433413]]	[[-0.15270472811278865, 0.005362574299084951, 0.045630990369285855], [-0.0263598265113611, 0.09916040934709625, 0.00575675235258924], [0.027064277686846813, -0.03402238595733729, -0.13641871703651345]]	0.4913204965727699	[[0.6569945303769495, -0.11272244060279975, -0.3848584854898745], [-0.14644660940672619, 0.8535533905932737, -0.5], [0.3848584854898745, 0.3848584854898746, 0.5442720897741498]]
5	[[0.3802729664721569, 0.7767473726770865, -0.5020517802076895], [0.4287143634067757, 0.332951791095048, 0.839849450446521], [0.8195098935212374, -0.5346088512602871, -0.20639019011321075]]	0.6447186183921524	0.3552813816078477	[[0.2451690615558143, 0.5007834929521056, -0.3236821300968221], [0.2764001320604875, 0.21466021874599187, 0.5414665773492896], [0.5283532863097121, -0.344672279964748, -0.1330635982194829]]	0.8027623922647577	0.3087728510538097	[[0.34493370460686196, 0.515424121503684, -0.405988156902681], [0.4067791269624433, 0.30110718236589396, 0.7179435517014588], [0.5867511700912529, -0.4162607531944308, -0.0672941212753621]]	[[0.039664868328057296, -0.10811945757193898, -0.0029598687823759046], [0.06262335899575734, 0.033826006037597445, 0.043743997718767726], [-0.07112055251649231, 0.012903127169191259, 0.09838816147989708]]	0.41274694536960277	[[0.4055410806005, 0.4055410806005001, -0.5735216962846678], [0.5, 0.5000000000000001, 0.7071067811865475], [0.5735216962846678, -0.5735216962846676, 0.0]]
5	[[0.08740825448676931, -0.06334395238859675, -0.994156597696443], [0.7119981850616444, -0.6940087028176986, 0.10681996481098455], [-0.6967197295301035, -0.717174639895393, -0.015561310176609944]]	0.7353865944945247	0.2646134055054754	[[0.06427885859773604, -0.046582293428873475, -0.7310894347742504], [0.5235939205987651, -0.51036469651467, 0.07855397014637489], [-0.512358349216289, -0.5274006160905103, -0.011443578896650174]]	0.8894882317118148	0.17906843288749907	[[0.05018281114041565, -0.050182811140415666, -0.8198802120286621], [0.6814787967890252, -0.6690209436197635, 0.08749941190630633], [-0.5898819009425355, -0.6005292586584992, 0.0]]	[[-0.027565802580037074, 0.00616088905935464, 0.06441038210098099], [0.04816479017652189, -0.051708369757838595, -0.007515689704934575], [0.029842099275930248, 0.03738914361061145, 0.013841602272111845]]	0.19984382633818093	[[0.0, 0.0, -0.8546703490000002], [0.7071067811865475, -0.7071067811865476, 0.0], [-0.6043431994569733, -0.6043431994569732, 0.0]]
5	[[-0.30792515101507295, 0.09349718223056193, 0.9468053539599837], [0.3027085282091916, -0.9338174967034747, 0.1906631317268273], [0.9019698710720718, 0.34531602882779927, 0.2592434992682147]]	0.6795808172196035	0.3204191827803966	[[-0.20926002576929312, 0.06353889150797545, 0.6434307561920218], [0.2057149089797458, -0.6346044575437116, 0.12957100687256623], [0.6129614220906192, 0.234670149069824, 0.17617690909156308]]	0.8243466056757501	0.28618333537323964	[[-0.22791876669407551, 0.0719165915678725, 0.7237470319693302], [0.2484812095703708, -0.8477844698567456, 0.11899958770528475], [0.6624430185837846, 0.2497063996982179, 0.15600217512620304]]	[[0.02591828634739264, -0.005157493244138292, -0.05674874780320942], [-0.0010555381679783656, -0.07799518612860996, -0.03817291776123377], [-0.08109278305627178, -0.034953696551407884, -0.05770432353905357]]	0.4755310389528708	[[0.0, 0.0, 0.9490000000000001], [0.0, -1.0, 0.0], [0.9490000000000001, 0.0, 0.0]]
5	[[0.04673222253661188, -0.9725397674033924, -0.22799671093185395], [-0.8377629715199755, -0.16246744520517667, 0.5213036857710898], [-0.5440306084466285, 0.16664552219444034, -0.8223502702654952]]	0.6067947430895956	0.3932052569104043	[[0.028356866968109254, -0.5901320183059566, -0.13834720563516717], [-0.5083501670734397, -0.09858439167369815, 0.3163243360791278], [-0.33011491328524833, 0.10111962682700693, -0.49899782097541073]]	0.7494022221317447	0.40929592404133713	[[-0.008338301234533154, -0.7886573243132436, -0.12132413770615953], [-0.6863533249714631, -0.1431354846793919, 0.2698430662862385], [-0.2653320457183763, 0.0214406603354736, -0.5738041801585811]]	[[-0.0433595326486254, -0.059833861509651205, 0.04953710410490082], [-0.05853189249470006, -0.021382020218564956, -0.12082307423608493], [0.14236570115921224, -0.10344386430534497, 0.04246693974902184]]	0.6524436861134372	[[1.706549872435635e-16, -0.8546703490000002, 0.0], [-1.0, -1.7938038903913487e-16, 0.0], [0.0, 0.0, -0.8546703490000002]]
5	[[0.8489524140446696, -0.5135124485683378, 0.12483895166604869], [0.522794976890395, 0.7815435453534784, -0.34040431673891397], [0.0772347773085365, 0.35425224329800037, 0.9319550081910795]]	0.7376761731545441	0.262323826845456	[[0.6262519679827838, -0.37880589792711106, 0.0920907201256359], [0.38565339789692504, 0.5765260516899886, -0.2511081536972494], [0.05697425495940464, 0.26132343916748146, 0.6874810039946072]]	0.874125984238499	0.21105271836018252	[[0.701160363668135, -0.4492103049279243, 0.05272371880305163], [0.5026145159559542, 0.6660701192964447, -0.3035635309201989], [0.027631217485392143, 0.2649069910229239, 0.7818064884762728]]	[[-0.04093100083031164, -0.0003357304044043566, -0.056401252693335575], [0.04562584222669432, -0.017097401510910597, -0.006007272511761971], [-0.039881708246873614, -0.044754099818636865, -0.032839600324753054]]	0.4438404572917067	[[0.6710443353460337, -0.6710443353460336, 0.0], [0.7071067811865475, 0.7071067811865476, 0.0], [0.0, 0.0, 0.9490000000000001]]
5	[[-0.3195682178843842, -0.5708200961323295, -0.7563336379995778], [0.910087742671785, 0.03735879733279218, -0.41272826520656647], [0.2638493031197415, -0.8202248094963509, 0.507557688474819]]	0.6382296113066247	0.3617703886933752	[[-0.20395789948630133, -0.3643142880805469, -0.4827145237985959], [0.5808449462603369, 0.02384349070059091, -0.2634154002780445], [0.16839643817363636, -0.5234917613489063, 0.3239383462309726]]	0.7355553039273536	0.3284359856260412	[[-0.26535980327456166, -0.3978122126501361, -0.5499841310318005], [0.7449281715272577, 0.09322316109577128, -0.358501064258909], [0.2289626442981587, -0.5735993095336829, 0.2957322391650428]]	[[-0.030299705643090775, 0.022057536648320733, 0.00634108793745976], [0.07550830536575368, 0.06574369956928887, -0.054916599705483654], [0.034886889950896824, 0.029721399504161347, -0.0776045106417177]]	0.5512204070012471	[[1.5369205216654052e-16, -0.5442720897741498, -0.5442720897741496], [1.0, 1.2684108950145333e-16, 1.268410895014533e-16], [0.0, -0.5442720897741496, 0.5442720897741498]]
5	[[-0.5446221603179724, 0.8109226453022452, -0.2139887049042392], [-0.8354447797583356, -0.5021691245819775, 0.22328947644507607], [0.07361197229480154, 0.30038414347728, 0.9509735242804028]]	0.6881213853954954	0.31187861460450456	[[-0.37476615547509085, 0.5580132141339609, -0.1472502040776929], [-0.5748874192687404, -0.34555331371019343, 0.1536502638756206], [0.05065397235719366, 0.20670075296042517, 0.6543852190022676]]	0.8031227159826785	0.2921082822602141	[[-0.4784282873946578, 0.6165142252473801, -0.11037841942962391], [-0.7350034882544505, -0.40616296936220186, 0.09675830130199756], [0.07471492046180622, 0.11414243110197943, 0.7415298947309944]]	[[-0.04102985881573408, -0.03475617209961737, 0.06148077044268463], [-0.06403880768138533, -0.002859538145280137, -0.08257054947092224], [0.015595473343563492, -0.12710289804562427, -0.022218544916702544]]	0.41273615533729113	[[-0.636821074243386, 0.6368210742433859, 0.0], [-0.7071067811865475, -0.7071067811865476, 0.0], [0.0, 0.0, 0.9006010000000001]]
5	[[0.22433838825039393, -0.7661379269479729, -0.6022499185961573], [-0.9416906372873723, -0.011392912655017143, -0.3362869982418849], [0.2507808429735371, 0.642575192824231, -0.724020780340167]]	0.6138190950219017	0.38618090497809826	[[0.13770318645452878, -0.47027008898116057, -0.3696725000097072], [-0.5780276947703329, -0.006993187335566187, -0.20641938092846568], [0.15393407008284618, 0.39442492334289353, -0.4444177801654524]]	0.7410505841966848	0.4341692578477676	[[0.20622750646777532, -0.4852265579766726, -0.3644425498015925], [-0.8143598966625234, 0.046237094508109075, -0.20479213496746188], [0.16610324742637592, 0.36444254980159246, -0.40454554066363435]]	[[0.039981412797078134, 0.0825204003633598, 0.08185510420649576], [-0.11651949976816765, 0.054679819086811465, 0.04441354153743638], [-0.019738042764500745, -0.11173817223110133, 0.131990481577986]]	0.675909754402662	[[0.5442720897741498, -0.3848584854898746, -0.3848584854898745], [-0.7071067811865475, -0.5000000000000001, -0.5], [0.0, 0.5442720897741496, -0.5442720897741498]]
5	[[0.5319609947059123, -0.8460851799387872, 0.03402011756955908], [-0.703274286200726, -0.4190807785627857, 0.5742617690636116], [-0.47161719485230363, -0.3294103357928521, -0.8179645788128509]]	0.6623180199198009	0.3376819800801992	[[0.35232735268818743, -0.560377461060546, 0.02253213690610919], [-0.46579123269697614, -0.2775647514441529, 0.3803439178018532], [-0.3123605666547087, -0.21817440134343852, -0.5417526802038615]]	0.7731076071606863	0.30514977758375417	[[0.43512749950651175, -0.5973315498869253, 0.02345813835109751], [-0.6011426642519186, -0.37622760427034907, 0.5658544607155529], [-0.3073987216737981, -0.31872369964802966, -0.5897236394238319]]	[[0.02386440778660531, 0.056783339029669117, -0.002843073338429536], [-0.05743596366963579, -0.0522330663486363, 0.12188831855092157], [0.05721211933430147, -0.06405406316921967, 0.04265099884436978]]	0.39441193219430454	[[0.5442720897741498, -0.5442720897741496, 0.0], [-0.5, -0.5000000000000001, 0.7071067811865475], [-0.3848584854898745, -0.3848584854898746, -0.5442720897741498]]
5	[[-0.8305561570912853, 0.32773595720904825, 0.4502950280316503], [-0.5100865793185324, -0.772219296347621, -0.37879947194723407], [0.22358030216652452, -0.5443036842615101, 0.808545204538665]]	0.6338723197655658	0.36612768023443426	[[-0.5264665579910267, 0.20774275146668758, 0.2854295539973226], [-0.3233297633139204, -0.48948843674359943, -0.2401105000091646], [0.14172136478818106, -0.3450190389997875, 0.5125144244362474]]	0.7605095309226952	0.3961342213765208	[[-0.5938563019279146, 0.23549072997395235, 0.19631945324563702], [-0.5699622511717642, -0.6230746466433932, -0.3028835366872509], [0.17502315185176032, -0.26341083113866637, 0.5734702004969324]]	[[0.0377895715065353, -0.013755589109601486, -0.1461342072995353], [-0.18203654600426505, -0.03579451180861018, -0.014802927962895208], [0.0049882011275422175, 0.1505373084585496, -0.041436133736562325]]	0.4727326749449449	[[-0.5442720897741498, 0.3848584854898746, 0.3848584854898745], [-0.7071067811865475, -0.5000000000000001, -0.5], [0.0, -0.5442720897741496, 0.5442720897741498]]
