5	[[0.5319609947059123, -0.8460851799387872, 0.03402011756955908], [-0.703274286200726, -0.4190807785627857, 0.5742617690636116], [-0.47161719485230363, -0.3294103357928521, -0.8179645788128509]]	0.599065505960182	0.400934494039818	[[0.318679482444579, -0.5068604464054413, 0.02038027894463279], [-0.4213073660916237, -0.2510568386479023, 0.34402041723768173], [-0.2825295934537171, -0.19733836948025843, -0.4900143642640277]]	0.7247229919792011	0.4620198370773678	[[0.44605159562290747, -0.5784573379666856, 0.09059421180969472], [-0.5161180430357099, -0.35009375245814706, 0.33886837659403646], [-0.24697398195185716, -0.107546409438287, -0.5232658066097882]]	[[0.06052723192340684, 0.034720045107812986, 0.06593905041719966], [-0.006438998158282715, -0.04637627673715199, -0.07731233086101322], [0.0948178425703422, 0.13118483470638215, 0.06953193028046811]]	0.4468289155582344	[[0.4877088777213959, -0.48770887772139576, 0.0], [-0.5, -0.5000000000000001, 0.7071067811865475], [-0.34486225468167964, -0.3448622546816797, -0.4877088777213959]]
5	[[0.8592155572171323, 0.2624339665249735, -0.4391776855101157], [-0.4266000482917053, 0.8413623931712975, -0.33184593135155627], [0.2824199444684594, 0.4724804086637203, 0.8348660002631537]]	0.5790986261937261	0.42090137380627407	[[0.4975705487887181, 0.15197514948118243, -0.25432719433384826], [-0.24704350189990376, 0.4872318060165639, -0.19217152295366385], [0.16354900185139326, 0.27361275556061065, 0.4834697538082433]]	0.751907733772128	0.43916147238878817	[[0.47844668305165383, 0.1920044993459079, -0.28857639528761037], [-0.35259656301821424, 0.7491063695844044, -0.2531142422441395], [0.24025488674741963, 0.3192036517882715, 0.47408057752785476]]	[[-0.16760413939723612, -0.005321629688715415, 0.041644702947589124], [-0.03183268748011774, 0.1164794792538799, -0.003596720040089641], [0.02790114633009004, -0.0360580215417954, -0.15366162473341394]]	0.5324640725376587	[[0.5887166935423777, -0.10100781582098177, -0.34486225468167964], [-0.14644660940672619, 0.8535533905932737, -0.5], [0.34486225468167964, 0.3448622546816797, 0.4877088777213959]]
5	[[-0.42203838922340475, -0.825029846081567, 0.3757783270710803], [0.2588054115689476, 0.28760896992378115, 0.9221175843470338], [-0.8688517462515349, 0.4864224845687207, 0.09214016247897017]]	0.5723031561664967	0.42769684383350337	[[-0.24153390217597892, -0.4721671848440398, 0.21505912260174526], [0.14811515387387786, 0.16459952122917496, 0.5277308038784333], [-0.49724659662052556, 0.27838112314902785, 0.052732105796408434]]	0.7646176848048638	0.38019317701432603	[[-0.23581747371565404, -0.5070999211177791, 0.2834248363399464], [0.2697629980485206, 0.23606380512242237, 0.828017831618586], [-0.590113133725062, 0.30846055295659247, 0.02503571661664625]]	[[0.0868805423511196, 0.12373248968802184, -0.0039019181049879123], [0.07187580343970207, 0.016152900410189054, 0.12295041915730334], [0.07422627693244967, -0.0634666810313723, -0.0454162810955679]]	0.5602484674414586	[[-0.37145869741671655, -0.3714586974167166, 0.5253219277481644], [0.5, 0.5000000000000001, 0.7071067811865475], [-0.5253219277481644, 0.5253219277481643, 0.0]]
5	[[0.22433838825039393, -0.7661379269479729, -0.6022499185961573], [-0.9416906372873723, -0.011392912655017143, -0.3362869982418849], [0.2507808429735371, 0.642575192824231, -0.724020780340167]]	0.5404078348918324	0.4595921651081675	[[0.12123422267751867, -0.414026938330471, -0.3254605745723317], [-0.5088969984343789, -0.006156819261009586, -0.1817321286221705], [0.13552393238367777, 0.3472526687093444, -0.3912665023203248]]	0.7105088018518926	0.47306190753509697	[[0.18402748604659852, -0.4571707623073247, -0.3313870913891307], [-0.8208323218213147, 0.04922770429437427, -0.1995584609419073], [0.1482554519199312, 0.33138709138913064, -0.3851419909573201]]	[[0.024633086601426504, 0.08717697822177237, 0.09651677668802494], [-0.15175283540711862, 0.05732246901449373, 0.03937641125730386], [-0.029926544348604225, -0.12516823896416254, 0.12928114619804434]]	0.7115388283617767	[[0.4877088777213959, -0.3448622546816797, -0.34486225468167964], [-0.7071067811865475, -0.5000000000000001, -0.5], [0.0, 0.48770887772139576, -0.4877088777213959]]
5	[[-0.8305561570912853, 0.32773595720904825, 0.4502950280316503], [-0.5100865793185324, -0.772219296347621, -0.37879947194723407], [0.22358030216652452, -0.5443036842615101, 0.808545204538665]]	0.5566972974796449	0.4433027025203551	[[-0.4623683680577978, 0.1824497216651817, 0.25067802517374066], [-0.28396382018726346, -0.42989239533835366, -0.2108766423197417], [0.12446654998578661, -0.3030123900365965, 0.4501149302568015]]	0.7375319629080532	0.419774442258342	[[-0.5063843042678022, 0.18971761061738557, 0.2556512639233404], [-0.44799406812543396, -0.6762463467594596, -0.2678742937877505], [0.15635226802475014, -0.36966592316215724, 0.48230531995548426]]	[[0.10617740857710276, -0.05199813321855351, -0.07645571198857946], [-0.07178891202758246, -0.10670993332872306, 0.011502424306027034], [-0.00854535109970236, 0.0317754415093196, -0.11402261184781062]]	0.5202366231902968	[[-0.4877088777213959, 0.3448622546816797, 0.34486225468167964], [-0.7071067811865475, -0.5000000000000001, -0.5], [0.0, -0.48770887772139576, 0.4877088777213959]]
5	[[0.8489524140446696, -0.5135124485683378, 0.12483895166604869], [0.522794976890395, 0.7815435453534784, -0.34040431673891397], [0.0772347773085365, 0.35425224329800037, 0.9319550081910795]]	0.6957785519522446	0.30422144804775547	[[0.5906828813203627, -0.3572909478743295, 0.0868602650174396], [0.3637495319887062, 0.5437812362736665, -0.23684602257889478], [0.053738301516087605, 0.24648111286771696, 0.6484343060838315]]	0.8525923720407431	0.24739549840483988	[[0.6706847479413585, -0.42009083125316493, 0.05388146688311073], [0.4931195832617683, 0.6647932901279252, -0.3161410019098576], [0.022010371045808965, 0.2596254138169945, 0.742619915685576]]	[[-0.05312560449870138, 0.017725965344164308, -0.0525552710409254], [0.04738857382380101, -0.0015447750581288541, -0.025914878048518566], [-0.043839410943714734, -0.04240734659720213, -0.051957815383306814]]	0.4513660384056578	[[0.6564779356535907, -0.6564779356535906, 0.0], [0.7071067811865475, 0.7071067811865476, 0.0], [0.0, 0.0, 0.9283999999999999]]
5	[[-0.30792515101507295, 0.09349718223056193, 0.9468053539599837], [0.3027085282091916, -0.9338174967034747, 0.1906631317268273], [0.9019698710720718, 0.34531602882779927, 0.2592434992682147]]	0.6256488918930632	0.3743511081069369	[[-0.19265302951858446, 0.05849640845767487, 0.5923677205434831], [0.18938925524066075, -0.5842418820428831, 0.11928817708975063], [0.5643164503571708, 0.21604659078902566, 0.16219540804763868]]	0.8068285423081212	0.3013871568612096	[[-0.20467993517633296, 0.0690425061729021, 0.7144867172855232], [0.25341154976659896, -0.8444917271871825, 0.12201863151932034], [0.6548172041634042, 0.24169579644956538, 0.13563742900343087]]	[[0.0437628655571664, -0.006393689076098946, -0.04942286629953505], [0.009177669207340162, -0.09106111754009935, -0.031813825123737], [-0.07291783211951955, -0.036915031725197035, -0.07352762561399927]]	0.4803437478960195	[[0.0, 0.0, 0.9283999999999999], [0.0, -1.0, 0.0], [0.9283999999999999, 0.0, 0.0]]
5	[[0.3802729664721569, 0.7767473726770865, -0.5020517802076895], [0.4287143634067757, 0.332951791095048, 0.839849450446521], [0.8195098935212374, -0.5346088512602871, -0.20639019011321075]]	0.5830665716826381	0.4169334283173621	[[0.2217244548645073, 0.4528954276503253, -0.29272961029286293], [0.2499690141026934, 0.19413305936938352, 0.48968813980140063], [0.4778288240754318, -0.31171255009552895, -0.12033922057823769]]	0.7679608308272455	0.3537644604319938	[[0.3066467615156875, 0.46048577552714687, -0.36903090545072903], [0.407157269925156, 0.31168162892608225, 0.7163151664788312], [0.5588332280416045, -0.39102926964189627, -0.04263473935137699]]	[[0.014612018242588554, -0.13602578213682853, 0.01652519679586575], [0.07792143121571485, 0.055987694811309816, 0.07134368474411544], [-0.07051827065811246, 0.019529387939553118, 0.11586484252255749]]	0.44480049362710733	[[0.37145869741671655, 0.3714586974167166, -0.5253219277481644], [0.5, 0.5000000000000001, 0.7071067811865475], [0.5253219277481644, -0.5253219277481643, 0.0]]
5	[[0.034229894132735264, 0.2773841392786001, 0.9601491309293217], [-0.1827544195208179, -0.9427759796974285, 0.2788803941677556], [0.9825625356654255, -0.18501754344446375, 0.018422055382213542]]	0.7844575187580394	0.21554248124196068	[[0.026851897818715866, 0.21759607364132505, 0.7531962048865035], [-0.1433630784793666, -0.7395677057781245, 0.2187698220391016], [0.7707785687527076, -0.14513840305715178, 0.014451319855554421]]	0.8801361719928275	0.184286480790237	[[0.009187851976069437, 0.21626409754613715, 0.7970361831525418], [-0.167629859607335, -0.824325542974097, 0.2564857971071297], [0.8270617183040633, -0.14758177626338825, 0.0]]	[[-0.020939116013635926, -0.027871716970055263, -0.04802579748583165], [-0.00678108439551108, 0.005445698843585471, 0.011033074540470419], [-0.03772711058007035, 0.015258856175338736, -0.016213917304341293]]	0.36998926948357175	[[0.0, 0.0, 0.9283999999999999], [0.0, -1.0, 0.0], [0.9283999999999999, 0.0, 0.0]]
5	[[0.8787972042104137, -0.3840163418041313, 0.28327887866788265], [-0.395223040501579, -0.9183905790867732, -0.018907472103605397], [0.2674214316928388, -0.09534250611366366, -0.9588511794847616]]	0.6066781172818257	0.39332188271817425	[[0.533147033322906, -0.2329743112511845, 0.1718590967759378], [-0.23977317011789676, -0.5571674674497293, -0.011470749578373981], [0.16223873070022182, -0.05784221210596842, -0.5817140283232731]]	0.803204172501097	0.32091780951671667	[[0.6188151886964945, -0.23751686009220163, 0.1790155398332836], [-0.3218699781871293, -0.8581805435156166, -0.0205124770658498], [0.16248368714388275, -0.05759167176835251, -0.7098744946021669]]	[[-0.0870383925076084, 0.07092666795348407, -0.048515237494191746], [-0.004425182987691099, -0.12052539840742166, -0.005325916580785853], [-0.05231032260802248, 0.018987826958853492, 0.06027877356759199]]	0.5041940843247636	[[0.6094741154607936, -0.6094741154607934, 0.0], [-0.7071067811865475, -0.7071067811865476, 0.0], [0.0, 0.0, -0.8619265599999998]]
5	[[-0.5446221603179724, 0.8109226453022452, -0.2139887049042392], [-0.8354447797583356, -0.5021691245819775, 0.22328947644507607], [0.07361197229480154, 0.30038414347728, 0.9509735242804028]]	0.6244680038480777	0.37553199615192234	[[-0.3400991133051919, 0.5063952455870959, -0.13362909939758555], [-0.5217085339409847, -0.313588550821844, 0.139437133635939], [0.045968321398254706, 0.18758028646487157, 0.5938525384197546]]	0.7783238015258163	0.32051541817567464	[[-0.45296474656191893, 0.597013003295989, -0.09408617203638894], [-0.7330734093936581, -0.3983302208735245, 0.10193281081745753], [0.07098500386839435, 0.09882882642854934, 0.7156166125013145]]	[[-0.029072356348032184, -0.03414739273902558, 0.07246633024826457], [-0.0828268524472519, -0.007480038819988577, -0.07185870332998326], [0.013691053754091364, -0.13496730204076338, -0.024548716067011776]]	0.42863586642127827	[[-0.6094741154607936, 0.6094741154607934, 0.0], [-0.7071067811865475, -0.7071067811865476, 0.0], [0.0, 0.0, 0.8619265599999998]]
5	[[-0.3195682178843842, -0.5708200961323295, -0.7563336379995778], [0.910087742671785, 0.03735879733279218, -0.41272826520656647], [0.2638493031197415, -0.8202248094963509, 0.507557688474819]]	0.5560509648919196	0.44394903510808037	[[-0.17769621590340304, -0.31740506523408013, -0.42056004918988105], [0.5060551674489552, 0.02077339530410078, -0.22949795010627932], [0.14671365958579285, -0.4560867967487368, 0.28222794241473537]]	0.6989437420208743	0.4776497524392339	[[-0.23444456543762784, -0.37747720405531765, -0.40610718127042833], [0.7885752203108263, 0.013982486702672547, -0.2172165153171221], [0.16137392767419287, -0.4061071812704283, 0.31321339501005674]]	[[-0.011084359398574287, 0.021493929956128005, 0.12252748188925797], [0.15247508788047842, -0.012129210902508646, 0.07125732280413931], [-0.023041891577919082, 0.16718381637731008, -0.04154087506399837]]	0.591969074599452	[[1.3771968044135008e-16, -0.4877088777213959, -0.48770887772139576], [1.0, 1.2684108950145333e-16, 1.268410895014533e-16], [0.0, -0.48770887772139576, 0.4877088777213959]]
5	[[0.08740825448676931, -0.06334395238859675, -0.994156597696443], [0.7119981850616444, -0.6940087028176986, 0.10681996481098455], [-0.6967197295301035, -0.717174639895393, -0.015561310176609944]]	0.6620900445236546	0.33790995547634556	[[0.05787213510488002, -0.041939400257270276, -0.6582211860323228], [0.4714069100482252, -0.4594962529483738, 0.07072443525771997], [-0.4612911967450949, -0.4748341892595767, -0.010302988547678076]]	0.8593114360151058	0.2337576442230665	[[0.04958661153530942, -0.049586611535309424, -0.7639529711068225], [0.6744647607550032, -0.6657589428769927, 0.09439280737407346], [-0.5490279909394581, -0.5564304439737885, 0.0]]	[[-0.025524301147290138, 0.004845571154608142, 0.0903371624835999], [0.06263657790953257, -0.0693893278517353, 0.002601190017263248], [0.04967124034311137, 0.05984592570833805, 0.013372011794139167]]	0.24321949335430007	[[0.0, 0.0, -0.8002126183039997], [0.7071067811865475, -0.7071067811865476, 0.0], [-0.5658357687938006, -0.5658357687938005, 0.0]]
5	[[0.04673222253661188, -0.9725397674033924, -0.22799671093185395], [-0.8377629715199755, -0.16246744520517667, 0.5213036857710898], [-0.5440306084466285, 0.16664552219444034, -0.8223502702654952]]	0.5553316022740529	0.444668397725947	[[0.02595188001908428, -0.5400820673073606, -0.12661377879500052], [-0.4652362533000597, -0.09022330666316261, 0.2894964110906286], [-0.3021173894747941, 0.09254352485203479, -0.4566770932170379]]	0.7197486840549928	0.44769884820351097	[[-0.008315359601576743, -0.7404375761497464, -0.1153876599834394], [-0.6790761153980742, -0.14069338481799304, 0.2719192332692947], [-0.2523573995437465, 0.011759694324559013, -0.5344486201460239]]	[[-0.0419508152752681, -0.04045335837000569, 0.0487126726786291], [-0.07609731909657144, -0.02375765492979056, -0.10328840855746468], [0.1392079149713515, -0.10818320097854653, 0.05743690470983415]]	0.673038064127879	[[-1.5978122363621109e-16, -0.8002126183039997, 0.0], [-1.0, 1.7938038903913487e-16, 0.0], [0.0, 0.0, -0.8002126183039997]]
