5	[[0.22433838825039393, -0.7661379269479729, -0.6022499185961573], [-0.9416906372873723, -0.011392912655017143, -0.3362869982418849], [0.2507808429735371, 0.642575192824231, -0.724020780340167]]	0.7443986534554258	0.2556013465445743	[[0.1669971941319537, -0.5703120411812023, -0.4483140284466193], [-0.7009932423683017, -0.008480868839330101, -0.2503315886658263], [0.18668092182191753, 0.47833210828221817, -0.5389600939589668]]	0.7910801272273646	0.3404418901737445	[[0.23415666958053138, -0.6217694365294827, -0.376306656655594], [-0.8246091913682967, 0.02678169394364012, -0.18648414948648448], [0.18366570650885292, 0.37630665665559393, -0.5350945982810014]]	[[0.0566870288614277, -0.015692947805770997, 0.1001212855701242], [-0.07965644221418412, 0.035794400736261375, 0.07954581186761442], [-0.014722034656838528, -0.13202180863694696, 0.037663852745753776]]	0.5982437149034974	[[0.69377347129622, -0.49057192616088774, -0.49057192616088763], [-0.7071067811865475, -0.5000000000000001, -0.5], [0.0, 0.6937734712962199, -0.69377347129622]]
5	[[-0.8305561570912853, 0.32773595720904825, 0.4502950280316503], [-0.5100865793185324, -0.772219296347621, -0.37879947194723407], [0.22358030216652452, -0.5443036842615101, 0.808545204538665]]	0.8135981973610061	0.18640180263899386	[[-0.6757389922165543, 0.2666453839956655, 0.3663592230871745], [-0.41500552143159986, -0.6282762274758091, -0.3081905675375707], [0.18190453080811345, -0.44284449633211886, 0.6578309208975438]]	0.8541729612750127	0.20523737373191003	[[-0.7094386122078579, 0.33619644041770463, 0.41846366035415694], [-0.49437474469440645, -0.6399860365176147, -0.37477584858846036], [0.07827857863820331, -0.508744719335943, 0.6963333075042464]]	[[1.6084009929496115e-18, 0.05625324733215102, 0.03383382281294741], [-0.05867258073125397, 0.019622806597339434, -0.05121558190588031], [-0.1126976701461391, -0.04381522951738932, 0.005695855818744041]]	0.3693678066703937	[[-0.69377347129622, 0.49057192616088774, 0.49057192616088763], [-0.7071067811865475, -0.5000000000000001, -0.5], [0.0, -0.6937734712962199, 0.69377347129622]]
5	[[0.034229894132735264, 0.2773841392786001, 0.9601491309293217], [-0.1827544195208179, -0.9427759796974285, 0.2788803941677556], [0.9825625356654255, -0.18501754344446375, 0.018422055382213542]]	0.8683906323898744	0.13160936761012573	[[0.029724919412564423, 0.24087778812306454, 0.833784510996302], [-0.15870222593972746, -0.8186978292114333, 0.24217712185247472], [0.8532481017090973, -0.16066750155495893, 0.015997540323281705]]	0.9351670512552479	0.12228683005916972	[[0.012377985095615036, 0.24489578920642194, 0.8903876912104292], [-0.16305130421861036, -0.8280795978185532, 0.2520012623764756], [0.9248206583256462, -0.16689438230557385, 0.0]]	[[-0.019632684065274315, -0.014504718387721533, -0.0075121403260336285], [0.007854607388537445, 0.05357343510936856, -0.008798493490285612], [0.00596054917353095, 0.006127928227875048, -0.01722769920984551]]	0.3399792212641687	[[0.0, 0.0, 0.9962], [0.0, -1.0, 0.0], [0.9962, 0.0, 0.0]]
5	[[0.04673222253661188, -0.9725397674033924, -0.22799671093185395], [-0.8377629715199755, -0.16246744520517667, 0.5213036857710898], [-0.5440306084466285, 0.16664552219444034, -0.8223502702654952]]	0.7356585508566788	0.26434144914332125	[[0.03437895910959578, -0.7154571959384711, -0.16772772996421678], [-0.6163074935897702, -0.11952056530102717, 0.3835015140306053], [-0.400220769031524, 0.12259420336431645, -0.6049690081201122]]	0.8142496173436067	0.3157742158539099	[[-0.0339774038473963, -0.9060292785512118, -0.15929430495379035], [-0.6776168184436333, -0.1460625383335385, 0.28592365158871547], [-0.32773695758159493, 0.04581650406081962, -0.6412216366097051]]	[[-0.07202909816544865, -0.1141391450915591, 0.026351929678072653], [0.004531360541149694, -0.013773483244430123, -0.1385476750702062], [0.11523975716928189, -0.08987454861802895, 0.02837675627638587]]	0.6092296829754332	[[1.974058231881562e-16, -0.9886432651279999, 0.0], [-1.0, -1.7938038903913487e-16, 0.0], [0.0, 0.0, -0.9886432651279999]]
5	[[0.08740825448676931, -0.06334395238859675, -0.994156597696443], [0.7119981850616444, -0.6940087028176986, 0.10681996481098455], [-0.6967197295301035, -0.717174639895393, -0.015561310176609944]]	0.9312140009478457	0.06878599905215446	[[0.08139579037649193, -0.058986775339635006, -0.9257725429096025], [0.6630226785788584, -0.6462706208434934, 0.09947224681274501], [-0.6487951668750285, -0.6678430657953194, -0.014490909909551371]]	0.9670972989261652	0.05456146003967795	[[0.06814328028880798, -0.05732104193557148, -0.9437093682652923], [0.679531850267028, -0.6726121671580154, 0.09007807517229277], [-0.6808163227831057, -0.7029363809672426, -0.00765247812719068]]	[[-0.01638900652919749, 0.0039387233227480434, 0.01773679207656401], [-0.00903967134642025, -0.0014382252317674724, -0.013227224267798404], [-0.007020554245974103, -0.009358723866062854, 0.007396822912361043]]	0.11435979752065352	[[0.0, 0.0, -0.9886432651279999], [0.7071067811865475, -0.7071067811865476, 0.0], [-0.6990763569464186, -0.6990763569464185, 0.0]]
5	[[-0.42203838922340475, -0.825029846081567, 0.3757783270710803], [0.2588054115689476, 0.28760896992378115, 0.9221175843470338], [-0.8688517462515349, 0.4864224845687207, 0.09214016247897017]]	0.8471419297864602	0.15285807021353992	[[-0.35752641549068426, -0.6989173759409649, 0.31833757716692257], [0.21924491579569735, 0.24364561780512792, 0.7811644698937751], [-0.7360407450178611, 0.4120688822690708, 0.07805579505327279]]	0.8814237662772927	0.19265398015475402	[[-0.30054516636924894, -0.6850547450106388, 0.35701261775014487], [0.25752519774521415, 0.23424257821660582, 0.8288955220357894], [-0.795811262581238, 0.4027868277613228, 0.02224822262374729]]	[[0.0714495001736464, 0.042146169213751104, 0.025792669417772977], [0.02940795714716752, -0.019262803268746007, 0.016119167890107602], [-0.029984684063607513, -0.025957510589197257, -0.058966306413868255]]	0.47936119198208754	[[-0.4924432103602566, -0.49244321036025673, 0.6964198667900221], [0.5, 0.5000000000000001, 0.7071067811865475], [-0.6964198667900221, 0.696419866790022, 0.0]]
5	[[-0.3195682178843842, -0.5708200961323295, -0.7563336379995778], [0.910087742671785, 0.03735879733279218, -0.41272826520656647], [0.2638493031197415, -0.8202248094963509, 0.507557688474819]]	0.8288758565566027	0.17112414344339727	[[-0.26488238032718603, -0.47313899612140703, -0.6269066920394715], [0.7543497572487409, 0.030965805139142724, -0.3421004943482134], [0.21869831712523846, -0.6798645415402641, 0.4207023137864549]]	0.8597870756656586	0.17332184403654632	[[-0.2777585256384247, -0.5450783387939051, -0.6693155343945961], [0.81034688576521, 0.009395232400143352, -0.28207298028226047], [0.1726024586534239, -0.7127114643062119, 0.4783941221191145]]	[[-0.00299790210792409, -0.05429459760909938, -0.01902964755137031], [0.02786520689427542, -0.022725378709004117, 0.07278544790425365], [-0.05425176209232053, -0.007492773960922475, 0.04200258141372852]]	0.46672031629023497	[[1.95908389472013e-16, -0.69377347129622, -0.6937734712962199], [1.0, 1.2684108950145333e-16, 1.268410895014533e-16], [0.0, -0.6937734712962199, 0.69377347129622]]
5	[[0.8592155572171323, 0.2624339665249735, -0.4391776855101157], [-0.4266000482917053, 0.8413623931712975, -0.33184593135155627], [0.2824199444684594, 0.4724804086637203, 0.8348660002631537]]	0.8591149411688622	0.14088505883113786	[[0.7381649228899678, 0.2254609417118138, -0.37730411144970005], [-0.36649847539076225, 0.7228270029110524, -0.2850937977902185], [0.24263119397693383, 0.405914978492572, 0.7172458546999626]]	0.8860022239862498	0.15182476365661451	[[0.7723029597389216, 0.15261924232427762, -0.3814421232585648], [-0.36305678337845226, 0.7627114585938144, -0.37422795181393076], [0.3062229946171769, 0.41259890649171427, 0.755927437949066]]	[[0.011036065160957488, -0.079897835666382, 0.0076702828285315034], [0.014911808160640212, 0.017262507065651266, -0.08021171861566358], [0.055998295720048656, -0.006019786374274137, 0.01623430498540677]]	0.4171886234204662	[[0.8374586618089979, -0.14368519051277773, -0.49057192616088763], [-0.14644660940672619, 0.8535533905932737, -0.5], [0.49057192616088763, 0.49057192616088774, 0.69377347129622]]
5	[[0.8787972042104137, -0.3840163418041313, 0.28327887866788265], [-0.395223040501579, -0.9183905790867732, -0.018907472103605397], [0.2674214316928388, -0.09534250611366366, -0.9588511794847616]]	0.7968344894404555	0.20316551055954454	[[0.7002559215387046, -0.30599746565828645, 0.225726380652587], [-0.31492734969318026, -0.7318052881935333, -0.015066125880286071], [0.21309061998839882, -0.07597219718105469, -0.7640456900541186]]	0.8618955835500167	0.23074087379375577	[[0.7049133729514976, -0.31900512235963524, 0.15709395913040108], [-0.3582847716882316, -0.8408923895696702, -0.025834979289445704], [0.1419495413930035, -0.06220086519981581, -0.8264295968796405]]	[[-0.05251805619355998, 0.011976866652379129, -0.08706285530644794], [-0.017643778562711262, -0.04933560548083824, -0.009538712587253074], [-0.08853980952967669, 0.019974419744141353, 0.0]]	0.4696405314683985	[[0.7017429802714501, -0.70174298027145, 0.0], [-0.7071067811865475, -0.7071067811865476, 0.0], [0.0, 0.0, -0.9924144399999999]]
5	[[-0.30792515101507295, 0.09349718223056193, 0.9468053539599837], [0.3027085282091916, -0.9338174967034747, 0.1906631317268273], [0.9019698710720718, 0.34531602882779927, 0.2592434992682147]]	0.7943066596828314	0.20569334031716885	[[-0.244586998135114, 0.07426543450731464, 0.7520537980737755], [0.2404433998993491, -0.7417374565599203, 0.15144499528660388], [0.7164406754258112, 0.2742868213931496, 0.2059188379482242]]	0.8635472226561994	0.24408331863993143	[[-0.2669006290503294, 0.0840482940140755, 0.7619822918178824], [0.243070194090103, -0.8495171138268339, 0.12022763061420122], [0.6970097984249406, 0.2757197120194632, 0.18285233503625392]]	[[-0.0009927201052723584, 0.00330906197269319, -0.05562884199028153], [-0.018332914719290137, -0.04312160808078374, -0.044418987251433575], [-0.08188377865891718, -0.0224769856134509, -0.041016668748487355]]	0.4668216879491886	[[0.0, 0.0, 0.9962], [0.0, -1.0, 0.0], [0.9962, 0.0, 0.0]]
5	[[0.8489524140446696, -0.5135124485683378, 0.12483895166604869], [0.522794976890395, 0.7815435453534784, -0.34040431673891397], [0.0772347773085365, 0.35425224329800037, 0.9319550081910795]]	0.88035786612074	0.1196421338792602	[[0.7473819356664161, -0.45207472344805805, 0.10990295309747283], [0.46024667027386973, 0.688038007867826, -0.2996776179025588], [0.06799424374165375, 0.31186874897831274, 0.8204539223316353]]	0.9228229804038687	0.13444567736075091	[[0.7778956903705221, -0.48940058108187395, 0.0669728778159004], [0.5102561613423423, 0.6685883519189022, -0.2898423341834635], [0.024613398876356173, 0.3037082973552167, 0.862079690314047]]	[[-0.0055371065792389935, -0.015519492819552179, -0.048231375631057186], [0.02780894262817641, -0.05263799191960079, 0.024290591931883678], [-0.04666062851033658, -0.023203813619800458, 0.002050192052843304]]	0.4281629492959994	[[0.7044197754180387, -0.7044197754180386, 0.0], [0.7071067811865475, 0.7071067811865476, 0.0], [0.0, 0.0, 0.9962]]
5	[[0.3802729664721569, 0.7767473726770865, -0.5020517802076895], [0.4287143634067757, 0.332951791095048, 0.839849450446521], [0.8195098935212374, -0.5346088512602871, -0.20639019011321075]]	0.8294897513009286	0.17051024869907142	[[0.3154325283854559, 0.6443039849855662, -0.4164468063046648], [0.3556141706814224, 0.2761800983906302, 0.6966465117811064], [0.6797750577655819, -0.4434525630751707, -0.17119854746795857]]	0.8849291168100868	0.19942194443719966	[[0.3467241917148936, 0.6586113977860055, -0.44428023845212244], [0.4042204292356476, 0.30163789181494005, 0.720722076479729], [0.7043947894336842, -0.4596458454002756, -0.09146982817146013]]	[[0.010209571347936014, -0.028754968701684102, 2.5194740157818353e-18], [0.024838606262290917, 0.0069991573808627855, -0.022485155957347805], [-0.02081337685719274, 0.013445093184345376, 0.09117086048368936]]	0.3673289863889136	[[0.4924432103602566, 0.49244321036025673, -0.6964198667900221], [0.5, 0.5000000000000001, 0.7071067811865475], [0.6964198667900221, -0.696419866790022, 0.0]]
5	[[-0.5446221603179724, 0.8109226453022452, -0.2139887049042392], [-0.8354447797583356, -0.5021691245819775, 0.22328947644507607], [0.07361197229480154, 0.30038414347728, 0.9509735242804028]]	0.8731565471602856	0.12684345283971452	[[-0.4755404050102163, 0.7080624169861933, -0.1868456387054868], [-0.7294740792368736, -0.43847225891050273, 0.19496666827001055], [0.06427477555858752, 0.2622823815403216, 0.8303487589015245]]	0.8794979472304186	0.12225932384123589	[[-0.4794212427937458, 0.7127776311280923, -0.18152018700441203], [-0.7391028486116489, -0.446848465772268, 0.19638263617159935], [0.06946677694407852, 0.2594620391496172, 0.8369833731826368]]	[[-0.0004271707778931557, -0.00042717077789315564, 0.006682439689362162], [-0.004330879789823448, -0.0051917515399224415, 0.0], [0.0047251984192181115, -0.004725198419218111, 0.0006041107075459658]]	0.38234498037674713	[[-0.7017429802714501, 0.70174298027145, 0.0], [-0.7071067811865475, -0.7071067811865476, 0.0], [0.0, 0.0, 0.9924144399999999]]
5	[[0.5319609947059123, -0.8460851799387872, 0.03402011756955908], [-0.703274286200726, -0.4190807785627857, 0.5742617690636116], [-0.47161719485230363, -0.3294103357928521, -0.8179645788128509]]	0.8303838037999111	0.16961619620008891	[[0.4417317942570799, -0.7025754300563025, 0.028249754633130647], [-0.583987576890026, -0.34799789100239426, 0.4768576721719079], [-0.3916232801988998, -0.2735370076466745, -0.6792245383282074]]	0.8987866912215637	0.14621165679552073	[[0.5421790291708415, -0.7449222930965971, -0.0014778214947989924], [-0.5874556347446084, -0.3925605655738222, 0.5834258364247746], [-0.40520218258964114, -0.3826395573964415, -0.7438773154962415]]	[[0.06405956688018266, 0.015527806272186907, -0.03205465040011159], [0.04463793397094917, -0.01589633925481925, 0.0672870011130494], [0.018681075494856408, -0.0865699316349996, -0.008701638168599247]]	0.2883566165626386	[[0.69377347129622, -0.6937734712962199, 0.0], [-0.5, -0.5000000000000001, 0.7071067811865475], [-0.49057192616088763, -0.49057192616088774, -0.69377347129622]]
