5	[[-0.30792515101507295, 0.09349718223056193, 0.9468053539599837], [0.3027085282091916, -0.9338174967034747, 0.1906631317268273], [0.9019698710720718, 0.34531602882779927, 0.2592434992682147]]	0.7992069604250699	0.20079303957493017	[[-0.2460959239811871, 0.07472359881879626, 0.756693429052541], [0.24192676272481453, -0.7463134431321319, 0.15237930197252234], [0.7208605990545028, 0.2759789737855212, 0.20718920906010868]]	0.8659350208577743	0.24086655231563953	[[-0.2685520607090107, 0.08509226438409996, 0.7654433659871767], [0.24303791664281793, -0.8493646825221066, 0.12062790978468917], [0.7002093613089033, 0.2778274531672288, 0.1834597963249108]]	[[-0.001908888642140284, 0.0041297799391352, -0.054428547942414064], [-0.019087999045834525, -0.04073940903682873, -0.044473973163989614], [-0.08083793781097506, -0.021193789458295306, -0.041028228621153115]]	0.4663838512041286	[[0.0, 0.0, 0.9992000000000001], [0.0, -1.0, 0.0], [0.9992000000000001, 0.0, 0.0]]
5	[[0.08740825448676931, -0.06334395238859675, -0.994156597696443], [0.7119981850616444, -0.6940087028176986, 0.10681996481098455], [-0.6967197295301035, -0.717174639895393, -0.015561310176609944]]	0.9340989611033802	0.06590103889661994	[[0.08164795970795109, -0.0591695201183702, -0.9286406450823187], [0.665076764973574, -0.6482728082987167, 0.0997804181550403], [-0.6508051755342977, -0.6699120860559773, -0.014535803669378806]]	0.9716540095463019	0.04704480692219314	[[0.07037367185332455, -0.057200613355145764, -0.950805260606367], [0.679173334645925, -0.6708309018494735, 0.0904978880912403], [-0.6835474512698326, -0.7104927382852543, -0.00931475899302931]]	[[-0.014556909086188372, 0.0043477919637443085, 0.015170983662291485], [-0.01264255665891176, 0.003505436903371095, -0.013294159016947691], [-0.006576932541892746, -0.013647123885970527, 0.005805450433867413]]	0.11007201253233985	[[0.0, 0.0, -0.9976019194880003], [0.7071067811865475, -0.7071067811865476, 0.0], [-0.7054110821946813, -0.7054110821946812, 0.0]]
5	[[0.8787972042104137, -0.3840163418041313, 0.28327887866788265], [-0.395223040501579, -0.9183905790867732, -0.018907472103605397], [0.2674214316928388, -0.09534250611366366, -0.9588511794847616]]	0.804458150913417	0.195541849086583	[[0.7069555739269899, -0.3089250762482862, 0.22788600292599112], [-0.3179403963602788, -0.7388067870684479, -0.01521027004691341], [0.21512935045423975, -0.07669905617164902, -0.7713556468494602]]	0.86435302039132	0.22760480715148623	[[0.7072980718097093, -0.3194510105293313, 0.15914707169583697], [-0.35764242743024566, -0.8410092025056155, -0.02619531217321186], [0.14356459858968768, -0.0637728343469141, -0.8287859130934334]]	[[-0.05229294596100957, 0.012474674388695192, -0.0857058826938137], [-0.016030198644464762, -0.04719553157302945, -0.00985258155249591], [-0.08758192361138854, 0.018636748784108988, 0.0]]	0.4686047458059807	[[0.7059758628849891, -0.705975862884989, 0.0], [-0.7071067811865475, -0.7071067811865476, 0.0], [0.0, 0.0, -0.9984006400000002]]
5	[[0.3802729664721569, 0.7767473726770865, -0.5020517802076895], [0.4287143634067757, 0.332951791095048, 0.839849450446521], [0.8195098935212374, -0.5346088512602871, -0.20639019011321075]]	0.8372555916904937	0.16274440830950643	[[0.318385667547545, 0.6503360811047905, -0.4203456602970547], [0.35894349800035336, 0.27876574885769406, 0.7031686485645379], [0.686139240796337, -0.4476042500849069, -0.1728013407423497]]	0.8895801897496208	0.19445253715998337	[[0.3444552211149129, 0.669424750725977, -0.4466153179012912], [0.4031665963412102, 0.3021671890858341, 0.7219951514822978], [0.7140814429370161, -0.46063911970265536, -0.09221248310282382]]	[[0.006171923443960293, -0.021554324447625128, 3.9056328911518376e-19], [0.02179079159342283, 0.005979871586025273, -0.025118282007033227], [-0.014938323643297627, 0.01493832364329763, 0.09138814138054653]]	0.3665858340338509	[[0.49840191897620484, 0.49840191897620495, -0.7048467533289255], [0.5, 0.5000000000000001, 0.7071067811865475], [0.7048467533289255, -0.7048467533289254, 0.0]]
5	[[-0.5446221603179724, 0.8109226453022452, -0.2139887049042392], [-0.8354447797583356, -0.5021691245819775, 0.22328947644507607], [0.07361197229480154, 0.30038414347728, 0.9509735242804028]]	0.8856138285062924	0.11438617149370761	[[-0.48232491648856735, 0.7181643085285716, -0.18951135620734655], [-0.7398814499073758, -0.4447279209786984, 0.1977482480996894], [0.06519178060789832, 0.2660243513274974, 0.8421953036460893]]	0.8865573631842715	0.11365167270110152	[[-0.4833637074182162, 0.7184045211305798, -0.18956908094715447], [-0.7402460738089682, -0.4458296115774529, 0.1979589294639432], [0.06536318743623704, 0.2662058228038191, 0.8438349305909498]]	[[-0.0005249210349930261, -0.0005249210349930261, 0.0001441810239650786], [0.000423647219646112, -0.0006278766155009208, 0.0], [0.00010195137976412721, -0.0001019513797641272, 0.0007423504468620595]]	0.3807730735742861	[[-0.7059758628849891, 0.705975862884989, 0.0], [-0.7071067811865475, -0.7071067811865476, 0.0], [0.0, 0.0, 0.9984006400000002]]
5	[[0.04673222253661188, -0.9725397674033924, -0.22799671093185395], [-0.8377629715199755, -0.16246744520517667, 0.5213036857710898], [-0.5440306084466285, 0.16664552219444034, -0.8223502702654952]]	0.743133511108107	0.2568664888918932	[[0.03472828061551789, -0.7227268920427449, -0.16943199631588868], [-0.6225697385020001, -0.12073500299608697, 0.38739823836066734], [-0.4042873762052228, 0.12383987201879842, -0.6111160437030981]]	0.8184264019006089	0.310265331144697	[[-0.03739155921312382, -0.9116592630008096, -0.16415338848212693], [-0.6801907098883926, -0.14788939817621388, 0.28403181503369446], [-0.3288301188603573, 0.05009099928718049, -0.64787361766843]]	[[-0.07563844395658148, -0.11570704045959611, 0.022445139291003544], [0.005456624538263222, -0.014921751570956933, -0.1426168848094642], [0.11641889453441588, -0.08629609583526338, 0.025159555126952594]]	0.6067468756805205	[[1.9919462871687747e-16, -0.9976019194880003, 0.0], [-1.0, -1.7938038903913487e-16, 0.0], [0.0, 0.0, -0.9976019194880003]]
5	[[0.8489524140446696, -0.5135124485683378, 0.12483895166604869], [0.522794976890395, 0.7815435453534784, -0.34040431673891397], [0.0772347773085365, 0.35425224329800037, 0.9319550081910795]]	0.8860672958858311	0.11393270411416895	[[0.7522289698483088, -0.4550065867066592, 0.11061571232395775], [0.46323153147596785, 0.6925001758483822, -0.3016211324407134], [0.06843521027811927, 0.31389132728054864, 0.8257748539951276]]	0.9248563296596637	0.13160774601568623	[[0.7805934699268909, -0.49334549979689263, 0.06839781974518923], [0.5096403081238162, 0.6681383455538118, -0.29154459887174505], [0.026782024508035365, 0.30635187829148774, 0.8645072532886079]]	[[-0.004565543782173328, -0.018420261379432926, -0.047060274891232726], [0.026130064632456786, -0.054677149271007114, 0.023280488107712546], [-0.04464904815561918, -0.021280551218803036, 0.002582765005064629]]	0.42724466581540005	[[0.7065410957615984, -0.7065410957615983, 0.0], [0.7071067811865475, 0.7071067811865476, 0.0], [0.0, 0.0, 0.9992000000000001]]
5	[[-0.8305561570912853, 0.32773595720904825, 0.4502950280316503], [-0.5100865793185324, -0.772219296347621, -0.37879947194723407], [0.22358030216652452, -0.5443036842615101, 0.808545204538665]]	0.8210151865225896	0.1789848134774103	[[-0.681899218231787, 0.2690761980381462, 0.3696990564296001], [-0.4187888280618746, -0.634003769627185, -0.311000119115417], [0.1835628234860261, -0.4468815908588965, 0.6638278919162576]]	0.8601207166984909	0.19726679510539766	[[-0.7143785570957008, 0.3320357061760136, 0.42609875639905903], [-0.48905582966262573, -0.6425559975202572, -0.37389032891289226], [0.08679569064486337, -0.5129758087221726, 0.697645915217783]]	[[6.210783061391964e-19, 0.050143219773501085, 0.038790674162708864], [-0.05031979548088797, 0.021645817102663, -0.048077055616627354], [-0.10551035909427285, -0.04480893371353356, 0.0021994344068584273]]	0.36336850295579914	[[-0.7042828759262625, 0.49800319744102406, 0.49800319744102395], [-0.7071067811865475, -0.5000000000000001, -0.5], [0.0, -0.7042828759262624, 0.7042828759262625]]
5	[[-0.42203838922340475, -0.825029846081567, 0.3757783270710803], [0.2588054115689476, 0.28760896992378115, 0.9221175843470338], [-0.8688517462515349, 0.4864224845687207, 0.09214016247897017]]	0.8626455764893194	0.13735442351068058	[[-0.36406954957224774, -0.7117083471939281, 0.32416351158842405], [0.2232573434614504, 0.24810460566339956, 0.7954606551399858], [-0.7495111155289073, 0.41961020461815113, 0.07948430357949078]]	0.8854847733303105	0.18753491864611568	[[-0.3045974227752846, -0.6922064151771252, 0.35799488177818733], [0.253952281178434, 0.23315816922908064, 0.8338570988108441], [-0.8002486005833609, 0.3998224505375486, 0.020727650597927562]]	[[0.06911114464289127, 0.0383449510711521, 0.025248895009208384], [0.02478402997864672, -0.021515194311642838, 0.017336018651417345], [-0.03089360899617609, -0.03089725295355147, -0.06086106028938132]]	0.4771865082607915	[[-0.49840191897620484, -0.49840191897620495, 0.7048467533289255], [0.5, 0.5000000000000001, 0.7071067811865475], [-0.7048467533289255, 0.7048467533289254, 0.0]]
5	[[0.8592155572171323, 0.2624339665249735, -0.4391776855101157], [-0.4266000482917053, 0.8413623931712975, -0.33184593135155627], [0.2824199444684594, 0.4724804086637203, 0.8348660002631537]]	0.8658476328078102	0.1341523671921898	[[0.7439497562880976, 0.22722782868401242, -0.3802609593809466], [-0.3693706419690706, 0.7284916364608821, -0.287328014117648], [0.2445326403757288, 0.409096043389549, 0.7228667500395763]]	0.8931952005157855	0.14535411736390758	[[0.7787067766923934, 0.15512381911570125, -0.39027146159726467], [-0.36580610624311644, 0.7595238766579843, -0.37492697311490875], [0.3093600270030651, 0.4237860751572458, 0.7612846197995572]]	[[0.011259564777554555, -0.07928094023672541, 0.001999939274001749], [0.015231009430837082, 0.008023025182906105, -0.07852377992100781], [0.057103888073902445, 0.0017688418010737969, 0.01558631529069761]]	0.4143637647856165	[[0.8501446354041554, -0.14586175947789282, -0.49800319744102395], [-0.14644660940672619, 0.8535533905932737, -0.5], [0.49800319744102395, 0.49800319744102406, 0.7042828759262625]]
5	[[0.034229894132735264, 0.2773841392786001, 0.9601491309293217], [-0.1827544195208179, -0.9427759796974285, 0.2788803941677556], [0.9825625356654255, -0.18501754344446375, 0.018422055382213542]]	0.8688563275148053	0.13114367248519482	[[0.029740860107388946, 0.24100696456445977, 0.8342316477657826], [-0.1587873337819579, -0.8191368753890805, 0.24230699509247747], [0.8537056762918964, -0.16075366332296773, 0.016006119384664418]]	0.9369330041947896	0.12234882390265102	[[0.012219063611614766, 0.25120414884027115, 0.8916758914764646], [-0.1632513553879523, -0.8262410507659771, 0.256239856436524], [0.9282189751529757, -0.16759461777768056, -0.0010816273245285728]]	[[-0.01985205393143849, -0.008686206090013625, -0.007919518240161256], [0.007977291923562545, 0.05707688017462067, -0.005052389082098312], [0.007623706802718499, 0.005754425030480877, -0.018341859017228703]]	0.33872902865032545	[[0.0, 0.0, 0.9992000000000001], [0.0, -1.0, 0.0], [0.9992000000000001, 0.0, 0.0]]
5	[[0.5319609947059123, -0.8460851799387872, 0.03402011756955908], [-0.703274286200726, -0.4190807785627857, 0.5742617690636116], [-0.47161719485230363, -0.3294103357928521, -0.8179645788128509]]	0.8368628196731611	0.16313718032683885	[[0.4451783779857294, -0.7080572293672474, 0.02847017151487367], [-0.5885441021535692, -0.3507131220188766, 0.4805783232890718], [-0.3946788954904455, -0.275671262441089, -0.684524143818092]]	0.9051774176527173	0.13884080829097545	[[0.5428044120455326, -0.7539135795585741, -0.006419636452111127], [-0.5877983155846136, -0.393136266821927, 0.5829412125332737], [-0.412439413137722, -0.38061086238931746, -0.7493742110905339]]	[[0.06128533256566433, 0.011943618732651736, -0.037213878621966456], [0.04878968670011758, -0.013793809894574406, 0.06313242735559262], [0.01445782141930454, -0.08243606528822918, -0.008971145909325125]]	0.2831641512720798	[[0.7042828759262625, -0.7042828759262624, 0.0], [-0.5, -0.5000000000000001, 0.7071067811865475], [-0.49800319744102395, -0.49800319744102406, -0.7042828759262625]]
5	[[0.22433838825039393, -0.7661379269479729, -0.6022499185961573], [-0.9416906372873723, -0.011392912655017143, -0.3362869982418849], [0.2507808429735371, 0.642575192824231, -0.724020780340167]]	0.7507537837395009	0.24924621626049936	[[0.16842289381700448, -0.5751809475225281, -0.4521414051428714], [-0.7069778090555564, -0.00855327228356783, -0.25246873635249395], [0.18827466675176457, 0.48241575734993086, -0.5435613403464066]]	0.7955784121511805	0.33426441503442483	[[0.23692926231734296, -0.6254375839709244, -0.38267936873899944], [-0.8243631009064756, 0.02623853732214272, -0.18650525710918847], [0.18590915608474012, 0.38267936873899944, -0.5376677416610804]]	[[0.058450483608539425, -0.015914788560859077, 0.09645766521590912], [-0.07517435895575467, 0.03530249268199838, 0.08103741897917717], [-0.013606668766081074, -0.12853958285584108, 0.03834756112640832]]	0.5937469744111681	[[0.7042828759262625, -0.49800319744102406, -0.49800319744102395], [-0.7071067811865475, -0.5000000000000001, -0.5], [0.0, 0.7042828759262624, -0.7042828759262625]]
5	[[-0.3195682178843842, -0.5708200961323295, -0.7563336379995778], [0.910087742671785, 0.03735879733279218, -0.41272826520656647], [0.2638493031197415, -0.8202248094963509, 0.507557688474819]]	0.8366616828509649	0.16333831714903535	[[-0.2673704829608327, -0.4775833022352244, -0.6327953743655191], [0.7614355423258113, 0.031256674245742085, -0.34531392492788515], [0.22075260196721716, -0.6862506694293291, 0.4246540697832878]]	0.862730765981762	0.17555630279984918	[[-0.2560970177015392, -0.5746630323723063, -0.6728380891839355], [0.8290639296695329, 0.025718084406483984, -0.273577533982842], [0.15513495556762802, -0.7214955227441018, 0.4997588166213046]]	[[0.019604315697282118, -0.08219897359827859, -0.020325790334786997], [0.043903234323690934, -0.0065124994325932994, 0.08249583840114283], [-0.07249595581662065, -0.013862344570070063, 0.0618731832634916]]	0.4622395443001141	[[1.988760447954929e-16, -0.7042828759262625, -0.7042828759262624], [1.0, 1.2684108950145333e-16, 1.268410895014533e-16], [0.0, -0.7042828759262624, 0.7042828759262625]]
