5	[[-0.5446221603179724, 0.8109226453022452, -0.2139887049042392], [-0.8354447797583356, -0.5021691245819775, 0.22328947644507607], [0.07361197229480154, 0.30038414347728, 0.9509735242804028]]	0.6757594264303868	0.3242405735696134	[[-0.3680335586777511, 0.5479886216688572, -0.14460488448866998], [-0.5645596851837535, -0.3393455195985665, 0.15088996853046596], [0.04974398417634461, 0.20298741650498975, 0.6426293233182085]]	0.7984845162659857	0.29798288436118375	[[-0.47457029860971384, 0.6126195201290661, -0.10748304410591525], [-0.7347712538631958, -0.40579017497061204, 0.09714495218622535], [0.07420527214663822, 0.11075025451806098, 0.7363410248298583]]	[[-0.039697936380481615, -0.03488965603423078, 0.06338362341593096], [-0.06768153303091819, -0.004815904445058282, -0.08114823740030644], [0.015427252057438487, -0.12910183298036731, -0.022996609686938695]]	0.41571808924016185	[[-0.6314640332691167, 0.6314640332691166, 0.0], [-0.7071067811865475, -0.7071067811865476, 0.0], [0.0, 0.0, 0.8930250000000001]]
5	[[0.8592155572171323, 0.2624339665249735, -0.4391776855101157], [-0.4266000482917053, 0.8413623931712975, -0.33184593135155627], [0.2824199444684594, 0.4724804086637203, 0.8348660002631537]]	0.6383210312368198	0.3616789687631801	[[0.5484553605375587, 0.1675171201437902, -0.2803363531110168], [-0.2723077827512385, 0.5370593104529814, -0.21182423711206833], [0.18027459019495243, 0.3015941816974201, 0.5329125262325354]]	0.7683155333788678	0.41330482799598844	[[0.5032575736331832, 0.20510294822423317, -0.29369366762539895], [-0.3569414035684504, 0.7486702626032722, -0.24982225708239844], [0.24479001196163813, 0.3288910262218787, 0.5008865285302208]]	[[-0.15689108549751887, 0.003470855256866183, 0.04373337006540226], [-0.029177959925758144, 0.10223846672894604, 0.0051401266635796635], [0.027802381690523546, -0.03412301097165295, -0.14055398776184633]]	0.4991025229655602	[[0.64326472194686, -0.1103667778937653, -0.3768157499203125], [-0.14644660940672619, 0.8535533905932737, -0.5], [0.3768157499203125, 0.37681574992031264, 0.5328979440530947]]
5	[[-0.42203838922340475, -0.825029846081567, 0.3757783270710803], [0.2588054115689476, 0.28760896992378115, 0.9221175843470338], [-0.8688517462515349, 0.4864224845687207, 0.09214016247897017]]	0.6251443532002293	0.3748556467997708	[[-0.26383491585673197, -0.5157627494995459, 0.23491569922351463], [0.1617907416199889, 0.17979712347758636, 0.5764566008411842], [-0.5431577629373054, 0.3040842694977614, 0.05760090227667981]]	0.7963994000895417	0.3363477980856775	[[-0.2540891021731148, -0.5434045484518852, 0.30288455150368077], [0.2685560193702497, 0.2384142025155397, 0.8258479894221508], [-0.6345706203856547, 0.3352983467844891, 0.024037907559932906]]	[[0.08202201781916137, 0.11364872602344164, 0.0036149172576207776], [0.062443544856812846, 0.009362591407869322, 0.0914740984361555], [0.057382389095818484, -0.052088228116104376, -0.04934246256247182]]	0.5366836414899177	[[-0.3987468253125, -0.3987468253125001, 0.563913168310153], [0.5, 0.5000000000000001, 0.7071067811865475], [-0.563913168310153, 0.5639131683101529, 0.0]]
5	[[-0.3195682178843842, -0.5708200961323295, -0.7563336379995778], [0.910087742671785, 0.03735879733279218, -0.41272826520656647], [0.2638493031197415, -0.8202248094963509, 0.507557688474819]]	0.6216166229873077	0.3783833770126923	[[-0.19864891641536297, -0.35483126049106906, -0.47014956190500234], [0.5657256692217769, 0.023222849436877517, -0.2565587504291157], [0.1640131127828482, -0.5098653761695295, 0.3155062962809609]]	0.7272232327506023	0.34072165359947365	[[-0.25906870726779446, -0.3890630748492564, -0.5406926248084692], [0.7459773975876406, 0.0932167530245411, -0.3564663353260226], [0.22462347495830773, -0.5633014946849488, 0.2893826827408582]]	[[-0.02667127477356381, 0.026050560779105957, 0.009330768455607463], [0.0841404472751666, 0.06604856765651332, -0.05632075205495542], [0.03274613178457575, 0.033185042859234286, -0.07972506027922283]]	0.5590587294939122	[[1.504802104602432e-16, -0.5328979440530947, -0.5328979440530945], [1.0, 1.2684108950145333e-16, 1.268410895014533e-16], [0.0, -0.5328979440530945, 0.5328979440530947]]
5	[[0.8489524140446696, -0.5135124485683378, 0.12483895166604869], [0.522794976890395, 0.7815435453534784, -0.34040431673891397], [0.0772347773085365, 0.35425224329800037, 0.9319550081910795]]	0.728322194500292	0.2716778054997081	[[0.6183108852233345, -0.37400251344451013, 0.09092297923653246], [0.380763184842542, 0.5692155100493836, -0.2479240189846583], [0.05625180250109467, 0.25800977124545094, 0.6787635167412646]]	0.869687411814658	0.2179397320260174	[[0.6948475092904054, -0.44579078507554837, 0.05204978653615639], [0.5023587638890777, 0.6659429938977088, -0.30412619084882553], [0.027203675881759152, 0.2616778589951212, 0.7753724989249626]]	[[-0.043475718433909155, 0.0008045272544569704, -0.05652107823194469], [0.047690553527566217, -0.013755589281209605, -0.008080841653622354], [-0.03996643769778345, -0.046410857608253295, -0.035137040076445636]]	0.44527051017274066	[[0.6682159082212875, -0.6682159082212874, 0.0], [0.7071067811865475, 0.7071067811865476, 0.0], [0.0, 0.0, 0.9450000000000001]]
5	[[-0.8305561570912853, 0.32773595720904825, 0.4502950280316503], [-0.5100865793185324, -0.772219296347621, -0.37879947194723407], [0.22358030216652452, -0.5443036842615101, 0.808545204538665]]	0.6174604774781438	0.3825395225218561	[[-0.5128356013299973, 0.20236400062505547, 0.2780393830144569], [-0.3149583028212141, -0.47681489544063826, -0.2338937028170079], [0.13805200013044994, -0.33608601277722483, 0.49924470805710763]]	0.7552803953567288	0.3982803712220614	[[-0.592874482349694, 0.23389521821777534, 0.19472081417101364], [-0.5688077383477073, -0.623214852314949, -0.2915493776173479], [0.1669296519811364, -0.25320138464562547, 0.5733661300846888]]	[[0.034428300344177244, -0.01363732511569054, -0.14537819262790042], [-0.18354934505384468, -0.039972756867422986, -0.005449562684120824], [-0.0019361670331730675, 0.15790051719753193, -0.03731221166306114]]	0.481932005903947	[[-0.5328979440530947, 0.37681574992031264, 0.3768157499203125], [-0.7071067811865475, -0.5000000000000001, -0.5], [0.0, -0.5328979440530945, 0.5328979440530947]]
5	[[0.034229894132735264, 0.2773841392786001, 0.9601491309293217], [-0.1827544195208179, -0.9427759796974285, 0.2788803941677556], [0.9825625356654255, -0.18501754344446375, 0.018422055382213542]]	0.8172937122006498	0.18270628779935014	[[0.027975877243978434, 0.2267043128965892, 0.7847238474834533], [-0.14936403795124414, -0.7705248802205159, 0.22792719260934546], [0.8030421822432791, -0.15121367490397078, 0.015056230029695267]]	0.8943831971738709	0.1614716411519095	[[0.009139521295137147, 0.22345931696804766, 0.8195918309906562], [-0.16660665426265428, -0.825236826225215, 0.25530897006779746], [0.8507437309418944, -0.1520376912861223, 0.0]]	[[-0.021475120858221744, -0.024628396365269027, -0.039149418493623946], [-0.0031541722339702705, 0.017966168715299123, 0.005883031502930835], [-0.028043691129814287, 0.013438890752992748, -0.01647637679125826]]	0.3623279194833709	[[0.0, 0.0, 0.9450000000000001], [0.0, -1.0, 0.0], [0.9450000000000001, 0.0, 0.0]]
5	[[0.8787972042104137, -0.3840163418041313, 0.28327887866788265], [-0.395223040501579, -0.9183905790867732, -0.018907472103605397], [0.2674214316928388, -0.09534250611366366, -0.9588511794847616]]	0.6434011317194938	0.35659886828050635	[[0.5654191157409072, -0.24707654891555803, 0.18226195112714486], [-0.2542869515403353, -0.5908935379449511, -0.012165088949414461], [0.17205925179721976, -0.061343476334503946, -0.6169259340310669]]	0.817874316383875	0.29214959999581136	[[0.6469674763125861, -0.26564855692549894, 0.16213957844370222], [-0.3188760177438145, -0.8542847916470195, -0.03291161450597226], [0.154221596738148, -0.048506593364366954, -0.7448286042854857]]	[[-0.0717781863210666, 0.04842854610779143, -0.069546940792783], [0.004366756325570946, -0.10315672460303375, -0.017447678684688807], [-0.06449552389402964, 0.02947159364567111, 0.03939114864948594]]	0.4940511968000499	[[0.6314640332691167, -0.6314640332691166, 0.0], [-0.7071067811865475, -0.7071067811865476, 0.0], [0.0, 0.0, -0.8930250000000001]]
5	[[0.3802729664721569, 0.7767473726770865, -0.5020517802076895], [0.4287143634067757, 0.332951791095048, 0.839849450446521], [0.8195098935212374, -0.5346088512602871, -0.20639019011321075]]	0.6306234763396595	0.36937652366034074	[[0.23980906007466635, 0.4898351283953213, -0.3166056389370878], [0.27035734220832497, 0.20996721595387519, 0.5296287800425379], [0.516802177947107, -0.3371368922637143, -0.1301544991715962]]	0.7959607023383668	0.3173671337752042	[[0.34371346795126395, 0.5050478899909735, -0.40039790671615594], [0.4061038031121937, 0.30393087814202485, 0.7197884886381974], [0.5767002335344944, -0.41536581149478485, -0.06451852729256566]]	[[0.041031130477791763, -0.11321249430456137, -0.0007844191318160457], [0.06486401731239064, 0.03891433665719322, 0.05130133020229315], [-0.07559743688590995, 0.010161825230660781, 0.09975995338569466]]	0.4186001018285955	[[0.3987468253125, 0.3987468253125001, -0.563913168310153], [0.5, 0.5000000000000001, 0.7071067811865475], [0.563913168310153, -0.5639131683101529, 0.0]]
5	[[-0.30792515101507295, 0.09349718223056193, 0.9468053539599837], [0.3027085282091916, -0.9338174967034747, 0.1906631317268273], [0.9019698710720718, 0.34531602882779927, 0.2592434992682147]]	0.6682194466006124	0.33178055339938756	[[-0.20576157400570202, 0.06247663536882271, 0.6326737496616375], [0.20227572520123188, -0.6239950108731652, 0.12740481236964024], [0.6027138080982056, 0.2307468856856332, 0.17323154761581272]]	0.8209413003972236	0.2890248919204643	[[-0.22337086106370882, 0.07134187964730265, 0.7219693822703471], [0.24940682357749117, -0.8471714219037082, 0.1195540023807725], [0.6609836938527343, 0.24812512985086538, 0.1520289814164062]]	[[0.029417612835616565, -0.005413818716531066, -0.05530223623261528], [0.0009008907881078044, -0.08056207182627748, -0.03696923691685626], [-0.07948062502428853, -0.03535905990303331, -0.06079471399236867]]	0.47641946176047156	[[0.0, 0.0, 0.9450000000000001], [0.0, -1.0, 0.0], [0.9450000000000001, 0.0, 0.0]]
5	[[0.08740825448676931, -0.06334395238859675, -0.994156597696443], [0.7119981850616444, -0.6940087028176986, 0.10681996481098455], [-0.6967197295301035, -0.717174639895393, -0.015561310176609944]]	0.720223661453415	0.27977633854658507	[[0.06295349308771289, -0.04562181332024594, -0.7160151048510017], [0.5127979397932837, -0.4998414890238979, 0.07693426617249224], [-0.5017940346090042, -0.5165261450469945, -0.0112076237924103]]	0.8828115685808742	0.18965143948189783	[[0.04933519537512475, -0.04933519537512476, -0.8092660154968021], [0.6814823677373774, -0.6689229448937374, 0.08748721992601233], [-0.5820737891055396, -0.5926727943683094, 0.0]]	[[-0.0278298228752563, 0.006585578593164539, 0.06838692993061979], [0.052922133156371565, -0.05624403335046707, -0.006814680764526724], [0.03299844818217346, 0.040457274424166, 0.013737704646186542]]	0.20812124057499165	[[0.0, 0.0, -0.8439086250000002], [0.7071067811865475, -0.7071067811865476, 0.0], [-0.5967335114393154, -0.5967335114393153, 0.0]]
5	[[0.22433838825039393, -0.7661379269479729, -0.6022499185961573], [-0.9416906372873723, -0.011392912655017143, -0.3362869982418849], [0.2507808429735371, 0.642575192824231, -0.724020780340167]]	0.6010204638515397	0.39897953614846027	[[0.13483196216595858, -0.46046457222852766, -0.3619645254292144], [-0.5659753436271084, -0.006847373648538472, -0.20211536767057958], [0.1507244185690354, 0.38620084045071185, -0.43515130523820095]]	0.7350786342360817	0.44153835542305864	[[0.20752569560902862, -0.48017260290959185, -0.35696945393453927], [-0.8113114724887508, 0.045310413899351046, -0.20745671546509872], [0.16544541336293359, 0.35696945393453927, -0.40068714720882864]]	[[0.04261933956720526, 0.08299901806778687, 0.08573159369591543], [-0.1190948049586438, 0.05368510057377192, 0.03974067191389767], [-0.018898226182627362, -0.11537384120068336, 0.1315250591621634]]	0.6828081866439593	[[0.5328979440530947, -0.37681574992031264, -0.3768157499203125], [-0.7071067811865475, -0.5000000000000001, -0.5], [0.0, 0.5328979440530945, -0.5328979440530947]]
5	[[0.5319609947059123, -0.8460851799387872, 0.03402011756955908], [-0.703274286200726, -0.4190807785627857, 0.5742617690636116], [-0.47161719485230363, -0.3294103357928521, -0.8179645788128509]]	0.648600928361645	0.3513990716383551	[[0.34503039501843885, -0.5487716331813268, 0.022065479838588344], [-0.45614435492266403, -0.27181618203434377, 0.37246671653725905], [-0.3058913504125189, -0.21365584960716508, -0.5305325851849569]]	0.7617227214838906	0.3194294126661208	[[0.4268792554227625, -0.5840857003622832, 0.02723394899236071], [-0.602201551059104, -0.3759745360004238, 0.5651662324282704], [-0.29837324212969174, -0.314488628639497, -0.5776061710334788]]	[[0.021672478812097384, 0.0603966055078771, 0.0013200524520742482], [-0.06650154782464648, -0.05675118483199081, 0.12773799485298273], [0.06086829103180336, -0.06356929117444347, 0.04545603401727046]]	0.40449687609009244	[[0.5328979440530947, -0.5328979440530945, 0.0], [-0.5, -0.5000000000000001, 0.7071067811865475], [-0.3768157499203125, -0.37681574992031264, -0.5328979440530947]]
5	[[0.04673222253661188, -0.9725397674033924, -0.22799671093185395], [-0.8377629715199755, -0.16246744520517667, 0.5213036857710898], [-0.5440306084466285, 0.16664552219444034, -0.8223502702654952]]	0.5959093584802618	0.4040906415197381	[[0.027848168752149266, -0.5795455488898986, -0.13586537374701077], [-0.4992307949169864, -0.09681587104614395, 0.310649744961246], [-0.3241929308730569, 0.09930562622449716, -0.49004622199998116]]	0.7440754641199012	0.4151153956168142	[[-0.013616328113662429, -0.7694935529370394, -0.1287247036972285], [-0.6801687239965477, -0.1532708354531679, 0.2801353034613456], [-0.2686081094789732, 0.03238907472685338, -0.554121980445212]]	[[-0.04838862828694653, -0.04585057413129938, 0.0409220548072017], [-0.05680985214035449, -0.03238279575775136, -0.10775397847619321], [0.13619171799638422, -0.09160776954347813, 0.057768678571712556]]	0.6563805332417154	[[1.6850615655803944e-16, -0.8439086250000002, 0.0], [-1.0, -1.7938038903913487e-16, 0.0], [0.0, 0.0, -0.8439086250000002]]
