5	[[-0.5446221603179724, 0.8109226453022452, -0.2139887049042392], [-0.8354447797583356, -0.5021691245819775, 0.22328947644507607], [0.07361197229480154, 0.30038414347728, 0.9509735242804028]]	0.823665211603777	0.17633478839622313	[[-0.44858632692240885, 0.6679287722371684, -0.17625505190576837], [-0.6881268013029204, -0.41361923825969793, 0.18391577386503016], [0.060631620736769094, 0.24741596909963312, 0.7832838091060074]]	0.8530465191682499	0.15624321070731775	[[-0.46461364036476394, 0.6917291376461648, -0.1523900778080759], [-0.7346398760400401, -0.4503930572474757, 0.19047631064837306], [0.08411529155800113, 0.2349207931838188, 0.8112608617487226]]	[[-2.560224362494433e-05, -2.5602243624944325e-05, 0.030152242051807162], [-0.021966614709906605, -0.022019433489052526, 0.0], [0.021320854822811024, -0.02132085482281102, 3.6207040161576377e-05]]	0.3888793256784038	[[-0.685495589770228, 0.6854955897702278, 0.0], [-0.7071067811865475, -0.7071067811865476, 0.0], [0.0, 0.0, 0.9694371599999998]]
5	[[-0.42203838922340475, -0.825029846081567, 0.3757783270710803], [0.2588054115689476, 0.28760896992378115, 0.9221175843470338], [-0.8688517462515349, 0.4864224845687207, 0.09214016247897017]]	0.7829216882184309	0.2170783117815692	[[-0.3304230081837753, -0.6459337599247728, 0.2942050022263879], [0.2026243697456263, 0.22517530027949068, 0.721945855872881], [-0.6802428759867833, 0.3808307128059465, 0.07213853156075584]]	0.8624533222807057	0.22450591365071237	[[-0.28810308673944596, -0.6517053204494192, 0.34323043018480753], [0.2582447260917935, 0.2338054178676045, 0.8305472564430305], [-0.7575870268378339, 0.38447102529350385, 0.022968267334972894]]	[[0.0758853241762771, 0.059844411284367446, 0.019139163561268664], [0.03503713905992929, -0.014243893760892192, 0.03526388228947247], [-0.008242951713804724, -0.035045662554824566, -0.056498321910498944]]	0.4893560507981803	[[-0.4699042035944325, -0.46990420359443263, 0.6645448977393748], [0.5, 0.5000000000000001, 0.7071067811865475], [-0.6645448977393748, 0.6645448977393746, 0.0]]
5	[[0.3802729664721569, 0.7767473726770865, -0.5020517802076895], [0.4287143634067757, 0.332951791095048, 0.839849450446521], [0.8195098935212374, -0.5346088512602871, -0.20639019011321075]]	0.7957520109975232	0.2042479890024768	[[0.3026029777982126, 0.6180982838448342, -0.3995087137251555], [0.34115031682446484, 0.26494705732911167, 0.6683118891279841], [0.6521266458018908, -0.4254160684874494, -0.1642354088327486]]	0.8665942389294412	0.22056613403891262	[[0.34480531272531834, 0.6250817552618674, -0.42720197012274974], [0.4036302175423676, 0.3039315377313812, 0.7222623474188804], [0.6714791188924466, -0.45297158372079815, -0.08575154982911819]]	[[0.015262950759938589, -0.0480430430036755, 0.007873210249503939], [0.03210882006775294, 0.01539743372717381, -0.005546347906131951], [-0.03870343357873757, 0.01031736686205316, 0.09310499989454238]]	0.3731797744282504	[[0.4699042035944325, 0.46990420359443263, -0.6645448977393748], [0.5, 0.5000000000000001, 0.7071067811865475], [0.6645448977393748, -0.6645448977393746, 0.0]]
5	[[0.8787972042104137, -0.3840163418041313, 0.28327887866788265], [-0.395223040501579, -0.9183905790867732, -0.018907472103605397], [0.2674214316928388, -0.09534250611366366, -0.9588511794847616]]	0.7661229642282925	0.23387703577170757	[[0.6732667190452182, -0.2942037380950861, 0.21702645422830508], [-0.3027894473203882, -0.7036001127692967, -0.014485448574077908], [0.2048776999466915, -0.0730440834007541, -0.7345979078806603]]	0.8521494140757345	0.24270982511516034	[[0.696075403493343, -0.31637826352966, 0.14921960808083196], [-0.3600495400652949, -0.8405070006285683, -0.025000622120779015], [0.13568843562795466, -0.05690367215754684, -0.8170844707837664]]	[[-0.05279111916595462, 0.010861037134237474, -0.09217632239603535], [-0.02326045767264409, -0.05790100676710029, -0.008888630846038387], [-0.09219458070039199, 0.024342388563723782, 0.0]]	0.47410484232801664	[[0.685495589770228, -0.6854955897702278, 0.0], [-0.7071067811865475, -0.7071067811865476, 0.0], [0.0, 0.0, -0.9694371599999998]]
5	[[0.034229894132735264, 0.2773841392786001, 0.9601491309293217], [-0.1827544195208179, -0.9427759796974285, 0.2788803941677556], [0.9825625356654255, -0.18501754344446375, 0.018422055382213542]]	0.866542720515552	0.13345727948444813	[[0.029661665584739746, 0.24036520667834294, 0.8320102400161375], [-0.1583645118778101, -0.8169556622837244, 0.24166177546057646], [0.8514324127321771, -0.16032560543946997, 0.015963497988391487]]	0.9263846006455169	0.12404038139140053	[[0.010088774411110484, 0.2404851233839317, 0.8742316328588164], [-0.16412777483859745, -0.8273825578812241, 0.2526075950267045], [0.9080030265502654, -0.16313267390259886, 0.0]]	[[-0.0216212723951818, -0.016479271707074694, -0.015235736357283534], [0.005173105105398688, 0.04599059156896429, -0.005742907552256144], [-0.002227775661396314, 0.008264729193615261, -0.017065908418321483]]	0.3448745788672286	[[0.0, 0.0, 0.9845999999999999], [0.0, -1.0, 0.0], [0.9845999999999999, 0.0, 0.0]]
5	[[-0.3195682178843842, -0.5708200961323295, -0.7563336379995778], [0.910087742671785, 0.03735879733279218, -0.41272826520656647], [0.2638493031197415, -0.8202248094963509, 0.507557688474819]]	0.7937565287308537	0.20624347126914638	[[-0.25365935932061395, -0.45309217803581014, -0.600344763060923], [0.7223880874636545, 0.029653789288436615, -0.32760575509947126], [0.20943210695238074, -0.6510587975647494, 0.40287722893442834]]	0.8290565336584739	0.18600844405759415	[[-0.2889257041788, -0.5023229843088899, -0.6291891888722361], [0.7916918865352579, 0.006875709378629604, -0.30137026745146744], [0.18130946822435062, -0.6705810333909438, 0.4462738563566059]]	[[-0.023985585192156576, -0.02908085406682388, -0.0021458446630030943], [0.03717769727072248, -0.024096845639744582, 0.04080479744356366], [-0.03743652042830621, 0.009431703990782875, 0.02547983851796489]]	0.48541853343524294	[[1.8476491415921373e-16, -0.6543109063141883, -0.6543109063141882], [1.0, 1.2684108950145333e-16, 1.268410895014533e-16], [0.0, -0.6543109063141882, 0.6543109063141883]]
5	[[0.22433838825039393, -0.7661379269479729, -0.6022499185961573], [-0.9416906372873723, -0.011392912655017143, -0.3362869982418849], [0.2507808429735371, 0.642575192824231, -0.724020780340167]]	0.7158177661008077	0.2841822338991923	[[0.16058540392805273, -0.5484151393930019, -0.4311011913638946], [-0.674078888341093, -0.008155249286096006, -0.2407202078502523], [0.17951338279819476, 0.4599667390792368, -0.518266937593662]]	0.774509489905061	0.3698940364411661	[[0.2257854076744667, -0.5821169262767976, -0.36115730683875646], [-0.8372375955767002, -0.014746705947204355, -0.1566541188196398], [0.147224857887461, 0.36115730683875646, -0.5284154464340389]]	[[0.052033197024530534, 0.011264168720597632, 0.1052909704085177], [-0.10788926044288576, -0.0059227869782340625, 0.10380335265038663], [-0.04700728488193442, -0.13652327798118485, 0.03234551882788795]]	0.6163127222561903	[[0.6543109063141883, -0.46266767885907834, -0.4626676788590782], [-0.7071067811865475, -0.5000000000000001, -0.5], [0.0, 0.6543109063141882, -0.6543109063141883]]
5	[[0.08740825448676931, -0.06334395238859675, -0.994156597696443], [0.7119981850616444, -0.6940087028176986, 0.10681996481098455], [-0.6967197295301035, -0.717174639895393, -0.015561310176609944]]	0.8965056287879836	0.10349437121201649	[[0.07836199214992122, -0.05678820986605504, -0.891266985731572], [0.6383103805945924, -0.6221827085039137, 0.095764699719982], [-0.6246131592113795, -0.6429511014902151, -0.013950802164646546]]	0.9461251166159305	0.08490753726835476	[[0.06877036134273594, -0.06285739906083146, -0.911984162888397], [0.6785434923766906, -0.6611556235637547, 0.1034848985774724], [-0.6561314608609576, -0.6749973996675747, 0.0]]	[[-0.01392878362675361, -0.0029260947202564246, 0.02861236404164677], [0.004904126504911618, -0.004536558677889178, 0.002419846913770036], [0.003052574489331183, 0.003539540137441892, 0.01472294640554175]]	0.13251162266194805	[[0.0, 0.0, -0.9545078277359997], [0.7071067811865475, -0.7071067811865476, 0.0], [-0.6749389576877665, -0.6749389576877663, 0.0]]
5	[[0.5319609947059123, -0.8460851799387872, 0.03402011756955908], [-0.703274286200726, -0.4190807785627857, 0.5742617690636116], [-0.47161719485230363, -0.3294103357928521, -0.8179645788128509]]	0.8039062170570176	0.19609378294298252	[[0.4276467508759182, -0.6801731363125963, 0.02734898401917922], [-0.5653665709731001, -0.3369016433357188, 0.4616526063683987], [-0.3791359950127578, -0.2648150169067136, -0.6575668102400756]]	0.8623376046984469	0.178865066476508	[[0.5206475322681529, -0.7135946765255468, 0.004949160458909842], [-0.5960510846577836, -0.39243439092604043, 0.5671109566380065], [-0.37425729214313064, -0.3686430446770425, -0.708932342882385]]	[[0.0619175623004533, 0.01601639091372154, -0.02438766623758328], [0.010408778750560446, -0.031045276165047556, 0.07190343823379894], [0.03243595000040559, -0.08458012474652328, -0.00357072726073726]]	0.31091221687548104	[[0.6543109063141883, -0.6543109063141882, 0.0], [-0.5, -0.5000000000000001, 0.7071067811865475], [-0.4626676788590782, -0.46266767885907834, -0.6543109063141883]]
5	[[-0.30792515101507295, 0.09349718223056193, 0.9468053539599837], [0.3027085282091916, -0.9338174967034747, 0.1906631317268273], [0.9019698710720718, 0.34531602882779927, 0.2592434992682147]]	0.7713963785682856	0.2286036214317146	[[-0.2375323463631198, 0.07212338777899457, 0.7303622212537952], [0.23350826242230618, -0.7203434352007623, 0.14707684934056264], [0.6957762921226996, 0.26637553409934606, 0.19997949650287083]]	0.8541786672670079	0.2567368433427329	[[-0.2612004296371807, 0.08068077562091584, 0.7483297834216723], [0.24316221005188604, -0.8497647014850351, 0.1195378851701128], [0.6846287953921448, 0.2678876363433313, 0.18051965401626488]]	[[0.001822665474866419, 0.0008174771099938756, -0.060411151985133964], [-0.015404957144198646, -0.05211771668024757, -0.043322494585262515], [-0.0858146269951923, -0.027073948946733945, -0.04092061268629426]]	0.4686487556480092	[[0.0, 0.0, 0.9845999999999999], [0.0, -1.0, 0.0], [0.9845999999999999, 0.0, 0.0]]
5	[[0.8592155572171323, 0.2624339665249735, -0.4391776855101157], [-0.4266000482917053, 0.8413623931712975, -0.33184593135155627], [0.2824199444684594, 0.4724804086637203, 0.8348660002631537]]	0.8152648522703501	0.18473514772965002	[[0.7004882443230118, 0.21395318894970464, -0.3580461308978389], [-0.3477920253490613, 0.6859331871746261, -0.2705423241998433], [0.23024705430527898, 0.3851966705698625, 0.6806369063700779]]	0.8543384977166415	0.1840403688470767	[[0.7470950510665796, 0.1603721580840883, -0.3479285889900712], [-0.35684575522204237, 0.7562654520267376, -0.3856412461562301], [0.2724134810093174, 0.3964827768218802, 0.7239010005051549]]	[[0.013034122698927968, -0.06383528262667694, 0.027277815079312713], [0.007615089161339813, 0.037457169009493134, -0.10213249169196174], [0.031131249926916446, -0.007175425716427403, 0.010642836045631003]]	0.43097833964501886	[[0.7898231320161726, -0.13551222570198418, -0.4626676788590782], [-0.14644660940672619, 0.8535533905932737, -0.5], [0.4626676788590782, 0.46266767885907834, 0.6543109063141883]]
5	[[0.8489524140446696, -0.5135124485683378, 0.12483895166604869], [0.522794976890395, 0.7815435453534784, -0.34040431673891397], [0.0772347773085365, 0.35425224329800037, 0.9319550081910795]]	0.852556076924246	0.1474439230757541	[[0.7237795396132917, -0.4377981586031857, 0.10643220687974204], [0.4457120345333771, 0.6663096989720282, -0.29021376884700695], [0.06584697874428366, 0.3020199027877567, 0.7945439056532901]]	0.9080623509332078	0.1511343759666999	[[0.7632168838572579, -0.473914694698137, 0.05491079536624069], [0.5002883380739849, 0.6735545919599868, -0.28782059339063426], [0.021215706465467, 0.2873558381572009, 0.8462732557019688]]	[[-0.007684841070566696, -0.007613373417704359, -0.05845075657166859], [0.025557902302820856, -0.03613567719036683, 0.021287750735116167], [-0.04891828699112542, -0.03432728671534401, 0.0]]	0.4318044402378581	[[0.6962173367562747, -0.6962173367562746, 0.0], [0.7071067811865475, 0.7071067811865476, 0.0], [0.0, 0.0, 0.9845999999999999]]
5	[[-0.8305561570912853, 0.32773595720904825, 0.4502950280316503], [-0.5100865793185324, -0.772219296347621, -0.37879947194723407], [0.22358030216652452, -0.5443036842615101, 0.808545204538665]]	0.7790583297448305	0.22094167025516956	[[-0.6470516925028219, 0.2553254274206043, 0.350806092430739], [-0.3973871985091498, -0.6016038752093057, -0.2951068839234359], [0.17418209676969712, -0.4240443191347296, 0.6299038765710848]]	0.8254509289190877	0.22997336509139643	[[-0.6862410396714389, 0.3335076390403827, 0.38171452417193247], [-0.4991513809459092, -0.632799800627819, -0.3648368439884241], [0.06321232710638136, -0.4874307646261405, 0.6808954068436884]]	[[-0.0006576882809698016, 0.06297768872198745, 0.010018074995560136], [-0.0780999402182667, 0.00462933487156883, -0.05215646799551982], [-0.12134224100498661, -0.03813478283839511, 0.01348101668417374]]	0.39340790967915623	[[-0.6543109063141883, 0.46266767885907834, 0.4626676788590782], [-0.7071067811865475, -0.5000000000000001, -0.5], [0.0, -0.6543109063141882, 0.6543109063141883]]
5	[[0.04673222253661188, -0.9725397674033924, -0.22799671093185395], [-0.8377629715199755, -0.16246744520517667, 0.5213036857710898], [-0.5440306084466285, 0.16664552219444034, -0.8223502702654952]]	0.7039304201862528	0.29606957981374715	[[0.032896233046434686, -0.6846003271161106, -0.16049382052734354], [-0.5897268405585402, -0.11436577696986705, 0.3669615225694856], [-0.382959694798018, 0.11730685246048993, -0.5788773712882685]]	0.7973916033609177	0.34329171707492256	[[-0.056358417997102464, -0.8518545570912123, -0.18395846718721265], [-0.693876734634996, -0.1691924739232497, 0.28572055475528124], [-0.3133122112519465, 0.0797028390853944, -0.6050708620410562]]	[[-0.09362229985419072, -0.07635951262916706, -0.002155804296245886], [-0.025851575538275932, -0.03964229729714171, -0.12996262707968412], [0.12049322789472633, -0.05317890105014778, 0.050664338490231095]]	0.6191793276668498	[[1.9058988223559922e-16, -0.9545078277359997, 0.0], [-1.0, -1.7938038903913487e-16, 0.0], [0.0, 0.0, -0.9545078277359997]]
