5	[[-0.30792515101507295, 0.09349718223056193, 0.9468053539599837], [0.3027085282091916, -0.9338174967034747, 0.1906631317268273], [0.9019698710720718, 0.34531602882779927, 0.2592434992682147]]	0.7850040046403313	0.21499599535966896	[[-0.241722476676311, 0.07339566247357793, 0.7432459944734934], [0.23762740688299608, -0.7330504745154368, 0.1496713219428264], [0.7080499608564995, 0.2710744654963185, 0.20350718510252128]]	0.8595399005312379	0.2495731940061872	[[-0.26442893506030796, 0.08246625116568027, 0.7560341062026047], [0.24308723550793754, -0.8497042585234774, 0.11975878193160368], [0.6915703279336556, 0.27225421861528015, 0.18196268389462772]]	[[0.0002450186142542714, 0.0021016924512720463, -0.05778287356260308], [-0.017102822718948356, -0.047050860292643305, -0.04412378734784776], [-0.08370876532980645, -0.024558686455208444, -0.04086744767974359]]	0.4675832676141239	[[0.0, 0.0, 0.9912000000000001], [0.0, -1.0, 0.0], [0.9912000000000001, 0.0, 0.0]]
5	[[0.04673222253661188, -0.9725397674033924, -0.22799671093185395], [-0.8377629715199755, -0.16246744520517667, 0.5213036857710898], [-0.5440306084466285, 0.16664552219444034, -0.8223502702654952]]	0.722521795051643	0.2774782049483569	[[0.033765049313905615, -0.7026811785034066, -0.16473259284835368], [-0.6053020060104112, -0.11738627014709868, 0.3766532748103654], [-0.3930739717778956, 0.12040502183324545, -0.5941659934334295]]	0.807258957854291	0.3255647149487457	[[-0.028423165560278574, -0.8966570163229015, -0.15135811131830412], [-0.6733801548344837, -0.14300731877608824, 0.28905702850625675], [-0.3258364273518858, 0.03888310777337921, -0.6302705101533029]]	[[-0.06614817082339883, -0.11156557721698428, 0.032694275942750345], [0.0029115084836458423, -0.011854018274508129, -0.1317700415949139], [0.11333715466357538, -0.09564298280438885, 0.03357911201241539]]	0.6134529556460768	[[-1.9444833443072256e-16, -0.9738316385280003, 0.0], [-1.0, 1.7938038903913487e-16, 0.0], [0.0, 0.0, -0.9738316385280003]]
5	[[0.8787972042104137, -0.3840163418041313, 0.28327887866788265], [-0.395223040501579, -0.9183905790867732, -0.018907472103605397], [0.2674214316928388, -0.09534250611366366, -0.9588511794847616]]	0.7838500025102141	0.216149997489786	[[0.6888451907263019, -0.30101121048713153, 0.22204814975491044], [-0.30979558128925727, -0.7198804577225243, -0.014820622055872878], [0.20961828990371675, -0.07473422365652534, -0.7515954994460521]]	0.8577508982421951	0.23596297001713146	[[0.7009156371822154, -0.31822218299063815, 0.15372804100775564], [-0.35936837119583537, -0.8406894219654073, -0.025241386924775604], [0.13929305691937185, -0.059648227566718996, -0.8224554604836425]]	[[-0.05287345410199677, 0.011168179131537313, -0.08925467162266251], [-0.020365453199594447, -0.052939077816557614, -0.009023485744418833], [-0.0900879163243744, 0.02213189269293797, 0.0]]	0.47147743919370555	[[0.6947164601867996, -0.6947164601867994, 0.0], [-0.7071067811865475, -0.7071067811865476, 0.0], [0.0, 0.0, -0.9824774400000001]]
5	[[0.22433838825039393, -0.7661379269479729, -0.6022499185961573], [-0.9416906372873723, -0.011392912655017143, -0.3362869982418849], [0.2507808429735371, 0.642575192824231, -0.724020780340167]]	0.7334556021937021	0.266544397806298	[[0.16454224764935724, -0.5619281545730599, -0.4417235767150526], [-0.6906882734517807, -0.00835619561212589, -0.24665158280541413], [0.18393661420179988, 0.4713003750076306, -0.5310370974451514]]	0.783487605527169	0.35717364975387184	[[0.23205984788815226, -0.5940669823016657, -0.3701054288154846], [-0.8363425477011149, -0.016167641783394388, -0.1569605958006131], [0.15150808608394528, 0.3701054288154846, -0.5386812324952305]]	[[0.05629350125002669, 0.006192587586350617, 0.10174991783435111], [-0.0985396051454779, -0.007241435927334786, 0.10651609922184052], [-0.04497559608947629, -0.13334427038153113, 0.02858007504539932]]	0.6059097726956258	[[0.6765368687360832, -0.4783838076059976, -0.47838380760599747], [-0.7071067811865475, -0.5000000000000001, -0.5], [0.0, 0.6765368687360831, -0.6765368687360832]]
5	[[-0.5446221603179724, 0.8109226453022452, -0.2139887049042392], [-0.8354447797583356, -0.5021691245819775, 0.22328947644507607], [0.07361197229480154, 0.30038414347728, 0.9509735242804028]]	0.8510079973615338	0.14899200263846626	[[-0.4634778139709099, 0.6901016563937811, -0.18210609921854484], [-0.710970188928289, -0.4273499410473033, 0.19002113018142958], [0.06264437712443177, 0.25562930837975967, 0.8092860744417054]]	0.8679374394997024	0.13686366197607458	[[-0.47295679037588495, 0.7035712973412486, -0.16858576616658563], [-0.7371885174064992, -0.44845298511504317, 0.19380129645296845], [0.07601254831653595, 0.2485926827895188, 0.8257515624270175]]	[[-0.0002588270547075867, -0.00025882705470758665, 0.01714304244985715], [-0.012074714419656542, -0.012601600929554596, 0.0], [0.012121961566462836, -0.012121961566462834, 0.0003660367310765521]]	0.38507524478696764	[[-0.6947164601867996, 0.6947164601867994, 0.0], [-0.7071067811865475, -0.7071067811865476, 0.0], [0.0, 0.0, 0.9824774400000001]]
5	[[-0.8305561570912853, 0.32773595720904825, 0.4502950280316503], [-0.5100865793185324, -0.772219296347621, -0.37879947194723407], [0.22358030216652452, -0.5443036842615101, 0.808545204538665]]	0.7998850851928138	0.2001149148071863	[[-0.6643494824723787, 0.26215110405290787, 0.36018427685899695], [-0.4080106469539153, -0.6176866976465515, -0.30299604788950624], [0.17883854904590551, -0.4353803988562803, 0.646743249814651]]	0.8426067643629804	0.21655571516253472	[[-0.6993634825377596, 0.3369417852497905, 0.40336684403264117], [-0.4965387595212402, -0.6377621036631675, -0.3728585409752327], [0.06989051176023123, -0.4999985713111355, 0.6910686588256377]]	[[0.0004687536106795713, 0.06078925078047016, 0.023945207454154814], [-0.0667363573766708, 0.0129150990109589, -0.0536795435753681], [-0.11849976322360145, -0.04136460508469514, 0.009783000188109129]]	0.3795759646861353	[[-0.6765368687360832, 0.4783838076059976, 0.47838380760599747], [-0.7071067811865475, -0.5000000000000001, -0.5], [0.0, -0.6765368687360831, 0.6765368687360832]]
5	[[0.8592155572171323, 0.2624339665249735, -0.4391776855101157], [-0.4266000482917053, 0.8413623931712975, -0.33184593135155627], [0.2824199444684594, 0.4724804086637203, 0.8348660002631537]]	0.8425042207532525	0.15749577924674746	[[0.7238927334922919, 0.22110172446630802, -0.3700090537029172], [-0.35941234125930305, 0.7088513674298758, -0.27958159780348013], [0.23793999523957626, 0.398066738522406, 0.703378128985093]]	0.8734397262173381	0.16532161984035734	[[0.7612279032469433, 0.14761885539529793, -0.37239709506650764], [-0.3589923814189661, 0.7586286853168808, -0.3794970151979819], [0.30445389421419006, 0.4033148457503478, 0.7437178933019237]]	[[0.010754902189533655, -0.08160139647640503, 0.011198142326212123], [0.013617047965244086, 0.02374934697577828, -0.08964959577194088], [0.05777709523934297, -0.009368313035948126, 0.014512762603910542]]	0.4226169995954229	[[0.8166522419740392, -0.14011537323795598, -0.47838380760599747], [-0.14644660940672619, 0.8535533905932737, -0.5], [0.47838380760599747, 0.4783838076059976, 0.6765368687360832]]
5	[[0.3802729664721569, 0.7767473726770865, -0.5020517802076895], [0.4287143634067757, 0.332951791095048, 0.839849450446521], [0.8195098935212374, -0.5346088512602871, -0.20639019011321075]]	0.8163250166496494	0.1836749833503507	[[0.3104263356867951, 0.634078311933194, -0.4098374278370283], [0.34997025984598007, 0.2717968764091957, 0.6855901166189552], [0.6689864274732764, -0.43641457940610384, -0.16848147538049105]]	0.8765319489395706	0.20887010773090015	[[0.3431242015580699, 0.6440008535888706, -0.440064425374027], [0.40433197441102886, 0.30189292410738877, 0.720716169138723], [0.6928995891237076, -0.45189674953314807, -0.0883268531878523]]	[[0.009802797127198098, -0.03684303481746705, 1.741557172322499e-18], [0.02855013791570035, 0.010050041755925544, -0.015438706476993495], [-0.02542701501972268, 0.016704988782376584, 0.0925807423940888]]	0.3692986004305906	[[0.48263096005447687, 0.482630960054477, -0.6825432493301888], [0.5, 0.5000000000000001, 0.7071067811865475], [0.6825432493301888, -0.6825432493301887, 0.0]]
5	[[0.034229894132735264, 0.2773841392786001, 0.9601491309293217], [-0.1827544195208179, -0.9427759796974285, 0.2788803941677556], [0.9825625356654255, -0.18501754344446375, 0.018422055382213542]]	0.8676034305736575	0.13239656942634262	[[0.029697973577734224, 0.24065943082483468, 0.8330286798565952], [-0.15855836132875892, -0.8179556742479298, 0.2419575866996786], [0.8524746266964751, -0.16052185540872743, 0.01598303844782638]]	0.9314083689471677	0.12289994229554212	[[0.011376564867697477, 0.24269818554057723, 0.8835361106033743], [-0.16351330341973117, -0.8279018082600523, 0.2519684851387361], [0.9175641923211013, -0.1652594566175184, 0.0]]	[[-0.020505444995707705, -0.015659723196717747, -0.010754825381545818], [0.006705692384040257, 0.05020762927249777, -0.007783047924396401], [0.0023972235883740613, 0.007067431748701335, -0.01715845655620191]]	0.3420773276310022	[[0.0, 0.0, 0.9912000000000001], [0.0, -1.0, 0.0], [0.9912000000000001, 0.0, 0.0]]
5	[[0.8489524140446696, -0.5135124485683378, 0.12483895166604869], [0.522794976890395, 0.7815435453534784, -0.34040431673891397], [0.0772347773085365, 0.35425224329800037, 0.9319550081910795]]	0.8680412424706087	0.13195875752939132	[[0.7369257082857575, -0.4457499838793844, 0.10836535871292519], [0.4538076012973317, 0.6784120301535179, -0.29548498604440543], [0.06704297205684277, 0.30750555742039654, 0.8089753832368912]]	0.9170617025825717	0.13991226964441197	[[0.7729122949486551, -0.4813467785470366, 0.056762940794738655], [0.501795604000013, 0.6720732418741888, -0.28988962293236187], [0.02487741214570966, 0.2946948062268636, 0.8556967651566599]]	[[-0.005629451286733895, -0.010424178165611472, -0.057722080768751315], [0.022360352391291083, -0.04465041247009132, 0.022282139342683555], [-0.045951644231442615, -0.030176359155696036, 0.0010365186145940863]]	0.4297150056665077	[[0.700884241512106, -0.7008842415121059, 0.0], [0.7071067811865475, 0.7071067811865476, 0.0], [0.0, 0.0, 0.9912000000000001]]
5	[[-0.42203838922340475, -0.825029846081567, 0.3757783270710803], [0.2588054115689476, 0.28760896992378115, 0.9221175843470338], [-0.8688517462515349, 0.4864224845687207, 0.09214016247897017]]	0.8179989786862585	0.18200102131374157	[[-0.3452269713511387, -0.6748735714804027, 0.3073862877565746], [0.211702562341876, 0.2352638436586599, 0.7542912422245134], [-0.7107198410635278, 0.3978930955872459, 0.07537055880378352]]	0.8735508127491358	0.20691511088465525	[[-0.2942393425708017, -0.6712978756960846, 0.34627688724416034], [0.2541255576182282, 0.23092631583659703, 0.8302894529007113], [-0.779939423999573, 0.393972247542654, 0.02214502130471704]]	[[0.0744326353466396, 0.04940761689076284, 0.018015424217707503], [0.028045879998299425, -0.020314733594263834, 0.024772887644090087], [-0.02095327490303854, -0.03094250919180602, -0.058344092515624765]]	0.4833777788073839	[[-0.48263096005447687, -0.482630960054477, 0.6825432493301888], [0.5, 0.5000000000000001, 0.7071067811865475], [-0.6825432493301888, 0.6825432493301887, 0.0]]
5	[[0.5319609947059123, -0.8460851799387872, 0.03402011756955908], [-0.703274286200726, -0.4190807785627857, 0.5742617690636116], [-0.47161719485230363, -0.3294103357928521, -0.8179645788128509]]	0.8197628794553247	0.18023712054467533	[[0.43608187677803756, -0.6935892233710966, 0.027888429538230446], [-0.5765181539027953, -0.34354686575900845, 0.4707584813686949], [-0.38661426965276746, -0.2700383653918939, -0.6705369984200846]]	0.8838104828756725	0.16004875093933588	[[0.5337620762683428, -0.7307995481372496, 0.0008654659763316735], [-0.590606809757717, -0.3935924219062153, 0.578080679598876], [-0.3917155931146619, -0.37742678366955634, -0.7299340821609182]]	[[0.06360937266628731, 0.016979403298400017, -0.029201870560307493], [0.030954376723390617, -0.02320443664072685, 0.07054210818572754], [0.025104627600222668, -0.08629047572823828, -0.007008412785136195]]	0.2976439770839409	[[0.6765368687360832, -0.6765368687360831, 0.0], [-0.5, -0.5000000000000001, 0.7071067811865475], [-0.47838380760599747, -0.4783838076059976, -0.6765368687360832]]
5	[[0.08740825448676931, -0.06334395238859675, -0.994156597696443], [0.7119981850616444, -0.6940087028176986, 0.10681996481098455], [-0.6967197295301035, -0.717174639895393, -0.015561310176609944]]	0.9246612975425748	0.07533870245742555	[[0.08082303000966769, -0.05857170120711493, -0.9192581295865044], [0.6583571656470583, -0.6417229876532521, 0.09877228726557713], [-0.6442297691308173, -0.6631436330903027, -0.014388941259366624]]	0.9594117798054927	0.06412204199190279	[[0.0640619358028101, -0.06406193580281011, -0.9350868141209794], [0.6823750208076163, -0.6688525310588275, 0.0938576945353676], [-0.6773163288606406, -0.6904042460348244, 0.0]]	[[-0.019798573204032704, -0.0032890017017521045, 0.018718736680338337], [-0.000724425140656456, -0.0030124062879981275, -0.008626638022699203], [-0.008875213126562548, -0.0023384483414219583, 0.014929704292646674]]	0.12188985900169146	[[0.0, 0.0, -0.9738316385280003], [0.7071067811865475, -0.7071067811865476, 0.0], [-0.6886029553371558, -0.6886029553371557, 0.0]]
5	[[-0.3195682178843842, -0.5708200961323295, -0.7563336379995778], [0.910087742671785, 0.03735879733279218, -0.41272826520656647], [0.2638493031197415, -0.8202248094963509, 0.507557688474819]]	0.813612765820326	0.18638723417967407	[[-0.2600047816211864, -0.464426517200049, -0.6153627030957857], [0.740459005454368, 0.030395594425654128, -0.3358009853869396], [0.21467116127101846, -0.6673453758487761, 0.4129554147333689]]	0.8465079542946348	0.17981626306346285	[[-0.27725324129131235, -0.5272235991435216, -0.6520934320213725], [0.806714053265268, 0.0057510628888775145, -0.2818143003459875], [0.1718432550011211, -0.6931444009594387, 0.4714774164876899]]	[[-0.006736202912420292, -0.044019847296276594, -0.011850991354131129], [0.03631753998755339, -0.02587345621621232, 0.06756345911359647], [-0.051507278824836245, 0.0011824245890236437, 0.04182579593035744]]	0.47453453687918523	[[1.910411018237602e-16, -0.6765368687360832, -0.6765368687360831], [1.0, 1.2684108950145333e-16, 1.268410895014533e-16], [0.0, -0.6765368687360831, 0.6765368687360832]]
