5	[[-0.42203838922340475, -0.825029846081567, 0.3757783270710803], [0.2588054115689476, 0.28760896992378115, 0.9221175843470338], [-0.8688517462515349, 0.4864224845687207, 0.09214016247897017]]	0.8048429735642411	0.19515702643575902	[[-0.3396746321408276, -0.6640194745995367, 0.3024425461608842], [0.20829771702166905, 0.23148005857720444, 0.7421598585617415], [-0.6992892230395688, 0.3914937188887954, 0.07415836235426665]]	0.8697560645847052	0.21412990143900876	[[-0.2912526558120084, -0.6647564112304167, 0.34120746614460457], [0.2524913570827729, 0.2293401478185308, 0.8309464546282275], [-0.7724059731641724, 0.3898165148180987, 0.02207694110842658]]	[[0.07581779270260824, 0.05281830086241221, 0.01437198723503753], [0.027393780823340118, -0.020809498001637956, 0.028929093382196198], [-0.016716897636888474, -0.033252391085906295, -0.05806252399947783]]	0.48546730810107375	[[-0.4779735180115965, -0.4779735180115966, 0.6759566316271808], [0.5, 0.5000000000000001, 0.7071067811865475], [-0.6759566316271808, 0.6759566316271807, 0.0]]
5	[[0.3802729664721569, 0.7767473726770865, -0.5020517802076895], [0.4287143634067757, 0.332951791095048, 0.839849450446521], [0.8195098935212374, -0.5346088512602871, -0.20639019011321075]]	0.809911374186504	0.19008862581349623	[[0.30798740084144305, 0.6290965320006556, -0.4066174472207904], [0.34722063920027396, 0.2696614426636481, 0.6802036225209221], [0.6637303840212208, -0.43298578937648746, -0.16715776249320435]]	0.8726379415622669	0.21353247391305138	[[0.3431004836544042, 0.6363306462589193, -0.4381094320381098], [0.40475832355970137, 0.30175486926628053, 0.7202326358025122], [0.6863945132434885, -0.4496053821937991, -0.08729122813500179]]	[[0.011259864960364203, -0.04148858214791248, 2.361403855165769e-18], [0.0306459039582349, 0.011208503645627994, -0.012651859857341121], [-0.02874091332879649, 0.016914585310945997, 0.09281268252403538]]	0.3705489544346208	[[0.4779735180115965, 0.4779735180115966, -0.6759566316271808], [0.5, 0.5000000000000001, 0.7071067811865475], [0.6759566316271808, -0.6759566316271807, 0.0]]
5	[[0.8489524140446696, -0.5135124485683378, 0.12483895166604869], [0.522794976890395, 0.7815435453534784, -0.34040431673891397], [0.0772347773085365, 0.35425224329800037, 0.9319550081910795]]	0.8624001375061109	0.13759986249388925	[[0.7321366786082676, -0.44285320625643415, 0.10766112908291911], [0.45085845995778084, 0.6740032609798531, -0.2935647295633131], [0.06660728257113574, 0.3055071833320437, 0.8037181272134956]]	0.9141904792108677	0.14373214011660645	[[0.7700758268106079, -0.4775589175222331, 0.054464719213104536], [0.49910274460886594, 0.6729516736515508, -0.29046176041298194], [0.0243604974844699, 0.29227358531392766, 0.8519885921993525]]	[[-0.00602838741211139, -0.00811072608479833, -0.05966186183466286], [0.02116855415640118, -0.04152799459930593, 0.020732625032013806], [-0.04624680059496574, -0.03158044274819619, 4.196658181466899e-06]]	0.43046947724802176	[[0.6991871852372582, -0.6991871852372581, 0.0], [0.7071067811865475, 0.7071067811865476, 0.0], [0.0, 0.0, 0.9887999999999999]]
5	[[-0.3195682178843842, -0.5708200961323295, -0.7563336379995778], [0.910087742671785, 0.03735879733279218, -0.41272826520656647], [0.2638493031197415, -0.8202248094963509, 0.507557688474819]]	0.806360687067326	0.1936393129326742	[[-0.257687247738133, -0.4602868849091023, -0.6098777119894697], [0.7338589774723722, 0.0301246654852793, -0.3328078475040724], [0.2127577053458698, -0.6613970409351441, 0.4092745664048588]]	0.8401144492050177	0.18055479802118427	[[-0.28162538167427126, -0.5180593674406266, -0.643643847422241], [0.8012517218181409, 0.006149756690180946, -0.2889197489183332], [0.17534907845228953, -0.6848349837610817, 0.46221759417330344]]	[[-0.013151504322902886, -0.03850515678325947, -0.008237029718998649], [0.036673859155196165, -0.025235908754019685, 0.05781923027702375], [-0.0463145335112798, 0.004247730293235677, 0.03581104628050903]]	0.4784230688335816	[[1.887394286923999e-16, -0.6683859173529564, -0.6683859173529563], [1.0, 1.2684108950145333e-16, 1.268410895014533e-16], [0.0, -0.6683859173529563, 0.6683859173529564]]
5	[[-0.8305561570912853, 0.32773595720904825, 0.4502950280316503], [-0.5100865793185324, -0.772219296347621, -0.37879947194723407], [0.22358030216652452, -0.5443036842615101, 0.808545204538665]]	0.7923181261601959	0.20768187383980408	[[-0.6580646980573805, 0.25967113949119136, 0.35677691282929], [-0.40415084270512375, -0.611843345866892, -0.30012968780370414], [0.1771467260589111, -0.43126167517617064, 0.6406250213758875]]	0.8364341053766849	0.2212810502710842	[[-0.6941428984462447, 0.33534925582266595, 0.3955674475964259], [-0.4985530386722462, -0.6360780269411748, -0.3691855534683107], [0.06746802066776791, -0.4954196038724847, 0.6883794028387306]]	[[0.0005625977755020562, 0.06121972365474427, 0.01892532866920322], [-0.07189922703529614, 0.009832529353960756, -0.05234475603296537], [-0.11954216935473794, -0.04014543867397492, 0.01208461802382367]]	0.3845614650947717	[[-0.6683859173529564, 0.4726202146098667, 0.4726202146098666], [-0.7071067811865475, -0.5000000000000001, -0.5], [0.0, -0.6683859173529563, 0.6683859173529564]]
5	[[0.034229894132735264, 0.2773841392786001, 0.9601491309293217], [-0.1827544195208179, -0.9427759796974285, 0.2788803941677556], [0.9825625356654255, -0.18501754344446375, 0.018422055382213542]]	0.867220593784421	0.1327794062155791	[[0.029684869114968537, 0.24055323797156813, 0.8326610994461221], [-0.15848839621357086, -0.8175947449188933, 0.2418508210249944], [0.8520984656100966, -0.16045102388644275, 0.015975985807292713]]	0.9295897339025239	0.1232677701250552	[[0.010903929571276488, 0.24189374828480026, 0.8801487925166047], [-0.16373612018040737, -0.8277125107234617, 0.25220267305822064], [0.9140845994838493, -0.16448201836598686, 0.0]]	[[-0.020915828607084443, -0.015959699935974233, -0.012395982610722972], [0.006150512031459965, 0.04868236137316209, -0.007041678346814243], [0.0007045534120374804, 0.0075083906118508445, -0.017124953560689438]]	0.3430908503203088	[[0.0, 0.0, 0.9887999999999999], [0.0, -1.0, 0.0], [0.9887999999999999, 0.0, 0.0]]
5	[[-0.5446221603179724, 0.8109226453022452, -0.2139887049042392], [-0.8354447797583356, -0.5021691245819775, 0.22328947644507607], [0.07361197229480154, 0.30038414347728, 0.9509735242804028]]	0.8408210713774699	0.1591789286225301	[[-0.45792978833446973, 0.681840847427286, -0.17992621212025964], [-0.7024595747931182, -0.42223438134370456, 0.18774649681186317], [0.06189449741112366, 0.2525693173433702, 0.7995985775370567]]	0.8624755397559656	0.14391567413098802	[[-0.46989880142495677, 0.6992254364657358, -0.16258356528513646], [-0.7362649077791807, -0.4491818236094346, 0.19258171171879393], [0.07902822835430351, 0.2435342734628571, 0.8204396119043483]]	[[-0.0001755097416535613, -0.00017550974165356128, 0.02197645847882729], [-0.01571422042080629, -0.016073236836812735, 0.0], [0.015539702816843377, -0.015539702816843373, 0.0002482082569750645]]	0.3864329144909414	[[-0.6913562887626008, 0.6913562887626007, 0.0], [-0.7071067811865475, -0.7071067811865476, 0.0], [0.0, 0.0, 0.9777254399999998]]
5	[[0.8787972042104137, -0.3840163418041313, 0.28327887866788265], [-0.395223040501579, -0.9183905790867732, -0.018907472103605397], [0.2674214316928388, -0.09534250611366366, -0.9588511794847616]]	0.7774848363643833	0.22251516363561677	[[0.6832515005130111, -0.2985668826688341, 0.22024503262658474], [-0.3072799209718041, -0.7140347490998711, -0.014700272854535784], [0.20791610806003583, -0.07412735276435196, -0.7454922523795058]]	0.85573968452352	0.23846746706268937	[[0.6989863429148486, -0.31782880333800745, 0.15213715383958507], [-0.3598942668911839, -0.8405882873488909, -0.024959651792246247], [0.1380336057350074, -0.05845266364247345, -0.8205270058372949]]	[[-0.053035299376322315, 0.010789219849336115, -0.09027582442384535], [-0.021686226895936342, -0.054685022931802774, -0.008779777579169715], [-0.09080952585665053, 0.023135702460914842, 0.0]]	0.47240675807912474	[[0.6913562887626008, -0.6913562887626007, 0.0], [-0.7071067811865475, -0.7071067811865476, 0.0], [0.0, 0.0, -0.9777254399999998]]
5	[[0.22433838825039393, -0.7661379269479729, -0.6022499185961573], [-0.9416906372873723, -0.011392912655017143, -0.3362869982418849], [0.2507808429735371, 0.642575192824231, -0.724020780340167]]	0.7270359412831411	0.27296405871685897	[[0.16310207126756787, -0.5570098088713339, -0.4378573364542523], [-0.6846429388777456, -0.00828305697609704, -0.2444927343080708], [0.18232668622704515, 0.4671752601601607, -0.5263891295431677]]	0.7801554178031974	0.3617979634948468	[[0.2298065759134264, -0.589712702076703, -0.36680149340322454], [-0.8366552171885036, -0.015711424166727744, -0.1568368978374414], [0.14992776762677454, 0.36680149340322454, -0.5349739349157919]]	[[0.054787766898644355, 0.007993952416268248, 0.10304704346110213], [-0.10199016461421431, -0.006823181634357491, 0.10551922577773938], [-0.045720265700283376, -0.13450702462453368, 0.029874799468688113]]	0.6096580503555735	[[0.6683859173529564, -0.4726202146098667, -0.4726202146098666], [-0.7071067811865475, -0.5000000000000001, -0.5], [0.0, 0.6683859173529563, -0.6683859173529564]]
5	[[-0.30792515101507295, 0.09349718223056193, 0.9468053539599837], [0.3027085282091916, -0.9338174967034747, 0.1906631317268273], [0.9019698710720718, 0.34531602882779927, 0.2592434992682147]]	0.780143285140415	0.21985671485958533	[[-0.24022573889025733, 0.07294119889672261, 0.7386438392268749], [0.23615602563713856, -0.7285114495998473, 0.14874456194052676], [0.7036657383158424, 0.26939598114136154, 0.2022470751704018]]	0.8576016746603171	0.2523063428712373	[[-0.26348595991427953, 0.08184078787180056, 0.7530036741387147], [0.24306013365930912, -0.8497323799560375, 0.11971799263635237], [0.6888509863006557, 0.2706186412049297, 0.181645172042479]]	[[0.0005911652662781112, 0.0016574478148497964, -0.05897818299472168], [-0.016543207066853433, -0.04888893095603236, -0.043795028428555385], [-0.08467988562390358, -0.025524963404841335, -0.040682487074742646]]	0.4679628417851835	[[0.0, 0.0, 0.9887999999999999], [0.0, -1.0, 0.0], [0.9887999999999999, 0.0, 0.0]]
5	[[0.04673222253661188, -0.9725397674033924, -0.22799671093185395], [-0.8377629715199755, -0.16246744520517667, 0.5213036857710898], [-0.5440306084466285, 0.16664552219444034, -0.8223502702654952]]	0.7157417484923209	0.2842582515076791	[[0.033448202669286865, -0.6960873135996191, -0.1631867645328634], [-0.5996219340578296, -0.11628473330423353, 0.3731188115492912], [-0.3893854189229311, 0.11927515743386459, -0.5885904203129582]]	0.8037173965558132	0.33232835318414883	[[-0.031078309461394362, -0.8878889805388094, -0.15464027350217965], [-0.689691599003026, -0.14700343761351492, 0.2763501576953301], [-0.31126467629600574, 0.043951366735931814, -0.6353462079041721]]	[[-0.06863780969378681, -0.10624185063435858, 0.02860464943125834], [-0.0163669246021294, -0.016425525528136222, -0.14263068344755986], [0.12598218797139354, -0.08998453850986775, 0.025591010370581084]]	0.6155160405056141	[[1.9303929402962036e-16, -0.9667749150719998, 0.0], [-1.0, -1.7938038903913487e-16, 0.0], [0.0, 0.0, -0.9667749150719998]]
5	[[0.5319609947059123, -0.8460851799387872, 0.03402011756955908], [-0.703274286200726, -0.4190807785627857, 0.5742617690636116], [-0.47161719485230363, -0.3294103357928521, -0.8179645788128509]]	0.8145361178238889	0.1854638821761112	[[0.43330144346148813, -0.6891669378156661, 0.02771061449302092], [-0.5728423068473057, -0.34135643042514424, 0.4677569519877529], [-0.38414923899398795, -0.26831661608777346, -0.6662616925436721]]	0.8759390903483643	0.1664326569415772	[[0.5286233416499102, -0.7248247393850761, 0.0023666373277834944], [-0.5927532475502678, -0.39299972426926527, 0.57348590916186], [-0.3850206464905303, -0.37379314957414456, -0.7224581020572926]]	[[0.06265791184640238, 0.01629434348773745, -0.027432913509640493], [0.023272190969791353, -0.02591048831249435, 0.07046757754643751], [0.028087290161043773, -0.08524975968840441, -0.0059709529547809]]	0.30234768620664426	[[0.6683859173529564, -0.6683859173529563, 0.0], [-0.5, -0.5000000000000001, 0.7071067811865475], [-0.4726202146098666, -0.4726202146098667, -0.6683859173529564]]
5	[[0.8592155572171323, 0.2624339665249735, -0.4391776855101157], [-0.4266000482917053, 0.8413623931712975, -0.33184593135155627], [0.2824199444684594, 0.4724804086637203, 0.8348660002631537]]	0.8334223817635624	0.1665776182364377	[[0.7160894761442088, 0.21871834143690244, -0.3660205126752493], [-0.3555380283077239, 0.7012102496431134, -0.27656782648556166], [0.23537510277643653, 0.39377574752513905, 0.6957960103927364]]	0.8668171261546714	0.1725165802243695	[[0.7561284071003311, 0.1488540233107479, -0.3638534645843572], [-0.35801683050934463, 0.7564949038397841, -0.38266057268417386], [0.2962262727251339, 0.4009775015451789, 0.7376703989926964]]	[[0.011345647045991588, -0.07862823335780089, 0.01683327464078143], [0.01176739736831539, 0.027187572136423057, -0.09501083614389748], [0.051419828092221884, -0.008576608457091874, 0.013994251920344154]]	0.42551129177859165	[[0.8068131732863449, -0.13842725593338853, -0.4726202146098666], [-0.14644660940672619, 0.8535533905932737, -0.5], [0.4726202146098666, 0.4726202146098667, 0.6683859173529564]]
5	[[0.08740825448676931, -0.06334395238859675, -0.994156597696443], [0.7119981850616444, -0.6940087028176986, 0.10681996481098455], [-0.6967197295301035, -0.717174639895393, -0.015561310176609944]]	0.9145029751626857	0.08549702483731436	[[0.07993510878192772, -0.05792823291793524, -0.9091591663710105], [0.6511244585493062, -0.6346730235155815, 0.09768717562641878], [-0.6371522655098213, -0.6558583418955646, -0.014230864453939172]]	0.9549656961425439	0.07057392240982377	[[0.06219678244820195, -0.06219678244820196, -0.9288977024638354], [0.6810817051774922, -0.6711444697761887, 0.09201297766467682], [-0.6739038942953561, -0.6834767718196754, 0.0]]	[[-0.021275102146360324, -0.001705480859005526, 0.020487744930051396], [0.0011478627278713105, -0.008389965760901435, -0.00999642439296707], [-0.008560452768395933, 0.0014004074238069064, 0.014860517405696366]]	0.12566589843658957	[[0.0, 0.0, -0.9667749150719998], [0.7071067811865475, -0.7071067811865476, 0.0], [-0.6836130983284596, -0.6836130983284595, 0.0]]
