5	[[0.034229894132735264, 0.2773841392786001, 0.9601491309293217], [-0.1827544195208179, -0.9427759796974285, 0.2788803941677556], [0.9825625356654255, -0.18501754344446375, 0.018422055382213542]]	0.8674124197097035	0.1325875802902966	[[0.029691435296082883, 0.24060644744074394, 0.8328452809415718], [-0.15852345324919492, -0.8177755937935329, 0.24190431751464878], [0.8522869465776485, -0.16048651504790748, 0.015979519635112016]]	0.930500222288914	0.12307830684132363	[[0.01113962422954213, 0.2422960119486282, 0.8818418989192585], [-0.1636246214533259, -0.8278070918164465, 0.25208583282787433], [0.9158239969398018, -0.164870153465157, 0.0]]	[[-0.02071129986989402, -0.015809991309528294, -0.011577080840983104], [0.006428406535076583, 0.049446166860659405, -0.007412435937242194], [0.0015493390903642745, 0.007288711837265359, -0.01714172662816838]]	0.3425835667824234	[[0.0, 0.0, 0.99], [0.0, -1.0, 0.0], [0.99, 0.0, 0.0]]
5	[[0.3802729664721569, 0.7767473726770865, -0.5020517802076895], [0.4287143634067757, 0.332951791095048, 0.839849450446521], [0.8195098935212374, -0.5346088512602871, -0.20639019011321075]]	0.8131256711725953	0.18687432882740487	[[0.3092097110914664, 0.6315932287396059, -0.40823119074477376], [0.34859865448646643, 0.2707316486022786, 0.6829031480782627], [0.6663645322020383, -0.43470418099583114, -0.16782116185924403]]	0.8745858595272894	0.21118073611488514	[[0.3431137511055761, 0.6401582423445644, -0.4390873877201478], [0.4045458156249512, 0.3018236994476015, 0.7204736541318663], [0.6896417252174318, -0.4507511723456379, -0.08780758849129192]]	[[0.01053239186853271, -0.03917402622378912, 2.0526172401101866e-18], [0.02959829561314143, 0.010628771051588607, -0.014046799360425962], [-0.027090039398957017, 0.0168101693447371, 0.0926983533268712]]	0.3698999870317325	[[0.48029800499999986, 0.480298005, -0.6792439526517406], [0.5, 0.5000000000000001, 0.7071067811865475], [0.6792439526517406, -0.6792439526517405, 0.0]]
5	[[0.8489524140446696, -0.5135124485683378, 0.12483895166604869], [0.522794976890395, 0.7815435453534784, -0.34040431673891397], [0.0772347773085365, 0.35425224329800037, 0.9319550081910795]]	0.8652017039272668	0.1347982960727331	[[0.7345150751846149, -0.4442918454891889, 0.10801087369795902], [0.45232310481018595, 0.6761928071331866, -0.2945183948667054], [0.06682366092978878, 0.30649964452148654, 0.8063290610704722]]	0.9156314021112021	0.14179819657219175	[[0.7715707839300862, -0.47945466862786146, 0.05518969955412931], [0.5001954775595454, 0.6726179606020664, -0.2901746820323089], [0.024792769521128594, 0.29323538841019275, 0.8539206240562512]]	[[-0.005756705267324389, -0.009266545343677723, -0.05911676479794744], [0.021507979852699553, -0.04298785164089882, 0.02151019978804862], [-0.04592581791763314, -0.031129089821794, 0.0005933532016962128]]	0.43009147710690876	[[0.7000357133746821, -0.700035713374682, 0.0], [0.7071067811865475, 0.7071067811865476, 0.0], [0.0, 0.0, 0.99]]
5	[[0.5319609947059123, -0.8460851799387872, 0.03402011756955908], [-0.703274286200726, -0.4190807785627857, 0.5742617690636116], [-0.47161719485230363, -0.3294103357928521, -0.8179645788128509]]	0.8172454383166354	0.18275456168336468	[[0.4347426962857866, -0.6914592537322835, 0.02780278589471778], [-0.5747477022829311, -0.3424918545666207, 0.4693128111668777], [-0.3854270011247329, -0.26920909426105943, -0.6684778207393903]]	0.8798626234250627	0.16321445744908908	[[0.5311899524030369, -0.7277988072309908, 0.00161837599997261], [-0.5916786809682258, -0.3932973296241149, 0.5757856324452737], [-0.3883550572740954, -0.37560801744234673, -0.7261804312310183]]	[[0.063137356041287, 0.016639918831016735, -0.02831465389400871], [0.027106077475733216, -0.024563816370844437, 0.07051416578424682], [0.026603285041021545, -0.08577217520831718, -0.006483971047966784]]	0.29997740365282527	[[0.6724515131252232, -0.6724515131252231, 0.0], [-0.5, -0.5000000000000001, 0.7071067811865475], [-0.47549502494999984, -0.47549502494999996, -0.6724515131252232]]
5	[[0.8592155572171323, 0.2624339665249735, -0.4391776855101157], [-0.4266000482917053, 0.8413623931712975, -0.33184593135155627], [0.2824199444684594, 0.4724804086637203, 0.8348660002631537]]	0.8379896558008167	0.16201034419918345	[[0.7200137490510914, 0.21991694927870573, -0.36802635751602114], [-0.357486427632578, 0.7050529822573668, -0.27808345779219207], [0.23666499205641006, 0.39593369502874026, 0.6996090722003246]]	0.8702032399210038	0.16884509858536545	[[0.7586095673430583, 0.14748430231153886, -0.3690868155188599], [-0.35832614441880967, 0.7573151932465806, -0.38114209207269184], [0.3018726856087412, 0.4019733253724469, 0.740616360266679]]	[[0.010917405662179218, -0.08088658562381333, 0.013087029313050403], [0.012902599755088973, 0.025158912761228107, -0.09236868745596459], [0.056109934913977894, -0.009180657045922436, 0.014113261937793182]]	0.4240421422321351	[[0.8117207815126116, -0.13926926838738835, -0.47549502494999984], [-0.14644660940672619, 0.8535533905932737, -0.5], [0.47549502494999984, 0.47549502494999996, 0.6724515131252232]]
5	[[-0.5446221603179724, 0.8109226453022452, -0.2139887049042392], [-0.8354447797583356, -0.5021691245819775, 0.22328947644507607], [0.07361197229480154, 0.30038414347728, 0.9509735242804028]]	0.845879142818821	0.154120857181179	[[-0.46068452612990096, 0.685942552100634, -0.1810085822773075], [-0.7066853141744397, -0.42477438865148087, 0.1888759109358243], [0.062266832025929544, 0.2540886818009273, 0.8044086695617004]]	0.8651996120197217	0.1403889644652753	[[-0.4714242589097178, 0.7013925809882436, -0.1655682656770685], [-0.7367271329211779, -0.4488207468489969, 0.1931899683883666], [0.07753043797625168, 0.24605085628663623, 0.8230893418988474]]	[[-0.00021737710526532975, -0.0002173771052653297, 0.019574678782681997], [-0.013900633610363781, -0.0143442150923867, 0.0], [0.013841388106782874, -0.013841388106782872, 0.00030741765041563323]]	0.3857503449493674	[[-0.6930353562409353, 0.6930353562409352, 0.0], [-0.7071067811865475, -0.7071067811865476, 0.0], [0.0, 0.0, 0.9801]]
5	[[-0.30792515101507295, 0.09349718223056193, 0.9468053539599837], [0.3027085282091916, -0.9338174967034747, 0.1906631317268273], [0.9019698710720718, 0.34531602882779927, 0.2592434992682147]]	0.7825859158311088	0.2174140841688913	[[-0.24097788631456332, 0.07316957798353234, 0.7409565350425709], [0.2368954307784772, -0.7307924208768022, 0.14921028155766647], [0.7058689176050045, 0.2702394606713649, 0.2028803112980772]]	0.8585717079245774	0.250938826009579	[[-0.2639572394329758, 0.08215306776404985, 0.7545178020120249], [0.24307351270516753, -0.8497184138367364, 0.11973833078512418], [0.6902097161447738, 0.2714354356934464, 0.18180417166892596]]	[[0.0004185833869687909, 0.001879032330220829, -0.05838248780953238], [-0.016823465362733145, -0.04796913080218094, -0.04395963985982662], [-0.08419609655808569, -0.02504313695096979, -0.04077496226612908]]	0.4677719243293967	[[0.0, 0.0, 0.99], [0.0, -1.0, 0.0], [0.99, 0.0, 0.0]]
5	[[-0.3195682178843842, -0.5708200961323295, -0.7563336379995778], [0.910087742671785, 0.03735879733279218, -0.41272826520656647], [0.2638493031197415, -0.8202248094963509, 0.507557688474819]]	0.8099807697969995	0.19001923020300057	[[-0.25884411112464867, -0.4623533008808614, -0.6126157023302631], [0.7371535703921062, 0.030259907422305166, -0.3343019579689948], [0.21371286165133005, -0.6643663226024515, 0.41111196722721943]]	0.8433043880714955	0.18000745603441742	[[-0.2794578176527893, -0.5226257253551589, -0.6478511884020163], [0.8039828816011522, 0.005948961601105026, -0.2853662450657898], [0.17360535241471406, -0.688974599940585, 0.46683388617697985]]	[[-0.009964537222700392, -0.041250633487372436, -0.010031712630894345], [0.03650189467595375, -0.025555876122712387, 0.06268931206404356], [-0.048899922695770065, 0.0027245811127941735, 0.03880826028673985]]	0.4764683474391685	[[1.8988747535740268e-16, -0.6724515131252232, -0.6724515131252231], [1.0, 1.2684108950145333e-16, 1.268410895014533e-16], [0.0, -0.6724515131252231, 0.6724515131252232]]
5	[[0.22433838825039393, -0.7661379269479729, -0.6022499185961573], [-0.9416906372873723, -0.011392912655017143, -0.3362869982418849], [0.2507808429735371, 0.642575192824231, -0.724020780340167]]	0.7302449562802501	0.26975504371974995	[[0.1638219765198907, -0.5594683569687638, -0.43978996547503507], [-0.6876648382554382, -0.008319617003667741, -0.24557188432876173], [0.18313144571313486, 0.4692372935907038, -0.5287125230854978]]	0.7818223047090178	0.35948341314061455	[[0.23093107669586366, -0.5918871930129568, -0.36845116170335046], [-0.8364988023657514, -0.015938869079366355, -0.15689910189268602], [0.1507166512506976, 0.3684511617033504, -0.5368253257031073]]	[[0.05553832095923411, 0.0070965267584964555, 0.1024012576643156], [-0.10026405799883414, -0.007031635850072208, 0.10601757411646186], [-0.04534940537974339, -0.13392845649933144, 0.029230269439663618]]	0.6077786930608438	[[0.6724515131252232, -0.47549502494999996, -0.47549502494999984], [-0.7071067811865475, -0.5000000000000001, -0.5], [0.0, 0.6724515131252231, -0.6724515131252232]]
5	[[0.8787972042104137, -0.3840163418041313, 0.28327887866788265], [-0.395223040501579, -0.9183905790867732, -0.018907472103605397], [0.2674214316928388, -0.09534250611366366, -0.9588511794847616]]	0.7806786098910357	0.21932139010896443	[[0.6860581797591144, -0.29979334389509, 0.22114976120993404], [-0.30854217385568133, -0.7169678806184854, -0.014760659038396195], [0.20877019154903595, -0.07443185513634253, -0.7485546058925435]]	0.8567470572856388	0.23721539004840125	[[0.6999518347404061, -0.31802691279902456, 0.15293059446267454], [-0.35963085218627266, -0.8406391571110113, -0.02510025602753145], [0.13866206165115286, -0.059048046361324845, -0.8214929263984334]]	[[-0.052955083917712524, 0.0109779579912609, -0.0897677512272094], [-0.021024675265062062, -0.05381073103956478, -0.008901334942057214], [-0.09045046300679924, 0.022636365185794524, 0.0]]	0.4719383099166036	[[0.6930353562409353, -0.6930353562409352, 0.0], [-0.7071067811865475, -0.7071067811865476, 0.0], [0.0, 0.0, -0.9801]]
5	[[-0.42203838922340475, -0.825029846081567, 0.3757783270710803], [0.2588054115689476, 0.28760896992378115, 0.9221175843470338], [-0.8688517462515349, 0.4864224845687207, 0.09214016247897017]]	0.8113589036338783	0.18864109636612186	[[-0.34242460477170955, -0.6693953113819676, 0.3048910914617647], [0.20998407498509597, 0.23335409851262812, 0.7481683122573295], [-0.7049506002590259, 0.3946632137825443, 0.07475874120958466]]	0.8716547034011134	0.21049881987257843	[[-0.29274276190060305, -0.6680221372936176, 0.34373542167755494], [0.25330863982828894, 0.2301327578255534, 0.8306189507486745], [-0.7761658323702345, 0.3918883228071943, 0.02211246135919641]]	[[0.07512898508180735, 0.051119008489676925, 0.016186475449845857], [0.02771968556855487, -0.02056295354885982, 0.026850821263709607], [-0.01882712119181338, -0.03210412370718655, -0.05820194463774072]]	0.4844100185261021	[[-0.48029800499999986, -0.480298005, 0.6792439526517406], [0.5, 0.5000000000000001, 0.7071067811865475], [-0.6792439526517406, 0.6792439526517405, 0.0]]
5	[[0.04673222253661188, -0.9725397674033924, -0.22799671093185395], [-0.8377629715199755, -0.16246744520517667, 0.5213036857710898], [-0.5440306084466285, 0.16664552219444034, -0.8223502702654952]]	0.7191289597725072	0.2808710402274927	[[0.03360649458061109, -0.6993815112701978, -0.1639590375639772], [-0.6024596142450845, -0.1168350448672956, 0.3748845772741378], [-0.3912281655366282, 0.11983962102643414, -0.5913758944246659]]	0.8055726122356671	0.32909615119982777	[[-0.030346538023963268, -0.8921142838811132, -0.1540677392603398], [-0.6843027985427917, -0.1461449742057387, 0.28133311375440057], [-0.3173993358119388, 0.04291648564455951, -0.6333252524121985]]	[[-0.0679927366083601, -0.10866288295089421, 0.029600166746174085], [-0.009423893141130374, -0.015265649968549526, -0.13861485816029756], [0.12085682257057107, -0.09132858298699263, 0.029137602978283397]]	0.61448167612942	[[1.9374296026671025e-16, -0.970299, 0.0], [-1.0, -1.7938038903913487e-16, 0.0], [0.0, 0.0, -0.970299]]
5	[[-0.8305561570912853, 0.32773595720904825, 0.4502950280316503], [-0.5100865793185324, -0.772219296347621, -0.37879947194723407], [0.22358030216652452, -0.5443036842615101, 0.808545204538665]]	0.7960863792404766	0.2039136207595233	[[-0.661194443854686, 0.26090613152146297, 0.3584737384557054], [-0.4060729780288506, -0.6147532636090063, -0.3015571000806782], [0.17798923322124022, -0.4333127492109973, 0.6436718243334365]]	0.8395204914111257	0.21889252179779944	[[-0.6967531854154383, 0.33614727529354205, 0.39945682782624714], [-0.4975449999923602, -0.6369206201584838, -0.3710227388047936], [0.06867801823894537, -0.49770533273323103, 0.6897310927487742]]	[[0.0005157277303736889, 0.06100622344430624, 0.02142492461312928], [-0.0693168642606456, 0.011373302988424691, -0.053012819969376644], [-0.11902222690574327, -0.040751236245121905, 0.01094082530636495]]	0.3820621110047969	[[-0.6724515131252232, 0.47549502494999996, 0.47549502494999984], [-0.7071067811865475, -0.5000000000000001, -0.5], [0.0, -0.6724515131252231, 0.6724515131252232]]
5	[[0.08740825448676931, -0.06334395238859675, -0.994156597696443], [0.7119981850616444, -0.6940087028176986, 0.10681996481098455], [-0.6967197295301035, -0.717174639895393, -0.015561310176609944]]	0.9195906252941629	0.08040937470583721	[[0.08037981139935953, -0.05825050478563336, -0.9142170873159895], [0.6547468562091465, -0.6382038969837182, 0.09823063823443375], [-0.6406969317333683, -0.6595070755465205, -0.014310034955705157]]	0.9572010755896309	0.06734453849718354	[[0.0631358815282875, -0.06313588152828752, -0.9319778176338247], [0.6817407393191227, -0.6700094396369413, 0.09295022985748731], [-0.6756234914946287, -0.686944792959771, 0.0]]	[[-0.020531393681860254, -0.002502982169824342, 0.01962994698573847], [0.00021531076025166828, -0.005703562831275679, -0.009297955354033624], [-0.008722617003896978, -0.0004644562662947172, 0.014895302838634905]]	0.12376518170330744	[[0.0, 0.0, -0.970299], [0.7071067811865475, -0.7071067811865476, 0.0], [-0.6861050026785259, -0.6861050026785258, 0.0]]
