5	[[0.8489524140446696, -0.5135124485683378, 0.12483895166604869], [0.522794976890395, 0.7815435453534784, -0.34040431673891397], [0.0772347773085365, 0.35425224329800037, 0.9319550081910795]]	0.8313776280881756	0.16862237191182453	[[0.7058000443481882, -0.426922761484496, 0.10378831152913398], [0.4346400478635492, 0.6497578189835982, -0.2830045334413743], [0.06421126596468953, 0.2945173897780068, 0.7748065441947958]]	0.9061066202078907	0.15810905686476054	[[0.7499311398400831, -0.47212372023292304, 0.06617413966709118], [0.5081764518059322, 0.6669439914549892, -0.29589188105328257], [0.0229684355358288, 0.2936103548302547, 0.8312867237398984]]	[[-0.01931026276726234, -0.006826691025988201, -0.04694326089732842], [0.034468462234114025, -0.04121778897054337, 0.01255072389119106], [-0.0470145074937183, -0.027379948045559818, -0.013163878917937757]]	0.4335478878991136	[[0.6923989601378674, -0.6923989601378673, 0.0], [0.7071067811865475, 0.7071067811865476, 0.0], [0.0, 0.0, 0.9792000000000001]]
5	[[-0.5446221603179724, 0.8109226453022452, -0.2139887049042392], [-0.8354447797583356, -0.5021691245819775, 0.22328947644507607], [0.07361197229480154, 0.30038414347728, 0.9509735242804028]]	0.8029093020102781	0.1970906979897218	[[-0.43728219860023304, 0.6510973351239541, -0.1718135216927461], [-0.6707863849838959, -0.4031962613092279, 0.17928119767875653], [0.05910373729481904, 0.24118122297429814, 0.7635454886102325]]	0.8589090315014156	0.16765259207021987	[[-0.48435727647214694, 0.6799323996798886, -0.1338976665307438], [-0.7621979570918049, -0.44757013665984646, 0.21019869678246164], [0.04840544450073947, 0.2167254930496974, 0.8333761329423974]]	[[-0.016576384219228742, -0.016576384219228742, 0.0498991647507985], [-0.04462689043665922, -0.016252540215226634, 0.018413348824563195], [-0.01482054332989757, -0.04127716070275543, 0.016576384219228742]]	0.3921509437783276	[[-0.6779970617669998, 0.6779970617669997, 0.0], [-0.7071067811865475, -0.7071067811865476, 0.0], [0.0, 0.0, 0.9588326400000001]]
5	[[0.5319609947059123, -0.8460851799387872, 0.03402011756955908], [-0.703274286200726, -0.4190807785627857, 0.5742617690636116], [-0.47161719485230363, -0.3294103357928521, -0.8179645788128509]]	0.7899724211164171	0.210027578883583	[[0.42023451492732716, -0.6683839580669629, 0.026874954643089737], [-0.5555672905789075, -0.331062257284597, 0.45365096006177813], [-0.37256457725760733, -0.26022508050705145, -0.6461694587122582]]	0.847562446596688	0.19720500930206783	[[0.5061556937008962, -0.6956026639039926, 0.006992514895557331], [-0.5918988082781795, -0.3901209771119944, 0.5696945914078522], [-0.36779503275247777, -0.35790612335208477, -0.6886101490084353]]	[[0.055285531533945345, 0.021507361234124833, -0.021841659185205142], [0.004170066362647008, -0.0349238471116748, 0.08297188143335524], [0.03192999077360766, -0.07871029321325852, 0.004665910639613933]]	0.32246643648648	[[0.6365639298232527, -0.6365639298232526, 0.0], [-0.5, -0.5000000000000001, 0.7071067811865475], [-0.4501186714367794, -0.4501186714367795, -0.6365639298232527]]
5	[[-0.30792515101507295, 0.09349718223056193, 0.9468053539599837], [0.3027085282091916, -0.9338174967034747, 0.1906631317268273], [0.9019698710720718, 0.34531602882779927, 0.2592434992682147]]	0.7596813460719223	0.2403186539280778	[[-0.2339249932125306, 0.0710280652508451, 0.7192703657644232], [0.2299620221774092, -0.7094037328812085, 0.14484322455652446], [0.6852096857723498, 0.26233014560011336, 0.19694245048447273]]	0.8497243898181379	0.2615879892146282	[[-0.25674582997492174, 0.07902803374599353, 0.7438086147613102], [0.24366198995718846, -0.849765160786712, 0.11903699641247273], [0.6804652810676831, 0.2646868524203418, 0.17771779622892825]]	[[0.004905681081019019, -0.00041880237458594496, -0.060714986908883085], [-0.01355682946811344, -0.05627765819885098, -0.042974116854920835], [-0.08596051726337775, -0.028736599469782468, -0.04256772800107442]]	0.4695707360948454	[[0.0, 0.0, 0.9792000000000001], [0.0, -1.0, 0.0], [0.9792000000000001, 0.0, 0.0]]
5	[[0.3802729664721569, 0.7767473726770865, -0.5020517802076895], [0.4287143634067757, 0.332951791095048, 0.839849450446521], [0.8195098935212374, -0.5346088512602871, -0.20639019011321075]]	0.7710367342845164	0.22896326571548375	[[0.29320442620537723, 0.598900757593019, -0.3871003650530647], [0.33055452270202573, 0.25671806168010636, 0.6475547775629313], [0.6318722320144666, -0.41220306279532853, -0.15913441817325047]]	0.8540626763167385	0.23650818345190408	[[0.34586013965816753, 0.6042815504579703, -0.43332836190139473], [0.402371042417849, 0.29214103217472503, 0.7186377352345968], [0.6655163204615246, -0.4333283619013948, -0.08202519052711138]]	[[0.021083192182051867, -0.059109389472617346, -0.004544674847632558], [0.03622210583123134, 0.007779334387636852, 0.0013536658830990665], [-0.03439649246726866, 0.023261104388583198, 0.09424496760649781]]	0.3773285679656694	[[0.4596800157646848, 0.4596800157646849, -0.6500857126462956], [0.5, 0.5000000000000001, 0.7071067811865475], [0.6500857126462956, -0.6500857126462956, 0.0]]
5	[[0.034229894132735264, 0.2773841392786001, 0.9601491309293217], [-0.1827544195208179, -0.9427759796974285, 0.2788803941677556], [0.9825625356654255, -0.18501754344446375, 0.018422055382213542]]	0.8655719313263491	0.13442806867365092	[[0.029628435573568125, 0.24009592515467496, 0.8310781376198086], [-0.15818709586306018, -0.8160404255547944, 0.24139104138883774], [0.8504785516448372, -0.16014599240848118, 0.015945614056183537]]	0.9222216712492617	0.12542367537527388	[[0.009062928209201578, 0.23867245735609, 0.8666438050131235], [-0.16463449953100523, -0.8269608603041154, 0.25311893834417204], [0.900198433310789, -0.1614184064185431, 0.0]]	[[-0.022504621964574832, -0.017137207147458554, -0.01882653116104184], [0.003905586667672165, 0.042487579306107054, -0.004070604843868348], [-0.005942030437492196, 0.009208781707243157, -0.01698921870243143]]	0.3471868120441422	[[0.0, 0.0, 0.9792000000000001], [0.0, -1.0, 0.0], [0.9792000000000001, 0.0, 0.0]]
5	[[-0.42203838922340475, -0.825029846081567, 0.3757783270710803], [0.2588054115689476, 0.28760896992378115, 0.9221175843470338], [-0.8688517462515349, 0.4864224845687207, 0.09214016247897017]]	0.756685840514472	0.24331415948552806	[[-0.3193504732788858, -0.624288402531756, 0.2843461392669026], [0.19583439038274292, 0.2176296351462779, 0.6977533193648098], [-0.6574478138948096, 0.3680690065810201, 0.06972115629053954]]	0.8533272088498403	0.24023748039109055	[[-0.28184113380423137, -0.6375188977251385, 0.3338135582247593], [0.2567458042308826, 0.2322566928773786, 0.8305636793213349], [-0.7410727402219282, 0.3760692436744704, 0.022514310186083786]]	[[0.0782957068992592, 0.06650151804945852, 0.01315168723893188], [0.035900104741518404, -0.013167866667859221, 0.043695654839123535], [0.0003420953112036893, -0.03900829740436054, -0.05611139748506661]]	0.4947544491398666	[[-0.4596800157646848, -0.4596800157646849, 0.6500857126462956], [0.5, 0.5000000000000001, 0.7071067811865475], [-0.6500857126462956, 0.6500857126462956, 0.0]]
5	[[0.04673222253661188, -0.9725397674033924, -0.22799671093185395], [-0.8377629715199755, -0.16246744520517667, 0.5213036857710898], [-0.5440306084466285, 0.16664552219444034, -0.8223502702654952]]	0.6886838404366655	0.3113161595633346	[[0.0321837264886548, -0.6697724219927494, -0.15701765049147745], [-0.5769538206020095, -0.11188870410983463, 0.3590134243506228], [-0.37466508874012, 0.11476607821644073, -0.566339342310571]]	0.7920412344024644	0.35182842634078054	[[-0.03647081177092738, -0.8528447093503576, -0.16087215862323795], [-0.6915622260464535, -0.15559632832987125, 0.27473653444737783], [-0.300000098597468, 0.050605452791311505, -0.6144305647098733]]	[[-0.07348465899519623, -0.08255311147068889, 0.019710637742929513], [-0.028019407947095447, -0.026915412479348266, -0.13815748032931047], [0.13089457606932353, -0.08138467231521629, 0.036904758462409835]]	0.6239824826695771	[[1.874712010763763e-16, -0.9388889210880002, 0.0], [-1.0, -1.7938038903913487e-16, 0.0], [0.0, 0.0, -0.9388889210880002]]
5	[[0.22433838825039393, -0.7661379269479729, -0.6022499185961573], [-0.9416906372873723, -0.011392912655017143, -0.3362869982418849], [0.2507808429735371, 0.642575192824231, -0.724020780340167]]	0.7014270395996312	0.2985729604003689	[[0.15735701153902654, -0.5373898580241151, -0.42243437750002144], [-0.6605272759311717, -0.007991296996025896, -0.23588079363265174], [0.17590446427522807, 0.4507196152228624, -0.5078477525626182]]	0.7670607677115439	0.3803715076314642	[[0.22078746035778438, -0.572466603026177, -0.3539058650749959], [-0.8379626370440604, -0.013672911287525444, -0.15637385766352233], [0.14376387471190516, 0.3539058650749959, -0.5201558887963784]]	[[0.04870628403926672, 0.015207743391465661, 0.10805641983758729], [-0.11562869385963567, -0.0049338549598974026, 0.10157870537930852], [-0.048600271226724355, -0.13898835564515213, 0.035212046810461285]]	0.6250263273196197	[[0.6365639298232527, -0.4501186714367795, -0.4501186714367794], [-0.7071067811865475, -0.5000000000000001, -0.5], [0.0, 0.6365639298232526, -0.6365639298232527]]
5	[[0.8787972042104137, -0.3840163418041313, 0.28327887866788265], [-0.395223040501579, -0.9183905790867732, -0.018907472103605397], [0.2674214316928388, -0.09534250611366366, -0.9588511794847616]]	0.7510669669272819	0.24893303307271816	[[0.6600355507104905, -0.28842198908933925, 0.21276140819564812], [-0.2968389702892993, -0.6897728266892927, -0.014200777725117117], [0.20085140359289175, -0.07160860688603518, -0.7201614471102669]]	0.8474600379633994	0.24802836128390174	[[0.6927727146841182, -0.3137755910975125, 0.1453657777630205], [-0.35949901909655113, -0.8404998740506583, -0.025568348170566323], [0.13255671938384095, -0.05543956923706728, -0.8125880569674064]]	[[-0.051972797358168406, 0.01166291250638227, -0.09470175150709255], [-0.024563286189072796, -0.06220055903255326, -0.009545021143852982], [-0.0940722572707988, 0.025359394613543765, 0.0]]	0.4764176443318701	[[0.6779970617669998, -0.6779970617669997, 0.0], [-0.7071067811865475, -0.7071067811865476, 0.0], [0.0, 0.0, -0.9588326400000001]]
5	[[-0.8305561570912853, 0.32773595720904825, 0.4502950280316503], [-0.5100865793185324, -0.772219296347621, -0.37879947194723407], [0.22358030216652452, -0.5443036842615101, 0.808545204538665]]	0.7602864984512855	0.23971350154871449	[[-0.6314606324420892, 0.24917322332304767, 0.3423532301322068], [-0.3878119392970809, -0.5871079048566483, -0.2879961241419584], [0.16998508505686732, -0.4138267422013176, 0.61472600239828]]	0.8107236065021589	0.24314611108029746	[[-0.6786230983401245, 0.33171348411335405, 0.36590308772675434], [-0.4960496031953428, -0.6277121846258809, -0.36947099499110647], [0.05674093495447909, -0.47905421890529887, 0.6651645366380263]]	[[-0.005271615260503974, 0.06601020690439724, 0.0008382786109441192], [-0.08251037198187267, -0.0016557716803781708, -0.06236932095293157], [-0.12452089396080812, -0.037774372968395024, 0.009657852394414192]]	0.404988578546705	[[-0.6365639298232527, 0.4501186714367795, 0.4501186714367794], [-0.7071067811865475, -0.5000000000000001, -0.5], [0.0, -0.6365639298232526, 0.6365639298232527]]
5	[[0.8592155572171323, 0.2624339665249735, -0.4391776855101157], [-0.4266000482917053, 0.8413623931712975, -0.33184593135155627], [0.2824199444684594, 0.4724804086637203, 0.8348660002631537]]	0.7914475588230651	0.20855244117693503	[[0.6800240552622989, 0.2077027221584443, -0.34758610708654486], [-0.33763156681427187, 0.6658942121609551, -0.26263865227355554], [0.22352057561250782, 0.37394346602862555, 0.6607526578526494]]	0.8364820001909994	0.20226945345329694	[[0.7348505363564727, 0.1638645981068807, -0.33398734281001463], [-0.3522911741534715, 0.7483925364170191, -0.39040072741115067], [0.253486119274607, 0.39094758768235266, 0.7061252602973545]]	[[0.016132188460261772, -0.055656691129986946, 0.03337688600474059], [0.004552087523151044, 0.04460803889160622, -0.11281757899895593], [0.017246919231799107, -0.0042737696077369955, 0.007774878505772223]]	0.43867663291789577	[[0.7684006363484059, -0.13183670652515317, -0.4501186714367794], [-0.14644660940672619, 0.8535533905932737, -0.5], [0.4501186714367794, 0.4501186714367795, 0.6365639298232527]]
5	[[-0.3195682178843842, -0.5708200961323295, -0.7563336379995778], [0.910087742671785, 0.03735879733279218, -0.41272826520656647], [0.2638493031197415, -0.8202248094963509, 0.507557688474819]]	0.7743214540364183	0.22567854596358178	[[-0.24744852713606322, -0.4419982468303934, -0.585645362312487], [0.7047004642063383, 0.028927718271779493, -0.31958435043667704], [0.2043041760381738, -0.6351176671259586, 0.39301280734718524]]	0.8140305194815118	0.20253622714123684	[[-0.29721766212101547, -0.48916312852377725, -0.607077516194408], [0.7771984509515175, 0.011661742902425005, -0.312051838881783], [0.19416924999063823, -0.6442832902729119, 0.44122831012803143]]	[[-0.03707937970680934, -0.02449814913869052, 0.00860114804773008], [0.036359253010647845, -0.018749458297592406, 0.023921565249021472], [-0.02061213529275981, 0.023404737493026823, 0.028060861312039193]]	0.49472818175817107	[[1.7975350665203278e-16, -0.6365639298232527, -0.6365639298232526], [1.0, 1.2684108950145333e-16, 1.268410895014533e-16], [0.0, -0.6365639298232526, 0.6365639298232527]]
5	[[0.08740825448676931, -0.06334395238859675, -0.994156597696443], [0.7119981850616444, -0.6940087028176986, 0.10681996481098455], [-0.6967197295301035, -0.717174639895393, -0.015561310176609944]]	0.8731769788349568	0.12682302116504324	[[0.0763228755779943, -0.05531048097414025, -0.8680746544654198], [0.6217004241680991, -0.6059924224115254, 0.0932727341529119], [-0.6083596285258039, -0.6262203853609073, -0.013587777806725938]]	0.9348383018092458	0.1042122151457179	[[0.07233292256515503, -0.05704957176735344, -0.8934197128717838], [0.6748863932305962, -0.6570030299938204, 0.11126674707356718], [-0.6392717350272764, -0.6620435555954447, 0.0]]	[[-0.009379661623366784, 0.0021667811134880545, 0.03595595265121648], [0.009283219016303433, -0.008217112810885573, 0.011407352570342973], [0.01204855376364251, 0.008398766865021811, 0.014547308779428975]]	0.14172918227815126	[[0.0, 0.0, -0.9388889210880002], [0.7071067811865475, -0.7071067811865476, 0.0], [-0.6638947228822463, -0.6638947228822462, 0.0]]
