5	[[0.22433838825039393, -0.7661379269479729, -0.6022499185961573], [-0.9416906372873723, -0.011392912655017143, -0.3362869982418849], [0.2507808429735371, 0.642575192824231, -0.724020780340167]]	0.5028385522241527	0.4971614477758472	[[0.11280599035612798, -0.3852436859905325, -0.3028344771440057], [-0.47351835669662207, -0.005728795705065078, -0.1690980673277556], [0.12610227600636603, 0.3231115796548921, -0.36406556096645093]]	0.6936315570244542	0.4953617373498958	[[0.18313555630223013, -0.4235666333795333, -0.331886402971589], [-0.8163289365130212, 0.047178094007890484, -0.20321286987195994], [0.14406710486197047, 0.33188640297158895, -0.35535675969068814]]	[[0.02752737075975292, 0.10785080978487657, 0.08585314578211448], [-0.16314259353603058, 0.05508057775183361, 0.03004640432563865], [-0.029882401721669186, -0.11382402853237131, 0.1468469014947222]]	0.7301918892006326	[[0.4599938513977989, -0.3252647716275006, -0.32526477162750056], [-0.7071067811865475, -0.5000000000000001, -0.5], [0.0, 0.4599938513977988, -0.4599938513977989]]
5	[[0.08740825448676931, -0.06334395238859675, -0.994156597696443], [0.7119981850616444, -0.6940087028176986, 0.10681996481098455], [-0.6967197295301035, -0.717174639895393, -0.015561310176609944]]	0.628276793095565	0.37172320690443517	[[0.054916577819028436, -0.039797535268705705, -0.624605519035519], [0.44733193640039226, -0.4360295621867165, 0.06711250493002646], [-0.4377328373555829, -0.4505841828429441, -0.009776810054125876]]	0.8450976160286622	0.261104866231889	[[0.04766057184191119, -0.0476605718419112, -0.7366161929003859], [0.6743163366105169, -0.6651875188879556, 0.09507375063654379], [-0.5289070647107846, -0.5364451733389997, 0.0]]	[[-0.02620793564608416, 0.005871251311525005, 0.10354317777204383], [0.07260836779818716, -0.07868241863357416, 0.004800453030515158], [0.05988911775524022, 0.0696374051128113, 0.013150826132535624]]	0.2664168903726602	[[0.0, 0.0, -0.772609803776], [0.7071067811865475, -0.7071067811865476, 0.0], [-0.5463176314612175, -0.5463176314612174, 0.0]]
5	[[0.04673222253661188, -0.9725397674033924, -0.22799671093185395], [-0.8377629715199755, -0.16246744520517667, 0.5213036857710898], [-0.5440306084466285, 0.16664552219444034, -0.8223502702654952]]	0.5348838734896595	0.4651161265103404	[[0.02499631220716369, -0.5201958379114591, -0.12195176388613224], [-0.4481059032728118, -0.08690121640731392, 0.2788369347096768], [-0.2909931991428689, 0.08913600241106928, -0.43986189792487645]]	0.7039262083216281	0.4640707690295427	[[-0.0020836905297406377, -0.7072760138720191, -0.11027040706831798], [-0.6721708952396533, -0.15025988076578356, 0.28082452353764187], [-0.24469473180016726, 0.01843824559759756, -0.51055719014256]]	[[-0.03497972674638028, -0.022679782961750935, 0.050222453167744305], [-0.08244758322533693, -0.03589478808680177, -0.08613480337129079], [0.13826267161457634, -0.09886790497451256, 0.06831671751769623]]	0.6841073657324186	[[1.542696741052442e-16, -0.772609803776, 0.0], [-1.0, -1.7938038903913487e-16, 0.0], [0.0, 0.0, -0.772609803776]]
5	[[0.8592155572171323, 0.2624339665249735, -0.4391776855101157], [-0.4266000482917053, 0.8413623931712975, -0.33184593135155627], [0.2824199444684594, 0.4724804086637203, 0.8348660002631537]]	0.5477412847985166	0.4522587152014836	[[0.4706278332289853, 0.14374591799915987, -0.24055574971614962], [-0.2336664585464078, 0.4608489182168011, -0.18176571679366188], [0.15469306323587964, 0.25879702608359423, 0.4572905756187384]]	0.7411595415529438	0.4560785883237079	[[0.46158161470781095, 0.18603494357449715, -0.28560222503892035], [-0.3523834608623767, 0.7495793745379987, -0.2521854094259399], [0.23771275872955294, 0.31045631875062984, 0.45793405997011305]]	[[-0.17523419377439592, -0.008470494743072843, 0.03989850701403993], [-0.036204764644032786, 0.12599560893527237, -0.006234631079210804], [0.02839452216190172, -0.03972704432732061, -0.16083484204306586]]	0.5547207145776636	[[0.5552616973264001, -0.09526784592860117, -0.32526477162750056], [-0.14644660940672619, 0.8535533905932737, -0.5], [0.32526477162750056, 0.3252647716275006, 0.4599938513977989]]
5	[[0.8489524140446696, -0.5135124485683378, 0.12483895166604869], [0.522794976890395, 0.7815435453534784, -0.34040431673891397], [0.0772347773085365, 0.35425224329800037, 0.9319550081910795]]	0.676386839200868	0.3236131607991322	[[0.5742202399676206, -0.3473330619774362, 0.0844394239265486], [0.35361164196898515, 0.5286257683394796, -0.23024499984936508], [0.052240586900103914, 0.23961155512415133, 0.6303621022677831]]	0.8240273937098392	0.26490082918501245	[[0.6569091468741439, -0.4069031891537175, 0.04973608030386184], [0.4764966360272225, 0.6263274280218396, -0.264070048799873], [0.02724220054523781, 0.2265169883450126, 0.7249867161699652]]	[[-0.042650898254761434, 0.016245135477607763, -0.05313463567098084], [0.04569925377563467, -0.017685862726534662, 0.016432433130072883], [-0.03640137170407537, -0.06539656441570248, -0.0429697402845617]]	0.4554680884892201	[[0.648841182416776, -0.6488411824167759, 0.0], [0.7071067811865475, 0.7071067811865476, 0.0], [0.0, 0.0, 0.9176]]
5	[[-0.42203838922340475, -0.825029846081567, 0.3757783270710803], [0.2588054115689476, 0.28760896992378115, 0.9221175843470338], [-0.8688517462515349, 0.4864224845687207, 0.09214016247897017]]	0.5415244496579663	0.4584755503420338	[[-0.22854410645873882, -0.44677383335071713, 0.203493151760558], [0.14014945806837775, 0.15574728915467023, 0.4993492173834607], [-0.4705044637232254, 0.263409668257337, 0.04989615077781992]]	0.7443503566528213	0.4067096846533003	[[-0.22180262254643782, -0.4880586874772463, 0.26846093036036806], [0.2691063902667143, 0.23566006093900824, 0.8285072030838928], [-0.5655589433124368, 0.2902694809512042, 0.02340679602388858]]	[[0.0923418029931857, 0.12605257270279044, -0.011249801417391072], [0.07646448986168795, 0.021578221599691152, 0.1421286502993402], [0.08117116388831977, -0.07179926892147451, -0.04517776677938176]]	0.5762459902252424	[[-0.3544733779724287, -0.3544733779724288, 0.5013010586288131], [0.5, 0.5000000000000001, 0.7071067811865475], [-0.5013010586288131, 0.501301058628813, 0.0]]
5	[[-0.30792515101507295, 0.09349718223056193, 0.9468053539599837], [0.3027085282091916, -0.9338174967034747, 0.1906631317268273], [0.9019698710720718, 0.34531602882779927, 0.2592434992682147]]	0.6039957598896903	0.39600424011031005	[[-0.18598548557649663, 0.056471901628893095, 0.5718664192326873], [0.1828346675208004, -0.5640218085197034, 0.11515972313029318], [0.544785977675782, 0.20856941723393682, 0.15658197433696774]]	0.7978080497672618	0.3034031179927497	[[-0.1768451375664829, 0.07175877106671107, 0.7255634520318641], [0.26104554963962073, -0.8374644793018775, 0.13134990879715944], [0.6669128791389966, 0.2430772357806816, 0.10508636649977186]]	[[0.06882002663914202, -0.0028340335473878153, -0.029805480920152377], [0.019542249101127424, -0.0924573634183318, -0.02076267248833925], [-0.05268594464984159, -0.032418671731800484, -0.10174018406624312]]	0.483097221774283	[[0.0, 0.0, 0.9176], [0.0, -1.0, 0.0], [0.9176, 0.0, 0.0]]
5	[[0.8787972042104137, -0.3840163418041313, 0.28327887866788265], [-0.395223040501579, -0.9183905790867732, -0.018907472103605397], [0.2674214316928388, -0.09534250611366366, -0.9588511794847616]]	0.5881316226248854	0.41186837737511467	[[0.5168484256704835, -0.22585215421973634, 0.16660526656629981], [-0.23244316810893448, -0.540134541481712, -0.011120082248028207], [0.15727900054617924, -0.056073942825752066, -0.563930700046158]]	0.7942800771345355	0.3632574443959612	[[0.5546915114240881, -0.2351407502055906, 0.22603094252789085], [-0.3455134237476552, -0.8470690154471525, -0.023694633266899648], [0.20292693242629575, -0.07572865311016069, -0.6438261741489469]]	[[-0.14331959972177344, 0.06987577938351694, 0.0010281729289802455], [-0.03159563665271535, -0.11760967545047975, -0.008676804866028877], [-0.009480582966120124, 0.0, 0.11777021465274982]]	0.511258537133457	[[0.5953766689856337, -0.5953766689856336, 0.0], [-0.7071067811865475, -0.7071067811865476, 0.0], [0.0, 0.0, -0.8419897599999999]]
5	[[-0.5446221603179724, 0.8109226453022452, -0.2139887049042392], [-0.8354447797583356, -0.5021691245819775, 0.22328947644507607], [0.07361197229480154, 0.30038414347728, 0.9509735242804028]]	0.5967662103072817	0.4032337896927182	[[-0.3250121026623213, 0.4839312338893769, -0.12770122847426607], [-0.49856521513738367, -0.2996775654101119, 0.13325161465962515], [0.043929137739613336, 0.17925910693933517, 0.5675088661873757]]	0.7650076371875926	0.33483966146674	[[-0.4385516395060287, 0.5869337166103733, -0.08569548694518551], [-0.7316978141586902, -0.39274508252214485, 0.10562184610529704], [0.0688449257259377, 0.09173082637250514, 0.70224274721311]]	[[-0.02191152748117447, -0.03342830021420957, 0.07800750657843954], [-0.09257617719505724, -0.008581867057124484, -0.06519630867880523], [0.012531204731973066, -0.13806533747766767, -0.02525926162459865]]	0.43746699604363526	[[-0.5953766689856337, 0.5953766689856336, 0.0], [-0.7071067811865475, -0.7071067811865476, 0.0], [0.0, 0.0, 0.8419897599999999]]
5	[[0.034229894132735264, 0.2773841392786001, 0.9601491309293217], [-0.1827544195208179, -0.9427759796974285, 0.2788803941677556], [0.9825625356654255, -0.18501754344446375, 0.018422055382213542]]	0.7605760781463039	0.2394239218536961	[[0.026034438634838966, 0.21097174079250577, 0.7302664604378056], [-0.138998639663048, -0.7170528572088096, 0.21210975646800692], [0.7473135599098972, -0.14071991758125366, 0.014011374633997986]]	0.8706061735752987	0.19914135434309524	[[0.00921500609924529, 0.2116530787874551, 0.7824588877617029], [-0.1683215959708108, -0.8237035533792186, 0.25729567645926354], [0.8117667843054257, -0.14471453797063014, 0.0]]	[[-0.020585751053542926, -0.02983926532036467, -0.053452873178322285], [-0.009214470087816689, -0.0029169651561371593, 0.014500683607702807], [-0.04365822516869321, 0.016362877571855994, -0.016038355145701164]]	0.37508412024258014	[[0.0, 0.0, 0.9176], [0.0, -1.0, 0.0], [0.9176, 0.0, 0.0]]
5	[[0.5319609947059123, -0.8460851799387872, 0.03402011756955908], [-0.703274286200726, -0.4190807785627857, 0.5742617690636116], [-0.47161719485230363, -0.3294103357928521, -0.8179645788128509]]	0.5718418514587832	0.42815814854121675	[[0.30419756011648486, -0.4838269157880337, 0.019454127017822155], [-0.4021616699043773, -0.23964792832413162, 0.3283869132433318], [-0.26969044988413904, -0.18837061630944404, -0.4677463791760444]]	0.7107959219514819	0.47926826937537664	[[0.42964525401685294, -0.5555816461563133, 0.08043294393982713], [-0.5275486240393878, -0.3466603358062942, 0.3288599633328336], [-0.24763500911492894, -0.10961218117355598, -0.4979979640663109]]	[[0.05152954834263664, 0.045812249367762244, 0.05625158310707459], [-0.027664129394572468, -0.04877942743561411, -0.0793229602502252], [0.08758856970828591, 0.12453134215667158, 0.083407922854625]]	0.47442291221652033	[[0.4599938513977989, -0.4599938513977988, 0.0], [-0.5, -0.5000000000000001, 0.7071067811865475], [-0.32526477162750056, -0.3252647716275006, -0.4599938513977989]]
5	[[-0.8305561570912853, 0.32773595720904825, 0.4502950280316503], [-0.5100865793185324, -0.772219296347621, -0.37879947194723407], [0.22358030216652452, -0.5443036842615101, 0.808545204538665]]	0.531588552914688	0.46841144708531196	[[-0.44151414566254055, 0.174220683230868, 0.2393716823360238], [-0.2711561865611419, -0.4105029382782305, -0.20136546313727807], [0.11885272928893145, -0.2893456078627095, 0.4298133752468193]]	0.7231944518975163	0.42122799709437087	[[-0.5148127914269547, 0.17875138339456303, 0.23918075906414354], [-0.43989424837368796, -0.6709584816023139, -0.2610475237229949], [0.13600621435549604, -0.34047632790698407, 0.4847584261283097]]	[[0.08584081337078472, -0.05826544254634246, -0.08647010692538254], [-0.07100246422314294, -0.1124937708355105, 0.012898152770953734], [-0.02568581972490474, 0.05316107669831743, -0.09997697990239535]]	0.5450649509681766	[[-0.4599938513977989, 0.3252647716275006, 0.32526477162750056], [-0.7071067811865475, -0.5000000000000001, -0.5], [0.0, -0.4599938513977988, 0.4599938513977989]]
5	[[0.3802729664721569, 0.7767473726770865, -0.5020517802076895], [0.4287143634067757, 0.332951791095048, 0.839849450446521], [0.8195098935212374, -0.5346088512602871, -0.20639019011321075]]	0.5543966819642363	0.44560331803576403	[[0.21082207085286103, 0.4306261661366148, -0.27833584112138104], [0.23767782058312623, 0.18458736823714417, 0.4656097486770385], [0.45433356580503853, -0.29638537328741504, -0.114422036588732]]	0.749562762680616	0.38720414687270555	[[0.29700978830763447, 0.43156989039153476, -0.3513616937552179], [0.4130743340036238, 0.3131876991517001, 0.7103447965343559], [0.5356705850602854, -0.3827840842426528, -0.037251186539565787]]	[[0.011971332986011378, -0.15065101617721222, 0.024957625625979155], [0.09172601136757955, 0.06361943477903655, 0.08082492222186455], [-0.07860351477159064, 0.017938803261518473, 0.11745121455186999]]	0.46309181790758436	[[0.3544733779724287, 0.3544733779724288, -0.5013010586288131], [0.5, 0.5000000000000001, 0.7071067811865475], [0.5013010586288131, -0.501301058628813, 0.0]]
5	[[-0.3195682178843842, -0.5708200961323295, -0.7563336379995778], [0.910087742671785, 0.03735879733279218, -0.41272826520656647], [0.2638493031197415, -0.8202248094963509, 0.507557688474819]]	0.5186269872620615	0.4813730127379385	[[-0.1657367020660842, -0.2960427067257503, -0.3922550360406756], [0.4719960641259981, 0.01937528050844005, -0.2140520167419787], [0.13683936916818595, -0.4253907218266908, 0.26323311483539136]]	0.686776643396847	0.4990046642590717	[[-0.23761730943217188, -0.37503068857301297, -0.37940503541614007], [0.7781780438261824, 0.0145716742080029, -0.22785774125725453], [0.1615390064812533, -0.37940503541614, 0.3119159943131696]]	[[-0.018145321417222287, 0.01699522103221393, 0.14002724177733591], [0.15315103871744043, -0.011085475225555187, 0.05559439135631491], [-0.019666532277919948, 0.1839062060805821, -0.03666277130782911]]	0.6134997453627791	[[1.2989348587515276e-16, -0.4599938513977989, -0.4599938513977988], [1.0, 1.2684108950145333e-16, 1.268410895014533e-16], [0.0, -0.4599938513977988, 0.4599938513977989]]
