5	[[0.5319609947059123, -0.8460851799387872, 0.03402011756955908], [-0.703274286200726, -0.4190807785627857, 0.5742617690636116], [-0.47161719485230363, -0.3294103357928521, -0.8179645788128509]]	0.8054662098410379	0.19453379015896222	[[0.4284766061890396, -0.6814930230879673, 0.027402055157099252], [-0.5664636737847601, -0.3375554063261983, 0.46254845058427657], [-0.3798717144335474, -0.26532889465353215, -0.6588428290806079]]	0.8643178855260537	0.17610364427139882	[[0.5206025001482154, -0.7161722690516857, 0.005201833224416981], [-0.5956918642394631, -0.39117528829630044, 0.56633824543807], [-0.37547806125264704, -0.3681215581574737, -0.7109704358272688]]	[[0.06081909802166506, 0.015114284647937635, -0.024202362858652078], [0.012160679754393267, -0.028956275904301065, 0.0699935274625583], [0.032149115379824844, -0.0834063132545684, -0.0039890206325364636]]	0.30966453820831663	[[0.6563069722687763, -0.6563069722687762, 0.0], [-0.5, -0.5000000000000001, 0.7071067811865475], [-0.464079110631263, -0.4640791106312631, -0.6563069722687763]]
5	[[-0.30792515101507295, 0.09349718223056193, 0.9468053539599837], [0.3027085282091916, -0.9338174967034747, 0.1906631317268273], [0.9019698710720718, 0.34531602882779927, 0.2592434992682147]]	0.7726650771319782	0.22733492286802193	[[-0.23792301055993734, 0.07224200751979977, 0.7315634318464608], [0.23389230829726257, -0.7215281681175809, 0.14731874338193354], [0.6969206200026228, 0.2668136360491399, 0.20030839835803904]]	0.8546724789161156	0.2562016608675571	[[-0.26169816617175384, 0.08086571891596529, 0.748832600025327], [0.2431079531762754, -0.8497642913719189, 0.11959313214637049], [0.6850914712139544, 0.2682460940793949, 0.18083244725578856]]	[[0.0014769859669178857, 0.0009562504072991238, -0.06037587889470258], [-0.015608695017323333, -0.051656176609118566, -0.043361399284506885], [-0.08579735440286239, -0.026886012288329098, -0.04073583690666469]]	0.4685490889053517	[[0.0, 0.0, 0.9852000000000001], [0.0, -1.0, 0.0], [0.9852000000000001, 0.0, 0.0]]
5	[[0.22433838825039393, -0.7661379269479729, -0.6022499185961573], [-0.9416906372873723, -0.011392912655017143, -0.3362869982418849], [0.2507808429735371, 0.642575192824231, -0.724020780340167]]	0.7174190509117099	0.2825809490882902	[[0.16094463358166036, -0.5496419444184796, -0.4320655650109098], [-0.67558680325515, -0.008173492584082447, -0.24125869911264095], [0.17991495435291355, 0.4609956849753688, -0.5194263010719982]]	0.7753360203526196	0.3687318689146553	[[0.22634555362840714, -0.5831956432205024, -0.361969054268969], [-0.8371573882719661, -0.01486690664458526, -0.15668453736531204], [0.14761270960244602, 0.36196905426896897, -0.5293383317137892]]	[[0.05240792047002572, 0.01081868810054502, 0.10497700087306475], [-0.1070307171542525, -0.006033571086419186, 0.10405088554787936], [-0.046826711169331396, -0.1362426385126875, 0.03202105876775403]]	0.6153550794432101	[[0.6563069722687763, -0.4640791106312631, -0.464079110631263], [-0.7071067811865475, -0.5000000000000001, -0.5], [0.0, 0.6563069722687762, -0.6563069722687763]]
5	[[0.08740825448676931, -0.06334395238859675, -0.994156597696443], [0.7119981850616444, -0.6940087028176986, 0.10681996481098455], [-0.6967197295301035, -0.717174639895393, -0.015561310176609944]]	0.8990630169500948	0.10093698304990514	[[0.0785855289852165, -0.05695020494003496, -0.8938094300458058], [0.6401312363245139, -0.6239575581449018, 0.09603787983346673], [-0.6263949419999892, -0.6447851954244499, -0.01399059847507915]]	0.9473732422038253	0.08286867719825172	[[0.0683583304714765, -0.0635273731776913, -0.9140650816068701], [0.6789476087379498, -0.6616120006536718, 0.10261452342596525], [-0.6580286118510467, -0.6764427192582326, 0.0]]	[[-0.014449910977031187, -0.0035170076293016567, 0.02777227761113329], [0.00441957971286031, -0.004126725747597578, 0.0014161470308843016], [0.0020250172212598, 0.002989344565826729, 0.014742368874954344]]	0.13151573183600124	[[0.0, 0.0, -0.9562538782080002], [0.7071067811865475, -0.7071067811865476, 0.0], [-0.676173601816812, -0.6761736018168119, 0.0]]
5	[[0.3802729664721569, 0.7767473726770865, -0.5020517802076895], [0.4287143634067757, 0.332951791095048, 0.839849450446521], [0.8195098935212374, -0.5346088512602871, -0.20639019011321075]]	0.7984917409058532	0.20150825909414705	[[0.3036448230177856, 0.6202263618529743, -0.4008842000029207], [0.34232487838802095, 0.26585925530920684, 0.6706128497858667], [0.654371881567343, -0.4268807523465049, -0.16480086220938764]]	0.8675921223729348	0.2193223410537763	[[0.34485401497271856, 0.6270122902446053, -0.4275660075133684], [0.40350182352645036, 0.3040080451989396, 0.7224224318654834], [0.6730270108775979, -0.45367459753988343, -0.08601395732410036]]	[[0.014932184910088055, -0.04688761136390917, 0.008010162018131144], [0.03155261908660411, 0.01514169411491688, -0.006224335321156821], [-0.03797331694811027, 0.010147830364385784, 0.09304854575317369]]	0.3727707521821216	[[0.47105066040526083, 0.47105066040526095, -0.6661662325099231], [0.5, 0.5000000000000001, 0.7071067811865475], [0.6661662325099231, -0.666166232509923, 0.0]]
5	[[-0.5446221603179724, 0.8109226453022452, -0.2139887049042392], [-0.8354447797583356, -0.5021691245819775, 0.22328947644507607], [0.07361197229480154, 0.30038414347728, 0.9509735242804028]]	0.8260645872054062	0.1739354127945939	[[-0.44989308004598244, 0.669874480247115, -0.17676849118333984], [-0.6901313471239812, -0.4148241306051114, 0.18445152918691307], [0.06080824350708102, 0.24813670348460878, 0.7855655517779613]]	0.8543837118176244	0.15448354836153302	[[-0.46536364747139297, 0.6927917550895086, -0.1538225621174419], [-0.7348727567817015, -0.4502250209287666, 0.19077489169495812], [0.08340314002710837, 0.23613304957161663, 0.8125632448915213]]	[[-4.734460079046697e-05, -4.734460079046696e-05, 0.029005901865688275], [-0.021082344833117266, -0.02117990030820967, 0.0], [0.02051026990365971, -0.020510269903659707, 6.695537654301834e-05]]	0.38852446493262155	[[-0.686331305132777, 0.6863313051327768, 0.0], [-0.7071067811865475, -0.7071067811865476, 0.0], [0.0, 0.0, 0.9706190400000001]]
5	[[0.8787972042104137, -0.3840163418041313, 0.28327887866788265], [-0.395223040501579, -0.9183905790867732, -0.018907472103605397], [0.2674214316928388, -0.09534250611366366, -0.9588511794847616]]	0.7677640972108676	0.23223590278913256	[[0.6747089421220427, -0.2948339599794688, 0.2174913525393538], [-0.30343806088762904, -0.7051073138395221, -0.014516478250164243], [0.20531657407849002, -0.07320055313217859, -0.7361715101766937]]	0.8526682866038594	0.24211885564284366	[[0.6964400792534169, -0.31666683751637226, 0.149652298568396], [-0.36011122101005744, -0.8405077786494838, -0.024937062867370515], [0.1360395964339033, -0.05706835813438435, -0.8175819923193614]]	[[-0.05288242713293846, 0.010771718677638351, -0.09189061753641002], [-0.023117068239208262, -0.05742525714643865, -0.008815261024779017], [-0.09198217752878053, 0.0242271731940712, 0.0]]	0.4738567648699655	[[0.686331305132777, -0.6863313051327768, 0.0], [-0.7071067811865475, -0.7071067811865476, 0.0], [0.0, 0.0, -0.9706190400000001]]
5	[[-0.8305561570912853, 0.32773595720904825, 0.4502950280316503], [-0.5100865793185324, -0.772219296347621, -0.37879947194723407], [0.22358030216652452, -0.5443036842615101, 0.808545204538665]]	0.7810407420161667	0.21895925798383334	[[-0.6486981972206735, 0.2559751352039337, 0.35169876282003065], [-0.3983984004034349, -0.603134732218548, -0.2958578206449998], [0.17462532510434106, -0.42512335343774316, 0.6315067465064921]]	0.8270871926831614	0.22853073288678555	[[-0.6870373481325032, 0.3337038314187357, 0.3834961883315208], [-0.49951648671024734, -0.6333719008615392, -0.364272063858675], [0.06397243581348319, -0.4883638226316084, 0.682674330100857]]	[[-9.498779815718752e-05, 0.06263761862937535, 0.011062937717637805], [-0.07763040979632561, 0.0053207890903812505, -0.050971872015973176], [-0.12094796864468056, -0.03817721644865412, 0.013936946721540121]]	0.39213508968191363	[[-0.6563069722687763, 0.4640791106312631, 0.464079110631263], [-0.7071067811865475, -0.5000000000000001, -0.5], [0.0, -0.6563069722687762, 0.6563069722687763]]
5	[[0.034229894132735264, 0.2773841392786001, 0.9601491309293217], [-0.1827544195208179, -0.9427759796974285, 0.2788803941677556], [0.9825625356654255, -0.18501754344446375, 0.018422055382213542]]	0.866640181401269	0.1333598185987311	[[0.029665001660539925, 0.24039224078224086, 0.832103817000858], [-0.15838232328540522, -0.8170475460657385, 0.24168895539080112], [0.8515281741471752, -0.1603436374131272, 0.01596529341822577]]	0.9268442302573037	0.12391765672482834	[[0.010204296582286708, 0.24068642186833716, 0.8750761109807674], [-0.16407169093411075, -0.8274295900030325, 0.252550133344854], [0.9088712185511949, -0.16332457286881383, 0.0]]	[[-0.021521483296957307, -0.016405467186921655, -0.014832571207638838], [0.005313188352782032, 0.046376887204706035, -0.005928550921412852], [-0.0018111984972909, 0.008157869769067409, -0.01707437574048513]]	0.3446189753118133	[[0.0, 0.0, 0.9852000000000001], [0.0, -1.0, 0.0], [0.9852000000000001, 0.0, 0.0]]
5	[[0.8489524140446696, -0.5135124485683378, 0.12483895166604869], [0.522794976890395, 0.7815435453534784, -0.34040431673891397], [0.0772347773085365, 0.35425224329800037, 0.9319550081910795]]	0.8542094617365896	0.14579053826341049	[[0.7251831846410755, -0.4386471922865981, 0.10663861370641557], [0.4465764158081371, 0.6676018912001007, -0.29077658817435925], [0.06597467755207032, 0.30260561806656433, 0.7960847859096208]]	0.9089361991445207	0.15006614393183806	[[0.7641939678339226, -0.4744327317604094, 0.05482571091860056], [0.5001051940043287, 0.6734727027232705, -0.2882014355661834], [0.0216727734935466, 0.28804209344927056, 0.8470876429189005]]	[[-0.007449612642405037, -0.007682678545308182, -0.05864493131392427], [0.02491791477772551, -0.03690051685625356, 0.021204370262872616], [-0.04852871143504804, -0.033950594112433945, 0.0]]	0.431612597142931	[[0.6966416008249867, -0.6966416008249866, 0.0], [0.7071067811865475, 0.7071067811865476, 0.0], [0.0, 0.0, 0.9852000000000001]]
5	[[-0.3195682178843842, -0.5708200961323295, -0.7563336379995778], [0.910087742671785, 0.03735879733279218, -0.41272826520656647], [0.2638493031197415, -0.8202248094963509, 0.507557688474819]]	0.7955627969048696	0.20443720309513042	[[-0.2542365852220054, -0.45412323220854256, -0.6017109044401793], [0.7240319499888046, 0.0297212692950784, -0.32835125302943075], [0.20990868955134234, -0.6525403435336807, 0.4037940142335974]]	0.830626088499618	0.18481735863438004	[[-0.287909688152964, -0.5045477829724083, -0.6312285897791867], [0.7930577121268252, 0.0067697700338692005, -0.29959029089912775], [0.1804714304111303, -0.6725951650814421, 0.44853130537317165]]	[[-0.02246798932286439, -0.030409719285035535, -0.002998138446911363], [0.03711509023991362, -0.024261421665717986, 0.04323257364263551], [-0.03868868419257061, 0.008704960120856312, 0.0269406479074251]]	0.4844052267897895	[[1.8532856509517795e-16, -0.6563069722687763, -0.6563069722687762], [1.0, 1.2684108950145333e-16, 1.268410895014533e-16], [0.0, -0.6563069722687762, 0.6563069722687763]]
5	[[0.8592155572171323, 0.2624339665249735, -0.4391776855101157], [-0.4266000482917053, 0.8413623931712975, -0.33184593135155627], [0.2824199444684594, 0.4724804086637203, 0.8348660002631537]]	0.8179022963458397	0.18209770365416045	[[0.7027543773039625, 0.21464534385992315, -0.3592044374825745], [-0.348917159119032, 0.6881522334338354, -0.27141754928546175], [0.23099192111461744, 0.38644281122447754, 0.6828388187562997]]	0.8562991435043831	0.18224933600433965	[[0.7484314681081297, 0.1589493308287669, -0.34979774797479163], [-0.3571263279960725, 0.756879864503342, -0.3850766692436899], [0.2755935771401143, 0.3968756274113509, 0.7261031883121772]]	[[0.012685922377458093, -0.06577264993302595, 0.026269727973757748], [0.00817092797504318, 0.03642196785396228, -0.10091728245193797], [0.03375762058321711, -0.007708941849993665, 0.011208147345908635]]	0.43016780332824905	[[0.7922325967656514, -0.13592562449687495, -0.464079110631263], [-0.14644660940672619, 0.8535533905932737, -0.5], [0.464079110631263, 0.4640791106312631, 0.6563069722687763]]
5	[[-0.42203838922340475, -0.825029846081567, 0.3757783270710803], [0.2588054115689476, 0.28760896992378115, 0.9221175843470338], [-0.8688517462515349, 0.4864224845687207, 0.09214016247897017]]	0.7859681272354202	0.21403187276458005	[[-0.3317087223993729, -0.6484471630380559, 0.29534978798371625], [0.20341280464923786, 0.22605148346710266, 0.724755030860088], [-0.6828897798465434, 0.38231256924167745, 0.07241923094676353]]	0.8634654248413931	0.222784299821551	[[-0.28880539850345077, -0.653295922307071, 0.3442884267505097], [0.25841029607079424, 0.23397822934609203, 0.8305446254273068], [-0.759439706275673, 0.38541502911867365, 0.023017482331472862]]	[[0.07561015854671364, 0.059088824246578436, 0.019816833919891252], [0.03494077141916132, -0.014362172057341182, 0.034327973705376], [-0.00921626407440504, -0.034593968171862784, -0.05654236220838613]]	0.4887831950334809	[[-0.47105066040526083, -0.47105066040526095, 0.6661662325099231], [0.5, 0.5000000000000001, 0.7071067811865475], [-0.6661662325099231, 0.666166232509923, 0.0]]
5	[[0.04673222253661188, -0.9725397674033924, -0.22799671093185395], [-0.8377629715199755, -0.16246744520517667, 0.5213036857710898], [-0.5440306084466285, 0.16664552219444034, -0.8223502702654952]]	0.7056135962079202	0.2943864037920798	[[0.03297489160284759, -0.6862372827327222, -0.1608775791242031], [-0.5911369431040433, -0.11463923827793798, 0.36783896843338226], [-0.3838753940732084, 0.11758734620756583, -0.5802615315445913]]	0.7981703442831175	0.3385959404535631	[[-0.03259179037718807, -0.8757306896330509, -0.1554369706820606], [-0.6864060870467943, -0.14894225997709026, 0.28055926513772156], [-0.31122583605852727, 0.04609175197344048, -0.6232970877405387]]	[[-0.06989206452835095, -0.09947828865566191, 0.026543242577835663], [-0.01772852764104795, -0.019265563302875793, -0.13552987721024728], [0.12300326198587212, -0.08691976184973585, 0.03307851059858642]]	0.6186520013460497	[[1.9093852217774125e-16, -0.9562538782080002, 0.0], [-1.0, -1.7938038903913487e-16, 0.0], [0.0, 0.0, -0.9562538782080002]]
