5	[[0.8592155572171323, 0.2624339665249735, -0.4391776855101157], [-0.4266000482917053, 0.8413623931712975, -0.33184593135155627], [0.2824199444684594, 0.4724804086637203, 0.8348660002631537]]	0.5796659773067676	0.4203340226932325	[[0.4980580256914479, 0.15212404168419033, -0.25457636228254543], [-0.24728553391212554, 0.4877091539068009, -0.19235979611217435], [0.16370923312123256, 0.27388081784635626, 0.48394341596273305]]	0.7521072469160948	0.4388503911219411	[[0.4787446506449353, 0.19216071194211504, -0.28863880267329245], [-0.35264457332562243, 0.7491023597857915, -0.25307591244692484], [0.2403111564389986, 0.31931870541231516, 0.47440173141972275]]	[[-0.16747759660112035, -0.005217776118253356, 0.04166991728270315], [-0.03179558547067493, 0.11630760659899027, -0.0034921826177985067], [0.027901069530629225, -0.036037233969546854, -0.15350703758204917]]	0.532054708760601	[[0.5893510864722088, -0.1011166604399936, -0.3452338734561011], [-0.14644660940672619, 0.8535533905932737, -0.5], [0.3452338734561011, 0.3452338734561012, 0.4882344260322152]]
5	[[0.8489524140446696, -0.5135124485683378, 0.12483895166604869], [0.522794976890395, 0.7815435453534784, -0.34040431673891397], [0.0772347773085365, 0.35425224329800037, 0.9319550081910795]]	0.6961310613452584	0.3038689386547418	[[0.590982145020535, -0.35747196583587937, 0.08690427192051589], [0.3639338221286804, 0.544056737714453, -0.2369660182979677], [0.05376552750055619, 0.24660599011097564, 0.6487628289780851]]	0.8528151232414409	0.24703850066492697	[[0.671009666577028, -0.42030093221399295, 0.05388793141713018], [0.4931587195914175, 0.6648234193823945, -0.31602912712544473], [0.022015238213618556, 0.2597187181547922, 0.7429934871312573]]	[[-0.05298979103259576, 0.0176302498978282, -0.052576614533283425], [0.04731125694462897, -0.0016887355667848797, -0.025727177793829346], [-0.04385174791528625, -0.042392952371948914, -0.051791838034696086]]	0.4512910770423299	[[0.6566193570098281, -0.656619357009828, 0.0], [0.7071067811865475, 0.7071067811865476, 0.0], [0.0, 0.0, 0.9286000000000001]]
5	[[-0.8305561570912853, 0.32773595720904825, 0.4502950280316503], [-0.5100865793185324, -0.772219296347621, -0.37879947194723407], [0.22358030216652452, -0.5443036842615101, 0.808545204538665]]	0.5572212139249855	0.44277878607501453	[[-0.4628035100872768, 0.182621427922893, 0.25091394214418156], [-0.284231062934716, -0.4302969737271196, -0.21107510159258122], [0.12458368738294587, -0.3032975596880406, 0.4505385403862605]]	0.7377993765646925	0.4193797017067627	[[-0.5068396952790682, 0.19001922334545848, 0.255553851692168], [-0.4480577139948708, -0.6762640109330212, -0.26780027942709483], [0.15627433706897553, -0.3697098002160401, 0.4828298870900251]]	[[0.10594411962484886, -0.051784161561210046, -0.0766735392597643], [-0.07171615377964108, -0.10652109551652097, 0.0116777348186092], [-0.008683070481631791, 0.03187711869396723, -0.11371426074297358]]	0.5197754058715798	[[-0.4882344260322152, 0.3452338734561012, 0.3452338734561011], [-0.7071067811865475, -0.5000000000000001, -0.5], [0.0, -0.4882344260322151, 0.4882344260322152]]
5	[[0.22433838825039393, -0.7661379269479729, -0.6022499185961573], [-0.9416906372873723, -0.011392912655017143, -0.3362869982418849], [0.2507808429735371, 0.642575192824231, -0.724020780340167]]	0.5411389455056317	0.4588610544943683	[[0.12139823885425113, -0.41458706990049676, -0.32590088587997706], [-0.509585478454215, -0.006165148740373775, -0.18197799161586783], [0.13570728091971326, 0.3477224622529825, -0.3917958415974426]]	0.7108227222555459	0.47266547341601833	[[0.1842366249588959, -0.45761219206032, -0.3315291192048098], [-0.8207761625933893, 0.04917442848136738, -0.1995925526055388], [0.1484085936872729, 0.3315291192048098, -0.3855169071168673]]	[[0.024771801116329366, 0.08697605479605858, 0.09656380740989164], [-0.1514010602742196, 0.05727276966922622, 0.03944788694390379], [-0.029852127804717358, -0.12522792861239238, 0.12913351493411485]]	0.7111926462226241	[[0.4882344260322152, -0.3452338734561012, -0.3452338734561011], [-0.7071067811865475, -0.5000000000000001, -0.5], [0.0, 0.4882344260322151, -0.4882344260322152]]
5	[[0.8787972042104137, -0.3840163418041313, 0.28327887866788265], [-0.395223040501579, -0.9183905790867732, -0.018907472103605397], [0.2674214316928388, -0.09534250611366366, -0.9588511794847616]]	0.6070249071144733	0.39297509288552673	[[0.5334517912582853, -0.23310748421409266, 0.17195733501086363], [-0.2399102294499707, -0.5574859559649559, -0.011477306497460557], [0.16233146973376494, -0.05787527591770778, -0.5820465481633406]]	0.8033824327644435	0.3206992148253912	[[0.6190157283823621, -0.23763939641177684, 0.17905470863690645], [-0.3218599858250891, -0.858213553674112, -0.020442775855554325], [0.1625276650510829, -0.05752757668780821, -0.7101475304415513]]	[[-0.08699450744279165, 0.07087258648812828, -0.04852656605808077], [-0.004344738062370363, -0.12039469601943399, -0.00525284491953398], [-0.05231401531566038, 0.019068917819645734, 0.060176662791972646]]	0.5040665626840464	[[0.6097367349193265, -0.6097367349193263, 0.0], [-0.7071067811865475, -0.7071067811865476, 0.0], [0.0, 0.0, -0.8622979600000001]]
5	[[0.08740825448676931, -0.06334395238859675, -0.994156597696443], [0.7119981850616444, -0.6940087028176986, 0.10681996481098455], [-0.6967197295301035, -0.717174639895393, -0.015561310176609944]]	0.6627430431547497	0.33725695684525037	[[0.057929212575406314, -0.041980763771468185, -0.6588703689297127], [0.4718718438884129, -0.4599494396812818, 0.07079418854851519], [-0.461746153774735, -0.4753025033176846, -0.01031315006192145]]	0.8596180855499463	0.23326240177401844	[[0.04965341822374963, -0.049653418223749635, -0.7644401787062394], [0.674481542378604, -0.6657726263454442, 0.09443857643813826], [-0.5494210208660877, -0.556826799112587, 0.0]]	[[-0.02548429815942951, 0.004798188859702858, 0.09015481254242547], [0.06243502562087673, -0.06919019387429252, 0.002614202788807075], [0.04949185919745644, 0.059669491839262956, 0.013376783662666338]]	0.24279162167627125	[[0.0, 0.0, -0.8007298856560002], [0.7071067811865475, -0.7071067811865476, 0.0], [-0.5662015320460866, -0.5662015320460865, 0.0]]
5	[[0.3802729664721569, 0.7767473726770865, -0.5020517802076895], [0.4287143634067757, 0.332951791095048, 0.839849450446521], [0.8195098935212374, -0.5346088512602871, -0.20639019011321075]]	0.5836199753927522	0.41638002460724804	[[0.22193489933500912, 0.4533252825281861, -0.29300744761069913], [0.2502062662219819, 0.1943173161258647, 0.49015291560321506], [0.47828234389098145, -0.31200840461727625, -0.12045343767517751]]	0.768301744863543	0.3531738892652429	[[0.3068265516493595, 0.4610313971436648, -0.36936252017713833], [0.40705022787093326, 0.31165684781839276, 0.7164248241293006], [0.559269280115978, -0.39118242574303286, -0.04273584489566033]]	[[0.014662167984365803, -0.1357449646023133, 0.01636473856827745], [0.07766823441744444, 0.05584940576462555, 0.07116702592855091], [-0.07036160100932498, 0.01955848749974, 0.11583409829103784]]	0.4444695751077525	[[0.3717788859100809, 0.37177888591008096, -0.5257747426579961], [0.5, 0.5000000000000001, 0.7071067811865475], [0.5257747426579961, -0.5257747426579961, 0.0]]
5	[[-0.30792515101507295, 0.09349718223056193, 0.9468053539599837], [0.3027085282091916, -0.9338174967034747, 0.1906631317268273], [0.9019698710720718, 0.34531602882779927, 0.2592434992682147]]	0.6260491070101969	0.3739508929898032	[[-0.19277626581896642, 0.058533827443412956, 0.5927466463591211], [0.1895104037697354, -0.5846156099217079, 0.11936448335734777], [0.564677432334773, 0.2161847914839512, 0.1622991612150645]]	0.8069984058606023	0.3012331166501808	[[-0.2049034001525523, 0.06906941240552002, 0.7145779162875909], [0.25336170143167813, -0.8445253410919424, 0.12198732870948509], [0.6548925905883293, 0.24177202254684005, 0.1358339877470323]]	[[0.04359170584099683, -0.006382664607001692, -0.049492495018399224], [0.009076401726451428, -0.09093610988750019, -0.031877514650454575], [-0.07299565750112563, -0.03689746223530772, -0.07337510289214122]]	0.48029422773952546	[[0.0, 0.0, 0.9286000000000001], [0.0, -1.0, 0.0], [0.9286000000000001, 0.0, 0.0]]
5	[[-0.5446221603179724, 0.8109226453022452, -0.2139887049042392], [-0.8354447797583356, -0.5021691245819775, 0.22328947644507607], [0.07361197229480154, 0.30038414347728, 0.9509735242804028]]	0.6250152515095687	0.3749847484904314	[[-0.34039715650882213, 0.5068390211083875, -0.13374620421592992], [-0.5221657291430123, -0.3138633617009444, 0.1395593282797591], [0.04600860537795079, 0.18774467098493852, 0.5943729564570569]]	0.7785698517973821	0.3202494892767615	[[-0.45323613366458854, 0.5971994391920302, -0.09424637567498732], [-0.7330975278366653, -0.39843533141709775, 0.10186515416175385], [0.07102563925914077, 0.09896336347047754, 0.7158641937727475]]	[[-0.029209739020254793, -0.03416048458007978, 0.07235877858861996], [-0.08264540947532135, -0.007461590514086581, -0.0719813004220041], [0.013713576899064144, -0.13490667459891187, -0.024535122089479788]]	0.4284753419270385	[[-0.6097367349193265, 0.6097367349193263, 0.0], [-0.7071067811865475, -0.7071067811865476, 0.0], [0.0, 0.0, 0.8622979600000001]]
5	[[-0.3195682178843842, -0.5708200961323295, -0.7563336379995778], [0.910087742671785, 0.03735879733279218, -0.41272826520656647], [0.2638493031197415, -0.8202248094963509, 0.507557688474819]]	0.5567950569343866	0.44320494306561337	[[-0.17793400407135618, -0.31782980792529236, -0.42112283103136655], [0.506732356496224, 0.020801193687912254, -0.2298050579241207], [0.14690998775265468, -0.4566971195025172, 0.2826056120518225]]	0.6992431827996913	0.4773035947676637	[[-0.23460447258793604, -0.377839916692197, -0.40633758717090435], [0.7885515870797373, 0.014026215641745332, -0.2172582616678432], [0.16154406895526313, -0.40633758717090435, 0.313472202076244]]	[[-0.011148574792834015, 0.021302144133398954, 0.12252355312238998], [0.1521789372669318, -0.012096668710804864, 0.07133916412659153], [-0.022950757537665352, 0.16719901923259461, -0.0414340514673426]]	0.5915704865637347	[[1.3786808525563332e-16, -0.4882344260322152, -0.4882344260322151], [1.0, 1.2684108950145333e-16, 1.268410895014533e-16], [0.0, -0.4882344260322151, 0.4882344260322152]]
5	[[0.034229894132735264, 0.2773841392786001, 0.9601491309293217], [-0.1827544195208179, -0.9427759796974285, 0.2788803941677556], [0.9825625356654255, -0.18501754344446375, 0.018422055382213542]]	0.7848993671084215	0.21510063289157857	[[0.02686702224097217, 0.2177186353656875, 0.7536204451961256], [-0.14344382821815688, -0.7399842697895336, 0.21889304488121852], [0.7712127123882384, -0.14522015275351444, 0.014459459610335696]]	0.8803107085543149	0.18401115981731717	[[0.009187316918541721, 0.21635000659365503, 0.7973068558864637], [-0.16761724571860326, -0.8243368414661809, 0.25647113402303773], [0.8273457931799834, -0.14763510804984484, 0.0]]	[[-0.020945625439185656, -0.027834221596418213, -0.047922705879737244], [-0.006736573178799556, 0.005598949229250853, 0.010969736631314115], [-0.03761452879057177, 0.01523781671472984, -0.01621713262654324]]	0.36989574211010257	[[0.0, 0.0, 0.9286000000000001], [0.0, -1.0, 0.0], [0.9286000000000001, 0.0, 0.0]]
5	[[0.5319609947059123, -0.8460851799387872, 0.03402011756955908], [-0.703274286200726, -0.4190807785627857, 0.5742617690636116], [-0.47161719485230363, -0.3294103357928521, -0.8179645788128509]]	0.5996022490838844	0.4003977509161158	[[0.31896500885056533, -0.5073145768078396, 0.020398539008805797], [-0.4216848437288187, -0.25128177737407154, 0.3443286482934317], [-0.2827827307400738, -0.19751517821287168, -0.49045340112713753]]	0.7249841930166917	0.461706861471704	[[0.4462975118538739, -0.5789009598204388, 0.09067521695239038], [-0.5159663597322192, -0.3502103843579603, 0.33897174938281915], [-0.24706010081103966, -0.1074912315380365, -0.5236687625790791]]	[[0.06063419939065141, 0.03449742158086537, 0.06601116946989058], [-0.006103618881596079, -0.04638344430281239, -0.07735895584210112], [0.09485491061175355, 0.13132605492810184, 0.06934262750779366]]	0.44631703474221107	[[0.4882344260322152, -0.4882344260322151, 0.0], [-0.5, -0.5000000000000001, 0.7071067811865475], [-0.3452338734561011, -0.3452338734561012, -0.4882344260322152]]
5	[[0.04673222253661188, -0.9725397674033924, -0.22799671093185395], [-0.8377629715199755, -0.16246744520517667, 0.5213036857710898], [-0.5440306084466285, 0.16664552219444034, -0.8223502702654952]]	0.5557624873933781	0.4442375126066219	[[0.02597201623836831, -0.5405011202210868, -0.12671201918499614], [-0.4655972328980093, -0.09029331146767634, 0.28972103309147684], [-0.3023518041684312, 0.09261532992775054, -0.45703143171136834]]	0.7200439082035021	0.4473416134973844	[[-0.008395549226579684, -0.7408767039378674, -0.11552276799442754], [-0.6791266034057567, -0.1407350380593056, 0.27193284860526046], [-0.25253146771125423, 0.011873099579800091, -0.5347558849726464]]	[[-0.04204480138087759, -0.040605368933403524, 0.048644874802488754], [-0.07590047924433428, -0.02375134385793172, -0.10342869465824539], [0.1391944577769854, -0.1081189935056982, 0.05737241754152718]]	0.6728346352515677	[[1.598845081990375e-16, -0.8007298856560002, 0.0], [-1.0, -1.7938038903913487e-16, 0.0], [0.0, 0.0, -0.8007298856560002]]
5	[[-0.42203838922340475, -0.825029846081567, 0.3757783270710803], [0.2588054115689476, 0.28760896992378115, 0.9221175843470338], [-0.8688517462515349, 0.4864224845687207, 0.09214016247897017]]	0.5728980952432702	0.4271019047567299	[[-0.24178498930562645, -0.4726580273389782, 0.21528268781272442], [0.14826912732650063, 0.16477063104421313, 0.5282794076627413], [-0.49776351047629347, 0.2786705148929191, 0.05278692357960744]]	0.7649900269826561	0.3796823225505065	[[-0.2361016015096168, -0.5074561703105451, 0.28372622848416024], [0.26981728624868284, 0.2360795859850358, 0.8279700800657442], [-0.5905576586330719, 0.30881215771853415, 0.025085929234373965]]	[[0.08675355725011233, 0.12368343390488966, -0.0037404440814428766], [0.07183372746929617, 0.016061592322588452, 0.12255932433492504], [0.07410526217581774, -0.06329619187666212, -0.04540037614659972]]	0.5599564305839628	[[-0.3717788859100809, -0.37177888591008096, 0.5257747426579961], [0.5, 0.5000000000000001, 0.7071067811865475], [-0.5257747426579961, 0.5257747426579961, 0.0]]
