5	[[0.034229894132735264, 0.2773841392786001, 0.9601491309293217], [-0.1827544195208179, -0.9427759796974285, 0.2788803941677556], [0.9825625356654255, -0.18501754344446375, 0.018422055382213542]]	0.7328751459314368	0.26712485406856334	[[0.025086238657745986, 0.20328794155287006, 0.703669434445769], [-0.13393617187593443, -0.690937083701406, 0.20438450957311055], [0.7200956617125612, -0.13559475915173735, 0.013501066526596758]]	0.8595919009585423	0.21586906370253045	[[0.00924151842620748, 0.20651023724343376, 0.7660838450775884], [-0.16912845887653988, -0.822972260738423, 0.2582543101650073], [0.794595373193388, -0.14150528165134474, 0.0]]	[[-0.020182221340960083, -0.031926922334807206, -0.05925257158163959], [-0.01203423999206512, -0.012569664172258112, 0.01853098200227858], [-0.050007424649900614, 0.017534300228761537, -0.015835449605560485]]	0.3809443973183465	[[0.0, 0.0, 0.9054], [0.0, -1.0, 0.0], [0.9054, 0.0, 0.0]]
5	[[-0.5446221603179724, 0.8109226453022452, -0.2139887049042392], [-0.8354447797583356, -0.5021691245819775, 0.22328947644507607], [0.07361197229480154, 0.30038414347728, 0.9509735242804028]]	0.5686608640457526	0.4313391359542475	[[-0.30970530826488263, 0.4611399721518421, -0.12168700182687622], [-0.4750847503198886, -0.2855639282818865, 0.1269759866075806], [0.041860247769273835, 0.17081670657543335, 0.5407814260019282]]	0.7498970540901895	0.35091779910994775	[[-0.42282155222757595, 0.575515777180233, -0.07681503133676479], [-0.7299674671909518, -0.38664054012441484, 0.10988077732625652], [0.06654537420385519, 0.08410829623039792, 0.687129793605606]]	[[-0.014410998612893664, -0.03259272562694439, 0.0836544680794991], [-0.10346988799514907, -0.010065392945340751, -0.05756334326924677], [0.011343973034214881, -0.14114888805861914, -0.02600245077003313]]	0.4478014201591432	[[-0.5796501899079761, 0.5796501899079761, 0.0], [-0.7071067811865475, -0.7071067811865476, 0.0], [0.0, 0.0, 0.81974916]]
5	[[-0.30792515101507295, 0.09349718223056193, 0.9468053539599837], [0.3027085282091916, -0.9338174967034747, 0.1906631317268273], [0.9019698710720718, 0.34531602882779927, 0.2592434992682147]]	0.5794655476864351	0.4205344523135651	[[-0.1784320162793775, 0.054178395908370966, 0.5486410829848709], [0.1754091630880939, -0.5411150671664546, 0.1104827160496969], [0.5226604653374413, 0.20009874176960551, 0.15022267628760394]]	0.7874332978351163	0.3176727089019837	[[-0.1737640600075516, 0.06748239690048437, 0.7092933515709341], [0.2611372485272437, -0.8385725295163606, 0.128583140053941], [0.6514965597922767, 0.23496831949179756, 0.10628166310706723]]	[[0.06870645714262352, -0.006140397641617834, -0.03625271070572042], [0.022774473876665664, -0.10325353851101064, -0.021551358537285806], [-0.05874455033391936, -0.03694501988340253, -0.09785530046401866]]	0.4863918156888386	[[0.0, 0.0, 0.9054], [0.0, -1.0, 0.0], [0.9054, 0.0, 0.0]]
5	[[-0.42203838922340475, -0.825029846081567, 0.3757783270710803], [0.2588054115689476, 0.28760896992378115, 0.9221175843470338], [-0.8688517462515349, 0.4864224845687207, 0.09214016247897017]]	0.5096632705384865	0.4903367294615135	[[-0.2150974657443952, -0.4204874096457957, 0.19152041117252783], [0.13190361249328886, 0.14658372824755947, 0.46996946385935795], [-0.4428218226076324, 0.24791167434875067, 0.04696045655697948]]	0.7213435241611931	0.4352516372619396	[[-0.20748866245039593, -0.4671407734326543, 0.2529924579685566], [0.2700456554287828, 0.23559689316732774, 0.8275417729740896], [-0.5380994143048976, 0.2709917517324832, 0.022441528743519876]]	[[0.09694599656332813, 0.12798916327799006, -0.018072804784293996], [0.08335804777565002, 0.028132025222136724, 0.16237822499019391], [0.08864116630979141, -0.07988595751756139, -0.04402318077584539]]	0.5947387957965958	[[-0.3359943426603527, -0.3359943426603528, 0.4751677562709039], [0.5, 0.5000000000000001, 0.7071067811865475], [-0.4751677562709039, 0.47516775627090385, 0.0]]
5	[[0.8489524140446696, -0.5135124485683378, 0.12483895166604869], [0.522794976890395, 0.7815435453534784, -0.34040431673891397], [0.0772347773085365, 0.35425224329800037, 0.9319550081910795]]	0.6546510880128341	0.3453489119871658	[[0.5557676215254651, -0.33617148316339684, 0.0817259555345604], [0.34224830042894155, 0.5116383322950624, -0.22284605631739543], [0.050561830997462365, 0.23191161650602318, 0.6101053600913]]	0.8114055245716264	0.2844409710862389	[[0.637349155757987, -0.39409395534193153, 0.05200171514660462], [0.47655048918690396, 0.6245749865493427, -0.2647420806653648], [0.02448440597529827, 0.22400911691969017, 0.7048560122916037]]	[[-0.05149552309627659, 0.022572882362720925, -0.04929329991695755], [0.05235175671974179, -0.009573763843765135, 0.01146386252461972], [-0.03818431902190755, -0.06343311038419927, -0.05133743000683342]]	0.46022798022639483	[[0.6402144796863002, -0.6402144796863001, 0.0], [0.7071067811865475, 0.7071067811865476, 0.0], [0.0, 0.0, 0.9054]]
5	[[0.8592155572171323, 0.2624339665249735, -0.4391776855101157], [-0.4266000482917053, 0.8413623931712975, -0.33184593135155627], [0.2824199444684594, 0.4724804086637203, 0.8348660002631537]]	0.5141030159696555	0.4858969840303446	[[0.4417253093333758, 0.13491809368336846, -0.2257825726673234], [-0.2193163714395664, 0.43254694385281117, -0.1706029941450943], [0.14519294522121762, 0.24290360308059394, 0.4292071286658105]]	0.7288326363564118	0.47484627137578145	[[0.4438280815271748, 0.17596565772529096, -0.28159025268153176], [-0.34933984999497936, 0.7495926958709394, -0.2551968597506834], [0.2339421700615063, 0.3044399835777162, 0.4382603559623854]]	[[-0.1823962582378311, -0.015304781966575795, 0.03849677767771298], [-0.03841981212876325, 0.13638032472476255, -0.013336714739579775], [0.028105297374927576, -0.039919158295418, -0.17021723201374184]]	0.5800237271769262	[[0.5193177211085216, -0.0891008345808452, -0.3042092778446833], [-0.14644660940672619, 0.8535533905932737, -0.5], [0.3042092778446833, 0.3042092778446834, 0.43021688652767637]]
5	[[-0.8305561570912853, 0.32773595720904825, 0.4502950280316503], [-0.5100865793185324, -0.772219296347621, -0.37879947194723407], [0.22358030216652452, -0.5443036842615101, 0.808545204538665]]	0.5073004578282632	0.4926995421717368	[[-0.4213415187444918, 0.16626060113893418, 0.2284348738782468], [-0.2587671552203441, -0.39174720258096735, -0.1921651455439362], [0.11342238965045934, -0.2761255082234744, 0.4101753524373114]]	0.7072410181501776	0.4462810094383564	[[-0.4842622858536341, 0.16126298063808076, 0.24676458873312726], [-0.43701597044026586, -0.6700185567277116, -0.2673209006646692], [0.14347367793514118, -0.3412786032073633, 0.45095781211486197]]	[[0.1031410963185052, -0.07052533142286953, -0.07170252535993984], [-0.07626181873828565, -0.12387339534360639, 0.000581623550042272], [-0.01465148260743599, 0.04367528863263992, -0.12087852156350687]]	0.5728106485481492	[[-0.43021688652767637, 0.3042092778446834, 0.3042092778446833], [-0.7071067811865475, -0.5000000000000001, -0.5], [0.0, -0.4302168865276763, 0.43021688652767637]]
5	[[0.5319609947059123, -0.8460851799387872, 0.03402011756955908], [-0.703274286200726, -0.4190807785627857, 0.5742617690636116], [-0.47161719485230363, -0.3294103357928521, -0.8179645788128509]]	0.5446217278050017	0.45537827219499827	[[0.28971751606160134, -0.46079637256846806, 0.018528095210862575], [-0.3830184568714687, -0.22824049771072966, 0.312755436879781], [-0.25685297152300984, -0.1794040262363289, -0.44548128219634536]]	0.6950783344327957	0.4972475205248426	[[0.4182139730278289, -0.5298096902912708, 0.08132849238754726], [-0.5322971374839024, -0.3367552151643258, 0.32821428519516405], [-0.23641327955523628, -0.11249313640667716, -0.4795351285573502]]	[[0.04845941084443017, 0.058285787368853585, 0.057681845730090275], [-0.04346641798208854, -0.04546124560810544, -0.07094262877400186], [0.09139761473257016, 0.11647285114116643, 0.0890143285089095]]	0.5052938005006888	[[0.43021688652767637, -0.4302168865276763, 0.0], [-0.5, -0.5000000000000001, 0.7071067811865475], [-0.3042092778446833, -0.3042092778446834, -0.43021688652767637]]
5	[[0.8787972042104137, -0.3840163418041313, 0.28327887866788265], [-0.395223040501579, -0.9183905790867732, -0.018907472103605397], [0.2674214316928388, -0.09534250611366366, -0.9588511794847616]]	0.5680489867986647	0.4319510132013354	[[0.4991998614532247, -0.2181400938759665, 0.16091628000875258], [-0.22450604771640953, -0.5216908379356805, -0.010740370371377053], [0.15190847332136537, -0.05415921399671215, -0.5446744409970233]]	0.7846842966203607	0.375849595195611	[[0.5441387523989769, -0.22907111914172265, 0.2214739465949578], [-0.3455611010028681, -0.8464490754901436, -0.02514362346375442], [0.1990226175249751, -0.0748137673478226, -0.6304855686777507]]	[[-0.145439613658811, 0.07226047391757608, -0.0008105410599541516], [-0.03543578745872618, -0.1258024099166731, -0.010307227015267727], [-0.010818780504129915, 0.0, 0.12190989465985261]]	0.5158195261942236	[[0.9054, 0.0, 0.0], [0.0, -1.0, 0.0], [0.0, 0.0, -0.9054]]
5	[[0.22433838825039393, -0.7661379269479729, -0.6022499185961573], [-0.9416906372873723, -0.011392912655017143, -0.3362869982418849], [0.2507808429735371, 0.642575192824231, -0.724020780340167]]	0.46461028347732997	0.53538971652267	[[0.10422992215986288, -0.3559555594220316, -0.2798115054031596], [-0.4375191539380336, -0.005293264378280031, -0.1562423975829025], [0.11651535854461886, 0.298547042493566, -0.3363874999973227]]	0.6745372381422309	0.5171315146694053	[[0.16590108109846788, -0.4103364270074799, -0.3124353059389249], [-0.8234818081039139, 0.0530092070158896, -0.1984753243727105], [0.13337317229381832, 0.3124353059389249, -0.34568173251700574]]	[[0.014576484278767735, 0.10645213427202004, 0.09380469082231029], [-0.18827640644369242, 0.06069415085260055, 0.02836277864451178], [-0.035787844904531824, -0.12100558992744327, 0.14269724501123338]]	0.7340647216718659	[[1.481978209163781e-16, -0.742200889464, 0.0], [-1.0, -1.7938038903913487e-16, 0.0], [0.0, 0.0, -0.742200889464]]
5	[[0.08740825448676931, -0.06334395238859675, -0.994156597696443], [0.7119981850616444, -0.6940087028176986, 0.10681996481098455], [-0.6967197295301035, -0.717174639895393, -0.015561310176609944]]	0.5915098194660274	0.40849018053397257	[[0.05170284083130949, -0.03746856984164349, -0.5880533896243831], [0.4211539179059524, -0.4105129625115487, 0.06318505810071287], [-0.412116561432771, -0.42421584177013716, -0.009204667773221405]]	0.8266203163496526	0.29208677237312747	[[0.04614020683835344, -0.04614020683835345, -0.7055307363278861], [0.6786659757672945, -0.6637294781869298, 0.09710298358722781], [-0.5069115856465086, -0.5179974674361322, 0.0]]	[[-0.02611323213707074, 0.006221191123945733, 0.11625930496104199], [0.09011381079125953, -0.09004778471435186, 0.008803430482712997], [0.06901109758470995, 0.07483366027214576, 0.012863295141004379]]	0.2926984963234366	[[0.0, 0.0, -0.742200889464], [0.7071067811865475, -0.7071067811865476, 0.0], [-0.5248152819426816, -0.5248152819426816, 0.0]]
5	[[0.04673222253661188, -0.9725397674033924, -0.22799671093185395], [-0.8377629715199755, -0.16246744520517667, 0.5213036857710898], [-0.5440306084466285, 0.16664552219444034, -0.8223502702654952]]	0.5131288109787593	0.48687118902124066	[[0.023979649784606427, -0.49903817447726195, -0.11699168118753013], [-0.42988031745807714, -0.08336672698088902, 0.26749594043856395], [-0.27915777924826946, 0.08551061865856761, -0.42197161638939495]]	0.6860681937672007	0.4851857309672947	[[0.002130280403157707, -0.6821632327980156, -0.10230317395595119], [-0.6691395853297368, -0.14683482824609687, 0.2798679831317357], [-0.23438454879218995, 0.011274879568280603, -0.49297090067251054]]	[[-0.029931211103262377, -0.01493463120879672, 0.05411811769792849], [-0.09437705665398458, -0.03537108156820974, -0.07778189496942027], [0.1388575480988597, -0.10305531284305104, 0.07121746389250708]]	0.6967827867837924	[[1.481978209163781e-16, -0.742200889464, 0.0], [-1.0, -1.7938038903913487e-16, 0.0], [0.0, 0.0, -0.742200889464]]
5	[[0.3802729664721569, 0.7767473726770865, -0.5020517802076895], [0.4287143634067757, 0.332951791095048, 0.839849450446521], [0.8195098935212374, -0.5346088512602871, -0.20639019011321075]]	0.5246052300819994	0.4753947699180008	[[0.19949318707009034, 0.40748573415885153, -0.26337898966893236], [0.22490579725446946, 0.17466825097363153, 0.440589414185738], [0.4299191762451835, -0.28045859941927637, -0.10827337317100855]]	0.7288255372820687	0.42375550859731936	[[0.28640045613885695, 0.401323002932159, -0.3343296391289272], [0.41965570602277896, 0.3159777464132719, 0.7008628966647851], [0.508952398340923, -0.37053676361792803, -0.03449464572348425]]	[[0.009247807035941078, -0.16479031829165372, 0.03157851932436123], [0.10719772977229561, 0.07331397837939649, 0.08875916970704908], [-0.08832734011266374, 0.0190998196376003, 0.11592779547552491]]	0.48452930438983016	[[0.3359943426603527, 0.3359943426603528, -0.4751677562709039], [0.5, 0.5000000000000001, 0.7071067811865475], [0.4751677562709039, -0.47516775627090385, 0.0]]
5	[[-0.3195682178843842, -0.5708200961323295, -0.7563336379995778], [0.910087742671785, 0.03735879733279218, -0.41272826520656647], [0.2638493031197415, -0.8202248094963509, 0.507557688474819]]	0.48306653864134275	0.5169334613586573	[[-0.15437271287319193, -0.2757440880255629, -0.3653594725664704], [0.4396329357123723, 0.01804678491535533, -0.1993752144727822], [0.12745676958098393, -0.39622315963115695, 0.24518413573233178]]	0.6682998307435328	0.5211919693755688	[[-0.22964011155022956, -0.36021449575624503, -0.36039101589291955], [0.7782939082554422, 0.011021761475736053, -0.2262714548290488], [0.15205185745617597, -0.36039101589291955, 0.3032826869690446]]	[[-0.016072725627083194, 0.02126447787399792, 0.14506662636783868], [0.1700824238661245, -0.013945116458551017, 0.04955477495157151], [-0.024278587160546376, 0.18776508546513826, -0.03591803033125565]]	0.6377197175248095	[[1.2148503921003135e-16, -0.43021688652767637, -0.4302168865276763], [1.0, 1.2684108950145333e-16, 1.268410895014533e-16], [0.0, -0.4302168865276763, 0.43021688652767637]]
