5	[[0.8592155572171323, 0.2624339665249735, -0.4391776855101157], [-0.4266000482917053, 0.8413623931712975, -0.33184593135155627], [0.2824199444684594, 0.4724804086637203, 0.8348660002631537]]	0.710563515751438	0.2894364842485621	[[0.6105272271245363, 0.18647600190658037, -0.31206364025564715], [-0.3031264301338873, 0.5978414201128407, -0.2357976116689721], [0.2006773086598344, 0.3357273403037692, 0.5932253203283275]]	0.7927412022838226	0.268882966231315	[[0.690423729681219, 0.16369833038736517, -0.2848281486956446], [-0.34145612686161475, 0.7437032134044272, -0.40338961608741863], [0.214486203392725, 0.3771286140347558, 0.6604107295569004]]	[[0.009288155831944908, -0.04434388775575477, 0.06332609773187108], [-0.0032726916845114856, 0.07672057828541874, -0.1403216734947911], [-0.009399722934131965, 0.0025739268151262814, -0.0014219472375981606]]	0.4688823644640097	[[0.6995965033786199, -0.12003178360218152, -0.4098141434904006], [-0.14644660940672619, 0.8535533905932737, -0.5], [0.4098141434904006, 0.4098141434904007, 0.5795647197764383]]
5	[[0.8489524140446696, -0.5135124485683378, 0.12483895166604869], [0.522794976890395, 0.7815435453534784, -0.34040431673891397], [0.0772347773085365, 0.35425224329800037, 0.9319550081910795]]	0.7704486786765571	0.2295513213234432	[[0.6540742656599889, -0.3956349874834393, 0.0961820053584738], [0.40278669916394616, 0.6021391918457789, -0.2622640560472925], [0.05950543212524008, 0.2729331727671506, 0.7180235046468171]]	0.8859995603547195	0.19048691938090526	[[0.7201931264284149, -0.4615184428114424, 0.0554940301443821], [0.50681156483905, 0.6676419602129111, -0.29557172237867657], [0.02576644792830401, 0.2709036557821577, 0.8042488031599603]]	[[-0.03197833917724021, -0.0065466391432197285, -0.05511322614688112], [0.043615445158504344, -0.02480527736833944, 0.006026352594849819], [-0.04266353081115402, -0.04296367603454384, -0.021462924367715117]]	0.4396427165967807	[[0.6795296167202722, -0.6795296167202721, 0.0], [0.7071067811865475, 0.7071067811865476, 0.0], [0.0, 0.0, 0.9610000000000001]]
5	[[0.3802729664721569, 0.7767473726770865, -0.5020517802076895], [0.4287143634067757, 0.332951791095048, 0.839849450446521], [0.8195098935212374, -0.5346088512602871, -0.20639019011321075]]	0.6919511118977513	0.30804888810224895	[[0.26313030197506526, 0.537471208187567, -0.3473952875449562], [0.2966493804458551, 0.2303863620565663, 0.5811347610631857], [0.5670607820332279, -0.36992318905993526, -0.14281192153362446]]	0.8231642474046811	0.28176210458433276	[[0.347171977043326, 0.5481997165388582, -0.4203800476501215], [0.40719121404906244, 0.2944724303287114, 0.7147832603380561], [0.6173126062401982, -0.42038004765012155, -0.07469045166588642]]	[[0.034144866788927385, -0.09119094991443899, -0.007108971837278495], [0.05428887774374697, 0.02039841978991567, 0.023449219528010642], [-0.05727863850090143, 0.019690845053433728, 0.09520257385036375]]	0.3965895512571252	[[0.4264455187205, 0.4264455187205001, -0.6030850361877609], [0.5, 0.5000000000000001, 0.7071067811865475], [0.6030850361877609, -0.6030850361877609, 0.0]]
5	[[-0.3195682178843842, -0.5708200961323295, -0.7563336379995778], [0.910087742671785, 0.03735879733279218, -0.41272826520656647], [0.2638493031197415, -0.8202248094963509, 0.507557688474819]]	0.6903688061427038	0.3096311938572962	[[-0.22061992906199385, -0.3940763882891397, -0.5221491507113364], [0.6282961883934284, 0.02579134831356701, -0.2849347197120066], [0.18215332839636028, -0.5662576225006224, 0.35040199544091116]]	0.7588769708550618	0.2685454214098411	[[-0.29173621800414795, -0.4482768592552772, -0.5516601302094709], [0.7621890705833833, 0.011542873259877996, -0.3360520191176556], [0.19203541706778096, -0.5886296210144699, 0.3965942039466891]]	[[-0.049223256834496215, -0.015094633799179772, 0.022304049951437574], [0.07154444121229814, -0.01680785769481956, -0.022842043431431855], [-0.008193742845947467, 0.033820097836290905, 0.011420362782721325]]	0.5280874992508591	[[1.636580174131821e-16, -0.5795647197764383, -0.5795647197764382], [1.0, 1.2684108950145333e-16, 1.268410895014533e-16], [0.0, -0.5795647197764382, 0.5795647197764383]]
5	[[0.034229894132735264, 0.2773841392786001, 0.9601491309293217], [-0.1827544195208179, -0.9427759796974285, 0.2788803941677556], [0.9825625356654255, -0.18501754344446375, 0.018422055382213542]]	0.8515999360334869	0.14840006396651315	[[0.029150175653870368, 0.2362203152663597, 0.8176629384820185], [-0.15563365197376552, -0.8028679640042381, 0.23749452583425432], [0.8367501925215772, -0.15756092816237824, 0.01568822118509841]]	0.9076594673274074	0.140180331382326	[[0.00908557429607519, 0.2305195391272113, 0.8415051902054159], [-0.16566478723139647, -0.82606598666994, 0.25424906670801706], [0.8737696707582867, -0.15638956068893034, 0.0]]	[[-0.02198351317911685, -0.021250800975474292, -0.0299832585287654], [0.00021399184259866637, 0.02965355687130264, 0.0011206366896545994], [-0.018062516979660253, 0.01154336424009712, -0.01672095297529594]]	0.35513707049359794	[[0.0, 0.0, 0.9610000000000001], [0.0, -1.0, 0.0], [0.9610000000000001, 0.0, 0.0]]
5	[[-0.30792515101507295, 0.09349718223056193, 0.9468053539599837], [0.3027085282091916, -0.9338174967034747, 0.1906631317268273], [0.9019698710720718, 0.34531602882779927, 0.2592434992682147]]	0.7130421963837918	0.2869578036162082	[[-0.2195636260015984, 0.06666743617337553, 0.6751121691355604], [0.215843953818387, -0.6658512788710601, 0.13595085821590913], [0.6431425779412356, 0.2462248996419027, 0.18485155411642776]]	0.8345003431266017	0.2768424230664112	[[-0.2401274429478574, 0.07433331450124671, 0.7307423754908959], [0.24617189739979004, -0.848969425480045, 0.11844816393928592], [0.6686124313402629, 0.25511813530174876, 0.1657941284466107]]	[[0.016836201231531657, -0.0036901161515276388, -0.05936701726281384], [-0.006438473258128995, -0.06969840406337094, -0.040660284908343905], [-0.08408173555923751, -0.03304820924216519, -0.05054466064605535]]	0.4730025905021197	[[0.0, 0.0, 0.9610000000000001], [0.0, -1.0, 0.0], [0.9610000000000001, 0.0, 0.0]]
5	[[0.8787972042104137, -0.3840163418041313, 0.28327887866788265], [-0.395223040501579, -0.9183905790867732, -0.018907472103605397], [0.2674214316928388, -0.09534250611366366, -0.9588511794847616]]	0.6928856784986283	0.30711432150137186	[[0.6089059971020301, -0.2660794235455166, 0.19627987805012642], [-0.2738443845762274, -0.636339679517287, -0.013100716637200516], [0.18529248014356717, -0.06606145703832544, -0.6643742500765093]]	0.8319648309912139	0.27746551372130973	[[0.6541892420233798, -0.27594827130283445, 0.17376348078543863], [-0.3250259487841432, -0.8535044640534297, -0.02864556092518209], [0.1637312208720121, -0.05067479501543135, -0.7575328310579825]]	[[-0.07693912545308848, 0.043539819604103865, -0.06191458362886694], [0.00378572131058667, -0.08943580113957937, -0.012915209092034932], [-0.05875400534974895, 0.028646816969701623, 0.0401976284277834]]	0.4852026665708959	[[0.6530279616681817, -0.6530279616681816, 0.0], [-0.7071067811865475, -0.7071067811865476, 0.0], [0.0, 0.0, -0.9235210000000001]]
5	[[-0.5446221603179724, 0.8109226453022452, -0.2139887049042392], [-0.8354447797583356, -0.5021691245819775, 0.22328947644507607], [0.07361197229480154, 0.30038414347728, 0.9509735242804028]]	0.7294818404605155	0.27051815953948477	[[-0.39729197586433634, 0.5915533437661914, -0.15610087429130654], [-0.6094417955412404, -0.3663232572225067, 0.16288561823261902], [0.0536985970295403, 0.21912477782896175, 0.6937179167212908]]	0.8209588831483887	0.21231810399850626	[[-0.45754794001946214, 0.6552986096601112, -0.10618966748550845], [-0.7568443220018043, -0.4306811929080135, 0.1960435184837225], [0.05420854363245567, 0.18280905918006324, 0.7911457019438836]]	[[-0.010435539546956904, -0.010435539546956902, 0.06948626069904588], [-0.07097850867924935, -0.01842098923958931, 0.012732039282584375], [-0.006223858929034724, -0.06379397176452985, 0.010435539546956904]]	0.40412759527556363	[[-0.6530279616681817, 0.6530279616681816, 0.0], [-0.7071067811865475, -0.7071067811865476, 0.0], [0.0, 0.0, 0.9235210000000001]]
5	[[0.08740825448676931, -0.06334395238859675, -0.994156597696443], [0.7119981850616444, -0.6940087028176986, 0.10681996481098455], [-0.6967197295301035, -0.717174639895393, -0.015561310176609944]]	0.7844648481839924	0.21553515181600758	[[0.06856870308599126, -0.04969110399389459, -0.7798809044830547], [0.5585375481516611, -0.5444254316942554, 0.08379650747846841], [-0.5465521368526249, -0.5625982950069489, -0.012207300825238335]]	0.9127337110618952	0.1477430016671747	[[0.054430125622149717, -0.05443012562214974, -0.8507825152948078], [0.684217006178586, -0.6721147657765646, 0.09025282067387223], [-0.6168411020234658, -0.6271629943953063, 0.0]]	[[-0.02535033487300178, 0.0033860351148221725, 0.056617725497334244], [0.034352260457937454, -0.03866962694451474, -0.007245362223558759], [0.01907848228058538, 0.02742647615589401, 0.014203332386482428]]	0.17566760658260136	[[0.0, 0.0, -0.8875036810000002], [0.7071067811865475, -0.7071067811865476, 0.0], [-0.6275598711631226, -0.6275598711631226, 0.0]]
5	[[-0.8305561570912853, 0.32773595720904825, 0.4502950280316503], [-0.5100865793185324, -0.772219296347621, -0.37879947194723407], [0.22358030216652452, -0.5443036842615101, 0.808545204538665]]	0.6849595205749119	0.31504047942508795	[[-0.5688973471717881, 0.22448586412506957, 0.30843386651782567], [-0.3493886588217188, -0.5289389590049624, -0.25946230469900733], [0.15314345658197662, -0.37282599061892224, 0.5538207356639482]]	0.7762555678238835	0.3772713894772065	[[-0.6152660043104407, 0.24439598350034356, 0.19788751525469095], [-0.5662658155882588, -0.6260870657983874, -0.3043383642502176], [0.17852758273992111, -0.27454918555956753, 0.5947569924542883]]	[[0.029457837022077646, -0.010010878059270137, -0.1516565074182893], [-0.17030826832000914, -0.02664753742750512, -0.010293165062430155], [0.00497212832741021, 0.14796957993548274, -0.03288072440615096]]	0.44535854642347567	[[-0.5795647197764383, 0.4098141434904007, 0.4098141434904006], [-0.7071067811865475, -0.5000000000000001, -0.5], [0.0, -0.5795647197764382, 0.5795647197764383]]
5	[[0.5319609947059123, -0.8460851799387872, 0.03402011756955908], [-0.703274286200726, -0.4190807785627857, 0.5742617690636116], [-0.47161719485230363, -0.3294103357928521, -0.8179645788128509]]	0.7078906256406274	0.2921093743593726	[[0.37657020135877883, -0.5989357673721308, 0.024082522310682877], [-0.49784127445559756, -0.29666335453077164, 0.40651452298393354], [-0.3338533911268749, -0.23318648869689124, -0.5790294574477012]]	0.7883613283745057	0.2569323666751486	[[0.44829557266567105, -0.6480076202970916, 0.0050468309606141164], [-0.6070968518815855, -0.3820701259006928, 0.54706689876524], [-0.32090224893825264, -0.31376495214674777, -0.6448516419161923]]	[[0.02891809623589456, 0.019013216077433212, -0.021773314117980332], [-0.052662601400748646, -0.05168304661671293, 0.09434112767155747], [0.05090250927976767, -0.05407058224080287, 8.667604634855203e-18]]	0.3647248958482929	[[0.5795647197764383, -0.5795647197764382, 0.0], [-0.5, -0.5000000000000001, 0.7071067811865475], [-0.4098141434904006, -0.4098141434904007, -0.5795647197764383]]
5	[[0.22433838825039393, -0.7661379269479729, -0.6022499185961573], [-0.9416906372873723, -0.011392912655017143, -0.3362869982418849], [0.2507808429735371, 0.642575192824231, -0.724020780340167]]	0.6505453229495383	0.3494546770504618	[[0.1459422892343315, -0.4984074451102588, -0.39179086778947025], [-0.6126124397526702, -0.0074116060424940546, -0.21876993387499782], [0.16314430448177716, 0.41802428633520117, -0.47100833236857065]]	0.7597238990308103	0.4095641217635689	[[0.20605098702746494, -0.5165769098343884, -0.37366495357339236], [-0.8188261577750329, 0.05337961017963612, -0.20328440071556156], [0.17337944342186729, 0.37366495357339236, -0.4285465797796597]]	[[0.035615752003587894, 0.06547638322190778, 0.08387870277346839], [-0.10340127513426171, 0.062035078203223314, 0.052200868782130476], [-0.017144756404221674, -0.11451477733950721, 0.12150931043970184]]	0.6553708063014713	[[0.5795647197764383, -0.4098141434904007, -0.4098141434904006], [-0.7071067811865475, -0.5000000000000001, -0.5], [0.0, 0.5795647197764382, -0.5795647197764383]]
5	[[0.04673222253661188, -0.9725397674033924, -0.22799671093185395], [-0.8377629715199755, -0.16246744520517667, 0.5213036857710898], [-0.5440306084466285, 0.16664552219444034, -0.8223502702654952]]	0.6393780203185064	0.3606219796814936	[[0.029879555930542832, -0.6218205511634016, -0.14577608567473954], [-0.5356472302265912, -0.10387811348149131, 0.3333101185930601], [-0.3478412134212779, 0.10654948407562499, -0.5257926878107411]]	0.7666467079814752	0.38489195016336225	[[-0.010612282089043176, -0.8122310829187382, -0.1288865667575118], [-0.6881542221784822, -0.15023152358231798, 0.27383235519701266], [-0.2759839175112335, 0.035255750018166866, -0.5912869085970072]]	[[-0.04643938665339449, -0.06663667185785802, 0.04590636110899803], [-0.04588599799391477, -0.025676391561608496, -0.12582339935800277], [0.14109535749553312, -0.09250249097205468, 0.039165218909711086]]	0.6408461036825996	[[1.7721093230493087e-16, -0.8875036810000002, 0.0], [-1.0, -1.7938038903913487e-16, 0.0], [0.0, 0.0, -0.8875036810000002]]
5	[[-0.42203838922340475, -0.825029846081567, 0.3757783270710803], [0.2588054115689476, 0.28760896992378115, 0.9221175843470338], [-0.8688517462515349, 0.4864224845687207, 0.09214016247897017]]	0.6809230823399055	0.3190769176600946	[[-0.28737568085576953, -0.5617818658162783, 0.25587613674577314], [0.1762265785717756, 0.19583958630910625, 0.6278911478134099], [-0.5916212091540046, 0.3312162975119684, 0.06274036344248007]]	0.823506945168709	0.2916034124591501	[[-0.2651283889753929, -0.5877626484656073, 0.31630539199415353], [0.2622394629400793, 0.23460015307295018, 0.8293519108698473], [-0.6837734919987308, 0.35137484379240097, 0.02357331966672914]]	[[0.08242315567789579, 0.09165515975403418, 0.00684932980724012], [0.04911140906580481, -0.0022478311521020055, 0.06998167589787199], [0.03173195536136904, -0.04919745053615978, -0.05230474406367608]]	0.5156717885121447	[[-0.4264455187205, -0.4264455187205001, 0.6030850361877609], [0.5, 0.5000000000000001, 0.7071067811865475], [-0.6030850361877609, 0.6030850361877609, 0.0]]
