5	[[0.5319609947059123, -0.8460851799387872, 0.03402011756955908], [-0.703274286200726, -0.4190807785627857, 0.5742617690636116], [-0.47161719485230363, -0.3294103357928521, -0.8179645788128509]]	0.7815826187871169	0.21841738121288296	[[0.41577146733484666, -0.6612854706535264, 0.02658953258146159], [-0.5496669583344038, -0.32754625239244606, 0.44883301733406017], [-0.3686078022176975, -0.25746139290452097, -0.6393068975836492]]	0.8388637253554919	0.2052005817065411	[[0.49610926436391534, -0.6894004533894961, 0.006058680467453967], [-0.5959085846302126, -0.3883876580915118, 0.5649668508096162], [-0.35937049312835234, -0.35080222504119407, -0.6833417729220421]]	[[0.04986648260110062, 0.02034971262202662, -0.02247956209397819], [-0.005957296961147207, -0.03683599496145339, 0.08323948388367972], [0.036252063887158036, -0.07447184358739861, 0.0028190408697417774]]	0.3282191100562644	[[0.6281575758354745, -0.6281575758354744, 0.0], [-0.5, -0.5000000000000001, 0.7071067811865475], [-0.4441744815269668, -0.4441744815269669, -0.6281575758354745]]
5	[[-0.3195682178843842, -0.5708200961323295, -0.7563336379995778], [0.910087742671785, 0.03735879733279218, -0.41272826520656647], [0.2638493031197415, -0.8202248094963509, 0.507557688474819]]	0.7635333809558784	0.23646661904412164	[[-0.2440010018473086, -0.4358401979174771, -0.5774859797524771], [0.6948823711286914, 0.02852468883595228, -0.31513180774922417], [0.2014577504738686, -0.62626902193864, 0.387537237911329]]	0.8066704050311967	0.2126700738776619	[[-0.2940214290247059, -0.4863868743676797, -0.5977479684769539], [0.7767206737751983, 0.011375678249069002, -0.3112429802032042], [0.19284999101107503, -0.6337886481806974, 0.44093865716962244]]	[[-0.03623520526881211, -0.02592319622066687, 0.012363993626884081], [0.04257982578022179, -0.01876055792685291, 0.02169269665879995], [-0.019989433203725815, 0.027862431112360263, 0.03150689103094226]]	0.49932232911047686	[[1.7737971269879856e-16, -0.6281575758354745, -0.6281575758354744], [1.0, 1.2684108950145333e-16, 1.268410895014533e-16], [0.0, -0.6281575758354744, 0.6281575758354745]]
5	[[0.22433838825039393, -0.7661379269479729, -0.6022499185961573], [-0.9416906372873723, -0.011392912655017143, -0.3362869982418849], [0.2507808429735371, 0.642575192824231, -0.724020780340167]]	0.6945122376747052	0.3054877623252949	[[0.1558057560201179, -0.5320921660120964, -0.4182699386036262], [-0.654015671699772, -0.007912517261668408, -0.23355543564988102], [0.1741703644195001, 0.4462763350426119, -0.5028412922770354]]	0.7634681030051101	0.3854206843764596	[[0.21840884977011063, -0.5678574218923479, -0.35044914850555564], [-0.838313753656883, -0.013161155587534376, -0.15623471720225784], [0.1421164745235003, 0.35044914850555564, -0.5162088550859353]]	[[0.04713364606135853, 0.017064447834888814, 0.10934945438003457], [-0.11936298918941965, -0.004463030175105555, 0.10050967941075684], [-0.04934669993152849, -0.14013651499810292, 0.036557916616651684]]	0.6292774001101501	[[0.6281575758354745, -0.4441744815269669, -0.4441744815269668], [-0.7071067811865475, -0.5000000000000001, -0.5], [0.0, 0.6281575758354744, -0.6281575758354745]]
5	[[0.8787972042104137, -0.3840163418041313, 0.28327887866788265], [-0.395223040501579, -0.9183905790867732, -0.018907472103605397], [0.2674214316928388, -0.09534250611366366, -0.9588511794847616]]	0.7436251591808692	0.25637484081913087	[[0.6534957108686718, -0.2855642133021522, 0.21065330124198237], [-0.29389779640493385, -0.6829383405636125, -0.01406007195275141], [0.19886130471096317, -0.07089908628547614, -0.7130258609751199]]	0.8451896691715954	0.2505888106704889	[[0.6911693234068776, -0.31251897643675797, 0.14353610654925117], [-0.35923694343055884, -0.840496342531259, -0.025838949678588314], [0.1310672917388473, -0.054746217030911905, -0.8104111111735197]]	[[-0.05158099488864479, 0.012047668449162134, -0.09588827519535709], [-0.025198512580037205, -0.0642821128225991, -0.009858549586470896], [-0.09495453964301752, 0.025836284169286322, 0.0]]	0.4775813552378427	[[0.6744013672161235, -0.6744013672161234, 0.0], [-0.7071067811865475, -0.7071067811865476, 0.0], [0.0, 0.0, -0.9537475599999998]]
5	[[-0.30792515101507295, 0.09349718223056193, 0.9468053539599837], [0.3027085282091916, -0.9338174967034747, 0.1906631317268273], [0.9019698710720718, 0.34531602882779927, 0.2592434992682147]]	0.7538445424637813	0.24615545753621884	[[-0.23212769458004842, 0.07048234056025073, 0.7137440488582223], [0.22819517194774275, -0.7039532235471044, 0.1437303613013218], [0.6799450647744418, 0.26031460375710225, 0.19542929709255696]]	0.8475733061582027	0.26394417312324947	[[-0.2546170357988666, 0.07823978298480405, 0.7416343723108474], [0.24391002592986963, -0.8497633034318384, 0.1187934444911175], [0.6784609509176253, 0.26316189292326514, 0.17637725281406252]]	[[0.006372102496242672, -0.0010059328748292864, -0.06085257183330335], [-0.012657642126678435, -0.058284520402497736, -0.042807536429066435], [-0.08602463476201852, -0.029518755299733922, -0.04335061696071983]]	0.47003057182404	[[0.0, 0.0, 0.9765999999999999], [0.0, -1.0, 0.0], [0.9765999999999999, 0.0, 0.0]]
5	[[0.8489524140446696, -0.5135124485683378, 0.12483895166604869], [0.522794976890395, 0.7815435453534784, -0.34040431673891397], [0.0772347773085365, 0.35425224329800037, 0.9319550081910795]]	0.8219433502950052	0.17805664970499485	[[0.6977907914409082, -0.4220781423944511, 0.10261054617970827], [0.429707854822691, 0.6423845200692744, -0.27979306455526504], [0.06348261162026714, 0.29117527570587975, 0.7660142217567848]]	0.9033847137380285	0.16270455531067787	[[0.7456224670664572, -0.4695837058172191, 0.06645621455248986], [0.5084531961306231, 0.666852317736397, -0.29583645666333014], [0.021944669349867846, 0.2916522546332097, 0.8269610611120041]]	[[-0.02130816647249497, -0.005684409466397136, -0.04632138606169914], [0.03616820558881449, -0.03918217425655912, 0.011679599569042859], [-0.04782804783962477, -0.028373806769608812, -0.014952847179416355]]	0.4343980645739674	[[0.6905604825067823, -0.6905604825067821, 0.0], [0.7071067811865475, 0.7071067811865476, 0.0], [0.0, 0.0, 0.9765999999999999]]
5	[[0.034229894132735264, 0.2773841392786001, 0.9601491309293217], [-0.1827544195208179, -0.9427759796974285, 0.2788803941677556], [0.9825625356654255, -0.18501754344446375, 0.018422055382213542]]	0.8648594690552199	0.13514053094478015	[[0.029604048065453817, 0.23989829942082927, 0.830394067589364], [-0.15805689023426947, -0.8153687332391328, 0.2411923496298356], [0.8497785129091506, -0.16001417438928, 0.015932489036767063]]	0.9201780481504204	0.12638720429179806	[[0.009026231543339557, 0.23752278756113102, 0.8630355656833731], [-0.16478680383998018, -0.8268300819894678, 0.2532823608160836], [0.8964104300197958, -0.16068752496014824, 0.0]]	[[-0.022471365628116302, -0.01772000830813562, -0.020472587548492575], [0.0033798012055491333, 0.04069167885161219, -0.0033372559566217496], [-0.007722046234543164, 0.009561557040164008, -0.016951570964524203]]	0.3483076986083684	[[0.0, 0.0, 0.9765999999999999], [0.0, -1.0, 0.0], [0.9765999999999999, 0.0, 0.0]]
5	[[-0.8305561570912853, 0.32773595720904825, 0.4502950280316503], [-0.5100865793185324, -0.772219296347621, -0.37879947194723407], [0.22358030216652452, -0.5443036842615101, 0.808545204538665]]	0.7506995346752017	0.24930046532479833	[[-0.6234981206500515, 0.24603123057316437, 0.3380362680099168], [-0.3829217577384876, -0.5797046664353708, -0.2843645873260008], [0.16784162879895098, -0.4086085224971135, 0.6069745088110416]]	0.8032151949112569	0.2488771333824528	[[-0.6726784723879624, 0.3306790329913595, 0.35874633845012616], [-0.4957133168703238, -0.6251674374915874, -0.3687553817998676], [0.05535166769378919, -0.47535250818846886, 0.6581867564437025]]	[[-0.005563146785141087, 0.06743653224226648, -0.0029374702578856813], [-0.08600402564137243, -0.004909164861499227, -0.0644978901074888], [-0.1242314282892135, -0.03815951834344476, 0.008750962385616807]]	0.4106391519980458	[[-0.6281575758354745, 0.4441744815269669, 0.4441744815269668], [-0.7071067811865475, -0.5000000000000001, -0.5], [0.0, -0.6281575758354744, 0.6281575758354745]]
5	[[0.3802729664721569, 0.7767473726770865, -0.5020517802076895], [0.4287143634067757, 0.332951791095048, 0.839849450446521], [0.8195098935212374, -0.5346088512602871, -0.20639019011321075]]	0.7593409900144432	0.24065900998555703	[[0.2887568508366968, 0.5898161189597364, -0.38122849582142054], [0.3255403891427129, 0.2528239426771958, 0.6377321131651472], [0.6222874538730473, -0.40595041438647067, -0.1567205312898346]]	0.849583229504384	0.24243583923294268	[[0.3460611614113889, 0.5960808913173462, -0.43151263755259733], [0.4030726201097324, 0.2925166794597754, 0.7180917557428499], [0.6585127724288251, -0.4315126375525973, -0.08091134535570327]]	[[0.022987626462761396, -0.0638306500706983, -0.004977864745323303], [0.0388440867116877, 0.009646421511975443, 0.004569747335012267], [-0.03772908951974167, 0.022682076822746377, 0.0944342988987021]]	0.3796095769954265	[[0.45481720410297655, 0.45481720410297666, -0.6432086584430418], [0.5, 0.5000000000000001, 0.7071067811865475], [0.6432086584430418, -0.6432086584430416, 0.0]]
5	[[0.08740825448676931, -0.06334395238859675, -0.994156597696443], [0.7119981850616444, -0.6940087028176986, 0.10681996481098455], [-0.6967197295301035, -0.717174639895393, -0.015561310176609944]]	0.859876276204986	0.1401237237950142	[[0.07516028437766094, -0.054467961900012477, -0.8548516731918356], [0.6122303480355151, -0.5967616190327354, 0.09185195356601702], [-0.5990927665868904, -0.6166814587419022, -0.013380801447534106]]	0.9297531758426384	0.10733845645627216	[[0.06420916247310088, -0.053592459282064096, -0.8906110774828805], [0.6796010912344411, -0.6620136609726337, 0.09982633416118235], [-0.6375339079685938, -0.6579296221360735, 0.0]]	[[-0.017058939730834458, 0.005301781621658617, 0.03370917651029955], [0.017618517479182572, -0.016756865465448613, 0.0005101326347705841], [0.010243473234244115, 0.008865776940468499, 0.014468177556975463]]	0.14632218748034673	[[0.0, 0.0, -0.9314298670959997], [0.7071067811865475, -0.7071067811865476, 0.0], [-0.6586203752232662, -0.6586203752232661, 0.0]]
5	[[0.8592155572171323, 0.2624339665249735, -0.4391776855101157], [-0.4266000482917053, 0.8413623931712975, -0.33184593135155627], [0.2824199444684594, 0.4724804086637203, 0.8348660002631537]]	0.7790642488767566	0.22093575112324348	[[0.6693841227065891, 0.2044529210105264, -0.3421476336853707], [-0.33234884619316557, 0.6554753608691473, -0.25852930125120793], [0.22002328190513562, 0.36809259468458433, 0.6504142534077557]]	0.8280568008847285	0.21121988912719547	[[0.7290504345987135, 0.16541821762278394, -0.327523349195105], [-0.3501723962849872, 0.7446287782872055, -0.3926074132351006], [0.24471800713712613, 0.3883087269785249, 0.6977661231785501]]	[[0.01757114901910559, -0.05189201314137557, 0.03614072008836074], [0.003076674960713003, 0.04793292661306188, -0.11782013293351769], [0.010858251414530978, -0.002931888700264519, 0.006449653833214167]]	0.4426214674129801	[[0.7582532694447042, -0.1300956936092297, -0.4441744815269668], [-0.14644660940672619, 0.8535533905932737, -0.5], [0.4441744815269668, 0.4441744815269669, 0.6281575758354745]]
5	[[-0.5446221603179724, 0.8109226453022452, -0.2139887049042392], [-0.8354447797583356, -0.5021691245819775, 0.22328947644507607], [0.07361197229480154, 0.30038414347728, 0.9509735242804028]]	0.7923913358673461	0.20760866413265394	[[-0.4315538811573182, 0.6425680781961282, -0.1695627957395934], [-0.6619992050761083, -0.3979144634588488, 0.1769326465254341], [0.05832948906250787, 0.2380217927233304, 0.7535431812790264]]	0.8534404211045167	0.17383076118035629	[[-0.48212365133528184, 0.6747530783992769, -0.13089697403184133], [-0.7625430243097678, -0.449524331935528, 0.2100623294299104], [0.044999862123798993, 0.21097688830780922, 0.8289203305117733]]	[[-0.017321085490659992, -0.01732108549065999, 0.05172963639324277], [-0.049540679663243624, -0.0209529027865987, 0.019498064624417624], [-0.01782357050981046, -0.04538308159456017, 0.017321085490659992]]	0.3937746610889378	[[-0.6744013672161235, 0.6744013672161234, 0.0], [-0.7071067811865475, -0.7071067811865476, 0.0], [0.0, 0.0, 0.9537475599999998]]
5	[[-0.42203838922340475, -0.825029846081567, 0.3757783270710803], [0.2588054115689476, 0.28760896992378115, 0.9221175843470338], [-0.8688517462515349, 0.4864224845687207, 0.09214016247897017]]	0.7447627811365138	0.2552372188634862	[[-0.3143184845043974, -0.614451522688338, 0.2798657119602843], [0.19274863809326948, 0.21420045632024332, 0.6867588566531809], [-0.6470884429336098, 0.3622693624147335, 0.06862256366220808]]	0.8489224577673647	0.24791674316742784	[[-0.27886363818820803, -0.6307707700177452, 0.3293465472184099], [0.25601843421668935, 0.23151538627512339, 0.8305668671582381], [-0.7332233851693882, 0.37208392366489906, 0.02228881551356857]]	[[0.07941422846350446, 0.06961559464924931, 0.010339886225519764], [0.03631270814408397, -0.01264232734851307, 0.047760541103848864], [0.004364374693931689, -0.040851047448487436, -0.055931037677163085]]	0.49750027088454524	[[-0.45481720410297655, -0.45481720410297666, 0.6432086584430418], [0.5, 0.5000000000000001, 0.7071067811865475], [-0.6432086584430418, 0.6432086584430416, 0.0]]
5	[[0.04673222253661188, -0.9725397674033924, -0.22799671093185395], [-0.8377629715199755, -0.16246744520517667, 0.5213036857710898], [-0.5440306084466285, 0.16664552219444034, -0.8223502702654952]]	0.6813939802537793	0.31860601974622077	[[0.03184305512032738, -0.6626827430660824, -0.15535558634662627], [-0.5708466456732295, -0.11070433915001818, 0.3552131933685282], [-0.37069918166933347, 0.11355125565953922, -0.5603445238189768]]	0.7884073098020572	0.35681406885243416	[[-0.03506718297173161, -0.8462481972070485, -0.15864880374577794], [-0.6899488357648991, -0.1549726410172963, 0.2749194629994316], [-0.2976374885285278, 0.04828420206451274, -0.6099343439761903]]	[[-0.07191120882289297, -0.07949073551302155, 0.021105469763722316], [-0.029450385137057757, -0.026882119612669772, -0.1360801734892502], [0.13128021992685485, -0.08310034577936498, 0.03841262031882356]]	0.6263303263814892	[[1.8598182594438154e-16, -0.9314298670959997, 0.0], [-1.0, -1.7938038903913487e-16, 0.0], [0.0, 0.0, -0.9314298670959997]]
