5	[[0.08740825448676931, -0.06334395238859675, -0.994156597696443], [0.7119981850616444, -0.6940087028176986, 0.10681996481098455], [-0.6967197295301035, -0.717174639895393, -0.015561310176609944]]	0.8394142651091233	0.16058573489087669	[[0.07337173570448269, -0.05317181724338124, -0.8345092298587462], [0.5976614332725498, -0.5825608052550544, 0.08966620226079498], [-0.5848364797505391, -0.6020066233026915, -0.013062385746034157]]	0.9305947809710517	0.11622782835299211	[[0.0583583040447512, -0.055247146027924895, -0.8823337823059032], [0.6826987131461263, -0.6703244457448406, 0.09223178190824771], [-0.6380474450436258, -0.6504089059920829, 0.0]]	[[-0.02298336139442583, 0.0037004054709820237, 0.0428231589783444], [0.02011691806689893, -0.02448356895420049, -0.00717431984836589], [0.010316299056651358, 0.016990070939363576, 0.01448127403542493]]	0.15356962796412965	[[0.0, 0.0, -0.9200317091759997], [0.7071067811865475, -0.7071067811865476, 0.0], [-0.650560660464999, -0.6505606604649989, 0.0]]
5	[[-0.30792515101507295, 0.09349718223056193, 0.9468053539599837], [0.3027085282091916, -0.9338174967034747, 0.1906631317268273], [0.9019698710720718, 0.34531602882779927, 0.2592434992682147]]	0.744280360629829	0.255719639370171	[[-0.22918264244449307, 0.06958811650843547, 0.7046886302915896], [0.22530001254126183, -0.6950220232089064, 0.14190682444045563], [0.671318460918762, 0.2570119384672149, 0.19294984512628569]]	0.844255732335405	0.2675921920769004	[[-0.2513621952764259, 0.07703657698586835, 0.7382925860152373], [0.24430108326379882, -0.8497578011790435, 0.11841567077050921], [0.6753777083823599, 0.2608361228285504, 0.17432561829055754]]	[[0.008605378598294713, -0.0018989550694915262, -0.06105326147133108], [-0.011262326903624803, -0.06137702663203718, -0.04255277113488516], [-0.0861155256640627, -0.030698913976617122, -0.044542192037322105]]	0.47075801140440154	[[0.0, 0.0, 0.9725999999999999], [0.0, -1.0, 0.0], [0.9725999999999999, 0.0, 0.0]]
5	[[0.8489524140446696, -0.5135124485683378, 0.12483895166604869], [0.522794976890395, 0.7815435453534784, -0.34040431673891397], [0.0772347773085365, 0.35425224329800037, 0.9319550081910795]]	0.8082658805378365	0.19173411946216348	[[0.6861792704725368, -0.41505459140922807, 0.10090306519377923], [0.422557342337073, 0.6316949818637918, -0.27513719480785886], [0.06242623528942798, 0.2863300013617621, 0.7532674353172097]]	0.8991843254711127	0.17030676252219057	[[0.7401876516832013, -0.46777260267521953, 0.05903730418690801], [0.505628760561381, 0.6688752350650192, -0.29377713778225284], [0.02355405398889284, 0.2823803126534012, 0.8230676158294685]]	[[-0.02317705209662761, -0.0060302579882794, -0.05321592435944883], [0.035539711906505234, -0.033876470589950136, 0.012309088152082509], [-0.04589424714819515, -0.036157751783139735, -0.014931719580252608]]	0.43571951337772347	[[0.6877320553820361, -0.687732055382036, 0.0], [0.7071067811865475, 0.7071067811865476, 0.0], [0.0, 0.0, 0.9725999999999999]]
5	[[-0.3195682178843842, -0.5708200961323295, -0.7563336379995778], [0.910087742671785, 0.03735879733279218, -0.41272826520656647], [0.2638493031197415, -0.8202248094963509, 0.507557688474819]]	0.7451764821013181	0.254823517898682	[[-0.23813472039447298, -0.42536171114862553, -0.5636020396594172], [0.6781759824876905, 0.0278388971719862, -0.3075553967304091], [0.19661429550365328, -0.6112122380727144, 0.3782200527611424]]	0.7947050876904678	0.2283472731193853	[[-0.29357071115949973, -0.4730118668291208, -0.5858467351548065], [0.7743709640443013, 0.006244444274531781, -0.31382858185100954], [0.18974553650226456, -0.6219582095961368, 0.43221267309387235]]	[[-0.03960822254260364, -0.01937823227679656, 0.015215454954898577], [0.05111960469830036, -0.02344478203583529, 0.014168670342309496], [-0.01993684707057841, 0.029878619560557925, 0.028853995766520157]]	0.5065155658718352	[[1.737767511356317e-16, -0.6153983511929676, -0.6153983511929675], [1.0, 1.2684108950145333e-16, 1.268410895014533e-16], [0.0, -0.6153983511929675, 0.6153983511929676]]
5	[[0.5319609947059123, -0.8460851799387872, 0.03402011756955908], [-0.703274286200726, -0.4190807785627857, 0.5742617690636116], [-0.47161719485230363, -0.3294103357928521, -0.8179645788128509]]	0.7608446784758259	0.23915532152417415	[[0.40473969197870036, -0.6437394066936879, 0.02588402541392099], [-0.5350824981647073, -0.3188553802210017, 0.4369240110441626], [-0.35882743298107195, -0.2506301010229265, -0.6223439969714778]]	0.8258223972524361	0.2182772544043096	[[0.4812647020666314, -0.6798453724461981, 0.004711508225594141], [-0.6017389300037119, -0.3858978145301814, 0.5581051784648262], [-0.34696861320890604, -0.3403055343770385, -0.6751338642206041]]	[[0.041959398173804445, 0.018870719130609833, -0.023383066820508863], [-0.020959273047432555, -0.03981152133504429, 0.08386694768628955], [0.04250342922949264, -0.0682711011928554, 0.0003596051222038362]]	0.3372793862980535	[[0.6153983511929676, -0.6153983511929675, 0.0], [-0.5, -0.5000000000000001, 0.7071067811865475], [-0.43515234725956775, -0.43515234725956786, -0.6153983511929676]]
5	[[0.034229894132735264, 0.2773841392786001, 0.9601491309293217], [-0.1827544195208179, -0.9427759796974285, 0.2788803941677556], [0.9825625356654255, -0.18501754344446375, 0.018422055382213542]]	0.8636157053383381	0.13638429466166213	[[0.029561474165098803, 0.23955329909275605, 0.8291998689375185], [-0.15782958691816973, -0.8141961426824372, 0.24084548831422006], [0.8485564372777227, -0.1597840562817572, 0.015909576352692276]]	0.9170079330984025	0.12850541679739572	[[0.009042070688762869, 0.23571576256298224, 0.857499361287421], [-0.16500821504528682, -0.8266382205035775, 0.2535241442121102], [0.8905870921263167, -0.15958026233479167, 0.0]]	[[-0.022347013780073838, -0.01864769367116625, -0.02296500873230383], [0.002579037464096736, 0.03789483201358299, -0.0022113896253311022], [-0.010430547844160597, 0.010082292766159873, -0.016893170929467946]]	0.35004179423966963	[[0.0, 0.0, 0.9725999999999999], [0.0, -1.0, 0.0], [0.9725999999999999, 0.0, 0.0]]
5	[[0.8787972042104137, -0.3840163418041313, 0.28327887866788265], [-0.395223040501579, -0.9183905790867732, -0.018907472103605397], [0.2674214316928388, -0.09534250611366366, -0.9588511794847616]]	0.7319152636516648	0.2680847363483354	[[0.6432050874160109, -0.28106742205811863, 0.20733613516715127], [-0.28926977588992586, -0.6721840828275005, -0.013838667429696843], [0.19572982768356972, -0.06978263549939262, -0.7017978138352989]]	0.8416809261120025	0.2545272153573441	[[0.6886858425826601, -0.31058141810967627, 0.14075398142510964], [-0.35883760221679234, -0.8404907455538062, -0.0262518031912296], [0.1287992459892328, -0.053694197603990156, -0.8070467487523201]]	[[-0.0509810021217994, 0.012637812102168338, -0.09767644752004344], [-0.026185907466621815, -0.06749891241551279, -0.010337744560630161], [-0.09628427230019339, 0.02655377123959752, 0.0]]	0.47943311190828103	[[0.6688881970645683, -0.6688881970645681, 0.0], [-0.7071067811865475, -0.7071067811865476, 0.0], [0.0, 0.0, -0.9459507599999998]]
5	[[0.22433838825039393, -0.7661379269479729, -0.6022499185961573], [-0.9416906372873723, -0.011392912655017143, -0.3362869982418849], [0.2507808429735371, 0.642575192824231, -0.724020780340167]]	0.6836726924281318	0.31632730757186833	[[0.15337402991013446, -0.5237875792878279, -0.41174182336125803], [-0.643808173428621, -0.007789023269454156, -0.22991023751660392], [0.17145201412511465, 0.439311112165668, -0.494993236269079]]	0.7633028375783418	0.3906510849891433	[[0.19281466347019835, -0.522987246453396, -0.3973542792731161], [-0.8418187915280249, 0.03214772112411017, -0.17149723056096944], [0.1534596389617956, 0.39735427927311606, -0.4493940561253608]]	[[0.021576535140920845, 0.06180800716238017, 0.06234479252265605], [-0.12302365596561649, 0.04084396368196697, 0.08519158943776411], [-0.03796209009019385, -0.09312518876706959, 0.10325305997397399]]	0.6358794864407001	[[0.6153983511929676, -0.43515234725956786, -0.43515234725956775], [-0.7071067811865475, -0.5000000000000001, -0.5], [0.0, 0.6153983511929675, -0.6153983511929676]]
5	[[0.04673222253661188, -0.9725397674033924, -0.22799671093185395], [-0.8377629715199755, -0.16246744520517667, 0.5213036857710898], [-0.5440306084466285, 0.16664552219444034, -0.8223502702654952]]	0.6703454748670455	0.32965452513295457	[[0.031326733907897586, -0.6519376322071129, -0.15283656345773813], [-0.561590616969585, -0.1089093167064999, 0.3494535667881622], [-0.36468845656136295, 0.11171007170989887, -0.5512587824281667]]	0.7829212577921355	0.36441703923474533	[[-0.028698702941861658, -0.8391832541304202, -0.1489968931803483], [-0.685150369317176, -0.14791561794686803, 0.2716639889641368], [-0.29052345249869377, 0.0367892496131192, -0.6101705310233205]]	[[-0.06528635338964793, -0.07776119618208532, 0.029506578514888724], [-0.029247929923079816, -0.020716401396556127, -0.13647574839144103], [0.13540967574376148, -0.09368107222877929, 0.03366497691864364]]	0.6299845266858574	[[1.8370591629487325e-16, -0.9200317091759997, 0.0], [-1.0, -1.7938038903913487e-16, 0.0], [0.0, 0.0, -0.9200317091759997]]
5	[[0.8592155572171323, 0.2624339665249735, -0.4391776855101157], [-0.4266000482917053, 0.8413623931712975, -0.33184593135155627], [0.2824199444684594, 0.4724804086637203, 0.8348660002631537]]	0.7610229338223445	0.2389770661776554	[[0.6538827441391826, 0.19971826713947036, -0.3342242906962153], [-0.32465242031970754, 0.6402960768590097, -0.25254236425416965], [0.2149280547093306, 0.35956842677484485, 0.6353521728687916]]	0.8151272942031774	0.2252618478653165	[[0.7194274113338065, 0.16921940366494856, -0.31799344716417927], [-0.3474521954235058, 0.7379886457835937, -0.3950962266329779], [0.23119623982271417, 0.3846654105166147, 0.684338054958375]]	[[0.01905735904212986, -0.04469768537556037, 0.039992271300095396], [0.00028114764745677985, 0.052171194793563934, -0.1245995505180505], [0.0009880346591271683, -0.0004662665614552164, 0.003815991141641208]]	0.4489591997698156	[[0.7428515228560517, -0.12745317166308404, -0.43515234725956775], [-0.14644660940672619, 0.8535533905932737, -0.5], [0.43515234725956775, 0.43515234725956786, 0.6153983511929676]]
5	[[-0.5446221603179724, 0.8109226453022452, -0.2139887049042392], [-0.8354447797583356, -0.5021691245819775, 0.22328947644507607], [0.07361197229480154, 0.30038414347728, 0.9509735242804028]]	0.7754653081758519	0.22453469182414812	[[-0.4223355913903747, 0.6288423790460826, -0.1659408169947173], [-0.6478584435992044, -0.38941473495036094, 0.17315324266390553], [0.05708353078102054, 0.23293748239274822, 0.7374469770731785]]	0.8446868883925558	0.1833697306749012	[[-0.4773633274815321, 0.6676475964545012, -0.12526699213446205], [-0.7612453207459253, -0.4521996340001863, 0.20852011023922515], [0.04531813703084052, 0.2034472417306357, 0.8206029967010283]]	[[-0.017328129532912337, -0.017328129532912333, 0.05548646116225265], [-0.05555606930805262, -0.02802395871022213, 0.019910417170030944], [-0.016860930795294427, -0.05028330574565104, 0.017328129532912337]]	0.3963317087105464	[[-0.6688881970645683, 0.6688881970645681, 0.0], [-0.7071067811865475, -0.7071067811865476, 0.0], [0.0, 0.0, 0.9459507599999998]]
5	[[0.3802729664721569, 0.7767473726770865, -0.5020517802076895], [0.4287143634067757, 0.332951791095048, 0.839849450446521], [0.8195098935212374, -0.5346088512602871, -0.20639019011321075]]	0.7414595586281445	0.25854044137185556	[[0.2819570258786607, 0.5759267641107235, -0.37225109136126766], [0.3178743626691339, 0.2468702880697845, 0.6227144028421672], [0.6076334439416544, -0.39639084289415183, -0.1530299792665201]]	0.8426945464412396	0.2519262828443818	[[0.3463441735926531, 0.5835899193265651, -0.4287049224281785], [0.4041313459765622, 0.29309856024704334, 0.7172740527897908], [0.6478374360973627, -0.4287049224281785, -0.07921293718018105]]	[[0.02589021858753418, -0.0709708555909771, -0.005628625216042802], [0.04285608995264454, 0.012521901663403542, 0.009537501066835248], [-0.04275908192762505, 0.02180704100808133, 0.09471095046719227]]	0.38345019851469986	[[0.4474114201722885, 0.44741142017228863, -0.632735298368258], [0.5, 0.5000000000000001, 0.7071067811865475], [0.632735298368258, -0.6327352983682579, 0.0]]
5	[[-0.42203838922340475, -0.825029846081567, 0.3757783270710803], [0.2588054115689476, 0.28760896992378115, 0.9221175843470338], [-0.8688517462515349, 0.4864224845687207, 0.09214016247897017]]	0.7272393500724954	0.2727606499275048	[[-0.3069229238844716, -0.5999941690547695, 0.273280786350502], [0.18821347930464616, 0.20916056036239047, 0.6706001927309564], [-0.6318631792533189, 0.35374557153840486, 0.06700795187678038]]	0.8428172145539009	0.2584534751092111	[[-0.2762607209654905, -0.6185621193790868, 0.32991643073150473], [0.2607065162812287, 0.23446798060635637, 0.8300171583090776], [-0.7192394701137916, 0.36721281732129407, 0.023478841019071883]]	[[0.07944049867459463, 0.076787237419213, 0.013203987819732121], [0.04258086019121228, -0.007933810305521623, 0.052840584378538655], [0.013043738522219715, -0.04275242621930302, -0.054178474069997595]]	0.5018954204442384	[[-0.4474114201722885, -0.44741142017228863, 0.632735298368258], [0.5, 0.5000000000000001, 0.7071067811865475], [-0.632735298368258, 0.6327352983682579, 0.0]]
5	[[-0.8305561570912853, 0.32773595720904825, 0.4502950280316503], [-0.5100865793185324, -0.772219296347621, -0.37879947194723407], [0.22358030216652452, -0.5443036842615101, 0.808545204538665]]	0.7352110089798539	0.2647889910201461	[[-0.6106340302695139, 0.24095508377864258, 0.33106186189776127], [-0.3750212686478605, -0.5677441280214472, -0.27849754197136184], [0.16437869954387105, -0.40017806089735664, 0.5944513356346943]]	0.7916910610638905	0.25780635374722166	[[-0.6635295517423175, 0.32904631669518813, 0.3478665360458879], [-0.4951823604709598, -0.6213073042332866, -0.3676606223390248], [0.05320245010900423, -0.4696291650688934, 0.6475120656712264]]	[[-0.005985666461570386, 0.06958068898356695, -0.00862801248828367], [-0.0913513752558206, -0.009948190133827603, -0.06776846646267762], [-0.12380407654619682, -0.03870880373491373, 0.0073940547718904]]	0.41941729754810625	[[-0.6153983511929676, 0.43515234725956786, 0.43515234725956775], [-0.7071067811865475, -0.5000000000000001, -0.5], [0.0, -0.6153983511929675, 0.6153983511929676]]
