6	[[0.8787972042104137, -0.3840163418041313, 0.28327887866788265], [-0.395223040501579, -0.9183905790867732, -0.018907472103605397], [0.2674214316928388, -0.09534250611366366, -0.9588511794847616]]	0.8376628359195059	0.1623371640804941	[[0.7361357582770283, -0.3216762179150829, 0.23729218886103623], [-0.33106365292728246, -0.7693016569595839, -0.015838086702375045], [0.2240089948574778, -0.07986487405484433, -0.8031939982319688]]	0.856914609341739	0.23700667720049823	[[0.7001125857074296, -0.3180596551562665, 0.15306322390082958], [-0.35958704048643797, -0.8406475765435345, -0.02512374141918155], [0.1387670511786122, -0.05914774304749702, -0.82165358388505]]	[[-0.052941577229149384, 0.011009558361664378, -0.08968258574762494], [-0.020914643132173092, -0.053665272242258755, -0.008921652347880695], [-0.09039028049006528, 0.022552643332555425, 0.0]]	0.47186096972462344	[[0.6933153988105564, -0.6933153988105563, 0.0], [-0.7071067811865475, -0.7071067811865476, 0.0], [0.0, 0.0, -0.9804960399999999]]
6	[[0.3802729664721569, 0.7767473726770865, -0.5020517802076895], [0.4287143634067757, 0.332951791095048, 0.839849450446521], [0.8195098935212374, -0.5346088512602871, -0.20639019011321075]]	0.8473133134193778	0.15268668658062243	[[0.32221034722533926, 0.6581483900328186, -0.4253951573958746], [0.36325538776867433, 0.2821144853216616, 0.7116156206312853], [0.694381643259441, -0.45298119714468116, -0.17487715584207988]]	0.874910335086807	0.21079275445728649	[[0.3431156884732065, 0.6407976343156463, -0.4392502912524376], [0.40451026782650595, 0.30183520957633064, 0.7205139695817357], [0.6901839623776295, -0.4509421168475206, -0.08789393083621666]]	[[0.010410939952597526, -0.03878666979106052, 2.0009319176406663e-18], [0.02942364048175662, 0.010532246461609662, -0.014278994530900825], [-0.026813713169989945, 0.016792692348990248, 0.09267897955436234]]	0.3697964227643725	[[0.4806862422278406, 0.48068624222784073, -0.6797930030047712], [0.5, 0.5000000000000001, 0.7071067811865475], [0.6797930030047712, -0.6797930030047711, 0.0]]
6	[[-0.30792515101507295, 0.09349718223056193, 0.9468053539599837], [0.3027085282091916, -0.9338174967034747, 0.1906631317268273], [0.9019698710720718, 0.34531602882779927, 0.2592434992682147]]	0.8709905515774689	0.1290094484225311	[[-0.26819989712719383, 0.08143516232193629, 0.824658517482107], [0.26365626795212754, -0.8133462165264508, 0.16606578626823693], [0.7856072355113224, 0.300766998417266, 0.22579863842049544]]	0.8729643805679653	0.1258082469686825	[[-0.261934650922048, 0.08044048291451543, 0.8305534816637903], [0.2655047700791023, -0.8224808172109518, 0.16217091673705822], [0.7914137021170785, 0.3054747255315293, 0.22061652981606372]]	[[0.006873037795122375, -0.0011792268562372517, 0.004026132325679812], [0.00125100725832487, -0.007291404637675039, -0.004271205947999955], [0.004026132325679812, 0.004026132325679813, -0.005693810938885123]]	0.37301070151677	[[-0.47131095698687847, -0.1380437832539355, 0.8045781307198218], [0.5, -0.8535533905932737, 0.14644660940672619], [0.6665343474658861, 0.4713109569868786, 0.47131095698687847]]
6	[[0.034229894132735264, 0.2773841392786001, 0.9601491309293217], [-0.1827544195208179, -0.9427759796974285, 0.2788803941677556], [0.9825625356654255, -0.18501754344446375, 0.018422055382213542]]	0.8880979412013412	0.1119020587986586	[[0.030399498506822054, 0.24634428301523087, 0.8527064664245879], [-0.16230382372188457, -0.8372774065833639, 0.2476731039018023], [0.872611765026034, -0.16431369941915797, 0.01636058945764093]]	0.9306517427166331	0.12304784183827333	[[0.011179027742414568, 0.24236304714896426, 0.8821241907934431], [-0.16360605587374294, -0.8278228685192203, 0.2520663100776511], [0.9161139741560729, -0.16493495607783304, 0.0]]	[[-0.02067708288522136, -0.01578498547261827, -0.011440271173790905], [0.00647466314247292, 0.04957323997757284, -0.007474214764072161], [0.001690438010970833, 0.007251943161907493, -0.01714451794587936]]	0.3424991210856688	[[0.0, 0.0, 0.9902], [0.0, -1.0, 0.0], [0.9902, 0.0, 0.0]]
6	[[0.22433838825039393, -0.7661379269479729, -0.6022499185961573], [-0.9416906372873723, -0.011392912655017143, -0.3362869982418849], [0.2507808429735371, 0.642575192824231, -0.724020780340167]]	0.8723504261628352	0.12764957383716485	[[0.19570168859491474, -0.6683407470725753, -0.5253729731438905], [-0.8214842287511912, -0.009938612209840223, -0.293360106229329], [0.21876877524144014, 0.5605507433018841, -0.6315998362804932]]	0.8827475394974824	0.11395070442027583	[[0.1799591075998134, -0.719406474753084, -0.5147038273051867], [-0.8712026222777338, -0.006527472461756917, -0.3306906523408855], [0.24933458083471238, 0.5408024168582051, -0.6749750160062242]]	[[-0.01807505264305282, -0.04310010482405902, 0.016930806498130283], [-0.03992752924448964, 0.003529593152169243, -0.03383413207786738], [0.02795840874671801, -0.02642925354950521, -0.035847453615894705]]	0.3069394911376819	[[0.13804378325393565, -0.8045781307198216, -0.47131095698687847], [-0.8535533905932738, 0.14644660940672602, -0.5], [0.47131095698687847, 0.4713109569868786, -0.6665343474658861]]
6	[[0.8592155572171323, 0.2624339665249735, -0.4391776855101157], [-0.4266000482917053, 0.8413623931712975, -0.33184593135155627], [0.2824199444684594, 0.4724804086637203, 0.8348660002631537]]	0.8629717126577453	0.13702828734225464	[[0.7414787209538477, 0.2264730895516218, -0.37899791942572914], [-0.3681437742941698, 0.7260719454008541, -0.28637365171695717], [0.2437204231666518, 0.4077372274617622, 0.7204657420868155]]	0.8707712689883764	0.1682596424799482	[[0.7590252294329793, 0.14725317494123805, -0.3699677711770727], [-0.3583781764924213, 0.7574524816773203, -0.3808876629507115], [0.30282351545154174, 0.40214011835187863, 0.7411105022734357]]	[[0.010845008340462106, -0.08126678311536624, 0.01245553934594878], [0.013092888909049447, 0.024818282896452583, -0.09192576019908726], [0.056900342019114605, -0.009282246672375788, 0.014133175789039073]]	0.4238015204299821	[[0.8125410328416701, -0.13941000126634567, -0.47597551705400776], [-0.14644660940672619, 0.8535533905932737, -0.5], [0.47597551705400776, 0.47597551705400787, 0.6731310315753244]]
6	[[0.04673222253661188, -0.9725397674033924, -0.22799671093185395], [-0.8377629715199755, -0.16246744520517667, 0.5213036857710898], [-0.5440306084466285, 0.16664552219444034, -0.8223502702654952]]	0.8425534958579153	0.1574465041420846	[[0.03937439746743232, -0.8194167808865724, -0.1920994258397401], [-0.7058601203544705, -0.13688751392072585, 0.43922624285004785], [-0.45837489100041556, 0.14040776729399357, -0.6928740950318945]]	0.8617382891205696	0.14174298150001746	[[-8.448086912448555e-05, -0.8409087147881128, -0.23565505749802015], [-0.7707572499096135, -0.13699795355363453, 0.49929748489190995], [-0.472819829746356, 0.2006760184656439, -0.7086507149564256]]	[[-0.040355426364626086, -0.0028339595241969914, -0.039181561894487266], [-0.04882482014342535, 0.0030064647152643004, 0.05007013860328401], [-0.004007823994335783, 0.057071191280202965, 1.1317330173358185e-18]]	0.3361319624204161	[[1.8821658068857948e-16, -0.9426219139737572, 0.0], [-0.7071067811865476, -1.3401577416544657e-16, 0.7071067811865475], [-0.666534347465886, -1.0465205524098988e-16, -0.6665343474658861]]
6	[[0.8489524140446696, -0.5135124485683378, 0.12483895166604869], [0.522794976890395, 0.7815435453534784, -0.34040431673891397], [0.0772347773085365, 0.35425224329800037, 0.9319550081910795]]	0.8736605016137572	0.1263394983862428	[[0.7416961919004761, -0.4486355434011226, 0.10906686113349572], [0.4567453217512151, 0.6828037258665143, -0.2973978061136079], [0.06747697428540282, 0.3094961925775299, 0.8142122799376716]]	0.9158715553456573	0.1414846288612881	[[0.7718202108502021, -0.47977168091291983, 0.055311084561522714], [0.5003776333437897, 0.6725623223896445, -0.29012684877507966], [0.024865170381675468, 0.2933961106790733, 0.8542431927716477]]	[[-0.0057111570153397405, -0.009460235953279487, -0.05902536026858263], [0.021564584732286597, -0.043231180063604956, 0.021639782242965245], [-0.04587196523866935, -0.03105344237495459, 0.0006921099075091323]]	0.4300286255629127	[[0.7001771347309194, -0.7001771347309192, 0.0], [0.7071067811865475, 0.7071067811865476, 0.0], [0.0, 0.0, 0.9902]]
6	[[0.08740825448676931, -0.06334395238859675, -0.994156597696443], [0.7119981850616444, -0.6940087028176986, 0.10681996481098455], [-0.6967197295301035, -0.717174639895393, -0.015561310176609944]]	0.9254844047568137	0.07451559524318616	[[0.08089497637451981, -0.05862384007130442, -0.9200764270541518], [0.6589432164897079, -0.6422942312232863, 0.09886021154923783], [-0.6448032441664961, -0.6637339447102701, -0.014401749886036002]]	0.957568295952379	0.06680638893769507	[[0.06328956125893648, -0.06328956125893649, -0.9324950470611173], [0.6818455239813094, -0.6698160263454934, 0.09310122490109286], [-0.6759048105820853, -0.6875188828600997, 0.0]]	[[-0.02040981204213109, -0.002633400711299279, 0.019477792104880556], [5.863519064397459e-05, -0.005255295412228573, -0.009186186776654693], [-0.008748086419541619, -0.0007751850352069993, 0.014901017268602799]]	0.12345085182844061	[[0.0, 0.0, -0.9708871788079999], [0.7071067811865475, -0.7071067811865476, 0.0], [-0.6865209079022129, -0.6865209079022128, 0.0]]
6	[[-0.5446221603179724, 0.8109226453022452, -0.2139887049042392], [-0.8354447797583356, -0.5021691245819775, 0.22328947644507607], [0.07361197229480154, 0.30038414347728, 0.9509735242804028]]	0.8591877116375062	0.14081228836249385	[[-0.46793266763067376, 0.6967347719322692, -0.1838564656829469], [-0.7178038885200647, -0.4314575410045989, 0.1918475742995817], [0.06324650202509406, 0.2580863648464366, 0.8170647661543339]]	0.8656549555399852	0.1398012459214261	[[-0.4716791862358003, 0.701754892205827, -0.1660688945033939], [-0.7368040875547056, -0.4487599176975123, 0.19329164180460892], [0.07727885800520529, 0.2464727329656031, 0.8235321721488931]]	[[-0.00022431425965521192, -0.0002243142596552119, 0.019171488326544344], [-0.013597173876890956, -0.014054726483947304, 0.0], [0.013556289401138243, -0.013556289401138242, 0.00031722826823808064]]	0.3856373068644178	[[-0.6933153988105564, 0.6933153988105563, 0.0], [-0.7071067811865475, -0.7071067811865476, 0.0], [0.0, 0.0, 0.9804960399999999]]
6	[[-0.42203838922340475, -0.825029846081567, 0.3757783270710803], [0.2588054115689476, 0.28760896992378115, 0.9221175843470338], [-0.8688517462515349, 0.4864224845687207, 0.09214016247897017]]	0.8236442360938648	0.17635576390613522	[[-0.3476094866941964, -0.679531077330491, 0.30950765314109047], [0.2131635855086641, 0.23688747032661603, 0.7594968333482327], [-0.715624732820166, 0.4006390757214838, 0.07589071373855596]]	0.8719708976242878	0.2098980717298702	[[-0.2929917419259557, -0.6685673981643103, 0.3441580600128108], [0.25344481845171485, 0.23026495219389748, 0.8305641723716497], [-0.7767938097837396, 0.3922348007686935, 0.02211809432631078]]	[[0.0750134511570852, 0.050834617290261674, 0.016490294848887612], [0.027774031415916358, -0.0205216994753388, 0.026504474633426693], [-0.01918037270235878, -0.031911449725330256, -0.05822544585772456]]	0.4842362215621682	[[-0.4806862422278406, -0.48068624222784073, 0.6797930030047712], [0.5, 0.5000000000000001, 0.7071067811865475], [-0.6797930030047712, 0.6797930030047711, 0.0]]
6	[[-0.8305561570912853, 0.32773595720904825, 0.4502950280316503], [-0.5100865793185324, -0.772219296347621, -0.37879947194723407], [0.22358030216652452, -0.5443036842615101, 0.808545204538665]]	0.8705640521283108	0.12943594787168913	[[-0.7230523336375074, 0.2853151429360597, 0.3920106642564648], [-0.4440630394278106, -0.6722663597600579, -0.32976920324244846], [0.19464097383016177, -0.47385122095906895, 0.7038903895920945]]	0.8705640521283109	0.12943594787168908	[[-0.7230523336375072, 0.28531514293605975, 0.39201066425646475], [-0.4440630394278107, -0.672266359760058, -0.32976920324244846], [0.19464097383016177, -0.47385122095906895, 0.7038903895920943]]	[[0.0, 0.0, 0.0], [0.0, 0.0, 0.0], [0.0, 0.0, 0.0]]	0.381646825899584	[[-0.6731310315753244, 0.47597551705400787, 0.47597551705400776], [-0.7071067811865475, -0.5000000000000001, -0.5], [0.0, -0.6731310315753243, 0.6731310315753244]]
6	[[0.5319609947059123, -0.8460851799387872, 0.03402011756955908], [-0.703274286200726, -0.4190807785627857, 0.5742617690636116], [-0.47161719485230363, -0.3294103357928521, -0.8179645788128509]]	0.8597738196444225	0.1402261803555775	[[0.45736613632014855, -0.7274418869005096, 0.029249606427532125], [-0.604656819304503, -0.3603146817244846, 0.49373523466358454], [-0.40548411702815296, -0.2832183826349723, -0.7032645302597661]]	0.8805189078432168	0.16268297378823984	[[0.5316182591326112, -0.7282970723610986, 0.0014932140754239762], [-0.5914998474346035, -0.39334668709960524, 0.5761684667070647], [-0.3889133296404781, -0.3759108760352566, -0.7268038582856747]]	[[0.06321654505897004, 0.016696926220933994, -0.028462142691622012], [0.027746458965077728, -0.024338137661416178, 0.0705201209950598], [0.0263545276909539, -0.08585884693066706, -0.006570580694946449]]	0.29958589640083	[[0.6731310315753244, -0.6731310315753243, 0.0], [-0.5, -0.5000000000000001, 0.7071067811865475], [-0.47597551705400776, -0.47597551705400787, -0.6731310315753244]]
6	[[-0.3195682178843842, -0.5708200961323295, -0.7563336379995778], [0.910087742671785, 0.03735879733279218, -0.41272826520656647], [0.2638493031197415, -0.8202248094963509, 0.507557688474819]]	0.8367298207668095	0.1632701792331906	[[-0.26739225767316954, -0.4776221967268971, -0.6328469093632955], [0.7614975538078331, 0.03125921979633081, -0.34534204737168656], [0.22077058010882888, -0.686306557838372, 0.42468865370635145]]	0.8438373685974606	0.17995161177470576	[[-0.27909296859373767, -0.5233898447032662, -0.6485557980008995], [0.8044380744441338, 0.005915778016146098, -0.284774147808407], [0.17331294910554712, -0.6896674649541, 0.46760591408532537]]	[[-0.009429364526799044, -0.04171051684041174, -0.010333211129591138], [0.036472028475171905, -0.02560897121912314, 0.06350138544929684], [-0.049332952545289285, 0.002468879949654307, 0.03930976983132434]]	0.44008629754815876	[[-0.13804378325393565, -0.8045781307198216, -0.47131095698687847], [0.8535533905932738, 0.14644660940672602, -0.5], [0.47131095698687847, -0.4713109569868786, 0.6665343474658861]]
