6	[[0.8787972042104137, -0.3840163418041313, 0.28327887866788265], [-0.395223040501579, -0.9183905790867732, -0.018907472103605397], [0.2674214316928388, -0.09534250611366366, -0.9588511794847616]]	0.6853341820485541	0.31466581795144594	[[0.6022697631341001, -0.26317952550361234, 0.19414069860348496], [-0.27085985918889227, -0.6294044563195319, -0.01295793692873029], [0.183273048151465, -0.06534147844186691, -0.6571334887984804]]	0.8276127909833398	0.2817587435258878	[[0.6553635015992674, -0.2679538206024782, 0.16875640127332348], [-0.3176181645446644, -0.8545422077913154, -0.033548010158390026], [0.15950748701949682, -0.05298958844093251, -0.7536535162395249]]	[[-0.0719403052856691, 0.0498630158212511, -0.06568882212763376], [0.009473479065768935, -0.09447041742050519, -0.017899944400285514], [-0.061813910432574025, 0.025917089143142797, 0.03990398455152594]]	0.48786216037935676	[[0.6462503431705086, -0.6462503431705084, 0.0], [-0.7071067811865475, -0.7071067811865476, 0.0], [0.0, 0.0, -0.913936]]
6	[[0.8489524140446696, -0.5135124485683378, 0.12483895166604869], [0.522794976890395, 0.7815435453534784, -0.34040431673891397], [0.0772347773085365, 0.35425224329800037, 0.9319550081910795]]	0.7572522460336404	0.24274775396635975	[[0.6428711223110072, -0.38885845504460814, 0.09453457654160041], [0.3958876704653568, 0.5918256050920161, -0.25777193341008925], [0.0584862085887973, 0.26825830689986635, 0.7057250231549945]]	0.8807937280839814	0.19920240504950015	[[0.7135736201482807, -0.4557100517516717, 0.05380466048969294], [0.5049639568469553, 0.6689355172753969, -0.2942964073668151], [0.02316929330239244, 0.26583863152200815, 0.79747713554723]]	[[-0.0341783415840196, -0.0034115077596317154, -0.056152705158342066], [0.044489420128085266, -0.01944313569646554, 0.0055295798295333575], [-0.044858614140929516, -0.04618452253455124, -0.023382990523928487]]	0.4413747889912142	[[0.6759940828143395, -0.6759940828143394, 0.0], [0.7071067811865475, 0.7071067811865476, 0.0], [0.0, 0.0, 0.956]]
6	[[-0.42203838922340475, -0.825029846081567, 0.3757783270710803], [0.2588054115689476, 0.28760896992378115, 0.9221175843470338], [-0.8688517462515349, 0.4864224845687207, 0.09214016247897017]]	0.6626312919369327	0.3373687080630674	[[-0.2796558430980867, -0.5466905927955574, 0.24900247834900913], [0.17149256422820128, 0.19057870331324556, 0.6110239662336385], [-0.5757283551203145, 0.3223187593769441, 0.061054954902718894]]	0.8150923675210549	0.3056764368852218	[[-0.26160491086594206, -0.5736741012300578, 0.31216922179468215], [0.2642673530786351, 0.2356527166411375, 0.8283873970824667], [-0.6680334014128201, 0.3460640076750206, 0.023901205254999287]]	[[0.08239535899093542, 0.09880142928809808, 0.00587517551921395], [0.05331703743564059, 0.0012248404256707673, 0.07677639212424693], [0.04016102546414616, -0.050415246887571735, -0.05120153792375918]]	0.522017551734413	[[-0.4176395060479998, -0.41763950604799993, 0.5906314536358818], [0.5, 0.5000000000000001, 0.7071067811865475], [-0.5906314536358818, 0.5906314536358817, 0.0]]
6	[[-0.30792515101507295, 0.09349718223056193, 0.9468053539599837], [0.3027085282091916, -0.9338174967034747, 0.1906631317268273], [0.9019698710720718, 0.34531602882779927, 0.2592434992682147]]	0.7164802598626299	0.28351974013737025	[[-0.220622292217519, 0.06698888542097667, 0.6783673460445783], [0.21688468495395574, -0.669061802702376, 0.13660637016586002], [0.6462436076139809, 0.24741211806927302, 0.185742849723388]]	0.8302821497043967	0.2808591919211813	[[-0.2352492764672684, 0.0732200506991544, 0.727577457214424], [0.24706289941121873, -0.8485728991572352, 0.11851446115422237], [0.665772789570175, 0.2527584555810973, 0.16202922576811402]]	[[0.020415479865577374, -0.004408990754540291, -0.05853812742310343], [-0.004270588124162885, -0.0732409005626959, -0.039789733725300355], [-0.08311669395214222, -0.033951279161433374, -0.05321602410118952]]	0.43308896457329676	[[-0.3816957795994847, -0.11179610549440322, 0.6515954537045664], [0.5, -0.8535533905932737, 0.14644660940672619], [0.5397993482101632, 0.3816957795994848, 0.3816957795994847]]
6	[[0.22433838825039393, -0.7661379269479729, -0.6022499185961573], [-0.9416906372873723, -0.011392912655017143, -0.3362869982418849], [0.2507808429735371, 0.642575192824231, -0.724020780340167]]	0.6543646770546148	0.3456353229453853	[[0.14679911697842182, -0.5013335971466024, -0.3940910734883425], [-0.6162090897539056, -0.007455119610211766, -0.22005433300221683], [0.16410212532386267, 0.4204785085357348, -0.47377362410812357]]	0.7524080717822454	0.41927735667688204	[[0.2031545042142931, -0.5093464859682757, -0.3648101210673908], [-0.8186247479765824, 0.05275173432853816, -0.2032257358210005], [0.169750191849048, 0.36481012106739075, -0.42374564502197]]	[[0.034360490084077495, 0.06710187436589561, 0.08832757891455811], [-0.11008911135979653, 0.06132385377128302, 0.049799316091615496], [-0.018939338652597153, -0.11866864074059355, 0.12101343424405173]]	0.3971974327752889	[[0.11179610549440334, -0.6515954537045664, -0.3816957795994847], [-0.8535533905932738, 0.14644660940672602, -0.5], [0.3816957795994847, 0.3816957795994848, -0.5397993482101632]]
6	[[0.08740825448676931, -0.06334395238859675, -0.994156597696443], [0.7119981850616444, -0.6940087028176986, 0.10681996481098455], [-0.6967197295301035, -0.717174639895393, -0.015561310176609944]]	0.7633170702765969	0.236682929723403	[[0.06672021273283195, -0.048351520157003905, -0.7588567015497985], [0.5434803686635087, -0.5297486897812671, 0.08153750258656992], [-0.5318180627488218, -0.5474316450016249, -0.011878213693675295]]	0.9045341315904829	0.1613437097772476	[[0.05346252504934394, -0.053462525049343956, -0.8370364167242981], [0.6840044919220095, -0.6702988727500505, 0.09051757186352465], [-0.6053397033072389, -0.6168670749201, 0.0]]	[[-0.025601224516685846, 0.0038342419159842884, 0.062212158038003035], [0.03997783190327499, -0.042544313430605926, -0.0061047322433052005], [0.024867072205229494, 0.031841865176396617, 0.01407573618701002]]	0.18560513479169743	[[0.0, 0.0, -0.8737228159999999], [0.7071067811865475, -0.7071067811865476, 0.0], [-0.6178153280710061, -0.617815328071006, 0.0]]
6	[[0.034229894132735264, 0.2773841392786001, 0.9601491309293217], [-0.1827544195208179, -0.9427759796974285, 0.2788803941677556], [0.9825625356654255, -0.18501754344446375, 0.018422055382213542]]	0.8400771287385356	0.15992287126146462	[[0.02875575118005229, 0.2330240712827764, 0.8065993250719047], [-0.15352780801532642, -0.7920045380678757, 0.23428104079391912], [0.8254283137678655, -0.15542900666308238, 0.015475947390952236]]	0.9035583931014164	0.14662440362122311	[[0.009103195564008848, 0.22829994550409893, 0.8346389411055455], [-0.16595454550165972, -0.825811921403159, 0.25457267625054447], [0.8665528897037009, -0.15502352503310132, 0.0]]	[[-0.02182551257459703, -0.022332821654292456, -0.03291186477467403], [-0.0008252558672473351, 0.026041227866863293, 0.0025879554288375933], [-0.021249736143804116, 0.012150629217149817, -0.016645402758778165]]	0.3573638723148201	[[0.0, 0.0, 0.956], [0.0, -1.0, 0.0], [0.956, 0.0, 0.0]]
6	[[-0.8305561570912853, 0.32773595720904825, 0.4502950280316503], [-0.5100865793185324, -0.772219296347621, -0.37879947194723407], [0.22358030216652452, -0.5443036842615101, 0.808545204538665]]	0.6636382925954489	0.3363617074045511	[[-0.5511888699966981, 0.2174981310643479, 0.29883302356714425], [-0.33851298657480383, -0.5124742953373941, -0.25138583479912], [0.1483764499877669, -0.36122076767672096, 0.5365815590262777]]	0.7696901996097825	0.38515904929404526	[[-0.6062369692477911, 0.24064297331935336, 0.19726650859159128], [-0.567785767178585, -0.6248467345291151, -0.3037244428285614], [0.1770728832981993, -0.2698503328903729, 0.5857744113223639]]	[[0.033033965090934175, -0.011612181004182046, -0.1493211614173822], [-0.17517712612463282, -0.03047711018078903, -0.012166201653414668], [0.0049853158948316035, 0.14909487849720884, -0.03655490855253355]]	0.4567136853268342	[[-0.564643669675903, 0.3992633677818879, 0.3992633677818878], [-0.7071067811865475, -0.5000000000000001, -0.5], [0.0, -0.5646436696759028, 0.564643669675903]]
6	[[-0.5446221603179724, 0.8109226453022452, -0.2139887049042392], [-0.8354447797583356, -0.5021691245819775, 0.22328947644507607], [0.07361197229480154, 0.30038414347728, 0.9509735242804028]]	0.7114201952588264	0.2885798047411737	[[-0.38745520363569586, 0.5769067466607275, -0.15223588622615722], [-0.5943522883436423, -0.3572532566630643, 0.15885264293179713], [0.05236904370335503, 0.2136993460052619, 0.6765417703295383]]	0.8111936405088562	0.28174223204493265	[[-0.48519392704344216, 0.6232949842987036, -0.11558278357932837], [-0.7353899615736534, -0.4067810504763029, 0.09611581040268719], [0.07557812310489309, 0.12028817963439825, 0.750639805018613]]	[[-0.0433998941133083, -0.03452030851509677, 0.05800349297971681], [-0.057682469237369464, 0.0005753498444966906, -0.08501519288211054], [0.015864559314035985, -0.12338152726407116, -0.020783870169944277]]	0.407650853572731	[[-0.6462503431705086, 0.6462503431705084, 0.0], [-0.7071067811865475, -0.7071067811865476, 0.0], [0.0, 0.0, 0.913936]]
6	[[0.3802729664721569, 0.7767473726770865, -0.5020517802076895], [0.4287143634067757, 0.332951791095048, 0.839849450446521], [0.8195098935212374, -0.5346088512602871, -0.20639019011321075]]	0.6717736745212662	0.328226325478734	[[0.25545736800810315, 0.5217984367180258, -0.3372651691900626], [0.2879990232258152, 0.22366824814235742, 0.5641887513711256], [0.5505251724772932, -0.3591361524427162, -0.1386474963974943]]	0.8146709295246738	0.2942127344411708	[[0.346930541340464, 0.5338079359584966, -0.41574463435688314], [0.40783605199872786, 0.29606251587738375, 0.7147970573879842], [0.6044997908654076, -0.41762239624737496, -0.07223368607579987]]	[[0.03713321027148685, -0.0989855681461937, -0.006737643905567647], [0.05857492306155112, 0.024816370739076023, 0.030596124931930594], [-0.0631310958442053, 0.017907893540961235, 0.0959064019485037]]	0.4030434566228374	[[0.4176395060479998, 0.41763950604799993, -0.5906314536358818], [0.5, 0.5000000000000001, 0.7071067811865475], [0.5906314536358818, -0.5906314536358817, 0.0]]
6	[[0.5319609947059123, -0.8460851799387872, 0.03402011756955908], [-0.703274286200726, -0.4190807785627857, 0.5742617690636116], [-0.47161719485230363, -0.3294103357928521, -0.8179645788128509]]	0.6914642179117431	0.30853578208825705	[[0.3678319931638766, -0.5850376272330897, 0.023523693988500724], [-0.4862890042852244, -0.289779362790761, 0.3970814650221842], [-0.32610641479227825, -0.2277754602110492, -0.5655932377683364]]	0.7727263245211929	0.2735541879732212	[[0.4349506067244969, -0.6346964620666095, 0.005263684129058211], [-0.6090700061532673, -0.3804553337602867, 0.5427644601744324], [-0.31051083237116905, -0.303066858887807, -0.6320627625745798]]	[[0.02389034249675942, 0.019095829259341696, -0.021024556280246028], [-0.06563145184711487, -0.05662058406398536, 0.09901727405286984], [0.05392018918804676, -0.048522820851304424, 8.195416939207962e-18]]	0.3769702203102506	[[0.564643669675903, -0.5646436696759028, 0.0], [-0.5, -0.5000000000000001, 0.7071067811865475], [-0.3992633677818878, -0.3992633677818879, -0.564643669675903]]
6	[[0.04673222253661188, -0.9725397674033924, -0.22799671093185395], [-0.8377629715199755, -0.16246744520517667, 0.5213036857710898], [-0.5440306084466285, 0.16664552219444034, -0.8223502702654952]]	0.6530392109350271	0.34696078906497285	[[0.030517973730549174, -0.6351066023080463, -0.14889079220271934], [-0.5470920698719883, -0.10609761221941838, 0.34043174761347367], [-0.35527331926448896, 0.10882606031971286, -0.5370269716063854]]	0.7594870808764501	0.39514329783985896	[[-0.009681326203610705, -0.8024038224872772, -0.12571704974207062], [-0.6874112069916047, -0.1472320939083349, 0.2721514091393481], [-0.27150204395558664, 0.0292998167812424, -0.5839924027506631]]	[[-0.045173845480810826, -0.06377243350581292, 0.04744350669299501], [-0.05114105328551808, -0.023840168212000495, -0.1237720054170711], [0.1416821747609823, -0.09726530441134477, 0.0405720034712376]]	0.3912655923186229	[[-0.11179610549440334, -0.6515954537045664, -0.3816957795994847], [-0.8535533905932738, -0.14644660940672602, 0.5], [-0.3816957795994847, 0.3816957795994848, -0.5397993482101632]]
6	[[0.8592155572171323, 0.2624339665249735, -0.4391776855101157], [-0.4266000482917053, 0.8413623931712975, -0.33184593135155627], [0.2824199444684594, 0.4724804086637203, 0.8348660002631537]]	0.689620946634372	0.31037905336562815	[[0.5925330459310582, 0.18097996042396533, -0.3028661312221785], [-0.2941923291371946, 0.5802211300413507, -0.22884790531542504], [0.19476270945276572, 0.3258323866888697, 0.5757410814143278]]	0.780424564968865	0.28560818972668384	[[0.6792095896780544, 0.16399722655864343, -0.273270042728893], [-0.3384706605468009, 0.7411342086462134, -0.406805275040723], [0.2039118356246002, 0.3730818013330514, 0.64794296079716]]	[[0.008656662222393205, -0.04081268759966271, 0.06947501142937207], [-0.005541503443049961, 0.08451432897434048, -0.14782455842899683], [-0.016495626675728278, 0.004346483945355922, -0.0036069742655081365]]	0.47804422171411154	[[0.6815852026198395, -0.11694153294393643, -0.3992633677818878], [-0.14644660940672619, 0.8535533905932737, -0.5], [0.3992633677818878, 0.3992633677818879, 0.564643669675903]]
6	[[-0.3195682178843842, -0.5708200961323295, -0.7563336379995778], [0.910087742671785, 0.03735879733279218, -0.41272826520656647], [0.2638493031197415, -0.8202248094963509, 0.507557688474819]]	0.6681216499757258	0.3318783500242743	[[-0.21351044501271702, -0.3813772644672344, -0.5053228781524212], [0.6080493242565569, 0.02496022131509386, -0.27575268954143023], [0.17628343174530706, -0.5480099530717273, 0.3391102802816614]]	0.74340799125105	0.2856714806612282	[[-0.28754232488411197, -0.4391292005445522, -0.5378786034183771], [0.7594784941162206, 0.013972594507765092, -0.3418182941413321], [0.19089546152241965, -0.5746500265551718, 0.3837545650327523]]	[[-0.04997275795900409, -0.014776979513085865, 0.02438586712248775], [0.08291199347438646, -0.013800233972961082, -0.03499280357158798], [-0.005252218902816672, 0.03511165144678548, 0.006432123399660941]]	0.46914525330165374	[[-0.11179610549440334, -0.6515954537045664, -0.3816957795994847], [0.8535533905932738, 0.14644660940672602, -0.5], [0.3816957795994847, -0.3816957795994848, 0.5397993482101632]]
