6	[[-0.8305561570912853, 0.32773595720904825, 0.4502950280316503], [-0.5100865793185324, -0.772219296347621, -0.37879947194723407], [0.22358030216652452, -0.5443036842615101, 0.808545204538665]]	0.6679194698242897	0.33208053017571026	[[-0.5547446281037108, 0.21890122678142365, 0.3007608163874136], [-0.3406967576229198, -0.5157803030045891, -0.2530075424727174], [0.1493336368862196, -0.3635510282153555, 0.5400430843444369]]	0.7710027354289831	0.3835842984493218	[[-0.6080302421530138, 0.24138867952839124, 0.19739446485891463], [-0.5674794791901491, -0.6250964845177007, -0.30384634196508437], [0.17736446601014141, -0.27078341882650125, 0.5875578452958358]]	[[0.03233082689175144, -0.011296639978221112, -0.14978423350355835], [-0.17420133122994755, -0.029713294682640556, -0.011790912914712518], [0.004983441451712387, 0.14887621064319656, -0.035832719121461444]]	0.45443601231596564	[[-0.5676030115632476, 0.40135593849827866, 0.40135593849827855], [-0.7071067811865475, -0.5000000000000001, -0.5], [0.0, -0.5676030115632474, 0.5676030115632476]]
6	[[0.08740825448676931, -0.06334395238859675, -0.994156597696443], [0.7119981850616444, -0.6940087028176986, 0.10681996481098455], [-0.6967197295301035, -0.717174639895393, -0.015561310176609944]]	0.7674637525961902	0.2325362474038099	[[0.06708266699629875, -0.04861418740442687, -0.7629791531363732], [0.5464327989490861, -0.532626523398885, 0.08198045104603119], [-0.5347071381329759, -0.5504055404009398, -0.011942741503454351]]	0.9060891733571643	0.15853892004291148	[[0.05406162251243681, -0.054061622512436826, -0.839711962585256], [0.6821874176685978, -0.6704913572991147, 0.09114992642817758], [-0.6076278351426445, -0.6176502889338563, 0.0]]	[[-0.02513805054007263, 0.0033336469445223644, 0.06108256720908512], [0.037053570734291295, -0.041657585460348215, -0.005638487185448777], [0.023662368648914158, 0.032173887681682244, 0.014099934674278933]]	0.18360068407352223	[[0.0, 0.0, -0.8764674930000002], [0.7071067811865475, -0.7071067811865476, 0.0], [-0.619756107789873, -0.6197561077898729, 0.0]]
6	[[0.22433838825039393, -0.7661379269479729, -0.6022499185961573], [-0.9416906372873723, -0.011392912655017143, -0.3362869982418849], [0.2507808429735371, 0.642575192824231, -0.724020780340167]]	0.6590353397440168	0.34096466025598304	[[0.14784692591822357, -0.5049119689769341, -0.3969039797128251], [-0.6206074090784433, -0.007508332062273193, -0.2216250161378363], [0.165273438050356, 0.42347976051399433, -0.47715528095321025]]	0.7538790618385839	0.4174255554868975	[[0.2031356077335764, -0.5103658377990256, -0.3671412256487888], [-0.8189665184761374, 0.05342811888800682, -0.20316413297935723], [0.17040988769303872, 0.3671412256487888, -0.4240974738301352]]	[[0.03401159406498935, 0.06720950380746986, 0.08688237797484569], [-0.10904566429575493, 0.06201699719198009, 0.050355593763748485], [-0.018648538934940666, -0.1172827578782897, 0.12172663280434935]]	0.39427063392286577	[[0.11249959210983887, -0.6556956741758667, -0.3840976331428526], [-0.8535533905932738, 0.14644660940672602, -0.5], [0.3840976331428526, 0.3840976331428527, -0.543196082066028]]
6	[[-0.30792515101507295, 0.09349718223056193, 0.9468053539599837], [0.3027085282091916, -0.9338174967034747, 0.1906631317268273], [0.9019698710720718, 0.34531602882779927, 0.2592434992682147]]	0.7203602588301922	0.279639741169808	[[-0.22181704148554396, 0.06735165439150126, 0.6820409498404254], [0.21805919373087979, -0.6726850136254772, 0.13734614292011232], [0.6497432497825126, 0.2487519439046075, 0.18674871423289588]]	0.8311258310783725	0.2800435987843503	[[-0.23621161231652138, 0.07344583267043293, 0.7282226605818756], [0.24688579911764655, -0.8486490826099589, 0.11850763832300074], [0.6663539808977934, 0.253232298241739, 0.16276577964608846]]	[[0.019712934730814497, -0.004262090614428893, -0.05869172609756839], [-0.004703077964728719, -0.07252923958675828, -0.03995741548946383], [-0.0832964778046347, -0.033768773202448914, -0.05269818913487192]]	0.4307781079471473	[[-0.3840976331428526, -0.11249959210983874, 0.6556956741758667], [0.5, -0.8535533905932737, 0.14644660940672619], [0.543196082066028, 0.3840976331428527, 0.3840976331428526]]
6	[[0.034229894132735264, 0.2773841392786001, 0.9601491309293217], [-0.1827544195208179, -0.9427759796974285, 0.2788803941677556], [0.9825625356654255, -0.18501754344446375, 0.018422055382213542]]	0.8423857820157158	0.15761421798428435	[[0.02883477613731937, 0.23366445508495973, 0.8088159765096066], [-0.15394972460487238, -0.794181080923051, 0.2349248789298559], [0.827696709985864, -0.15585614802109127, 0.015518477529482783]]	0.9043820710973662	0.14530982719982663	[[0.009099726353857814, 0.22874289616442262, 0.8360108554360677], [-0.16589626429594567, -0.8258630972198349, 0.2545074081055737], [0.8679947027791043, -0.15529628820164454, 0.0]]	[[-0.021857176195348882, -0.022118346205918044, -0.03233080415612868], [-0.0006164438675114545, 0.02676659587977383, 0.002292979639689066], [-0.020617238208673044, 0.012030260928006539, -0.01666057660043666]]	0.3569170353866672	[[0.0, 0.0, 0.9570000000000001], [0.0, -1.0, 0.0], [0.9570000000000001, 0.0, 0.0]]
6	[[-0.5446221603179724, 0.8109226453022452, -0.2139887049042392], [-0.8354447797583356, -0.5021691245819775, 0.22328947644507607], [0.07361197229480154, 0.30038414347728, 0.9509735242804028]]	0.7149541759636325	0.2850458240363675	[[-0.3893798878416694, 0.5797725316423157, -0.15299211818033526], [-0.5973047340752392, -0.35902791265988643, 0.15964174363314027], [0.05262918699308758, 0.21476089777234028, 0.6799024924151267]]	0.8129910302966386	0.22085809496643913	[[-0.4532511490976092, 0.6487946190368281, -0.10135321134751031], [-0.7555229505110518, -0.4329995792390146, 0.19458586439682643], [0.05438997976370635, 0.17630061500407646, 0.7836111631478698]]	[[-0.01047821785831985, -0.010478217858319849, 0.07261768632443048], [-0.07631383825937421, -0.024740585261951692, 0.013053522887347024], [-0.005455893434411946, -0.06790899928629067, 0.01047821785831985]]	0.40693874181841555	[[-0.6476030384429186, 0.6476030384429184, 0.0], [-0.7071067811865475, -0.7071067811865476, 0.0], [0.0, 0.0, 0.9158490000000001]]
6	[[0.3802729664721569, 0.7767473726770865, -0.5020517802076895], [0.4287143634067757, 0.332951791095048, 0.839849450446521], [0.8195098935212374, -0.5346088512602871, -0.20639019011321075]]	0.6757525939759018	0.32424740602409824	[[0.2569704435124712, 0.5248890519505078, -0.3392627927855656], [0.28970484314685613, 0.22499303650140123, 0.5675304446884722], [0.5537859363358915, -0.3612633180016161, -0.13946870634018171]]	0.8163729006164574	0.2921908278988381	[[0.34720124158996185, 0.5364576334364789, -0.41713492727416096], [0.40797391613767825, 0.2953312412855215, 0.7143562893952656], [0.607051784404987, -0.4177953925584698, -0.07294773849259445]]	[[0.03675669692506227, -0.09765787224212662, -0.0072734592063533575], [0.05798312774735077, 0.023518421823812447, 0.02872595745310149], [-0.061973884452829864, 0.018644786040123006, 0.09554361966890954]]	0.4017188753688713	[[0.41938969540050003, 0.41938969540050014, -0.5931065951549086], [0.5, 0.5000000000000001, 0.7071067811865475], [0.5931065951549086, -0.5931065951549085, 0.0]]
6	[[0.8592155572171323, 0.2624339665249735, -0.4391776855101157], [-0.4266000482917053, 0.8413623931712975, -0.33184593135155627], [0.2824199444684594, 0.4724804086637203, 0.8348660002631537]]	0.69439519523368	0.30560480476631996	[[0.5966351546016058, 0.18223288542105803, -0.3049628746720725], [-0.296229023820216, 0.5842380032684595, -0.2304322202883663], [0.19611105247706095, 0.32808812561813305, 0.5797269392466942]]	0.7828676258561758	0.2823004043265639	[[0.6814333600598812, 0.16394790549571123, -0.2755358634743851], [-0.33905928500033533, 0.7416446132858339, -0.4061309718851841], [0.20598258816935355, 0.37388856844333845, 0.650411134832561]]	[[0.008781316682613671, -0.041503150821713956, 0.06828212850992947], [-0.005087918004078076, 0.08296923405914985, -0.14633953545795975], [-0.015114843251102253, 0.003998952649216012, -0.00317842870149558]]	0.47618850092112847	[[0.6851574442799024, -0.11755443271665489, -0.40135593849827855], [-0.14644660940672619, 0.8535533905932737, -0.5], [0.40135593849827855, 0.40135593849827866, 0.5676030115632476]]
6	[[0.8787972042104137, -0.3840163418041313, 0.28327887866788265], [-0.395223040501579, -0.9183905790867732, -0.018907472103605397], [0.2674214316928388, -0.09534250611366366, -0.9588511794847616]]	0.6894906712210029	0.3105093287789973	[[0.6059224741981788, -0.2647756852703646, 0.19531814419545143], [-0.2725025994774393, -0.6332217368175848, -0.01303652563180726], [0.18438458243677697, -0.06573776853620253, -0.6611189433439985]]	0.8284827981033014	0.2808276564230368	[[0.6559274717142095, -0.26843196679348796, 0.1694440839354157], [-0.31782605895505767, -0.8545157998733401, -0.03340387010172609], [0.16006268047242644, -0.05324161250323844, -0.7544436384160915]]	[[-0.07214089499539246, 0.04971896658179263, -0.0652475941069173], [0.009609431514584965, -0.09364500315981888, -0.017739354708270982], [-0.0614913755292475, 0.025748013739990742, 0.03994806972809465]]	0.4873223112877496	[[0.6476030384429186, -0.6476030384429184, 0.0], [-0.7071067811865475, -0.7071067811865476, 0.0], [0.0, 0.0, -0.9158490000000001]]
6	[[0.8489524140446696, -0.5135124485683378, 0.12483895166604869], [0.522794976890395, 0.7815435453534784, -0.34040431673891397], [0.0772347773085365, 0.35425224329800037, 0.9319550081910795]]	0.759753089258185	0.24024691074181526	[[0.6449942192036315, -0.3901426691723294, 0.09484677918803373], [0.397195098741139, 0.5937801229720994, -0.25862323123921155], [0.05867936065832857, 0.26914423622229794, 0.7080556965228098]]	0.8818101743270635	0.1975045718850574	[[0.7151490414573971, -0.45656177140241705, 0.05412326196216345], [0.5051961708593862, 0.6690021008566074, -0.29390344636959387], [0.023038433011564503, 0.2665767598939396, 0.7991767233516442]]	[[-0.033465834766714275, -0.0037412696112539053, -0.05596099576928282], [0.04419024115035376, -0.020170949115734773, 0.006268543515632776], [-0.045067979430988, -0.04580647252442353, -0.022630684886311557]]	0.4410264213394245	[[0.676701189595526, -0.6767011895955259, 0.0], [0.7071067811865475, 0.7071067811865476, 0.0], [0.0, 0.0, 0.9570000000000001]]
6	[[0.5319609947059123, -0.8460851799387872, 0.03402011756955908], [-0.703274286200726, -0.4190807785627857, 0.5742617690636116], [-0.47161719485230363, -0.3294103357928521, -0.8179645788128509]]	0.6957236912945898	0.30427630870541034	[[0.370097866861539, -0.5886415045366601, 0.023668601773769574], [-0.4892845823881369, -0.29156442621231193, 0.39952751774229717], [-0.3281152556806445, -0.2291785747683934, -0.5690773361199011]]	0.775829304171267	0.2702381481846051	[[0.4375883050990692, -0.6373342639696536, 0.005221042666021981], [-0.6086794804904514, -0.38078060179172435, 0.543612522452792], [-0.31255861112135913, -0.3051749417733423, -0.6346008900171176]]	[[0.02487737673012617, 0.01908341245187684, -0.02117276147579373], [-0.06305868038579762, -0.05564545296780542, 0.09808341374800933], [0.05333582899610856, -0.049608750168350424, 8.28775986699596e-18]]	0.37450512933733	[[0.5676030115632476, -0.5676030115632474, 0.0], [-0.5, -0.5000000000000001, 0.7071067811865475], [-0.40135593849827855, -0.40135593849827866, -0.5676030115632476]]
6	[[-0.3195682178843842, -0.5708200961323295, -0.7563336379995778], [0.910087742671785, 0.03735879733279218, -0.41272826520656647], [0.2638493031197415, -0.8202248094963509, 0.507557688474819]]	0.6724849905120258	0.32751500948797413	[[-0.21490482997192512, -0.38386794693162335, -0.5086230193740721], [0.6120203469957464, 0.025123230469883438, -0.2775535635114827], [0.17743469610508397, -0.5515888732318818, 0.3413249273182944]]	0.7464878028659361	0.2822472694910458	[[-0.2883817817557754, -0.44095090739819626, -0.540612818734197], [0.7600164566862189, 0.013493804634519678, -0.3406749731818169], [0.19113561926867959, -0.5774248272055247, 0.3862892079368452]]	[[-0.04982800492147875, -0.014840668004651197, 0.023981016929708006], [0.08064705724393872, -0.014394081904150176, -0.03257835730709785], [-0.005824667304884609, 0.03486298869153729, 0.007403584239564338]]	0.4675474807088389	[[-0.11249959210983887, -0.6556956741758667, -0.3840976331428526], [0.8535533905932738, 0.14644660940672602, -0.5], [0.3840976331428526, -0.3840976331428527, 0.543196082066028]]
6	[[-0.42203838922340475, -0.825029846081567, 0.3757783270710803], [0.2588054115689476, 0.28760896992378115, 0.9221175843470338], [-0.8688517462515349, 0.4864224845687207, 0.09214016247897017]]	0.6662090579542701	0.33379094204572995	[[-0.281165797705062, -0.5496423565421572, 0.25034692527765595], [0.17241850943481568, 0.19160770091212026, 0.6143230871909047], [-0.5788369033721577, 0.3240590652123029, 0.06138461084486809]]	0.8167779928333524	0.30286937546562626	[[-0.26230741695188425, -0.576471973849116, 0.3129939023833769], [0.26385973865425366, 0.2354402710617821, 0.8285815730446319], [-0.6711594833532087, 0.3471210428503068, 0.02383766371410216]]	[[0.08240425149662942, 0.09739424786099582, 0.006066434647984916], [0.05247317405855898, 0.0005275938865680774, 0.07541622334532207], [0.03849950201987312, -0.050178137764745216, -0.05142039325481006]]	0.5207309066233763	[[-0.41938969540050003, -0.41938969540050014, 0.5931065951549086], [0.5, 0.5000000000000001, 0.7071067811865475], [-0.5931065951549086, 0.5931065951549085, 0.0]]
6	[[0.04673222253661188, -0.9725397674033924, -0.22799671093185395], [-0.8377629715199755, -0.16246744520517667, 0.5213036857710898], [-0.5440306084466285, 0.16664552219444034, -0.8223502702654952]]	0.6572981021798457	0.3427018978201542	[[0.03071700118396125, -0.6392485434086784, -0.1498618053987545], [-0.550660011256628, -0.10678954339937075, 0.34265192331669597], [-0.3575902864597157, 0.10953578547517498, -0.5405292719725933]]	0.760922024041588	0.3931022588022749	[[-0.0098696792526428, -0.804368920694163, -0.12634901740345886], [-0.6875606631479552, -0.14782692255095986, 0.2724854394651467], [-0.2723934110045396, 0.03046769695380816, -0.5854502616566599]]	[[-0.04542925661316352, -0.06434199242063865, 0.047138701353632316], [-0.050088367191880104, -0.024201865304570958, -0.12418601625213097], [0.14157146071524565, -0.09633655109185275, 0.040294170464907866]]	0.38914927244437725	[[-0.11249959210983887, -0.6556956741758667, -0.3840976331428526], [-0.8535533905932738, -0.14644660940672602, 0.5], [-0.3840976331428526, 0.3840976331428527, -0.543196082066028]]
