6	[[0.034229894132735264, 0.2773841392786001, 0.9601491309293217], [-0.1827544195208179, -0.9427759796974285, 0.2788803941677556], [0.9825625356654255, -0.18501754344446375, 0.018422055382213542]]	0.7417860024295605	0.2582139975704396	[[0.025391256332308758, 0.2057596718128372, 0.7122251855682783], [-0.1355646702826823, -0.699338025166368, 0.2068695727456795], [0.7288511354683084, -0.1372434239310063, 0.013665222818508153]]	0.8634135776799203	0.210118237891838	[[0.00923289477245229, 0.20827287141270617, 0.7717101769328395], [-0.16884759392844192, -0.8232275132445367, 0.25791894105101604], [0.8004941582647492, -0.14260658353682906, 0.0]]	[[-0.02032166058429758, -0.031224360673495252, -0.05729561930911242], [-0.01105494673315549, -0.009221931663287913, 0.017129822177847844], [-0.0478636759483902, 0.017140075582105473, -0.01590585274577463]]	0.3789143391714987	[[0.0, 0.0, 0.9096], [0.0, -1.0, 0.0], [0.9096, 0.0, 0.0]]
6	[[0.3802729664721569, 0.7767473726770865, -0.5020517802076895], [0.4287143634067757, 0.332951791095048, 0.839849450446521], [0.8195098935212374, -0.5346088512602871, -0.20639019011321075]]	0.5345847641563155	0.4654152358436847	[[0.20328813409654053, 0.41523731103161804, -0.2683892325165861], [0.2291841668522361, 0.1779909547179691, 0.4489707203937646], [0.4380975031518179, -0.28579374666685936, -0.1103330511058479]]	0.7359652128974555	0.41033408104826014	[[0.29009905240461287, 0.4123475252077957, -0.34172904618360417], [0.4170863912067107, 0.31545048818297533, 0.7023854399746442], [0.5170402779501173, -0.37270228701075164, -0.03755972733143513]]	[[0.010231377675784971, -0.15931152029203546, 0.027763599122494653], [0.10156753346984582, 0.0704095523651192, 0.08428546037495935], [-0.08609049530681114, 0.020751230023889736, 0.11433627287518039]]	0.47707616273109615	[[0.3422723455715327, 0.34227234557153274, -0.4840461931325124], [0.5, 0.5000000000000001, 0.7071067811865475], [0.4840461931325124, -0.48404619313251235, 0.0]]
6	[[-0.42203838922340475, -0.825029846081567, 0.3757783270710803], [0.2588054115689476, 0.28760896992378115, 0.9221175843470338], [-0.8688517462515349, 0.4864224845687207, 0.09214016247897017]]	0.5203086275935818	0.47969137240641835	[[-0.21959021508863566, -0.4292701469384442, 0.1955207056377659], [0.13465868850723123, 0.1496454284246464, 0.4797857347915141], [-0.452071059674423, 0.25308981537661135, 0.04794132148568261]]	0.7292639516563503	0.42552920729348964	[[-0.2123272070635756, -0.4742662816527866, 0.25823799951546583], [0.269733084041213, 0.2356105288687004, 0.8278599924541004], [-0.5474337690298616, 0.2775113933297969, 0.022764622560312177]]	[[0.0954501764121653, 0.12739824413508727, -0.015803588231202557], [0.08099562689039419, 0.025867674930271412, 0.15539287900137455], [0.08618848884505323, -0.0772189899412884, -0.044429876435359776]]	0.5883324808163648	[[-0.3422723455715327, -0.34227234557153274, 0.4840461931325124], [0.5, 0.5000000000000001, 0.7071067811865475], [-0.4840461931325124, 0.48404619313251235, 0.0]]
6	[[0.22433838825039393, -0.7661379269479729, -0.6022499185961573], [-0.9416906372873723, -0.011392912655017143, -0.3362869982418849], [0.2507808429735371, 0.642575192824231, -0.724020780340167]]	0.4771685614706562	0.5228314385293438	[[0.10704722600408606, -0.36557693248987494, -0.2873747273023482], [-0.44934516674480096, -0.005436339742555377, -0.1604655831923653], [0.11966473408608122, 0.30661668039666795, -0.3454799542297795]]	0.6811021626908473	0.5096518768603923	[[0.1717114850049502, -0.41491316001592826, -0.3190045532448321], [-0.8210348473929401, 0.051015945174517324, -0.20009664899562724], [0.1369750987854741, 0.31900455324483207, -0.349063287134729]]	[[0.018914123593028, 0.10690503894781855, 0.09118916879139743], [-0.17964731775078835, 0.05877568262319731, 0.028949152791733736], [-0.033832275725235825, -0.11865480027923993, 0.14406883218807376]]	0.5346293030836786	[[0.0829434376878736, -0.4834297820396974, -0.2831866098637854], [-0.8535533905932738, 0.14644660940672602, -0.5], [0.2831866098637854, 0.28318660986378547, -0.40048634435182395]]
6	[[-0.5446221603179724, 0.8109226453022452, -0.2139887049042392], [-0.8354447797583356, -0.5021691245819775, 0.22328947644507607], [0.07361197229480154, 0.30038414347728, 0.9509735242804028]]	0.5780407959637761	0.4219592040362239	[[-0.31481382704971206, 0.46874637135556074, -0.12369420131010403], [-0.4829211654752899, -0.290274240481799, 0.1290704266946466], [0.04255072305775052, 0.17363428939050407, 0.5497014929155216]]	0.7551070981703036	0.3453964433329172	[[-0.42817266588049435, 0.5794507700550843, -0.07980226850531216], [-0.7305846443626753, -0.388718528320483, 0.10840286926127063], [0.06732383676209813, 0.08668504040069264, 0.6923327960039177]]	[[-0.016924606803548344, -0.032882675479680476, 0.08178212149614936], [-0.09973436103783019, -0.009527057866664254, -0.06020459934913715], [0.011738913971977766, -0.1401371585168084, -0.025754062352244176]]	0.44420316241677743	[[-0.5850404649009612, 0.5850404649009611, 0.0], [-0.7071067811865475, -0.7071067811865476, 0.0], [0.0, 0.0, 0.8273721599999999]]
6	[[-0.8305561570912853, 0.32773595720904825, 0.4502950280316503], [-0.5100865793185324, -0.772219296347621, -0.37879947194723407], [0.22358030216652452, -0.5443036842615101, 0.808545204538665]]	0.5155584389307926	0.48444156106920744	[[-0.4282002357943412, 0.1689670384801859, 0.23215340171029508], [-0.2629794405530105, -0.39812417493721464, -0.19529326442492442], [0.11526871156064833, -0.28062035776214317, 0.41685230345693247]]	0.7127289564178332	0.43753844670380193	[[-0.4946616945120825, 0.1672125593565705, 0.24425651682274652], [-0.43805031341722056, -0.6703388869505033, -0.26513012901152055], [0.1409895695818743, -0.3410675761168636, 0.46246379629924794]]	[[0.09729972857799517, -0.06637434740563404, -0.07668178858639053], [-0.07449683805678067, -0.11995583373894983, 0.004851223321057793], [-0.01836258585685652, 0.04687342074122425, -0.1138097835482381]]	0.5633056406867646	[[-0.4402884172733333, 0.3113309255318662, 0.31133092553186614], [-0.7071067811865475, -0.5000000000000001, -0.5], [0.0, -0.44028841727333323, 0.4402884172733333]]
6	[[0.8787972042104137, -0.3840163418041313, 0.28327887866788265], [-0.395223040501579, -0.9183905790867732, -0.018907472103605397], [0.2674214316928388, -0.09534250611366366, -0.9588511794847616]]	0.5749781847915028	0.4250218152084972	[[0.5052892212767512, -0.22080101914081268, 0.16287917544623148], [-0.2272446264153765, -0.5280545480929302, -0.010871383989127018], [0.1537614893690933, -0.054819861098707096, -0.5513185106653398]]	0.7880043408869404	0.37151850318765106	[[0.5477709301571237, -0.2311502832562235, 0.22303553957417183], [-0.34554327351648395, -0.8466644380743868, -0.02464151967843103], [0.20036041166511873, -0.0751303086886066, -0.6350716475331891]]	[[-0.14472508151998933, 0.07145626105695504, -0.0001894464977046026], [-0.034105801982704645, -0.12296867512433865, -0.009742349585591246], [-0.010368837355038595, 0.0, 0.12050724416536578]]	0.5146186315571534	[[0.9096, 0.0, 0.0], [0.0, -1.0, 0.0], [0.0, 0.0, -0.9096]]
6	[[0.8489524140446696, -0.5135124485683378, 0.12483895166604869], [0.522794976890395, 0.7815435453534784, -0.34040431673891397], [0.0772347773085365, 0.35425224329800037, 0.9319550081910795]]	0.6620752074713608	0.33792479252863933	[[0.562070345661937, -0.3399838609250087, 0.08265277482480635], [0.3461295927896936, 0.5174406049378069, -0.2253732586290633], [0.051135231210553654, 0.23454162747871854, 0.6170243054020825]]	0.8157748462269957	0.2776910288594921	[[0.644058660902807, -0.3984897399343369, 0.051246112541165734], [0.4765331168944093, 0.6251795020580975, -0.26450905443546846], [0.025420170977574708, 0.2248895618066342, 0.7117728729695606]]	[[-0.0484953641185202, 0.02042079883214684, -0.05059436405734447], [0.05005012501340155, -0.012384063472337418, 0.013184224707224674], [-0.03758601760467293, -0.06410050749536034, -0.048492580527995835]]	0.4585743955677918	[[0.6431843281672837, -0.6431843281672835, 0.0], [0.7071067811865475, 0.7071067811865476, 0.0], [0.0, 0.0, 0.9096]]
6	[[0.8592155572171323, 0.2624339665249735, -0.4391776855101157], [-0.4266000482917053, 0.8413623931712975, -0.33184593135155627], [0.2824199444684594, 0.4724804086637203, 0.8348660002631537]]	0.5255301315828204	0.47446986841717964	[[0.4515436648423259, 0.13791695695967082, -0.23080110685436964], [-0.2241911795119774, 0.44216128919214864, -0.17439503596840697], [0.14842019057812234, 0.24830269133534968, 0.4387472389723181]]	0.7331016420035168	0.4683855820014112	[[0.4499290488881482, 0.17943178962286924, -0.2829834736415318], [-0.3503512952204964, 0.7496058131535348, -0.2541537466036229], [0.23526204905208703, 0.3064801567784569, 0.4450253167243921]]	[[-0.1799632869426981, -0.01295898215408481, 0.038978408737238165], [-0.03761009933906771, 0.13280166119964815, -0.010876949437610656], [0.02821952402771741, -0.039896006627409164, -0.1670163189214344]]	0.5713108883836076	[[0.5314751341685329, -0.09118671689519955, -0.31133092553186614], [-0.14644660940672619, 0.8535533905932737, -0.5], [0.31133092553186614, 0.3113309255318662, 0.4402884172733333]]
6	[[0.5319609947059123, -0.8460851799387872, 0.03402011756955908], [-0.703274286200726, -0.4190807785627857, 0.5742617690636116], [-0.47161719485230363, -0.3294103357928521, -0.8179645788128509]]	0.5536229105528613	0.4463770894471386	[[0.2945057941896825, -0.46841213989335273, 0.018834316506209835], [-0.3893487572434318, -0.23201272038468868, 0.31792447200823176], [-0.2610980840809083, -0.18236910886783414, -0.4528439308515159]]	0.7004994750161102	0.4911788082638238	[[0.42262168721064686, -0.5384020666230017, 0.08157911868710749], [-0.530735793574489, -0.3399229715146812, 0.3284635014619668], [-0.24009755444936792, -0.1117994881468585, -0.4858778336594383]]	[[0.04998328969010756, 0.054280157743029855, 0.05774804418964502], [-0.038092525298550915, -0.04635710614210712, -0.07380656628891588], [0.09027004295324129, 0.118952279140915, 0.0871059243807375]]	0.49471851040362824	[[0.4402884172733333, -0.44028841727333323, 0.0], [-0.5, -0.5000000000000001, 0.7071067811865475], [-0.31133092553186614, -0.3113309255318662, -0.4402884172733333]]
6	[[-0.3195682178843842, -0.5708200961323295, -0.7563336379995778], [0.910087742671785, 0.03735879733279218, -0.41272826520656647], [0.2638493031197415, -0.8202248094963509, 0.507557688474819]]	0.49474630654646445	0.5052536934535354	[[-0.1581051954879349, -0.28241113426396786, -0.37419327391714186], [0.4502625493200748, 0.01848312699741686, -0.20419578481827844], [0.13053846820335063, -0.405803195036097, 0.2511122917321777]]	0.6747952676037667	0.5136460422285091	[[-0.23278469338088648, -0.36472048158968456, -0.36708720745055956], [0.7781557019268519, 0.01140600045655668, -0.22656881815468755], [0.15509648164635004, -0.36708720745055956, 0.3060465770545603]]	[[-0.017141572275934602, 0.020466217933538575, 0.14328315220109586], [0.1640328000677365, -0.013803539186979796, 0.051938262013015886], [-0.022947779459403295, 0.1863966123687792, -0.03645094916415442]]	0.5647017019143884	[[-0.0829434376878736, -0.4834297820396974, -0.2831866098637854], [0.8535533905932738, 0.14644660940672602, -0.5], [0.2831866098637854, -0.28318660986378547, 0.40048634435182395]]
6	[[-0.30792515101507295, 0.09349718223056193, 0.9468053539599837], [0.3027085282091916, -0.9338174967034747, 0.1906631317268273], [0.9019698710720718, 0.34531602882779927, 0.2592434992682147]]	0.5879160524053713	0.4120839475946288	[[-0.18103413922110947, 0.05496849428801759, 0.556642066096424], [0.17796720293418788, -0.5490062963289727, 0.11209391574408159], [0.5302825659892741, 0.20301683650073915, 0.15241341470152356]]	0.791031816474864	0.3127550503124943	[[-0.17481066624417405, 0.06893629836892887, 0.7148664310147173], [0.2610995988587637, -0.8381908276054997, 0.12954229965240474], [0.6567775137558497, 0.2377296999630638, 0.10587436787524519]]	[[0.06876792530157587, -0.005022947526193901, -0.0340867279763751], [0.021647521927014312, -0.09951147693213987, -0.02127830377225374], [-0.05670935176388993, -0.03542626557847666, -0.09919548826019078]]	0.48523587101143156	[[0.0, 0.0, 0.9096], [0.0, -1.0, 0.0], [0.9096, 0.0, 0.0]]
6	[[0.04673222253661188, -0.9725397674033924, -0.22799671093185395], [-0.8377629715199755, -0.16246744520517667, 0.5213036857710898], [-0.5440306084466285, 0.16664552219444034, -0.8223502702654952]]	0.5208584526676814	0.47914154733231856	[[0.024340873120141427, -0.5065555584075179, -0.11875401406928611], [-0.43635592504817333, -0.08462254211843967, 0.271525431140689], [-0.28336294091936826, 0.08679872883419396, -0.4283280893213354]]	0.6922165134114867	0.4779914967813144	[[0.000718731544912584, -0.6907484158508829, -0.10500161384100444], [-0.6701921326405585, -0.14802219135348668, 0.28018007293910263], [-0.23789052673270017, 0.013654990057477157, -0.4989915159015208]]	[[-0.03163008460335069, -0.017540328904888172, 0.052821474469530144], [-0.09027876942975444, -0.03555954289068737, -0.0806749468539184], [0.1386964442353548, -0.10169979229159484, 0.07025292098465402]]	0.5103519251222491	[[-0.0829434376878736, -0.4834297820396974, -0.2831866098637854], [-0.8535533905932738, -0.14644660940672602, 0.5], [-0.2831866098637854, 0.28318660986378547, -0.40048634435182395]]
6	[[0.08740825448676931, -0.06334395238859675, -0.994156597696443], [0.7119981850616444, -0.6940087028176986, 0.10681996481098455], [-0.6967197295301035, -0.717174639895393, -0.015561310176609944]]	0.6037866920584934	0.39621330794150666	[[0.05277594083517341, -0.03824623547462153, -0.6002585235112621], [0.42989502891002135, -0.4190332189341041, 0.06449647319902904], [-0.42067010078486955, -0.4330205034506805, -0.009395711995631486]]	0.8331347933100547	0.28181430750835834	[[0.04691080237899637, -0.04691080237899638, -0.7157736062103329], [0.6787213582644327, -0.6640258970004745, 0.09691389591438039], [-0.5144999846284483, -0.5255594613128602, 0.0]]	[[-0.025912055656430837, 0.005863248301719119, 0.1124928453293204], [0.08553089751596549, -0.08582309982307211, 0.007918466610193462], [0.06596146322865178, 0.07194368406360106, 0.012964668937623578]]	0.28365367040493483	[[0.0, 0.0, -0.7525777167359999], [0.7071067811865475, -0.7071067811865476, 0.0], [-0.5321528068739143, -0.5321528068739142, 0.0]]
