6	[[0.22433838825039393, -0.7661379269479729, -0.6022499185961573], [-0.9416906372873723, -0.011392912655017143, -0.3362869982418849], [0.2507808429735371, 0.642575192824231, -0.724020780340167]]	0.9057827217485196	0.0942172782514804	[[0.20320183590211796, -0.6939544967057034, -0.5455075704388517], [-0.8529671084872542, -0.010319503433304626, -0.3046029525561742], [0.2271529545109585, 0.5820335070844118, -0.6558055130190036]]	0.9117282509279553	0.08626634218500621	[[0.19419618332611785, -0.7146459799049121, -0.5466871000352455], [-0.8686231825512479, -0.006332832552857718, -0.3233118688395491], [0.24175200852793938, 0.5761416873676156, -0.6704496627044444]]	[[-0.010339463009410431, -0.016136387799067044, 0.002401164867932572], [-0.010057224902000388, 0.004054407775076061, -0.016709512122662924], [0.013108029197438196, -0.009712269275714155, -0.010339463009410431]]	0.2987329727279036	[[0.14142359536879384, -0.8242771193266069, -0.48285035734770015], [-0.8535533905932738, 0.14644660940672602, -0.5], [0.48285035734770015, 0.48285035734770027, -0.6828535239578132]]
6	[[0.08740825448676931, -0.06334395238859675, -0.994156597696443], [0.7119981850616444, -0.6940087028176986, 0.10681996481098455], [-0.6967197295301035, -0.717174639895393, -0.015561310176609944]]	0.931797120369802	0.06820287963019801	[[0.08144675982732245, -0.05902371242853628, -0.9263522549301855], [0.6634378585489658, -0.646675310797113, 0.099534535608879], [-0.6492014376809778, -0.668261264256777, -0.014499984011746441]]	0.9639870734583431	0.058625060167437563	[[0.06594560703032125, -0.058618950913418365, -0.9402324924114248], [0.6808932349326577, -0.6727388645583319, 0.0901538874030385], [-0.679828809237635, -0.6981570941899266, -0.005180728223683942]]	[[-0.018314820408481598, 0.0024438003709496385, 0.01812161676127258], [-0.005463811792568632, -0.003723446174477711, -0.01281917786202568], [-0.00819999614722208, -0.006810011918625358, 0.009820173632643814]]	0.11731573163353164	[[0.0, 0.0, -0.9827007248879999], [0.7071067811865475, -0.7071067811865476, 0.0], [-0.6948743464452406, -0.6948743464452405, 0.0]]
6	[[-0.42203838922340475, -0.825029846081567, 0.3757783270710803], [0.2588054115689476, 0.28760896992378115, 0.9221175843470338], [-0.8688517462515349, 0.4864224845687207, 0.09214016247897017]]	0.846846126676605	0.15315387332339522	[[-0.35740157522267374, -0.6986733295467706, 0.31822642076915864], [0.21916836035010787, 0.24356054217740225, 0.7808917046446728], [-0.7357837359693168, 0.4119249969854317, 0.07802853970666894]]	0.8782799376657359	0.1982090078887526	[[-0.29800923301893767, -0.6795310812783257, 0.3526899156681522], [0.25616617940202235, 0.23291422944689644, 0.8294571152746871], [-0.7894336975698322, 0.39923540735369045, 0.02221329169409529]]	[[0.07265861716074183, 0.04507608051056437, 0.02265134999202928], [0.028862578661691958, -0.019686958729868646, 0.019579740773895425], [-0.02633864003126821, -0.027979702072538006, -0.058711564464445413]]	0.4809111063018187	[[-0.4885005303418246, -0.4885005303418247, 0.6908440752358582], [0.5, 0.5000000000000001, 0.7071067811865475], [-0.6908440752358582, 0.6908440752358581, 0.0]]
6	[[0.8489524140446696, -0.5135124485683378, 0.12483895166604869], [0.522794976890395, 0.7815435453534784, -0.34040431673891397], [0.0772347773085365, 0.35425224329800037, 0.9319550081910795]]	0.881721805036104	0.11827819496389602	[[0.7485398549012242, -0.45277512306018425, 0.11007322580180341], [0.4609597306876073, 0.6891039855233851, -0.3001419085971169], [0.06809958726004435, 0.3123519273988019, 0.8217250520346757]]	0.9206232840186475	0.13628468978655867	[[0.775697590304333, -0.48610511791348077, 0.06401411548608178], [0.5077445039011279, 0.6699030274973194, -0.2891800840131422], [0.023737976955182264, 0.3002911079328518, 0.8595745662091064]]	[[-0.005867769089029031, -0.013353601128040904, -0.05091553017016116], [0.02644727540783954, -0.04960415782957649, 0.02420405595716061], [-0.047366157371051536, -0.025841755663126117, 0.0015950860106095056]]	0.42878055050793507	[[0.7030055618556655, -0.7030055618556654, 0.0], [0.7071067811865475, 0.7071067811865476, 0.0], [0.0, 0.0, 0.9942]]
6	[[-0.30792515101507295, 0.09349718223056193, 0.9468053539599837], [0.3027085282091916, -0.9338174967034747, 0.1906631317268273], [0.9019698710720718, 0.34531602882779927, 0.2592434992682147]]	0.8880257279099776	0.11197427209002248	[[-0.27344545637194995, 0.08302790330782658, 0.8407875136393784], [0.26881296110752534, -0.8292539622451763, 0.16931376633731177], [0.8009724513116452, 0.3066495178587892, 0.23021489714358612]]	0.8880257279099776	0.11197427209002245	[[-0.27344545637194995, 0.08302790330782656, 0.8407875136393784], [0.26881296110752534, -0.8292539622451762, 0.1693137663373118], [0.8009724513116454, 0.3066495178587892, 0.23021489714358617]]	[[0.0, 0.0, 0.0], [0.0, 0.0, 0.0], [0.0, 0.0, 0.0]]	0.36991471353448346	[[-0.48285035734770015, -0.14142359536879368, 0.824277119326607], [0.5, -0.8535533905932737, 0.14644660940672619], [0.6828535239578132, 0.48285035734770027, 0.48285035734770015]]
6	[[0.3802729664721569, 0.7767473726770865, -0.5020517802076895], [0.4287143634067757, 0.332951791095048, 0.839849450446521], [0.8195098935212374, -0.5346088512602871, -0.20639019011321075]]	0.8678768376025756	0.13212316239742453	[[0.3300300995676059, 0.674121053415099, -0.43571911131939284], [0.37207126594827394, 0.2889611475296836, 0.7288858851157878], [0.7112336547732349, -0.4639746391861237, -0.17912126550764773]]	0.8813890901056054	0.20327895251858968	[[0.34313800338531303, 0.6536731982387618, -0.4425029617431548], [0.4037915831712182, 0.30206769226347135, 0.721328951719054], [0.7010909579134457, -0.45475971689790845, -0.08963774087735253]]	[[0.007969559474659247, -0.03094346180701502, -9.539258651830053e-19], [0.025927420492916242, 0.00860761606117546, -0.018905191235697776], [-0.02121612146977936, 0.016438692076799016, 0.0922723209932532]]	0.3680103937733953	[[0.4885005303418246, 0.4885005303418247, -0.6908440752358582], [0.5, 0.5000000000000001, 0.7071067811865475], [0.6908440752358582, -0.6908440752358581, 0.0]]
6	[[0.034229894132735264, 0.2773841392786001, 0.9601491309293217], [-0.1827544195208179, -0.9427759796974285, 0.2788803941677556], [0.9825625356654255, -0.18501754344446375, 0.018422055382213542]]	0.8931773762236032	0.10682262377639683	[[0.030573367029888197, 0.24775323772690255, 0.8575834815468244], [-0.16323211292087178, -0.8420661759127863, 0.24908965874296018], [0.8776026275812553, -0.16525348400906265, 0.016454163090931388]]	0.9336684560645669	0.12251500620524654	[[0.011974986584769354, 0.24399788840196318, 0.8876518792920179], [-0.1632356842316058, -0.828015645101456, 0.2519712778804469], [0.9219156694798876, -0.16623798328474954, 0.0]]	[[-0.01998438582139516, -0.014986932655086204, -0.008809077374497641], [0.007396352481372407, 0.0522245482774017, -0.00841054916883939], [0.00452802381826377, 0.006507060847901857, -0.01720009200624727]]	0.3408162935576968	[[0.0, 0.0, 0.9942], [0.0, -1.0, 0.0], [0.9942, 0.0, 0.0]]
6	[[0.8592155572171323, 0.2624339665249735, -0.4391776855101157], [-0.4266000482917053, 0.8413623931712975, -0.33184593135155627], [0.2824199444684594, 0.4724804086637203, 0.8348660002631537]]	0.8664343655746057	0.13356563442539418	[[0.7444538862092575, 0.2273818072912927, -0.38051863931948077], [-0.3696209421957198, 0.7289852913457052, -0.28752271899909987], [0.24469834541114502, 0.40937326312698097, 0.7233565932778143]]	0.8811104680746139	0.15709296769490075	[[0.7679633314037247, 0.15080156188347738, -0.3768543511093783], [-0.36133696262603815, 0.7627837943608962, -0.375180090829798], [0.3049004008725549, 0.40726749418817276, 0.751656730038072]]	[[0.010899509607147381, -0.08043175320001955, 0.010109704938365294], [0.014544805604919222, 0.021450582293356953, -0.08278716692797207], [0.05605723140834415, -0.009039939845602687, 0.016047557766623997]]	0.4192571956169667	[[0.8290858170655874, -0.14224863746609703, -0.48566722726584205], [-0.14644660940672619, 0.8535533905932737, -0.5], [0.48566722726584205, 0.48566722726584216, 0.6868371795994902]]
6	[[0.8787972042104137, -0.3840163418041313, 0.28327887866788265], [-0.395223040501579, -0.9183905790867732, -0.018907472103605397], [0.2674214316928388, -0.09534250611366366, -0.9588511794847616]]	0.8507150125048139	0.14928498749518618	[[0.7476059745690575, -0.32668846701995446, 0.24098959480829746], [-0.3362221738424915, -0.7812886529721075, -0.01608487036705308], [0.22749942660662856, -0.08110930128072569, -0.8157090931456347]]	0.8602450578154219	0.23283042145490584	[[0.7033177747994817, -0.31869789951996014, 0.15573921457507656], [-0.3587162600219063, -0.8408124500155743, -0.025596482111439254], [0.14088165613048695, -0.061169743085283994, -0.8248469883322542]]	[[-0.05266317694453691, 0.01165026063740162, -0.08795004078246402], [-0.01872759269563858, -0.05077149321193408, -0.009331422678529745], [-0.08916630883720203, 0.020848176598731824, 0.0]]	0.4703589520750524	[[0.6989281295969026, -0.6989281295969025, 0.0], [-0.7071067811865475, -0.7071067811865476, 0.0], [0.0, 0.0, -0.9884336399999999]]
6	[[-0.8305561570912853, 0.32773595720904825, 0.4502950280316503], [-0.5100865793185324, -0.772219296347621, -0.37879947194723407], [0.22358030216652452, -0.5443036842615101, 0.808545204538665]]	0.8809498562581956	0.11905014374180457	[[-0.731678327203927, 0.2887189443939532, 0.3966873402182624], [-0.44936069872989587, -0.6802864781172414, -0.33370334036259613], [0.19696303505576368, -0.4795042524109835, 0.7122877817165904]]	0.8809498562581954	0.11905014374180456	[[-0.7316783272039269, 0.28871894439395324, 0.3966873402182624], [-0.4493606987298958, -0.6802864781172416, -0.3337033403625962], [0.19696303505576368, -0.47950425241098354, 0.7122877817165901]]	[[0.0, 0.0, 0.0], [0.0, 0.0, 0.0], [0.0, 0.0, 0.0]]	0.373420909203339	[[-0.6868371795994902, 0.48566722726584216, 0.48566722726584205], [-0.7071067811865475, -0.5000000000000001, -0.5], [0.0, -0.6868371795994901, 0.6868371795994902]]
6	[[-0.5446221603179724, 0.8109226453022452, -0.2139887049042392], [-0.8354447797583356, -0.5021691245819775, 0.22328947644507607], [0.07361197229480154, 0.30038414347728, 0.9509735242804028]]	0.8769506353484929	0.12304936465150697	[[-0.47760674951571475, 0.7111391290162847, -0.18765753072317376], [-0.7326438304076542, -0.4403775328545618, 0.19581384823514178], [0.06455406587318187, 0.2634220654710136, 0.8339568363172949]]	0.8772364388635235	0.12128222773941928	[[-0.48241509429477875, 0.7127336348654125, -0.17977605105133151], [-0.7377005452743981, -0.4487457956942624, 0.19446652266698458], [0.07115500152281025, 0.2588552264637971, 0.8388813177445166]]	[[-0.004652689851281646, 0.0013627413066825648, 0.00794263839588073], [-0.004817941812074965, -0.008224741138755374, -0.0014111424853945538], [0.006579897089198163, -0.0046526898512816465, 0.004652689851281646]]	0.38342083582536496	[[-0.6989281295969026, 0.6989281295969025, 0.0], [-0.7071067811865475, -0.7071067811865476, 0.0], [0.0, 0.0, 0.9884336399999999]]
6	[[0.04673222253661188, -0.9725397674033924, -0.22799671093185395], [-0.8377629715199755, -0.16246744520517667, 0.5213036857710898], [-0.5440306084466285, 0.16664552219444034, -0.8223502702654952]]	0.871364046859869	0.12863595314013107	[[0.040720778548258056, -0.8474361874567758, -0.19866813670832], [-0.7299965331729948, -0.14156829053696673, 0.45424528927646235], [-0.4740487125916911, 0.1452089166104237, -0.7165664594348489]]	0.8833249924546484	0.11870230351490137	[[0.01146214042176828, -0.8595481102933522, -0.23073336507143255], [-0.770397161441354, -0.14351155480998867, 0.49156285957869794], [-0.4810352606911212, 0.18917202311509324, -0.7264025462773465]]	[[-0.029817599697773308, -0.00047942758990531794, -0.02933817210786799], [-0.030380190944688055, 5.846918592928504e-18, 0.03108228527836969], [-0.00047942758990531333, 0.04196986848008829, -8.284539962253913e-18]]	0.3276822008997647	[[1.9282480472180706e-16, -0.9657007146954005, 0.0], [-0.7071067811865476, -1.3401577416544657e-16, 0.7071067811865475], [-0.6828535239578131, -1.0721431683518029e-16, -0.6828535239578132]]
6	[[0.5319609947059123, -0.8460851799387872, 0.03402011756955908], [-0.703274286200726, -0.4190807785627857, 0.5742617690636116], [-0.47161719485230363, -0.3294103357928521, -0.8179645788128509]]	0.8812632138795147	0.11873678612048544	[[0.46879765585307576, -0.7456237448886829, 0.02998067814590858], [-0.6197697576960733, -0.36932047379136984, 0.5060757722131338], [-0.4156188848563823, -0.29029721120593904, -0.7208420935642166]]	0.8937693279404015	0.1520265230268943	[[0.5396164127494241, -0.7385683808540966, 0.0], [-0.5874240880270686, -0.39282702565991434, 0.5834704502205679], [-0.4007491984091395, -0.3815664246946767, -0.7385683808540967]]	[[0.06416599202061338, 0.01763660180012684, -0.030406137616598262], [0.04114089810831969, -0.018265479851113098, 0.07021289482271757], [0.020767784879141327, -0.08714957025647731, -0.007496728969481342]]	0.291982767721641	[[0.6868371795994902, -0.6868371795994901, 0.0], [-0.5, -0.5000000000000001, 0.7071067811865475], [-0.48566722726584205, -0.48566722726584216, -0.6868371795994902]]
6	[[-0.3195682178843842, -0.5708200961323295, -0.7563336379995778], [0.910087742671785, 0.03735879733279218, -0.41272826520656647], [0.2638493031197415, -0.8202248094963509, 0.507557688474819]]	0.8529359158070593	0.14706408419294087	[[-0.272571210584047, -0.48687296145570197, -0.6451041241828547], [0.7762465222605381, 0.03186466001649546, -0.3520307608634215], [0.22504654699149107, -0.6995991990554409, 0.43291418184418384]]	0.8545600379738084	0.18001371113431927	[[-0.2724154171406856, -0.5387198043898775, -0.6627858980270995], [0.8128939194760929, 0.005641037293245922, -0.274199311101717], [0.16804529899496826, -0.7038589167533188, 0.48214881911468777]]	[[0.0006748112698160072, -0.05091976136282107, -0.01645339561731164], [0.035169303538994785, -0.026284297974120817, 0.07850177088607042], [-0.05742977149840089, -0.002927572403057483, 0.048410301577748054]]	0.44128420743732666	[[-0.14142359536879384, -0.8242771193266069, -0.48285035734770015], [0.8535533905932738, 0.14644660940672602, -0.5], [0.48285035734770015, -0.48285035734770027, 0.6828535239578132]]
