6	[[-0.42203838922340475, -0.825029846081567, 0.3757783270710803], [0.2588054115689476, 0.28760896992378115, 0.9221175843470338], [-0.8688517462515349, 0.4864224845687207, 0.09214016247897017]]	0.7323962743552221	0.26760372564477797	[[-0.3090993439021008, -0.604248785502002, 0.2752186467302973], [0.18954811921606712, 0.21064373804332048, 0.6753554832932047], [-0.636343781921653, 0.35625401546074154, 0.06748311171808258]]	0.8441714198850345	0.2562285982055102	[[-0.27568413818111265, -0.6235630341067608, 0.32458425764680354], [0.25523097177444554, 0.2307203791379786, 0.8305668127944436], [-0.7248437766821121, 0.367835166027425, 0.022041081119442966]]	[[0.08058860809560185, 0.07290358250744729, 0.00736293372118667], [0.03675484001635629, -0.012070893374252024, 0.05214150231525004], [0.008616035620637931, -0.04278879343495832, -0.055741010668867066]]	0.50055596078709	[[-0.44962358614393666, -0.44962358614393677, 0.635863773487583], [0.5, 0.5000000000000001, 0.7071067811865475], [-0.635863773487583, 0.6358637734875829, 0.0]]
6	[[0.8489524140446696, -0.5135124485683378, 0.12483895166604869], [0.522794976890395, 0.7815435453534784, -0.34040431673891397], [0.0772347773085365, 0.35425224329800037, 0.9319550081910795]]	0.8122691964591283	0.18773080354087185	[[0.689577895188101, -0.4171103439703632, 0.10140283495658134], [0.42465025579162974, 0.634823747582088, -0.27649994082873625], [0.06273543050310465, 0.28774818500751037, 0.7569983456394284]]	0.9004462399161045	0.16758388940741514	[[0.741010606981811, -0.4672780058940775, 0.0656827489048502], [0.5082442902889734, 0.6667616344100662, -0.29626429142128863], [0.021905544791847684, 0.28911512582074445, 0.8223190689998775]]	[[-0.023425402112411696, -0.004887652430605707, -0.04672801571791167], [0.03749551910099052, -0.036976312334174796, 0.010251495637477095], [-0.0476402200263817, -0.02986997463878505, -0.016856313896762575]]	0.43532137062064463	[[0.68858058351946, -0.6885805835194599, 0.0], [0.7071067811865475, 0.7071067811865476, 0.0], [0.0, 0.0, 0.9738]]
6	[[-0.3195682178843842, -0.5708200961323295, -0.7563336379995778], [0.910087742671785, 0.03735879733279218, -0.41272826520656647], [0.2638493031197415, -0.8202248094963509, 0.507557688474819]]	0.7508465429527299	0.24915345704727013	[[-0.23994669163605456, -0.42859829582890463, -0.5678904974108443], [0.6833362353687634, 0.0280507238261987, -0.3098955911092279], [0.19811033710794482, -0.6158629626543967, 0.38109793574039647]]	0.7982834946486888	0.22360040233984713	[[-0.2937215010644233, -0.4769956206187629, -0.5893905125432658], [0.7750768411831318, 0.007780298101965892, -0.31305307482885836], [0.190667687525646, -0.6254863175004572, 0.43481862997481135]]	[[-0.03861546731302344, -0.02131935946254633, 0.014378147119393586], [0.04856881752616287, -0.022042613188727626, 0.016421087060530318], [-0.019958856229402373, 0.02928560982184469, 0.029643704683322364]]	0.4464700820929715	[[-0.12488145280171402, -0.7278624468872203, -0.426371949844467], [0.8535533905932738, 0.14644660940672602, -0.5], [0.426371949844467, -0.42637194984446714, 0.6029809940855065]]
6	[[-0.5446221603179724, 0.8109226453022452, -0.2139887049042392], [-0.8354447797583356, -0.5021691245819775, 0.22328947644507607], [0.07361197229480154, 0.30038414347728, 0.9509735242804028]]	0.7804809976917252	0.21951900230827476	[[-0.425067247049994, 0.6329097152563095, -0.16701411789842077], [-0.6520487752221296, -0.39193345936372204, 0.17427319334991595], [0.05745274557870233, 0.23444411599192183, 0.7422167650087849]]	0.8472992507812992	0.18050512213776668	[[-0.4787843383758896, 0.6697677598266027, -0.12693664199756494], [-0.7616326957499016, -0.45140415829115405, 0.20897906211006237], [0.04522551473815986, 0.20568093522226946, 0.823085544615216]]	[[-0.017326389979578978, -0.017326389979578975, 0.05437582734345747], [-0.05376095979151636, -0.025916635267343755, 0.019786056010800863], [-0.017145854235759244, -0.04883432449261211, 0.017326389979578978]]	0.39555722170808605	[[-0.6705397722312502, 0.67053977223125, 0.0], [-0.7071067811865475, -0.7071067811865476, 0.0], [0.0, 0.0, 0.94828644]]
6	[[0.08740825448676931, -0.06334395238859675, -0.994156597696443], [0.7119981850616444, -0.6940087028176986, 0.10681996481098455], [-0.6967197295301035, -0.717174639895393, -0.015561310176609944]]	0.8454250029399026	0.15457499706009728	[[0.07389712380644871, -0.05355256113435446, -0.8404848445302393], [0.6019410676989461, -0.586732309619971, 0.09030826906436693], [-0.589024279386276, -0.6063173720419864, -0.013155920701809196]]	0.9323022133533462	0.11417441035372065	[[0.059814907514173656, -0.057097094563281, -0.8838573818828103], [0.6819856490783187, -0.6728005963617051, 0.0919316423989813], [-0.6414325905158185, -0.6535357911336941, -0.0019217839675728337]]	[[-0.021676001609193914, 0.001958612451156739, 0.04299701456941569], [0.018188165241782114, -0.02577474663828, -0.007656847224626149], [0.00812075541204175, 0.01508771300166984, 0.012586059952758567]]	0.1513732152025851	[[0.0, 0.0, -0.923441335272], [0.7071067811865475, -0.7071067811865476, 0.0], [-0.6529716301987915, -0.6529716301987913, 0.0]]
6	[[0.04673222253661188, -0.9725397674033924, -0.22799671093185395], [-0.8377629715199755, -0.16246744520517667, 0.5213036857710898], [-0.5440306084466285, 0.16664552219444034, -0.8223502702654952]]	0.7350395023831713	0.2649604976168288	[[0.03435002959857076, -0.7148551466800346, -0.16758658894834969], [-0.6157888777010896, -0.11941999007707821, 0.383178801779695], [-0.39988398771382383, 0.12249104170818517, -0.604459933440616]]	0.7846191438284352	0.3621300523755906	[[-0.028854434801530607, -0.8425162007966737, -0.14930755953136793], [-0.6856512618808311, -0.14757976845819887, 0.2712109494967106], [-0.2912107999781499, 0.03694395130856881, -0.6129995312759206]]	[[-0.06552143123740704, -0.07944288115751835, 0.029583024595682506], [-0.028326396435662447, -0.02010470070131987, -0.13781390210760952], [0.1356460302377065, -0.09380931563847547, 0.03223223370687474]]	0.3604037331290082	[[-0.12488145280171402, -0.7278624468872203, -0.426371949844467], [-0.8535533905932738, -0.14644660940672602, 0.5], [-0.426371949844467, 0.42637194984446714, -0.6029809940855065]]
6	[[0.5319609947059123, -0.8460851799387872, 0.03402011756955908], [-0.703274286200726, -0.4190807785627857, 0.5742617690636116], [-0.47161719485230363, -0.3294103357928521, -0.8179645788128509]]	0.7722947625453617	0.22770523745463828	[[0.410830690089797, -0.6534271531339755, 0.026273558620147915], [-0.5431350478656485, -0.323653890367472, 0.4434993565778612], [-0.36422748951076933, -0.25440187706112855, -0.6317097601647875]]	0.8297648217346411	0.21428728857174378	[[0.4857299241489986, -0.6826699508295291, 0.005105724043505455], [-0.5999596354405055, -0.38669213358829335, 0.5602134907547541], [-0.35068350737904397, -0.34346292319098426, -0.6775642267860238]]	[[0.04432740420706497, 0.019381767674700227, -0.02312297274699126], [-0.016407372720603036, -0.03895364607172884, 0.08371127631866693], [0.04064785023456924, -0.07012981463428003, 0.0011540061378723446]]	0.33453618190484	[[0.6192041426222084, -0.6192041426222082, 0.0], [-0.5, -0.5000000000000001, 0.7071067811865475], [-0.4378434481869655, -0.43784344818696563, -0.6192041426222084]]
6	[[-0.30792515101507295, 0.09349718223056193, 0.9468053539599837], [0.3027085282091916, -0.9338174967034747, 0.1906631317268273], [0.9019698710720718, 0.34531602882779927, 0.2592434992682147]]	0.7923578784610206	0.2076421215389796	[[-0.24398691938309255, 0.07408322895429145, 0.7502086815792685], [0.23985348720389302, -0.7399176505577462, 0.15107343455580302], [0.7146829334784272, 0.2736138760005797, 0.2054136290849738]]	0.8452520528366454	0.2664949970888143	[[-0.25233607854783824, 0.07739633410534506, 0.7392947211496704], [0.24418255759330815, -0.8497597888428773, 0.11852939779601518], [0.6763026415674814, 0.26153127821914424, 0.1749397444424932]]	[[0.00793828746768619, -0.0016323511094793186, -0.06099444792173252], [-0.01168244728667061, -0.060448632779487935, -0.04262900569634934], [-0.08608924355299158, -0.03034780402495135, -0.044186355498520666]]	0.39590579069297793	[[-0.426371949844467, -0.12488145280171388, 0.7278624468872205], [0.5, -0.8535533905932737, 0.14644660940672619], [0.6029809940855065, 0.42637194984446714, 0.426371949844467]]
6	[[0.034229894132735264, 0.2773841392786001, 0.9601491309293217], [-0.1827544195208179, -0.9427759796974285, 0.2788803941677556], [0.9825625356654255, -0.18501754344446375, 0.018422055382213542]]	0.8694066483709403	0.13059335162905994	[[0.02975969753203349, 0.24115961484146578, 0.8347600378575327], [-0.15888790735057104, -0.8196557046733708, 0.2424604687897551], [0.8542464009477302, -0.16085548233587604, 0.016016257425954118]]	0.9179618373750723	0.12777114160570557	[[0.00903736366402938, 0.2362570480415129, 0.8591590905523427], [-0.16494152562135636, -0.8266960692557821, 0.25345117439390225], [0.8923327859509216, -0.15991206129396857, 0.0]]	[[-0.022384372847210496, -0.018371006109373835, -0.022221169829616375], [0.0028200571103883937, 0.03873630130035341, -0.0025503846442151016], [-0.00962212462442242, 0.00992698283293363, -0.016910743806882084]]	0.3495203355105732	[[0.0, 0.0, 0.9738], [0.0, -1.0, 0.0], [0.9738, 0.0, 0.0]]
6	[[0.8592155572171323, 0.2624339665249735, -0.4391776855101157], [-0.4266000482917053, 0.8413623931712975, -0.33184593135155627], [0.2824199444684594, 0.4724804086637203, 0.8348660002631537]]	0.7810641139771345	0.21893588602286562	[[0.6711024379131693, 0.2049777535413334, -0.34302592981148716], [-0.33320198874156354, 0.6571579721560209, -0.2591929483480203], [0.22058808369572877, 0.36903749176448314, 0.6520838727851743]]	0.8190802478708405	0.22093929534696938	[[0.7227610168178848, 0.16721281220991802, -0.32075069130304423], [-0.34800301457685934, 0.7404755497824359, -0.39481625184659547], [0.23545578946458684, 0.3855368124121475, 0.6887946888260539]]	[[0.018994525237993706, -0.04774166614108519, 0.03897107620392336], [0.0014166587196231852, 0.051332232234486116, -0.1230078041402329], [0.004131191345692092, -0.0014625578302485181, 0.004972438391572869]]	0.4470254596963367	[[0.7474455194980699, -0.12824137687586146, -0.4378434481869655], [-0.14644660940672619, 0.8535533905932737, -0.5], [0.4378434481869655, 0.43784344818696563, 0.6192041426222084]]
6	[[0.8787972042104137, -0.3840163418041313, 0.28327887866788265], [-0.395223040501579, -0.9183905790867732, -0.018907472103605397], [0.2674214316928388, -0.09534250611366366, -0.9588511794847616]]	0.7694294301464042	0.2305705698535959	[[0.6761724320498718, -0.2954734750412594, 0.21796310618594134], [-0.3040962388338591, -0.706636739918562, -0.014547965486186148], [0.2057619197963565, -0.07335933014776631, -0.7377683166261676]]	0.8427355671155123	0.25334580675782453	[[0.6894330132101825, -0.3111632272716121, 0.14158445562431335], [-0.3589569110215708, -0.840492447636571, -0.02612838519515598], [0.12947668502356452, -0.054007937374093186, -0.8080579925224685]]	[[-0.051160647059607364, 0.012461002320316899, -0.09714473084171116], [-0.025888397847355502, -0.06653204213633536, -0.01019438596920335], [-0.09588886687294222, 0.026340583585819352, 0.0]]	0.47886988924432394	[[0.6705397722312502, -0.67053977223125, 0.0], [-0.7071067811865475, -0.7071067811865476, 0.0], [0.0, 0.0, -0.94828644]]
6	[[0.3802729664721569, 0.7767473726770865, -0.5020517802076895], [0.4287143634067757, 0.332951791095048, 0.839849450446521], [0.8195098935212374, -0.5346088512602871, -0.20639019011321075]]	0.7496008200671953	0.2503991799328048	[[0.28505292751691386, 0.5822504675437836, -0.3763384261598794], [0.3213646383843046, 0.24958093564768952, 0.6295518367876957], [0.6143052882366995, -0.4007432333198925, -0.15471025576268713]]	0.8447607851039457	0.24903420062114784	[[0.346262607659185, 0.587321272794039, -0.4295490312223394], [0.4038163684777165, 0.29292347530545204, 0.717516507731262], [0.6510274245524568, -0.4295490312223394, -0.07972051647669078]]	[[0.02502291794835929, -0.06884444757608355, -0.005435375211258123], [0.041655286260870415, 0.011658858858234516, 0.008044626602941621], [-0.04126239649899468, 0.02206756169181926, 0.09462982256109773]]	0.38225739852487095	[[0.44962358614393666, 0.44962358614393677, -0.635863773487583], [0.5, 0.5000000000000001, 0.7071067811865475], [0.635863773487583, -0.6358637734875829, 0.0]]
6	[[-0.8305561570912853, 0.32773595720904825, 0.4502950280316503], [-0.5100865793185324, -0.772219296347621, -0.37879947194723407], [0.22358030216652452, -0.5443036842615101, 0.808545204538665]]	0.7602711240530278	0.23972887594697215	[[-0.6314478631409547, 0.24916818457991818, 0.34234630711711245], [-0.38780409702286445, -0.587096032449644, -0.2879903003280169], [0.16998164764425916, -0.4138183738597026, 0.6147135715022961]]	0.7951446791886526	0.255113623581695	[[-0.6662744751200049, 0.329541342000907, 0.35111378312740094], [-0.49534333665257535, -0.6224583336647999, -0.36798827101488035], [0.053848607234006036, -0.47134965111242827, 0.6507066800477731]]	[[-0.0058621660414946725, 0.06894383944733237, -0.0069359124770709], [-0.08975070718190367, -0.008432269007183642, -0.06678788641656597], [-0.12393008040509709, -0.03854947270910807, 0.007796262775352753]]	0.41677359235316463	[[-0.6192041426222084, 0.43784344818696563, 0.4378434481869655], [-0.7071067811865475, -0.5000000000000001, -0.5], [0.0, -0.6192041426222082, 0.6192041426222084]]
6	[[0.22433838825039393, -0.7661379269479729, -0.6022499185961573], [-0.9416906372873723, -0.011392912655017143, -0.3362869982418849], [0.2507808429735371, 0.642575192824231, -0.724020780340167]]	0.749532709936752	0.250467290063248	[[0.168148960088161, -0.5742454365706395, -0.451406013544566], [-0.7058279352880713, -0.008539360696387728, -0.25205810510873583], [0.18796844483417832, 0.4816311256156767, -0.5426772575388873]]	0.7755777641222531	0.2425209638970478	[[0.1539030776166636, -0.6950862384339068, -0.39915614259810644], [-0.8681175161265736, -0.005701920078223101, -0.30103243378183353], [0.21969865612906223, 0.4148964771921984, -0.6482161978517994]]	[[-0.020088787949366905, -0.10088669804233973, 0.06793550270951021], [-0.13776319716437363, 0.0031341696455952795, -0.04021571558200835], [0.025198610650952497, -0.08347055413884441, -0.08668177985752379]]	0.3469675548769852	[[0.12488145280171402, -0.7278624468872203, -0.426371949844467], [-0.8535533905932738, 0.14644660940672602, -0.5], [0.426371949844467, 0.42637194984446714, -0.6029809940855065]]
