6	[[-0.3195682178843842, -0.5708200961323295, -0.7563336379995778], [0.910087742671785, 0.03735879733279218, -0.41272826520656647], [0.2638493031197415, -0.8202248094963509, 0.507557688474819]]	0.4841564324677868	0.5158435675322132	[[-0.15472100830099184, -0.2763662213243478, -0.3661837959292581], [0.44062483472463254, 0.018087502037931733, -0.19982504446102972], [0.12774433730756574, -0.39711711758732327, 0.2457373197235646]]	0.6689213541708472	0.520485839727274	[[-0.22998839811415886, -0.36058072455294965, -0.36104573674794666], [0.7782758113918884, 0.010940517980319586, -0.22625589953494657], [0.15231026630896072, -0.3610457367479466, 0.30353477193133643]]	[[-0.01622239305697224, 0.02125302713982132, 0.14488198458769427], [0.1694986861495885, -0.014049579321726083, 0.04982685053161444], [-0.024184166830931123, 0.18762015354487752, -0.03598140436306443]]	0.5733664530884278	[[-0.0808859739567791, -0.4714380046212047, -0.2761619892889918], [0.8535533905932738, 0.14644660940672602, -0.5], [0.2761619892889918, -0.2761619892889919, 0.39055203066442573]]
6	[[-0.42203838922340475, -0.825029846081567, 0.3757783270710803], [0.2588054115689476, 0.28760896992378115, 0.9221175843470338], [-0.8688517462515349, 0.4864224845687207, 0.09214016247897017]]	0.5106631377784295	0.48933686222157063	[[-0.21551944810377796, -0.4213123299608677, 0.1918961396112468], [0.1321623835458366, 0.1468712990345, 0.47089145902332186], [-0.44369055900507665, 0.24839803225584262, 0.047052584486925224]]	0.7220978148925358	0.4343304352312914	[[-0.2079454933813454, -0.4678160041182607, 0.2534884636380043], [0.27001637789552774, 0.23559782249419048, 0.8275714354471349], [-0.5389830755077888, 0.27160743931086595, 0.022471897663397366]]	[[0.09680750527764069, 0.1279362449583641, -0.01786024522399537], [0.08313355571922729, 0.027916013768734982, 0.16171234271615822], [0.08841287192600855, -0.07963717391080552, -0.044062312326510214]]	0.5941271408364408	[[-0.33658849696742466, -0.3365884969674247, 0.47600801735010745], [0.5, 0.5000000000000001, 0.7071067811865475], [-0.47600801735010745, 0.47600801735010734, 0.0]]
6	[[0.8787972042104137, -0.3840163418041313, 0.28327887866788265], [-0.395223040501579, -0.9183905790867732, -0.018907472103605397], [0.2674214316928388, -0.09534250611366366, -0.9588511794847616]]	0.5687098710579559	0.43129012894204427	[[0.49978064469259637, -0.21839388423157544, 0.16110349456065384], [-0.2247672444027863, -0.5222977878132803, -0.010752866022073308], [0.15208520793616834, -0.05422222435824403, -0.5453081306485477]]	0.7850012418358522	0.37543729403247916	[[0.5444846376624753, -0.2292686660671194, 0.22162234619978124], [-0.3455593378788139, -0.8464696746981905, -0.02509565570036775], [0.19914974370765903, -0.07484398569896832, -0.630922037128216]]	[[-0.14537225896457445, 0.07218463913438486, -0.0007519253403743321], [-0.03530876028293295, -0.12553192962472626, -0.010253266619060782], [-0.010776412264740921, 0.0, 0.12177732950309343]]	0.5157043030123825	[[0.9057999999999999, 0.0, 0.0], [0.0, -1.0, 0.0], [0.0, 0.0, -0.9057999999999999]]
6	[[0.5319609947059123, -0.8460851799387872, 0.03402011756955908], [-0.703274286200726, -0.4190807785627857, 0.5742617690636116], [-0.47161719485230363, -0.3294103357928521, -0.8179645788128509]]	0.5454635592504892	0.454536440749511	[[0.2901653375547175, -0.4615086336785014, 0.0185567344156118], [-0.3836104952803951, -0.22859329308832324, 0.3132388684949201], [-0.25724999370786905, -0.17968133421546792, -0.44616987050008494]]	0.6956062029129397	0.4967058730003107	[[0.4187929792027766, -0.5305692161370801, 0.08151322477860998], [-0.5321560661262293, -0.3369983599790282, 0.32825464267296667], [-0.2367263533343913, -0.11249760619659677, -0.4801467456201835]]	[[0.04875761157760648, 0.057972883221050875, 0.05784861997339719], [-0.04295411029583432, -0.04548317088917041, -0.07120540598343968], [0.09133349280527164, 0.11664226668454553, 0.0888344891651058]]	0.5042894118293387	[[0.4311680621157273, -0.4311680621157272, 0.0], [-0.5, -0.5000000000000001, 0.7071067811865475], [-0.30488186055309324, -0.3048818605530933, -0.4311680621157273]]
6	[[0.3802729664721569, 0.7767473726770865, -0.5020517802076895], [0.4287143634067757, 0.332951791095048, 0.839849450446521], [0.8195098935212374, -0.5346088512602871, -0.20639019011321075]]	0.5255554894758592	0.47444451052414105	[[0.19985454502871142, 0.4082238456463938, -0.2638560690892788], [0.22531318710557938, 0.1749846415408219, 0.4413874890154527], [0.43069792321986317, -0.280966616502227, -0.10846949738796412]]	0.7295052732134653	0.4224717186823914	[[0.2867519199028063, 0.4023661453112381, -0.3350307965708547], [0.41940858831473504, 0.3159245671366816, 0.7010088025977749], [0.509718992157388, -0.370743852077544, -0.03478460208552812]]	[[0.009340785600840505, -0.1642751590114011, 0.031218624516862435], [0.10665919950713826, 0.07303447980697593, 0.08833419979160673], [-0.08811779661696019, 0.019256124023428613, 0.11577812994158873]]	0.4838166876864956	[[0.33658849696742466, 0.3365884969674247, -0.47600801735010745], [0.5, 0.5000000000000001, 0.7071067811865475], [0.47600801735010745, -0.47600801735010734, 0.0]]
6	[[-0.5446221603179724, 0.8109226453022452, -0.2139887049042392], [-0.8354447797583356, -0.5021691245819775, 0.22328947644507607], [0.07361197229480154, 0.30038414347728, 0.9509735242804028]]	0.5695416604460304	0.43045833955396967	[[-0.31018500950320216, 0.46185422989872804, -0.121875482307856], [-0.4758206070745306, -0.28600623703914896, 0.1271726591746534], [0.04192508492948845, 0.17108128384770865, 0.5416190400588741]]	0.7503936085387424	0.350392607833455	[[-0.42332833072107706, 0.575890739449663, -0.07709641052227163], [-0.7300272284636573, -0.38683740211995826, 0.10973947314508106], [0.06661894201016404, 0.0843515571599074, 0.6876253134952464]]	[[-0.01464734254990838, -0.03262043060447161, 0.0834793459373525], [-0.10311480544594516, -0.010012900628146951, -0.05781552283326609], [0.011380988488213995, -0.14105478421182804, -0.025979141014330475]]	0.4474569623319168	[[-0.5801624746288101, 0.58016247462881, 0.0], [-0.7071067811865475, -0.7071067811865476, 0.0], [0.0, 0.0, 0.8204736399999999]]
6	[[0.8592155572171323, 0.2624339665249735, -0.4391776855101157], [-0.4266000482917053, 0.8413623931712975, -0.33184593135155627], [0.2824199444684594, 0.4724804086637203, 0.8348660002631537]]	0.5151826440707734	0.4848173559292265	[[0.44265294259386523, 0.1352014247683167, -0.22625672123798407], [-0.21977694083964036, 0.4334553023357028, -0.17096126433782322], [0.14549785372958196, 0.2434137062070151, 0.4301084734603626]]	0.7292403708216927	0.4742309802645309	[[0.444408646117693, 0.17629574883230517, -0.2817234922781416], [-0.34943447745597944, 0.7495947639741805, -0.25509723944679], [0.23406886170345637, 0.30463290323735454, 0.4389042867814368]]	[[-0.18216602544309576, -0.015081694232574206, 0.0385426059598679], [-0.03834050004718431, 0.13603934038251678, -0.013101789412311122], [0.028116836671835167, -0.03991888518256175, -0.16991370483688878]]	0.5791942861814181	[[0.520465891610957, -0.08929782949522964, -0.30488186055309324], [-0.14644660940672619, 0.8535533905932737, -0.5], [0.30488186055309324, 0.3048818605530933, 0.4311680621157273]]
6	[[0.8489524140446696, -0.5135124485683378, 0.12483895166604869], [0.522794976890395, 0.7815435453534784, -0.34040431673891397], [0.0772347773085365, 0.35425224329800037, 0.9319550081910795]]	0.6553603800401747	0.3446396199598254	[[0.5563697767043385, -0.3365357134491065, 0.08181450280767869], [0.3426191147379837, 0.512192674900801, -0.22308750238533068], [0.050616613009240745, 0.23216288479786196, 0.61076638834845]]	0.8118227394843908	0.2837972370841663	[[0.6379870580635716, -0.3945119660379633, 0.0519308467163157], [0.47654888744884355, 0.6246326157368325, -0.26471981161237845], [0.024572910690023438, 0.22409373533764196, 0.7055141508206646]]	[[-0.05121181639805868, 0.02236911671812189, -0.0494162530195754], [0.05213203712100436, -0.009842206278371554, 0.011628153334919025], [-0.038128037808059546, -0.06349629128503165, -0.05106811700521547]]	0.4600698249080634	[[0.6404973223987748, -0.6404973223987747, 0.0], [0.7071067811865475, 0.7071067811865476, 0.0], [0.0, 0.0, 0.9057999999999999]]
6	[[0.04673222253661188, -0.9725397674033924, -0.22799671093185395], [-0.8377629715199755, -0.16246744520517667, 0.5213036857710898], [-0.5440306084466285, 0.16664552219444034, -0.8223502702654952]]	0.5138769479036142	0.48612305209638573	[[0.0240146118858666, -0.49976576738814604, -0.1171622539457237], [-0.4305070788713475, -0.0834882748757339, 0.26788594697495227], [-0.2795647886346996, 0.085635292327083, -0.4225868469917449]]	0.6866537561106374	0.4845039228404511	[[0.0019976237069688017, -0.6829781404064147, -0.10255816405496748], [-0.669240231876078, -0.14694832076868364, 0.2798969331630935], [-0.23471651477355945, 0.011497771253584033, -0.4935427566214402]]	[[-0.030091232429193825, -0.015180056151909642, 0.05399663388726127], [-0.09398714075147781, -0.03538943927284999, -0.07805820074594468], [0.13884414595547354, -0.10293000250024702, 0.07112714529495992]]	0.5206474186556085	[[-0.0808859739567791, -0.4714380046212047, -0.2761619892889918], [-0.8535533905932738, -0.14644660940672602, 0.5], [-0.2761619892889918, 0.2761619892889919, -0.39055203066442573]]
6	[[0.034229894132735264, 0.2773841392786001, 0.9601491309293217], [-0.1827544195208179, -0.9427759796974285, 0.2788803941677556], [0.9825625356654255, -0.18501754344446375, 0.018422055382213542]]	0.7337161771504972	0.2662838228495029	[[0.025115027067336745, 0.20352123027367552, 0.7044769498398341], [-0.1340898740481727, -0.6917299877329118, 0.20461905669098945], [0.720922027479735, -0.13575036468184798, 0.013516560050292465]]	0.8599572235830971	0.21532175224387642	[[0.009240720049700692, 0.2066777530670632, 0.7666191902966774], [-0.16910156867381268, -0.8229967304502909, 0.2582221252574755], [0.795156589307677, -0.1416100089105345, 0.0]]	[[-0.020195524672229674, -0.03186074121294888, -0.05906799056302567], [-0.011940585465149558, -0.012249716488856054, 0.018396915777212624], [-0.04980516085992999, 0.017497164064131612, -0.01584217959918241]]	0.3807504887579243	[[0.0, 0.0, 0.9057999999999999], [0.0, -1.0, 0.0], [0.9057999999999999, 0.0, 0.0]]
6	[[0.22433838825039393, -0.7661379269479729, -0.6022499185961573], [-0.9416906372873723, -0.011392912655017143, -0.3362869982418849], [0.2507808429735371, 0.642575192824231, -0.724020780340167]]	0.4657469762754984	0.5342530237245017	[[0.10448492599013977, -0.356826422885997, -0.2804960785483253], [-0.4385895669035408, -0.005306214620045047, -0.15662465259192168], [0.11680041932274547, 0.299277453087531, -0.3372104892040596]]	0.6751620799722579	0.5164200102295118	[[0.166448987865914, -0.41077322825381724, -0.3130553051396635], [-0.8232494607097076, 0.05281999897430488, -0.1986292992299824], [0.13371267456302532, 0.3130553051396635, -0.3460059819081283]]	[[0.014984215037154167, 0.1064940480500098, 0.09356100256284093], [-0.18745565134836428, 0.060512061579408395, 0.02841892997063563], [-0.035605040996184216, -0.12078709858611901, 0.14282539408947614]]	0.5454939323904293	[[0.0808859739567791, -0.4714380046212047, -0.2761619892889918], [-0.8535533905932738, 0.14644660940672602, -0.5], [0.2761619892889918, 0.2761619892889919, -0.39055203066442573]]
6	[[-0.30792515101507295, 0.09349718223056193, 0.9468053539599837], [0.3027085282091916, -0.9338174967034747, 0.1906631317268273], [0.9019698710720718, 0.34531602882779927, 0.2592434992682147]]	0.5802705363665963	0.4197294636334039	[[-0.17867989254028152, 0.05425366008169356, 0.5494032505771248], [0.1756528400266905, -0.5418667796806376, 0.11063619771246108], [0.523386540873501, 0.20037671726389011, 0.15043136436992027]]	0.7877772243895262	0.3172042202536594	[[-0.17386310523585197, 0.06762003924986401, 0.7098228594155714], [0.26113338476583764, -0.8385361673910435, 0.12867478975144409], [0.6519983253910899, 0.23522995087516632, 0.10624306598598797]]	[[0.0687133155505279, -0.006034911455969804, -0.03604883436416753], [0.022666500614162054, -0.10289601175160475, -0.021525282953730566], [-0.058552996125045574, -0.03680215185201103, -0.0979830583085544]]	0.486280750958805	[[0.0, 0.0, 0.9057999999999999], [0.0, -1.0, 0.0], [0.9057999999999999, 0.0, 0.0]]
6	[[0.08740825448676931, -0.06334395238859675, -0.994156597696443], [0.7119981850616444, -0.6940087028176986, 0.10681996481098455], [-0.6967197295301035, -0.717174639895393, -0.015561310176609944]]	0.5926622979593758	0.4073377020406243	[[0.05180357696474662, -0.03754157238445504, -0.5891991337222485], [0.4219744805015391, -0.4113127926157429, 0.06330816581281776], [-0.412919515936946, -0.42504237011859136, -0.00922260184852827]]	0.8272405094253859	0.2911126798930948	[[0.046213185437056555, -0.04621318543705657, -0.7065019497953653], [0.6786712756048694, -0.6637578522739377, 0.09708488880990092], [-0.5076310149274346, -0.5187144477903122, 0.0]]	[[-0.026094463532562256, 0.006187498005903589, 0.11590466053164872], [0.08967753428452462, -0.0896457394093733, 0.008719086702860271], [0.06872376905576541, 0.07456146666372039, 0.012872946157825253]]	0.2918375171354558	[[0.0, 0.0, -0.7431850231119999], [0.7071067811865475, -0.7071067811865476, 0.0], [-0.5255111695187762, -0.5255111695187761, 0.0]]
6	[[-0.8305561570912853, 0.32773595720904825, 0.4502950280316503], [-0.5100865793185324, -0.772219296347621, -0.37879947194723407], [0.22358030216652452, -0.5443036842615101, 0.808545204538665]]	0.5080821651123365	0.49191783488766344	[[-0.4219907705423221, 0.16651679472393727, 0.22878687278164114], [-0.2591658936149055, -0.39235085202982434, -0.1924612558503605], [0.11359716400123823, -0.2765509943782097, 0.4108073981132018]]	0.7077634852636467	0.4454438847553765	[[-0.48524740403103606, 0.16182641512960197, 0.24653032403291722], [-0.43711646658811043, -0.6700489165241466, -0.26711083007239306], [0.14324097087041265, -0.3412614222082584, 0.4520477576542888]]	[[0.10258991641907286, -0.0701331281908914, -0.0721720544036551], [-0.07609581142341434, -0.12350029595331354, 0.0009896044090102751], [-0.015001003027266015, 0.04397685040651167, -0.12021101430320483]]	0.5719078062136873	[[-0.4311680621157273, 0.3048818605530933, 0.30488186055309324], [-0.7071067811865475, -0.5000000000000001, -0.5], [0.0, -0.4311680621157272, 0.4311680621157273]]
