6	[[-0.42203838922340475, -0.825029846081567, 0.3757783270710803], [0.2588054115689476, 0.28760896992378115, 0.9221175843470338], [-0.8688517462515349, 0.4864224845687207, 0.09214016247897017]]	0.780792519370637	0.21920748062936302	[[-0.32952441719286774, -0.6441771320779955, 0.29340490671871194], [0.20207332932567318, 0.22456293222038282, 0.7199825118382867], [-0.6783929439153134, 0.3797950372049362, 0.07194234959717495]]	0.8600902430385816	0.22854686905282617	[[-0.2864694618732896, -0.6480050912581283, 0.34077088098895386], [0.2578576377181627, 0.23340275013016817, 0.8305527721874215], [-0.7532779604912309, 0.38227652803625817, 0.022852470150670372]]	[[0.07652163888548012, 0.06159502957225027, 0.0175676083297567], [0.03526162838212643, -0.01396691871165296, 0.037448434956231486], [-0.005987050893252018, -0.036090704935883657, -0.056396384589481464]]	0.49071428563822544	[[-0.46723727656570885, -0.46723727656570896, 0.6607732933654944], [0.5, 0.5000000000000001, 0.7071067811865475], [-0.6607732933654944, 0.6607732933654943, 0.0]]
6	[[0.8489524140446696, -0.5135124485683378, 0.12483895166604869], [0.522794976890395, 0.7815435453534784, -0.34040431673891397], [0.0772347773085365, 0.35425224329800037, 0.9319550081910795]]	0.8507818003736763	0.14921819962632377	[[0.7222732632525026, -0.4368870455072652, 0.10621070805520327], [0.4447844516651247, 0.6649230245862583, -0.28960979745010446], [0.06570994289001664, 0.30139136133948646, 0.7928903597360711]]	0.9060279863688528	0.15363362870712904	[[0.7609456773522845, -0.47270857306069264, 0.05511017412639044], [0.5007142010839065, 0.6737448373997601, -0.28693543725983217], [0.020155076323503357, 0.28576564674269794, 0.8443773194577314]]	[[-0.008228968867584304, -0.007451923308982399, -0.057997409871998216], [0.027047320888150966, -0.03435548725642615, 0.02148040038639124], [-0.049821793438996745, -0.035196799919238284, 0.0]]	0.43225353653252363	[[0.6952273872626136, -0.6952273872626136, 0.0], [0.7071067811865475, 0.7071067811865476, 0.0], [0.0, 0.0, 0.9832000000000001]]
6	[[0.5319609947059123, -0.8460851799387872, 0.03402011756955908], [-0.703274286200726, -0.4190807785627857, 0.5742617690636116], [-0.47161719485230363, -0.3294103357928521, -0.8179645788128509]]	0.8198102549184784	0.18018974508152166	[[0.43610707867654125, -0.6936293070483638, 0.027890041257056845], [-0.5765514718478281, -0.3435667199049917, 0.4707856872859758], [-0.3866366127358047, -0.2700539713591196, -0.6705757498708491]]	0.8607917158726169	0.1847682729029099	[[0.5155795535976381, -0.7081226686664837, 0.005612736329155421], [-0.5995003738656276, -0.38954632176400833, 0.5661882102275596], [-0.36962989889680753, -0.3672793201495148, -0.7040971333193362]]	[[0.05767193618743177, 0.02018044514741673, -0.023671499047733503], [0.005872305682185154, -0.028805059295715755, 0.07186843667524898], [0.03633427549513728, -0.08372563197621063, 1.0586881644279109e-17]]	0.31385283796916646	[[0.649672302036954, -0.649672302036954, 0.0], [-0.5, -0.5000000000000001, 0.7071067811865475], [-0.45938769031940496, -0.4593876903194051, -0.649672302036954]]
6	[[0.034229894132735264, 0.2773841392786001, 0.9601491309293217], [-0.1827544195208179, -0.9427759796974285, 0.2788803941677556], [0.9825625356654255, -0.18501754344446375, 0.018422055382213542]]	0.8802475001588274	0.11975249984117284	[[0.030130778741041538, 0.24416669518369571, 0.8451688722802059], [-0.16086912092617756, -0.8298761993384508, 0.24548376980947528], [0.8648982157692093, -0.16286123010251644, 0.016215968197980934]]	0.9253098604948777	0.12434659160264533	[[0.009820422591963791, 0.24001534168593647, 0.872262261307964], [-0.16425880853913388, -0.827272952664573, 0.25274117172671373], [0.9059780320054363, -0.16268602302806412, 0.0]]	[[-0.021852835972751915, -0.016650937533436737, -0.016173197086524826], [0.004845657892496467, 0.04508695758717646, -0.005309606895408707], [-0.0031967707986319126, 0.008512534285637616, -0.017046109495744928]]	0.3454720061891846	[[0.0, 0.0, 0.9832000000000001], [0.0, -1.0, 0.0], [0.9832000000000001, 0.0, 0.0]]
6	[[0.04673222253661188, -0.9725397674033924, -0.22799671093185395], [-0.8377629715199755, -0.16246744520517667, 0.5213036857710898], [-0.5440306084466285, 0.16664552219444034, -0.8223502702654952]]	0.7898940695286055	0.2101059304713945	[[0.036913505437560695, -0.7682033946526691, -0.1800932498370992], [-0.6617440028742907, -0.1283320714590327, 0.41177468981398757], [-0.42972655125403064, 0.13163230969488607, -0.6495696015579608]]	0.8135192450031177	0.21391901424135526	[[-0.03653226501091409, -0.7911798173135155, -0.29556964426339327], [-0.8003915604010982, -0.13944832988286057, 0.5066174602050803], [-0.4491538206868265, 0.27381559440087117, -0.6689977709944954]]	[[-0.07454982740621624, 8.276693486821278e-18, -0.11008993212291746], [-0.11885526031859928, -0.007277936521959897, 0.08252687933924069], [-0.006574450844738547, 0.13824625500209972, 0.0]]	0.35186289314246555	[[-0.1322910734406726, -0.7710488808034057, -0.451669977122039], [-0.8535533905932738, -0.14644660940672602, 0.5], [-0.451669977122039, 0.4516699771220391, -0.6387578073627334]]
6	[[-0.8305561570912853, 0.32773595720904825, 0.4502950280316503], [-0.5100865793185324, -0.772219296347621, -0.37879947194723407], [0.22358030216652452, -0.5443036842615101, 0.808545204538665]]	0.8235412513165159	0.17645874868348416	[[-0.6839972568995937, 0.26990408030135565, 0.37083653084679086], [-0.42007733981174544, -0.6359544456048792, -0.3119569911254606], [0.18412760181594434, -0.44825653723291387, 0.6658703294917403]]	0.8297201552851272	0.1652076986907992	[[-0.6961970111604354, 0.2789969568336469, 0.3770702237392407], [-0.43429407257207636, -0.6666764972399511, -0.31429755668598325], [0.19188803620663566, -0.44455190990209154, 0.6808616702081339]]	[[-0.007067827525635633, 0.007067827525635639, 0.003451363156699116], [-0.011064956771044219, -0.025950582760231503, -1.9848362502911217e-18], [0.006378953174331272, 0.00706782752563564, 0.009995417543267791]]	0.3963890161863656	[[-0.649672302036954, 0.4593876903194051, 0.45938769031940496], [-0.7071067811865475, -0.5000000000000001, -0.5], [0.0, -0.649672302036954, 0.649672302036954]]
6	[[0.22433838825039393, -0.7661379269479729, -0.6022499185961573], [-0.9416906372873723, -0.011392912655017143, -0.3362869982418849], [0.2507808429735371, 0.642575192824231, -0.724020780340167]]	0.8164538145431814	0.18354618545681878	[[0.1831619328355034, -0.6255162329228775, -0.4917092433461532], [-0.7688469129328745, -0.009301786995946072, -0.2745628024958632], [0.2047509758600989, 0.5246329673121637, -0.5911295279172601]]	0.8275533314160995	0.16582994125480932	[[0.17479136643224433, -0.6973202917502287, -0.46131347042477594], [-0.8493728410568389, -0.02145097477140136, -0.31934360018475855], [0.24461497811263694, 0.49468478545248623, -0.6516054926363116]]	[[-0.010860614128887527, -0.06330029798020971, 0.037080456054548606], [-0.07007361700632393, -0.01202273194920925, -0.0410481744777666], [0.037080456054548606, -0.03708045605454861, -0.05243968385132221]]	0.3229632399647089	[[0.1322910734406726, -0.7710488808034057, -0.451669977122039], [-0.8535533905932738, 0.14644660940672602, -0.5], [0.451669977122039, 0.4516699771220391, -0.6387578073627334]]
6	[[-0.3195682178843842, -0.5708200961323295, -0.7563336379995778], [0.910087742671785, 0.03735879733279218, -0.41272826520656647], [0.2638493031197415, -0.8202248094963509, 0.507557688474819]]	0.8011034554718716	0.19889654452812855	[[-0.2560072036061681, -0.4572859514643951, -0.6059014908910731], [0.7290744354369627, 0.02992826163557317, -0.3306380394278914], [0.2113705884530702, -0.6570849291512841, 0.4066062180884932]]	0.8254073466222253	0.18938574340860473	[[-0.2912621015759937, -0.4971616929016872, -0.6244633144043624], [0.7885046920098668, 0.007125832626979255, -0.30552537708572736], [0.18324766879487145, -0.6659097930645204, 0.44103256699028304]]	[[-0.02748814678725102, -0.026002591954457595, -0.00017997310199636962], [0.03731158313773815, -0.023710393152478252, 0.035143565174418724], [-0.034535484401317595, 0.011109790575582722, 0.022090722088572726]]	0.4407383207666801	[[-0.1322910734406726, -0.7710488808034057, -0.451669977122039], [0.8535533905932738, 0.14644660940672602, -0.5], [0.451669977122039, -0.4516699771220391, 0.6387578073627334]]
6	[[-0.30792515101507295, 0.09349718223056193, 0.9468053539599837], [0.3027085282091916, -0.9338174967034747, 0.1906631317268273], [0.9019698710720718, 0.34531602882779927, 0.2592434992682147]]	0.8370016623611909	0.16299833763880914	[[-0.2577338632824368, 0.07825729695306755, 0.7924776551969821], [0.2533675413220028, -0.7816067970827743, 0.15958535820634512], [0.7549502814870331, 0.28903009016883285, 0.21698723984382787]]	0.8530255801106396	0.2579886944266407	[[-0.2600412108594924, 0.08025025825840904, 0.7471569102115547], [0.24328979806046963, -0.8497653793718667, 0.11940866059794666], [0.6835492700663554, 0.2670534311220732, 0.1797909526010834]]	[[0.0026268197157963994, 0.00049477014747378, -0.06049227610201983], [-0.014928319819613955, -0.053195167528919854, -0.04323186794904148], [-0.08585410244721732, -0.027509974690262624, -0.041350383752097604]]	0.38100176435753913	[[-0.451669977122039, -0.13229107344067245, 0.7710488808034058], [0.5, -0.8535533905932737, 0.14644660940672619], [0.6387578073627334, 0.4516699771220391, 0.451669977122039]]
6	[[0.8787972042104137, -0.3840163418041313, 0.28327887866788265], [-0.395223040501579, -0.9183905790867732, -0.018907472103605397], [0.2674214316928388, -0.09534250611366366, -0.9588511794847616]]	0.8111357923358347	0.18886420766416537	[[0.7128238665397302, -0.31148939967920275, 0.22977763770027976], [-0.3205795541066259, -0.7449394700413158, -0.015336527365825657], [0.21691509488375407, -0.07733571923979075, -0.7777585112035217]]	0.8509370235613232	0.2440887510547296	[[0.6952227112132108, -0.31570444470548736, 0.14821348992223815], [-0.3599060140418693, -0.8405051757587927, -0.025148553769566588], [0.13487154385748462, -0.05652096742870343, -0.8159219687090271]]	[[-0.05257836605161109, 0.011069278188227876, -0.09283899592919914], [-0.023596096314599337, -0.05901262992393373, -0.009059485734655846], [-0.09268725326372734, 0.024609500942534765, 0.0]]	0.47469069421522236	[[0.6835475671566018, -0.6835475671566017, 0.0], [-0.7071067811865475, -0.7071067811865476, 0.0], [0.0, 0.0, -0.9666822400000001]]
6	[[0.3802729664721569, 0.7767473726770865, -0.5020517802076895], [0.4287143634067757, 0.332951791095048, 0.839849450446521], [0.8195098935212374, -0.5346088512602871, -0.20639019011321075]]	0.8040166945680968	0.19598330543190334	[[0.3057458135365483, 0.6245178550942847, -0.40365801282461505], [0.34469350538018156, 0.267698798526768, 0.6752529790828444], [0.6588996357547983, -0.4298344414771433, -0.16594115844610477]]	0.8651532482212936	0.22517099243513158	[[0.3338381376072352, 0.6293316734841352, -0.4155284655583043], [0.40056164715435355, 0.30804502708827025, 0.7270347808871955], [0.6690664796698127, -0.44937533772515503, -0.08452564455319694]]	[[0.004843745453101582, -0.042673839034802014, 0.018823262863661126], [0.029658023093857466, 0.019990703521291935, 0.0004363008165194672], [-0.03993516665957235, 0.013143246470536774, 0.09403349882425767]]	0.37417564024344396	[[0.46723727656570885, 0.46723727656570896, -0.6607732933654944], [0.5, 0.5000000000000001, 0.7071067811865475], [0.6607732933654944, -0.6607732933654943, 0.0]]
6	[[0.8592155572171323, 0.2624339665249735, -0.4391776855101157], [-0.4266000482917053, 0.8413623931712975, -0.33184593135155627], [0.2824199444684594, 0.4724804086637203, 0.8348660002631537]]	0.8267460787108893	0.1732539212891107	[[0.7103530926966558, 0.21696625274506665, -0.3630884293528123], [-0.3526899171030434, 0.69559305932918, -0.2743523224810622], [0.233489581639046, 0.39062132513044934, 0.6902221919666068]]	0.8496616515288958	0.18869829716891895	[[0.7438943021877217, 0.16131287443810002, -0.34424574103706285], [-0.35564467899567653, 0.7542167489103957, -0.3868983375847415], [0.2674113918897621, 0.3950405133262774, 0.719237621536427]]	[[0.013851792823292464, -0.06166720297678793, 0.028906696548100082], [0.006821022578160571, 0.039343388394166574, -0.10494157549943356], [0.027449995447991773, -0.006407971013986931, 0.00988399694751212]]	0.4329058216387882	[[0.7842238413378821, -0.13455153930092803, -0.45938769031940496], [-0.14644660940672619, 0.8535533905932737, -0.5], [0.45938769031940496, 0.4593876903194051, 0.649672302036954]]
6	[[-0.5446221603179724, 0.8109226453022452, -0.2139887049042392], [-0.8354447797583356, -0.5021691245819775, 0.22328947644507607], [0.07361197229480154, 0.30038414347728, 0.9509735242804028]]	0.8270775750086897	0.17292242499131028	[[-0.4504447756517823, 0.6706959349962128, -0.17698525913144827], [-0.6909776424961933, -0.41533282180349856, 0.18467771870315347], [0.06088281153719134, 0.24844098895825106, 0.7865288763593029]]	0.8663095962183865	0.15891955909872651	[[-0.4858816009938364, 0.6884398722189454, -0.13977447737358506], [-0.7609830570238868, -0.4474425071474271, 0.20225925405525785], [0.05803971414317089, 0.22035071873128415, 0.8403785857730917]]	[[-0.014070197197188456, -0.014070197197188454, 0.045605991167301865], [-0.037229227208684226, -0.012408575597473622, 0.008821437876309086], [-0.0057310438523776935, -0.039874947314924164, 0.016541095939359915]]	0.3897141598808246	[[-0.6835475671566018, 0.6835475671566017, 0.0], [-0.7071067811865475, -0.7071067811865476, 0.0], [0.0, 0.0, 0.9666822400000001]]
6	[[0.08740825448676931, -0.06334395238859675, -0.994156597696443], [0.7119981850616444, -0.6940087028176986, 0.10681996481098455], [-0.6967197295301035, -0.717174639895393, -0.015561310176609944]]	0.8905617241986962	0.10943827580130389	[[0.07784244582493569, -0.05641169945674884, -0.8853578137680538], [0.6340783313148404, -0.6180575869902302, 0.09512977204091445], [-0.6204719236135782, -0.6386882838568202, -0.01385830722167247]]	0.9432089802952246	0.08976393299608158	[[0.06972224678426973, -0.0613061196076973, -0.9071407562765867], [0.6775991789825697, -0.6600893066814882, 0.1055161391725682], [-0.6517228712331685, -0.6716310773046625, 0.0]]	[[-0.01272200379958144, -0.0015595348673796954, 0.030556674490445142], [0.006036096878525446, -0.0054940657807952655, 0.004762589088027685], [0.005429434408485263, 0.004814483484665842, 0.014677567503737967]]	0.1348578900845463	[[0.0, 0.0, -0.9504419783680003], [0.7071067811865475, -0.7071067811865476, 0.0], [-0.672063968028371, -0.6720639680283709, 0.0]]
