6	[[0.08740825448676931, -0.06334395238859675, -0.994156597696443], [0.7119981850616444, -0.6940087028176986, 0.10681996481098455], [-0.6967197295301035, -0.717174639895393, -0.015561310176609944]]	0.6473631449250773	0.3526368550749229	[[0.05658488251696648, -0.041006540230266356, -0.6435803416327841], [0.4609213842624531, -0.4492756564614386, 0.06915130836082505], [-0.451030675239957, -0.4642724303431913, -0.010073818695084821]]	0.8522661763037424	0.24548713980954442	[[0.04892116616208041, -0.048921166162080414, -0.752181735402802], [0.6734901454916805, -0.6651651221331227, 0.09499482941443957], [-0.5400965413772463, -0.5471925816033852, 0.0]]	[[-0.025573932666742908, 0.005064741932115238, 0.09510430676308332], [0.06667817477398856, -0.07368497866116253, 0.003955786452081472], [0.05369411846475269, 0.0640311064822745, 0.013262378322495869]]	0.25308099784817184	[[0.0, 0.0, -0.7883768692719999], [0.7071067811865475, -0.7071067811865476, 0.0], [-0.5574666303928515, -0.5574666303928514, 0.0]]
6	[[-0.42203838922340475, -0.825029846081567, 0.3757783270710803], [0.2588054115689476, 0.28760896992378115, 0.9221175843470338], [-0.8688517462515349, 0.4864224845687207, 0.09214016247897017]]	0.5588763425309994	0.4411236574690007	[[-0.23586727137685076, -0.46108966285697955, 0.21001361703590302], [0.1446402218448834, 0.16073784919011105, 0.5153497029233906], [-0.4855806861467298, 0.2718500191006081, 0.05149495700645886]]	0.756038861980172	0.3918608773137309	[[-0.22938464110231738, -0.4989496863214799, 0.2765955741161822], [0.26859276730159914, 0.23571947676255595, 0.8290454368889411], [-0.5799225893374249, 0.3004688920508699, 0.023929978396112266]]	[[0.08969278239809043, 0.12480493960970457, -0.007507444639450245], [0.07292581846470192, 0.01827591844609082, 0.13188870780730447], [0.07696309612807073, -0.06728540962403355, -0.04573156518715647]]	0.5670101977346281	[[-0.3641512759167367, -0.36415127591673674, 0.5149876731569162], [0.5, 0.5000000000000001, 0.7071067811865475], [-0.5149876731569162, 0.5149876731569161, 0.0]]
6	[[-0.30792515101507295, 0.09349718223056193, 0.9468053539599837], [0.3027085282091916, -0.9338174967034747, 0.1906631317268273], [0.9019698710720718, 0.34531602882779927, 0.2592434992682147]]	0.6164356475793211	0.383564352420679	[[-0.1898160398719368, 0.05763499607513822, 0.5836445714998909], [0.1866003276144162, -0.575638393301307, 0.11753155107552814], [0.5560063815713493, 0.2128651098499839, 0.1598069343521312]]	0.8029887011830441	0.2961783132996068	[[-0.17845931351631208, 0.07399439084661989, 0.7339281487930482], [0.2610193262936916, -0.8369023179904362, 0.13273330960541155], [0.674837383387549, 0.24730159832778859, 0.10446492266969222]]	[[0.068801103558874, -0.0010827900769734278, -0.026345852656431357], [0.017947798389962067, -0.0870574191705115, -0.02036703090340515], [-0.04943423189085173, -0.02998327115833257, -0.10370467809783898]]	0.4814975371167276	[[0.0, 0.0, 0.9238], [0.0, -1.0, 0.0], [0.9238, 0.0, 0.0]]
6	[[-0.8305561570912853, 0.32773595720904825, 0.4502950280316503], [-0.5100865793185324, -0.772219296347621, -0.37879947194723407], [0.22358030216652452, -0.5443036842615101, 0.808545204538665]]	0.5448830789764588	0.4551169210235412	[[-0.4525559961387549, 0.17857777745536313, 0.24535814132167644], [-0.27793754588365155, -0.4207692278389263, -0.20640142258926567], [0.12182512344298291, -0.2965818673786419, 0.4405626005406784]]	0.73139090108378	0.4288848489993906	[[-0.49599307546831506, 0.182841667888367, 0.2578217903525234], [-0.4465163314400188, -0.6758359025932748, -0.26959598597319573], [0.15809546646008113, -0.3686260131451341, 0.47034086420710974]]	[[0.11146814066736163, -0.056861429172313974, -0.07151989595309126], [-0.07344364856149428, -0.11104173560330559, 0.0074545011443519285], [-0.005429132206077067, 0.029472748950113137, -0.12102174150739371]]	0.5308328787836227	[[-0.4757456124623591, 0.33640294869188136, 0.3364029486918813], [-0.7071067811865475, -0.5000000000000001, -0.5], [0.0, -0.475745612462359, 0.4757456124623591]]
6	[[0.04673222253661188, -0.9725397674033924, -0.22799671093185395], [-0.8377629715199755, -0.16246744520517667, 0.5213036857710898], [-0.5440306084466285, 0.16664552219444034, -0.8223502702654952]]	0.5460367561885324	0.45396324381146747	[[0.025517511203372197, -0.5310424598572983, -0.12449458445888406], [-0.45744937542363323, -0.08871319676607281, 0.28465097356757185], [-0.2970607087034707, 0.0909945803723963, -0.449033474026534]]	0.7129987286830425	0.45308367857066	[[-0.00435747396314792, -0.7202419792989434, -0.11447013527118434], [-0.6736806758839101, -0.1519760030165918, 0.2813696159720632], [-0.2500843451666537, 0.022380235417563864, -0.5196076331745222]]	[[-0.03767748922028512, -0.026822361546622743, 0.048091229767142696], [-0.07635674225243967, -0.036136921132919095, -0.09031924924050812], [0.13780878702045454, -0.09643781004779384, 0.06672706405693225]]	0.471795822196268	[[-0.09102214560519645, -0.5305159423979237, -0.31076904400155997], [-0.8535533905932738, -0.14644660940672602, 0.5], [-0.31076904400155997, 0.31076904400156, -0.4394937967927274]]
6	[[0.8787972042104137, -0.3840163418041313, 0.28327887866788265], [-0.395223040501579, -0.9183905790867732, -0.018907472103605397], [0.2674214316928388, -0.09534250611366366, -0.9588511794847616]]	0.5987352012050621	0.4012647987949381	[[0.5261668208813682, -0.22992410167612837, 0.16960903641635908], [-0.23663394667558932, -0.5498727681543526, -0.01132056911423127], [0.16011462471115756, -0.057084914581359274, -0.5740979538745199]]	0.799100386521452	0.3568455292577093	[[0.5600566336172383, -0.2382606443338067, 0.22837150065144524], [-0.3454938795419824, -0.8473775404524432, -0.022969332220468403], [0.2049327882152998, -0.07618823348735253, -0.6506279367124894]]	[[-0.14219055194127467, 0.06860696283242863, 0.0020032392145767314], [-0.029670995114987088, -0.11349127372654248, -0.007860363954333757], [-0.008763781214567737, 0.0, 0.11559041143033372]]	0.5071607936685677	[[0.6034494808322705, -0.6034494808322703, 0.0], [-0.7071067811865475, -0.7071067811865476, 0.0], [0.0, 0.0, -0.8534064399999999]]
6	[[0.22433838825039393, -0.7661379269479729, -0.6022499185961573], [-0.9416906372873723, -0.011392912655017143, -0.3362869982418849], [0.2507808429735371, 0.642575192824231, -0.724020780340167]]	0.5239588824762047	0.47604111752379547	[[0.1175440912041893, -0.40142477202629595, -0.31555419431902776], [-0.49340717395139655, -0.005969417782871821, -0.1762005597900954], [0.13139885023085504, 0.3366829799391158, -0.37935711895658353]]	0.7033338478178155	0.4839220567429084	[[0.19117255281346318, -0.43220596159726665, -0.34049306210590913], [-0.8134804778390783, 0.044696908757304005, -0.2050335879643497], [0.14932648532600884, 0.3404930621059091, -0.362065740400081]]	[[0.03338777099206652, 0.10664477452221556, 0.08308969048829234], [-0.15115757846173983, 0.0527099298528096, 0.031488440480218205], [-0.027056169921564347, -0.11145182077543214, 0.14716258093662596]]	0.49315663417481104	[[0.09102214560519645, -0.5305159423979237, -0.31076904400155997], [-0.8535533905932738, 0.14644660940672602, -0.5], [0.31076904400155997, 0.31076904400156, -0.4394937967927274]]
6	[[0.8489524140446696, -0.5135124485683378, 0.12483895166604869], [0.522794976890395, 0.7815435453534784, -0.34040431673891397], [0.0772347773085365, 0.35425224329800037, 0.9319550081910795]]	0.6876079429235976	0.31239205707640233	[[0.5837464230612777, -0.35309523842573454, 0.08584025475183019], [0.35947797863039427, 0.5373955495257209, -0.23406471199515738], [0.05310724634728494, 0.24358665629020787, 0.6408196660796127]]	0.8302289472516815	0.25551957266551906	[[0.665633017620009, -0.41263975445412715, 0.05034421361781827], [0.4769456737595425, 0.624479054607031, -0.2643866324042966], [0.029543053553158605, 0.2292374655969261, 0.7329109355492798]]	[[-0.03919185135907051, 0.013693145121397141, -0.05330069779988887], [0.04290615046736275, -0.02438102028313416, 0.01822688512177989], [-0.03457949430292571, -0.06487300141791921, -0.04082508978713224]]	0.4531002501937494	[[0.6532252444601326, -0.6532252444601325, 0.0], [0.7071067811865475, 0.7071067811865476, 0.0], [0.0, 0.0, 0.9238]]
6	[[0.034229894132735264, 0.2773841392786001, 0.9601491309293217], [-0.1827544195208179, -0.9427759796974285, 0.2788803941677556], [0.9825625356654255, -0.18501754344446375, 0.018422055382213542]]	0.7742812734700045	0.22571872652999547	[[0.026503566019837704, 0.2147733446010156, 0.7434254918170736], [-0.14150332467885032, -0.7299737861570561, 0.2159318667420267], [0.7607797713789425, -0.14325561915247131, 0.014263852501275254]]	0.8761023308825215	0.190617227211166	[[0.009199836254081705, 0.2142934147336524, 0.7908179711412973], [-0.16792193715453843, -0.8240634845528858, 0.2568263845545482], [0.8205363876540597, -0.14635750748434104, 0.0]]	[[-0.020789053781469606, -0.02872347623817117, -0.050370920460708964], [-0.007810364233267673, 0.0019047487600841947, 0.012498621186741127], [-0.04028894008026021, 0.015736793581511838, -0.01613960566000418]]	0.3721486418775671	[[0.0, 0.0, 0.9238], [0.0, -1.0, 0.0], [0.9238, 0.0, 0.0]]
6	[[0.8592155572171323, 0.2624339665249735, -0.4391776855101157], [-0.4266000482917053, 0.8413623931712975, -0.33184593135155627], [0.2824199444684594, 0.4724804086637203, 0.8348660002631537]]	0.5657284723265094	0.43427152767349075	[[0.48608270458361874, 0.1484663669687595, -0.24845532110352994], [-0.24133979361448152, 0.47598266136177403, -0.18773469179128366], [0.15977300373867914, 0.2672956197975313, 0.47230746692621706]]	0.7473396257113967	0.44653973752461823	[[0.47064215507698404, 0.19115320241950357, -0.2876007889686222], [-0.35404876248532313, 0.7495140801808365, -0.25067774232560086], [0.23955513021904573, 0.3136210146572073, 0.46795998504354186]]	[[-0.1714836778590767, -0.004974099897227366, 0.040614098141305205], [-0.035233642066536335, 0.12073062418055377, -0.002676128195479004], [0.028491514626553808, -0.0394823171095051, -0.15596845911229415]]	0.5419119701355797	[[0.5742757549230609, -0.09853014246070183, -0.3364029486918813], [-0.14644660940672619, 0.8535533905932737, -0.5], [0.3364029486918813, 0.33640294869188136, 0.4757456124623591]]
6	[[-0.5446221603179724, 0.8109226453022452, -0.2139887049042392], [-0.8354447797583356, -0.5021691245819775, 0.22328947644507607], [0.07361197229480154, 0.30038414347728, 0.9509735242804028]]	0.612308416768188	0.387691583231812	[[-0.3334767327211679, 0.49653476106648864, -0.1310270851061897], [-0.511549870391074, -0.3074823816226576, 0.13672202580308213], [0.04507323021101367, 0.18392773931484155, 0.5822890930405974]]	0.7726591453519301	0.3266255701372773	[[-0.44676820906413095, 0.5927228926193807, -0.09045022890657604], [-0.7325051520772139, -0.39592977810411933, 0.10349536408468968], [0.07006069345932461, 0.09576547321306535, 0.7099212968706318]]	[[-0.025960916133124547, -0.033843905446378636, 0.07489010093969983], [-0.08699110256040692, -0.007924211482481685, -0.06903129195144271], [0.013183729858353314, -0.1363290823633614, -0.024857093652177305]]	0.4323587583293345	[[-0.6034494808322705, 0.6034494808322703, 0.0], [-0.7071067811865475, -0.7071067811865476, 0.0], [0.0, 0.0, 0.8534064399999999]]
6	[[0.3802729664721569, 0.7767473726770865, -0.5020517802076895], [0.4287143634067757, 0.332951791095048, 0.839849450446521], [0.8195098935212374, -0.5346088512602871, -0.20639019011321075]]	0.5705695606488218	0.42943043935117836	[[0.2169721794066427, 0.44318840716349195, -0.28645546365606017], [0.2446113659728434, 0.18997215716233992, 0.479192531952426], [0.4675873998937751, -0.3050315373825534, -0.11775996009512149]]	0.7601217222750868	0.3677439233819217	[[0.30252493304084394, 0.448038681727039, -0.3614481036726699], [0.40964446552176165, 0.31228254099369296, 0.7137839619717895], [0.5488758186467148, -0.38751137960420456, -0.04032348365816943]]	[[0.013471190831371684, -0.14238386896491662, 0.020172360170072363], [0.08376936524493585, 0.059198652111950224, 0.07539615124659471], [-0.07405145303812104, 0.01885642115927051, 0.11655818311136691]]	0.452495014062302	[[0.3641512759167367, 0.36415127591673674, -0.5149876731569162], [0.5, 0.5000000000000001, 0.7071067811865475], [0.5149876731569162, -0.5149876731569161, 0.0]]
6	[[0.5319609947059123, -0.8460851799387872, 0.03402011756955908], [-0.703274286200726, -0.4190807785627857, 0.5742617690636116], [-0.47161719485230363, -0.3294103357928521, -0.8179645788128509]]	0.5870624743985726	0.41293752560142744	[[0.3122943378355788, -0.496704859286826, 0.019971934399715705], [-0.4128659426378881, -0.24602659883594924, 0.33712753509898563], [-0.2768687573789071, -0.19338444682301648, -0.4801963096082585]]	0.7187353634376529	0.4692008874293426	[[0.4404286436706085, -0.5683491075208205, 0.0887357189815241], [-0.5195699732919687, -0.3474158831434755, 0.33652565612617724], [-0.24498150002724745, -0.10876474284973014, -0.5140954182868316]]	[[0.05808946480599933, 0.03976223178169551, 0.0642842574159754], [-0.014101873603134203, -0.046207707453417096, -0.07621658517010702], [0.09398645591836927, 0.1279941145664647, 0.07380465054534924]]	0.4585976668585926	[[0.4757456124623591, -0.475745612462359, 0.0], [-0.5, -0.5000000000000001, 0.7071067811865475], [-0.3364029486918813, -0.33640294869188136, -0.4757456124623591]]
6	[[-0.3195682178843842, -0.5708200961323295, -0.7563336379995778], [0.910087742671785, 0.03735879733279218, -0.41272826520656647], [0.2638493031197415, -0.8202248094963509, 0.507557688474819]]	0.5393784329615425	0.4606215670384574	[[-0.17236820458679195, -0.3078880489548129, -0.4079500524603149], [0.490881700499815, 0.020150529562689333, -0.22261672492605372], [0.14231462365472122, -0.44241157242232143, 0.27376567064713064]]	0.6920497814669199	0.4856061873065001	[[-0.23077385349720964, -0.36919147335399743, -0.40082826135482647], [0.789128881357487, 0.013001257175886377, -0.21625641569266554], [0.1575000993993287, -0.4008282613548264, 0.30728103391431466]]	[[-0.009616738146548488, 0.02584444943130743, 0.12259226753886178], [0.15930285792575583, -0.01285289035413939, 0.06937209004875976], [-0.02509675316488738, 0.16680813881086917, -0.043974153476538845]]	0.5327480478184989	[[-0.09102214560519645, -0.5305159423979237, -0.31076904400155997], [0.8535533905932738, 0.14644660940672602, -0.5], [0.31076904400155997, -0.31076904400156, 0.4394937967927274]]
