6	[[0.8489524140446696, -0.5135124485683378, 0.12483895166604869], [0.522794976890395, 0.7815435453534784, -0.34040431673891397], [0.0772347773085365, 0.35425224329800037, 0.9319550081910795]]	0.657487899068363	0.342512100931637	[[0.558175939119245, -0.33762822095464723, 0.08208010005280725], [0.34373137099915924, 0.5138554236648983, -0.22381171904647015], [0.05078093146760255, 0.23291656318625684, 0.612749140361792]]	0.8130730088099674	0.2818671105883717	[[0.6399021523526516, -0.39576680201722925, 0.05171686231192948], [0.47654401559695725, 0.6248054318482174, -0.2646531006871325], [0.0248392022753117, 0.22434662406146, 0.7074893384240121]]	[[-0.05035814127113321, 0.02175630960160269, -0.04978631973586681], [0.05147353074594646, -0.01064653008834449, 0.012120461335677445], [-0.03795831049570787, -0.06368631327452573, -0.05025812416142679]]	0.45959620538927076	[[0.6413458505361986, -0.6413458505361985, 0.0], [0.7071067811865475, 0.7071067811865476, 0.0], [0.0, 0.0, 0.907]]
6	[[0.8592155572171323, 0.2624339665249735, -0.4391776855101157], [-0.4266000482917053, 0.8413623931712975, -0.33184593135155627], [0.2824199444684594, 0.4724804086637203, 0.8348660002631537]]	0.5184324586645307	0.4815675413354692	[[0.4454452338508927, 0.1360542865026272, -0.22768396728960738], [-0.22116331190227642, 0.4361895741196694, -0.17203970208840844], [0.14641566618668367, 0.24494917993435478, 0.4328216331718496]]	0.7304621009995754	0.47238509150728	[[0.4461509424147474, 0.17728604359337735, -0.282122512058845], [-0.3497205239468701, 0.7495999288840602, -0.25479872376041873], [0.23444768686240405, 0.3052134027526399, 0.4408365204488478]]	[[-0.18147345872159987, -0.014412022968107053, 0.03868014281100497], [-0.038105356385190706, 0.13501658746612363, -0.01239784753720007], [0.0281506208617898, -0.039915629240999145, -0.16900145215648754]]	0.5767054001296908	[[0.5239225933669132, -0.08989090575439394, -0.3069067495606535], [-0.14644660940672619, 0.8535533905932737, -0.5], [0.3069067495606535, 0.30690674956065356, 0.4340316876125192]]
6	[[0.034229894132735264, 0.2773841392786001, 0.9601491309293217], [-0.1827544195208179, -0.9427759796974285, 0.2788803941677556], [0.9825625356654255, -0.18501754344446375, 0.018422055382213542]]	0.7362488311872109	0.2637511688127893	[[0.02520171954688831, 0.20422374833373985, 0.7069086754121292], [-0.13455272776649935, -0.6941177131236094, 0.2053253642470387], [0.7234105184520115, -0.13621895011011545, 0.01356321674322079]]	0.8610514814228427	0.2136793232416751	[[0.009238295923884105, 0.20718074750380894, 0.7682258521755163], [-0.16902107672554795, -0.8230699370415603, 0.2581258808602429], [0.7968409611269194, -0.14192439084943675, 0.0]]	[[-0.02023540512805467, -0.03166127654522988, -0.058511979398031], [-0.011660113060576006, -0.01129128307321764, 0.01799550432231061], [-0.04919596579838022, 0.01738523902263393, -0.015862338077708624]]	0.38016948276680745	[[0.0, 0.0, 0.907], [0.0, -1.0, 0.0], [0.907, 0.0, 0.0]]
6	[[-0.8305561570912853, 0.32773595720904825, 0.4502950280316503], [-0.5100865793185324, -0.772219296347621, -0.37879947194723407], [0.22358030216652452, -0.5443036842615101, 0.808545204538665]]	0.5104332386957873	0.4895667613042127	[[-0.4239434691828317, 0.16728732607527844, 0.22984554952680558], [-0.26036514469681415, -0.39416639641809814, -0.19335184128228064], [0.1141228177434419, -0.27783069239165187, 0.41270834738461853]]	0.7093311319512954	0.4429379784446991	[[-0.48820944562294766, 0.16352074495264507, 0.2458217339525641], [-0.4374154388069355, -0.6701401828851916, -0.2664824246255687], [0.1425379679730697, -0.3412062034819854, 0.4553249907074597]]	[[0.10092989343573171, -0.06895257255559044, -0.07358654799316663], [-0.07559514810575678, -0.12238099529230057, 0.0022118335933159275], [-0.016054500844723804, 0.04488534500049206, -0.11820129446174316]]	0.5691961773631571	[[-0.4340316876125192, 0.30690674956065356, 0.3069067495606535], [-0.7071067811865475, -0.5000000000000001, -0.5], [0.0, -0.43403168761251915, 0.4340316876125192]]
6	[[0.08740825448676931, -0.06334395238859675, -0.994156597696443], [0.7119981850616444, -0.6940087028176986, 0.10681996481098455], [-0.6967197295301035, -0.717174639895393, -0.015561310176609944]]	0.5961407644761668	0.4038592355238334	[[0.05210762365126999, -0.03776191220187998, -0.5926572741597824], [0.42445114234829195, -0.41372687865085567, 0.06367973548373755], [-0.4153430321877042, -0.42753703809015914, -0.009276731344935004]]	0.8291013854636435	0.2881850526745841	[[0.04643263998003763, -0.046432639980037646, -0.7094210134533644], [0.6786871430972017, -0.6638427927816676, 0.09703071380237951], [-0.5097934357675752, -0.5208694385456257, 0.0]]	[[-0.02603766491590152, 0.006085918706090983, 0.11483559906457859], [0.08836846141499283, -0.08843921575168773, 0.0084661329824146], [0.06785785726568859, 0.07374104901103436, 0.012901903827056796]]	0.2892539548743462	[[0.0, 0.0, -0.7461426430000001], [0.7071067811865475, -0.7071067811865476, 0.0], [-0.5276025225977533, -0.5276025225977533, 0.0]]
6	[[-0.5446221603179724, 0.8109226453022452, -0.2139887049042392], [-0.8354447797583356, -0.5021691245819775, 0.22328947644507607], [0.07361197229480154, 0.30038414347728, 0.9509735242804028]]	0.5721995954351189	0.42780040456488105	[[-0.3116325797989443, 0.46400960957112114, -0.1224442503738907], [-0.4780411649861017, -0.2873409699258152, 0.12776614808679201], [0.042120740766266616, 0.17187968537282436, 0.5441466658627557]]	0.7518828185550962	0.34881620281209563	[[-0.42485225390407966, 0.5770153697142707, -0.07794447597552293], [-0.7302052682254798, -0.38742929711203744, 0.10931626245003882], [0.06684036053039165, 0.08508404660866102, 0.689111881741493]]	[[-0.015360208956637068, -0.032703434465736134, 0.08294995460683122], [-0.10204869247364085, -0.009856960329994996, -0.058571258453176754], [0.011492783321976629, -0.1407696298382947, -0.025908772065729606]]	0.4464258024303143	[[-0.5817006864363322, 0.5817006864363321, 0.0], [-0.7071067811865475, -0.7071067811865476, 0.0], [0.0, 0.0, 0.8226490000000001]]
6	[[-0.30792515101507295, 0.09349718223056193, 0.9468053539599837], [0.3027085282091916, -0.9338174967034747, 0.1906631317268273], [0.9019698710720718, 0.34531602882779927, 0.2592434992682147]]	0.5826852984954777	0.4173147015045224	[[-0.17942345853348282, 0.054479433536501046, 0.5516895602892896], [0.1763838091166995, -0.5441217268069639, 0.11109660382232892], [0.5255645835595577, 0.2012105733327992, 0.15105737575411185]]	0.7888074766086156	0.3157989067671367	[[-0.1741610370080225, 0.06803400684868752, 0.7114129738781177], [0.2611221455663701, -0.8384270927073065, 0.1289493585317009], [0.653505113640106, 0.23601655674261163, 0.106127030159335]]	[[0.06873262434850412, -0.005717269536617938, -0.035434168218583945], [0.022343395281769735, -0.10182486951966457, -0.021447145288033858], [-0.057975464337253355, -0.03637130858955274, -0.098366180325613]]	0.48594878564555666	[[0.0, 0.0, 0.907], [0.0, -1.0, 0.0], [0.907, 0.0, 0.0]]
6	[[-0.3195682178843842, -0.5708200961323295, -0.7563336379995778], [0.910087742671785, 0.03735879733279218, -0.41272826520656647], [0.2638493031197415, -0.8202248094963509, 0.507557688474819]]	0.487453786287161	0.5125462137128389	[[-0.1557747377847835, -0.27824841714850523, -0.3686776955392372], [0.4436257160188971, 0.018210687211004287, -0.20118595558267238], [0.12861434181494685, -0.3998216889956616, 0.24741091700620987]]	0.6707859996317359	0.5183634346259934	[[-0.23103567189223267, -0.3616802134397026, -0.3630160097465468], [0.7782212232312852, 0.010697190576948429, -0.2262096981849766], [0.15308772478290544, -0.3630160097465468, 0.3042905973465404]]	[[-0.016673785408123632, 0.02121791535430566, 0.14432200567410758], [0.16774710701060178, -0.014362567636967982, 0.050642643767882314], [-0.02389869376240717, 0.1871793090142131, -0.036171994087814296]]	0.5706282208101193	[[-0.0815310515192354, -0.4751977921837902, -0.2783644218515127], [0.8535533905932738, 0.14644660940672602, -0.5], [0.2783644218515127, -0.2783644218515128, 0.3936667406645549]]
6	[[0.22433838825039393, -0.7661379269479729, -0.6022499185961573], [-0.9416906372873723, -0.011392912655017143, -0.3362869982418849], [0.2507808429735371, 0.642575192824231, -0.724020780340167]]	0.4692294496536417	0.5307705503463582	[[0.10526617845491738, -0.35949447782057936, -0.2825933978568254], [-0.44186897947834086, -0.0053458901350657215, -0.1577957631107148], [0.11767375693214917, 0.30151520408999666, -0.33973187229681684]]	0.6770370979195045	0.5142843911478174	[[0.16809958685281554, -0.4120824884837473, -0.314922402820316], [-0.8225515400575703, 0.052251587599150204, -0.1990917761815234], [0.13473563372023928, 0.314922402820316, -0.3469759834672583]]	[[0.016214175519829795, 0.10662131018317354, 0.09282313428828406], [-0.18499204385055895, 0.0599650121199533, 0.02858699717622378], [-0.035052300420371274, -0.12012484092446743, 0.14321294448766334]]	0.542075152303421	[[0.0815310515192354, -0.4751977921837902, -0.2783644218515127], [-0.8535533905932738, 0.14644660940672602, -0.5], [0.2783644218515127, 0.2783644218515128, -0.3936667406645549]]
6	[[0.3802729664721569, 0.7767473726770865, -0.5020517802076895], [0.4287143634067757, 0.332951791095048, 0.839849450446521], [0.8195098935212374, -0.5346088512602871, -0.20639019011321075]]	0.5283858231736089	0.47161417682639134	[[0.20093084442006082, 0.4104222999099203, -0.26527704316081585], [0.22652659181503887, 0.17592700621488436, 0.4437645432160881], [0.4330174096871356, -0.2824797379490642, -0.10905365049792651]]	0.731544782016724	0.41862561995293535	[[0.28780730077606653, 0.4055041634583139, -0.33713874782421066], [0.4186703015045614, 0.31576878631658123, 0.7014453791625979], [0.5120234124835632, -0.3713640477602025, -0.03565694034730342]]	[[0.009620596411339588, -0.16272132396880834, 0.030134612288931696], [0.10504654597871312, 0.0721996408778765, 0.08705789600883226], [-0.08748477393297897, 0.019726267799215484, 0.11532672628945558]]	0.4816822308989759	[[0.3383756886005, 0.33837568860050005, -0.4785354879961623], [0.5, 0.5000000000000001, 0.7071067811865475], [0.4785354879961623, -0.4785354879961622, 0.0]]
6	[[0.8787972042104137, -0.3840163418041313, 0.28327887866788265], [-0.395223040501579, -0.9183905790867732, -0.018907472103605397], [0.2674214316928388, -0.09534250611366366, -0.9588511794847616]]	0.570691368408863	0.4293086315911371	[[0.501521979024724, -0.21915481159556532, 0.16166481090830223], [-0.2255503778105576, -0.5241175763128387, -0.010790331127958974], [0.15261510279464346, -0.0544111452815371, -0.5472080917206109]]	0.7859511293179559	0.37420015652688043	[[0.545522340305014, -0.2298618986356645, 0.22206795297076387], [-0.3455541313163081, -0.8465313603567677, -0.024951939909333188], [0.19953147865650156, -0.07493455035203804, -0.6322318234608544]]	[[-0.14516931478562306, 0.07195617888184268, -0.0005754016301826705], [-0.03492813630161581, -0.12472124756854677, -0.010091590856956777], [-0.010648697586309638, 0.0, 0.12137834390304811]]	0.5153597080428759	[[0.907, 0.0, 0.0], [0.0, -1.0, 0.0], [0.0, 0.0, -0.907]]
6	[[-0.42203838922340475, -0.825029846081567, 0.3757783270710803], [0.2588054115689476, 0.28760896992378115, 0.9221175843470338], [-0.8688517462515349, 0.4864224845687207, 0.09214016247897017]]	0.5136802209666044	0.4863197790333957	[[-0.21679277303266836, -0.4238015136392229, 0.1930298940843335], [0.13294322100209005, 0.14773903922242532, 0.47367356448457576], [-0.44631195700170856, 0.24986560935638513, 0.04733057902209622]]	0.7243607427386024	0.4315608228168298	[[-0.2093210024557403, -0.46984596695278663, 0.25498098019931986], [0.26992792393968024, 0.23560107763112983, 0.8276612377248501], [-0.5416407701692052, 0.27346109251629125, 0.022563508046148685]]	[[0.09638703862632861, 0.1277732651363722, -0.017218087902957358], [0.08245944379082763, 0.027268430558855257, 0.1597154594349069], [0.08772132607528851, -0.07888425969066365, -0.04417920848317365]]	0.592294033812793	[[-0.3383756886005, -0.33837568860050005, 0.4785354879961623], [0.5, 0.5000000000000001, 0.7071067811865475], [-0.4785354879961623, 0.4785354879961622, 0.0]]
6	[[0.5319609947059123, -0.8460851799387872, 0.03402011756955908], [-0.703274286200726, -0.4190807785627857, 0.5742617690636116], [-0.47161719485230363, -0.3294103357928521, -0.8179645788128509]]	0.548008199152743	0.4519918008472571	[[0.2915189867282888, -0.46366161578807924, 0.018643303364258665], [-0.38540007509129054, -0.22965970275972172, 0.3147001579068181], [-0.2584500896404792, -0.18051956490014126, -0.44825129580596235]]	0.6971713926198233	0.4950253591682824	[[0.42028584537226893, -0.5329361279173404, 0.0818225997893792], [-0.5317225500452856, -0.33781633346363965, 0.3283493430429228], [-0.23772253889604003, -0.11240472522806827, -0.481969217370836]]	[[0.04941785787372162, 0.05693025525557766, 0.058104747046319544], [-0.04141983654101325, -0.04564520345282247, -0.07200953422347861], [0.09107547762259507, 0.11725073731999804, 0.08829228715380644]]	0.5012726241608534	[[0.4340316876125192, -0.43403168761251915, 0.0], [-0.5, -0.5000000000000001, 0.7071067811865475], [-0.3069067495606535, -0.30690674956065356, -0.4340316876125192]]
6	[[0.04673222253661188, -0.9725397674033924, -0.22799671093185395], [-0.8377629715199755, -0.16246744520517667, 0.5213036857710898], [-0.5440306084466285, 0.16664552219444034, -0.8223502702654952]]	0.516113968247371	0.4838860317526289	[[0.024119152818389965, -0.50194135863294, -0.11767228722638792], [-0.4323811716818838, -0.0838517178558561, 0.26905211392529776], [-0.28078179617342125, 0.08600808175042794, -0.4244264612760228]]	0.6884104366723004	0.4824542664321984	[[0.001597408677419079, -0.6854263114838043, -0.10332566469706073], [-0.6695416619049844, -0.1472882699351135, 0.2799847578651413], [-0.23571485132157982, 0.012171199850461055, -0.4952602679134337]]	[[-0.030573541045677114, -0.015919785524457573, 0.05362965063538511], [-0.0928168888530343, -0.03544398503638467, -0.07888614009541423], [0.13880149740226091, -0.10254931685289714, 0.07085424073762013]]	0.5174005294904758	[[-0.0815310515192354, -0.4751977921837902, -0.2783644218515127], [-0.8535533905932738, -0.14644660940672602, 0.5], [-0.2783644218515127, 0.2783644218515128, -0.3936667406645549]]
