6	[[0.8489524140446696, -0.5135124485683378, 0.12483895166604869], [0.522794976890395, 0.7815435453534784, -0.34040431673891397], [0.0772347773085365, 0.35425224329800037, 0.9319550081910795]]	0.8715358183281855	0.1284641816718145	[[0.7398924368961097, -0.4475444920847166, 0.10880161789950256], [0.4556345480020351, 0.6811431933587552, -0.29667455475149623], [0.06731287484499054, 0.30874351875731826, 0.8122321707088632]]	0.9149109415535955	0.14275499197456018	[[0.7708229621639283, -0.4785054400094825, 0.05482649667307932], [0.49964906794896746, 0.6727848420224284, -0.2903182042545409], [0.02457617704679881, 0.29275394530748516, 0.8529538848161975]]	[[-0.0058928903038781575, -0.00868728219033224, -0.059390026138269075], [0.021338223402685992, -0.042257898922057696, 0.021121429681967167], [-0.0460867657812366, -0.03135530815576175, 0.0002980507865079637]]	0.4302802864228455	[[0.6996114493059702, -0.6996114493059701, 0.0], [0.7071067811865475, 0.7071067811865476, 0.0], [0.0, 0.0, 0.9894000000000001]]
6	[[-0.8305561570912853, 0.32773595720904825, 0.4502950280316503], [-0.5100865793185324, -0.772219296347621, -0.37879947194723407], [0.22358030216652452, -0.5443036842615101, 0.808545204538665]]	0.8665492554732298	0.1334507445267702	[[-0.7197178195561601, 0.28399934971130697, 0.3902028212841237], [-0.44201514553536086, -0.6691660563120926, -0.32824840038952824], [0.19374334438088156, -0.47166595234814734, 0.7006442450094305]]	0.8666495484798328	0.1327021415501627	[[-0.7198011185303073, 0.28403221933582734, 0.3934273123359454], [-0.4420663036520285, -0.6726327585170084, -0.3282863913274694], [0.19694509753120512, -0.4717205422011472, 0.700725336438968]]	[[0.0, 9.963897012120096e-19, 0.003179329609602073], [0.0, -0.003389254009928551, 9.428161890046162e-19], [0.003179329609602073, 0.0, 0.0]]	0.38331016054417677	[[-0.670416249748775, 0.47405587641501284, 0.47405587641501273], [-0.7071067811865475, -0.5000000000000001, -0.5], [0.0, -0.6704162497487749, 0.670416249748775]]
6	[[0.08740825448676931, -0.06334395238859675, -0.994156597696443], [0.7119981850616444, -0.6940087028176986, 0.10681996481098455], [-0.6967197295301035, -0.717174639895393, -0.015561310176609944]]	0.9225050899408251	0.07749491005917479	[[0.08063455966688766, -0.058435118495449793, -0.917114521573222], [0.6568219497479966, -0.6402265608125564, 0.09854196124543309], [-0.6427274967537155, -0.6615972556799785, -0.014355387844070632]]	0.956089362775747	0.06895903802145242	[[0.06266950532208672, -0.06266950532208673, -0.930433071979013], [0.6814169408906371, -0.6705817911665576, 0.09248762778185614], [-0.674769676553526, -0.6852148646734507, 0.0]]	[[-0.02090059701150886, -0.002107026247176016, 0.020069476011883778], [0.0006830498375610565, -0.007047452728761292, -0.009641804306005782], [-0.00864335431379857, 0.00046817978306143144, 0.014878003130710747]]	0.12471239501030804	[[0.0, 0.0, -0.9685358889840001], [0.7071067811865475, -0.7071067811865476, 0.0], [-0.6848582949231277, -0.6848582949231276, 0.0]]
6	[[0.04673222253661188, -0.9725397674033924, -0.22799671093185395], [-0.8377629715199755, -0.16246744520517667, 0.5213036857710898], [-0.5440306084466285, 0.16664552219444034, -0.8223502702654952]]	0.8366873597141014	0.16331264028589865	[[0.039100259887729694, -0.8137117302057106, -0.19076196609307206], [-0.7009456887072881, -0.13593445776821475, 0.4361682044570426], [-0.45518353338486567, 0.13943020197304393, -0.688050076388615]]	0.857026123161999	0.14643122225275085	[[-0.0019718307148672183, -0.8373223018234536, -0.2358351349217739], [-0.7709484247857714, -0.13515562174973306, 0.5014258763077332], [-0.4716653271473327, 0.20224844890571325, -0.7047756640068595]]	[[-0.042022566222163577, -0.003830315344851813, -0.04043599765816015], [-0.05296367317533062, 0.004083222954494086, 0.05465499950127523], [-0.005416883908855207, 0.05942888307710523, 1.5296246490341561e-18]]	0.33789300523840904	[[-1.8730604060581843e-16, -0.9380617682500275, 0.0], [-0.7071067811865476, 1.3401577416544657e-16, 0.7071067811865475], [-0.663309837501438, 1.0414577736317682e-16, -0.6633098375014381]]
6	[[-0.5446221603179724, 0.8109226453022452, -0.2139887049042392], [-0.8354447797583356, -0.5021691245819775, 0.22328947644507607], [0.07361197229480154, 0.30038414347728, 0.9509735242804028]]	0.855502149124413	0.144497850875587	[[-0.46592542861280595, 0.6937460658297249, -0.18306779693392644], [-0.714724804558028, -0.4296067653038069, 0.19102462697562758], [0.06297520049948946, 0.25697928030770906, 0.8135598937823019]]	0.8638358699738609	0.14215230226372735	[[-0.4706606536305115, 0.7003075728209773, -0.16407183887792537], [-0.7364961281181458, -0.4490021203141621, 0.19288545914094024], [0.07828183205660447, 0.24478942797821637, 0.821762928927797]]	[[-0.00019649596519239398, -0.00019649596519239393, 0.020779280187607916], [-0.014808959980483273, -0.015210417706877482, 0.0], [0.014693169928832834, -0.01469316992883283, 0.0002778872589266751]]	0.38609070224022163	[[-0.692195567943327, 0.6921955679433269, 0.0], [-0.7071067811865475, -0.7071067811865476, 0.0], [0.0, 0.0, 0.9789123600000001]]
6	[[0.22433838825039393, -0.7661379269479729, -0.6022499185961573], [-0.9416906372873723, -0.011392912655017143, -0.3362869982418849], [0.2507808429735371, 0.642575192824231, -0.724020780340167]]	0.8659193762415416	0.13408062375845847	[[0.194258957220814, -0.6634136758177765, -0.5214998738523037], [-0.8154281692523812, -0.009865343819806856, -0.2911974277557535], [0.21715599112097322, 0.5564183101586465, -0.6269436224980716]]	0.8765354736846157	0.11974104633498267	[[0.17967182566284196, -0.7176246596150745, -0.5078800163628127], [-0.8697890524054432, -0.008647915164472598, -0.32940874960299216], [0.2489916924314465, 0.5352059043670612, -0.6731366858465002]]	[[-0.016968729747860376, -0.04607758890998362, 0.02001340131039125], [-0.04436380358638862, 0.0013383769262403523, -0.03464126630506405], [0.029173387444609983, -0.02803404665310948, -0.03850678819352699]]	0.3086713328429862	[[0.13737596537429486, -0.8006858028757328, -0.46903088412501365], [-0.8535533905932738, 0.14644660940672602, -0.5], [0.46903088412501365, 0.46903088412501376, -0.6633098375014381]]
6	[[0.8592155572171323, 0.2624339665249735, -0.4391776855101157], [-0.4266000482917053, 0.8413623931712975, -0.33184593135155627], [0.2824199444684594, 0.4724804086637203, 0.8348660002631537]]	0.8597670315611438	0.14023296843885633	[[0.7387252090997279, 0.22563207237999303, -0.3775904949989257], [-0.36677665718359986, 0.7233756472440663, -0.2853101913337706], [0.24281535730931045, 0.40622307842760297, 0.7177902627975766]]	0.8685054793914855	0.1706514577962281	[[0.7573662547384186, 0.1481727979536088, -0.3664589706780107], [-0.3581708726951834, 0.7569043155267983, -0.38190305794400753], [0.2990369915656976, 0.40147436186901836, 0.7391393515976226]]	[[0.011132835316930531, -0.07975253995177241, 0.014969255613995395], [0.012333606754834943, 0.02617646690359303, -0.09369304825141013], [0.05375372230540151, -0.00887746196055097, 0.014053655811419954]]	0.4247713127405578	[[0.8092640012894005, -0.1388477515406253, -0.47405587641501273], [-0.14644660940672619, 0.8535533905932737, -0.5], [0.47405587641501273, 0.47405587641501284, 0.670416249748775]]
6	[[-0.30792515101507295, 0.09349718223056193, 0.9468053539599837], [0.3027085282091916, -0.9338174967034747, 0.1906631317268273], [0.9019698710720718, 0.34531602882779927, 0.2592434992682147]]	0.866998230124691	0.1330017698753091	[[-0.26697056094094646, 0.08106189151554294, 0.8208785661558873], [0.26244775820101923, -0.8096181169013822, 0.16530459775719014], [0.782006281845282, 0.29938838582738875, 0.2247636550368738]]	0.8695403792006294	0.12900230162308549	[[-0.2591618805640613, 0.07982551173467758, 0.8283182542971862], [0.2647886812571261, -0.8211507689031972, 0.16042422107816678], [0.7893319915051882, 0.305298998436616, 0.21830528220026074]]	[[0.008591472014996358, -0.0014740635562755684, 0.005032767785635962], [0.001571392850841222, -0.009158748715475224, -0.005365070783158224], [0.005032767785635962, 0.005032767785635963, -0.007117408458720789]]	0.3737662136901366	[[-0.46903088412501365, -0.1373759653742947, 0.8006858028757329], [0.5, -0.8535533905932737, 0.14644660940672619], [0.6633098375014381, 0.46903088412501376, 0.46903088412501365]]
6	[[0.3802729664721569, 0.7767473726770865, -0.5020517802076895], [0.4287143634067757, 0.332951791095048, 0.839849450446521], [0.8195098935212374, -0.5346088512602871, -0.20639019011321075]]	0.8425086434235649	0.15749135657643532	[[0.3203832611131117, 0.6544163752369904, -0.42298296427116616], [0.36119555673003984, 0.28051476184093516, 0.7075804211757248], [0.6904441686627677, -0.4504125780375348, -0.17388551908821287]]	0.8736121283230496	0.21235151708358416	[[0.3431074695029219, 0.638242568604044, -0.43859852423561546], [0.4046522366803642, 0.30178923486243464, 0.7203529573778555], [0.688016788757373, -0.4501783034699618, -0.08754904545814193]]	[[0.010896393919461202, -0.0403333568097224, 2.207294396961263e-18], [0.030122169221909547, 0.010918512014918454, -0.01334970849767334], [-0.027916993503510897, 0.01686247289987832, 0.09275592779165892]]	0.37021858999689594	[[0.4791347042803848, 0.4791347042803849, -0.6775987969969426], [0.5, 0.5000000000000001, 0.7071067811865475], [0.6775987969969426, -0.6775987969969425, 0.0]]
6	[[0.8787972042104137, -0.3840163418041313, 0.28327887866788265], [-0.395223040501579, -0.9183905790867732, -0.018907472103605397], [0.2674214316928388, -0.09534250611366366, -0.9588511794847616]]	0.8347281619134105	0.16527183808658955	[[0.7335567749652027, -0.32054925513887444, 0.2364608576993337], [-0.32990380214371245, -0.7666064799996948, -0.015782599435471625], [0.22322420013321598, -0.07958507488047653, -0.8003800825998207]]	0.8562438124586143	0.2378414714193094	[[0.6994693002119761, -0.3179282126207656, 0.1525333737132199], [-0.35976244288688075, -0.8406137979605984, -0.025029887731780845], [0.13834751629001343, -0.05874975585504876, -0.8210103895024714]]	[[-0.052995368299119966, 0.010883403932014053, -0.09002241334636915], [-0.02135515991632341, -0.05424754719726517, -0.008840481733834869], [-0.0906304299158037, 0.022886675069073333, 0.0]]	0.47217159188482205	[[0.692195567943327, -0.6921955679433269, 0.0], [-0.7071067811865475, -0.7071067811865476, 0.0], [0.0, 0.0, -0.9789123600000001]]
6	[[0.034229894132735264, 0.2773841392786001, 0.9601491309293217], [-0.1827544195208179, -0.9427759796974285, 0.2788803941677556], [0.9825625356654255, -0.18501754344446375, 0.018422055382213542]]	0.8871298056204234	0.1128701943795766	[[0.030366359328381116, 0.24607573756041298, 0.8517769118879478], [-0.16212689266577648, -0.8363646716125841, 0.24740310986938807], [0.8716605112747793, -0.1641345773522554, 0.016342754410351767]]	0.9300452707389405	0.12317157217038004	[[0.011021621308269955, 0.24209489134473475, 0.8809952075210066], [-0.16368034828997313, -0.8277597842858737, 0.2521443164731381], [0.9149541983224617, -0.16467594021258397, 0.0]]	[[-0.020813729847775082, -0.015884915569318862, -0.011986950903913001], [0.0062895352920038375, 0.04906455699799109, -0.007227075224394612], [0.0011265588215711938, 0.007398751071676018, -0.017133345485518547]]	0.3428370779522563	[[0.0, 0.0, 0.9894000000000001], [0.0, -1.0, 0.0], [0.9894000000000001, 0.0, 0.0]]
6	[[-0.42203838922340475, -0.825029846081567, 0.3757783270710803], [0.2588054115689476, 0.28760896992378115, 0.9221175843470338], [-0.8688517462515349, 0.4864224845687207, 0.09214016247897017]]	0.8187472582377068	0.18125274176229328	[[-0.34554277404772077, -0.6754909244435603, 0.3076674749945991], [0.2118962211391571, 0.23547905556966692, 0.7549812439569115], [-0.7113699850584879, 0.3982570755858133, 0.07543950540323366]]	0.870705699385759	0.2123088337827461	[[-0.2919969006041382, -0.6663880232479705, 0.3424697576156637], [0.25290004334690913, 0.22973633308566357, 0.8307829531827717], [-0.7742841882600806, 0.390850907429014, 0.022095069576266786]]	[[0.07547433025226558, 0.05197016589860544, 0.015277426529228123], [0.027556696461949377, -0.020686436221440133, 0.027889916987980864], [-0.01777002087759976, -0.03267992219435259, -0.0581318950365024]]	0.48493557225735734	[[-0.4791347042803848, -0.4791347042803849, 0.6775987969969426], [0.5, 0.5000000000000001, 0.7071067811865475], [-0.6775987969969426, 0.6775987969969425, 0.0]]
6	[[-0.3195682178843842, -0.5708200961323295, -0.7563336379995778], [0.910087742671785, 0.03735879733279218, -0.41272826520656647], [0.2638493031197415, -0.8202248094963509, 0.507557688474819]]	0.8335488618045782	0.16645113819542176	[[-0.2663757242864459, -0.47580644142628314, -0.6304410430990639], [0.7586026020463644, 0.031140382995136887, -0.34402917569751146], [0.21993128630339165, -0.6836974563795604, 0.4230741335283481]]	0.8417077171476085	0.18023471779688427	[[-0.28054620301324906, -0.5203386169713948, -0.6457431717487624], [0.8026173039545561, 0.006048995544267844, -0.28714279792112357], [0.1744795030601965, -0.686901031815574, 0.4645223406248567]]	[[-0.011563167864854559, -0.039874936953873195, -0.009131311906192128], [0.03658942766626783, -0.02539619247409686, 0.06025376798818814], [-0.04760449153970845, 0.0034885201334315906, 0.03730711733799974]]	0.4399884926398591	[[-0.13737596537429486, -0.8006858028757328, -0.46903088412501365], [0.8535533905932738, 0.14644660940672602, -0.5], [0.46903088412501365, -0.46903088412501376, 0.6633098375014381]]
6	[[0.5319609947059123, -0.8460851799387872, 0.03402011756955908], [-0.703274286200726, -0.4190807785627857, 0.5742617690636116], [-0.47161719485230363, -0.3294103357928521, -0.8179645788128509]]	0.8550548667551817	0.14494513324481828	[[0.4548558374472178, -0.7234492507960936, 0.029089067095434976], [-0.6013381010797073, -0.35833705927366066, 0.4910253204292814], [-0.4032585777038892, -0.28166391077913683, -0.6994045939472806]]	0.8778978226364011	0.16481747925011908	[[0.5299059526432304, -0.7263084531857075, 0.001993087162397257], [-0.5922156299987243, -0.39314883897884034, 0.574636351464667], [-0.3866845925139788, -0.3747000925051457, -0.7243153660233104]]	[[0.0628985536634159, 0.016467884047481392, -0.027873099977753044], [0.025187334573062343, -0.025238735969802972, 0.07049319478039463], [0.027347115964745854, -0.08551147595867507, -0.006226043289807586]]	0.30115803732780955	[[0.670416249748775, -0.6704162497487749, 0.0], [-0.5, -0.5000000000000001, 0.7071067811865475], [-0.47405587641501273, -0.47405587641501284, -0.670416249748775]]
