6	[[0.08740825448676931, -0.06334395238859675, -0.994156597696443], [0.7119981850616444, -0.6940087028176986, 0.10681996481098455], [-0.6967197295301035, -0.717174639895393, -0.015561310176609944]]	0.9260300121222347	0.07396998787776553	[[0.08094266696196636, -0.058658400998282505, -0.9206188462162367], [0.6593316879436435, -0.6426728874832096, 0.0989184933088127], [-0.6451833795825617, -0.6641252404760902, -0.014410240251483956]]	0.9579360069788143	0.0662686392978964	[[0.06344350541755264, -0.06344350541755266, -0.9330126496289185], [0.6819506799499899, -0.6696228512774698, 0.09325231928683603], [-0.6761864571552985, -0.6880939638078767, 0.0]]	[[-0.020288008862491196, -0.0027640526001641596, 0.019325751880055735], [-9.80184241245398e-05, -0.0048069256917369, -0.009074371269815952], [-0.008773541465871667, -0.0010865529600147827, 0.014906739333940516]]	0.12313722950450169	[[0.0, 0.0, -0.9714755952639998], [0.7071067811865475, -0.7071067811865476, 0.0], [-0.6869369811684122, -0.6869369811684121, 0.0]]
6	[[0.8489524140446696, -0.5135124485683378, 0.12483895166604869], [0.522794976890395, 0.7815435453534784, -0.34040431673891397], [0.0772347773085365, 0.35425224329800037, 0.9319550081910795]]	0.8740627060631635	0.12593729393683678	[[0.7420376443387391, -0.44884208039276235, 0.10911707191531499], [0.4569555922170476, 0.6831180661578599, -0.2975347182443974], [0.06750803845648524, 0.3096386744059964, 0.8145871163886123]]	0.9161117084777596	0.1411740897402504	[[0.7720697144345551, -0.4800889950654543, 0.05543262848084438], [0.500559798778975, 0.6725066786383371, -0.29007901923896207], [0.024937673105582103, 0.293556953759754, 0.8545659229349849]]	[[-0.0056655320122255375, -0.009654228482916681, -0.058933796814511934], [0.021621199316324315, -0.04347451394520319, 0.021769360941928745], [-0.045818010688440575, -0.03097767408005599, 0.0007910281566507982]]	0.4299658165074085	[[0.7003185560871567, -0.7003185560871565, 0.0], [0.7071067811865475, 0.7071067811865476, 0.0], [0.0, 0.0, 0.9904]]
6	[[0.3802729664721569, 0.7767473726770865, -0.5020517802076895], [0.4287143634067757, 0.332951791095048, 0.839849450446521], [0.8195098935212374, -0.5346088512602871, -0.20639019011321075]]	0.8485077230621638	0.15149227693783632	[[0.3226645489233844, 0.6590761445847526, -0.4259948128833325], [0.3637674483383283, 0.28251216615152835, 0.7126187449133871], [0.6953604737786216, -0.45361973911174513, -0.1751236702753276]]	0.8752347597944982	0.21040591843759526	[[0.34311754759068047, 0.6414374434632395, -0.4394131692544772], [0.40447468302425466, 0.30184673064910245, 0.7205543265685821], [0.6907264955003004, -0.4511330554025459, -0.0879803538711964]]	[[0.010289429124081005, -0.0383988566827979, 1.9491834190731213e-18], [0.029248970147474133, 0.010435749746880272, -0.014511105456520007], [-0.026537049304974657, 0.016775194114264022, 0.09265951459648042]]	0.369694185123996	[[0.48107471477473257, 0.4810747147747327, -0.6803423861491954], [0.5, 0.5000000000000001, 0.7071067811865475], [0.6803423861491954, -0.6803423861491953, 0.0]]
6	[[0.034229894132735264, 0.2773841392786001, 0.9601491309293217], [-0.1827544195208179, -0.9427759796974285, 0.2788803941677556], [0.9825625356654255, -0.18501754344446375, 0.018422055382213542]]	0.8883431604334466	0.11165683956655331	[[0.030407892335176344, 0.246412302940863, 0.852941913457181], [-0.16234863862030333, -0.8375085933851527, 0.24774149073790938], [0.8728527082565253, -0.16435906927908747, 0.01636510689991556]]	0.9308031980909217	0.12301767902638404	[[0.011218465877352271, 0.24243007984500245, 0.8824065133671536], [-0.16358749531785577, -0.8278386489768979, 0.25204677323859254], [0.9164039735259091, -0.16499979115891478, 0.0]]	[[-0.020642829051711383, -0.015759964095216246, -0.011303368346078334], [0.006520902837371497, 0.04970024800877031, -0.007535989537611235], [0.0018316230042057248, 0.007215129982118097, -0.01714730806517244]]	0.3424147043958964	[[0.0, 0.0, 0.9904], [0.0, -1.0, 0.0], [0.9904, 0.0, 0.0]]
6	[[-0.5446221603179724, 0.8109226453022452, -0.2139887049042392], [-0.8354447797583356, -0.5021691245819775, 0.22328947644507607], [0.07361197229480154, 0.30038414347728, 0.9509735242804028]]	0.8601097078388031	0.13989029216119694	[[-0.4684348071936292, 0.6974824395307835, -0.18405376245598903], [-0.7185741654333951, -0.43192053902987215, 0.19205344634865373], [0.06331437198391984, 0.2583633178856525, 0.8179415601312543]]	0.8661106821463395	0.13921357773099782	[[-0.4719343106312781, 0.7021175256443757, -0.16657043617112402], [-0.7368810190358787, -0.44869890281388786, 0.19339340075994382], [0.07702671872338782, 0.24689531222805106, 0.8239753503443588]]	[[-0.0002312398462659845, -0.00023123984626598448, 0.01876746700509833], [-0.013293370943788387, -0.013764859769361194, 0.0], [0.013270603184999816, -0.013270603184999815, 0.00032702252675042475]]	0.38552447671845874	[[-0.69359549794872, 0.6935954979487199, 0.0], [-0.7071067811865475, -0.7071067811865476, 0.0], [0.0, 0.0, 0.9808921599999999]]
6	[[-0.3195682178843842, -0.5708200961323295, -0.7563336379995778], [0.910087742671785, 0.03735879733279218, -0.41272826520656647], [0.2638493031197415, -0.8202248094963509, 0.507557688474819]]	0.8375281307916846	0.1624718692083155	[[-0.2676473721851382, -0.47807788813203966, -0.6334506980886607], [0.7622240859763239, 0.0312890436987588, -0.3456715324833503], [0.22098121365256565, -0.6869613515264443, 0.4250938420972633]]	0.844370727803942	0.1799055051046549	[[-0.2787270896994562, -0.5241548402368541, -0.649261378349731], [0.8048932678941453, 0.005882674770806708, -0.28418209354967994], [0.1730200348296348, -0.6903611694017309, 0.4683786990019967]]	[[-0.008893040981410104, -0.04217106022048293, -0.010635393969424239], [0.0364418182489234, -0.025662000122963068, 0.06431357212804689], [-0.04976659327614422, 0.0022126499555524884, 0.039811844182027434]]	0.4401179864724412	[[-0.13821115975205242, -0.8055536724414905, -0.4718824160967713], [0.8535533905932738, 0.14644660940672602, -0.5], [0.4718824160967713, -0.4718824160967714, 0.6673425126894382]]
6	[[0.22433838825039393, -0.7661379269479729, -0.6022499185961573], [-0.9416906372873723, -0.011392912655017143, -0.3362869982418849], [0.2507808429735371, 0.642575192824231, -0.724020780340167]]	0.8739715697548751	0.12602843024512494	[[0.19606537333547547, -0.6695827666634658, -0.5263493067402294], [-0.8230108444935135, -0.009957081757185569, -0.29390527574161496], [0.21917532699803305, 0.5615924499581347, -0.6327735779290454]]	0.8841838260942931	0.11244011634110229	[[0.18066029099455452, -0.7191994534194548, -0.5162742960562988], [-0.8710649371437145, -0.006525363759516423, -0.33032779952563257], [0.24897969216757404, 0.5425383307209164, -0.6747672635289184]]	[[-0.017696083468505906, -0.04179268985464608, 0.016225341233027993], [-0.03843730646979238, 0.003548065342154754, -0.03298827475435791], [0.027243326916079953, -0.02561626182369038, -0.03459979979597351]]	0.30651097860290255	[[0.13821115975205242, -0.8055536724414905, -0.4718824160967713], [-0.8535533905932738, 0.14644660940672602, -0.5], [0.4718824160967713, 0.4718824160967714, -0.6673425126894382]]
6	[[0.8787972042104137, -0.3840163418041313, 0.28327887866788265], [-0.395223040501579, -0.9183905790867732, -0.018907472103605397], [0.2674214316928388, -0.09534250611366366, -0.9588511794847616]]	0.8383308268858986	0.16166917311410142	[[0.7367227868707322, -0.32193273736235534, 0.23748141659295616], [-0.3313276583480476, -0.7699151335700338, -0.015850716722937565], [0.22418762995806837, -0.07992856198764149, -0.8038345021579796]]	0.8570820632978129	0.2367979548226579	[[0.7002732897627115, -0.31809231861845727, 0.15319596463707905], [-0.35954325472779364, -0.8406559791817294, -0.0251472414147363], [0.13887211124486856, -0.059247573074260554, -0.821814147308341]]	[[-0.05292803124229922, 0.011041199955105774, -0.08959728118028062], [-0.020804675711865242, -0.0535198867447645, -0.008941986212432352], [-0.09033000120048483, 0.022468778785622645, 0.0]]	0.47178384039116117	[[0.69359549794872, -0.6935954979487199, 0.0], [-0.7071067811865475, -0.7071067811865476, 0.0], [0.0, 0.0, -0.9808921599999999]]
6	[[-0.42203838922340475, -0.825029846081567, 0.3757783270710803], [0.2588054115689476, 0.28760896992378115, 0.9221175843470338], [-0.8688517462515349, 0.4864224845687207, 0.09214016247897017]]	0.824865863799573	0.17513413620042712	[[-0.34812506048334413, -0.6805389566485005, 0.30996671435664513], [0.21347974936982392, 0.23723882141268504, 0.7606233177371917], [-0.7166861461855397, 0.40123330290531234, 0.07600327471384871]]	0.8722870215256862	0.20929866786066906	[[-0.29324090188008195, -0.669112937194654, 0.34458107380892417], [0.25358098688346964, 0.2303971728039772, 0.830509338699168], [-0.7774221688049204, 0.39258161554419563, 0.022123644937134323]]	[[0.07489770762510001, 0.05054988991363154, 0.016794516134186296], [0.027828385271262954, -0.020480398934908592, 0.026158137552633173], [-0.019534066919777708, -0.03171840472337782, -0.05824902295453936]]	0.4840631233812352	[[-0.48107471477473257, -0.4810747147747327, 0.6803423861491954], [0.5, 0.5000000000000001, 0.7071067811865475], [-0.6803423861491954, 0.6803423861491953, 0.0]]
6	[[-0.30792515101507295, 0.09349718223056193, 0.9468053539599837], [0.3027085282091916, -0.9338174967034747, 0.1906631317268273], [0.9019698710720718, 0.34531602882779927, 0.2592434992682147]]	0.8719931049716209	0.12800689502837914	[[-0.26850860853248876, 0.08152889823932515, 0.8256077404033206], [0.26395974941452244, -0.8142824184272893, 0.16625693623808932], [0.7865115084669886, 0.3011131961740224, 0.22605854387059868]]	0.8738273867111017	0.12500820708101076	[[-0.26263710043784855, 0.08059609884190111, 0.8311147627488105], [0.26568510250187316, -0.8228151474961412, 0.16261169361485175], [0.791936289904936, 0.30551691763392946, 0.22120203948259393]]	[[0.006436329576273956, -0.0011042995714824584, 0.003770314573878206], [0.0011701003616714483, -0.006819844686641198, -0.003994972524156324], [0.003770314573878206, 0.003770314573878207, -0.005332030004791497]]	0.37282866003983145	[[-0.4718824160967713, -0.13821115975205228, 0.8055536724414906], [0.5, -0.8535533905932737, 0.14644660940672619], [0.6673425126894382, 0.4718824160967714, 0.4718824160967713]]
6	[[0.8592155572171323, 0.2624339665249735, -0.4391776855101157], [-0.4266000482917053, 0.8413623931712975, -0.33184593135155627], [0.2824199444684594, 0.4724804086637203, 0.8348660002631537]]	0.8637761954941108	0.13622380450588917	[[0.742169945122367, 0.2266842131733704, -0.37935123033583684], [-0.36848696671101316, 0.7267488070053236, -0.28664061607304714], [0.24394762516462393, 0.408117329841051, 0.7211373774546923]]	0.8713403591309802	0.16768439106860275	[[0.759441507449155, 0.14702122839783677, -0.3708512461100096], [-0.3584303465604948, 0.757589935931545, -0.38063284441949796], [0.30377716201715255, 0.4023071488380074, 0.7416055527795493]]	[[0.010772315252653793, -0.0816480782422013, 0.011821996104687317], [0.013283492723293183, 0.024476926106365798, -0.0914820914194783], [0.05769326617825357, -0.009384100129391008, 0.01415311228400806]]	0.42356212812422583	[[0.8133619471339769, -0.1395508478918137, -0.47645639751289515], [-0.14644660940672619, 0.8535533905932737, -0.5], [0.47645639751289515, 0.47645639751289526, 0.6738110992421631]]
6	[[0.04673222253661188, -0.9725397674033924, -0.22799671093185395], [-0.8377629715199755, -0.16246744520517667, 0.5213036857710898], [-0.5440306084466285, 0.16664552219444034, -0.8223502702654952]]	0.8439332046314095	0.1560667953685905	[[0.03943887432487113, -0.8207586025362306, -0.19241399490214062], [-0.7070159892763852, -0.13711167168028274, 0.43994549011896106], [-0.4591254948039389, 0.1406376895830287, -0.6940086989146651]]	0.8628520303427741	0.1405822324269075	[[0.00048527176484437426, -0.8417783542912454, -0.2354797239058132], [-0.7706301385908094, -0.13740878195027686, 0.49872269970119587], [-0.47312377883144047, 0.20012947297659975, -0.7095666003515118]]	[[-0.039837721333301615, -0.002620441398139096, -0.03875229896678846], [-0.04776465766880291, 0.0027765830096132668, 0.04891475600843945], [-0.00370586376465222, 0.05633904580359511, 1.0464652105812879e-18]]	0.3356952027057718	[[-1.884447911260261e-16, -0.9437648321935428, 0.0], [-0.7071067811865476, 1.3401577416544657e-16, 0.7071067811865475], [-0.6673425126894381, 1.0477894465327684e-16, -0.6673425126894382]]
6	[[-0.8305561570912853, 0.32773595720904825, 0.4502950280316503], [-0.5100865793185324, -0.772219296347621, -0.37879947194723407], [0.22358030216652452, -0.5443036842615101, 0.808545204538665]]	0.8710952364742137	0.12890476352578642	[[-0.7234935120665472, 0.2854892311461187, 0.3922498539263931], [-0.44433398943379987, -0.6726765505618817, -0.3299704155921832], [0.19475973618672485, -0.4741403465555659, 0.7043198761476996]]	0.8710952364742136	0.1289047635257865	[[-0.7234935120665472, 0.28548923114611857, 0.39224985392639294], [-0.44433398943379965, -0.6726765505618816, -0.32997041559218315], [0.19475973618672476, -0.47414034655556586, 0.7043198761476998]]	[[0.0, 0.0, 0.0], [0.0, 0.0, 0.0], [0.0, 0.0, 0.0]]	0.38123190940347074	[[-0.6738110992421631, 0.47645639751289526, 0.47645639751289515], [-0.7071067811865475, -0.5000000000000001, -0.5], [0.0, -0.673811099242163, 0.6738110992421631]]
6	[[0.5319609947059123, -0.8460851799387872, 0.03402011756955908], [-0.703274286200726, -0.4190807785627857, 0.5742617690636116], [-0.47161719485230363, -0.3294103357928521, -0.8179645788128509]]	0.8609573550732333	0.13904264492676674	[[0.45799573100412855, -0.7284432586867589, 0.02928987044196804], [-0.6054891693383931, -0.3608106786734474, 0.49441489381268294], [-0.4060422926870972, -0.2836082514379996, -0.7042326203183034]]	0.8811758684798465	0.16215298038346568	[[0.5320467186179311, -0.7287960794460292, 0.001367922976564086], [-0.5913210889685114, -0.3933959746121875, 0.5765511707924647], [-0.3894723281686799, -0.37621384264278995, -0.7274281564694652]]	[[0.06329552711054565, 0.016753763794458795, -0.028609783668578623], [0.02838724095395731, -0.02411210559891455, 0.07052555770306361], [0.026105363095327842, -0.08594540391428562, -0.0066575083482995285]]	0.2991954201621776	[[0.6738110992421631, -0.673811099242163, 0.0], [-0.5, -0.5000000000000001, 0.7071067811865475], [-0.47645639751289515, -0.47645639751289526, -0.6738110992421631]]
