6	[[-0.5446221603179724, 0.8109226453022452, -0.2139887049042392], [-0.8354447797583356, -0.5021691245819775, 0.22328947644507607], [0.07361197229480154, 0.30038414347728, 0.9509735242804028]]	0.8463055714162611	0.1536944285837389	[[-0.4609167685938602, 0.6862883527069027, -0.18109983318060788], [-0.7070415717201106, -0.42498852792695396, 0.18897112795408788], [0.06229822227602999, 0.2542167741899236, 0.8048141918678621]]	0.8593145536046579	0.1480287864154496	[[-0.46812787769463027, 0.69671150183802, -0.15914237356544872], [-0.7357245251666652, -0.44959464165088037, 0.19187589677601827], [0.08075053406098541, 0.24062977121357684, 0.8173637630158477]]	[[-0.0001261291177873127, -0.00012612911778731267, 0.024741234865776462], [-0.017814667187289298, -0.018073404526676478, 0.0], [0.017494694948519577, -0.017494694948519577, 0.00017837350898497118]]	0.38723855495275755	[[-0.6893999505732279, 0.6893999505732278, 0.0], [-0.7071067811865475, -0.7071067811865476, 0.0], [0.0, 0.0, 0.9749587600000001]]
6	[[0.8592155572171323, 0.2624339665249735, -0.4391776855101157], [-0.4266000482917053, 0.8413623931712975, -0.33184593135155627], [0.2824199444684594, 0.4724804086637203, 0.8348660002631537]]	0.8495045531007143	0.1504954468992857	[[0.7299075279509213, 0.22293884945124545, -0.3730834434610769], [-0.36239868337678816, 0.7147411838067305, -0.2819046296110941], [0.23991702871240717, 0.40137425841071656, 0.7092224684525313]]	0.8628484351143487	0.17644096391120792	[[0.7534288168567833, 0.1500289655299405, -0.3589608784162719], [-0.3577385176406951, 0.755694349951705, -0.38369268506638593], [0.29070113440092105, 0.39915408923632717, 0.7337180399448863]]	[[0.012056017886077663, -0.0764117718069843, 0.01998290026327306], [0.010352666447508468, 0.029726125639787472, -0.09735994250063204], [0.0470155272712296, -0.00852489200135182, 0.01335521808764881]]	0.42727888822149357	[[0.801117661368506, -0.1374500605776026, -0.4692838609730542], [-0.14644660940672619, 0.8535533905932737, -0.5], [0.4692838609730542, 0.4692838609730543, 0.6636676007909035]]
6	[[0.034229894132735264, 0.2773841392786001, 0.9601491309293217], [-0.1827544195208179, -0.9427759796974285, 0.2788803941677556], [0.9825625356654255, -0.18501754344446375, 0.018422055382213542]]	0.8847946225473274	0.11520537745267267	[[0.03028642625900848, 0.24542799481362432, 0.8495347878897536], [-0.16170012763877797, -0.834163117103073, 0.24675187309350927], [0.8693660478732351, -0.1637025275165781, 0.0162997355384516]]	0.9285245393363765	0.12350465529174987	[[0.010630523931703308, 0.24142432750041098, 0.878174899457409], [-0.16386642912747126, -0.8276023385769034, 0.25233834320157356], [0.9120563141207341, -0.1640306638954681, 0.0]]	[[-0.021152772749427638, -0.016133652642468452, -0.013347130032961596], [0.0058255340697830164, 0.04778829366905259, -0.006608946322988854], [-0.0002771116771869795, 0.00776266540045061, -0.017105330487399043]]	0.34368400218296835	[[0.0, 0.0, 0.9874], [0.0, -1.0, 0.0], [0.9874, 0.0, 0.0]]
6	[[-0.8305561570912853, 0.32773595720904825, 0.4502950280316503], [-0.5100865793185324, -0.772219296347621, -0.37879947194723407], [0.22358030216652452, -0.5443036842615101, 0.808545204538665]]	0.8536565203584309	0.14634347964156905	[[-0.7090096790248173, 0.27977393682741575, 0.3843972867642007], [-0.43543873438259323, -0.6592100374737461, -0.323364639136087], [0.19086078276816187, -0.4646483891249547, 0.6902198858589726]]	0.8548764224723675	0.14314525075056697	[[-0.7108670968393044, 0.281017963217137, 0.392072582821914], [-0.4373492758414085, -0.6704179244621402, -0.32382673741267337], [0.19860919667580856, -0.4644681657373, 0.6924001400891883]]	[[-0.0008442206027088515, 0.0008442206027088496, 0.00712598020112236], [-0.0012882857624140153, -0.01026585503635688, -2.7284562270388236e-18], [0.007475667824399155, 0.0008442206027088518, 0.0011939082259856467]]	0.38749357509911003	[[-0.6636676007909035, 0.4692838609730543, 0.4692838609730542], [-0.7071067811865475, -0.5000000000000001, -0.5], [0.0, -0.6636676007909034, 0.6636676007909035]]
6	[[-0.30792515101507295, 0.09349718223056193, 0.9468053539599837], [0.3027085282091916, -0.9338174967034747, 0.1906631317268273], [0.9019698710720718, 0.34531602882779927, 0.2592434992682147]]	0.8571411994080939	0.14285880059190625	[[-0.26393533326897795, 0.080140286918381, 0.8115458766992654], [0.25946395094028524, -0.8004134491526801, 0.1634252254112361], [0.7731155371206794, 0.29598459512429975, 0.22220828390150885]]	0.8611679802325254	0.13693235244282903	[[-0.252478170792335, 0.07833829998256882, 0.8227962489262942], [0.26303357858719983, -0.8178745339581629, 0.15616723747081537], [0.7841853666849612, 0.304812901670786, 0.2127335706794664]]	[[0.012697109570110774, -0.002178479596356571, 0.007437794583233671], [0.0023506867501299385, -0.013700806416238808, -0.008025746583184374], [0.007437794583233671, 0.0074377945832336725, -0.010518629973754202]]	0.375840760840279	[[-0.46337088432479373, -0.1357181898143248, 0.791023578835263], [0.5, -0.8535533905932737, 0.14644660940672619], [0.655305389020938, 0.46337088432479384, 0.46337088432479373]]
6	[[0.04673222253661188, -0.9725397674033924, -0.22799671093185395], [-0.8377629715199755, -0.16246744520517667, 0.5213036857710898], [-0.5440306084466285, 0.16664552219444034, -0.8223502702654952]]	0.8223721803719636	0.1776278196280364	[[0.03843127974106125, -0.7997896490179701, -0.18749815228666503], [-0.6889529615237776, -0.13360870715284356, 0.42870564870351197], [-0.44739563765733986, 0.13704464143626638, -0.676277984787709]]	0.8446455533320493	0.16732409588684036	[[-0.012908268492748197, -0.8214513899758609, -0.25891194395925454], [-0.7787294971410343, -0.13834417450677794, 0.49683790588997023], [-0.4605479911063535, 0.22835992758139056, -0.6945944990611596]]	[[-0.052380432455621156, 5.815396215205343e-18, -0.06633553589633154], [-0.07111672850044291, -0.0011167693530071483, 0.05652106576781135], [-0.0010349568053794926, 0.08760352827715914, 0.0]]	0.3423895712749666	[[1.8504573709854163e-16, -0.9267417686495877, 0.0], [-0.7071067811865476, -1.3401577416544657e-16, 0.7071067811865475], [-0.6553053890209379, -1.0288900494366123e-16, -0.655305389020938]]
6	[[0.8489524140446696, -0.5135124485683378, 0.12483895166604869], [0.522794976890395, 0.7815435453534784, -0.34040431673891397], [0.0772347773085365, 0.35425224329800037, 0.9319550081910795]]	0.8650867867568269	0.13491321324317312	[[0.7344175159753545, -0.44423283409161357, 0.10799652755887287], [0.45226302669072127, 0.6761029943603791, -0.2944792765658202], [0.06681478532772094, 0.3064589348560648, 0.8062219634379532]]	0.9121506247330003	0.1461757019360062	[[0.7677958964846403, -0.47633805221139564, 0.05451569674925732], [0.49943037978737803, 0.6731706050100499, -0.289605578179553], [0.023361638486396497, 0.29058301641029105, 0.8500833429445414]]	[[-0.006576578354793775, -0.007937351441613739, -0.059356231003941835], [0.02256261500952987, -0.0397148281401692, 0.020894431995657443], [-0.04708811188669924, -0.03254838862704682, 0.0]]	0.43091240244766904	[[0.6981972357435972, -0.698197235743597, 0.0], [0.7071067811865475, 0.7071067811865476, 0.0], [0.0, 0.0, 0.9874]]
6	[[0.22433838825039393, -0.7661379269479729, -0.6022499185961573], [-0.9416906372873723, -0.011392912655017143, -0.3362869982418849], [0.2507808429735371, 0.642575192824231, -0.724020780340167]]	0.849927774755848	0.150072225244152	[[0.19067142711797083, -0.6511619034069493, -0.5118689331593228], [-0.8003690278580728, -0.009683152900866502, -0.28581966009504906], [0.21314560381989417, 0.5461425037504085, -0.6153653707115109]]	0.8611763690895994	0.13403413520997995	[[0.17973609172854763, -0.7122998435870216, -0.4911086098679826], [-0.8657326192740524, -0.014517308367985978, -0.32535729265443897], [0.24751179962719524, 0.5219965228211628, -0.6677079765628707]]	[[-0.013458826912339534, -0.05251996543613374, 0.02753478831316298], [-0.05477089544924214, -0.004706001214383332, -0.0357548765364519], [0.03154526383801561, -0.03137404860225765, -0.04419838980410743]]	0.31312009275691816	[[0.13571818981432496, -0.7910235788352629, -0.46337088432479373], [-0.8535533905932738, 0.14644660940672602, -0.5], [0.46337088432479373, 0.46337088432479384, -0.655305389020938]]
6	[[-0.3195682178843842, -0.5708200961323295, -0.7563336379995778], [0.910087742671785, 0.03735879733279218, -0.41272826520656647], [0.2638493031197415, -0.8202248094963509, 0.507557688474819]]	0.8238603235434395	0.17613967645656056	[[-0.2632795753804292, -0.4702760290846783, -0.6231132757091187], [0.7497851821304953, 0.030778430857787933, -0.34003044210860434], [0.21737497223494123, -0.6757506769300196, 0.41815664144382464]]	0.8364100361749409	0.1816939929877541	[[-0.2841079205212285, -0.5127715679544482, -0.6387790412699154], [0.7980653038290568, 0.006387711574181856, -0.29306756363297337], [0.17736039353248928, -0.6800433036154497, 0.45686623426195405]]	[[-0.01681785584018938, -0.03533191069902322, -0.006173995750363811], [0.036858782058578676, -0.02485956145439119, 0.05214249959887145], [-0.043325811634626635, 0.006000958966977353, 0.03233988968386132]]	0.4399433054345994	[[-0.13571818981432496, -0.7910235788352629, -0.46337088432479373], [0.8535533905932738, 0.14644660940672602, -0.5], [0.46337088432479373, -0.46337088432479384, 0.655305389020938]]
6	[[0.8787972042104137, -0.3840163418041313, 0.28327887866788265], [-0.395223040501579, -0.9183905790867732, -0.018907472103605397], [0.2674214316928388, -0.09534250611366366, -0.9588511794847616]]	0.8272062143468316	0.1727937856531685	[[0.7269465084734757, -0.3176607043511144, 0.23433004882727465], [-0.3269309551559557, -0.7596983942181641, -0.015640378421691737], [0.22121267014584295, -0.07886791354862338, -0.793167654303584]]	0.8545599508707592	0.23992779062305597	[[0.6978577961114787, -0.3175940947442401, 0.15121652966112184], [-0.3602027628030181, -0.8405281722626319, -0.024796286536961882], [0.13730361625931495, -0.057764101001445675, -0.8193958168328673]]	[[-0.05312709954393301, 0.010570891441467056, -0.09086225497602768], [-0.02246098072899666, -0.055708364118070945, -0.008638718105014598], [-0.09122402926990547, 0.023711786338941797, 0.0]]	0.47296275035414864	[[0.6893999505732279, -0.6893999505732278, 0.0], [-0.7071067811865475, -0.7071067811865476, 0.0], [0.0, 0.0, -0.9749587600000001]]
6	[[0.08740825448676931, -0.06334395238859675, -0.994156597696443], [0.7119981850616444, -0.6940087028176986, 0.10681996481098455], [-0.6967197295301035, -0.717174639895393, -0.015561310176609944]]	0.9134992172454715	0.08650078275452865	[[0.07984737205445672, -0.05786465092421755, -0.9081612738151219], [0.6504097847340086, -0.6339764067855126, 0.09757995424102318], [-0.6364529275652264, -0.6551384721727442, -0.014215244665647173]]	0.9520855844515602	0.07456978055425288	[[0.06281819335077078, -0.0628181933507708, -0.9242730148906483], [0.6797328440816082, -0.6702079199826582, 0.09346046731923162], [-0.6704104647011466, -0.6795798641465769, 0.0]]	[[-0.0204019457081557, -0.0025093294194018538, 0.022249150463544337], [0.0018496359287423917, -0.009452238546000417, -0.008241281308929701], [-0.0070736538125450756, 0.0032317720320656903, 0.01481569909432969]]	0.12791487306468932	[[0.0, 0.0, -0.9626742796240002], [0.7071067811865475, -0.7071067811865476, 0.0], [-0.6807135111960052, -0.6807135111960051, 0.0]]
6	[[-0.42203838922340475, -0.825029846081567, 0.3757783270710803], [0.2588054115689476, 0.28760896992378115, 0.9221175843470338], [-0.8688517462515349, 0.4864224845687207, 0.09214016247897017]]	0.8064333303889464	0.1935666696110537	[[-0.3403458237734167, -0.665331566445838, 0.30304016778791804], [0.20870930997422843, 0.23193745946536914, 0.7436263545551888], [-0.700671007343877, 0.3922673042068194, 0.07430489809049455]]	0.8675236166434335	0.21832075214410415	[[-0.2897328699170405, -0.6608117137836973, 0.3384452770475517], [0.25176825428761607, 0.22858725528658724, 0.8310499375942366], [-0.7679154439198376, 0.38770958105675823, 0.02203457304520027]]	[[0.07639539986441667, 0.05492116212775904, 0.012448703690628955], [0.027248447636430313, -0.020920318480784, 0.03109115585099139], [-0.014166034684743145, -0.0342734119729832, -0.05789919394666953]]	0.48673162471094417	[[-0.4752722918503688, -0.4752722918503689, 0.6721365209549356], [0.5, 0.5000000000000001, 0.7071067811865475], [-0.6721365209549356, 0.6721365209549355, 0.0]]
6	[[0.5319609947059123, -0.8460851799387872, 0.03402011756955908], [-0.703274286200726, -0.4190807785627857, 0.5742617690636116], [-0.47161719485230363, -0.3294103357928521, -0.8179645788128509]]	0.8433651291437706	0.15663487085622974	[[0.4486373529996005, -0.7135587370457053, 0.028691380847537466], [-0.5931170092051682, -0.3534381149342756, 0.48431235102866294], [-0.3977454964430358, -0.27781319038723157, -0.6898428026455297]]	0.871394086365689	0.16961583331283187	[[0.5247189121344961, -0.721662366803978, 0.004828424819066301], [-0.5932302711368649, -0.3903019221172559, 0.570243630234609], [-0.3819519299765095, -0.3710323009871303, -0.7168339419849119]]	[[0.06117124717055459, 0.015611255556331, -0.024816504448512952], [0.01959878295149869, -0.025117409968115574, 0.06983532064667898], [0.02901250464616274, -0.0839860823895031, -0.004064445150792225]]	0.305157526865934	[[0.6636676007909035, -0.6636676007909034, 0.0], [-0.5, -0.5000000000000001, 0.7071067811865475], [-0.4692838609730542, -0.4692838609730543, -0.6636676007909035]]
6	[[0.3802729664721569, 0.7767473726770865, -0.5020517802076895], [0.4287143634067757, 0.332951791095048, 0.839849450446521], [0.8195098935212374, -0.5346088512602871, -0.20639019011321075]]	0.8303004523551252	0.169699547644875	[[0.31574081608025717, 0.6449336948994397, -0.41685382021214046], [0.3559617298677854, 0.27645002275866754, 0.6973273786159497], [0.6804394353001839, -0.4438859710344702, -0.17136586821265912]]	0.8703630764461856	0.21632706592178974	[[0.34308144465125284, 0.6318840693900982, -0.4369673319568487], [0.405004555222583, 0.30167506991230514, 0.7199533501649453], [0.6826195403832142, -0.4482683668457804, -0.08669247446014038]]	[[0.012105895663229243, -0.04416816351462258, 2.718788615906284e-18], [0.03186740297119375, 0.011886124706551478, -0.011020601277327081], [-0.030651611720015952, 0.017035437632484315, 0.09294192635510684]]	0.3713647994265028	[[0.4752722918503688, 0.4752722918503689, -0.6721365209549356], [0.5, 0.5000000000000001, 0.7071067811865475], [0.6721365209549356, -0.6721365209549355, 0.0]]
