6	[[0.8489524140446696, -0.5135124485683378, 0.12483895166604869], [0.522794976890395, 0.7815435453534784, -0.34040431673891397], [0.0772347773085365, 0.35425224329800037, 0.9319550081910795]]	0.885368457588081	0.11463154241191917	[[0.7516356893884069, -0.4546477245412279, 0.11052847008348254], [0.4628661823242454, 0.6919540032875297, -0.3013832448674569], [0.06838123565781791, 0.31364376224586815, 0.8251235681436233]]	0.9234203972828978	0.1338414442175228	[[0.7786675866173342, -0.49041632156689835, 0.06720514409935965], [0.5105173765038636, 0.6682405244450133, -0.2904208488267706], [0.025431010274774898, 0.30461392974800816, 0.8627967654815998]]	[[-0.005272388834069648, -0.016228452300210305, -0.04807369024448349], [0.027757831246231737, -0.05345272669918012, 0.02391544057309068], [-0.04588915847153002, -0.0225098174965891, 0.002210501568006865]]	0.42797851118349634	[[0.7048440394867506, -0.7048440394867505, 0.0], [0.7071067811865475, 0.7071067811865476, 0.0], [0.0, 0.0, 0.9967999999999999]]
6	[[-0.42203838922340475, -0.825029846081567, 0.3757783270710803], [0.2588054115689476, 0.28760896992378115, 0.9221175843470338], [-0.8688517462515349, 0.4864224845687207, 0.09214016247897017]]	0.8592545279419053	0.14074547205809462	[[-0.3626383969055188, -0.7089106309327998, 0.32288922903825995], [0.22237972174648657, 0.24712930968371624, 0.7923337096450407], [-0.7465647970768629, 0.4179607223584248, 0.07917185181535798]]	0.8823655129769897	0.19103385400344253	[[-0.30130949784044664, -0.6867172894757955, 0.3583168480603514], [0.25793267585177587, 0.2346415460008994, 0.8287260152237466], [-0.7977320555277643, 0.4038589502142309, 0.022257028103555572]]	[[0.07108262196264539, 0.0412605938832933, 0.026743011728642595], [0.029571706111520477, -0.019134690282681405, 0.015081259886273471], [-0.031087238745575285, -0.025343474905790198, -0.05904427362798414]]	0.4789115673339315	[[-0.4936306545164285, -0.4936306545164286, 0.6980991664202412], [0.5, 0.5000000000000001, 0.7071067811865475], [-0.6980991664202412, 0.6980991664202411, 0.0]]
6	[[0.8592155572171323, 0.2624339665249735, -0.4391776855101157], [-0.4266000482917053, 0.8413623931712975, -0.33184593135155627], [0.2824199444684594, 0.4724804086637203, 0.8348660002631537]]	0.8674865228393134	0.1325134771606868	[[0.745357916099733, 0.22765792909567803, -0.3809807233117878], [-0.37006979253565453, 0.7298705368999321, -0.287871873106535], [0.24499549560741585, 0.4098703868213885, 0.7242350036050484]]	0.8874370005220483	0.1503206159128244	[[0.7735805971814276, 0.15311229900122453, -0.3831891961328985], [-0.36360615688377596, 0.7620780111405402, -0.3743621169764702], [0.30684940580617415, 0.4148101726349462, 0.756997618250074]]	[[0.011080920282775185, -0.07978131308680163, 0.00655333179241406], [0.014974510394775983, 0.015421892592551575, -0.0798697590223996], [0.05621949739948095, -0.004486424035017369, 0.016106639138701098]]	0.4165962788864619	[[0.8399836609658242, -0.14411841187812788, -0.4920510364219759], [-0.14644660940672619, 0.8535533905932737, -0.5], [0.4920510364219759, 0.492051036421976, 0.6958652490876963]]
6	[[0.04673222253661188, -0.9725397674033924, -0.22799671093185395], [-0.8377629715199755, -0.16246744520517667, 0.5213036857710898], [-0.5440306084466285, 0.16664552219444034, -0.8223502702654952]]	0.8915636091960776	0.10843639080392241	[[0.041664748990495895, -0.8670810651128825, -0.2032735704832385], [-0.7469189785391801, -0.14485006182399326, 0.4647753955732907], [-0.4850378927798142, 0.14857508322404034, -0.7331775749812748]]	0.8948007362963293	0.1042263268889117	[[0.01823119373100545, -0.8750738781592362, -0.2227518800092632], [-0.7687350563940909, -0.14537598959377562, 0.4925513530151658], [-0.49164356721500313, 0.1804618372274017, -0.7358396273270507]]	[[-0.023584833403518714, -0.004844578209219809, -0.018740255194298897], [-0.019104132636215933, 1.4924073621524128e-18, 0.026088431153204306], [-0.004844578209219805, 0.03134730126733015, 0.0]]	0.32254447842062545	[[1.9587027058797473e-16, -0.9809529462108513, 0.0], [-0.7071067811865476, -1.3401577416544657e-16, 0.7071067811865475], [-0.6936384802906155, -1.0890765469571698e-16, -0.6936384802906156]]
6	[[0.034229894132735264, 0.2773841392786001, 0.9601491309293217], [-0.1827544195208179, -0.9427759796974285, 0.2788803941677556], [0.9825625356654255, -0.18501754344446375, 0.018422055382213542]]	0.8955890972350071	0.10441090276499296	[[0.030655919984786256, 0.24842221088383096, 0.8598990933799678], [-0.16367286559435706, -0.8443398885520694, 0.24976224044924314], [0.8799722942935378, -0.165699694706066, 0.01649859194896991]]	0.9356153613399872	0.12222187852734426	[[0.012499502842092048, 0.24516482545244345, 0.8912094148564136], [-0.1629961031783923, -0.8280991269240595, 0.25200931598531917], [0.9256928409984514, -0.16709193398336028, 0.0]]	[[-0.019526511925536564, -0.014360036248685381, -0.007120861218298572], [0.007991739078057327, 0.053976561983210776, -0.008915464774583527], [0.006392239152710208, 0.0060133217806684685, -0.01723595800305498]]	0.33972866313122196	[[0.0, 0.0, 0.9967999999999999], [0.0, -1.0, 0.0], [0.9967999999999999, 0.0, 0.0]]
6	[[0.5319609947059123, -0.8460851799387872, 0.03402011756955908], [-0.703274286200726, -0.4190807785627857, 0.5742617690636116], [-0.47161719485230363, -0.3294103357928521, -0.8179645788128509]]	0.8912022107148408	0.10879778928515906	[[0.47408481449597484, -0.7540329828145111, 0.03031880398676985], [-0.6267595986009887, -0.3734857163232512, 0.5117833581185061], [-0.42030628666350495, -0.29357121949090786, -0.7289718409244467]]	0.9000657726104321	0.14466624059487	[[0.5423356784843032, -0.7467421203449391, -0.0024224533255644254], [-0.5875503926792718, -0.39265023928790316, 0.5832918284684311], [-0.4066075150461079, -0.38227800927287575, -0.7450291871713247]]	[[0.06353579478571231, 0.01479019083090191, -0.03304279673010736], [0.04544272108703481, -0.015449974544607961, 0.06641846561555777], [0.017878979814995442, -0.08578704088162038, -0.008807266574169274]]	0.2872935948581954	[[0.6958652490876963, -0.6958652490876962, 0.0], [-0.5, -0.5000000000000001, 0.7071067811865475], [-0.4920510364219759, -0.492051036421976, -0.6958652490876963]]
6	[[-0.3195682178843842, -0.5708200961323295, -0.7563336379995778], [0.910087742671785, 0.03735879733279218, -0.41272826520656647], [0.2638493031197415, -0.8202248094963509, 0.507557688474819]]	0.8637421967141635	0.13625780328583656	[[-0.2760245545154884, -0.49304140376192834, -0.6532772779345701], [0.786081186057962, 0.03226836967482516, -0.3564908184355456], [0.22789777667814667, -0.7084627787538343, 0.4383989928024032]]	0.8637421967141634	0.13625780328583692	[[-0.27602455451548846, -0.49304140376192823, -0.65327727793457], [0.7860811860579615, 0.03226836967482516, -0.3564908184355454], [0.22789777667814667, -0.7084627787538343, 0.4383989928024031]]	[[0.0, 0.0, 0.0], [0.0, 0.0, 0.0], [0.0, 0.0, 0.0]]	0.4427201211610118	[[-0.143657232960118, -0.8372957132507334, -0.4904764731054255], [0.8535533905932738, 0.14644660940672602, -0.5], [0.4904764731054255, -0.49047647310542564, 0.6936384802906156]]
6	[[-0.30792515101507295, 0.09349718223056193, 0.9468053539599837], [0.3027085282091916, -0.9338174967034747, 0.1906631317268273], [0.9019698710720718, 0.34531602882779927, 0.2592434992682147]]	0.8944552915914169	0.10554470840858328	[[-0.2754252807395182, 0.08362904939501312, 0.8468750589565919], [0.27075924486656117, -0.8352580013070733, 0.17053964708445202], [0.8067717240364428, 0.3088697492563593, 0.23188171973113025]]	0.8944552915914169	0.1055447084085832	[[-0.2754252807395182, 0.08362904939501312, 0.8468750589565919], [0.27075924486656117, -0.8352580013070734, 0.17053964708445207], [0.8067717240364426, 0.3088697492563593, 0.23188171973113028]]	[[0.0, 0.0, 0.0], [0.0, 0.0, 0.0], [0.0, 0.0, 0.0]]	0.36855643765603296	[[-0.4904764731054255, -0.14365723296011784, 0.8372957132507335], [0.5, -0.8535533905932737, 0.14644660940672619], [0.6936384802906156, 0.49047647310542564, 0.4904764731054255]]
6	[[0.8787972042104137, -0.3840163418041313, 0.28327887866788265], [-0.395223040501579, -0.9183905790867732, -0.018907472103605397], [0.2674214316928388, -0.09534250611366366, -0.9588511794847616]]	0.8588563755747679	0.14114362442523215	[[0.754760581673395, -0.3298148834833775, 0.24329587100958217], [-0.33943982810882595, -0.7887656041164783, -0.01623880296218358], [0.22967660157472689, -0.08188551923899631, -0.8235154487278736]]	0.8623888320502091	0.23011382686343437	[[0.7053911464327349, -0.3190957367916194, 0.1575025644447942], [-0.3581558332828212, -0.8409160487094011, -0.025906799478843428], [0.14227128281874818, -0.06251282792173003, -0.826902548785829]]	[[-0.0524737481152729, 0.01207566770503931, -0.08679397687409399], [-0.017319896985331935, -0.04890626984484347, -0.00960120669439326], [-0.08834997332403387, 0.019709484570372297, 0.0]]	0.46942932591233183	[[0.7025885385603929, -0.7025885385603928, 0.0], [-0.7071067811865475, -0.7071067811865476, 0.0], [0.0, 0.0, -0.9936102399999999]]
6	[[-0.5446221603179724, 0.8109226453022452, -0.2139887049042392], [-0.8354447797583356, -0.5021691245819775, 0.22328947644507607], [0.07361197229480154, 0.30038414347728, 0.9509735242804028]]	0.8855896119754084	0.11441038802459165	[[-0.48231172762920177, 0.7181446707952871, -0.1895061741432654], [-0.739861218333065, -0.444715760184584, 0.19774284080318702], [0.06518999798129783, 0.26601707706560973, 0.8421722743663688]]	0.8855896119754083	0.1144103880245918	[[-0.4823117276292018, 0.7181446707952872, -0.18950617414326537], [-0.7398612183330651, -0.4447157601845839, 0.197742840803187], [0.06518999798129782, 0.2660170770656098, 0.8421722743663683]]	[[0.0, 0.0, 0.0], [0.0, 0.0, 0.0], [0.0, 0.0, 0.0]]	0.3820265389708664	[[-0.7025885385603929, 0.7025885385603928, 0.0], [-0.7071067811865475, -0.7071067811865476, 0.0], [0.0, 0.0, 0.9936102399999999]]
6	[[0.3802729664721569, 0.7767473726770865, -0.5020517802076895], [0.4287143634067757, 0.332951791095048, 0.839849450446521], [0.8195098935212374, -0.5346088512602871, -0.20639019011321075]]	0.8789180424062565	0.12108195759374366	[[0.3342287712717282, 0.6826972802375477, -0.44126236784671846], [0.37680478903692766, 0.2926373364449164, 0.7381588349024266], [0.7202820313462457, -0.4698773650027491, -0.18140006186615829]]	0.8859054839922036	0.1983612253289649	[[0.34676796132096616, 0.6605511144345347, -0.4447704253340405], [0.4041196705351253, 0.3016700679899268, 0.720836162988316], [0.7060249514638784, -0.46025798365162507, -0.09174699884308159]]	[[0.009882054909298924, -0.027573642696631998, -2.615226458837176e-19], [0.024319264926836174, 0.0067062503537973165, -0.023191070890095325], [-0.019983357392452564, 0.013354929470635562, 0.09109520242040527]]	0.36715317188612134	[[0.4936306545164285, 0.4936306545164286, -0.6980991664202412], [0.5, 0.5000000000000001, 0.7071067811865475], [0.6980991664202412, -0.6980991664202411, 0.0]]
6	[[-0.8305561570912853, 0.32773595720904825, 0.4502950280316503], [-0.5100865793185324, -0.772219296347621, -0.37879947194723407], [0.22358030216652452, -0.5443036842615101, 0.808545204538665]]	0.8874247294073563	0.11257527059264394	[[-0.7370560729643473, 0.29084099314330053, 0.39960294340446517], [-0.45266344462607255, -0.6852865001044266, -0.33615601889242375], [0.19841068915094298, -0.48302854972119774, 0.7175230093513401]]	0.8874247294073562	0.11257527059264384	[[-0.7370560729643474, 0.2908409931433005, 0.3996029434044651], [-0.45266344462607255, -0.6852865001044266, -0.3361560188924236], [0.19841068915094295, -0.4830285497211976, 0.7175230093513403]]	[[0.0, 0.0, 0.0], [0.0, 0.0, 0.0], [0.0, 0.0, 0.0]]	0.36816007144020463	[[-0.6958652490876963, 0.492051036421976, 0.4920510364219759], [-0.7071067811865475, -0.5000000000000001, -0.5], [0.0, -0.6958652490876962, 0.6958652490876963]]
6	[[0.08740825448676931, -0.06334395238859675, -0.994156597696443], [0.7119981850616444, -0.6940087028176986, 0.10681996481098455], [-0.6967197295301035, -0.717174639895393, -0.015561310176609944]]	0.9320025897526079	0.06799741024739205	[[0.08146471954742401, -0.05903672767133808, -0.9265565236727267], [0.6635841523766092, -0.6468179083369431, 0.09955648384112005], [-0.649344592253793, -0.6684086216874003, -0.014503181384544081]]	0.9680391170729505	0.05336782287865129	[[0.06882195418521606, -0.05692869521058823, -0.9447379310678305], [0.6791159127466657, -0.6725695311985265, 0.09006646580072337], [-0.6810945821575031, -0.704377179516882, -0.008409804071367108]]	[[-0.015792655313043864, 0.004390728531579983, 0.01764454399848276], [-0.0101261816779517, -0.0007419592819378549, -0.013339438620665736], [-0.006642630335876863, -0.010124074325434353, 0.0066541528924967015]]	0.11348801973413972	[[0.0, 0.0, -0.9904306872319997], [0.7071067811865475, -0.7071067811865476, 0.0], [-0.7003402552369995, -0.7003402552369994, 0.0]]
6	[[0.22433838825039393, -0.7661379269479729, -0.6022499185961573], [-0.9416906372873723, -0.011392912655017143, -0.3362869982418849], [0.2507808429735371, 0.642575192824231, -0.724020780340167]]	0.9165406564565282	0.08345934354347181	[[0.2056152536354156, -0.7021965585011388, -0.5519865357410128], [-0.8630977548783346, -0.010442067643781357, -0.3082207061264125], [0.22985083844568716, 0.5889462890538009, -0.6635944813011446]]	0.9189823153016042	0.07929008611384733	[[0.19792407308112972, -0.7144406217229757, -0.5525728950891906], [-0.8722252253426686, -0.005817624380462101, -0.31959961006060505], [0.23842344630795512, 0.5838052997773405, -0.6736012314077287]]	[[-0.008238938364247593, -0.010373415775956036, 0.0008841294925086584], [-0.006828183190475915, 0.00465226086927454, -0.010557805810450986], [0.007960286598845918, -0.006709938679646133, -0.008238938364247593]]	0.2938524506649512	[[0.143657232960118, -0.8372957132507334, -0.4904764731054255], [-0.8535533905932738, 0.14644660940672602, -0.5], [0.4904764731054255, 0.49047647310542564, -0.6936384802906156]]
