6	[[0.08740825448676931, -0.06334395238859675, -0.994156597696443], [0.7119981850616444, -0.6940087028176986, 0.10681996481098455], [-0.6967197295301035, -0.717174639895393, -0.015561310176609944]]	0.9328215859961771	0.067178414003823	[[0.08153630657950563, -0.05908860613039714, -0.9273707341917593], [0.6641672762156027, -0.647386298857555, 0.09964396899103842], [-0.6499152030950988, -0.6689959850234576, -0.014515926039123737]]	0.9692964269167519	0.051791628443239396	[[0.06972902531049072, -0.0564043589399267, -0.9461111537758119], [0.6785637936331487, -0.6725111392442658, 0.09005115523630317], [-0.681463795997692, -0.706302477645039, -0.00942196194767417]]	[[-0.014995483446564909, 0.004994707777124981, 0.01752128416706508], [-0.011573503118315618, 0.0001890166460594405, -0.013489054978357347], [-0.0061358516017567775, -0.011147661719126185, 0.00566156040465714]]	0.11233661322871479	[[0.0, 0.0, -0.9928172661760001], [0.7071067811865475, -0.7071067811865476, 0.0], [-0.7020278213921393, -0.7020278213921392, 0.0]]
6	[[0.04673222253661188, -0.9725397674033924, -0.22799671093185395], [-0.8377629715199755, -0.16246744520517667, 0.5213036857710898], [-0.5440306084466285, 0.16664552219444034, -0.8223502702654952]]	0.897376217020988	0.10262378297901203	[[0.04193638507288785, -0.8727340573749279, -0.20459882594925483], [-0.7517885661428575, -0.14579442136728615, 0.46780552945635845], [-0.488200129351462, 0.14954372829033394, -0.737957574597037]]	0.8983298407509936	0.09988398504172469	[[0.020350508520329956, -0.8798756834982846, -0.22023250140930062], [-0.7682275999621615, -0.1459493541783872, 0.4928585905312825], [-0.4949331189723127, 0.1777187077430273, -0.7387417873291389]]	[[-0.021630441508924684, -0.006214189122786761, -0.015416252386137929], [-0.01564012316954269, -1.8333333598237523e-18, 0.02455593350963343], [-0.006214189122786763, 0.028016062328229608, 0.0]]	0.3210264524530731	[[-1.9681536058566422e-16, -0.9856861240171867, 0.0], [-0.7071067811865476, 1.3401577416544657e-16, 0.7071067811865475], [-0.6969853424140369, 1.0943314299374082e-16, -0.696985342414037]]
6	[[0.8787972042104137, -0.3840163418041313, 0.28327887866788265], [-0.395223040501579, -0.9183905790867732, -0.018907472103605397], [0.2674214316928388, -0.09534250611366366, -0.9588511794847616]]	0.8613130255867596	0.1386869744132405	[[0.7569194788356569, -0.3307582772340755, 0.24399178807025856], [-0.34041075279601346, -0.7910217683436048, -0.01628525200375362], [0.23033356243810194, -0.08211974240778377, -0.825871010489453]]	0.8630451266320551	0.22927763424348793	[[0.7060275286552238, -0.31921543946406733, 0.15804893970143083], [-0.35798428048685343, -0.8409473632399572, -0.026002752310443054], [0.14270125917995977, -0.06293066734111112, -0.8275318376197215]]	[[-0.05241411573644872, 0.012207992877057754, -0.0864335160106785], [-0.01688896144926235, -0.04833484961432671, -0.009684750654494891], [-0.08809550419951173, 0.019354217921173214, 0.0]]	0.4691508521831161	[[0.7037167415719118, -0.7037167415719117, 0.0], [-0.7071067811865475, -0.7071067811865476, 0.0], [0.0, 0.0, -0.99520576]]
6	[[0.8489524140446696, -0.5135124485683378, 0.12483895166604869], [0.522794976890395, 0.7815435453534784, -0.34040431673891397], [0.0772347773085365, 0.35425224329800037, 0.9319550081910795]]	0.8857129213811175	0.11428707861888271	[[0.7519281227570561, -0.4548246109870333, 0.11057147258229212], [0.46304626626496553, 0.692223216741585, -0.30150050182956667], [0.0684078402421639, 0.3137657893172863, 0.8254445929006843]]	0.9242193440462186	0.13310529809548002	[[0.7797019139472299, -0.49177764676048064, 0.06751666114897623], [0.5108641220890605, 0.6677756077451765, -0.2911965114436935], [0.026528910572425877, 0.3058299180439136, 0.8637563712907097]]	[[-0.004916329287588695, -0.01717950838508393, -0.047861912871236895], [0.02768689147676163, -0.05454205508497119, 0.023411742883246857], [-0.0448529646492255, -0.021576857883865843, 0.002425524939761868]]	0.42773320047610375	[[0.7054097249116998, -0.7054097249116997, 0.0], [0.7071067811865475, 0.7071067811865476, 0.0], [0.0, 0.0, 0.9976]]
6	[[0.034229894132735264, 0.2773841392786001, 0.9601491309293217], [-0.1827544195208179, -0.9427759796974285, 0.2788803941677556], [0.9825625356654255, -0.18501754344446375, 0.018422055382213542]]	0.8963469185500336	0.10365308144996639	[[0.03068186012817114, 0.24863241849702658, 0.8606267148569903], [-0.16381136078888522, -0.8450543442847792, 0.2499735819562865], [0.8807169011264118, -0.16583990494414205, 0.01651255257520516]]	0.9362121970006365	0.12213758485282618	[[0.012661971427663446, 0.24552329615994983, 0.8923057498624937], [-0.1629225831438771, -0.8281254123539454, 0.2520193773785112], [0.9268562412195775, -0.1673557916307422, 0.0]]	[[-0.019384472961443838, -0.014167118287198993, -0.006597577453098583], [0.008174333467283842, 0.05451295887801188, -0.009071849145686761], [0.0069692110137332475, 0.0058598892010599405, -0.01724695294264954]]	0.3393949899107714	[[0.0, 0.0, 0.9976], [0.0, -1.0, 0.0], [0.9976, 0.0, 0.0]]
6	[[-0.5446221603179724, 0.8109226453022452, -0.2139887049042392], [-0.8354447797583356, -0.5021691245819775, 0.22328947644507607], [0.07361197229480154, 0.30038414347728, 0.9509735242804028]]	0.886676326836445	0.11332367316355504	[[-0.48290357662446914, 0.7190259124850883, -0.1897387188489788], [-0.7407691085908038, -0.445261474835021, 0.19798549279555294], [0.06526999320554079, 0.2663435089783463, 0.8432057114276564]]	0.8866763268364452	0.11332367316355502	[[-0.4829035766244692, 0.7190259124850881, -0.18973871884897883], [-0.7407691085908039, -0.44526147483502104, 0.197985492795553], [0.06526999320554079, 0.2663435089783463, 0.8432057114276564]]	[[0.0, 0.0, 0.0], [0.0, 0.0, 0.0], [0.0, 0.0, 0.0]]	0.3816050888720371	[[-0.7037167415719118, 0.7037167415719117, 0.0], [-0.7071067811865475, -0.7071067811865476, 0.0], [0.0, 0.0, 0.99520576]]
6	[[0.8592155572171323, 0.2624339665249735, -0.4391776855101157], [-0.4266000482917053, 0.8413623931712975, -0.33184593135155627], [0.2824199444684594, 0.4724804086637203, 0.8348660002631537]]	0.8678009835820514	0.13219901641794873	[[0.7456281056620276, 0.22774045427571116, -0.38111882745296727], [-0.3702039415036924, 0.7301351123430005, -0.28797622562458247], [0.24508430559291738, 0.41001896336162613, 0.724497536187578]]	0.8893529858074627	0.14846965148560684	[[0.7752865322112285, 0.1537757713272511, -0.38553315551112133], [-0.36433903399755563, 0.7612302670123653, -0.3745453720369259], [0.3076853945376029, 0.4177787539067317, 0.758425493463136]]	[[0.011140610947949174, -0.07962066037902987, 0.005050830397310884], [0.015058992696280304, 0.012962110499359743, -0.0794172021613611], [0.05651437367300068, -0.002423108273878185, 0.015934923379966257]]	0.4158274399666675	[[0.8433597967277585, -0.14469766519805013, -0.4940287309629042], [-0.14644660940672619, 0.8535533905932737, -0.5], [0.4940287309629042, 0.4940287309629043, 0.6986621315297082]]
6	[[0.22433838825039393, -0.7661379269479729, -0.6022499185961573], [-0.9416906372873723, -0.011392912655017143, -0.3362869982418849], [0.2507808429735371, 0.642575192824231, -0.724020780340167]]	0.9190738318655886	0.0809261681344114	[[0.20618354212383977, -0.7041373202576318, -0.5535121404249091], [-0.8654832224436534, -0.010470927889956615, -0.3090725800807457], [0.2304861103101712, 0.5905740447307356, -0.6654285529375509]]	0.9210095179106336	0.07743459435150077	[[0.19905000046743476, -0.7141435597663771, -0.5542821482186865], [-0.8731257879675087, -0.005642554311108942, -0.31835539889835646], [0.23727822583011893, 0.5860708737243225, -0.6743978202022872]]	[[-0.007567790343909187, -0.008523237014972193, 0.0003957589692785234], [-0.00581974809850874, 0.004850426680886402, -0.008631872767983979], [0.006306682541839267, -0.005746994840054784, -0.007567790343909187]]	0.2924314621334891	[[0.144350390801575, -0.8413357332156118, -0.49284306200859324], [-0.8535533905932738, 0.14644660940672602, -0.5], [0.49284306200859324, 0.49284306200859335, -0.696985342414037]]
6	[[-0.42203838922340475, -0.825029846081567, 0.3757783270710803], [0.2588054115689476, 0.28760896992378115, 0.9221175843470338], [-0.8688517462515349, 0.4864224845687207, 0.09214016247897017]]	0.8629800121020755	0.1370199878979246	[[-0.3642106942395543, -0.7119842665560442, 0.3242891852434985], [0.22334389720785297, 0.2482007923454901, 0.7957690440993397], [-0.749801690495059, 0.4197728816198362, 0.07951511853118887]]	0.8835708215848042	0.18926587661339825	[[-0.3022392332571942, -0.6888793976423969, 0.35947017691560373], [0.2577987511493809, 0.23475216340139143, 0.8293245388254914], [-0.7997762658281192, 0.40418272076989625, 0.022160907285542906]]	[[0.07066157304925691, 0.04009290129187784, 0.027443411731645988], [0.02912584101881255, -0.019370730449323203, 0.014568347226187925], [-0.032084214557258836, -0.025605993557810052, -0.059251451776958106]]	0.4783233601072913	[[-0.49521725236858877, -0.4952172523685889, 0.7003429546207982], [0.5, 0.5000000000000001, 0.7071067811865475], [-0.7003429546207982, 0.7003429546207981, 0.0]]
6	[[-0.8305561570912853, 0.32773595720904825, 0.4502950280316503], [-0.5100865793185324, -0.772219296347621, -0.37879947194723407], [0.22358030216652452, -0.5443036842615101, 0.808545204538665]]	0.8893386078791826	0.11066139212081759	[[-0.7386456565130471, 0.2914682399362463, 0.40046475336458537], [-0.45363968834899776, -0.6867644339912353, -0.33688099504692276], [0.19883859467798393, -0.48407028082464154, 0.7190704666118051]]	0.8893386078791827	0.11066139212081742	[[-0.7386456565130474, 0.2914682399362464, 0.4004647533645855], [-0.453639688348998, -0.6867644339912351, -0.3368809950469227], [0.19883859467798393, -0.48407028082464165, 0.7190704666118053]]	[[0.0, 0.0, 0.0], [0.0, 0.0, 0.0], [0.0, 0.0, 0.0]]	0.3665558032545906	[[-0.6986621315297082, 0.4940287309629043, 0.4940287309629042], [-0.7071067811865475, -0.5000000000000001, -0.5], [0.0, -0.6986621315297081, 0.6986621315297082]]
6	[[0.5319609947059123, -0.8460851799387872, 0.03402011756955908], [-0.703274286200726, -0.4190807785627857, 0.5742617690636116], [-0.47161719485230363, -0.3294103357928521, -0.8179645788128509]]	0.8931670837780854	0.10683291622191464	[[0.47513005032516914, -0.7556954327937833, 0.03038564919939067], [-0.628141443302017, -0.3743091568563728, 0.5129117095997904], [-0.42123295458583304, -0.29421846898646153, -0.730579037492044]]	0.9017705303285268	0.14263181896669958	[[0.5425405064988849, -0.7491722506036305, -0.0036870185471116115], [-0.587676818936922, -0.39276909914729646, 0.5831130347402222], [-0.4084851555824096, -0.3817905619401899, -0.7465651347866074]]	[[0.06283375818884385, 0.013802430812876758, -0.03436535800965174], [0.04651520709672291, -0.014854403212241223, 0.06526069470433102], [0.016805332331604392, -0.08473802873657163, -0.008948782760592645]]	0.2858948869886188	[[0.6986621315297082, -0.6986621315297081, 0.0], [-0.5, -0.5000000000000001, 0.7071067811865475], [-0.4940287309629042, -0.4940287309629043, -0.6986621315297082]]
6	[[-0.30792515101507295, 0.09349718223056193, 0.9468053539599837], [0.3027085282091916, -0.9338174967034747, 0.1906631317268273], [0.9019698710720718, 0.34531602882779927, 0.2592434992682147]]	0.8965808326146133	0.1034191673853867	[[-0.2760797882800746, 0.08382778149139744, 0.848887532577416], [0.2714026642613412, -0.8372428687044953, 0.17094490939254847], [0.8086888979990936, 0.30960373264160007, 0.23243275242382183]]	0.8965808326146135	0.10341916738538665	[[-0.27607978828007473, 0.08382778149139747, 0.848887532577416], [0.2714026642613412, -0.8372428687044957, 0.17094490939254856], [0.8086888979990936, 0.3096037326416001, 0.23243275242382191]]	[[0.0, 0.0, 0.0], [0.0, 0.0, 0.0], [0.0, 0.0, 0.0]]	0.36824948831946946	[[-0.49284306200859324, -0.14435039080157483, 0.841335733215612], [0.5, -0.8535533905932737, 0.14644660940672619], [0.696985342414037, 0.49284306200859335, 0.49284306200859324]]
6	[[0.3802729664721569, 0.7767473726770865, -0.5020517802076895], [0.4287143634067757, 0.332951791095048, 0.839849450446521], [0.8195098935212374, -0.5346088512602871, -0.20639019011321075]]	0.8797948491808186	0.1202051508191815	[[0.33456219718491376, 0.6833783375960344, -0.4417025702487857], [0.37718068869511495, 0.29292927083095116, 0.7388952205901903], [0.7210005831727059, -0.47034611366527507, -0.18158102618305277]]	0.887206705675002	0.19696480786354378	[[0.34682515998054414, 0.6631433663656694, -0.44542370599633435], [0.40398478047700076, 0.3017132451869907, 0.7209889376270497], [0.7082028243335136, -0.46107410122827736, -0.09211762110674578]]	[[0.009444434139521271, -0.02599211128888161, -4.52699231523943e-20], [0.023626522443319614, 0.0063161834609616815, -0.024131126566569128], [-0.01887184856553535, 0.01323445652305923, 0.0909931395472333]]	0.366939701740217	[[0.49521725236858877, 0.4952172523685889, -0.7003429546207982], [0.5, 0.5000000000000001, 0.7071067811865475], [0.7003429546207982, -0.7003429546207981, 0.0]]
6	[[-0.3195682178843842, -0.5708200961323295, -0.7563336379995778], [0.910087742671785, 0.03735879733279218, -0.41272826520656647], [0.2638493031197415, -0.8202248094963509, 0.507557688474819]]	0.8671124609988303	0.13288753900116987	[[-0.2771015838667388, -0.49496521834489327, -0.6558263221820123], [0.7891484222730015, 0.03239427869519398, -0.3578818217670437], [0.22878701856098538, -0.7112271531346777, 0.44010959635227787]]	0.8671124609988304	0.13288753900116954	[[-0.27710158386673883, -0.4949652183448932, -0.6558263221820124], [0.7891484222730019, 0.03239427869519397, -0.35788182176704375], [0.2287870185609854, -0.7112271531346778, 0.440109596352278]]	[[0.0, 0.0, 0.0], [0.0, 0.0, 0.0], [0.0, 0.0, 0.0]]	0.4432697043951603	[[-0.144350390801575, -0.8413357332156118, -0.49284306200859324], [0.8535533905932738, 0.14644660940672602, -0.5], [0.49284306200859324, -0.49284306200859335, 0.696985342414037]]
