6	[[-0.3195682178843842, -0.5708200961323295, -0.7563336379995778], [0.910087742671785, 0.03735879733279218, -0.41272826520656647], [0.2638493031197415, -0.8202248094963509, 0.507557688474819]]	0.8496535885021935	0.15034641149780661	[[-0.2715222830967179, -0.48499934306800085, -0.6426215896312601], [0.7732593164129429, 0.03174203621593309, -0.3506760516090441], [0.2241805072194914, -0.6969069527671026, 0.43124821138450836]]	0.8524166548470454	0.18031987233815897	[[-0.27311415005515016, -0.5357354232253084, -0.6599624186658221], [0.8117214287364571, 0.005395688933950614, -0.2753062313461805], [0.16856455987529212, -0.7008681306828999, 0.48006157599556465]]	[[-0.0007088787707117405, -0.049158866360719346, -0.015251029013925842], [0.0359474795108754, -0.026449572117576862, 0.07651021584202504], [-0.05634498047376204, -0.00169484234946541, 0.04741094904396079]]	0.4409481608006223	[[-0.14074217398970482, -0.8203055044773424, -0.48052383923352343], [0.8535533905932738, 0.14644660940672602, -0.5], [0.48052383923352343, -0.48052383923352354, 0.6795633304876378]]
6	[[-0.42203838922340475, -0.825029846081567, 0.3757783270710803], [0.2588054115689476, 0.28760896992378115, 0.9221175843470338], [-0.8688517462515349, 0.4864224845687207, 0.09214016247897017]]	0.8423286536036821	0.15767134639631808	[[-0.3554950281636173, -0.6949462794327392, 0.3165288522952271], [0.2179992138722184, 0.24226127640024045, 0.7767260632873169], [-0.7318587216012634, 0.4097275965093284, 0.07761229900373545]]	0.8770204020629185	0.20049085279771686	[[-0.2969999466010235, -0.6773294284737191, 0.3509714598748036], [0.25562225388682325, 0.23238356909450514, 0.8296802608204619], [-0.7868934502458153, 0.3978244166176046, 0.022196935889647933]]	[[0.07313633120167344, 0.0462385788506446, 0.021406200380393856], [0.028644627776565713, -0.01985536534495134, 0.02096432624713921], [-0.024892742415225228, -0.028778026371298573, -0.05861186645380113]]	0.4815525810231779	[[-0.4869301059567368, -0.4869301059567369, 0.6886231597717856], [0.5, 0.5000000000000001, 0.7071067811865475], [-0.6886231597717856, 0.6886231597717855, 0.0]]
6	[[0.08740825448676931, -0.06334395238859675, -0.994156597696443], [0.7119981850616444, -0.6940087028176986, 0.10681996481098455], [-0.6967197295301035, -0.717174639895393, -0.015561310176609944]]	0.9307703717491584	0.06922962825084177	[[0.08135701352259529, -0.058958674112795165, -0.9253315060147969], [0.6627068153945529, -0.6459627383187803, 0.0994248583573521], [-0.6484860816597077, -0.6675249061845037, -0.014484006457987201]]	0.9627292704997427	0.06024292134859078	[[0.06508748624369425, -0.059019634392067706, -0.9388770423370976], [0.6813520134280826, -0.6727747452235975, 0.09027882398749289], [-0.6794400642372386, -0.6961453054178037, -0.00412865112684563]]	[[-0.01906299883400904, 0.0019634426815764716, 0.01822661372570511], [-0.004109479873455062, -0.004632253039441865, -0.012559882809794441], [-0.00868758728394393, -0.005700287530396468, 0.010852677667502282]]	0.11851927670035832	[[0.0, 0.0, -0.9803303925040002], [0.7071067811865475, -0.7071067811865476, 0.0], [-0.6931982683428484, -0.6931982683428483, 0.0]]
6	[[0.8787972042104137, -0.3840163418041313, 0.28327887866788265], [-0.395223040501579, -0.9183905790867732, -0.018907472103605397], [0.2674214316928388, -0.09534250611366366, -0.9588511794847616]]	0.8481560636784379	0.15184393632156212	[[0.745357177494721, -0.32570578885278556, 0.2402646986541931], [-0.3352108183068431, -0.7789385384775986, -0.01603648711350384], [0.22681510884785036, -0.08086532468660235, -0.8132554420452228]]	0.8595821048604871	0.2336659765428653	[[0.702678232001408, -0.31857278532001854, 0.15520044647428002], [-0.35888958431885126, -0.8407800093752582, -0.02550147644831727], [0.14045647755997734, -0.060761057519630436, -0.8242113151094721]]	[[-0.05272011853929081, 0.011520790068800989, -0.0883010083135771], [-0.019162931275142316, -0.051347902319807966, -0.009248951779909191], [-0.089414199579358, 0.021193654568226417, 0.0]]	0.4706524615554032	[[0.6978037732462737, -0.6978037732462736, 0.0], [-0.7071067811865475, -0.7071067811865476, 0.0], [0.0, 0.0, -0.9868435600000002]]
6	[[-0.5446221603179724, 0.8109226453022452, -0.2139887049042392], [-0.8354447797583356, -0.5021691245819775, 0.22328947644507607], [0.07361197229480154, 0.30038414347728, 0.9509735242804028]]	0.8737251265068905	0.1262748734931096	[[-0.47585006592227647, 0.7085234908540063, -0.1869673082635021], [-0.7299490958838734, -0.4387577819032428, 0.1950936260546314], [0.06431662980569719, 0.2624531737603504, 0.8308894628065984]]	0.8741919830022794	0.12398490118633511	[[-0.48228601773462587, 0.7107126508557261, -0.176514402939284], [-0.736771370890884, -0.44997274707315676, 0.19331391007929719], [0.07309322787664174, 0.25641171862957224, 0.837515122392624]]	[[-0.006181691419272347, 0.0018105754975021775, 0.010552807341042521], [-0.006432242185041926, -0.010980524252319247, -0.0018839601177646037], [0.008742231843540343, -0.006181691419272349, 0.006181691419272347]]	0.3838572949412997	[[-0.6978037732462737, 0.6978037732462736, 0.0], [-0.7071067811865475, -0.7071067811865476, 0.0], [0.0, 0.0, 0.9868435600000002]]
6	[[-0.30792515101507295, 0.09349718223056193, 0.9468053539599837], [0.3027085282091916, -0.9338174967034747, 0.1906631317268273], [0.9019698710720718, 0.34531602882779927, 0.2592434992682147]]	0.8855443850393119	0.11445561496068826	[[-0.27268138849378004, 0.08279590474127142, 0.8384381649244216], [0.26806183745916373, -0.8269368408572282, 0.16884066573470258], [0.7987343548025052, 0.3057926703925307, 0.2295716251349105]]	0.8855443850393119	0.11445561496068812	[[-0.27268138849378004, 0.08279590474127142, 0.8384381649244217], [0.2680618374591636, -0.8269368408572283, 0.16884066573470263], [0.7987343548025054, 0.3057926703925307, 0.2295716251349105]]	[[0.0, 0.0, 0.0], [0.0, 0.0, 0.0], [0.0, 0.0, 0.0]]	0.370439449314651	[[-0.48052383923352343, -0.14074217398970465, 0.8203055044773425], [0.5, -0.8535533905932737, 0.14644660940672619], [0.6795633304876378, 0.48052383923352354, 0.48052383923352343]]
6	[[0.034229894132735264, 0.2773841392786001, 0.9601491309293217], [-0.1827544195208179, -0.9427759796974285, 0.2788803941677556], [0.9825625356654255, -0.18501754344446375, 0.018422055382213542]]	0.892184498380637	0.10781550161936303	[[0.030539380926436713, 0.24747782916102257, 0.8566301707487814], [-0.16305066010702546, -0.841130114531664, 0.24881276457875337], [0.8766270630102644, -0.1650697841896166, 0.016435872240320514]]	0.9330671974535677	0.12261176603211192	[[0.011814672667741846, 0.24363825744912887, 0.8865589621186423], [-0.16330959793656813, -0.8279905566343663, 0.25195793309299164], [0.9207546640366093, -0.16597632775788235, 0.0]]	[[-0.02012411871982177, -0.015179784005624607, -0.009324696615058482], [0.0072125561079750085, 0.0516827845684549, -0.008256214717862337], [0.0039577925603999, 0.006657472983587157, -0.017189015586816403]]	0.34115193230462554	[[0.0, 0.0, 0.9934000000000001], [0.0, -1.0, 0.0], [0.9934000000000001, 0.0, 0.0]]
6	[[0.8489524140446696, -0.5135124485683378, 0.12483895166604869], [0.522794976890395, 0.7815435453534784, -0.34040431673891397], [0.0772347773085365, 0.35425224329800037, 0.9319550081910795]]	0.8801057285725518	0.11989427142744834	[[0.7471678828862104, -0.4519452476783119, 0.10987147651028137], [0.46011485403019153, 0.6878409513944983, -0.29959178919274354], [0.06797476995426832, 0.3117794286862474, 0.8202189414808485]]	0.9196691369581217	0.13703950243817756	[[0.7749518801364522, -0.4848235520078955, 0.062056251752551764], [0.5061513656969963, 0.6704842640101041, -0.28936999314516276], [0.024047187579382335, 0.2987838333485955, 0.8585333791711066]]	[[-0.005803453806523081, -0.012562001615800553, -0.0527542791849199], [0.025352960494165567, -0.04827721384032024, 0.023689351046933434], [-0.04698325341111217, -0.027011021510755077, 0.0014431211042171882]]	0.4290287962560822	[[0.7024398764307164, -0.7024398764307163, 0.0], [0.7071067811865475, 0.7071067811865476, 0.0], [0.0, 0.0, 0.9934000000000001]]
6	[[0.3802729664721569, 0.7767473726770865, -0.5020517802076895], [0.4287143634067757, 0.332951791095048, 0.839849450446521], [0.8195098935212374, -0.5346088512602871, -0.20639019011321075]]	0.8639026757936014	0.13609732420639867	[[0.3285188332672668, 0.6710341336713849, -0.4337238763083639], [0.37036748569826394, 0.2876379432372841, 0.7255481875045352], [0.7079767898523264, -0.4618500171067055, -0.1783010374963529]]	0.8800949886278745	0.20474352154856687	[[0.34313604436013434, 0.6510847019381761, -0.4418532557924905], [0.4039364920702904, 0.30202085074851087, 0.721164640429203], [0.6989000590829866, -0.45399639904766903, -0.08928639154207887]]	[[0.00845971225733335, -0.03252676818479539, 1.1653581211451884e-18], [0.026627129283197742, 0.008991647951084225, -0.017982652110654505], [-0.022346491336017234, 0.01651017182261428, 0.09235658047851217]]	0.36832321782144073	[[0.4869301059567368, 0.4869301059567369, -0.6886231597717856], [0.5, 0.5000000000000001, 0.7071067811865475], [0.6886231597717856, -0.6886231597717855, 0.0]]
6	[[0.8592155572171323, 0.2624339665249735, -0.4391776855101157], [-0.4266000482917053, 0.8413623931712975, -0.33184593135155627], [0.2824199444684594, 0.4724804086637203, 0.8348660002631537]]	0.866100916679287	0.13389908332071304	[[0.7441673817308626, 0.2272942989750609, -0.38037219600539884], [-0.36947869288087404, 0.7287047399851393, -0.2874120653398747], [0.24460417279264607, 0.40921571505665233, 0.7230782081322873]]	0.8790783854546994	0.1591860608375641	[[0.7661737859380429, 0.14996144878456943, -0.37567205776342383], [-0.3607106678430705, 0.7616850523096313, -0.37632842135221206], [0.304787901806406, 0.4062209375250703, 0.7495503454357814]]	[[0.010855961142046329, -0.0807385787966769, 0.010399552942540411], [0.014304213844098551, 0.02206155813830525, -0.08460983579997503], [0.05651863300286685, -0.009126377282009377, 0.015637689853425604]]	0.42012382222027483	[[0.8257554907160685, -0.14167724379877655, -0.4837163672574224], [-0.14644660940672619, 0.8535533905932737, -0.5], [0.4837163672574224, 0.4837163672574225, 0.6840782469172919]]
6	[[0.22433838825039393, -0.7661379269479729, -0.6022499185961573], [-0.9416906372873723, -0.011392912655017143, -0.3362869982418849], [0.2507808429735371, 0.642575192824231, -0.724020780340167]]	0.8989572700950402	0.1010427299049598	[[0.20167062507909544, -0.6887252593254231, -0.5413969427361618], [-0.8465396445699149, -0.010241741658785478, -0.3023076419079805], [0.22544126199162384, 0.5776476411720649, -0.6508637441866773]]	0.9059093118254888	0.0910967131082117	[[0.19134464882730368, -0.715661182593666, -0.5402559491388728], [-0.8690079805773115, -0.006430519008801695, -0.3248219013286424], [0.24336319355635985, 0.569032612103222, -0.6713019920991331]]	[[-0.011885586088650086, -0.021609700428821, 0.005327860163528804], [-0.015921663399802142, 0.0038904266541928264, -0.020176378175477155], [0.016178492679186918, -0.013082238624308115, -0.015404825233818878]]	0.30031015451872944	[[0.14074217398970482, -0.8203055044773424, -0.48052383923352343], [-0.8535533905932738, 0.14644660940672602, -0.5], [0.48052383923352343, 0.48052383923352354, -0.6795633304876378]]
6	[[-0.8305561570912853, 0.32773595720904825, 0.4502950280316503], [-0.5100865793185324, -0.772219296347621, -0.37879947194723407], [0.22358030216652452, -0.5443036842615101, 0.808545204538665]]	0.8789123925027603	0.12108760749723978	[[-0.729986099137, 0.28805119425978687, 0.39576988041939526], [-0.4483214158124004, -0.6787131092896854, -0.33293155016792575], [0.19650749829367017, -0.4783952533823509, 0.7106404001677118]]	0.8789123925027604	0.12108760749723964	[[-0.729986099137, 0.2880511942597869, 0.39576988041939526], [-0.44832141581240037, -0.6787131092896856, -0.3329315501679257], [0.19650749829367015, -0.47839525338235084, 0.7106404001677118]]	[[0.0, 0.0, 0.0], [0.0, 0.0, 0.0], [0.0, 0.0, 0.0]]	0.37505360516447983	[[-0.6840782469172919, 0.4837163672574225, 0.4837163672574224], [-0.7071067811865475, -0.5000000000000001, -0.5], [0.0, -0.6840782469172918, 0.6840782469172919]]
6	[[0.5319609947059123, -0.8460851799387872, 0.03402011756955908], [-0.703274286200726, -0.4190807785627857, 0.5742617690636116], [-0.47161719485230363, -0.3294103357928521, -0.8179645788128509]]	0.8771992015266333	0.12280079847336679	[[0.4666357597993399, -0.7421852442658219, 0.02984241996785941], [-0.6169116423094898, -0.3676173243304354, 0.503741965289872], [-0.41370222675067136, -0.28895848353211, -0.7175178754117018]]	0.8911037743598028	0.15420131618012858	[[0.5381872386738793, -0.7364482784252562, 0.0], [-0.5883875986859926, -0.39336672456634103, 0.5821078403792264], [-0.39820731096343187, -0.380555846014363, -0.7364482784252563]]	[[0.06415478847924583, 0.017501418848089877, -0.03031545517039834], [0.03830277215767047, -0.019922261027397935, 0.07038101049610457], [0.022052551422438435, -0.08701705247622243, -0.007556954952498494]]	0.2934673099294089	[[0.6840782469172919, -0.6840782469172918, 0.0], [-0.5, -0.5000000000000001, 0.7071067811865475], [-0.4837163672574224, -0.4837163672574225, -0.6840782469172919]]
6	[[0.04673222253661188, -0.9725397674033924, -0.22799671093185395], [-0.8377629715199755, -0.16246744520517667, 0.5213036857710898], [-0.5440306084466285, 0.16664552219444034, -0.8223502702654952]]	0.8653903951566155	0.13460960484338438	[[0.04044161652750555, -0.8416265736187448, -0.19730616376772575], [-0.7249920289712523, -0.1405977666061937, 0.45113120262604345], [-0.4707988632209219, 0.14421343430292727, -0.7116540253422066]]	0.8793684082278017	0.12331119321555208	[[0.009217925916408586, -0.8552207471997577, -0.23237001900187793], [-0.7698712114299794, -0.14286873867891386, 0.49158691305207486], [-0.47840333017691417, 0.19162357201904817, -0.723148848169071]]	[[-0.03187691422855929, 3.539048413054778e-18, -0.031876914228559275], [-0.03316892069226541, 4.129250890789038e-18, 0.03316892069226543], [9.00143229199397e-18, 0.045080764428632424, 0.0]]	0.3293219271801001	[[-1.9189571687042367e-16, -0.9610476784670471, 0.0], [-0.7071067811865476, 1.3401577416544657e-16, 0.7071067811865475], [-0.6795633304876377, 1.06697726039667e-16, -0.6795633304876378]]
