6	[[0.3802729664721569, 0.7767473726770865, -0.5020517802076895], [0.4287143634067757, 0.332951791095048, 0.839849450446521], [0.8195098935212374, -0.5346088512602871, -0.20639019011321075]]	0.8727916648325588	0.1272083351674414	[[0.3318990754980497, 0.6779386325531501, -0.4381866090796191], [0.37417832297543036, 0.2905975480588293, 0.7330136000639287], [0.7152614043131537, -0.4666021493256878, -0.1801356376340175]]	0.8830055463671309	0.2014758734009115	[[0.34313869164434363, 0.6569182453470278, -0.4433145064868816], [0.40360962892973856, 0.30212648417554266, 0.7215352583678714], [0.7038362750457177, -0.4557137163219458, -0.09007874927896324]]	[[0.007355553115947016, -0.028953992852936424, 6.882028913312597e-19], [0.025052468234301843, 0.008128205965744957, -0.020056464489793507], [-0.019795506236271795, 0.01634886447784829, 0.09216493330676845]]	0.36765152376167226	[[0.49046889908142083, 0.49046889908142094, -0.6936277690031464], [0.5, 0.5000000000000001, 0.7071067811865475], [0.6936277690031464, -0.6936277690031463, 0.0]]
6	[[0.8489524140446696, -0.5135124485683378, 0.12483895166604869], [0.522794976890395, 0.7815435453534784, -0.34040431673891397], [0.0772347773085365, 0.35425224329800037, 0.9319550081910795]]	0.8837456568620712	0.1162543431379288	[[0.7502580087945476, -0.4538143961668762, 0.11032588134208457], [0.4620177902561934, 0.6906857138547217, -0.30083083649511605], [0.06825589900512838, 0.31306888144825357, 0.8236111908797226]]	0.9218205236415956	0.13553366344819048	[[0.776632803576473, -0.48772022371068646, 0.06648656201207266], [0.5097429529463897, 0.6691738736833014, -0.2889419679947389], [0.023345896758635253, 0.3021906757093097, 0.8608834265574878]]	[[-0.005948955284981048, -0.014353909474943334, -0.04859254578359219], [0.027819813592090025, -0.05126900654315125, 0.024849717511386295], [-0.04785070610326191, -0.024366312708862917, 0.0017881728963793204]]	0.42847121086740786	[[0.7037126686368522, -0.7037126686368521, 0.0], [0.7071067811865475, 0.7071067811865476, 0.0], [0.0, 0.0, 0.9952000000000001]]
6	[[0.034229894132735264, 0.2773841392786001, 0.9601491309293217], [-0.1827544195208179, -0.9427759796974285, 0.2788803941677556], [0.9825625356654255, -0.18501754344446375, 0.018422055382213542]]	0.8941262636757052	0.10587373632429499	[[0.030605847346917528, 0.24801644405607612, 0.8584945550093099], [-0.16340552629637126, -0.8429607642100643, 0.24935428484962324], [0.8785349688422536, -0.16542904483445586, 0.01647164354812551]]	0.9344185666040704	0.12239858160178371	[[0.012176090020296895, 0.24444705101955072, 0.8890191569341014], [-0.16314342191812975, -0.8280474014676764, 0.2519868735439021], [0.9233677230850452, -0.166565778392955, 0.0]]	[[-0.019808958590222678, -0.014745838803862633, -0.008162017715019523], [0.007625700811071888, 0.05289997810994314, -0.008604144628310302], [0.005243046909697503, 0.006318049349027173, -0.017213910584148787]]	0.3403973960265061	[[0.0, 0.0, 0.9952000000000001], [0.0, -1.0, 0.0], [0.9952000000000001, 0.0, 0.0]]
6	[[-0.30792515101507295, 0.09349718223056193, 0.9468053539599837], [0.3027085282091916, -0.9338174967034747, 0.1906631317268273], [0.9019698710720718, 0.34531602882779927, 0.2592434992682147]]	0.8904151434520106	0.1095848565479895	[[-0.2741812175135683, 0.08325130692818458, 0.8430498250674107], [0.2695362575695344, -0.8314852402852217, 0.16976933978755254], [0.8031276321400304, 0.30747462134498355, 0.23083433758990862]]	0.8904151434520107	0.10958485654798945	[[-0.27418121751356817, 0.08325130692818457, 0.8430498250674108], [0.2695362575695343, -0.8314852402852219, 0.16976933978755251], [0.8031276321400304, 0.3074746213449835, 0.23083433758990857]]	[[0.0, 0.0, 0.0], [0.0, 0.0, 0.0], [0.0, 0.0, 0.0]]	0.3693284258645909	[[-0.48577169805367415, -0.14227923625141717, 0.8292641598559314], [0.5, -0.8535533905932737, 0.14644660940672619], [0.6869849236045142, 0.48577169805367426, 0.48577169805367415]]
6	[[-0.5446221603179724, 0.8109226453022452, -0.2139887049042392], [-0.8354447797583356, -0.5021691245819775, 0.22328947644507607], [0.07361197229480154, 0.30038414347728, 0.9509735242804028]]	0.8809715986550524	0.11902840134494776	[[-0.4797966552382922, 0.7143998192175028, -0.18851797145361188], [-0.736003123211719, -0.44239673647819283, 0.1967116870266683], [0.06485005691270274, 0.264629899089808, 0.8377806659639359]]	0.8810732101389851	0.11810381893085177	[[-0.48216304688021466, 0.7151591096643728, -0.18459450300492836], [-0.738466756710774, -0.44650853044801103, 0.1960376581911208], [0.0681258574994506, 0.2623493697923468, 0.8401883475709484]]	[[-0.002311051776029791, 0.0006768913935259117, 0.0039452121585336715], [-0.002378742715239904, -0.0040607678198841405, -0.000696717610595667], [0.00326832076500776, -0.002311051776029792, 0.002311051776029791]]	0.3828801587084087	[[-0.7003348478273953, 0.7003348478273952, 0.0], [-0.7071067811865475, -0.7071067811865476, 0.0], [0.0, 0.0, 0.9904230400000001]]
6	[[0.8787972042104137, -0.3840163418041313, 0.28327887866788265], [-0.395223040501579, -0.9183905790867732, -0.018907472103605397], [0.2674214316928388, -0.09534250611366366, -0.9588511794847616]]	0.853877890246611	0.146122109753389	[[0.7503855026858084, -0.32790306375993317, 0.2418855712683573], [-0.3374722160003392, -0.7841934100929773, -0.01614467238972323], [0.2283452479006094, -0.08141085797115975, -0.8187418221989229]]	0.8610715448026197	0.23178576509735646	[[0.7041161551849833, -0.31885250523201275, 0.15641518886430644], [-0.3585001902789499, -0.8408526269668477, -0.02571555611373665], [0.14141471681449913, -0.06168362232610095, -0.8256394663547577]]	[[-0.05259111101270093, 0.01181303943472144, -0.08750819280020111], [-0.01818487625266699, -0.05005263230042711, -0.009434869901172708], [-0.08885426848658176, 0.02041309669854461, 0.0]]	0.46999698537779555	[[0.7003348478273953, -0.7003348478273952, 0.0], [-0.7071067811865475, -0.7071067811865476, 0.0], [0.0, 0.0, -0.9904230400000001]]
6	[[0.08740825448676931, -0.06334395238859675, -0.994156597696443], [0.7119981850616444, -0.6940087028176986, 0.10681996481098455], [-0.6967197295301035, -0.717174639895393, -0.015561310176609944]]	0.9330030081134819	0.06699699188651835	[[0.08155216437010451, -0.059100098124357944, -0.9275510961866458], [0.6642964484338538, -0.647512207385848, 0.09966334849522486], [-0.650041603463598, -0.6691260963651047, -0.014518749204964019]]	0.9655466495309857	0.05659083435368503	[[0.06705542277930007, -0.05797052186888969, -0.9419561310252084], [0.6802029366168796, -0.6726722952982035, 0.09012466789490851], [-0.6803098318118677, -0.7005449126060819, -0.00642399504015903]]	[[-0.017341324481751776, 0.003191019127970177, 0.01794844098971632], [-0.007264525441533898, -0.0025745175472291957, -0.013014991231355405], [-0.007594431301941562, -0.008079341926494149, 0.008601175863179131]]	0.11582822664719991	[[0.0, 0.0, -0.9856690094080003], [0.7071067811865475, -0.7071067811865476, 0.0], [-0.696973240557824, -0.6969732405578238, 0.0]]
6	[[-0.3195682178843842, -0.5708200961323295, -0.7563336379995778], [0.910087742671785, 0.03735879733279218, -0.41272826520656647], [0.2638493031197415, -0.8202248094963509, 0.507557688474819]]	0.8570685774791882	0.14293142252081198	[[-0.2738918779097284, -0.48923196778866906, -0.6482297952199575], [0.7800076069929521, 0.03201905128634953, -0.353736427146045], [0.226136946893712, -0.7029889106881754, 0.435011746049738]]	0.8571727764795267	0.17660265086209623	[[-0.2750810501859846, -0.5418887469789011, -0.6660445635028834], [0.8116201639356532, 0.007519350785672237, -0.2781345230230118], [0.17031347768291435, -0.7082761494983547, 0.48028352364497084]]	[[-0.0011558735874127035, -0.05259730030684176, -0.01773595907392406], [0.03151772670969394, -0.02450359325001322, 0.07564490999567916], [-0.05585096204442273, -0.005201772204976595, 0.045218890591479655]]	0.44177375228795884	[[-0.1422792362514173, -0.8292641598559313, -0.48577169805367415], [0.8535533905932738, 0.14644660940672602, -0.5], [0.48577169805367415, -0.48577169805367426, 0.6869849236045142]]
6	[[0.5319609947059123, -0.8460851799387872, 0.03402011756955908], [-0.703274286200726, -0.4190807785627857, 0.5742617690636116], [-0.47161719485230363, -0.3294103357928521, -0.8179645788128509]]	0.8863746186471958	0.11362538135280416	[[0.47151672381763593, -0.7499484287112868, 0.030154568737050694], [-0.6233644772355474, -0.3714625652809591, 0.5090110565574228], [-0.4180295112346708, -0.29198096076683405, -0.725023041612155]]	0.8965435978741189	0.1490899238077898	[[0.542111163817616, -0.7417565375028563, -0.00027907164428490856], [-0.5872439082797962, -0.39300849037263685, 0.5837252628628251], [-0.4030272745344673, -0.38319094427022515, -0.7415592040507456]]	[[0.06518493969528229, 0.016795713827434923, -0.03077959025019793], [0.04327215056295526, -0.017284301360070038, 0.06887455030497841], [0.01979810215771628, -0.08786021664157989, -0.00821829762828402]]	0.2901541166012835	[[0.6902983557119314, -0.6902983557119313, 0.0], [-0.5, -0.5000000000000001, 0.7071067811865475], [-0.4881146483658301, -0.4881146483658302, -0.6902983557119314]]
6	[[0.22433838825039393, -0.7661379269479729, -0.6022499185961573], [-0.9416906372873723, -0.011392912655017143, -0.3362869982418849], [0.2507808429735371, 0.642575192824231, -0.724020780340167]]	0.9103332482378499	0.08966675176215026	[[0.20422269368042503, -0.6974408276367606, -0.5482481246466204], [-0.8572522966769845, -0.010371347184131918, -0.3061332354496912], [0.22829413937992618, 0.5849575625207448, -0.6591001887587671]]	0.9148198226699717	0.08323809580777859	[[0.1956822439146632, -0.714703902256512, -0.5491778353818783], [-0.87023773888139, -0.0060660902810711695, -0.32185543760766205], [0.2404487860507998, 0.5793174749901983, -0.6718955225227956]]	[[-0.009546960642629491, -0.013825739785227675, 0.001772328351263292], [-0.008760477068183514, 0.004356372053686137, -0.014213425509803784], [0.011029499752722577, -0.008523048961387685, -0.009546960642629491]]	0.2968101777781808	[[0.1422792362514173, -0.8292641598559313, -0.48577169805367415], [-0.8535533905932738, 0.14644660940672602, -0.5], [0.48577169805367415, 0.48577169805367426, -0.6869849236045142]]
6	[[-0.8305561570912853, 0.32773595720904825, 0.4502950280316503], [-0.5100865793185324, -0.772219296347621, -0.37879947194723407], [0.22358030216652452, -0.5443036842615101, 0.808545204538665]]	0.8834692043929546	0.1165307956070454	[[-0.7337707873091077, 0.2895446253664412, 0.39782179015722524], [-0.4506457844020676, -0.6822319673611199, -0.3346576681056942], [0.19752631167299575, -0.48087554288267037, 0.7143247885695131]]	0.8834692043929546	0.1165307956070454	[[-0.7337707873091076, 0.28954462536644127, 0.39782179015722524], [-0.4506457844020675, -0.68223196736112, -0.3346576681056942], [0.1975263116729958, -0.4808755428826703, 0.7143247885695131]]	[[0.0, 0.0, 0.0], [0.0, 0.0, 0.0], [0.0, 0.0, 0.0]]	0.37138917100100777	[[-0.6902983557119314, 0.4881146483658302, 0.4881146483658301], [-0.7071067811865475, -0.5000000000000001, -0.5], [0.0, -0.6902983557119313, 0.6902983557119314]]
6	[[0.8592155572171323, 0.2624339665249735, -0.4391776855101157], [-0.4266000482917053, 0.8413623931712975, -0.33184593135155627], [0.2824199444684594, 0.4724804086637203, 0.8348660002631537]]	0.8668446428315516	0.13315535716844845	[[0.7448064028111976, 0.22748947797920802, -0.3806988239356038], [-0.36979596649334595, 0.7293304832004728, -0.28765886783754335], [0.24481421589126834, 0.4095671110930082, 0.7236991198103195]]	0.8836151012556951	0.15451318227923236	[[0.7701769918268045, 0.15180604003990383, -0.3785509020966659], [-0.362141696542668, 0.7637627441820536, -0.37401054590316785], [0.3051800808342709, 0.40894209134600223, 0.7541451687014532]]	[[0.010961150235919696, -0.08008457586399427, 0.009513132954596737], [0.014808548324291636, 0.020322227947263755, -0.08078646967067202], [0.05562955300614539, -0.008548732796723177, 0.01644496334398952]]	0.4182050991681887	[[0.833263826221796, -0.1429654705098645, -0.4881146483658301], [-0.14644660940672619, 0.8535533905932737, -0.5], [0.4881146483658301, 0.4881146483658302, 0.6902983557119314]]
6	[[-0.42203838922340475, -0.825029846081567, 0.3757783270710803], [0.2588054115689476, 0.28760896992378115, 0.9221175843470338], [-0.8688517462515349, 0.4864224845687207, 0.09214016247897017]]	0.8517768334546787	0.1482231665453215	[[-0.3594825227690249, -0.7027413098009584, 0.32007927351350135], [0.22044445394713302, 0.24497865767484034, 0.7854383960679943], [-0.7400677891637002, 0.41432340362710235, 0.07848285583033679]]	0.8798527487742651	0.19540321386753814	[[-0.2992749257649647, -0.68228942385663, 0.3548465165646305], [0.2568458325923427, 0.2335781039805811, 0.8291769811978656], [-0.7926176624451942, 0.40100683298425555, 0.022231825910758837]]	[[0.07205671108151114, 0.04361535403904537, 0.024216922561345618], [0.029135179825749213, -0.019475438778992788, 0.017849289917042654], [-0.02815606522846082, -0.026973327129140946, -0.05883794931887046]]	0.48012642240945597	[[-0.49046889908142083, -0.49046889908142094, 0.6936277690031464], [0.5, 0.5000000000000001, 0.7071067811865475], [-0.6936277690031464, 0.6936277690031463, 0.0]]
6	[[0.04673222253661188, -0.9725397674033924, -0.22799671093185395], [-0.8377629715199755, -0.16246744520517667, 0.5213036857710898], [-0.5440306084466285, 0.16664552219444034, -0.8223502702654952]]	0.8789881296421185	0.12101187035788154	[[0.04107706888147568, -0.8548509111524888, -0.20040640250654504], [-0.7363837074197667, -0.14280695578863156, 0.4582197517314728], [-0.47819644698656566, 0.14647943586692533, -0.7228361259713583]]	0.8877397420398274	0.11308064813359484	[[0.014044140688497065, -0.8655050442380227, -0.22770080983981428], [-0.76975556498227, -0.14422880789631332, 0.49194127828562667], [-0.48510043400404185, 0.18585898066056525, -0.730033016791873]]	[[-0.02744191049110252, -0.0021428419998614024, -0.025299068491241118], [-0.026040080754607644, 4.539653969789024e-18, 0.02915927875478821], [-0.0021428419998613985, 0.037921127775580425, -7.143974176471516e-18]]	0.3256705606720141	[[1.9399143314525806e-16, -0.9715433961073485, 0.0], [-0.7071067811865476, -1.3401577416544657e-16, 0.7071067811865475], [-0.6869849236045141, -1.078629847780897e-16, -0.6869849236045142]]
