6	[[0.8787972042104137, -0.3840163418041313, 0.28327887866788265], [-0.395223040501579, -0.9183905790867732, -0.018907472103605397], [0.2674214316928388, -0.09534250611366366, -0.9588511794847616]]	0.807256312017537	0.192743687982463	[[0.7094145900822212, -0.30999961583926894, 0.22867866286589827], [-0.3190462940996623, -0.7413765918652386, -0.015263176199930971], [0.21587763870281068, -0.07696583986382559, -0.7740386669245342]]	0.8500695839917228	0.24507368685781641	[[0.6946121185686168, -0.3152227368575357, 0.1474978261675765], [-0.3598038363218443, -0.8405038633402806, -0.02525389994816296], [0.13429017808054972, -0.056248945694419045, -0.815090223254584]]	[[-0.05242665522761872, 0.011217875065925441, -0.09330893237527224], [-0.02383675069872318, -0.05980796583407001, -0.009181233002716015], [-0.09303664710905266, 0.024798818814351295, 0.0]]	0.47511511068681006	[[0.6821578194888576, -0.6821578194888575, 0.0], [-0.7071067811865475, -0.7071067811865476, 0.0], [0.0, 0.0, -0.9647168399999999]]
6	[[0.034229894132735264, 0.2773841392786001, 0.9601491309293217], [-0.1827544195208179, -0.9427759796974285, 0.2788803941677556], [0.9825625356654255, -0.18501754344446375, 0.018422055382213542]]	0.8792289778297293	0.12077102217027083	[[0.030095914829544684, 0.24388417324410283, 0.8441909389510904], [-0.16068298146915425, -0.8289159609517919, 0.24519972390086772], [0.8638974538868989, -0.16267278560324339, 0.016197204923226273]]	0.9245402432424371	0.12458466486245016	[[0.00962976947727823, 0.2396797106371017, 0.8708564912790029], [-0.16435255015800754, -0.8271947808699052, 0.2528361535147218], [0.9045322834112483, -0.16236793766779264, 0.0]]	[[-0.022017145170363708, -0.016773088963129273, -0.016840019779407012], [0.0046112653193998345, 0.04443955272268249, -0.0049999939446817255], [-0.00388632231376999, 0.008688226952470044, -0.01703193156409736]]	0.34589961397785546	[[0.0, 0.0, 0.9822], [0.0, -1.0, 0.0], [0.9822, 0.0, 0.0]]
6	[[0.8592155572171323, 0.2624339665249735, -0.4391776855101157], [-0.4266000482917053, 0.8413623931712975, -0.33184593135155627], [0.2824199444684594, 0.4724804086637203, 0.8348660002631537]]	0.8215907397382893	0.17840926026171075	[[0.7059235452486702, 0.21561331668970646, -0.3608243195148058], [-0.35049064924837214, 0.6912555509935837, -0.27264154421826675], [0.23203361109268816, 0.3881855284658751, 0.6859181747385512]]	0.8463415479539422	0.19205976198139166	[[0.7416194117152818, 0.16196953544600562, -0.3416447802897638], [-0.35479550758564493, 0.752756702621858, -0.38778628003732496], [0.2638795985254902, 0.3940134472721891, 0.7159303689816465]]	[[0.01442958699402499, -0.06013923401843363, 0.030049541891697184], [0.006253837642783412, 0.040676752395028784, -0.10693128081503107], [0.024855865550987802, -0.0058663531741751885, 0.009348585984812587]]	0.43431275385184015	[[0.7802438260044177, -0.13386867662661125, -0.4570562513155143], [-0.14644660940672619, 0.8535533905932737, -0.5], [0.4570562513155143, 0.4570562513155144, 0.6463751493778063]]
6	[[0.8489524140446696, -0.5135124485683378, 0.12483895166604869], [0.522794976890395, 0.7815435453534784, -0.34040431673891397], [0.0772347773085365, 0.35425224329800037, 0.9319550081910795]]	0.8466494559075236	0.15335054409247656	[[0.7187650994422982, -0.4347650351821234, 0.10569483050412574], [0.4426240827354391, 0.6616934174415595, -0.28820312955557387], [0.06539078218541117, 0.29992746904227163, 0.7890392006152692]]	0.9045787792159891	0.155422441624045	[[0.7593307393913225, -0.47184929608964926, 0.055253288459286565], [0.5010171386512721, 0.673880019437256, -0.2863061413841548], [0.019402488892625684, 0.284639203314502, 0.8430267235937139]]	[[-0.00861359891767161, -0.00733683225148888, -0.057673378037391615], [0.02810789667550737, -0.03308768672272956, 0.021616379891384846], [-0.05046245167814903, -0.03580985846252876, 0.0]]	0.4325755696037649	[[0.694520280481427, -0.6945202804814269, 0.0], [0.7071067811865475, 0.7071067811865476, 0.0], [0.0, 0.0, 0.9822]]
6	[[0.3802729664721569, 0.7767473726770865, -0.5020517802076895], [0.4287143634067757, 0.332951791095048, 0.839849450446521], [0.8195098935212374, -0.5346088512602871, -0.20639019011321075]]	0.7981025508361695	0.20189744916383054	[[0.30349682455546556, 0.6199240594888756, -0.4006888064355969], [0.3421580270150522, 0.26572967377842927, 0.6702859887197237], [0.6540529364547774, -0.4266726878904295, -0.16472053719691548]]	0.8634569421611418	0.22711171276130523	[[0.3340394629558301, 0.6258919436397409, -0.4152115459038185], [0.400858958374033, 0.30781617200671996, 0.7266426747889196], [0.6664610166587651, -0.44827068780816015, -0.08410105796791069]]	[[0.005690130139235127, -0.04479596760371704, 0.01828854904087066], [0.030682565086257982, 0.02032663658071459, 0.0014688364306512103], [-0.041150490071885405, 0.013341036153327983, 0.094107984479299]]	0.3749218324491139	[[0.46533929068979263, 0.46533929068979274, -0.6580891359985811], [0.5, 0.5000000000000001, 0.7071067811865475], [0.6580891359985811, -0.658089135998581, 0.0]]
6	[[-0.8305561570912853, 0.32773595720904825, 0.4502950280316503], [-0.5100865793185324, -0.772219296347621, -0.37879947194723407], [0.22358030216652452, -0.5443036842615101, 0.808545204538665]]	0.8165285400507007	0.18347145994929942	[[-0.6781728063798674, 0.26760576266202296, 0.36767874183077276], [-0.4165002499104173, -0.6305390946457022, -0.3093005798010514], [0.18255969771212677, -0.44443949265426835, 0.6602002354269512]]	0.823897787927184	0.1707325635165707	[[-0.6930239864675024, 0.27875153605942266, 0.3713439045998063], [-0.4340110124466874, -0.6641196762162658, -0.3120920470053114], [0.18817047883666937, -0.43971999553298513, 0.6785055467168863]]	[[-0.008730605890689549, 0.00873060589068956, 0.00034682708992036897], [-0.013751808094804448, -0.027889906160773994, 1.4661043550915233e-18], [0.003963162457578419, 0.008730605890689552, 0.0123469412583476]]	0.3985277349313344	[[-0.6463751493778063, 0.4570562513155144, 0.4570562513155143], [-0.7071067811865475, -0.5000000000000001, -0.5], [0.0, -0.6463751493778062, 0.6463751493778063]]
6	[[0.08740825448676931, -0.06334395238859675, -0.994156597696443], [0.7119981850616444, -0.6940087028176986, 0.10681996481098455], [-0.6967197295301035, -0.717174639895393, -0.015561310176609944]]	0.8863360274507605	0.11366397254923981	[[0.0774730850482082, -0.056144027123138936, -0.8811568094662292], [0.6310696428996891, -0.6151249166716941, 0.09467838326299804], [-0.6175277973182803, -0.6356577213133121, -0.01379254984386555]]	0.9411227731439923	0.09330888157915455	[[0.07039402722899696, -0.06020830426729963, -0.9036915364933309], [0.6769235040977121, -0.65932643636717, 0.10696731396755463], [-0.6485893554581834, -0.6692318056295232, 0.0]]	[[-0.011867871629267166, -0.0005938681334424498, 0.031931877670141766], [0.0068457976990077985, -0.006179041385312749, 0.006436612457497159], [0.007109448501319756, 0.0057175802973731225, 0.014645103387164978]]	0.1365527648601974	[[0.0, 0.0, -0.9475448802479999], [0.7071067811865475, -0.7071067811865476, 0.0], [-0.6700154103019559, -0.6700154103019558, 0.0]]
6	[[-0.30792515101507295, 0.09349718223056193, 0.9468053539599837], [0.3027085282091916, -0.9338174967034747, 0.1906631317268273], [0.9019698710720718, 0.34531602882779927, 0.2592434992682147]]	0.8323154021201776	0.16768459787982234	[[-0.256290845890027, 0.07781914482533368, 0.7880406789107411], [0.2519489703816405, -0.7772306852756102, 0.15869186115270667], [0.7507234159416363, 0.28741184939235265, 0.21577235734046613]]	0.8522012081090405	0.2588854521607132	[[-0.25921505219526975, 0.0799436164372109, 0.7463194542235951], [0.24338178131132232, -0.8497656242414834, 0.1193160861795443], [0.682778223160649, 0.26645944839270364, 0.17927143575805887]]	[[0.0031991335069341447, 0.00026520478553489733, -0.06054921226521067], [-0.014586792133460404, -0.05396522539742238, -0.04316726501991107], [-0.08588159064492618, -0.027819288553763158, -0.041656187512728905]]	0.3823795062259347	[[-0.44892065004209813, -0.1314858141826576, 0.766355485901539], [0.5, -0.8535533905932737, 0.14644660940672619], [0.6348696717188813, 0.44892065004209825, 0.44892065004209813]]
6	[[-0.3195682178843842, -0.5708200961323295, -0.7563336379995778], [0.910087742671785, 0.03735879733279218, -0.41272826520656647], [0.2638493031197415, -0.8202248094963509, 0.507557688474819]]	0.7954510182435877	0.2045489817564126	[[-0.25420086431442207, -0.45405942670236404, -0.601626362478641], [0.7239302215992793, 0.02971709337872538, -0.32830511881647273], [0.2098791968294593, -0.652448659902525, 0.40373728011465637]]	0.8228119982685528	0.1922494021853727	[[-0.29290179996810395, -0.49350057901900224, -0.6211155632675351], [0.7862278512361771, 0.007307022498487258, -0.30849493124540767], [0.1846174326019223, -0.6625973954686986, 0.4373110932001133]]	[[-0.02995723602753358, -0.023822955068512584, 0.0012048287726216453], [0.037396737088689055, -0.023432244187817412, 0.031102837391120464], [-0.03248093973979729, 0.012293419062437003, 0.01968653730957993]]	0.44109758024662077	[[-0.13148581418265773, -0.7663554859015389, -0.44892065004209813], [0.8535533905932738, 0.14644660940672602, -0.5], [0.44892065004209813, -0.44892065004209825, 0.6348696717188813]]
6	[[0.5319609947059123, -0.8460851799387872, 0.03402011756955908], [-0.703274286200726, -0.4190807785627857, 0.5742617690636116], [-0.47161719485230363, -0.3294103357928521, -0.8179645788128509]]	0.8145318155367741	0.18546818446322594	[[0.433299154812555, -0.6891632977142985, 0.02771046812870747], [-0.5728392811594063, -0.3413546274193106, 0.4677544813487432], [-0.3841472099614075, -0.26831519886993027, -0.6662581734252042]]	0.8575124815820084	0.18739810045604263	[[0.513337778184318, -0.7058407993508591, 0.006207723730199125], [-0.5994934798454455, -0.38938942212936073, 0.5646733087173165], [-0.3675857648755891, -0.3652695967724001, -0.7009715816849643]]	[[0.057174585509217495, 0.019687802928210662, -0.02296495171058517], [0.0035729985473545666, -0.03002242372066617, 0.07223667404990472], [0.036831866238955374, -0.08279612226790878, 0.0004432541390258877]]	0.31597761373059285	[[0.6463751493778063, -0.6463751493778062, 0.0], [-0.5, -0.5000000000000001, 0.7071067811865475], [-0.4570562513155143, -0.4570562513155144, -0.6463751493778063]]
6	[[0.22433838825039393, -0.7661379269479729, -0.6022499185961573], [-0.9416906372873723, -0.011392912655017143, -0.3362869982418849], [0.2507808429735371, 0.642575192824231, -0.724020780340167]]	0.8086887978917495	0.1913112021082505	[[0.18141994151518365, -0.6195671591628332, -0.4870327626999305], [-0.7615346694538407, -0.009213320839471559, -0.27195152835485475], [0.20280365843854928, 0.5196433602400866, -0.5855074945019361]]	0.8193653131389788	0.17354736125192108	[[0.17262812859843712, -0.6929492534836799, -0.4552680050375916], [-0.8442099535424731, -0.02179480434502583, -0.31808247988970095], [0.2436758120331427, 0.4883091359828924, -0.6472529593254142]]	[[-0.011186965139440706, -0.06520241106230619, 0.03819468810087343], [-0.07262130964146085, -0.012459846899882644, -0.04254057827067175], [0.03819468810087343, -0.038194688100873446, -0.0540154459228655]]	0.3253969150394537	[[0.13148581418265773, -0.7663554859015389, -0.44892065004209813], [-0.8535533905932738, 0.14644660940672602, -0.5], [0.44892065004209813, 0.44892065004209825, -0.6348696717188813]]
6	[[-0.5446221603179724, 0.8109226453022452, -0.2139887049042392], [-0.8354447797583356, -0.5021691245819775, 0.22328947644507607], [0.07361197229480154, 0.30038414347728, 0.9509735242804028]]	0.8224036718590091	0.17759632814099097	[[-0.4478992644212863, 0.6669057610901873, -0.17598509664960027], [-0.6870728545086964, -0.41298573195044247, 0.1836340853159063], [0.06053875630802843, 0.24703702256393845, 0.7820841182089059]]	0.864610092749717	0.16195223210951512	[[-0.4858697286908717, 0.6897712088770844, -0.12938817745324926], [-0.757378442754832, -0.4464586370098058, 0.20262742046460636], [0.06364565419329796, 0.22520420450031653, 0.8382877555399402]]	[[-0.014983912144798443, -0.011360694690535834, 0.05562861654139681], [-0.03504445424071065, -0.012278143628938198, 0.009569085525393392], [9.360970596028296e-18, -0.03451095765211879, 0.01606644850933579]]	0.3903162581681409	[[-0.6821578194888576, 0.6821578194888575, 0.0], [-0.7071067811865475, -0.7071067811865476, 0.0], [0.0, 0.0, 0.9647168399999999]]
6	[[-0.42203838922340475, -0.825029846081567, 0.3757783270710803], [0.2588054115689476, 0.28760896992378115, 0.9221175843470338], [-0.8688517462515349, 0.4864224845687207, 0.09214016247897017]]	0.7748508117639479	0.2251491882360523	[[-0.3270167884853041, -0.6392750459657872, 0.2911721417743249], [0.20053558324310167, 0.22285404381603474, 0.7145035587731097], [-0.6732304808855255, 0.3769048570283096, 0.0713948796928921]]	0.8584010513615348	0.23145141948855952	[[-0.28530694997680633, -0.6453716314027791, 0.3390218508953835], [0.25758049506542413, 0.23311561554370658, 0.8305561753266845], [-0.7502119036421983, 0.3807160187296071, 0.022768939366894673]]	[[0.0769712470474929, 0.06283485587828329, 0.01645333985868952], [0.03542165767658479, -0.01376822661987533, 0.039009471444231975], [-0.004388651182575367, -0.03682955343007269, -0.05632427297767595]]	0.49170255269129093	[[-0.46533929068979263, -0.46533929068979274, 0.6580891359985811], [0.5, 0.5000000000000001, 0.7071067811865475], [-0.6580891359985811, 0.658089135998581, 0.0]]
6	[[0.04673222253661188, -0.9725397674033924, -0.22799671093185395], [-0.8377629715199755, -0.16246744520517667, 0.5213036857710898], [-0.5440306084466285, 0.16664552219444034, -0.8223502702654952]]	0.7837474213542478	0.21625257864575217	[[0.03662625890722236, -0.7622255348668687, -0.1786918342700904], [-0.6565945686348529, -0.1273334412335697, 0.4085704194655568], [-0.42638258650782757, 0.1306079983001247, -0.6445149037705508]]	0.8073549867383264	0.22150307084371307	[[-0.03957089746942822, -0.785184831014461, -0.29958157276935377], [-0.8013898252471391, -0.139938041313227, 0.5069729585711814], [-0.4470991200472959, 0.2788070289434295, -0.663928591544458]]	[[-0.07730039037572697, 8.582067320764493e-18, -0.1155072912385848], [-0.12501771248576873, -0.008769139244191862, 0.08609582825882259], [-0.007873295379624555, 0.14426493558213568, 0.0]]	0.3524507059911933	[[-0.13148581418265773, -0.7663554859015389, -0.44892065004209813], [-0.8535533905932738, -0.14644660940672602, 0.5], [-0.44892065004209813, 0.44892065004209825, -0.6348696717188813]]
