6	[[0.22433838825039393, -0.7661379269479729, -0.6022499185961573], [-0.9416906372873723, -0.011392912655017143, -0.3362869982418849], [0.2507808429735371, 0.642575192824231, -0.724020780340167]]	0.7979027630307777	0.20209723696922247	[[0.1790002198388607, -0.6113035687744596, -0.4805368740829348], [-0.7513775614118083, -0.009090436486406511, -0.2683243250685262], [0.20009872752377283, 0.5127125218094888, -0.5776981811251192]]	0.8081435115191985	0.18413366231439424	[[0.16967069270152935, -0.6869160513578946, -0.4470075755695391], [-0.8371472321604079, -0.022268274367915706, -0.31636176549079625], [0.24236369951928988, 0.4795961842871892, -0.6412524324553919]]	[[-0.011626920147701357, -0.0677666567661205, 0.03969678845691091], [-0.07612605377823904, -0.01306116592845861, -0.04459360985334883], [0.03969678845691091, -0.039696788456910916, -0.05613973661841915]]	0.328856940854282	[[0.13036531675656904, -0.7598247483101152, -0.4450950325333419], [-0.8535533905932738, 0.14644660940672602, -0.5], [0.4450950325333419, 0.44509503253334204, -0.6294594315535463]]
6	[[0.5319609947059123, -0.8460851799387872, 0.03402011756955908], [-0.703274286200726, -0.4190807785627857, 0.5742617690636116], [-0.47161719485230363, -0.3294103357928521, -0.8179645788128509]]	0.8072321183992966	0.19276788160070338	[[0.4294160006622506, -0.6829871321482375, 0.027462131573868315], [-0.5677055918655652, -0.3382954646596642, 0.4635625443569469], [-0.3807045472741589, -0.2659106031846877, -0.6602872797306861]]	0.8529075108524324	0.1921147690678955	[[0.5110215387567149, -0.700370899618761, 0.007003135746774377], [-0.5931703419538891, -0.390348619346658, 0.5694009628279786], [-0.36997460329878384, -0.3620447294877911, -0.6937766042024368]]	[[0.05730801089151122, 0.021261505171962423, -0.022012878048385365], [0.00665757893609328, -0.032911475656572875, 0.07960878679821912], [0.032271244437901137, -0.08108817993764558, 0.003871528678290211]]	0.3189849323098725	[[0.6417816390227838, -0.6417816390227837, 0.0], [-0.5, -0.5000000000000001, 0.7071067811865475], [-0.4538081489940273, -0.45380814899402744, -0.6417816390227838]]
6	[[0.034229894132735264, 0.2773841392786001, 0.9601491309293217], [-0.1827544195208179, -0.9427759796974285, 0.2788803941677556], [0.9825625356654255, -0.18501754344446375, 0.018422055382213542]]	0.8778436654132651	0.12215633458673514	[[0.030048495732188336, 0.24349990955182996, 0.8428608324383565], [-0.16042980950262833, -0.8276099216811725, 0.24481338742811873], [0.8625362978062893, -0.16241647850304608, 0.016171684621168504]]	0.9234600567193759	0.12495014134755887	[[0.009364289482660578, 0.2392097260522477, 0.8688897075599264], [-0.16448399179410764, -0.8270855063591493, 0.2529685238845104], [0.9025091848985951, -0.1619239436070446, 0.0]]	[[-0.02224565049465336, -0.016943446939023596, -0.0177696633471245], [0.004282414822303482, 0.04353045332590311, -0.004566380731567007], [-0.004848070017332574, 0.008932367556259466, -0.0170120323081464]]	0.34649948940621933	[[0.0, 0.0, 0.9807999999999999], [0.0, -1.0, 0.0], [0.9807999999999999, 0.0, 0.0]]
6	[[0.3802729664721569, 0.7767473726770865, -0.5020517802076895], [0.4287143634067757, 0.332951791095048, 0.839849450446521], [0.8195098935212374, -0.5346088512602871, -0.20639019011321075]]	0.7898394050446915	0.21016059495530867	[[0.3003545735929484, 0.6135056827052972, -0.3965402793808697], [0.33861549772732147, 0.2629784445870771, 0.6633461902677913], [0.6472812067270527, -0.42225513701105116, -0.16301510496607918]]	0.8596060381571827	0.23020734424636569	[[0.3429400516686307, 0.6111956358974893, -0.4315667417340926], [0.4061404634596776, 0.30130630180929746, 0.7186646931782145], [0.66501744404308, -0.4419618401802527, -0.08392282157788311]]	[[0.016055113541220786, -0.056501095778461616, 4.3622765702459815e-18], [0.037615008030500455, 0.015098931768745352, -0.0032749655686067497], [-0.03943820875732529, 0.01759115641536524, 0.09349143205984173]]	0.37601408893780175	[[0.4626918321717245, 0.4626918321717246, -0.654345064256509], [0.5, 0.5000000000000001, 0.7071067811865475], [0.654345064256509, -0.6543450642565088, 0.0]]
6	[[0.8787972042104137, -0.3840163418041313, 0.28327887866788265], [-0.395223040501579, -0.9183905790867732, -0.018907472103605397], [0.2674214316928388, -0.09534250611366366, -0.9588511794847616]]	0.8013255838281658	0.19867441617183432	[[0.7042026827304695, -0.30772211929575205, 0.2269986128347292], [-0.31670233367227063, -0.735929866968996, -0.01515104112213634], [0.21429163487942804, -0.07640038937517202, -0.768351981204952]]	0.8488531445692278	0.2464525659214419	[[0.6937551529569985, -0.3145477778763357, 0.14650008238094864], [-0.35966126701185713, -0.8405020119965516, -0.025400938797289555], [0.13347924507737655, -0.055869988561289136, -0.8139238388795529]]	[[-0.052214617275657016, 0.011425701430072531, -0.09396208456632833], [-0.024174946275880512, -0.06092328099598994, -0.009351271646289155], [-0.09352227814029458, 0.025061797564405117, 0.0]]	0.47571753195071853	[[0.6802145486328006, -0.6802145486328005, 0.0], [-0.7071067811865475, -0.7071067811865476, 0.0], [0.0, 0.0, -0.9619686399999998]]
6	[[0.08740825448676931, -0.06334395238859675, -0.994156597696443], [0.7119981850616444, -0.6940087028176986, 0.10681996481098455], [-0.6967197295301035, -0.717174639895393, -0.015561310176609944]]	0.8804478894202672	0.11955211057973271	[[0.07695841318078567, -0.05577104918807789, -0.875303078195067], [0.6268772993085856, -0.6110384976351403, 0.09404941256577855], [-0.6134254153822392, -0.631434898041639, -0.01370092270161035]]	0.9381976033340236	0.09836460189623926	[[0.07132316676018244, -0.05868563194813086, -0.8988771454762567], [0.6759759516961981, -0.6582567453269311, 0.10899931955813323], [-0.6442240401913991, -0.6658802099189682, 0.0]]	[[-0.010683048110914953, 0.0007435123685550927, 0.03383819182125308], [0.007980960893188633, -0.007139443650411971, 0.008781084584242812], [0.009436740249273165, 0.006971318402830827, 0.014599583912432799]]	0.13895154692939754	[[0.0, 0.0, -0.9434988421119997], [0.7071067811865475, -0.7071067811865476, 0.0], [-0.6671544292990508, -0.6671544292990507, 0.0]]
6	[[-0.5446221603179724, 0.8109226453022452, -0.2139887049042392], [-0.8354447797583356, -0.5021691245819775, 0.22328947644507607], [0.07361197229480154, 0.30038414347728, 0.9509735242804028]]	0.8154871154359776	0.18451288456402243	[[-0.4441323545202139, 0.6612969688592405, -0.17450503169823867], [-0.6812944535511707, -0.409512450866367, 0.18208969105340478], [0.060029614948240786, 0.24495939868699393, 0.7755066561714115]]	0.8619659099836041	0.16381603225661304	[[-0.48538924407503137, 0.6830441678249471, -0.13622654942276605], [-0.7618034860128708, -0.446186134353662, 0.21003426951168283], [0.05129975873323818, 0.22109274562855807, 0.8356502672859866]]	[[-0.015943508059314045, -0.015943508059314042, 0.048224419326229444], [-0.04167856618742531, -0.013333467917687946, 0.01756635275794031], [-0.01215125195153829, -0.03782814594848108, 0.015943508059314045]]	0.3911671901418333	[[-0.6802145486328006, 0.6802145486328005, 0.0], [-0.7071067811865475, -0.7071067811865476, 0.0], [0.0, 0.0, 0.9619686399999998]]
6	[[0.8489524140446696, -0.5135124485683378, 0.12483895166604869], [0.522794976890395, 0.7815435453534784, -0.34040431673891397], [0.0772347773085365, 0.35425224329800037, 0.9319550081910795]]	0.8404534269181582	0.15954657308184195	[[0.7135049656742856, -0.4315832971643939, 0.10492132474060095], [0.4393848299031317, 0.656850950978098, -0.28609397454095437], [0.06491223326622028, 0.29773251187324945, 0.7832647803677327]]	0.9075529942408789	0.15579602294697445	[[0.7526556008726031, -0.4752580879750195, 0.06348645547530893], [0.5082209821728236, 0.6679913679013432, -0.2933187602646932], [0.023900264241916082, 0.29123858076103754, 0.8356708931521084]]	[[-0.0178137044616591, -0.00921832769685922, -0.04981150890710595], [0.03375683552185456, -0.04130081681383843, 0.015616196644228636], [-0.04619438916397372, -0.030264103360611007, -0.010127665029488692]]	0.43302815978940057	[[0.6935303309877657, -0.6935303309877657, 0.0], [0.7071067811865475, 0.7071067811865476, 0.0], [0.0, 0.0, 0.9807999999999999]]
6	[[-0.42203838922340475, -0.825029846081567, 0.3757783270710803], [0.2588054115689476, 0.28760896992378115, 0.9221175843470338], [-0.8688517462515349, 0.4864224845687207, 0.09214016247897017]]	0.7665967418119901	0.2334032581880099	[[-0.32353325409824263, -0.6324651919037769, 0.2880704411762506], [0.19839938527206635, 0.22048009925947334, 0.7068923357279793], [-0.6660589177940848, 0.37288989181447435, 0.07063434834640592]]	0.8560344179176661	0.2355394740302819	[[-0.2836855227012912, -0.6416981416421579, 0.3365840850577443], [0.25719158242614965, 0.23271431723874866, 0.8305601840408128], [-0.7459359652132334, 0.37854105230084306, 0.02265086135222357]]	[[0.07759386415647541, 0.064555802412978, 0.01490490357737771], [0.03564524257978359, -0.013488859917854958, 0.04119579447265548], [-0.0021689663540530807, -0.037853336139006696, -0.05622428900230084]]	0.4931107896344263	[[-0.4626918321717245, -0.4626918321717246, 0.654345064256509], [0.5, 0.5000000000000001, 0.7071067811865475], [-0.654345064256509, 0.6543450642565088, 0.0]]
6	[[-0.8305561570912853, 0.32773595720904825, 0.4502950280316503], [-0.5100865793185324, -0.772219296347621, -0.37879947194723407], [0.22358030216652452, -0.5443036842615101, 0.808545204538665]]	0.8089746480231652	0.19102535197683476	[[-0.6718988748463952, 0.265130080627725, 0.3642772618084856], [-0.4126471109655502, -0.624705833459513, -0.3064391694898745], [0.18087079625007707, -0.44032788139316714, 0.6540925722524846]]	0.8159141785769827	0.1785403424738352	[[-0.6887225449893317, 0.27846441463050214, 0.3628825597509646], [-0.4337575048180252, -0.6601288892294707, -0.3090678599992223], [0.18248400255538227, -0.43304509312651507, 0.6753446988476312]]	[[-0.011060000314140382, 0.011060000314140395, -0.004519538162778796], [-0.01757063245020191, -0.030064216368705987, 3.2361436076317925e-19], [6.166396718884637e-05, 0.011060000314140386, 0.015641202444108028]]	0.40153462580832655	[[-0.6417816390227838, 0.45380814899402744, 0.4538081489940273], [-0.7071067811865475, -0.5000000000000001, -0.5], [0.0, -0.6417816390227837, 0.6417816390227838]]
6	[[0.04673222253661188, -0.9725397674033924, -0.22799671093185395], [-0.8377629715199755, -0.16246744520517667, 0.5213036857710898], [-0.5440306084466285, 0.16664552219444034, -0.8223502702654952]]	0.7752415810976155	0.22475841890238443	[[0.036228762087488535, -0.7539532669621134, -0.17675253066786648], [-0.6494686906261824, -0.12595151909775137, 0.4041362935891941], [-0.42175514905766215, 0.12919053810885575, -0.637520123736674]]	0.7987545051140283	0.23207110468390668	[[-0.04373832865520194, -0.776820520616009, -0.30506334231208776], [-0.8027849649369655, -0.14063191870174432, 0.5074595029424687], [-0.4442146438528193, 0.2856328890806524, -0.6568559831563031]]	[[-0.08106590194031198, 9.00012308461395e-18, -0.12294994230408854], [-0.1336180172176697, -0.010860314909742923, 0.0910658354002629], [-0.009667744436148719, 0.15252402747076332, 0.0]]	0.3534089256580511	[[-0.13036531675656904, -0.7598247483101152, -0.4450950325333419], [-0.8535533905932738, -0.14644660940672602, 0.5], [-0.4450950325333419, 0.44509503253334204, -0.6294594315535463]]
6	[[-0.30792515101507295, 0.09349718223056193, 0.9468053539599837], [0.3027085282091916, -0.9338174967034747, 0.1906631317268273], [0.9019698710720718, 0.34531602882779927, 0.2592434992682147]]	0.8258232856132769	0.17417671438672325	[[-0.25429175993423203, 0.07721215022522598, 0.7818939082434753], [0.24998375134887388, -0.7711682332908287, 0.15745405388796552], [0.7448677224529221, 0.2851700175015022, 0.2140893183395602]]	0.8510460515497077	0.2601443979974263	[[-0.2580610227751906, 0.07951553470344451, 0.7451474458469557], [0.24351174917994972, -0.8497656317158695, 0.11918610026615263], [0.6816988143032563, 0.2656304943837723, 0.1785454880717461]]	[[0.003997461169034688, -5.4873064898725704e-05, -0.06062751222681179], [-0.014107148522905986, -0.05504393827834516, -0.04307700516606551], [-0.08591908308942932, -0.028249348486951223, -0.04208266837039753]]	0.3843979547725587	[[-0.4450950325333419, -0.13036531675656887, 0.7598247483101153], [0.5, -0.8535533905932737, 0.14644660940672619], [0.6294594315535463, 0.44509503253334204, 0.4450950325333419]]
6	[[-0.3195682178843842, -0.5708200961323295, -0.7563336379995778], [0.910087742671785, 0.03735879733279218, -0.41272826520656647], [0.2638493031197415, -0.8202248094963509, 0.507557688474819]]	0.7875856831992613	0.21241431680073886	[[-0.2516873532112431, -0.4495697353962486, -0.5956775450104801], [0.7167720765834312, 0.0294232539208499, -0.3250588727283595], [0.20780393365921057, -0.6459973169641674, 0.39974516884047817]]	0.8191941722672609	0.1967211029313311	[[-0.2951569964915371, -0.48841055616767637, -0.6164674195387906], [0.7830398139423593, 0.00756426251657457, -0.3126546615713362], [0.18651473971146873, -0.6579936749516221, 0.43213214908333336]]	[[-0.033368574758815356, -0.020798060003034434, 0.0031166890001595483], [0.03750123889376668, -0.02303984654136253, 0.025449928015859487], [-0.02962907176100149, 0.013929708936812784, 0.01634384859531978]]	0.4417057198359367	[[-0.13036531675656904, -0.7598247483101152, -0.4450950325333419], [0.8535533905932738, 0.14644660940672602, -0.5], [0.4450950325333419, -0.44509503253334204, 0.6294594315535463]]
6	[[0.8592155572171323, 0.2624339665249735, -0.4391776855101157], [-0.4266000482917053, 0.8413623931712975, -0.33184593135155627], [0.2824199444684594, 0.4724804086637203, 0.8348660002631537]]	0.8145344984291623	0.18546550157083774	[[0.69986071294039, 0.21376151929419482, -0.35772537578826247], [-0.34748045636514063, 0.6853186949189424, -0.2702999592491981], [0.23004078781400847, 0.38485159268850905, 0.6800271587799088]]	0.8417217592821264	0.19680416147872262	[[0.7384502697152535, 0.16286776215125848, -0.3380443876676373], [-0.35361880076464497, 0.7507171588510968, -0.3890155306159988], [0.25899192632142115, 0.39257987189819243, 0.71133304211467]]	[[0.01522983929187657, -0.058028617847528885, 0.03162102641738966], [0.005459742393289313, 0.042524125077132165, -0.10969358946815111], [0.021272913807069097, -0.005117168908572266, 0.008608163608336123]]	0.43632314451549675	[[0.7746989685054194, -0.1329173294826355, -0.4538081489940273], [-0.14644660940672619, 0.8535533905932737, -0.5], [0.4538081489940273, 0.45380814899402744, 0.6417816390227838]]
