6	[[0.04673222253661188, -0.9725397674033924, -0.22799671093185395], [-0.8377629715199755, -0.16246744520517667, 0.5213036857710898], [-0.5440306084466285, 0.16664552219444034, -0.8223502702654952]]	0.8683634786374806	0.13163652136251938	[[0.0405805553263531, -0.8445180155356962, -0.19798401702268875], [-0.7274827682227585, -0.14108079588371145, 0.4526810820027236], [-0.47241631163597947, 0.14470888535212373, -0.7140989413462178]]	0.8814670201624321	0.1209860930548236	[[0.010393360266781455, -0.8572617307625329, -0.2317711340700701], [-0.770431005645205, -0.14320969479841025, 0.49148258203340306], [-0.4795450393046045, 0.19044967698458662, -0.7248746422606966]]	[[-0.030799552678133415, -4.835814539077095e-18, -0.03079955267813341], [-0.03197057553706778, 6.0592848847035485e-18, 0.03197057553706779], [0.0, 0.04355714511244086, -8.697205948734318e-18]]	0.32849875549898544	[[1.9235979335422555e-16, -0.9633718555495929, 0.0], [-0.7071067811865476, -1.3401577416544657e-16, 0.7071067811865475], [-0.6812067718633842, -1.0695576153070185e-16, -0.6812067718633843]]
6	[[0.8592155572171323, 0.2624339665249735, -0.4391776855101157], [-0.4266000482917053, 0.8413623931712975, -0.33184593135155627], [0.2824199444684594, 0.4724804086637203, 0.8348660002631537]]	0.866268230550585	0.13373176944941506	[[0.74431114041202, 0.22733820781796021, -0.38044567652414923], [-0.3695500689864498, 0.7288455115843054, -0.2874675877673236], [0.2446514255668868, 0.4092947675829382, 0.7232178927948064]]	0.8800956493258487	0.15813137325452858	[[0.7670691550617821, 0.15038229205512454, -0.376263779159885], [-0.361023722080907, 0.7622352668862172, -0.37575399274329413], [0.3048447451266722, 0.40674489671445746, 0.7506045066070748]]	[[0.010877281321899437, -0.08058470011883005, 0.01025459113856356], [0.014425124422819787, 0.021755885149773994, -0.0836978323143052], [0.05628818071713338, -0.009083055342181767, 0.015842572005400485]]	0.4196877748065161	[[0.827419313449878, -0.1419627106491289, -0.48469101204950327], [-0.14644660940672619, 0.8535533905932737, -0.5], [0.48469101204950327, 0.4846910120495034, 0.6854566028007489]]
6	[[-0.30792515101507295, 0.09349718223056193, 0.9468053539599837], [0.3027085282091916, -0.9338174967034747, 0.1906631317268273], [0.9019698710720718, 0.34531602882779927, 0.2592434992682147]]	0.8869545944245139	0.11304540557548629	[[-0.27311562743168116, 0.0829277553451429, 0.8397733587205356], [0.2684887198666251, -0.828253719055145, 0.16910954067247577], [0.8000063211798605, 0.30627963829724447, 0.22993721275063114]]	0.8869545944245139	0.11304540557548629	[[-0.27311562743168116, 0.0829277553451429, 0.8397733587205356], [0.26848871986662504, -0.8282537190551452, 0.1691095406724758], [0.8000063211798604, 0.3062796382972445, 0.22993721275063114]]	[[0.0, 0.0, 0.0], [0.0, 0.0, 0.0], [0.0, 0.0, 0.0]]	0.37017097277217714	[[-0.48168592777479635, -0.14108254184310431, 0.8222893137064887], [0.5, -0.8535533905932737, 0.14644660940672619], [0.6812067718633843, 0.48168592777479646, 0.48168592777479635]]
6	[[0.8489524140446696, -0.5135124485683378, 0.12483895166604869], [0.522794976890395, 0.7815435453534784, -0.34040431673891397], [0.0772347773085365, 0.35425224329800037, 0.9319550081910795]]	0.8809134596370504	0.11908654036294992	[[0.7478536081233152, -0.45236002763502725, 0.10997231280960144], [0.46053713177338956, 0.6884722283943385, -0.299866744333863], [0.06803715488316005, 0.3120655692278275, 0.8209717104916795]]	0.9201458075338919	0.1366436584319947	[[0.7753244631988192, -0.48546317201201283, 0.06303296196510769], [0.506947313613348, 0.670193876388112, -0.28927510296416936], [0.0238930744749884, 0.29953610164296407, 0.8590533203917663]]	[[-0.0058355413801599604, -0.012956845345393517, -0.051837076027333194], [0.025899707427873148, -0.048940140274065055, 0.023946501949581353], [-0.04717418206127524, -0.02642761483716724, 0.0015188267945308279]]	0.428904587498106	[[0.702722719143191, -0.7027227191431908, 0.0], [0.7071067811865475, 0.7071067811865476, 0.0], [0.0, 0.0, 0.9938]]
6	[[-0.42203838922340475, -0.825029846081567, 0.3757783270710803], [0.2588054115689476, 0.28760896992378115, 0.9221175843470338], [-0.8688517462515349, 0.4864224845687207, 0.09214016247897017]]	0.844590072968652	0.15540992703134812	[[-0.35644943394976775, -0.6968120179033466, 0.3173786446810016], [0.21858448144169942, 0.24291168089436507, 0.7788113578493383], [-0.7338235597655245, 0.41082760173548877, 0.07782066655145688]]	0.8776503125711467	0.199345984794587	[[-0.29750422709436647, -0.6784296971425019, 0.3518299302958318], [0.25589423894935526, 0.2326488500450041, 0.8295687953308855], [-0.7881628052216434, 0.3985292297898078, 0.022205283030370393]]	[[0.07289789712457807, 0.045658005151510424, 0.02202796408443554], [0.028753588590764073, -0.01977125230686805, 0.020272009201360533], [-0.025614798545997006, -0.028379615833563698, -0.05866155936965401]]	0.4812303336600193	[[-0.48771484408281673, -0.48771484408281685, 0.689732947072599], [0.5, 0.5000000000000001, 0.7071067811865475], [-0.689732947072599, 0.6897329470725989, 0.0]]
6	[[0.08740825448676931, -0.06334395238859675, -0.994156597696443], [0.7119981850616444, -0.6940087028176986, 0.10681996481098455], [-0.6967197295301035, -0.717174639895393, -0.015561310176609944]]	0.9312830568999089	0.06871694310009123	[[0.08140182643672372, -0.05899114961657467, -0.9258411953399563], [0.6630718462913952, -0.6463185462752066, 0.09947962336711437], [-0.6488432795192726, -0.6678925909728729, -0.014491984510640973]]	0.9633641642971658	0.059443564214294184	[[0.06550334368912965, -0.05887761629736729, -0.9395432950032453], [0.6811700475744908, -0.6727649432739682, 0.09016602767375488], [-0.6796352012501832, -0.6972039830550588, -0.0046850967690086325]]	[[-0.018702636347190847, 0.0021456774587526733, 0.01819154491710236], [-0.004743488958518896, -0.004181829269035907, -0.012740498456631891], [-0.008440381262067507, -0.006303635437112586, 0.01030611180465019]]	0.11791601017501044	[[0.0, 0.0, -0.9815150816720001], [0.7071067811865475, -0.7071067811865476, 0.0], [-0.6940359700871394, -0.6940359700871392, 0.0]]
6	[[0.034229894132735264, 0.2773841392786001, 0.9601491309293217], [-0.1827544195208179, -0.9427759796974285, 0.2788803941677556], [0.9825625356654255, -0.18501754344446375, 0.018422055382213542]]	0.8927211666042948	0.10727883339570522	[[0.030557751022916933, 0.2476266924143201, 0.857145452277324], [-0.16314873859671528, -0.8416360724419953, 0.24896243082450437], [0.8771543731009128, -0.1651690772260025, 0.016445758772058602]]	0.9333679567530961	0.1225629686778429	[[0.011894766486442025, 0.24381810609210322, 0.8871053201475051], [-0.16327262955968025, -0.8280030656962281, 0.2519647019230804], [0.9213350957840207, -0.1661070911133844, 0.0]]	[[-0.020054319860103885, -0.015083361222080005, -0.009067112366257039], [0.0073044895760637, 0.051953824149859315, -0.00833332175977575], [0.0042427094878414225, 0.006582355374851944, -0.017194556191289033]]	0.3409840550550017	[[0.0, 0.0, 0.9938], [0.0, -1.0, 0.0], [0.9938, 0.0, 0.0]]
6	[[0.22433838825039393, -0.7661379269479729, -0.6022499185961573], [-0.9416906372873723, -0.011392912655017143, -0.3362869982418849], [0.2507808429735371, 0.642575192824231, -0.724020780340167]]	0.902386895543625	0.09761310445637526	[[0.20244002172453346, -0.6913528254568098, -0.5434624343833873], [-0.8497692907442496, -0.01028081508196063, -0.30346098035517904], [0.2263013463527034, 0.5798514334060038, -0.653346864280236]]	0.9088381650082048	0.08916803560424362	[[0.19142629312630172, -0.7165665932328312, -0.5440513111110862], [-0.8684892031033696, -0.00590665609534156, -0.3265637575952036], [0.24444870790390869, 0.5719198571042644, -0.6706446727496225]]	[[-0.01246099599208461, -0.020271205562245473, 0.0032963997821859746], [-0.012644812305707234, 0.004447657736143029, -0.02093329919693156], [0.01652950675662848, -0.012077002021902792, -0.012626955317456525]]	0.29951733061320035	[[0.14108254184310445, -0.8222893137064886, -0.48168592777479635], [-0.8535533905932738, 0.14644660940672602, -0.5], [0.48168592777479635, 0.48168592777479646, -0.6812067718633843]]
6	[[-0.8305561570912853, 0.32773595720904825, 0.4502950280316503], [-0.5100865793185324, -0.772219296347621, -0.37879947194723407], [0.22358030216652452, -0.5443036842615101, 0.808545204538665]]	0.8799335778948313	0.12006642210516885	[[-0.730834250951916, 0.28838587343174515, 0.39622971512414334], [-0.448842308775892, -0.6795016883545913, -0.3333183746552025], [0.19673581523219744, -0.4789510883535691, 0.7114660747194155]]	0.8799335778948313	0.12006642210516862	[[-0.7308342509519162, 0.2883858734317451, 0.3962297151241434], [-0.448842308775892, -0.6795016883545912, -0.33331837465520253], [0.19673581523219746, -0.4789510883535692, 0.7114660747194158]]	[[0.0, 0.0, 0.0], [0.0, 0.0, 0.0], [0.0, 0.0, 0.0]]	0.3742364544223497	[[-0.6854566028007489, 0.4846910120495034, 0.48469101204950327], [-0.7071067811865475, -0.5000000000000001, -0.5], [0.0, -0.6854566028007488, 0.6854566028007489]]
6	[[-0.5446221603179724, 0.8109226453022452, -0.2139887049042392], [-0.8354447797583356, -0.5021691245819775, 0.22328947644507607], [0.07361197229480154, 0.30038414347728, 0.9509735242804028]]	0.8753388632000279	0.12466113679997226	[[-0.4767289426862772, 0.7098321064820267, -0.18731262968852297], [-0.7312972837800592, -0.43956815064574145, 0.19545395647596225], [0.06443542014644352, 0.26293791467471633, 0.8324240836769318]]	0.8757100382519821	0.12262836903831711	[[-0.48235280825340265, 0.7117210844145061, -0.178136609817714], [-0.7372352332691011, -0.44936188970826735, 0.1938884759115817], [0.07213020653607552, 0.2576276943663038, 0.8381987767326877]]	[[-0.005421715408473932, 0.0015879836774784226, 0.009255447139469446], [-0.0056278532295101205, -0.009607346411619339, -0.0016483600474009024], [0.007667463461991022, -0.005421715408473934, 0.005421715408473932]]	0.38363863240847235	[[-0.6983658382845032, 0.698365838284503, 0.0], [-0.7071067811865475, -0.7071067811865476, 0.0], [0.0, 0.0, 0.98763844]]
6	[[-0.3195682178843842, -0.5708200961323295, -0.7563336379995778], [0.910087742671785, 0.03735879733279218, -0.41272826520656647], [0.2638493031197415, -0.8202248094963509, 0.507557688474819]]	0.8512921290168547	0.14870787098314522	[[-0.27204590856891947, -0.4859346549220964, -0.6438608729397237], [0.7747505320512074, 0.03180325011894189, -0.35135232359313107], [0.2246128349924182, -0.6982509243485926, 0.4320798652206022]]	0.853495911077192	0.18052488722908255	[[-0.2723479069354279, -0.5372945443345514, -0.661405973969991], [0.8126319146235922, 0.005332100584367231, -0.2741234536046794], [0.16796168015656776, -0.702283522970887, 0.48163223835628943]]	[[0.000402260339119144, -0.05010192632491844, -0.01587830652721428], [0.035875747531751837, -0.026553480181932446, 0.07813843313510799], [-0.05723262119669822, -0.0022250019016826564, 0.04843382660724024]]	0.441110048001177	[[-0.14108254184310445, -0.8222893137064886, -0.48168592777479635], [0.8535533905932738, 0.14644660940672602, -0.5], [0.48168592777479635, -0.48168592777479646, 0.6812067718633843]]
6	[[0.8787972042104137, -0.3840163418041313, 0.28327887866788265], [-0.395223040501579, -0.9183905790867732, -0.018907472103605397], [0.2674214316928388, -0.09534250611366366, -0.9588511794847616]]	0.8494387310144615	0.15056126898553848	[[0.7464843819635505, -0.32619835407091696, 0.2406280512188459], [-0.3357177579913384, -0.7801165280751051, -0.016060739110377906], [0.22715812158323548, -0.08098761740492899, -0.8144853291332557]]	0.8599137773015858	0.23324821792735198	[[0.702998096643372, -0.3186355011478727, 0.15546960714272282], [-0.3588028701331185, -0.8407962629679007, -0.025548950990255552], [0.14066892573871329, -0.060965131877575476, -0.8245293396208222]]	[[-0.05269172671127796, 0.011585441878454669, -0.08812580344233376], [-0.018945132498788, -0.051059551067202655, -0.00929015523441987], [-0.08929044771967366, 0.021021202692024565, 0.0]]	0.4705052712955638	[[0.6983658382845032, -0.698365838284503, 0.0], [-0.7071067811865475, -0.7071067811865476, 0.0], [0.0, 0.0, -0.98763844]]
6	[[0.3802729664721569, 0.7767473726770865, -0.5020517802076895], [0.4287143634067757, 0.332951791095048, 0.839849450446521], [0.8195098935212374, -0.5346088512602871, -0.20639019011321075]]	0.8658944371224772	0.13410556287752298	[[0.3292762462563029, 0.6725812290505888, -0.4347238436292749], [0.37122138238843116, 0.2883011037391672, 0.7272209671620119], [0.709609057966873, -0.46291483034272035, -0.17871211749567964]]	0.8807421431523811	0.20400880052945722	[[0.34313718036605834, 0.6523781125648855, -0.4421781608735886], [0.40386411048956194, 0.30204425010784974, 0.7212467143419206], [0.6999949138627419, -0.4543780709760759, -0.08946190434004504]]	[[0.008214752892457277, -0.03173603313471289, -1.059769226571267e-18], [0.026277303262469614, 0.008799576052373305, -0.01844409056969801], [-0.021781986091732344, 0.016474474431141913, 0.09231463402589157]]	0.36816397101562276	[[0.48771484408281673, 0.48771484408281685, -0.689732947072599], [0.5, 0.5000000000000001, 0.7071067811865475], [0.689732947072599, -0.6897329470725989, 0.0]]
6	[[0.5319609947059123, -0.8460851799387872, 0.03402011756955908], [-0.703274286200726, -0.4190807785627857, 0.5742617690636116], [-0.47161719485230363, -0.3294103357928521, -0.8179645788128509]]	0.8792284297832569	0.12077157021674309	[[0.4677152300812186, -0.7439021442204642, 0.029911454551725235], [-0.6183387463632053, -0.36846773488810286, 0.5049072734983546], [-0.4146592456887752, -0.2896269322935248, -0.719177712247946]]	0.8924354568821737	0.15310662312825907	[[0.5389017254612619, -0.7375071920562736, 0.0], [-0.5879059256366718, -0.39309689574754314, 0.5827890289382055], [-0.3994765879255296, -0.38106106446678945, -0.7375071920562736]]	[[0.06416087210739553, 0.017569222063634114, -0.030360759166374728], [0.03972098328235768, -0.019094349660326297, 0.07029746469395595], [0.021411318835975086, -0.08708360094178522, -0.007526599449992219]]	0.2927226797601369	[[0.6854566028007489, -0.6854566028007488, 0.0], [-0.5, -0.5000000000000001, 0.7071067811865475], [-0.48469101204950327, -0.4846910120495034, -0.6854566028007489]]
