6	[[0.034229894132735264, 0.2773841392786001, 0.9601491309293217], [-0.1827544195208179, -0.9427759796974285, 0.2788803941677556], [0.9825625356654255, -0.18501754344446375, 0.018422055382213542]]	0.8903527173886805	0.10964728261131942	[[0.030476679257007692, 0.24696972216722188, 0.8548713878213017], [-0.16271589403515113, -0.8394031554123811, 0.24830191677368754], [0.874827223634024, -0.1647308725703566, 0.016402127069438593]]	0.9320124931515684	0.122789545571556	[[0.011535337184063391, 0.24300827129311367, 0.8846482930175749], [-0.16343916839299102, -0.8279473286527258, 0.2519327242161192], [0.9187242743982537, -0.16551966800089135, 0.0]]	[[-0.020367351786901446, -0.015517211916636365, -0.010222692297174032], [0.006890233779074139, 0.050731662668487235, -0.007987287243262885], [0.002963715855393573, 0.0069189939415619725, -0.017169585765753115]]	0.34174041467459526	[[0.0, 0.0, 0.992], [0.0, -1.0, 0.0], [0.992, 0.0, 0.0]]
6	[[0.22433838825039393, -0.7661379269479729, -0.6022499185961573], [-0.9416906372873723, -0.011392912655017143, -0.3362869982418849], [0.2507808429735371, 0.642575192824231, -0.724020780340167]]	0.8871384585781007	0.11286154142189922	[[0.19901921195235, -0.6796704195708465, -0.5342790644621817], [-0.8354099804205489, -0.010107090971486892, -0.29833312926016226], [0.22247733047646043, 0.5700531660826142, -0.6423066790494893]]	0.8957286332698227	0.10068789828874951	[[0.18631967442100528, -0.7174142792872689, -0.5289650915622408], [-0.8699659732097471, -0.0064895533130600695, -0.32740603046299355], [0.24605315762455818, 0.5565619890446062, -0.6730012067872841]]	[[-0.014626643476475017, -0.031162601085985737, 0.010487404908756897], [-0.02646670570934061, 0.0037154047683809394, -0.026184137141378617], [0.021421575897617725, -0.019011010196934873, -0.02447506275423565]]	0.30314948243936535	[[0.13955627025587913, -0.8133935509877751, -0.47647491062182695], [-0.8535533905932738, 0.14644660940672602, -0.5], [0.47647491062182695, 0.47647491062182706, -0.6738372807318962]]
6	[[-0.30792515101507295, 0.09349718223056193, 0.9468053539599837], [0.3027085282091916, -0.9338174967034747, 0.1906631317268273], [0.9019698710720718, 0.34531602882779927, 0.2592434992682147]]	0.8800786181555195	0.1199213818444807	[[-0.270998341400675, 0.0822848709389077, 0.83326314757535], [0.2664073032102365, -0.8218328121082404, 0.16779854550334994], [0.7938043977510209, 0.30390525347772107, 0.22815466060177178]]	0.8806115931482236	0.11897761949391975	[[-0.2691674554108288, 0.08199241430188309, 0.8349364164979708], [0.2669278274502334, -0.8244240155219118, 0.1666738190823098], [0.7954537704824768, 0.30525794363166814, 0.22664011680598287]]	[[0.001995002394961874, -0.00034228829704184555, 0.0011686453460018596], [0.00035918816438324067, -0.002093502040179074, -0.0012263451022811575], [0.0011686453460018596, 0.0011686453460018598, -0.0016527140979200286]]	0.37147334570996954	[[-0.47647491062182695, -0.139556270255879, 0.8133935509877752], [0.5, -0.8535533905932737, 0.14644660940672619], [0.6738372807318962, 0.47647491062182706, 0.47647491062182695]]
6	[[0.8489524140446696, -0.5135124485683378, 0.12483895166604869], [0.522794976890395, 0.7815435453534784, -0.34040431673891397], [0.0772347773085365, 0.35425224329800037, 0.9319550081910795]]	0.8772828468329292	0.12271715316707102	[[0.7447713906187953, -0.45049566276417946, 0.10951907091322968], [0.4586390656363611, 0.6856347463915998, -0.29863086806293254], [0.06775674531174022, 0.31077941649742125, 0.8175881427060758]]	0.9180070873085435	0.13873345638361845	[[0.773652090366574, -0.48260305630507305, 0.058672488593574976], [0.5033752489193785, 0.6714970177022256, -0.28970110622391726], [0.024578895599400668, 0.29617229630932906, 0.8567237753780781]]	[[-0.005692242514129819, -0.011194989098175049, -0.055930553808026424], [0.023445754924689734, -0.04596549597251348, 0.022792469092828057], [-0.04632317735653292, -0.02903377373318572, 0.0011824728059755159]]	0.4294648766321159	[[0.7014499269370552, -0.7014499269370551, 0.0], [0.7071067811865475, 0.7071067811865476, 0.0], [0.0, 0.0, 0.992]]
6	[[0.3802729664721569, 0.7767473726770865, -0.5020517802076895], [0.4287143634067757, 0.332951791095048, 0.839849450446521], [0.8195098935212374, -0.5346088512602871, -0.20639019011321075]]	0.856858313462133	0.1431416865378669	[[0.32584005270657457, 0.6655624437382315, -0.43018724165942235], [0.3673474663857218, 0.2852925101818993, 0.7196319836717053], [0.70220386522814, -0.458084038652818, -0.17684715021553477]]	0.8778283197940367	0.2073529385019916	[[0.3431296035229216, 0.6465709456125003, -0.44071527066932104], [0.40418867627136784, 0.30193929157824445, 0.7208786733136654], [0.6950774241769874, -0.45266034603379746, -0.08867464464687505]]	[[0.009315224301573985, -0.03527989544905921, 1.5329181435021143e-18], [0.02785106697042783, 0.009664780228863393, -0.016364958651749122], [-0.024311568707350413, 0.016634443615040535, 0.09250050916217659]]	0.36892464119266993	[[0.4841909780479999, 0.484190978048, -0.6847494479341751], [0.5, 0.5000000000000001, 0.7071067811865475], [0.6847494479341751, -0.684749447934175, 0.0]]
6	[[-0.42203838922340475, -0.825029846081567, 0.3757783270710803], [0.2588054115689476, 0.28760896992378115, 0.9221175843470338], [-0.8688517462515349, 0.4864224845687207, 0.09214016247897017]]	0.8343717837243753	0.16562821627562488	[[-0.3521369236164944, -0.6883816243009239, 0.3135388330432589], [0.21593993288830388, 0.23997280925043551, 0.7693888936552468], [-0.7249453813119313, 0.4058571960932459, 0.07687915172023209]]	0.8748134741806544	0.20455558887786693	[[-0.29524066846883085, -0.673487267887716, 0.3479787226210575], [0.2546699609902279, 0.23145587144851054, 0.8300686897525577], [-0.7824627970544824, 0.39536828759356035, 0.022165069919158942]]	[[0.07396420104530313, 0.048259958065630215, 0.019242778794211428], [0.028263499758842712, -0.020148330736031936, 0.023387802186856377], [-0.022379582368248784, -0.03016065605158813, -0.05844038573063892]]	0.4827038576680998	[[-0.4841909780479999, -0.484190978048, 0.6847494479341751], [0.5, 0.5000000000000001, 0.7071067811865475], [-0.6847494479341751, 0.684749447934175, 0.0]]
6	[[-0.5446221603179724, 0.8109226453022452, -0.2139887049042392], [-0.8354447797583356, -0.5021691245819775, 0.22328947644507607], [0.07361197229480154, 0.30038414347728, 0.9509735242804028]]	0.8674942369358613	0.13250576306413886	[[-0.4724565853833999, 0.7034707214004812, -0.18563396827379616], [-0.7247435317185063, -0.4356288215419922, 0.19370233398452924], [0.06385796173522264, 0.2605815133334553, 0.8249640517918346]]	0.869770406670684	0.13451560263844387	[[-0.4739824691976839, 0.7050302876469459, -0.17061584173208316], [-0.7374956611986392, -0.44820409223439683, 0.1942105787329179], [0.07498934795933254, 0.250301405749007, 0.8275334211838441]]	[[-0.0002862313360545974, -0.00028623133605459736, 0.015505201155409962], [-0.010850515357331716, -0.011432248529268902, 0.0], [0.010963832880651876, -0.010963832880651874, 0.0004047922374245827]]	0.3846293771084246	[[-0.6958383275215587, 0.6958383275215586, 0.0], [-0.7071067811865475, -0.7071067811865476, 0.0], [0.0, 0.0, 0.9840639999999999]]
6	[[-0.8305561570912853, 0.32773595720904825, 0.4502950280316503], [-0.5100865793185324, -0.772219296347621, -0.37879947194723407], [0.22358030216652452, -0.5443036842615101, 0.808545204538665]]	0.875299335611708	0.12470066438829203	[[-0.7269852524902154, 0.2868670656011471, 0.3941429388653589], [-0.44647844398196035, -0.6759230370396132, -0.3315629261254798], [0.1956996899422238, -0.47642865320510475, 0.7077190803447261]]	0.8752993356117079	0.12470066438829217	[[-0.7269852524902152, 0.2868670656011471, 0.39414293886535895], [-0.4464784439819602, -0.6759230370396134, -0.3315629261254798], [0.19569968994222378, -0.4764286532051047, 0.7077190803447259]]	[[0.0, 0.0, 0.0], [0.0, 0.0, 0.0], [0.0, 0.0, 0.0]]	0.377926059300203	[[-0.6792714523507017, 0.480317450223616, 0.4803174502236159], [-0.7071067811865475, -0.5000000000000001, -0.5], [0.0, -0.6792714523507016, 0.6792714523507017]]
6	[[0.8787972042104137, -0.3840163418041313, 0.28327887866788265], [-0.395223040501579, -0.9183905790867732, -0.018907472103605397], [0.2674214316928388, -0.09534250611366366, -0.9588511794847616]]	0.84361619672235	0.1563838032776501	[[0.7413675551062235, -0.3239624057520312, 0.23897865023357115], [-0.33341655828498545, -0.7747691674348204, -0.0159506497056775], [0.2256010511267583, -0.08043248239358633, -0.8089023852596738]]	0.858418164076092	0.23512783280454036	[[0.7015572352822668, -0.3183507829416495, 0.15426189992053263], [-0.3591939030821554, -0.8407225967377076, -0.025335764053239555], [0.13971513129643964, -0.06005101941827578, -0.8230952691155045]]	[[-0.05281824735123915, 0.011295820165069938, -0.08890983502708524], [-0.019927266254218905, -0.05235944193326073, -0.00910524656274269], [-0.08984428313192709, 0.021792719638228958, 0.0]]	0.4711744420272286	[[0.6958383275215587, -0.6958383275215586, 0.0], [-0.7071067811865475, -0.7071067811865476, 0.0], [0.0, 0.0, -0.9840639999999999]]
6	[[-0.3195682178843842, -0.5708200961323295, -0.7563336379995778], [0.910087742671785, 0.03735879733279218, -0.41272826520656647], [0.2638493031197415, -0.8202248094963509, 0.507557688474819]]	0.8439594875215597	0.1560405124784403	[[-0.26970262939388295, -0.4817490357988483, -0.6383149495214405], [0.7680771849049328, 0.031529311451405105, -0.3483259351893962], [0.2226781226438576, -0.6922365098750093, 0.4283581266528357]]	0.848651251115741	0.17987492107887537	[[-0.2757627773657916, -0.5303064367220987, -0.6549411169711596], [0.8085348703019258, 0.005620727265345387, -0.2794471705715029], [0.17065824742026464, -0.6959411412945499, 0.47458827700030437]]	[[-0.004560809441381257, -0.04587924797738976, -0.013077628821898103], [0.0361877688584148, -0.026083862831308167, 0.07081518806687903], [-0.05325779377832032, 0.00014366948069862578, 0.043848809662735716]]	0.44047717879781306	[[-0.13955627025587913, -0.8133935509877751, -0.47647491062182695], [0.8535533905932738, 0.14644660940672602, -0.5], [0.47647491062182695, -0.47647491062182706, 0.6738372807318962]]
6	[[0.08740825448676931, -0.06334395238859675, -0.994156597696443], [0.7119981850616444, -0.6940087028176986, 0.10681996481098455], [-0.6967197295301035, -0.717174639895393, -0.015561310176609944]]	0.928986785394321	0.07101321460567907	[[0.08120111335259259, -0.05884569470365344, -0.9235583418725738], [0.6614369051470078, -0.6447249138662965, 0.09923433572569101], [-0.6472434218569717, -0.6662457632827508, -0.014456251517492802]]	0.9608883171009253	0.06198228581695733	[[0.06464253007808968, -0.06448896993976964, -0.9371935360427749], [0.6827801247279737, -0.6682419078711292, 0.09440318684901483], [-0.678524196022976, -0.692690034782327, 0.0]]	[[-0.019347040476431484, -0.0036225061305697904, 0.01807992405254186], [-0.0013706130948228853, -0.0013770533672347743, -0.008238869370992169], [-0.009054347623783128, -0.0035653019857804806, 0.014952681147488229]]	0.12065398265586107	[[0.0, 0.0, -0.976191488], [0.7071067811865475, -0.7071067811865476, 0.0], [-0.6902716209013863, -0.6902716209013862, 0.0]]
6	[[0.5319609947059123, -0.8460851799387872, 0.03402011756955908], [-0.703274286200726, -0.4190807785627857, 0.5742617690636116], [-0.47161719485230363, -0.3294103357928521, -0.8179645788128509]]	0.8701403555890918	0.12985964441090841	[[0.4628807290929295, -0.736212859330597, 0.029602277199158852], [-0.6119473374713643, -0.36465909767917576, 0.49968833993423184], [-0.41037315363071347, -0.28663322672151437, -0.7117439894674956]]	0.8864559553559808	0.15797205921145935	[[0.5354798464581589, -0.7328149714127364, 0.00036093876091439615], [-0.5898937476131484, -0.39378773725830774, 0.5796080823773947], [-0.39397051337783695, -0.3786414306192955, -0.7324540326518222]]	[[0.06391985468401168, 0.017202275082437823, -0.029796397060531884], [0.033527931638211474, -0.02229108532610516, 0.07055031725769534], [0.024097357647269602, -0.0866336766999083, -0.007364460492924081]]	0.2961096467342595	[[0.6792714523507017, -0.6792714523507016, 0.0], [-0.5, -0.5000000000000001, 0.7071067811865475], [-0.4803174502236159, -0.480317450223616, -0.6792714523507017]]
6	[[0.04673222253661188, -0.9725397674033924, -0.22799671093185395], [-0.8377629715199755, -0.16246744520517667, 0.5213036857710898], [-0.5440306084466285, 0.16664552219444034, -0.8223502702654952]]	0.8551959258575925	0.14480407414240762	[[0.03996520631958077, -0.8317120468178717, -0.19498185829785272], [-0.7164514800782336, -0.1389414972239587, 0.44581678820598264], [-0.4652527598853839, 0.14251457164309644, -0.7032706007589417]]	0.8717637341200554	0.1313565683177541	[[0.005113067892944249, -0.8487217619181646, -0.23401416032179584], [-0.7695990413593081, -0.14069208302006506, 0.4941111471963401], [-0.4755345100979215, 0.19565884510480924, -0.7168951423612848]]	[[-0.03562638892930186, -0.0008968627063331017, -0.03525489623275204], [-0.039267664999540756, 0.0009411436849451876, 0.03965749947798686], [-0.0012683554028829062, 0.05038332240219737, 3.58159362583676e-19]]	0.3322534654752794	[[1.9027878968583694e-16, -0.9529498212436541, 0.0], [-0.7071067811865476, -1.3401577416544657e-16, 0.7071067811865475], [-0.6738372807318961, -1.057986832857132e-16, -0.6738372807318962]]
6	[[0.8592155572171323, 0.2624339665249735, -0.4391776855101157], [-0.4266000482917053, 0.8413623931712975, -0.33184593135155627], [0.2824199444684594, 0.4724804086637203, 0.8348660002631537]]	0.8655058174089767	0.13449418259102341	[[0.7436560631797233, 0.22713812471307723, -0.3801108416852152], [-0.3692248235034214, 0.7282040458388968, -0.28721458406827194], [0.24443610488977174, 0.4089345423102206, 0.7225813799847237]]	0.8754987057380613	0.16302042770690958	[[0.763030590435215, 0.14847616107936065, -0.3735919973495648], [-0.3596165037454888, 0.7597460054632978, -0.3783430118674456], [0.3045795522678009, 0.40437636452774917, 0.7458455443363806]]	[[0.010788482141608572, -0.0812844369549594, 0.010907497903578943], [0.013871286401693585, 0.023134319185148973, -0.08781232846471654], [0.0573212564110495, -0.009279621743928263, 0.014921441641277563]]	0.4216921312912882	[[0.8199531763989669, -0.1406817240482651, -0.4803174502236159], [-0.14644660940672619, 0.8535533905932737, -0.5], [0.4803174502236159, 0.480317450223616, 0.6792714523507017]]
