6	[[-0.5446221603179724, 0.8109226453022452, -0.2139887049042392], [-0.8354447797583356, -0.5021691245819775, 0.22328947644507607], [0.07361197229480154, 0.30038414347728, 0.9509735242804028]]	0.8334736858787619	0.1665263141212382	[[-0.45392823937147436, 0.675882686142618, -0.17835395461295894], [-0.6963212399333505, -0.41854475119985185, 0.18610590295061652], [0.06135364187335352, 0.25036227924354343, 0.7926114084551035]]	0.8530465191682499	0.15624321070731775	[[-0.46461364036476394, 0.6917291376461648, -0.1523900778080759], [-0.7346398760400401, -0.4503930572474757, 0.19047631064837306], [0.08411529155800113, 0.2349207931838188, 0.8112608617487226]]	[[-2.560224362494433e-05, -2.5602243624944325e-05, 0.030152242051807162], [-0.021966614709906605, -0.022019433489052526, 0.0], [0.021320854822811024, -0.02132085482281102, 3.6207040161576377e-05]]	0.3888793256784038	[[-0.685495589770228, 0.6854955897702278, 0.0], [-0.7071067811865475, -0.7071067811865476, 0.0], [0.0, 0.0, 0.9694371599999998]]
6	[[-0.42203838922340475, -0.825029846081567, 0.3757783270710803], [0.2588054115689476, 0.28760896992378115, 0.9221175843470338], [-0.8688517462515349, 0.4864224845687207, 0.09214016247897017]]	0.7891753843015563	0.2108246156984438	[[-0.33306230800539033, -0.6510932458416745, 0.2965550056785158], [0.2042428601342467, 0.22697391936817474, 0.7277124989982933], [-0.6856764107491332, 0.383872651192438, 0.07271474813394913]]	0.8624533222807057	0.22450591365071237	[[-0.28810308673944596, -0.6517053204494192, 0.34323043018480753], [0.2582447260917935, 0.2338054178676045, 0.8305472564430305], [-0.7575870268378339, 0.38447102529350385, 0.022968267334972894]]	[[0.0758853241762771, 0.059844411284367446, 0.019139163561268664], [0.03503713905992929, -0.014243893760892192, 0.03526388228947247], [-0.008242951713804724, -0.035045662554824566, -0.056498321910498944]]	0.4893560507981803	[[-0.4699042035944325, -0.46990420359443263, 0.6645448977393748], [0.5, 0.5000000000000001, 0.7071067811865475], [-0.6645448977393748, 0.6645448977393746, 0.0]]
6	[[0.3802729664721569, 0.7767473726770865, -0.5020517802076895], [0.4287143634067757, 0.332951791095048, 0.839849450446521], [0.8195098935212374, -0.5346088512602871, -0.20639019011321075]]	0.8126526711110108	0.18734732888898925	[[0.3090298419549061, 0.6312258271844942, -0.4079937202218169], [0.3483958725661729, 0.2705741623845861, 0.6825058992364799], [0.6659769039719337, -0.43445131097626144, -0.16772353928661002]]	0.8665942389294412	0.22056613403891262	[[0.34480531272531834, 0.6250817552618674, -0.42720197012274974], [0.4036302175423676, 0.3039315377313812, 0.7222623474188804], [0.6714791188924466, -0.45297158372079815, -0.08575154982911819]]	[[0.015262950759938589, -0.0480430430036755, 0.007873210249503939], [0.03210882006775294, 0.01539743372717381, -0.005546347906131951], [-0.03870343357873757, 0.01031736686205316, 0.09310499989454238]]	0.3731797744282504	[[0.4699042035944325, 0.46990420359443263, -0.6645448977393748], [0.5, 0.5000000000000001, 0.7071067811865475], [0.6645448977393748, -0.6645448977393746, 0.0]]
6	[[0.8787972042104137, -0.3840163418041313, 0.28327887866788265], [-0.395223040501579, -0.9183905790867732, -0.018907472103605397], [0.2674214316928388, -0.09534250611366366, -0.9588511794847616]]	0.8165331005610941	0.1834668994389061	[[0.71756700591835, -0.3135620542394563, 0.2313065811221562], [-0.32271269467393715, -0.7498963070678217, -0.015438576820529307], [0.21835845077664046, -0.07785031213225484, -0.7829337265613543]]	0.8521494140757345	0.24270982511516034	[[0.696075403493343, -0.31637826352966, 0.14921960808083196], [-0.3600495400652949, -0.8405070006285683, -0.025000622120779015], [0.13568843562795466, -0.05690367215754684, -0.8170844707837664]]	[[-0.05279111916595462, 0.010861037134237474, -0.09217632239603535], [-0.02326045767264409, -0.05790100676710029, -0.008888630846038387], [-0.09219458070039199, 0.024342388563723782, 0.0]]	0.47410484232801664	[[0.685495589770228, -0.6854955897702278, 0.0], [-0.7071067811865475, -0.7071067811865476, 0.0], [0.0, 0.0, -0.9694371599999998]]
6	[[0.034229894132735264, 0.2773841392786001, 0.9601491309293217], [-0.1827544195208179, -0.9427759796974285, 0.2788803941677556], [0.9825625356654255, -0.18501754344446375, 0.018422055382213542]]	0.8817132144415031	0.1182867855584972	[[0.03018094998576635, 0.24457326107842411, 0.8465761765749079], [-0.1611369866890913, -0.8312580395572571, 0.24589252878636522], [0.8663383717113561, -0.16313241295848857, 0.0162429696676709]]	0.9263846006455169	0.12404038139140053	[[0.010088774411110484, 0.2404851233839317, 0.8742316328588164], [-0.16412777483859745, -0.8273825578812241, 0.2526075950267045], [0.9080030265502654, -0.16313267390259886, 0.0]]	[[-0.0216212723951818, -0.016479271707074694, -0.015235736357283534], [0.005173105105398688, 0.04599059156896429, -0.005742907552256144], [-0.002227775661396314, 0.008264729193615261, -0.017065908418321483]]	0.3448745788672286	[[0.0, 0.0, 0.9845999999999999], [0.0, -1.0, 0.0], [0.9845999999999999, 0.0, 0.0]]
6	[[-0.3195682178843842, -0.5708200961323295, -0.7563336379995778], [0.910087742671785, 0.03735879733279218, -0.41272826520656647], [0.2638493031197415, -0.8202248094963509, 0.507557688474819]]	0.8088099079789745	0.19119009202102563	[[-0.25846994090007364, -0.46168494942533883, -0.6117301401518414], [0.736087983403159, 0.030216165432940832, -0.3338187102020448], [0.21340393057659457, -0.6634059526908154, 0.4105176873093393]]	0.8290565336584739	0.18600844405759415	[[-0.2889257041788, -0.5023229843088899, -0.6291891888722361], [0.7916918865352579, 0.006875709378629604, -0.30137026745146744], [0.18130946822435062, -0.6705810333909438, 0.4462738563566059]]	[[-0.023985585192156576, -0.02908085406682388, -0.0021458446630030943], [0.03717769727072248, -0.024096845639744582, 0.04080479744356366], [-0.03743652042830621, 0.009431703990782875, 0.02547983851796489]]	0.44034322143668553	[[-0.13342533742617377, -0.7776598557831234, -0.4555425966046484], [0.8535533905932738, 0.14644660940672602, -0.5], [0.4555425966046484, -0.4555425966046485, 0.6442345183569498]]
6	[[0.22433838825039393, -0.7661379269479729, -0.6022499185961573], [-0.9416906372873723, -0.011392912655017143, -0.3362869982418849], [0.2507808429735371, 0.642575192824231, -0.724020780340167]]	0.827456771796005	0.17254322820399512	[[0.18563031853158984, -0.6339460157828529, -0.49833577345598307], [-0.7792082947603317, -0.009427142726874362, -0.278262953962199], [0.20751030675516383, 0.5317031946905336, -0.599095897613499]]	0.8392669615052014	0.15480114263701403	[[0.17789367048404164, -0.7035290342072535, -0.4699880036791644], [-0.8567723466544258, -0.02096142712090976, -0.3211556865854695], [0.2459325316539009, 0.5038316740524239, -0.6577953775746105]]	[[-0.010386126971840668, -0.06053478416373409, 0.03546045556778737], [-0.06644250682035602, -0.011399731934239338, -0.03892111937729768], [0.03546045556778737, -0.035460455567787375, -0.05014865719189344]]	0.3196119394683442	[[0.13342533742617377, -0.7776598557831234, -0.4555425966046484], [-0.8535533905932738, 0.14644660940672602, -0.5], [0.4555425966046484, 0.4555425966046485, -0.6442345183569498]]
6	[[0.08740825448676931, -0.06334395238859675, -0.994156597696443], [0.7119981850616444, -0.6940087028176986, 0.10681996481098455], [-0.6967197295301035, -0.717174639895393, -0.015561310176609944]]	0.8972388628636842	0.10276113713631622	[[0.07842608286060841, -0.0568346558104359, -0.8919959352255853], [0.6388324419257169, -0.6226915793336524, 0.09584302375814653], [-0.6251240178582836, -0.6434769583744143, -0.01396221224753058]]	0.9461251166159305	0.08490753726835476	[[0.06877036134273594, -0.06285739906083146, -0.911984162888397], [0.6785434923766906, -0.6611556235637547, 0.1034848985774724], [-0.6561314608609576, -0.6749973996675747, 0.0]]	[[-0.01392878362675361, -0.0029260947202564246, 0.02861236404164677], [0.004904126504911618, -0.004536558677889178, 0.002419846913770036], [0.003052574489331183, 0.003539540137441892, 0.01472294640554175]]	0.13251162266194805	[[0.0, 0.0, -0.9545078277359997], [0.7071067811865475, -0.7071067811865476, 0.0], [-0.6749389576877665, -0.6749389576877663, 0.0]]
6	[[0.5319609947059123, -0.8460851799387872, 0.03402011756955908], [-0.703274286200726, -0.4190807785627857, 0.5742617690636116], [-0.47161719485230363, -0.3294103357928521, -0.8179645788128509]]	0.8272904929732501	0.17270950702675003	[[0.4400862735527946, -0.6999582256089201, 0.028144519835128452], [-0.5818121309264092, -0.3467015438928205, 0.4750813020243258], [-0.39016442162402354, -0.2725180390885525, -0.6766943196407402]]	0.8623376046984469	0.178865066476508	[[0.5206475322681529, -0.7135946765255468, 0.004949160458909842], [-0.5960510846577836, -0.39243439092604043, 0.5671109566380065], [-0.37425729214313064, -0.3686430446770425, -0.708932342882385]]	[[0.0619175623004533, 0.01601639091372154, -0.02438766623758328], [0.010408778750560446, -0.031045276165047556, 0.07190343823379894], [0.03243595000040559, -0.08458012474652328, -0.00357072726073726]]	0.31091221687548104	[[0.6543109063141883, -0.6543109063141882, 0.0], [-0.5, -0.5000000000000001, 0.7071067811865475], [-0.4626676788590782, -0.46266767885907834, -0.6543109063141883]]
6	[[-0.30792515101507295, 0.09349718223056193, 0.9468053539599837], [0.3027085282091916, -0.9338174967034747, 0.1906631317268273], [0.9019698710720718, 0.34531602882779927, 0.2592434992682147]]	0.8436320368776016	0.15636796312239842	[[-0.25977552235668905, 0.07887721828748527, 0.7987553292878795], [0.25537461223334124, -0.7877983568158956, 0.16084952617616577], [0.7609306795347598, 0.2913196647664808, 0.218706121334921]]	0.8541786672670079	0.2567368433427329	[[-0.2612004296371807, 0.08068077562091584, 0.7483297834216723], [0.24316221005188604, -0.8497647014850351, 0.1195378851701128], [0.6846287953921448, 0.2678876363433313, 0.18051965401626488]]	[[0.001822665474866419, 0.0008174771099938756, -0.060411151985133964], [-0.015404957144198646, -0.05211771668024757, -0.043322494585262515], [-0.0858146269951923, -0.027073948946733945, -0.04092061268629426]]	0.3791662892578253	[[-0.4555425966046484, -0.1334253374261736, 0.7776598557831235], [0.5, -0.8535533905932737, 0.14644660940672619], [0.6442345183569498, 0.4555425966046485, 0.4555425966046484]]
6	[[0.8592155572171323, 0.2624339665249735, -0.4391776855101157], [-0.4266000482917053, 0.8413623931712975, -0.33184593135155627], [0.2824199444684594, 0.4724804086637203, 0.8348660002631537]]	0.834129800058825	0.16587019994117494	[[0.7166973009489587, 0.2189039920261205, -0.3663311950048505], [-0.3558398129866452, 0.7018054447929889, -0.2768025803686082], [0.23557489181210053, 0.39410998881038095, 0.6963866098754157]]	0.8543384977166415	0.1840403688470767	[[0.7470950510665796, 0.1603721580840883, -0.3479285889900712], [-0.35684575522204237, 0.7562654520267376, -0.3856412461562301], [0.2724134810093174, 0.3964827768218802, 0.7239010005051549]]	[[0.013034122698927968, -0.06383528262667694, 0.027277815079312713], [0.007615089161339813, 0.037457169009493134, -0.10213249169196174], [0.031131249926916446, -0.007175425716427403, 0.010642836045631003]]	0.43097833964501886	[[0.7898231320161726, -0.13551222570198418, -0.4626676788590782], [-0.14644660940672619, 0.8535533905932737, -0.5], [0.4626676788590782, 0.46266767885907834, 0.6543109063141883]]
6	[[0.8489524140446696, -0.5135124485683378, 0.12483895166604869], [0.522794976890395, 0.7815435453534784, -0.34040431673891397], [0.0772347773085365, 0.35425224329800037, 0.9319550081910795]]	0.855509972617729	0.1444900273822711	[[0.7262872564931101, -0.4393150208135616, 0.10680096812144729], [0.44725631636418806, 0.668618297084917, -0.291219287692265], [0.06607512222036246, 0.30306632696364133, 0.7972968035385057]]	0.9080623509332078	0.1511343759666999	[[0.7632168838572579, -0.473914694698137, 0.05491079536624069], [0.5002883380739849, 0.6735545919599868, -0.28782059339063426], [0.021215706465467, 0.2873558381572009, 0.8462732557019688]]	[[-0.007684841070566696, -0.007613373417704359, -0.05845075657166859], [0.025557902302820856, -0.03613567719036683, 0.021287750735116167], [-0.04891828699112542, -0.03432728671534401, 0.0]]	0.4318044402378581	[[0.6962173367562747, -0.6962173367562746, 0.0], [0.7071067811865475, 0.7071067811865476, 0.0], [0.0, 0.0, 0.9845999999999999]]
6	[[-0.8305561570912853, 0.32773595720904825, 0.4502950280316503], [-0.5100865793185324, -0.772219296347621, -0.37879947194723407], [0.22358030216652452, -0.5443036842615101, 0.808545204538665]]	0.8334818673065475	0.16651813269345264	[[-0.6922534967153949, 0.2731619775980963, 0.375312740802674], [-0.4251479146184197, -0.6436307810899632, -0.31572249121331475], [0.186350127742717, -0.45366725114011675, 0.6739077668806408]]	0.8379511909645532	0.1579003403600195	[[-0.7010271705010416, 0.2796883851686864, 0.38197991193974584], [-0.43528449969327826, -0.6679046802924796, -0.31741546865492876], [0.1941006412641722, -0.45103827096987, 0.6846796704676198]]	[[-0.005061649503456497, 0.0050616495034565044, 0.004654656915207532], [-0.007856843058278976, -0.020822601232181222, 2.1974262109363986e-18], [0.006751260787518257, 0.005061649503456499, 0.007158253375767223]]	0.39340790967915623	[[-0.6543109063141883, 0.46266767885907834, 0.4626676788590782], [-0.7071067811865475, -0.5000000000000001, -0.5], [0.0, -0.6543109063141882, 0.6543109063141883]]
6	[[0.04673222253661188, -0.9725397674033924, -0.22799671093185395], [-0.8377629715199755, -0.16246744520517667, 0.5213036857710898], [-0.5440306084466285, 0.16664552219444034, -0.8223502702654952]]	0.7987363958898349	0.20126360411016508	[[0.03732672700081516, -0.7768029086753239, -0.18210927116444559], [-0.6691517764818238, -0.1297686616326121, 0.4163842271368872], [-0.4345370474444142, 0.13310584378876675, -0.6568410910308934]]	0.8221779245110102	0.20327016945558996	[[-0.03219079149818778, -0.7996007274681419, -0.28981689610605216], [-0.7989916708429746, -0.13877112769886008, 0.506108652872188], [-0.45202211552331395, 0.26666403812254424, -0.6761182384279532]]	[[-0.07061299323112602, 7.839617092289642e-18, -0.10236303351676374], [-0.11020144968650475, -0.005193980799461573, 0.07750427046497353], [-0.004732159000202817, 0.1296517685556658, 0.0]]	0.3488933034307102	[[-1.8191953448116183e-16, -0.911085193209297, 0.0], [-0.7071067811865476, 1.3401577416544657e-16, 0.7071067811865475], [-0.6442345183569497, 1.0115077588960209e-16, -0.6442345183569498]]
