6	[[-0.8305561570912853, 0.32773595720904825, 0.4502950280316503], [-0.5100865793185324, -0.772219296347621, -0.37879947194723407], [0.22358030216652452, -0.5443036842615101, 0.808545204538665]]	0.5038078189312212	0.4961921810687788	[[-0.4184406860040572, 0.1651159377868267, 0.22686215594819878], [-0.2569856069925571, -0.38905011942949735, -0.1908421357740343], [0.11264150439050014, -0.2742244520040194, 0.4073513960059229]]	0.70489042411879	0.450058785395708	[[-0.4798430196993413, 0.15873581441431714, 0.24780686245891329], [-0.4365585319060866, -0.6698823238697507, -0.26826995876069554], [0.14451082522092978, -0.34134835990624673, 0.4460682886384339]]	[[0.10560806212720725, -0.07228212346174646, -0.06960179082889908], [-0.07700338667294351, -0.12555233655456238, -0.0012578383238360594], [-0.013088788797838868, 0.042326094942269035, -0.12386748350803953]]	0.5768668449132918	[[-0.4259573469647643, 0.30119732853501585, 0.3011973285350158], [-0.7071067811865475, -0.5000000000000001, -0.5], [0.0, -0.4259573469647642, 0.4259573469647643]]
6	[[0.08740825448676931, -0.06334395238859675, -0.994156597696443], [0.7119981850616444, -0.6940087028176986, 0.10681996481098455], [-0.6967197295301035, -0.717174639895393, -0.015561310176609944]]	0.5863667203793661	0.41363327962063384	[[0.05125329151749193, -0.03714278561796819, -0.5829403437347724], [0.4174920406906574, -0.40694360698595206, 0.0626356724372563], [-0.4085332628281658, -0.4205273415347146, -0.009124634413064827]]	0.8238281261515137	0.29645630102255066	[[0.04581557869198442, -0.045815578691984424, -0.7011737046482429], [0.6786006404244664, -0.6636094488488461, 0.0971903811521807], [-0.5036850001487758, -0.5147496702738237, 0.0]]	[[-0.026193799812025385, 0.006368950907343935, 0.11784046233318189], [0.09203650980185331, -0.09186555967369878, 0.009189089706376692], [0.07029230908279883, 0.07607896943458439, 0.012819845003259049]]	0.2965714116494627	[[0.0, 0.0, -0.7377830386559999], [0.7071067811865475, -0.7071067811865476, 0.0], [-0.5216913896780743, -0.5216913896780743, 0.0]]
6	[[-0.30792515101507295, 0.09349718223056193, 0.9468053539599837], [0.3027085282091916, -0.9338174967034747, 0.1906631317268273], [0.9019698710720718, 0.34531602882779927, 0.2592434992682147]]	0.5758427370223245	0.42415726297767564	[[-0.1773164617585322, 0.05383967331952183, 0.5452109864517077], [0.1743125074039804, -0.5377320231810644, 0.10979197962282422], [0.5193927992698149, 0.1988477271778798, 0.1492834861738537]]	0.7858824823539102	0.3197811579323701	[[-0.17331999390065975, 0.06686515010277755, 0.7069138402533086], [0.26115536385833915, -0.838736182151335, 0.12816993231197232], [0.6492416850354268, 0.2337945014237578, 0.1064548437978822]]	[[0.06867298815826844, -0.006612647561672352, -0.03716390162273582], [0.023262034279601003, -0.10486536977649398, -0.021668882942877304], [-0.05960063625112943, -0.03758331650802742, -0.09728008094113647]]	0.48689413510274526	[[0.0, 0.0, 0.9036], [0.0, -1.0, 0.0], [0.9036, 0.0, 0.0]]
6	[[-0.42203838922340475, -0.825029846081567, 0.3757783270710803], [0.2588054115689476, 0.28760896992378115, 0.9221175843470338], [-0.8688517462515349, 0.4864224845687207, 0.09214016247897017]]	0.5051994678783802	0.49480053212161984	[[-0.21321356965991276, -0.4168046392241896, 0.1898430108765376], [0.13074835620867747, 0.14529989856254336, 0.4658533129334189], [-0.4389434398714769, 0.24574038036819734, 0.04654916105460323]]	0.7179493592738986	0.43938462383778504	[[-0.205443229849202, -0.46411101636204544, 0.25076968701971913], [0.27017612029891724, 0.23559367646276203, 0.8274099757012977], [-0.5341367395518304, 0.26823470551227385, 0.022305896438200704]]	[[0.09755896128272966, 0.12821863301405872, -0.01902012212998048], [0.08436694088637377, 0.02910500078455734, 0.16537624684414964], [0.08965481497346679, -0.08099200562025698, -0.04384607417696884]]	0.597494878131109	[[-0.3333303768647807, -0.33333037686478073, 0.4714003397131079], [0.5, 0.5000000000000001, 0.7071067811865475], [-0.4714003397131079, 0.4714003397131078, 0.0]]
6	[[0.8489524140446696, -0.5135124485683378, 0.12483895166604869], [0.522794976890395, 0.7815435453534784, -0.34040431673891397], [0.0772347773085365, 0.35425224329800037, 0.9319550081910795]]	0.6514588592973866	0.34854114070261355	[[0.5530575712513031, -0.33453223397933723, 0.08132744104824567], [0.3405794192914203, 0.5091434665472122, -0.22175940788263912], [0.05031527992350685, 0.2307807623224556, 0.6071303465526473]]	0.8095252213179007	0.2873398931424937	[[0.634481457392782, -0.39221456851647407, 0.05231778521845095], [0.47655755960983265, 0.6243155068658952, -0.2648424902464804], [0.024087737237865378, 0.22362634519985589, 0.7018959848998488]]	[[-0.05276693347509538, 0.023486710060306747, -0.04874249475810182], [0.05334184023874876, -0.008363704655956289, 0.010723389599157685], [-0.03843576295626643, -0.06314978045832068, -0.05254509936436075]]	0.46094142166737356	[[0.6389416874801643, -0.6389416874801642, 0.0], [0.7071067811865475, 0.7071067811865476, 0.0], [0.0, 0.0, 0.9036]]
6	[[0.8592155572171323, 0.2624339665249735, -0.4391776855101157], [-0.4266000482917053, 0.8413623931712975, -0.33184593135155627], [0.2824199444684594, 0.4724804086637203, 0.8348660002631537]]	0.509428074375694	0.49057192562430607	[[0.4377085267867626, 0.13369123021759263, -0.2237294426381924], [-0.21732204112982148, 0.42861362380537965, -0.16905163379783206], [0.14387264847585776, 0.24069478476580006, 0.4253041788757961]]	0.726994779796475	0.4776150511284099	[[0.441216773686557, 0.17448029297319514, -0.2809892276813519], [-0.3489185333073068, 0.7495812318322459, -0.25564585307604915], [0.2333694782659348, 0.3035754191777611, 0.4353635709917765]]	[[-0.1834284511302178, -0.01630783073174346, 0.03829065708760026], [-0.03878252513831297, 0.13791516407964333, -0.014395593286768333], [0.028051652926954426, -0.03991537147686876, -0.17157965302909883]]	0.5837547437876757	[[0.514176002017398, -0.08821865505263371, -0.3011973285350158], [-0.14644660940672619, 0.8535533905932737, -0.5], [0.3011973285350158, 0.30119732853501585, 0.4259573469647643]]
6	[[0.8787972042104137, -0.3840163418041313, 0.28327887866788265], [-0.395223040501579, -0.9183905790867732, -0.018907472103605397], [0.2674214316928388, -0.09534250611366366, -0.9588511794847616]]	0.5650727775294759	0.4349272224705242	[[0.49658437706831643, -0.2169971808799691, 0.16007318278429586], [-0.22332978123987182, -0.5189575153814667, -0.010684097777645361], [0.15111257117758145, -0.053875454746268966, -0.5418206992288683]]	0.7832560872170945	0.3777044628307762	[[0.5425823676174251, -0.2281833778576541, 0.22080698783651032], [-0.34556920684736475, -0.8463561476005226, -0.025359865390703548], [0.19845128262170292, -0.0746775982840601, -0.6285222486342699]]	[[-0.14574089200974566, 0.0725997594512722, -0.001072918260141509], [-0.03600835456605468, -0.12702113608797505, -0.010550472771667214], [-0.011008181604023507, 0.0, 0.12250377443246047]]	0.5163402415573559	[[0.9036, 0.0, 0.0], [0.0, -1.0, 0.0], [0.0, 0.0, -0.9036]]
6	[[0.04673222253661188, -0.9725397674033924, -0.22799671093185395], [-0.8377629715199755, -0.16246744520517667, 0.5213036857710898], [-0.5440306084466285, 0.16664552219444034, -0.8223502702654952]]	0.5097473214449432	0.4902526785550567	[[0.023821625263206886, -0.4957495414325673, -0.11622071269576956], [-0.4270474307380637, -0.08281734501534192, 0.2657331574811893], [-0.27731814543973154, 0.08494710856940979, -0.4191908475573613]]	0.683433159974967	0.4882451621732295	[[0.0027226035695985034, -0.6785032635628094, -0.10116093355660205], [-0.6686856264858788, -0.14632299522177453, 0.2797397139431879], [-0.23289571074424587, 0.010281596190154221, -0.4904015658240682]]	[[-0.029215746951251426, -0.013837337124989357, 0.054659579059454046], [-0.09613063154996364, -0.03528735575214095, -0.0765365113299453], [0.1389128471095375, -0.10360947963887066, 0.07161987798974737]]	0.5265873388869141	[[-0.07971437670555992, -0.4646094354229208, -0.2721619060642403], [-0.8535533905932738, -0.14644660940672602, 0.5], [-0.2721619060642403, 0.27216190606424034, -0.384895058717361]]
6	[[-0.5446221603179724, 0.8109226453022452, -0.2139887049042392], [-0.8354447797583356, -0.5021691245819775, 0.22328947644507607], [0.07361197229480154, 0.30038414347728, 0.9509735242804028]]	0.5647286083811145	0.4352713916188855	[[-0.3075637146898849, 0.457951216986269, -0.12084554352984797], [-0.4717995678521915, -0.28358927089714264, 0.12609795529897547], [0.04157078667423243, 0.16963551932567733, 0.5370419549741559]]	0.747661627146195	0.35327942687045644	[[-0.4205484110971783, 0.5738279110603095, -0.07555689229851519], [-0.7296959673856882, -0.3857573430070114, 0.11051810935579764], [0.06621577598925175, 0.08301920239316557, 0.6848999806298025]]	[[-0.013355320533967218, -0.0324678334160639, 0.08443425100109529], [-0.10506596396077653, -0.010304758219469868, -0.05642686392774996], [0.011178929005879822, -0.1415664950879737, -0.026106431906635006]]	0.4493559980643818	[[-0.5773477088070765, 0.5773477088070764, 0.0], [-0.7071067811865475, -0.7071067811865476, 0.0], [0.0, 0.0, 0.8164929599999999]]
6	[[0.3802729664721569, 0.7767473726770865, -0.5020517802076895], [0.4287143634067757, 0.332951791095048, 0.839849450446521], [0.8195098935212374, -0.5346088512602871, -0.20639019011321075]]	0.5203623362621363	0.4796376637378639	[[0.19787972925078462, 0.40419007753172503, -0.2612488372734379], [0.22308680773148437, 0.17325557187688195, 0.437026022142823], [0.4264420827826457, -0.27819031082821993, -0.10739768150889682]]	0.7257673639125465	0.429539633026966	[[0.2848209099737788, 0.39664654405462585, -0.3311836610290302], [0.42077408199925853, 0.3162248365391043, 0.7002039604421235], [0.5055122667616803, -0.36960266378024254, -0.033194929952121775]]	[[0.008831201530077262, -0.1670913490392195, 0.033189136039905795], [0.10962718859807749, 0.0745792928060905, 0.09066863870815112], [-0.08926126835948002, 0.01839899292325069, 0.11659633426375249]]	0.4877427219282493	[[0.3333303768647807, 0.33333037686478073, -0.4714003397131079], [0.5, 0.5000000000000001, 0.7071067811865475], [0.4714003397131079, -0.4714003397131078, 0.0]]
6	[[0.034229894132735264, 0.2773841392786001, 0.9601491309293217], [-0.1827544195208179, -0.9427759796974285, 0.2788803941677556], [0.9825625356654255, -0.18501754344446375, 0.018422055382213542]]	0.7291100454912022	0.2708899545087978	[[0.024957359668277643, 0.2022435624079581, 0.700054376530216], [-0.13324808313054182, -0.6873874374452049, 0.2033344968782567], [0.7163962150769695, -0.13489814951746346, 0.01343170563776716]]	0.8579444210239637	0.21833092855803263	[[0.009245051208771098, 0.20575733705188332, 0.7636760826687833], [-0.16924983422725695, -0.8228617279257872, 0.25839978462964314], [0.7920713922179674, -0.14103442122596757, 0.0]]	[[-0.02012229549465003, -0.03222283772272575, -0.060078507563035746], [-0.012456699581898262, -0.014012335868976676, 0.019135906320453266], [-0.050912653563344026, 0.01770034796376896, -0.01580509963896459]]	0.3818184704074585	[[0.0, 0.0, 0.9036], [0.0, -1.0, 0.0], [0.9036, 0.0, 0.0]]
6	[[-0.3195682178843842, -0.5708200961323295, -0.7563336379995778], [0.910087742671785, 0.03735879733279218, -0.41272826520656647], [0.2638493031197415, -0.8202248094963509, 0.507557688474819]]	0.4782173396183179	0.5217826603816821	[[-0.15282306298323717, -0.2729760677730751, -0.36169186022800187], [0.4352197391197413, 0.017865624671827784, -0.19737381297236772], [0.12617731179806993, -0.39224572628628657, 0.24272288748525095]]	0.6655031435560693	0.524361203825812	[[-0.22807778731294379, -0.3585681191613494, -0.357457328693232], [0.7783747293072406, 0.011388190311927365, -0.22634241357084542], [0.15089360403210797, -0.357457328693232, 0.302147427910309]]	[[-0.015404133730275233, 0.021314449219693627, 0.1458850849726851], [0.17270847564732056, -0.013474206752520024, 0.04832954435856761], [-0.02469893661915822, 0.18840486044926766, -0.035633809305735106]]	0.5783889479276119	[[-0.07971437670555992, -0.4646094354229208, -0.2721619060642403], [0.8535533905932738, 0.14644660940672602, -0.5], [0.2721619060642403, -0.27216190606424034, 0.384895058717361]]
6	[[0.5319609947059123, -0.8460851799387872, 0.03402011756955908], [-0.703274286200726, -0.4190807785627857, 0.5742617690636116], [-0.47161719485230363, -0.3294103357928521, -0.8179645788128509]]	0.5408720977294524	0.4591279022705476	[[0.287722859116833, -0.4576238661312931, 0.018400532354850018], [-0.38038143845656996, -0.22666909981934608, 0.31060216767926196], [-0.2550845815050454, -0.17816885933404325, -0.44241421761089467]]	0.6927049969889186	0.4996843836323787	[[0.41561996013639313, -0.5264000869511967, 0.0805021324214979], [-0.5329296752318715, -0.33566449502864304, 0.32803353852014816], [-0.23501030592664107, -0.11246998657006613, -0.47678672405431666]]	[[0.047127920900412026, 0.05968734507066967, 0.0569362269829138], [-0.04576806292681387, -0.04536514557619497, -0.06976045848991208], [0.09168128161344616, 0.11571419909344016, 0.08982142704928121]]	0.50980579906771	[[0.4259573469647643, -0.4259573469647642, 0.0], [-0.5, -0.5000000000000001, 0.7071067811865475], [-0.3011973285350158, -0.30119732853501585, -0.4259573469647643]]
6	[[0.22433838825039393, -0.7661379269479729, -0.6022499185961573], [-0.9416906372873723, -0.011392912655017143, -0.3362869982418849], [0.2507808429735371, 0.642575192824231, -0.724020780340167]]	0.4595535706271688	0.5404464293728313	[[0.10309550734921263, -0.352081419921838, -0.2767661005007858], [-0.43275729479158603, -0.005235653690456553, -0.15454189079755054], [0.11524723183338026, 0.2952977242588168, -0.3327263348135928]]	0.6720972176073727	0.520338684907405	[[0.1638395903604089, -0.4079658328664676, -0.30988094660551113], [-0.824406039133016, 0.05316647192339147, -0.1976162346011811], [0.1317429879084213, 0.30988094660551113, -0.34408742533897985]]	[[0.013062383814796578, 0.10695333613874555, 0.09488954798723284], [-0.19149838196525934, 0.06082361681927229, 0.028401321234725177], [-0.03680611888332447, -0.12199205259517557, 0.1425249266175652]]	0.5517314729790833	[[0.07971437670555992, -0.4646094354229208, -0.2721619060642403], [-0.8535533905932738, 0.14644660940672602, -0.5], [0.2721619060642403, 0.27216190606424034, -0.384895058717361]]
