6	[[0.034229894132735264, 0.2773841392786001, 0.9601491309293217], [-0.1827544195208179, -0.9427759796974285, 0.2788803941677556], [0.9825625356654255, -0.18501754344446375, 0.018422055382213542]]	0.8843414847976927	0.11565851520230741	[[0.030270915401810924, 0.2453023015889672, 0.8490997080732505], [-0.16161731471238058, -0.8337359097172232, 0.2466255018592788], [0.8689208116969482, -0.16361868908329874, 0.01629138780973205]]	0.9282196131599354	0.12357580196197493	[[0.010552718354274706, 0.24129018499453483, 0.8776112066144313], [-0.1639037049758713, -0.8275708951520422, 0.25237697849592067], [0.9114770046257821, -0.1639019951971881, 0.0]]	[[-0.021220140736118366, -0.016183213463349007, -0.013618048272631893], [0.0057325316150107905, 0.047532260019183925, -0.006485273096363658], [-0.0005568121350246255, 0.007834917406633616, -0.017099713120489163]]	0.34385373562118493	[[0.0, 0.0, 0.9870000000000001], [0.0, -1.0, 0.0], [0.9870000000000001, 0.0, 0.0]]
6	[[-0.5446221603179724, 0.8109226453022452, -0.2139887049042392], [-0.8354447797583356, -0.5021691245819775, 0.22328947644507607], [0.07361197229480154, 0.30038414347728, 0.9509735242804028]]	0.8444692961892959	0.1555307038107041	[[-0.4599166924128121, 0.6847992755423491, -0.18070689102294182], [-0.7055074651675431, -0.4240664072037374, 0.18856110702004975], [0.062163050434897005, 0.25366518622868306, 0.8030679427437261]]	0.8584147522792726	0.14920327984279638	[[-0.4676236100848339, 0.6959960484351, -0.1581672009498937], [-0.735569899595728, -0.44971092208463653, 0.19167498060916843], [0.08123769756416008, 0.23980608550974136, 0.8164879715048144]]	[[-0.00011191324967930022, -0.00011191324967930021, 0.02552386016104118], [-0.018411775936464904, -0.01864153740429913, 0.0], [0.018048094601929382, -0.018048094601929382, 0.0001582692355057128]]	0.3874705592097774	[[-0.688841505921718, 0.6888415059217179, 0.0], [-0.7071067811865475, -0.7071067811865476, 0.0], [0.0, 0.0, 0.9741690000000002]]
6	[[0.08740825448676931, -0.06334395238859675, -0.994156597696443], [0.7119981850616444, -0.6940087028176986, 0.10681996481098455], [-0.6967197295301035, -0.717174639895393, -0.015561310176609944]]	0.9112213385389785	0.08877866146102158	[[0.0796482666527896, -0.057720361083886444, -0.9058967056703097], [0.648787939229195, -0.6323955391392432, 0.09733663131775191], [-0.6348658845289362, -0.65350483533169, -0.01417979788855074]]	0.9512506769220888	0.0757512946539972	[[0.06305350488459599, -0.063053504884596, -0.9229079310758296], [0.6795857351879832, -0.6699676796799168, 0.093962728498992], [-0.6694642667863974, -0.6787120733529236, 0.0]]	[[-0.020093656364521505, -0.0027975272960227933, 0.022784205449472496], [0.0022969796807953986, -0.009791431334760198, -0.007649835336250738], [-0.006709152445911826, 0.0035007883189241504, 0.014802706839294797]]	0.12856356484413306	[[0.0, 0.0, -0.9615048030000003], [0.7071067811865475, -0.7071067811865476, 0.0], [-0.6798865663447358, -0.6798865663447357, 0.0]]
6	[[0.04673222253661188, -0.9725397674033924, -0.22799671093185395], [-0.8377629715199755, -0.16246744520517667, 0.5213036857710898], [-0.5440306084466285, 0.16664552219444034, -0.8223502702654952]]	0.814291939406342	0.18570806059365808	[[0.03805367212210653, -0.791931293348701, -0.18565588392296647], [-0.6821836348418209, -0.13229593104651696, 0.42449338930621505], [-0.44299973924841746, 0.13569810546109343, -0.6696331964458196]]	0.8370966584491013	0.18501443936919804	[[-0.02450859582469856, -0.8141097895022459, -0.2795820080211795], [-0.7965859575090292, -0.13763337249234894, 0.5052064182999183], [-0.4569153600471252, 0.25395559377867566, -0.6883866633139614]]	[[-0.06362798315199619, 7.06412519058077e-18, -0.08872672316273883], [-0.09529737347726827, -0.0016324170043329914, 0.06882484490373883], [-0.001509155622421003, 0.11445718400420406, 0.0]]	0.34330427920243817	[[-1.8459641541032401e-16, -0.9244914861920693, 0.0], [-0.7071067811865476, 1.3401577416544657e-16, 0.7071067811865475], [-0.6537141990356417, 1.0263917340403654e-16, -0.6537141990356418]]
6	[[0.8592155572171323, 0.2624339665249735, -0.4391776855101157], [-0.4266000482917053, 0.8413623931712975, -0.33184593135155627], [0.2824199444684594, 0.4724804086637203, 0.8348660002631537]]	0.8472569991522425	0.15274300084775772	[[0.7279763946327095, 0.222349014953569, -0.37209636791992795], [-0.3614398767538319, 0.7128501764378625, -0.2811587879778006], [0.2392822746510899, 0.4003123332026488, 0.7073460620771947]]	0.8616995982096385	0.17739640557992062	[[0.75271473889155, 0.15023477764458248, -0.3579331667790318], [-0.3576855844366403, 0.7555150990245697, -0.3837515983290819], [0.28944186483712486, 0.39841823160540957, 0.7324156607235223]]	[[0.012329038462076456, -0.07590446586654892, 0.020506068367673845], [0.009915505772534468, 0.030513462880162826, -0.09780009261594255], [0.046080712162264996, -0.008717946702044024, 0.013011963737874738]]	0.4277942084643902	[[0.7994962944415963, -0.13717187799211122, -0.46833408621685363], [-0.14644660940672619, 0.8535533905932737, -0.5], [0.46833408621685363, 0.46833408621685374, 0.662324416449485]]
6	[[0.5319609947059123, -0.8460851799387872, 0.03402011756955908], [-0.703274286200726, -0.4190807785627857, 0.5742617690636116], [-0.47161719485230363, -0.3294103357928521, -0.8179645788128509]]	0.8410458699522613	0.15895413004773873	[[0.44740359757310433, -0.7115964462153328, 0.028612479377168036], [-0.5914859338527452, -0.35246615798660913, 0.48298048914242975], [-0.3966516939290009, -0.27704920243816583, -0.6879457307777892]]	0.8701025482063457	0.17075836759633609	[[0.5239260830087369, -0.7206720033958999, 0.004972432787565031], [-0.5936409178943372, -0.3903492261403083, 0.5695070139801165], [-0.3808052644949515, -0.37047168613598386, -0.715699570608335]]	[[0.06106546596874017, 0.015508867668463211, -0.0246285581999878], [0.018279830616913628, -0.02570597280852908, 0.06984038538038402], [0.02955005852396651, -0.08385091355711521, -0.003986506240743114]]	0.30596883548301107	[[0.662324416449485, -0.6623244164494849, 0.0], [-0.5, -0.5000000000000001, 0.7071067811865475], [-0.46833408621685363, -0.46833408621685374, -0.662324416449485]]
6	[[0.8787972042104137, -0.3840163418041313, 0.28327887866788265], [-0.395223040501579, -0.9183905790867732, -0.018907472103605397], [0.2674214316928388, -0.09534250611366366, -0.9588511794847616]]	0.8256915576295945	0.17430844237040558	[[0.7256154323850293, -0.317079051419472, 0.23390097857084896], [-0.32633232792285327, -0.7583073477585031, -0.01561174009206403], [0.22080761847799624, -0.07872350238130006, -0.7917153239237466]]	0.8542220006048615	0.2403449404717203	[[0.6975349302463859, -0.317526328037798, 0.15095449335166636], [-0.360291137433805, -0.8405108444161996, -0.024749745028038655], [0.13709568253790133, -0.05756856338917382, -0.8190717728218042]]	[[-0.05315297566019271, 0.010508879723087314, -0.0910285571131142], [-0.02268292109140989, -0.05600140661203906, -0.008598566381316237], [-0.09134158784737167, 0.023875102925921203, 0.0]]	0.47312346172969394	[[0.688841505921718, -0.6888415059217179, 0.0], [-0.7071067811865475, -0.7071067811865476, 0.0], [0.0, 0.0, -0.9741690000000002]]
6	[[-0.42203838922340475, -0.825029846081567, 0.3757783270710803], [0.2588054115689476, 0.28760896992378115, 0.9221175843470338], [-0.8688517462515349, 0.4864224845687207, 0.09214016247897017]]	0.8039586217628597	0.1960413782371404	[[-0.33930140173106577, -0.6632898579689608, 0.3021102259204187], [0.20806884198974068, 0.23122571106655884, 0.7413443822149388], [-0.6985208524326381, 0.3910635502883346, 0.07407687803559881]]	0.8668813232136526	0.21950038950592876	[[-0.2893588941905773, -0.6596463463704231, 0.33770677999721077], [0.2516263809539542, 0.22842046239462738, 0.8310014793208902], [-0.7666022204646357, 0.3871927342327629, 0.022022538324833012]]	[[0.07649830310636634, 0.055556618291522086, 0.011951566590819925], [0.02727280331821088, -0.02090238202101575, 0.03163496764355672], [-0.01341086899761226, -0.03447783283104233, -0.05785204764605758]]	0.48709882335033605	[[-0.47450262028050005, -0.47450262028050016, 0.6710480409822542], [0.5, 0.5000000000000001, 0.7071067811865475], [-0.6710480409822542, 0.6710480409822541, 0.0]]
6	[[0.8489524140446696, -0.5135124485683378, 0.12483895166604869], [0.522794976890395, 0.7815435453534784, -0.34040431673891397], [0.0772347773085365, 0.35425224329800037, 0.9319550081910795]]	0.8637088693124154	0.13629113068758467	[[0.7332477296345671, -0.4435252563308088, 0.1078245097896302], [0.4515426583722133, 0.6750260918756693, -0.29401022751963274], [0.06670836218075228, 0.3059708045103026, 0.80493780637476]]	0.9115649670128677	0.1468789012135178	[[0.7671387295627217, -0.47599094224366895, 0.05457182716191043], [0.49955346038427906, 0.673225747440624, -0.28934937197889754], [0.02305305406190642, 0.290118128784538, 0.8495375362991779]]	[[-0.006736549741402115, -0.00789098400377524, -0.05922698769547222], [0.02299187452069317, -0.03920196869863908, 0.020951277780248335], [-0.04735146316759584, -0.03280580569163801, 0.0]]	0.4310393321876722	[[0.6979143930311226, -0.6979143930311225, 0.0], [0.7071067811865475, 0.7071067811865476, 0.0], [0.0, 0.0, 0.9870000000000001]]
6	[[-0.30792515101507295, 0.09349718223056193, 0.9468053539599837], [0.3027085282091916, -0.9338174967034747, 0.1906631317268273], [0.9019698710720718, 0.34531602882779927, 0.2592434992682147]]	0.8551907476754796	0.14480925232452047	[[-0.26333474012466523, 0.07995792517730482, 0.8096991785561855], [0.2588735325669626, -0.7985920831982892, 0.16305334617561396], [0.7713562884228811, 0.2953110728775732, 0.22170264196919218]]	0.8595241703333387	0.13850709438713155	[[-0.2511820645265657, 0.07804907682308002, 0.8217026146229088], [0.26268830626685324, -0.8172273187550612, 0.15533376042902072], [0.7831654333921818, 0.3047080014743082, 0.21165301936053957]]	[[0.013487045424432905, -0.0023140111621486937, 0.007900528293290798], [0.00250300970502171, -0.014588609658251497, -0.008545809681636604], [0.007900528293290798, 0.0079005282932908, -0.011173034262284212]]	0.37628649723180746	[[-0.46224574309603456, -0.13538864357821379, 0.7891028426138555], [0.5, -0.8535533905932737, 0.14644660940672619], [0.6537141990356418, 0.46224574309603467, 0.46224574309603456]]
6	[[0.22433838825039393, -0.7661379269479729, -0.6022499185961573], [-0.9416906372873723, -0.011392912655017143, -0.3362869982418849], [0.2507808429735371, 0.642575192824231, -0.724020780340167]]	0.8466794900075555	0.15332050999244454	[[0.18994271215296055, -0.6486732692637555, -0.5099126539340864], [-0.7973101485233625, -0.009646145476450572, -0.2847273041676109], [0.21233099623249926, 0.5440552365519266, -0.613013545053285]]	0.8581547670236309	0.1368811391975755	[[0.17973971155588983, -0.7112339441396309, -0.48783814072409276], [-0.8649185573840232, -0.01568045328148146, -0.32457709025980075], [0.24722612839579616, 0.5194116123733921, -0.6666012582379366]]	[[-0.012777345747583883, -0.05376902993162563, 0.028985497858793268], [-0.05680224793434344, -0.005903570976294609, -0.03599079963045979], [0.03201735251985068, -0.03201735251985069, -0.04527937416485324]]	0.31402932977934017	[[0.13538864357821395, -0.7891028426138554, -0.46224574309603456], [-0.8535533905932738, 0.14644660940672602, -0.5], [0.46224574309603456, 0.46224574309603467, -0.6537141990356418]]
6	[[0.3802729664721569, 0.7767473726770865, -0.5020517802076895], [0.4287143634067757, 0.332951791095048, 0.839849450446521], [0.8195098935212374, -0.5346088512602871, -0.20639019011321075]]	0.8278238273884234	0.17217617261157672	[[0.31479902255733055, 0.6430099829634478, -0.41561042623870104], [0.3548999651717885, 0.2756254260401334, 0.6952473864987031], [0.67840981663743, -0.44256194540601923, -0.17085471711494243]]	0.8697126638554431	0.21713543098281676	[[0.3430753007161957, 0.6306173635729667, -0.43664079115779697], [0.405074570568025, 0.30165237011524987, 0.7198739322557], [0.681543631990122, -0.44788631240933524, -0.08652212663637893]]	[[0.01234708605348447, -0.044929663060738964, 2.8203327009714725e-18], [0.03221625953642769, 0.012079980946534681, -0.010553770529673783], [-0.031194500560123885, 0.01706977574094744, 0.09297803540061295]]	0.37160929267280723	[[0.47450262028050005, 0.47450262028050016, -0.6710480409822542], [0.5, 0.5000000000000001, 0.7071067811865475], [0.6710480409822542, -0.6710480409822541, 0.0]]
6	[[-0.8305561570912853, 0.32773595720904825, 0.4502950280316503], [-0.5100865793185324, -0.772219296347621, -0.37879947194723407], [0.22358030216652452, -0.5443036842615101, 0.808545204538665]]	0.8508664937210091	0.14913350627899088	[[-0.7066924052226576, 0.2788595447767616, 0.3831409516412938], [-0.434015579238903, -0.6570555250670052, -0.3223077785191128], [0.19023698776951448, -0.46312976734701833, 0.6879640232007499]]	0.8524197423093162	0.1452600479697883	[[-0.7094464119915889, 0.2808325467800535, 0.39060784863096965], [-0.4370472995828712, -0.6700540472318388, -0.3228961482641664], [0.19795812696363352, -0.46251125968578843, 0.6912902280210435]]	[[-0.0014639465904195332, 0.001463946590419537, 0.006767476873064001], [-0.0022394290847271574, -0.011799073632918313, 2.2575739502744088e-18], [0.007373863405405622, 0.0014639465904195336, 0.002070333122761155]]	0.3883344485572776	[[-0.662324416449485, 0.46833408621685374, 0.46833408621685363], [-0.7071067811865475, -0.5000000000000001, -0.5], [0.0, -0.6623244164494849, 0.662324416449485]]
6	[[-0.3195682178843842, -0.5708200961323295, -0.7563336379995778], [0.910087742671785, 0.03735879733279218, -0.41272826520656647], [0.2638493031197415, -0.8202248094963509, 0.507557688474819]]	0.8217538661889621	0.17824613381103788	[[-0.26260641855760936, -0.4690736208950968, -0.621520091154916], [0.7478681211117246, 0.030699736144391858, -0.33916104761895927], [0.21681918492991087, -0.6740229083477313, 0.4170874928181153]]	0.8353550247335179	0.18213039940943662	[[-0.2848081385131475, -0.5112685712194054, -0.6373976970880778], [0.7971548732686067, 0.006456434570320507, -0.2942530752115717], [0.17793052837029238, -0.6786817001254055, 0.4553440440902319]]	[[-0.01785522195829165, -0.03443113569639427, -0.0055905922101490875], [0.03690850447934618, -0.02475142449962863, 0.05052155497828162], [-0.0424773127632207, 0.0064972158984635715, 0.03135317868066234]]	0.4399678218679236	[[-0.13538864357821395, -0.7891028426138554, -0.46224574309603456], [0.8535533905932738, 0.14644660940672602, -0.5], [0.46224574309603456, -0.46224574309603467, 0.6537141990356418]]
