6	[[0.04673222253661188, -0.9725397674033924, -0.22799671093185395], [-0.8377629715199755, -0.16246744520517667, 0.5213036857710898], [-0.5440306084466285, 0.16664552219444034, -0.8223502702654952]]	0.6897112054399498	0.3102887945600501	[[0.032231737538614504, -0.670771575314082, -0.15725188633315282], [-0.5778145089599966, -0.11205561747721138, 0.35954899351346725], [-0.37522400674795353, 0.1149372839938974, -0.5671841961986833]]	0.7715961473230201	0.3762899113862347	[[-0.013980273976184916, -0.813482390345484, -0.13613040813972735], [-0.6860602998494405, -0.15869540723176034, 0.2804561278159708], [-0.28257905024301455, 0.047663109012143726, -0.589677278975451]]	[[-0.05003867684127676, -0.06307445269860022, 0.03979097561761144], [-0.039645618654742386, -0.03333615244603208, -0.12177978771029244], [0.13719287126020246, -0.08091993388171925, 0.044845021311449546]]	0.37438827835655153	[[-0.11796763333146353, -0.6875657539512141, -0.40276669364133866], [-0.8535533905932738, -0.14644660940672602, 0.5], [-0.40276669364133866, 0.40276669364133877, -0.5695981206197508]]
6	[[0.8489524140446696, -0.5135124485683378, 0.12483895166604869], [0.522794976890395, 0.7815435453534784, -0.34040431673891397], [0.0772347773085365, 0.35425224329800037, 0.9319550081910795]]	0.7816380315780216	0.21836196842197866	[[0.663573493817285, -0.40138085948976565, 0.09757887244451408], [0.4086364366554856, 0.6108841583826011, -0.26607296007646614], [0.06036963930481132, 0.2768970261335474, 0.728451478121754]]	0.8909489766581703	0.183722017234374	[[0.7257855265837099, -0.4608770957394183, 0.06217814081228869], [0.5078599756951191, 0.66652780454636, -0.29721312124339044], [0.02263551941245854, 0.27967568147348, 0.8076260511424889]]	[[-0.03058775794087175, -0.0033637051862264707, -0.04904699542165617], [0.04207632603258982, -0.02978761740011988, 0.006069756405168523], [-0.04617672639300374, -0.03594499217173458, -0.02269830969681009]]	0.4384108326499904	[[0.6820752011325437, -0.6820752011325436, 0.0], [0.7071067811865475, 0.7071067811865476, 0.0], [0.0, 0.0, 0.9645999999999999]]
6	[[-0.5446221603179724, 0.8109226453022452, -0.2139887049042392], [-0.8354447797583356, -0.5021691245819775, 0.22328947644507607], [0.07361197229480154, 0.30038414347728, 0.9509735242804028]]	0.7431202968606603	0.2568797031393399	[[-0.40471978145238574, 0.6026130769080363, -0.15901934991326644], [-0.6208359727447033, -0.37317206893361676, 0.1659309420217263], [0.054702550704211615, 0.22322155387307144, 0.7066877276698814]]	0.8282320393949572	0.20460445917701456	[[-0.46146921479138203, 0.6612364240586914, -0.11067565515980216], [-0.7580427880554148, -0.4285530162949895, 0.19738400139896056], [0.05402679682144642, 0.18884253874971724, 0.7980224336769084]]	[[-0.010395692251540524, -0.010395692251540524, 0.06655664631052155], [-0.06610065431429751, -0.012640458121278009, 0.01244850294742293], [-0.006940997116162137, -0.05994523300437786, 0.010395692251540524]]	0.40165003417052586	[[-0.6579297390124516, 0.6579297390124514, 0.0], [-0.7071067811865475, -0.7071067811865476, 0.0], [0.0, 0.0, 0.9304531599999998]]
6	[[0.8787972042104137, -0.3840163418041313, 0.28327887866788265], [-0.395223040501579, -0.9183905790867732, -0.018907472103605397], [0.2674214316928388, -0.09534250611366366, -0.9588511794847616]]	0.7249764664564526	0.2750235335435475	[[0.6371072918402754, -0.2784028105426925, 0.20537052047838772], [-0.2865274033650102, -0.665811556853224, -0.013707472315295788], [0.19387424460339986, -0.06912107318538661, -0.6951445399604642]]	0.8346058588263672	0.2624000349649969	[[0.683658239901359, -0.30669113714565494, 0.13530841435731922], [-0.3580531827590947, -0.8404787887974476, -0.02706508881228994], [0.12434808399839598, -0.05164337561167792, -0.8002628121405546]]	[[-0.049791055452883745, 0.0138111516091418, -0.10111779746065924], [-0.028197717613306278, -0.07398463080068668, -0.011284801819024783], [-0.09884340966818243, 0.027930038585974495, 0.0]]	0.4833507288625863	[[0.6579297390124516, -0.6579297390124514, 0.0], [-0.7071067811865475, -0.7071067811865476, 0.0], [0.0, 0.0, -0.9304531599999998]]
6	[[-0.3195682178843842, -0.5708200961323295, -0.7563336379995778], [0.910087742671785, 0.03735879733279218, -0.41272826520656647], [0.2638493031197415, -0.8202248094963509, 0.507557688474819]]	0.7070584004603564	0.29294159953964355	[[-0.2259533929752993, -0.40360314412195186, -0.5347720522983438], [0.6434851836120888, 0.026414851485246693, -0.2918229870217326], [0.18655686622642412, -0.5799468418203905, 0.35887292735436144]]	0.7701144039029777	0.2561189839083493	[[-0.29338019873188076, -0.4556830798809761, -0.5617341831716811], [0.7655105815976206, 0.008992541177149628, -0.3300572452945637], [0.19134352025876206, -0.5987983056500454, 0.40745478539128344]]	[[-0.04727611110951132, -0.01608630181218684, 0.02072924560813424], [0.06463890215053245, -0.01977800676132583, -0.012209263361098673], [-0.01185062853351377, 0.0328686345816704, 0.016577298685124968]]	0.4565524462571659	[[-0.11796763333146353, -0.6875657539512141, -0.40276669364133866], [0.8535533905932738, 0.14644660940672602, -0.5], [0.40276669364133866, -0.40276669364133877, 0.5695981206197508]]
6	[[0.5319609947059123, -0.8460851799387872, 0.03402011756955908], [-0.703274286200726, -0.4190807785627857, 0.5742617690636116], [-0.47161719485230363, -0.3294103357928521, -0.8179645788128509]]	0.7296162565608396	0.2703837434391605	[[0.3881273895937084, -0.6173175017185423, 0.024821630828861352], [-0.51312035203327, -0.3057681488515818, 0.41899072223019773], [-0.34409957223786186, -0.24034313607362992, -0.596800253992796]]	0.7998080759553353	0.24492344441462496	[[0.4581510505225205, -0.6577846992237045, 0.004884907460363799], [-0.6056439801739826, -0.38321469216845894, 0.5502624118130451], [-0.32862536925099656, -0.32171706686961266, -0.6542146759799226]]	[[0.03268435086349853, 0.01892106063746062, -0.022324657316719544], [-0.0431595264589182, -0.04803050099629334, 0.09096321120357087], [0.04857787195127683, -0.05825201999933069, 9.024203898909072e-18]]	0.35604673771713485	[[0.5905018874349479, -0.5905018874349479, 0.0], [-0.5, -0.5000000000000001, 0.7071067811865475], [-0.4175478889087069, -0.41754788890870703, -0.5905018874349479]]
6	[[-0.30792515101507295, 0.09349718223056193, 0.9468053539599837], [0.3027085282091916, -0.9338174967034747, 0.1906631317268273], [0.9019698710720718, 0.34531602882779927, 0.2592434992682147]]	0.7509315535588516	0.24906844644114862	[[-0.23123071203159268, 0.07020998430577091, 0.7109860153670088], [0.22731338536364165, -0.701233023539978, 0.14317496171402244], [0.6773176365474278, 0.25930870199643247, 0.19467412365551348]]	0.8375382257837909	0.2740549894111823	[[-0.243749585059111, 0.07510749501731816, 0.7329178875198638], [0.24552027524551173, -0.8492813244215472, 0.11834679543889963], [0.6705450957929527, 0.25679927779954187, 0.16864209004179287]]	[[0.01414949959625901, -0.003199969103850453, -0.06006778879837507], [-0.008009688400437146, -0.06717347502665809, -0.04134086562996851], [-0.0848891497351848, -0.032416096319597534, -0.04848425038128918]]	0.4139719364197788	[[-0.40276669364133866, -0.1179676333314634, 0.6875657539512142], [0.5, -0.8535533905932737, 0.14644660940672619], [0.5695981206197508, 0.40276669364133877, 0.40276669364133866]]
6	[[0.3802729664721569, 0.7767473726770865, -0.5020517802076895], [0.4287143634067757, 0.332951791095048, 0.839849450446521], [0.8195098935212374, -0.5346088512602871, -0.20639019011321075]]	0.7069124706094965	0.2930875293905038	[[0.2688197022348347, 0.5490924042585944, -0.35490666432051365], [0.3030635298216613, 0.23536777323685731, 0.593700049955178], [0.5793217635180233, -0.37792166385411435, -0.1458997992024935]]	0.8292834815050707	0.27224026222858994	[[0.34696890888759085, 0.5590445977769115, -0.4229625763248101], [0.40628222971582717, 0.2939914284918858, 0.7154930071869519], [0.6266434238774119, -0.4229625763248101, -0.07612040168253453]]	[[0.03161481932929962, -0.08509916768665944, -0.006619328138358882], [0.05075648985862616, 0.01788000799923556, 0.019019730980540495], [-0.0529625937497296, 0.02037971309174732, 0.0950355737230423]]	0.3922199833623886	[[0.4328715414769925, 0.43287154147699264, -0.6121728047221108], [0.5, 0.5000000000000001, 0.7071067811865475], [0.6121728047221108, -0.6121728047221107, 0.0]]
6	[[0.034229894132735264, 0.2773841392786001, 0.9601491309293217], [-0.1827544195208179, -0.9427759796974285, 0.2788803941677556], [0.9825625356654255, -0.18501754344446375, 0.018422055382213542]]	0.8590870914242887	0.14091290857571107	[[0.02940646019025288, 0.2382971334200824, 0.8248517242236298], [-0.15700196271107375, -0.8099266742629485, 0.2395825466808363], [0.8441067909072846, -0.15894618326017135, 0.015826149976362995]]	0.9105854890345143	0.13585783024180317	[[0.009072463096889999, 0.23212515224574762, 0.8464592404070317], [-0.16545869648346886, -0.8262461267963427, 0.2540202607196558], [0.878977712741049, -0.15737655256816996, 0.0]]	[[-0.02209678179156639, -0.020456819869674323, -0.027838625526308808], [0.0009548259891138718, 0.032231999726433785, 7.582061427190145e-05], [-0.015729474304845177, 0.011097737709171579, -0.01677485630923382]]	0.3535451881985248	[[0.0, 0.0, 0.9645999999999999], [0.0, -1.0, 0.0], [0.9645999999999999, 0.0, 0.0]]
6	[[0.08740825448676931, -0.06334395238859675, -0.994156597696443], [0.7119981850616444, -0.6940087028176986, 0.10681996481098455], [-0.6967197295301035, -0.717174639895393, -0.015561310176609944]]	0.8003567609879674	0.19964323901203263	[[0.06995778744464265, -0.05069776056191331, -0.795679954447143], [0.569852561225249, -0.555454557484634, 0.08549408104496824], [-0.5576243460431264, -0.5739955718493887, -0.012454599809680627]]	0.9186696080472126	0.13788014308293337	[[0.05523000957678719, -0.055230009576787205, -0.8607162540515226], [0.6842965271484087, -0.6719559666356427, 0.09021963921095494], [-0.623940763393073, -0.6346245182967755, 0.0]]	[[-0.025069297312664184, 0.0029621543362062706, 0.052585197891819], [0.03020543354750139, -0.03439126363675323, -0.007912615993569277], [0.01611447745310721, 0.02422202703732614, 0.014295702720647358]]	0.16865462695203076	[[0.0, 0.0, -0.8975151181359997], [0.7071067811865475, -0.7071067811865476, 0.0], [-0.6346390262514108, -0.6346390262514107, 0.0]]
6	[[-0.8305561570912853, 0.32773595720904825, 0.4502950280316503], [-0.5100865793185324, -0.772219296347621, -0.37879947194723407], [0.22358030216652452, -0.5443036842615101, 0.808545204538665]]	0.7040427354920952	0.2959572645079049	[[-0.584747028818351, 0.23074011983257864, 0.31702694331389275], [-0.3591227506412251, -0.5436753858003599, -0.26669101643269194], [0.15741008753946914, -0.3832130548058993, 0.5692503775724171]]	0.7809869563343854	0.3715745288998623	[[-0.621865074044841, 0.24713634228627207, 0.19830514668493862], [-0.5651891292202268, -0.6269671645365213, -0.30478724072307584], [0.1795698669587525, -0.27798462567641397, 0.6013268897312756]]	[[0.026788451146665684, -0.008821165415758857, -0.15336939671000674], [-0.16681816417122802, -0.02387396665931206, -0.008949794065933133], [0.004956567273396304, 0.14710945201657513, -0.030136368620139464]]	0.4372406749539924	[[-0.5905018874349479, 0.41754788890870703, 0.4175478889087069], [-0.7071067811865475, -0.5000000000000001, -0.5], [0.0, -0.5905018874349479, 0.5905018874349479]]
6	[[0.22433838825039393, -0.7661379269479729, -0.6022499185961573], [-0.9416906372873723, -0.011392912655017143, -0.3362869982418849], [0.2507808429735371, 0.642575192824231, -0.724020780340167]]	0.6967602071439317	0.3032397928560683	[[0.15631006186768032, -0.533814420681092, -0.4196237780334745], [-0.6561325635018506, -0.007938128181482512, -0.23431139855482674], [0.17473411209797152, 0.4477208244577631, -0.5044688688863259]]	0.7595802686669586	0.4064788354154211	[[0.2031033360289362, -0.4993229091084107, -0.39466503223586663], [-0.829935850301636, 0.031891359920496826, -0.18327398349995566], [0.1586681835005094, 0.3946650322358666, -0.4247828819543067]]	[[0.03270032280938953, 0.08262034327867723, 0.06279212273605636], [-0.11464622302973417, 0.040545191575894056, 0.0721629849738203], [-0.031819996581856136, -0.0934224053682855, 0.12516901689693846]]	0.3723632392846947	[[0.11796763333146353, -0.6875657539512141, -0.40276669364133866], [-0.8535533905932738, 0.14644660940672602, -0.5], [0.40276669364133866, 0.40276669364133877, -0.5695981206197508]]
6	[[-0.42203838922340475, -0.825029846081567, 0.3757783270710803], [0.2588054115689476, 0.28760896992378115, 0.9221175843470338], [-0.8688517462515349, 0.4864224845687207, 0.09214016247897017]]	0.6947484466993263	0.3052515533006737	[[-0.2932105153604462, -0.5731882040457529, 0.26107140903590437], [0.1798046576849061, 0.19981588511134024, 0.6406397593992368], [-0.6036334011202511, 0.33794126559374577, 0.06401423476088809]]	0.8295260816086695	0.28137487289113977	[[-0.26825709154051225, -0.5974859914134729, 0.3200949056063128], [0.26144162492779827, 0.23431968324053978, 0.829723884473548], [-0.6948470803326604, 0.3558921836473279, 0.023480633412025474]]	[[0.08183475976041317, 0.08689778401677296, 0.008376982397578513], [0.046755785969890135, -0.004259458615840095, 0.0648032979477014], [0.025888104234225405, -0.047607953983316534, -0.05295203452794081]]	0.5112460442846293	[[-0.4328715414769925, -0.43287154147699264, 0.6121728047221108], [0.5, 0.5000000000000001, 0.7071067811865475], [-0.6121728047221108, 0.6121728047221107, 0.0]]
6	[[0.8592155572171323, 0.2624339665249735, -0.4391776855101157], [-0.4266000482917053, 0.8413623931712975, -0.33184593135155627], [0.2824199444684594, 0.4724804086637203, 0.8348660002631537]]	0.732063530548387	0.2679364694516131	[[0.6290003743184736, 0.19211833607008932, -0.32150596699260453], [-0.31229833748453817, 0.6159307240156202, -0.24293230410333794], [0.20674934164485984, 0.34588567608130777, 0.6111749516874551]]	0.8017704956454972	0.2565535051118111	[[0.6986494711861344, 0.1634000302686933, -0.2935144258773376], [-0.34367250400289573, 0.7455799298283295, -0.4008606643789635], [0.22245073224762113, 0.38006321299449186, 0.6695892383258756]]	[[0.009755788009832345, -0.047011781146248544, 0.05860528471055017], [-0.0016371718416621631, 0.07100038683789658, -0.1347963875212846], [-0.003985246609029377, 0.0012423615573937655, 0.00021831149731295612]]	0.46248208618708203	[[0.712798832626181, -0.12229694519123306, -0.4175478889087069], [-0.14644660940672619, 0.8535533905932737, -0.5], [0.4175478889087069, 0.41754788890870703, 0.5905018874349479]]
