6	[[-0.30792515101507295, 0.09349718223056193, 0.9468053539599837], [0.3027085282091916, -0.9338174967034747, 0.1906631317268273], [0.9019698710720718, 0.34531602882779927, 0.2592434992682147]]	0.8426798277910245	0.1573201722089757	[[-0.2594823132299069, 0.07878818942099597, 0.7978537726266187], [0.25508637042219606, -0.7869091673103296, 0.16066797500966026], [0.7600718156277059, 0.29099085170609035, 0.21845926731928178]]	0.8540140142745403	0.25691541612276386	[[-0.26103464131666976, 0.08061918599984264, 0.7481621988472937], [0.24318035212881856, -0.849764822248186, 0.11951945154514342], [0.6844745731092534, 0.26776827604057535, 0.18041545531682715]]	[[0.0019377529978066544, 0.0007712820797622279, -0.06042284222469895], [-0.015336973202251077, -0.05227159328864924, -0.04330953495503985], [-0.08582033723969616, -0.02713645193199644, -0.04098212616779977]]	0.3794216727660348	[[-0.4549876772561907, -0.13326280531202198, 0.7767125492003597], [0.5, -0.8535533905932737, 0.14644660940672619], [0.6434497438883378, 0.4549876772561908, 0.4549876772561907]]
6	[[0.8489524140446696, -0.5135124485683378, 0.12483895166604869], [0.522794976890395, 0.7815435453534784, -0.34040431673891397], [0.0772347773085365, 0.35425224329800037, 0.9319550081910795]]	0.8548320554855071	0.14516794451449289	[[0.7257117371071883, -0.438966901927068, 0.1067163376573443], [0.4469019046927146, 0.6680884753259445, -0.29098852177406537], [0.06602276344162167, 0.30282617329878164, 0.7966650152719932]]	0.9077713330920805	0.15149090299597973	[[0.7628916856316235, -0.4737421665065959, 0.05493920603208762], [0.5003493015848448, 0.6735818408842221, -0.28769384515732505], [0.02106368607732342, 0.28712772121025415, 0.8460020401674568]]	[[-0.007762978997446202, -0.0075902865103375525, -0.05838601554361921], [0.025771008479207554, -0.03588098515081572, 0.021315435239057684], [-0.04904783068111673, -0.03445230993923161, 0.0]]	0.43186847159575464	[[0.6960759154000374, -0.6960759154000373, 0.0], [0.7071067811865475, 0.7071067811865476, 0.0], [0.0, 0.0, 0.9843999999999999]]
6	[[-0.5446221603179724, 0.8109226453022452, -0.2139887049042392], [-0.8354447797583356, -0.5021691245819775, 0.22328947644507607], [0.07361197229480154, 0.30038414347728, 0.9509735242804028]]	0.8325591284250958	0.1674408715749042	[[-0.4534301511153239, 0.6751410507930105, -0.17815824964788843], [-0.695557177682896, -0.4180854886839645, 0.1859016918956085], [0.061286319495412266, 0.2500875606861631, 0.7917416885302339]]	0.8526015007243357	0.15683043408459832	[[-0.4643640013827437, 0.691375534188132, -0.15191431636767683], [-0.7345621918337265, -0.45044869954652855, 0.19037694271302313], [0.08435160999793968, 0.23451803957440945, 0.8108273767226418]]	[[-1.833016791059802e-05, -1.8330167910598016e-05, 0.030532774571734544], [-0.02226071883945738, -0.022298550310508584, 0.0], [0.02158993194811368, -0.021589931948113678, 2.5922772059743814e-05]]	0.3889980043211449	[[-0.6852171311197968, 0.6852171311197967, 0.0], [-0.7071067811865475, -0.7071067811865476, 0.0], [0.0, 0.0, 0.9690433599999999]]
6	[[0.8592155572171323, 0.2624339665249735, -0.4391776855101157], [-0.4266000482917053, 0.8413623931712975, -0.33184593135155627], [0.2824199444684594, 0.4724804086637203, 0.8348660002631537]]	0.8330628940785285	0.16693710592147154	[[0.7157805987325997, 0.21862399965780213, -0.36586263370576694], [-0.355384670843928, 0.7009077902241181, -0.27644853195991226], [0.23527357628439208, 0.3936058966368048, 0.6954958863469883]]	0.8536683123214059	0.18470187539337396	[[0.7466366570902211, 0.16050808628012386, -0.3473994803372788], [-0.35667329456390257, 0.755972443948953, -0.3858218329751788], [0.27169475315771513, 0.39627642470758934, 0.7232324135894259]]	[[0.013151562440375282, -0.06352347501906272, 0.027512593261362777], [0.0075016486975077465, 0.037728029719712515, -0.1025354768075706], [0.03060179579742031, -0.007065128361296966, 0.010533764130257124]]	0.4312506130033469	[[0.7890212811868751, -0.13537464984967695, -0.46219796551827586], [-0.14644660940672619, 0.8535533905932737, -0.5], [0.46219796551827586, 0.46219796551827597, 0.653646631337198]]
6	[[0.08740825448676931, -0.06334395238859675, -0.994156597696443], [0.7119981850616444, -0.6940087028176986, 0.10681996481098455], [-0.6967197295301035, -0.717174639895393, -0.015561310176609944]]	0.8960843945356054	0.10391560546439468	[[0.0783251727991908, -0.056761527223627935, -0.8908482129203945], [0.6380104625714135, -0.6218903682668384, 0.09571970349196578], [-0.6243196769969935, -0.6426490029669539, -0.013944247207788274]]	0.945708854028555	0.08559306899702632	[[0.06890716038120026, -0.06263476072859356, -0.9112912127736565], [0.6784087079810105, -0.6610034153174001, 0.10377504515013833], [-0.6555001121612194, -0.6745159738205845, 0.0]]	[[-0.013755599802118636, -0.002729824105534376, 0.02889148395877396], [0.005065720315951779, -0.004673240289830506, 0.0027544586413715388], [0.003393904831779459, 0.003722433013229439, 0.01471646881430468]]	0.13284488215065435	[[0.0, 0.0, -0.9539262835839998], [0.7071067811865475, -0.7071067811865476, 0.0], [-0.6745277438743279, -0.6745277438743278, 0.0]]
6	[[-0.3195682178843842, -0.5708200961323295, -0.7563336379995778], [0.910087742671785, 0.03735879733279218, -0.41272826520656647], [0.2638493031197415, -0.8202248094963509, 0.507557688474819]]	0.8077151334985527	0.19228486650144738	[[-0.25812008577038, -0.46106003015118124, -0.6109021253862751], [0.7350916425675372, 0.030175265975001656, -0.33336686582994784], [0.21311507509286212, -0.6625079915011699, 0.4099620261046552]]	0.8285340982842595	0.18644034070906132	[[-0.28926240915022305, -0.5015830965866218, -0.6285112635042485], [0.7912365971683519, 0.006911189532716529, -0.3019636962914303], [0.18158782754893504, -0.6699112827913067, 0.44552286589868384]]	[[-0.024489243905077056, -0.028639182955087918, -0.0018630547422147682], [0.03719786993422724, -0.024041847928392895, 0.03999574475791902], [-0.03702031689431018, 0.00967294013513087, 0.024994014150956673]]	0.44039184894039785	[[-0.13326280531202211, -0.7767125492003596, -0.4549876772561907], [0.8535533905932738, 0.14644660940672602, -0.5], [0.4549876772561907, -0.4549876772561908, 0.6434497438883378]]
6	[[-0.42203838922340475, -0.825029846081567, 0.3757783270710803], [0.2588054115689476, 0.28760896992378115, 0.9221175843470338], [-0.8688517462515349, 0.4864224845687207, 0.09214016247897017]]	0.7879732209234496	0.21202677907655057	[[-0.33255494890971077, -0.6501014251748701, 0.2961032587354246], [0.2039317337464026, 0.22662816639731737, 0.7266039630080828], [-0.6846319089987856, 0.38328789189520174, 0.07260398060496409]]	0.8621158683119716	0.2250812119946097	[[-0.2878692746780958, -0.6511757588819935, 0.3428782856658], [0.2581894927836715, 0.23374784582634867, 0.8305480978961087], [-0.7569702592748168, 0.3841568252529657, 0.022951807187303174]]	[[0.07597671770822564, 0.060095563255908875, 0.01891382693009539], [0.0350692406650711, -0.014204411013803717, 0.035575895981027866], [-0.007919381620801781, -0.0351957173974635, -0.05648368899466034]]	0.489548245908518	[[-0.4695225167800446, -0.4695225167800447, 0.6640051110698884], [0.5, 0.5000000000000001, 0.7071067811865475], [-0.6640051110698884, 0.6640051110698882, 0.0]]
6	[[0.034229894132735264, 0.2773841392786001, 0.9601491309293217], [-0.1827544195208179, -0.9427759796974285, 0.2788803941677556], [0.9825625356654255, -0.18501754344446375, 0.018422055382213542]]	0.8815008974709059	0.11849910252909435	[[0.03017368239834024, 0.2445143677182808, 0.8463723206201075], [-0.16109818482437546, -0.8310578722172955, 0.2458333177459166], [0.8661297570103614, -0.16309313059415714, 0.01623905835267997]]	0.9262312609764021	0.1240823678140877	[[0.010050335633606123, 0.24041801900891346, 0.8739502017053374], [-0.1641464792774511, -0.8273668882821523, 0.2526267203464463], [0.9077136741311455, -0.1630687712915592, 0.0]]	[[-0.021654462372046, -0.016503842089958302, -0.015369938560724756], [0.005126377164326418, 0.04586169621125992, -0.005681018805150125], [-0.0023664622664129127, 0.008300261275762735, -0.01706308358644476]]	0.3449598382680497	[[0.0, 0.0, 0.9843999999999999], [0.0, -1.0, 0.0], [0.9843999999999999, 0.0, 0.0]]
6	[[0.04673222253661188, -0.9725397674033924, -0.22799671093185395], [-0.8377629715199755, -0.16246744520517667, 0.5213036857710898], [-0.5440306084466285, 0.16664552219444034, -0.8223502702654952]]	0.7974498229232893	0.2025501770767108	[[0.03726660258663281, -0.7755516653016921, -0.18181593675969926], [-0.6680739332902932, -0.12955963540966728, 0.41571353190741356], [-0.4338371123706133, 0.13289144216491555, -0.6557830774041382]]	0.8209389508976646	0.20479275105857916	[[-0.03281727405749274, -0.7983957763583996, -0.29064848073091565], [-0.799191816004646, -0.138867266700601, 0.5061821312908716], [-0.451612967153594, 0.26769742833550253, -0.6750993681421666]]	[[-0.07118157579981503, 7.902742438205549e-18, -0.10347710005040146], [-0.11143956106412714, -0.005491412678839539, 0.07822363039486747], [-0.0049970501992007855, 0.1308916281734052, 0.0]]	0.3493665352261211	[[1.8169792914655989e-16, -0.9099753545123817, 0.0], [-0.7071067811865476, -1.3401577416544657e-16, 0.7071067811865475], [-0.6434497438883376, -1.0102755904210854e-16, -0.6434497438883378]]
6	[[0.3802729664721569, 0.7767473726770865, -0.5020517802076895], [0.4287143634067757, 0.332951791095048, 0.839849450446521], [0.8195098935212374, -0.5346088512602871, -0.20639019011321075]]	0.8114023257671539	0.18859767423284624	[[0.308554369421883, 0.6302546247237144, -0.40736598211605923], [0.34785983155804273, 0.27015785766286154, 0.6814557973865732], [0.6649522335923246, -0.43378286528830345, -0.16746548027338426]]	0.8662615597884875	0.22098265973601364	[[0.3447889621029296, 0.6244391449874138, -0.42708059891652994], [0.40367299122769007, 0.3039060614942828, 0.7222090211306338], [0.6709637983158783, -0.45273724413470595, -0.08566428051674883]]	[[0.01537310902136364, -0.04842724562944869, 0.007827559300770032], [0.03229421807920803, 0.015482723605915932, -0.005320273800673649], [-0.0389461203079262, 0.01037385323476182, 0.09312360749576358]]	0.37331850416356416	[[0.4695225167800446, 0.4695225167800447, -0.6640051110698884], [0.5, 0.5000000000000001, 0.7071067811865475], [0.6640051110698884, -0.6640051110698882, 0.0]]
6	[[0.8787972042104137, -0.3840163418041313, 0.28327887866788265], [-0.395223040501579, -0.9183905790867732, -0.018907472103605397], [0.2674214316928388, -0.09534250611366366, -0.9588511794847616]]	0.8157645053682768	0.18423549463172326	[[0.7168915666117328, -0.31326690112518235, 0.2310888543377854], [-0.32240892814491695, -0.7491904364836068, -0.015424044628362148], [0.21815291194978512, -0.07777703234038476, -0.7821967581541753]]	0.8519763600998648	0.24290681501789863	[[0.6959537430456784, -0.316282044737618, 0.14907557756767398], [-0.3600290023550764, -0.8405067407675862, -0.025021787190904702], [0.1355715239453645, -0.05684886613467232, -0.8169185377748893]]	[[-0.05276070026344755, 0.010890800371531421, -0.09227133037295987], [-0.023308314880939686, -0.05805967804723041, -0.008913067929385236], [-0.09226521404099483, 0.024380695186845935, 0.0]]	0.47418793649161706	[[0.6852171311197968, -0.6852171311197967, 0.0], [-0.7071067811865475, -0.7071067811865476, 0.0], [0.0, 0.0, -0.9690433599999999]]
6	[[0.5319609947059123, -0.8460851799387872, 0.03402011756955908], [-0.703274286200726, -0.4190807785627857, 0.5742617690636116], [-0.47161719485230363, -0.3294103357928521, -0.8179645788128509]]	0.8262154170800333	0.17378458291996662	[[0.43951437511125485, -0.6990486198283601, 0.02810794562684503], [-0.5810560576949956, -0.34625100025047717, 0.4744639270400096], [-0.3896573973470114, -0.2721638979775652, -0.6758149456405536]]	0.8616724232375242	0.17980766153298278	[[0.5206551970744743, -0.7126549040159925, 0.005070755585424024], [-0.5960150467930733, -0.3926055540541143, 0.5674924183085903], [-0.37403307493597165, -0.36886810603785203, -0.7079996382723815]]	[[0.06227907769838702, 0.016393363247219087, -0.02424344155956344], [0.009977011598146531, -0.031495204057650376, 0.07266688818688063], [0.03234645619289645, -0.08502430375573854, -0.0031821175242514074]]	0.31132981107281227	[[0.653646631337198, -0.6536466313371979, 0.0], [-0.5, -0.5000000000000001, 0.7071067811865475], [-0.46219796551827586, -0.46219796551827597, -0.653646631337198]]
6	[[0.22433838825039393, -0.7661379269479729, -0.6022499185961573], [-0.9416906372873723, -0.011392912655017143, -0.3362869982418849], [0.2507808429735371, 0.642575192824231, -0.724020780340167]]	0.8258754662332128	0.17412453376678724	[[0.18527557099030162, -0.6327345176171042, -0.4973834323095158], [-0.7777191941171598, -0.00940912705071659, -0.27773118146118425], [0.2071137456131281, 0.5306870869636086, -0.5979509995259701]]	0.8375753152701287	0.15639296804964842	[[0.17744510035635547, -0.7026355631382537, -0.4687333937675542], [-0.8557027641078917, -0.021031959853831057, -0.32089342314366814], [0.24574411528930054, 0.5025088480424876, -0.6569040848802815]]	[[-0.0104551959096608, -0.060937347434402364, 0.03569627167203157], [-0.06696593169499211, -0.011489537444960018, -0.03922773456997607], [0.03569627167203157, -0.03569627167203158, -0.050482151524741586]]	0.3200865802621316	[[0.13326280531202211, -0.7767125492003596, -0.4549876772561907], [-0.8535533905932738, 0.14644660940672602, -0.5], [0.4549876772561907, 0.4549876772561908, -0.6434497438883378]]
6	[[-0.8305561570912853, 0.32773595720904825, 0.4502950280316503], [-0.5100865793185324, -0.772219296347621, -0.37879947194723407], [0.22358030216652452, -0.5443036842615101, 0.808545204538665]]	0.8320528863509539	0.16794711364904613	[[-0.6910666477843602, 0.2726936491567813, 0.3746692777832183], [-0.4244190106108697, -0.6425272944219406, -0.31518119398191335], [0.18603063574887516, -0.4528894515412478, 0.6727523711816185]]	0.8367660665756825	0.1589476871377587	[[-0.7003335441406682, 0.2795906632904102, 0.3812730694379395], [-0.4351413279102051, -0.6677281035033449, -0.3169665441622327], [0.19378288999595328, -0.4501025174009773, 0.6841325359065872]]	[[-0.005352335501178723, 0.005352335501178728, 0.0044814700333087555], [-0.008318187320791835, -0.0215612003647047, -1.4921196777040386e-18], [0.006698479988267982, 0.0053523355011787285, 0.007569345456137951]]	0.39383282899121785	[[-0.653646631337198, 0.46219796551827597, 0.46219796551827586], [-0.7071067811865475, -0.5000000000000001, -0.5], [0.0, -0.6536466313371979, 0.653646631337198]]
