6	[[0.22433838825039393, -0.7661379269479729, -0.6022499185961573], [-0.9416906372873723, -0.011392912655017143, -0.3362869982418849], [0.2507808429735371, 0.642575192824231, -0.724020780340167]]	0.4802774339585066	0.5197225660414935	[[0.10774466544728642, -0.36795875761286223, -0.2892470455050819], [-0.4522727628591298, -0.0054717588552650465, -0.1615110565892213], [0.12044437974928156, 0.3086143647350143, -0.347730842514411]]	0.6826665662389912	0.5078683489290665	[[0.17311373373689842, -0.41599959887707316, -0.3205881087873924], [-0.8204498484125121, 0.05053919583347943, -0.20048417193314474], [0.13784489121624485, 0.32058810878739236, -0.3498607640076965]]	[[0.019965416554412394, 0.10701714897795864, 0.09054777515835832], [-0.1775891345961341, 0.05831675639514074, 0.029087718427460475], [-0.03335480573501935, -0.11807649164828311, 0.1444040159928003]]	0.5317519305306352	[[0.08349206393404732, -0.486627410134244, -0.28505973703414555], [-0.8535533905932738, 0.14644660940672602, -0.5], [0.28505973703414555, 0.2850597370341456, -0.4031353462001968]]
6	[[0.8787972042104137, -0.3840163418041313, 0.28327887866788265], [-0.395223040501579, -0.9183905790867732, -0.018907472103605397], [0.2674214316928388, -0.09534250611366366, -0.9588511794847616]]	0.576624413362186	0.42337558663781405	[[0.5067359223421589, -0.22143319781429988, 0.16334551722976567], [-0.22789525387644247, -0.529566428903269, -0.010902510009903341], [0.15420172617035907, -0.05497681665627194, -0.5528969988720407]]	0.7887922607316511	0.3704866714397703	[[0.54863585482914, -0.23164692706892143, 0.2234084578593887], [-0.3455392503406522, -0.8467154131353019, -0.02452247817085912], [0.20067990548569653, -0.07520543094121801, -0.636164596616865]]	[[-0.14455257860464654, 0.07126219134065771, -3.972926257749714e-05], [-0.033790374730174814, -0.12229603202279589, -0.009608410505535594], [-0.010260050187392532, 0.0, 0.12016979295413034]]	0.514335629787366	[[0.9106000000000001, 0.0, 0.0], [0.0, -1.0, 0.0], [0.0, 0.0, -0.9106000000000001]]
6	[[0.8489524140446696, -0.5135124485683378, 0.12483895166604869], [0.522794976890395, 0.7815435453534784, -0.34040431673891397], [0.0772347773085365, 0.35425224329800037, 0.9319550081910795]]	0.6638361641940185	0.3361638358059817	[[0.5635653141226656, -0.3408881341234837, 0.08287261081599222], [0.34705021211882037, 0.5188168692980469, -0.2259726958990463], [0.05127123831087809, 0.23516545034807074, 0.6186654378389711]]	0.8168114342125588	0.2760871212094975	[[0.6456599181547149, -0.3995385232071144, 0.051062453323161644], [0.4765288000531246, 0.6253232435630581, -0.26445383159592256], [0.025645080521678278, 0.22509656068570236, 0.7134218250508814]]	[[-0.04777412073932565, 0.01990431639399239, -0.05090742983277588], [0.04950388518015951, -0.013050460616684446, 0.01359230657173584], [-0.037441168702795014, -0.06426072223555362, -0.0478096818112512]]	0.45818298685183284	[[0.6438914349484702, -0.6438914349484701, 0.0], [0.7071067811865475, 0.7071067811865476, 0.0], [0.0, 0.0, 0.9106000000000001]]
6	[[0.034229894132735264, 0.2773841392786001, 0.9601491309293217], [-0.1827544195208179, -0.9427759796974285, 0.2788803941677556], [0.9825625356654255, -0.18501754344446375, 0.018422055382213542]]	0.7439340483114475	0.2560659516885526	[[0.025464783715438, 0.20635550567091537, 0.7142876299549684], [-0.1359572351609307, -0.701363151227099, 0.2074686206279107], [0.7309617248767409, -0.13764085010327903, 0.013704794238707806]]	0.8643188729765111	0.20874770809902668	[[0.009230763297813277, 0.20869375917130767, 0.7730514772562606], [-0.1687812024771654, -0.8232877429651768, 0.25783992509386516], [0.8019005921567326, -0.1428693420651384, 0.0]]	[[-0.020354780221097758, -0.031054587471531572, -0.056823537477947494], [-0.010823108565455583, -0.008428670723769335, 0.016798337111545443], [-0.0473467512985509, 0.017044812565663172, -0.015922530145865678]]	0.3784329404992405	[[0.0, 0.0, 0.9106000000000001], [0.0, -1.0, 0.0], [0.9106000000000001, 0.0, 0.0]]
6	[[0.3802729664721569, 0.7767473726770865, -0.5020517802076895], [0.4287143634067757, 0.332951791095048, 0.839849450446521], [0.8195098935212374, -0.5346088512602871, -0.20639019011321075]]	0.5369994687317134	0.4630005312682869	[[0.20420638096858096, 0.4171129264663496, -0.2696015392473402], [0.23021938538709333, 0.17879493493131327, 0.4509987087044033], [0.44007637744128747, -0.2870846691060458, -0.11083142244223151]]	0.7376659010419248	0.40716748409109177	[[0.29098235150701734, 0.4149957850174087, -0.3435029613756067], [0.41648289156945295, 0.3153350276601283, 0.7027448756448843], [0.5189786051119512, -0.373214978207912, -0.03829620970452719]]	[[0.01046795105244813, -0.1579842655303819, 0.02684351744100092], [0.10023492439737855, 0.06972784467847692, 0.0832165740416861], [-0.0855458989051641, 0.021147741761996002, 0.11395079585154858]]	0.475311850783711	[[0.34377998494118484, 0.3437799849411849, -0.4861783171762421], [0.5, 0.5000000000000001, 0.7071067811865475], [0.4861783171762421, -0.486178317176242, 0.0]]
6	[[-0.3195682178843842, -0.5708200961323295, -0.7563336379995778], [0.910087742671785, 0.03735879733279218, -0.41272826520656647], [0.2638493031197415, -0.8202248094963509, 0.507557688474819]]	0.49760776548820246	0.5023922345117975	[[-0.1590196268224955, -0.28404451253216945, -0.37635749156853276], [0.45286672802910916, 0.018590027662097344, -0.20537678980326188], [0.131293462151034, -0.40815023465146577, 0.25256464721831184]]	0.6763262233582059	0.5117990588160788	[[-0.23331691294599086, -0.3660683521541857, -0.3686024418953352], [0.7781461079198613, 0.012008664176552747, -0.22682804364805084], [0.15595788285913068, -0.36860244189533514, 0.3067534989683072]]	[[-0.017184547038933018, 0.019992247679960794, 0.14292583109169169], [0.1626299019940581, -0.013258070132739198, 0.05231090523229027], [-0.02249031985553852, 0.18613710581603576, -0.036521075614287905]]	0.562425534728636	[[-0.08349206393404732, -0.486627410134244, -0.28505973703414555], [0.8535533905932738, 0.14644660940672602, -0.5], [0.28505973703414555, -0.2850597370341456, 0.4031353462001968]]
6	[[0.04673222253661188, -0.9725397674033924, -0.22799671093185395], [-0.8377629715199755, -0.16246744520517667, 0.5213036857710898], [-0.5440306084466285, 0.16664552219444034, -0.8223502702654952]]	0.5226217020524535	0.4773782979475465	[[0.02442327368277814, -0.508270388554058, -0.11915602912956674], [-0.43783311009229076, -0.08490901274124313, 0.2724446195439043], [-0.28432220255500895, 0.08709256644867833, -0.4297780979294482]]	0.6936803525655413	0.47626705764254595	[[0.0003765761695323378, -0.692801835936211, -0.1056509616527673], [-0.6704413540061, -0.14830354407166285, 0.28025703176642425], [-0.23873194761075983, 0.014234775255452038, -0.5004302337956438]]	[[-0.032040648435835824, -0.018170107199816432, 0.052505877170224945], [-0.0893016405557681, -0.035603069401313234, -0.08136109277298137], [0.13865139666294338, -0.10136394933385606, 0.07001799161449299]]	0.5076369038785186	[[-0.08349206393404732, -0.486627410134244, -0.28505973703414555], [-0.8535533905932738, -0.14644660940672602, 0.5], [-0.28505973703414555, 0.2850597370341456, -0.4031353462001968]]
6	[[0.5319609947059123, -0.8460851799387872, 0.03402011756955908], [-0.703274286200726, -0.4190807785627857, 0.5742617690636116], [-0.47161719485230363, -0.3294103357928521, -0.8179645788128509]]	0.5558205423800837	0.44417945761991634	[[0.295674848602489, -0.47027152361332736, 0.018909080199346534], [-0.39089429519805385, -0.23293370564183533, 0.3191864879490829], [-0.262134525038581, -0.18309303150598855, -0.45464151584345547]]	0.701781825433341	0.48969588237472955	[[0.423513453226275, -0.5405194594568123, 0.08146921490397234], [-0.530350024494891, -0.34074381513389146, 0.32850926598190044], [-0.24102059198926803, -0.11155333514346844, -0.4873851342565931]]	[[0.05019289530222409, 0.053247742592726535, 0.05759451469455032], [-0.03680491214461572, -0.046640541350073915, -0.07449720658814071], [0.08995178391993329, 0.11962085162584912, 0.08664754100250333]]	0.4921916176561707	[[0.44271397562068615, -0.4427139756206861, 0.0], [-0.5, -0.5000000000000001, 0.7071067811865475], [-0.313046054287443, -0.31304605428744303, -0.44271397562068615]]
6	[[0.08740825448676931, -0.06334395238859675, -0.994156597696443], [0.7119981850616444, -0.6940087028176986, 0.10681996481098455], [-0.6967197295301035, -0.717174639895393, -0.015561310176609944]]	0.6067676816309904	0.3932323183690097	[[0.05303650393034863, -0.03843506313617269, -0.6032220939624239], [0.4320174880753268, -0.4211020516404259, 0.06481490240026508], [-0.4227470150335516, -0.435158393573868, -0.009442100099002357]]	0.8346866468553679	0.2793539720251149	[[0.04709569002895403, -0.047095690028954036, -0.7182271169445693], [0.6787344581982713, -0.6640959822543792, 0.09686916994260279], [-0.5163179731980374, -0.5273709383628805, 0.0]]	[[-0.02586281281608811, 0.0057766611888498635, 0.11158212003581577], [0.08443908054205938, -0.0848161852110308, 0.0077079716973137095], [0.06522468164142352, 0.07124515702111094, 0.012988817811990867]]	0.28149905871089487	[[0.0, 0.0, -0.7550625630160002], [0.7071067811865475, -0.7071067811865476, 0.0], [-0.5339098585287086, -0.5339098585287085, 0.0]]
6	[[-0.30792515101507295, 0.09349718223056193, 0.9468053539599837], [0.3027085282091916, -0.9338174967034747, 0.1906631317268273], [0.9019698710720718, 0.34531602882779927, 0.2592434992682147]]	0.589927356978073	0.41007264302192725	[[-0.18165347048539596, 0.05515654559817264, 0.5585463800343019], [0.17857604198117083, -0.5508844877301611, 0.11247739737276939], [0.5320967021154004, 0.20371137220854765, 0.15293483233704488]]	0.7918844575206905	0.3115847846119716	[[-0.1750620271188886, 0.06928529022087401, 0.716197684289184], [0.26109158183467207, -0.8380999808427458, 0.1297696401632346], [0.6580389392899069, 0.23839182805116932, 0.1057767368980146]]	[[0.06877911404965908, -0.004753675209487681, -0.0335627598091031], [0.021381403186849716, -0.09862441904238564, -0.021213530473459995], [-0.056216982764008036, -0.03505856811033159, -0.09951416088576112]]	0.4849639928437081	[[0.0, 0.0, 0.9106000000000001], [0.0, -1.0, 0.0], [0.9106000000000001, 0.0, 0.0]]
6	[[-0.42203838922340475, -0.825029846081567, 0.3757783270710803], [0.2588054115689476, 0.28760896992378115, 0.9221175843470338], [-0.8688517462515349, 0.4864224845687207, 0.09214016247897017]]	0.5228919259061228	0.4771080740938773	[[-0.22068046614734396, -0.43140144514762263, 0.19649145315597805], [0.13532726009021373, 0.15038840819132201, 0.4821678395911221], [-0.4543155629243629, 0.25434638976017965, 0.04817934701193179]]	0.7311498371928472	0.42319819092538596	[[-0.21349294049004974, -0.4759744771026929, 0.25949919800303156], [0.2696569866442656, 0.23561503558942362, 0.8279379565958932], [-0.5496745276501142, 0.27908166685446045, 0.022842945057480038]]	[[0.0950803590797741, 0.1272459605390845, -0.015251064655589282], [0.0804314521110017, 0.02532978405444846, 0.15373183492789788], [0.08558628516641664, -0.07656605354489993, -0.04452531973794149]]	0.5868127775780141	[[-0.34377998494118484, -0.3437799849411849, 0.4861783171762421], [0.5, 0.5000000000000001, 0.7071067811865475], [-0.4861783171762421, 0.486178317176242, 0.0]]
6	[[-0.8305561570912853, 0.32773595720904825, 0.4502950280316503], [-0.5100865793185324, -0.772219296347621, -0.37879947194723407], [0.22358030216652452, -0.5443036842615101, 0.808545204538665]]	0.5175412901805638	0.4824587098194361	[[-0.42984710510843477, 0.16961689013253284, 0.23304626976939344], [-0.26399086636430374, -0.399655370934075, -0.1960443674312878], [0.11571203804222345, -0.2816996310027362, 0.4184555283262486]]	0.7140362674727105	0.435473381335106	[[-0.4971559307310203, 0.16864007456893335, 0.24364355412926975], [-0.43828981663190897, -0.6704156607233953, -0.2646133667202328], [0.1403847964746037, -0.34100730960853004, 0.46522341623834523]]	[[0.09589128760491937, -0.06537528503321148, -0.07788342694796943], [-0.07406949944738134, -0.11902307668893711, 0.0058631943496040215], [-0.019259647964802274, 0.047645261473203394, -0.11210718369340232]]	0.5610347237914999	[[-0.44271397562068615, 0.31304605428744303, 0.313046054287443], [-0.7071067811865475, -0.5000000000000001, -0.5], [0.0, -0.4427139756206861, 0.44271397562068615]]
6	[[-0.5446221603179724, 0.8109226453022452, -0.2139887049042392], [-0.8354447797583356, -0.5021691245819775, 0.22328947644507607], [0.07361197229480154, 0.30038414347728, 0.9509735242804028]]	0.5803184210579458	0.4196815789420541	[[-0.3160542721488933, 0.47059334912193157, -0.1241815873542628], [-0.4848239954704607, -0.29141799348146413, 0.1295789964094619], [0.042718383533080495, 0.17431845185357858, 0.5518674540783135]]	0.7563463484803428	0.344079642762173	[[-0.42945656582315606, 0.580386998549824, -0.0805242510618191], [-0.7307282450944192, -0.3892168849772533, 0.1080528424433935], [0.06751117426824753, 0.08730588588965564, 0.6935716034164532]]	[[-0.017533583565181796, -0.032951383124549316, 0.08132532450853988], [-0.09884263656723791, -0.00940310128010438, -0.0608313377199273], [0.011835027818638228, -0.1398885641707805, -0.02569374917451207]]	0.44335256833518155	[[-0.5863275406640771, 0.586327540664077, 0.0], [-0.7071067811865475, -0.7071067811865476, 0.0], [0.0, 0.0, 0.8291923600000002]]
6	[[0.8592155572171323, 0.2624339665249735, -0.4391776855101157], [-0.4266000482917053, 0.8413623931712975, -0.33184593135155627], [0.2824199444684594, 0.4724804086637203, 0.8348660002631537]]	0.5282806261374201	0.47171937386257984	[[0.45390693255367903, 0.13863878015553976, -0.23200906268686694], [-0.2253645406217958, 0.4444754518730113, -0.17530777639555548], [0.14919698509749313, 0.24960224612653437, 0.44104353335986246]]	0.7341141189264137	0.4668472768056154	[[0.45138332050672647, 0.18025711451556997, -0.2833133143214808], [-0.3505978545397571, 0.7496061602880666, -0.2539063492274678], [0.23557292621287806, 0.3069706712584715, 0.4466372348758867]]	[[-0.1793789512475964, -0.012399365596274924, 0.03909322532891941], [-0.03742473595412636, 0.1319501483273008, -0.010293565714004905], [0.02824445751216829, -0.03988386765768743, -0.1662496833289175]]	0.5692357895778046	[[0.5344030420977861, -0.09168906647709996, -0.313046054287443], [-0.14644660940672619, 0.8535533905932737, -0.5], [0.313046054287443, 0.31304605428744303, 0.44271397562068615]]
