6	[[0.8489524140446696, -0.5135124485683378, 0.12483895166604869], [0.522794976890395, 0.7815435453534784, -0.34040431673891397], [0.0772347773085365, 0.35425224329800037, 0.9319550081910795]]	0.8310401890472864	0.16895981095271378	[[0.7055135746598323, -0.4267494823363662, 0.10374618599301814], [0.43446363642796554, 0.649494095679241, -0.28288966773521945], [0.06418520393551123, 0.29439785124079554, 0.7744920661906801]]	0.9054718750048241	0.15923710604231128	[[0.748928458106346, -0.47123165099296727, 0.06701280742546088], [0.5085999665776443, 0.6669170481804715, -0.29553341310032577], [0.021971136814329686, 0.29347525648326633, 0.8302854964437933]]	[[-0.019774076028552762, -0.006260571349476135, -0.046025352213232826], [0.03522381860959462, -0.040748651228660226, 0.012693121836994585], [-0.0479627818108109, -0.02729018648043918, -0.01357355224311942]]	0.4337434663176364	[[0.6919746960691554, -0.6919746960691553, 0.0], [0.7071067811865475, 0.7071067811865476, 0.0], [0.0, 0.0, 0.9785999999999999]]
6	[[0.3802729664721569, 0.7767473726770865, -0.5020517802076895], [0.4287143634067757, 0.332951791095048, 0.839849450446521], [0.8195098935212374, -0.5346088512602871, -0.20639019011321075]]	0.7769637497223794	0.22303625027762083	[[0.29545830994825967, 0.6035045512621955, -0.39007603370496224], [0.33309551935237114, 0.2586914720859908, 0.6525325782212088], [0.6367294798048485, -0.4153716977099664, -0.16035769601627498]]	0.853028836968882	0.237858360733009	[[0.34590772392300806, 0.6023833794684916, -0.43291000818118863], [0.4025338763812874, 0.29222754646620797, 0.7185107366640296], [0.66389558816074, -0.43291000818118863, -0.08176746188626993]]	[[0.021523917602557476, -0.060204528464877984, -0.004645362012466578], [0.03682816157255095, 0.008210067341693062, 0.0020949367206792822], [-0.03516998319417331, 0.023126758442644096, 0.0942893219477887]]	0.3778392611071963	[[0.4585543841756805, 0.4585543841756806, -0.6484938291868901], [0.5, 0.5000000000000001, 0.7071067811865475], [0.6484938291868901, -0.64849382918689, 0.0]]
6	[[-0.30792515101507295, 0.09349718223056193, 0.9468053539599837], [0.3027085282091916, -0.9338174967034747, 0.1906631317268273], [0.9019698710720718, 0.34531602882779927, 0.2592434992682147]]	0.8157805399631453	0.18421946003685488	[[-0.2511993459633093, 0.07627318180508039, 0.7723853828934722], [0.24694372659394326, -0.7617901416877932, 0.15553927255117544], [0.7358094684536632, 0.2817020964550711, 0.21148580181495946]]	0.8492283581209519	0.26213061064984894	[[-0.25625364815707163, 0.07884569735580377, 0.7433067182572903], [0.24371880045781985, -0.8497648522326432, 0.11898093082725879], [0.6800027261935522, 0.2643340107279778, 0.17740795080126787]]	[[0.00524512226360492, -0.0005547611987917669, -0.060747237946273236], [-0.013349865942481765, -0.05674055272253414, -0.04293560748331354], [-0.08597566649155003, -0.02891815346630144, -0.042748980435808305]]	0.3877706803884048	[[-0.4391382560987384, -0.12862061733288574, 0.7496558948645914], [0.5, -0.8535533905932737, 0.14644660940672619], [0.6210352775317056, 0.4391382560987385, 0.4391382560987384]]
6	[[0.034229894132735264, 0.2773841392786001, 0.9601491309293217], [-0.1827544195208179, -0.9427759796974285, 0.2788803941677556], [0.9825625356654255, -0.18501754344446375, 0.018422055382213542]]	0.8757521012609176	0.12424789873908255	[[0.029976901712681667, 0.24291974282968504, 0.8408526189351972], [-0.16004756691007552, -0.8256380452383432, 0.24423009119288494], [0.8604812052292519, -0.16202950244162223, 0.016133153710518502]]	0.921752871309647	0.12562267045656125	[[0.009018152797115474, 0.23842923885759706, 0.8658077146721314], [-0.16467704474580425, -0.8269249808558672, 0.25316301377994443], [0.8993267728555273, -0.16124251518938731, 0.0]]	[[-0.022533350404358492, -0.01725038797820762, -0.019212503647433304], [0.0037773661920374405, 0.04208148543200295, -0.00389579029615037], [-0.006353065635366022, 0.009297936723204479, -0.016980582443980666]]	0.3474450398240411	[[0.0, 0.0, 0.9785999999999999], [0.0, -1.0, 0.0], [0.9785999999999999, 0.0, 0.0]]
6	[[0.08740825448676931, -0.06334395238859675, -0.994156597696443], [0.7119981850616444, -0.6940087028176986, 0.10681996481098455], [-0.6967197295301035, -0.717174639895393, -0.015561310176609944]]	0.8700908342494248	0.1299091657505752	[[0.07605312106667915, -0.055114992378449995, -0.865006543464268], [0.6195030948243625, -0.6038506112110124, 0.09294307229688376], [-0.6062094507048814, -0.6240070807291134, -0.013539753353580609]]	0.9340037662508818	0.1009421698122756	[[0.06368239158636094, -0.055667246706172895, -0.8968924391007682], [0.6810046920297276, -0.6631827606080367, 0.09820045884817241], [-0.6433518601143886, -0.6630164914039373, 0.0]]	[[-0.017957247305697147, 0.0034962433939930092, 0.031653567390872446], [0.015995705618359363, -0.01497601836541717, -0.0015697905960738402], [0.007386991288023842, 0.006827323317979805, 0.014534322312751861]]	0.1427805146814531	[[0.0, 0.0, -0.9371640796559998], [0.7071067811865475, -0.7071067811865476, 0.0], [-0.6626750758092073, -0.6626750758092071, 0.0]]
6	[[-0.8305561570912853, 0.32773595720904825, 0.4502950280316503], [-0.5100865793185324, -0.772219296347621, -0.37879947194723407], [0.22358030216652452, -0.5443036842615101, 0.808545204538665]]	0.7918666672431307	0.20813333275686924	[[-0.6576897360741383, 0.2595231801708663, 0.3565736231235751], [-0.40392055957041506, -0.6114947205796261, -0.299958675404314], [0.1770457887378179, -0.43101594442431923, 0.6402599964334482]]	0.8089897169227853	0.24446340700257313	[[-0.6772514844138555, 0.3314766554784193, 0.3642456247364678], [-0.4959726325789456, -0.6271224529341106, -0.3693055692895636], [0.05642092303953397, -0.4782013214134524, 0.6635515806759393]]	[[-0.005340094000100296, 0.06634163623045333, -3.842252259458141e-05], [-0.08331783516993414, -0.002404982979536216, -0.06286069170847013], [-0.12445324231967352, -0.03786523796270418, 0.009446824536929261]]	0.40628847459974227	[[-0.6346160612422906, 0.448741320354321, 0.4487413203543209], [-0.7071067811865475, -0.5000000000000001, -0.5], [0.0, -0.6346160612422905, 0.6346160612422906]]
6	[[0.8787972042104137, -0.3840163418041313, 0.28327887866788265], [-0.395223040501579, -0.9183905790867732, -0.018907472103605397], [0.2674214316928388, -0.09534250611366366, -0.9588511794847616]]	0.7916373554860688	0.2083626445139311	[[0.6956886947496829, -0.3040016812892568, 0.2242541423737016], [-0.3128733226098335, -0.7270322893315725, -0.014967861215024796], [0.21170079498561728, -0.07547668940523505, -0.7590624120320147]]	0.8469368285452157	0.24861926099917064	[[0.6924034624289372, -0.31348580123812675, 0.14494205506309976], [-0.35943836630279724, -0.8404990656924325, -0.025630952513712307], [0.13221194209375126, -0.05527889707828136, -0.8120863769996636]]	[[-0.051882254639432954, 0.011751781398999787, -0.09497726002972177], [-0.024709417812392564, -0.06268026127487658, -0.009617518054477619], [-0.09427711714920262, 0.025470182675177776, 0.0]]	0.47668335123719113	[[0.6771664375732754, -0.6771664375732753, 0.0], [-0.7071067811865475, -0.7071067811865476, 0.0], [0.0, 0.0, -0.9576579599999998]]
6	[[-0.42203838922340475, -0.825029846081567, 0.3757783270710803], [0.2588054115689476, 0.28760896992378115, 0.9221175843470338], [-0.8688517462515349, 0.4864224845687207, 0.09214016247897017]]	0.7538953662202768	0.2461046337797234	[[-0.31817278600259447, -0.6219861779543215, 0.283297539504895], [0.1951122005345612, 0.21682706970892565, 0.6951801739494639], [-0.655023305431428, 0.3667116571417126, 0.06946404153567902]]	0.8523113311250554	0.24200523376882604	[[-0.2811518654651371, -0.6359569028862241, 0.33277885929823314], [0.25657827747989964, 0.23208536345665437, 0.8305646897371244], [-0.7392554934277504, 0.3751461150140984, 0.022462666213194343]]	[[0.07855623583973734, 0.06722538344545587, 0.012498733144334218], [0.03599549264320215, -0.013047020542589615, 0.044633423968483625], [0.0012766949702241537, -0.03943728029782469, -0.056069438319335585]]	0.49538000075910854	[[-0.4585543841756805, -0.4585543841756806, 0.6484938291868901], [0.5, 0.5000000000000001, 0.7071067811865475], [-0.6484938291868901, 0.64849382918689, 0.0]]
6	[[0.5319609947059123, -0.8460851799387872, 0.03402011756955908], [-0.703274286200726, -0.4190807785627857, 0.5742617690636116], [-0.47161719485230363, -0.3294103357928521, -0.8179645788128509]]	0.7959726133430115	0.20402738665698852	[[0.42342638315261294, -0.6734606317866686, 0.027079081888078435], [-0.5597870714841329, -0.33357682251444437, 0.45709664106454395], [-0.37539437108408835, -0.2622016058432355, -0.6510774034196806]]	0.8455465028431348	0.19901138241170252	[[0.5038178112166586, -0.6941675971134759, 0.0067729805186709435], [-0.5928323909591273, -0.3897198410557125, 0.5685948527320356], [-0.36583143170105625, -0.35625299079386313, -0.6873946165948049]]	[[0.054020052494119106, 0.021236767891170173, -0.02199261091858203], [0.0018187222773985354, -0.035367554333170736, 0.08302982218378685], [0.032942838086998404, -0.07772123336383423, 0.004232472469958883]]	0.32378376993961694	[[0.6346160612422906, -0.6346160612422905, 0.0], [-0.5, -0.5000000000000001, 0.7071067811865475], [-0.4487413203543209, -0.448741320354321, -0.6346160612422906]]
6	[[-0.5446221603179724, 0.8109226453022452, -0.2139887049042392], [-0.8354447797583356, -0.5021691245819775, 0.22328947644507607], [0.07361197229480154, 0.30038414347728, 0.9509735242804028]]	0.804510077857408	0.195489922142592	[[-0.43815401660028175, 0.6523954405084446, -0.17215606964311542], [-0.6721237448089437, -0.4040001215150332, 0.17963863407956804], [0.05922157356212816, 0.24166207065603734, 0.7650677840591605]]	0.8576616167482679	0.16907921782351354	[[-0.4839116539197407, 0.6786870956432116, -0.13326410726783558], [-0.7623758309108534, -0.44803646259598756, 0.21023712705261524], [0.047320300251432544, 0.21532141166433516, 0.8324236217036228]]	[[-0.016810131384494262, -0.01681013138449426, 0.05026579134620217], [-0.045846910399418656, -0.017345279325946462, 0.018730313681857035], [-0.015813862918955663, -0.04230653847593242, 0.016810131384494262]]	0.39252290882944063	[[-0.6771664375732754, 0.6771664375732753, 0.0], [-0.7071067811865475, -0.7071067811865476, 0.0], [0.0, 0.0, 0.9576579599999998]]
6	[[-0.3195682178843842, -0.5708200961323295, -0.7563336379995778], [0.910087742671785, 0.03735879733279218, -0.41272826520656647], [0.2638493031197415, -0.8202248094963509, 0.507557688474819]]	0.775342650574768	0.2246573494252321	[[-0.2477748690939334, -0.4425811663365843, -0.5864177276054496], [0.7056298426587491, 0.02896586894629267, -0.3200058271123851], [0.20457361803316576, -0.6359552778620849, 0.3935311235016686]]	0.8123682209212519	0.20488148438947215	[[-0.2962409237793652, -0.4890090537414646, -0.6047985194998239], [0.7771712427068671, 0.011841985426034672, -0.311666293873069], [0.19392387616913095, -0.6416353418661451, 0.4416026167331435]]	[[-0.03663385915365307, -0.025292947780346024, 0.009622892424791047], [0.03784488231035107, -0.018507114298963363, 0.023621032656704004], [-0.020418912797565553, 0.024689227379878317, 0.029278880331951796]]	0.4429015800071462	[[-0.12862061733288588, -0.7496558948645913, -0.4391382560987384], [0.8535533905932738, 0.14644660940672602, -0.5], [0.4391382560987384, -0.4391382560987385, 0.6210352775317056]]
6	[[0.8592155572171323, 0.2624339665249735, -0.4391776855101157], [-0.4266000482917053, 0.8413623931712975, -0.33184593135155627], [0.2824199444684594, 0.4724804086637203, 0.8348660002631537]]	0.803812574363944	0.19618742563605598	[[0.6906482689802539, 0.21094772223298014, -0.3530165459930848], [-0.34290648304113847, 0.6762976712280298, -0.2667419323718951], [0.22701270261491452, 0.3797856936245134, 0.6710757889204547]]	0.8345279660693595	0.20432839905272207	[[0.7335066545031691, 0.16423034710587583, -0.33248161705611345], [-0.35179800205810746, 0.7475224887804197, -0.3909148062467318], [0.2514432034161351, 0.3903371357861663, 0.7041849325520101]]	[[0.016467243123604185, -0.05477813720572481, 0.03402444357569219], [0.004211668567859845, 0.04538204207992815, -0.11398009610752532], [0.015755861581450224, -0.003960978663588039, 0.007465907411939132]]	0.43957403101083764	[[0.7660493509754663, -0.1314332897331757, -0.4487413203543209], [-0.14644660940672619, 0.8535533905932737, -0.5], [0.4487413203543209, 0.448741320354321, 0.6346160612422906]]
6	[[0.04673222253661188, -0.9725397674033924, -0.22799671093185395], [-0.8377629715199755, -0.16246744520517667, 0.5213036857710898], [-0.5440306084466285, 0.16664552219444034, -0.8223502702654952]]	0.7620162792349384	0.2379837207650617	[[0.03561071433772818, -0.7410911349647453, -0.17373720534209514], [-0.6383890224384574, -0.123802838092055, 0.39724189498274526], [-0.4145601800384196, 0.12698660077377077, -0.6266442931755586]]	0.7912033393368576	0.35297933329668585	[[-0.03614478147405599, -0.8513188721269729, -0.16035711971733072], [-0.6911900627313884, -0.15545357219994344, 0.2747787873023705], [-0.2994535418365539, 0.050066413687163414, -0.6133907656471546]]	[[-0.07311947199965659, -0.08184216051951788, 0.020034639329772373], [-0.028349202092015087, -0.02690878702007967, -0.1376784296883276], [0.13098529226788092, -0.0817840799586122, 0.037255514291472634]]	0.35522292234923414	[[-0.12862061733288588, -0.7496558948645913, -0.4391382560987384], [-0.8535533905932738, -0.14644660940672602, 0.5], [-0.4391382560987384, 0.4391382560987385, -0.6210352775317056]]
6	[[0.22433838825039393, -0.7661379269479729, -0.6022499185961573], [-0.9416906372873723, -0.011392912655017143, -0.3362869982418849], [0.2507808429735371, 0.642575192824231, -0.724020780340167]]	0.7813495140253455	0.2186504859746547	[[0.1752866906366746, -0.5986214968971842, -0.4705676812169114], [-0.7357895218067064, -0.00890184676633088, -0.2627576826493389], [0.19594748978423965, 0.5020758146379556, -0.5657132848630407]]	0.7910366826385551	0.20016139651611353	[[0.16536403659092602, -0.6765430301032553, -0.43510393584269563], [-0.8251824871231517, -0.022784477936522, -0.31303680922167243], [0.23967468797803565, 0.4670027069945611, -0.6311309643292692]]	[[-0.012095857839145794, -0.07049982592675111, 0.04129784188294844], [-0.08027064933156212, -0.013772266104306406, -0.04702145771793427], [0.04129784188294844, -0.04129784188294845, -0.05840396808760534]]	0.33441083732304167	[[0.12862061733288588, -0.7496558948645913, -0.4391382560987384], [-0.8535533905932738, 0.14644660940672602, -0.5], [0.4391382560987384, 0.4391382560987385, -0.6210352775317056]]
