6	[[0.22433838825039393, -0.7661379269479729, -0.6022499185961573], [-0.9416906372873723, -0.011392912655017143, -0.3362869982418849], [0.2507808429735371, 0.642575192824231, -0.724020780340167]]	0.5324543920003812	0.46754560799961875	[[0.11944996011820896, -0.40793350408151546, -0.320670614238396], [-0.5014073157292993, -0.006066206380840631, -0.1790574891865161], [0.13352936127081774, 0.3421419836097537, -0.38550804439166525]]	0.7070570440568916	0.4774179951746964	[[0.1817315360479524, -0.4523312355949988, -0.32982578913842964], [-0.8214526591585078, 0.04982054098935415, -0.1991836846040472], [0.14657937600416027, 0.32982578913842964, -0.3810275265327955]]	[[0.023111498383141617, 0.08937198237270969, 0.09599925808767301], [-0.1556236607420479, 0.05787598013440879, 0.03859040632762505], [-0.030736985534804383, -0.12451152728415839, 0.130896466250287]]	0.4860380840056299	[[0.09245022684268273, -0.5388394098188297, -0.31564481833075614], [-0.8535533905932738, 0.14644660940672602, -0.5], [0.31564481833075614, 0.3156448183307562, -0.44638918297614716]]
6	[[0.8787972042104137, -0.3840163418041313, 0.28327887866788265], [-0.395223040501579, -0.9183905790867732, -0.018907472103605397], [0.2674214316928388, -0.09534250611366366, -0.9588511794847616]]	0.6028713583673796	0.3971286416326205	[[0.5298016642317875, -0.2315124536187285, 0.17078072237929456], [-0.23826865128527283, -0.5536713759258474, -0.01139877339039393], [0.16122072178121116, -0.05747926617089459, -0.5780639130481424]]	0.8012403131355398	0.32332524894527137	[[0.6166066283116207, -0.23617219312288432, 0.1785859619152406], [-0.32197872185699816, -0.8578173495577268, -0.021280561174890706], [0.16200246333753504, -0.05829156082297393, -0.7068706972714507]]	[[-0.08752111877256823, 0.07151718083342237, -0.04838849553329827], [-0.005310089127132826, -0.1219657943895109, -0.006131132305996439], [-0.05226636833118947, 0.018100698630665074, 0.06139952202930137]]	0.5056049381196777	[[0.6065890349407387, -0.6065890349407387, 0.0], [-0.7071067811865475, -0.7071067811865476, 0.0], [0.0, 0.0, -0.8578464399999999]]
6	[[0.08740825448676931, -0.06334395238859675, -0.994156597696443], [0.7119981850616444, -0.6940087028176986, 0.10681996481098455], [-0.6967197295301035, -0.717174639895393, -0.015561310176609944]]	0.6549775727223878	0.3450224272776124	[[0.05725044635964492, -0.04148886818212559, -0.6511502752651637], [0.4663428430344212, -0.4545601356197491, 0.06996468127018952], [-0.4563357973154257, -0.4697333048567369, -0.01019230916785617]]	0.8559373585841191	0.23929498663674753	[[0.04908228138742634, -0.049082281387426346, -0.7584433446361063], [0.6741244298998936, -0.665535934361761, 0.09432365738470824], [-0.5447333231031127, -0.5520367035169762, 0.0]]	[[-0.02573370907642745, 0.005136173902347354, 0.09249242761516188], [0.06469858406154314, -0.07150795843758925, 0.0028924588603455714], [0.05161512186432582, 0.06181986339860309, 0.013319506728675688]]	0.24793129410294393	[[0.0, 0.0, -0.7945373727279997], [0.7071067811865475, -0.7071067811865476, 0.0], [-0.5618227641621121, -0.561822764162112, 0.0]]
6	[[-0.8305561570912853, 0.32773595720904825, 0.4502950280316503], [-0.5100865793185324, -0.772219296347621, -0.37879947194723407], [0.22358030216652452, -0.5443036842615101, 0.808545204538665]]	0.5509918508923194	0.44900814910768055	[[-0.4576296742657393, 0.18057984166657948, 0.24810889094276778], [-0.2810535484540501, -0.4254865393893402, -0.2087154221652397], [0.12319092451379743, -0.2999068944387581, 0.445501818778868]]	0.7345926831686799	0.4241245371230175	[[-0.5013948509526478, 0.18641452854550997, 0.2567060144845047], [-0.44729065244519783, -0.6760510470540246, -0.2686930696036339], [0.15719770152676485, -0.36917590088481245, 0.4765592006363285]]	[[0.10872562500730697, -0.054337907631540436, -0.07407741837478123], [-0.07258478349526354, -0.10878440215539581, 0.009570250876963768], [-0.007042752545406594, 0.030665602995448144, -0.11739219062889839]]	0.5253074571832254	[[-0.48195765814742736, 0.34079552832083376, 0.3407955283208337], [-0.7071067811865475, -0.5000000000000001, -0.5], [0.0, -0.4819576581474273, 0.48195765814742736]]
6	[[0.3802729664721569, 0.7767473726770865, -0.5020517802076895], [0.4287143634067757, 0.332951791095048, 0.839849450446521], [0.8195098935212374, -0.5346088512602871, -0.20639019011321075]]	0.5770349775984757	0.42296502240152467	[[0.21943080268956697, 0.44821040279239743, -0.28970143774541884], [0.2473831830845736, 0.1921248293159033, 0.48462250882450036], [0.4728858730497565, -0.30848800651092656, -0.1190943587285217]]	0.7642112171938097	0.36036735178732027	[[0.3046722629894371, 0.45450841581213436, -0.3653937555958755], [0.40834074742030896, 0.31196159780834015, 0.7151067614989222], [0.5540538579251056, -0.3893456773220793, -0.041525969076485106]]	[[0.014063396415849295, -0.13909063931351567, 0.01827984645096189], [0.08071242193274758, 0.05751610426873446, 0.0732843907136341], [-0.07222479530512838, 0.01920840362212903, 0.11619972932679346]]	0.44846102050766534	[[0.3679502573103366, 0.36795025731033665, -0.5203602441669481], [0.5, 0.5000000000000001, 0.7071067811865475], [0.5203602441669481, -0.5203602441669481, 0.0]]
6	[[0.8592155572171323, 0.2624339665249735, -0.4391776855101157], [-0.4266000482917053, 0.8413623931712975, -0.33184593135155627], [0.2824199444684594, 0.4724804086637203, 0.8348660002631537]]	0.5728147574659812	0.42718524253401885	[[0.4921713510183296, 0.15032604888583817, -0.2515674594099479], [-0.24436280319718903, 0.4819447951854142, -0.1900862466832143], [0.16177431199425646, 0.2706437506961366, 0.47822356545733224]]	0.7497170535086575	0.4428470533203548	[[0.47415671225587463, 0.19313464105049877, -0.2883672933540885], [-0.3547135900157654, 0.749478625927252, -0.25009850893500624], [0.2402550047701325, 0.3148659518286049, 0.4718462409500849]]	[[-0.17001184362975322, -0.0036165790731940532, 0.04089170699330724], [-0.03488425878385716, 0.11869489158587444, -0.001307955063281194], [0.028519956151160434, -0.039360667995325935, -0.1540670368417648]]	0.5369752833130609	[[0.5817743573945475, -0.09981669924712008, -0.3407955283208337], [-0.14644660940672619, 0.8535533905932737, -0.5], [0.3407955283208337, 0.34079552832083376, 0.48195765814742736]]
6	[[-0.5446221603179724, 0.8109226453022452, -0.2139887049042392], [-0.8354447797583356, -0.5021691245819775, 0.22328947644507607], [0.07361197229480154, 0.30038414347728, 0.9509735242804028]]	0.6184993114938961	0.38150068850610386	[[-0.3368484311809842, 0.5015550977942477, -0.1323518666507425], [-0.5167220210717004, -0.31059125780744556, 0.13810438744511208], [0.04552895418204253, 0.18578738592438143, 0.5881764700163532]]	0.775615930934958	0.32343919750009975	[[-0.44999037671238673, 0.5949617192819283, -0.09233562078403357], [-0.732804876841269, -0.3971781145414808, 0.10267856143787492], [0.07054049966796282, 0.09735632731871333, 0.7128929813249739]]	[[-0.027572752829554653, -0.034002803170411273, 0.07363742777983392], [-0.08482059624425677, -0.007687741492037483, -0.0705083137030521], [0.013445881248572, -0.13562639976251717, -0.02469723400426861]]	0.43040906165772724	[[-0.6065890349407387, 0.6065890349407387, 0.0], [-0.7071067811865475, -0.7071067811865476, 0.0], [0.0, 0.0, 0.8578464399999999]]
6	[[0.5319609947059123, -0.8460851799387872, 0.03402011756955908], [-0.703274286200726, -0.4190807785627857, 0.5742617690636116], [-0.47161719485230363, -0.3294103357928521, -0.8179645788128509]]	0.5932445888938429	0.4067554111061573	[[0.3155829816118687, -0.5019354547419589, 0.02018225066167329], [-0.4172136647967606, -0.24861740419179135, 0.34067768710559315], [-0.27978434887542225, -0.1954208992348133, -0.48525306028755505]]	0.7218546046235182	0.4654587040717449	[[0.44335448167830643, -0.5736003441554507, 0.08970423718728247], [-0.5177777559285972, -0.3488119157888662, 0.3377396178343125], [-0.24602385845161467, -0.10814116883672543, -0.5188567520916294]]	[[0.05935598816973663, 0.03715013888708074, 0.06514665866986283], [-0.010115974121285155, -0.04629652607411041, -0.07679388442350309], [0.09441518527214762, 0.1296451988659242, 0.07159474554336367]]	0.4524589454271948	[[0.48195765814742736, -0.4819576581474273, 0.0], [-0.5, -0.5000000000000001, 0.7071067811865475], [-0.3407955283208337, -0.34079552832083376, -0.48195765814742736]]
6	[[-0.42203838922340475, -0.825029846081567, 0.3757783270710803], [0.2588054115689476, 0.28760896992378115, 0.9221175843470338], [-0.8688517462515349, 0.4864224845687207, 0.09214016247897017]]	0.5658208299698986	0.4341791700301015	[[-0.23879811166954598, -0.46681907225980995, 0.21262320490805858], [0.14643749277464313, 0.1627351460690615, 0.5217533369050766], [-0.4916144161848392, 0.2752279739346937, 0.052134823207412216]]	0.7605193048356521	0.38579940644611815	[[-0.2327084253918459, -0.5031920892288274, 0.2801260991351627], [0.269165546633583, 0.23589113578627097, 0.8285437610526837], [-0.5852391240781815, 0.30461275520139935, 0.02448665606623671]]	[[0.08825991699429622, 0.124259035781791, -0.005660572941239665], [0.07233903493946214, 0.017158961915338892, 0.12725553682834664], [0.07553940198627843, -0.06532093461923484, -0.04558771624971371]]	0.5634718530700884	[[-0.3679502573103366, -0.36795025731033665, 0.5203602441669481], [0.5, 0.5000000000000001, 0.7071067811865475], [-0.5203602441669481, 0.5203602441669481, 0.0]]
6	[[-0.30792515101507295, 0.09349718223056193, 0.9468053539599837], [0.3027085282091916, -0.9338174967034747, 0.1906631317268273], [0.9019698710720718, 0.34531602882779927, 0.2592434992682147]]	0.6212444881497846	0.37875551185021566	[[-0.19129680283080416, 0.05808460911827258, 0.5881976074983455], [0.18805600466589387, -0.5801289727648634, 0.11844841967866782], [0.5603438108806965, 0.2145256795790424, 0.16105359500904112]]	0.8049773867682787	0.29338921624838654	[[-0.17909305013302657, 0.07487114867119911, 0.7371837455727532], [0.26101279066957594, -0.8366849111956809, 0.1332647116619776], [0.677921390882379, 0.24895577431292823, 0.1042219014618275]]	[[0.06877973325131445, -0.00039196875095615785, -0.02497315403616957], [0.01733927067926917, -0.08498294298082221, -0.02021479786853994], [-0.048143958876938626, -0.02901582018207318, -0.1044632531157642]]	0.48089202152379185	[[0.0, 0.0, 0.9261999999999999], [0.0, -1.0, 0.0], [0.9261999999999999, 0.0, 0.0]]
6	[[0.8489524140446696, -0.5135124485683378, 0.12483895166604869], [0.522794976890395, 0.7815435453534784, -0.34040431673891397], [0.0772347773085365, 0.35425224329800037, 0.9319550081910795]]	0.6919086494880057	0.3080913505119943	[[0.5873975182812297, -0.3553037047841976, 0.08637715045075417], [0.3617263664193464, 0.540756738981593, -0.23552869107470933], [0.05343941046105635, 0.24511019123841588, 0.644827731101073]]	0.8501340642736909	0.25132794943571884	[[0.6671093247732005, -0.41777770866475383, 0.05380986069312032], [0.4926885435463583, 0.6644599227765713, -0.31737686160615924], [0.021957443668073433, 0.2585996116618632, 0.7385080621573086]]	[[-0.05461404135355563, 0.01877671629178181, -0.05231998466640451], [0.04824272506065652, 4.3132158349019206e-05, -0.027987556320597594], [-0.04370247146850614, -0.042562287711138236, -0.053778636676394806]]	0.4521930323699398	[[0.6549223007349803, -0.6549223007349801, 0.0], [0.7071067811865475, 0.7071067811865476, 0.0], [0.0, 0.0, 0.9261999999999999]]
6	[[0.034229894132735264, 0.2773841392786001, 0.9601491309293217], [-0.1827544195208179, -0.9427759796974285, 0.2788803941677556], [0.9825625356654255, -0.18501754344446375, 0.018422055382213542]]	0.779593238651125	0.22040676134887513	[[0.026685394025624233, 0.2162467994906586, 0.748525770569253], [-0.14247410979204078, -0.7349817793348055, 0.2174132696855429], [0.7659991093566705, -0.14423842590114472, 0.014361709818030241]]	0.8782116085977776	0.18731469496084546	[[0.00919366070611441, 0.21532034830790983, 0.7940605199779274], [-0.1677690797527211, -0.8242007363416869, 0.2566478868263819], [0.823938902040278, -0.14699569206354712, 0.0]]	[[-0.02086742968232666, -0.028281622847459536, -0.049153592789270506], [-0.007272027006990499, 0.003756073335737707, 0.011731887257934951], [-0.0389589229543665, 0.015488862383624631, -0.0161784628908911]]	0.3710200412844189	[[0.0, 0.0, 0.9261999999999999], [0.0, -1.0, 0.0], [0.9261999999999999, 0.0, 0.0]]
6	[[-0.3195682178843842, -0.5708200961323295, -0.7563336379995778], [0.910087742671785, 0.03735879733279218, -0.41272826520656647], [0.2638493031197415, -0.8202248094963509, 0.507557688474819]]	0.5479731626288902	0.45202683737110977	[[-0.1751148070297843, -0.3127940933697598, -0.4144505356172429], [0.4987036586216457, 0.020471618326461858, -0.2261640127915775], [0.14458233708795343, -0.4494611829263943, 0.27812799177015557]]	0.695648249588563	0.4814563920824908	[[-0.23268729386813472, -0.3735009275458886, -0.40357760682815125], [0.7888375984899574, 0.013507323812120192, -0.2167573182243877], [0.15951182202912403, -0.40357760682815125, 0.3103713384288399]]	[[-0.010380222472726339, 0.02358907315854172, 0.12256456455120487], [0.15573665332832376, -0.012481258159170658, 0.07035637702228452], [-0.02403448384128634, 0.1670103461670977, -0.042710279123885045]]	0.5274699737647403	[[-0.09245022684268273, -0.5388394098188297, -0.31564481833075614], [0.8535533905932738, 0.14644660940672602, -0.5], [0.31564481833075614, -0.3156448183307562, 0.44638918297614716]]
6	[[0.04673222253661188, -0.9725397674033924, -0.22799671093185395], [-0.8377629715199755, -0.16246744520517667, 0.5213036857710898], [-0.5440306084466285, 0.16664552219444034, -0.8223502702654952]]	0.5507305063346688	0.449269493665331	[[0.02573686057973268, -0.5356073185326714, -0.12556474405413903], [-0.46138162549363293, -0.08947577836074701, 0.2870978428188414], [-0.29961425245136974, 0.09177677281654942, -0.4528933807277679]]	0.716509820892176	0.4487836312938502	[[-0.005261319323898667, -0.7252977035851317, -0.11612311014546677], [-0.6742594854717001, -0.15263685331828383, 0.28159144194903774], [-0.2521984741108259, 0.023963402843383084, -0.5231311567082728]]	[[-0.03874541572349985, -0.028463409032408238, 0.047238772368321164], [-0.07399408879782537, -0.0362273332535131, -0.09192776857323703], [0.1376047997071294, -0.09543975041663852, 0.06609088815028963]]	0.46532681133957493	[[-0.09245022684268273, -0.5388394098188297, -0.31564481833075614], [-0.8535533905932738, -0.14644660940672602, 0.5], [-0.31564481833075614, 0.3156448183307562, -0.44638918297614716]]
