6	[[-0.42203838922340475, -0.825029846081567, 0.3757783270710803], [0.2588054115689476, 0.28760896992378115, 0.9221175843470338], [-0.8688517462515349, 0.4864224845687207, 0.09214016247897017]]	0.8366517902197304	0.16334820978026976	[[-0.3530991738852129, -0.6902626977088517, 0.3143956100697946], [0.21653001090771407, 0.24062855956998402, 0.7714913277370391], [-0.7269263689368856, 0.4069662425175494, 0.07708923188916723]]	0.8754443800723218	0.2033855126123827	[[-0.2957424149579601, -0.6745836349023199, 0.34883190217906296], [0.254942098845046, 0.23172080215691843, 0.8299579810126597], [-0.7837267808168754, 0.3960683403974732, 0.022174593805045644]]	[[0.07372872106244467, 0.047684107241720626, 0.019858877591706955], [0.028372355754706598, -0.020064854221245158, 0.022695324030183935], [-0.023095402444946053, -0.029767490059029032, -0.058488993616119415]]	0.482371242638299	[[-0.4849724037161086, -0.4849724037161087, 0.685854550712001], [0.5, 0.5000000000000001, 0.7071067811865475], [-0.685854550712001, 0.6858545507120009, 0.0]]
6	[[0.8592155572171323, 0.2624339665249735, -0.4391776855101157], [-0.4266000482917053, 0.8413623931712975, -0.33184593135155627], [0.2824199444684594, 0.4724804086637203, 0.8348660002631537]]	0.8656773759758392	0.1343226240241609	[[0.7438034689693457, 0.22718314750827026, -0.38018618637953927], [-0.3692980103963297, 0.728348388765281, -0.2872715150806738], [0.24448455645069816, 0.40901560037200163, 0.7227246083992511]]	0.8765245279031898	0.16190080316499167	[[0.7639301399242828, 0.14890248155174504, -0.37418773283204454], [-0.3599288739361772, 0.7603021302406581, -0.3777667711532598], [0.3046405770469363, 0.4049050854855096, 0.7469064751308289]]	[[0.010806629267459941, -0.08112732706231891, 0.01076228062532522], [0.01399653199618774, 0.022827355770688403, -0.08689567283874265], [0.05709256855127487, -0.00923558166196405, 0.015125948387743879]]	0.42123744518215883	[[0.8216076415111612, -0.14096558538457138, -0.48128661344786616], [-0.14644660940672619, 0.8535533905932737, -0.5], [0.48128661344786616, 0.4812866134478663, 0.6806420561265898]]
6	[[0.08740825448676931, -0.06334395238859675, -0.994156597696443], [0.7119981850616444, -0.6940087028176986, 0.10681996481098455], [-0.6967197295301035, -0.717174639895393, -0.015561310176609944]]	0.9294946695718183	0.07050533042818186	[[0.08124550662202903, -0.05887786609481172, -0.9240632582784982], [0.6617985177596074, -0.6450773899055029, 0.09928858789565936], [-0.6475972747837501, -0.6666100049348562, -0.014464154860712635]]	0.961582358265585	0.0609138121525682	[[0.06461015195242392, -0.06336856633477798, -0.938450169299942], [0.682879568225517, -0.6688872513369215, 0.09420386856856264], [-0.6795150634650593, -0.6936102215189073, 0.0]]	[[-0.01944008352884214, -0.002458139215088209, 0.017513276398294066], [-0.0017653256468756462, -0.0015407262246395392, -0.008512325104230663], [-0.009561662893341814, -0.003987740000023547, 0.014963481337326837]]	0.12004039830856474	[[0.0, 0.0, -0.9773728410239998], [0.7071067811865475, -0.7071067811865476, 0.0], [-0.6911069636356317, -0.6911069636356316, 0.0]]
6	[[0.8489524140446696, -0.5135124485683378, 0.12483895166604869], [0.522794976890395, 0.7815435453534784, -0.34040431673891397], [0.0772347773085365, 0.35425224329800037, 0.9319550081910795]]	0.8780887882140432	0.12191121178595676	[[0.7454555964998707, -0.4509095236961978, 0.10961968379035222], [0.45906040774207557, 0.6862646246759431, -0.2989052139881024], [0.0678189920148343, 0.3110649230396476, 0.8183392438125138]]	0.9184809639955166	0.13820002206816887	[[0.7740227874738467, -0.48323461311486954, 0.05963379351326489], [0.5041668936275412, 0.6712082284416712, -0.2896066604652527], [0.024428192844056007, 0.2969150686522038, 0.8572391958573133]]	[[-0.005723844164222281, -0.011583204330124492, -0.0550284071571572], [0.02398965928123731, -0.04662464049906534, 0.02304822452134019], [-0.04651047987226766, -0.028458873269717935, 0.0012562615335210293]]	0.42934006829369536	[[0.7017327696495298, -0.7017327696495297, 0.0], [0.7071067811865475, 0.7071067811865476, 0.0], [0.0, 0.0, 0.9924]]
6	[[-0.30792515101507295, 0.09349718223056193, 0.9468053539599837], [0.3027085282091916, -0.9338174967034747, 0.1906631317268273], [0.9019698710720718, 0.34531602882779927, 0.2592434992682147]]	0.8820770511287395	0.11792294887126076	[[-0.27161370917574734, 0.08247171879078045, 0.8351552746139247], [0.26701224591428463, -0.8236989837846221, 0.16817957299257022], [0.7956069240822223, 0.30459534441591185, 0.22867274135880233]]	0.8820770511287392	0.11792294887126087	[[-0.2716137091757473, 0.08247171879078041, 0.8351552746139247], [0.2670122459142845, -0.8236989837846223, 0.16817957299257022], [0.7956069240822221, 0.3045953444159119, 0.22867274135880233]]	[[0.0, 0.0, 0.0], [0.0, 0.0, 0.0], [0.0, 0.0, 0.0]]	0.3711631889868469	[[-0.47762883518566235, -0.13989424693564864, 0.8153634234356764], [0.5, -0.8535533905932737, 0.14644660940672619], [0.6754691765000277, 0.47762883518566246, 0.47762883518566235]]
6	[[-0.5446221603179724, 0.8109226453022452, -0.2139887049042392], [-0.8354447797583356, -0.5021691245819775, 0.22328947644507607], [0.07361197229480154, 0.30038414347728, 0.9509735242804028]]	0.8693427098763649	0.13065729012363506	[[-0.47346330470954606, 0.7049696899671642, -0.18602952060438507], [-0.7262878287871745, -0.4365570675803382, 0.1941150785396372], [0.06399403147410665, 0.26113676529442936, 0.8267219006186025]]	0.8706892391561216	0.1333425553838935	[[-0.4744965198121192, 0.7057617556353809, -0.17163644442294165], [-0.7376491040810349, -0.4480785291740857, 0.19441574435753206], [0.07447434112240661, 0.2511600523665318, 0.8284264880533524]]	[[-0.00029986541730052347, -0.0002998654173005234, 0.014681218238134229], [-0.010236324436296067, -0.01084527616410806, 0.0], [0.010381188972264331, -0.01038118897226433, 0.000424073740033068]]	0.38440771428416104	[[-0.6963996006001933, 0.6963996006001932, 0.0], [-0.7071067811865475, -0.7071067811865476, 0.0], [0.0, 0.0, 0.9848577599999999]]
6	[[0.22433838825039393, -0.7661379269479729, -0.6022499185961573], [-0.9416906372873723, -0.011392912655017143, -0.3362869982418849], [0.2507808429735371, 0.642575192824231, -0.724020780340167]]	0.8904863295925509	0.10951367040744911	[[0.199770267939802, -0.6822353505295463, -0.5362953195081047], [-0.8385626392097023, -0.010145232973534783, -0.29945897475411276], [0.22331691239163093, 0.5722044249452752, -0.6447306072338499]]	0.8986299096699963	0.09786746713354764	[[0.1877484150220141, -0.7169317668772803, -0.532173230370429], [-0.8696919222775252, -0.00647532903942203, -0.3266703314865412], [0.24529700995309744, 0.560105920383355, -0.6725305062598699]]	[[-0.013848770546950065, -0.02845731078926511, 0.009026559576398498], [-0.0234605499548927, 0.0037626830306342236, -0.024472776633241853], [0.019937843684822276, -0.017331367100464186, -0.021903777823585234]]	0.3023282355736718	[[0.1398942469356488, -0.8153634234356762, -0.47762883518566235], [-0.8535533905932738, 0.14644660940672602, -0.5], [0.47762883518566235, 0.47762883518566246, -0.6754691765000277]]
6	[[0.034229894132735264, 0.2773841392786001, 0.9601491309293217], [-0.1827544195208179, -0.9427759796974285, 0.2788803941677556], [0.9825625356654255, -0.18501754344446375, 0.018422055382213542]]	0.8908688625123153	0.10913113748768494	[[0.03049434684994684, 0.24711289263808414, 0.8553669641131929], [-0.1628102218376095, -0.8398897646369816, 0.24844585952921452], [0.8753343684954736, -0.1648263684731923, 0.016411635523491452]]	0.9323141620528591	0.12273759790651517	[[0.011614989880271515, 0.24318834857539381, 0.8851939470251715], [-0.16340211954833733, -0.8279595916321691, 0.2519401676094855], [0.9193042073450884, -0.1656499818302082, 0.0]]	[[-0.020298025185247644, -0.015420812802887802, -0.009966685422979906], [0.006982413948670657, 0.05100380588300248, -0.008063973391996588], [0.003247240241644827, 0.006844494151295462, -0.017175143126959787]]	0.3415721320483161	[[0.0, 0.0, 0.9924], [0.0, -1.0, 0.0], [0.9924, 0.0, 0.0]]
6	[[-0.3195682178843842, -0.5708200961323295, -0.7563336379995778], [0.910087742671785, 0.03735879733279218, -0.41272826520656647], [0.2638493031197415, -0.8202248094963509, 0.507557688474819]]	0.845579951149274	0.1544200488507259	[[-0.27022047806753813, -0.4826740290025991, -0.6395405606722356], [0.7695519489899612, 0.03158985002365809, -0.34899474633129307], [0.223105680842761, -0.6935656543453471, 0.42918060542597597]]	0.8497251787630293	0.17995819562591023	[[-0.27501127989610535, -0.53185314996072, -0.6563708461025172], [0.8094452961519156, 0.0055560357637653435, -0.2782638483777946], [0.1700626451173357, -0.6973445967912683, 0.47614826858417947]]	[[-0.0034661188273143115, -0.04681294173314667, -0.013695110348833573], [0.036120826320091434, -0.026188674978213325, 0.07244175055540997], [-0.054136751142587286, -0.00037892391610986134, 0.04486372101236401]]	0.440596670937407	[[-0.1398942469356488, -0.8153634234356762, -0.47762883518566235], [0.8535533905932738, 0.14644660940672602, -0.5], [0.47762883518566235, -0.47762883518566246, 0.6754691765000277]]
6	[[0.3802729664721569, 0.7767473726770865, -0.5020517802076895], [0.4287143634067757, 0.332951791095048, 0.839849450446521], [0.8195098935212374, -0.5346088512602871, -0.20639019011321075]]	0.8588825526978427	0.1411174473021573	[[0.3266098161655872, 0.6671347662462387, -0.4312035145712767], [0.3682152868210421, 0.2859664842610337, 0.7213320398813884], [0.7038627493086579, -0.45916621486529674, -0.17726493333622748]]	0.8784761972021483	0.20660142420765004	[[0.3431318350067199, 0.6478584991002998, -0.4410405386754198], [0.4041168067621768, 0.30196254029585756, 0.7209601727569994], [0.6961681212463692, -0.4530421070550027, -0.08884902520310986]]	[[0.009071085521479439, -0.03449557903582675, -1.4282183456267425e-18], [0.02750144311065274, 0.009472317003035712, -0.016827578693574558], [-0.023751813583704873, 0.016599043590743243, 0.09245984414737193]]	0.36874587160289035	[[0.4849724037161086, 0.4849724037161087, -0.685854550712001], [0.5, 0.5000000000000001, 0.7071067811865475], [0.685854550712001, -0.6858545507120009, 0.0]]
6	[[0.8787972042104137, -0.3840163418041313, 0.28327887866788265], [-0.395223040501579, -0.9183905790867732, -0.018907472103605397], [0.2674214316928388, -0.09534250611366366, -0.9588511794847616]]	0.844921346699181	0.1550786533008191	[[0.7425145172569378, -0.3244636046716396, 0.2393483716555013], [-0.3339323836271391, -0.7759678048778371, -0.015975326792455467], [0.22595007620213636, -0.0805569186632316, -0.8101538298543629]]	0.8587512087044186	0.23471020709586118	[[0.7018777536578686, -0.31841460823658463, 0.15452949826939338], [-0.35910682489471535, -0.840739083794774, -0.025383038963906163], [0.1399265917662575, -0.06025321782592228, -0.8234146093501964]]	[[-0.05279040766388794, 0.011359889449962232, -0.08873658118708316], [-0.019708561156149, -0.052070063941256524, -0.009146224441389943], [-0.08972188593343393, 0.0216222745400948, 0.0]]	0.4710242275855689	[[0.6963996006001933, -0.6963996006001932, 0.0], [-0.7071067811865475, -0.7071067811865476, 0.0], [0.0, 0.0, -0.9848577599999999]]
6	[[-0.8305561570912853, 0.32773595720904825, 0.4502950280316503], [-0.5100865793185324, -0.772219296347621, -0.37879947194723407], [0.22358030216652452, -0.5443036842615101, 0.808545204538665]]	0.8763378402456418	0.12366215975435818	[[-0.7278477889080971, 0.2872074209114154, 0.39461057233860725], [-0.4470081712582899, -0.6767249903572835, -0.3319563111324287], [0.1959318791220801, -0.47699391510347755, 0.7085587582863843]]	0.8763378402456421	0.12366215975435806	[[-0.727847788908097, 0.28720742091141543, 0.3946105723386073], [-0.4470081712582902, -0.6767249903572835, -0.3319563111324288], [0.19593187912208013, -0.4769939151034776, 0.7085587582863846]]	[[0.0, 0.0, 0.0], [0.0, 0.0, 0.0], [0.0, 0.0, 0.0]]	0.37710340732300907	[[-0.6806420561265898, 0.4812866134478663, 0.48128661344786616], [-0.7071067811865475, -0.5000000000000001, -0.5], [0.0, -0.6806420561265897, 0.6806420561265898]]
6	[[0.5319609947059123, -0.8460851799387872, 0.03402011756955908], [-0.703274286200726, -0.4190807785627857, 0.5742617690636116], [-0.47161719485230363, -0.3294103357928521, -0.8179645788128509]]	0.8721503014391222	0.12784969856087777	[[0.4639499418866168, -0.7379134447267873, 0.02967065579328533], [-0.6133608807043468, -0.36550142735087554, 0.5008425749937925], [-0.4113210786543098, -0.28729532365889837, -0.7133880539781525]]	0.8877827729811925	0.15694519966335327	[[0.5363396282673676, -0.7338271869048871, 0.00010789797887408518], [-0.5895376769826616, -0.39388496730567674, 0.5803709881292664], [-0.39510235335220734, -0.37924938816692766, -0.7337192889260131]]	[[0.0640738212695193, 0.017312660319460597, -0.03009457633417526], [0.0348171189869877, -0.021832271610089642, 0.07055128237288817], [0.02359126767938219, -0.08680456680808364, -0.007544426947147157]]	0.295349059112907	[[0.6806420561265898, -0.6806420561265897, 0.0], [-0.5, -0.5000000000000001, 0.7071067811865475], [-0.48128661344786616, -0.4812866134478663, -0.6806420561265898]]
6	[[0.04673222253661188, -0.9725397674033924, -0.22799671093185395], [-0.8377629715199755, -0.16246744520517667, 0.5213036857710898], [-0.5440306084466285, 0.16664552219444034, -0.8223502702654952]]	0.8580755943467542	0.14192440565324582	[[0.04009977962824812, -0.8345126389405201, -0.1956384132419557], [-0.7188639597087059, -0.13940934960643075, 0.44731797000318135], [-0.466819387685667, 0.14299445550221956, -0.7056386969192789]]	0.8739919613961137	0.12906912833466455	[[0.006289376366282691, -0.850453601615098, -0.23363027606896275], [-0.7693373344148043, -0.1415119549848256, 0.49295464622365937], [-0.4761312682813983, 0.19451387988279775, -0.7187275256639644]]	[[-0.034554210468890484, -0.00046166276648683884, -0.03436298348976893], [-0.03713923175102423, 0.00048328611306244833, 0.0373394154135613], [-0.0006528897456083664, 0.04886703308219929, 1.843636054949658e-19]]	0.3314080417194877	[[-1.9073960591036557e-16, -0.9552576703713249, 0.0], [-0.7071067811865476, 1.3401577416544657e-16, 0.7071067811865475], [-0.6754691765000276, 1.0605490600960331e-16, -0.6754691765000277]]
