6	[[-0.42203838922340475, -0.825029846081567, 0.3757783270710803], [0.2588054115689476, 0.28760896992378115, 0.9221175843470338], [-0.8688517462515349, 0.4864224845687207, 0.09214016247897017]]	0.8611183926764661	0.13888160732353394	[[-0.36342501937582306, -0.7104483749678713, 0.3235896290101001], [0.22286210002622342, 0.24766537390010057, 0.7940524120916235], [-0.7481842192062625, 0.4188673480735099, 0.0793435886148392]]	0.8829929832794681	0.1899667726717615	[[-0.30181996477627204, -0.687827049684623, 0.35918824196503807], [0.2582042683081585, 0.2349076410686378, 0.8286127491458611], [-0.7990145170664773, 0.4045754214851503, 0.022262466096423527]]	[[0.07083697158256336, 0.040668515401540185, 0.027378615892777135], [0.029680905858022973, -0.019049061302296562, 0.014389392408817356], [-0.031824521616259115, -0.024932219298395508, -0.05909665085073723]]	0.4786158389124755	[[-0.4944234761267329, -0.494423476126733, 0.6992203854940761], [0.5, 0.5000000000000001, 0.7071067811865475], [-0.6992203854940761, 0.699220385494076, 0.0]]
6	[[0.08740825448676931, -0.06334395238859675, -0.994156597696443], [0.7119981850616444, -0.6940087028176986, 0.10681996481098455], [-0.6967197295301035, -0.717174639895393, -0.015561310176609944]]	0.9324111729716786	0.06758882702832136	[[0.08150043309341556, -0.05906260894731367, -0.9269627193756738], [0.663875062887034, -0.6471014686468035, 0.09960012868620352], [-0.6496292602436746, -0.6687016472104047, -0.014509539474748999]]	0.9686675497869642	0.05257738025399185	[[0.0692751788773985, -0.05666669965499785, -0.9454242843635018], [0.6788395019460619, -0.6725405555538722, 0.09005878628910725], [-0.6812794467681399, -0.7053392230276831, -0.008915541158609198]]	[[-0.015394360827455756, 0.004692531499086275, 0.01758295123165636], [-0.010850035430366561, -0.0002768458646227345, -0.013414247292678884], [-0.006389653475978229, -0.010635421830864569, 0.006158195041642509]]	0.11291074182506562	[[0.0, 0.0, -0.9916234980480002], [0.7071067811865475, -0.7071067811865476, 0.0], [-0.7011836998536661, -0.701183699853666, 0.0]]
6	[[0.8592155572171323, 0.2624339665249735, -0.4391776855101157], [-0.4266000482917053, 0.8413623931712975, -0.33184593135155627], [0.2824199444684594, 0.4724804086637203, 0.8348660002631537]]	0.8676442814535615	0.1323557185464384	[[0.7454934647553803, 0.22769933031456868, -0.38105000737486255], [-0.3701370923681113, 0.7300032690651593, -0.2879242246608089], [0.24504004978649124, 0.40994492467591864, 0.7243667109083332]]	0.888394569957315	0.14937170045288067	[[0.7744332180668392, 0.15344316462900462, -0.3843590923532039], [-0.3639725410329542, 0.7616545902467524, -0.37445311890490296], [0.30726728960169886, 0.4162915626006689, 0.7577114167725322]]	[[0.011110782612290118, -0.07970174620414164, 0.005803978700404294], [0.01501662541292514, 0.014192808787080038, -0.07964299542975242], [0.05636694448827301, -0.00345746686739338, 0.016020995496764005]]	0.41620883645890483	[[0.8416703746009245, -0.14440780618623184, -0.49303909039357807], [-0.14644660940672619, 0.8535533905932737, -0.5], [0.49303909039357807, 0.4930390903935782, 0.6972625684146927]]
6	[[-0.3195682178843842, -0.5708200961323295, -0.7563336379995778], [0.910087742671785, 0.03735879733279218, -0.41272826520656647], [0.2638493031197415, -0.8202248094963509, 0.507557688474819]]	0.8654240426316149	0.1345759573683852	[[-0.27656201901808447, -0.4940014352102076, -0.654549314575871], [0.7876118134124971, 0.03233120141560025, -0.3571849637834], [0.22834153055142103, -0.7098422705010781, 0.43925262662863557]]	0.8654240426316149	0.13457595736838518	[[-0.27656201901808447, -0.4940014352102076, -0.6545493145758711], [0.787611813412497, 0.03233120141560025, -0.35718496378340003], [0.22834153055142106, -0.7098422705010782, 0.4392526266286356]]	[[0.0, 0.0, 0.0], [0.0, 0.0, 0.0], [0.0, 0.0, 0.0]]	0.44298849237917437	[[-0.14400346432891056, -0.839313697552042, -0.4916585809404761], [0.8535533905932738, 0.14644660940672602, -0.5], [0.4916585809404761, -0.4916585809404762, 0.6953102332231316]]
6	[[0.034229894132735264, 0.2773841392786001, 0.9601491309293217], [-0.1827544195208179, -0.9427759796974285, 0.2788803941677556], [0.9825625356654255, -0.18501754344446375, 0.018422055382213542]]	0.8959657171909097	0.1040342828090903	[[0.030668811646005073, 0.24852667928613414, 0.8602607047033184], [-0.16374169455577794, -0.8446949567999692, 0.24986727237099676], [0.8803423469523918, -0.1657693760051192, 0.0165055300626556]]	0.9359139093475526	0.12217940986903873	[[0.01258067352829994, 0.24534409589385406, 0.8917574818695659], [-0.1629593315288979, -0.8281122344005064, 0.2520144433874073], [0.9262744712173322, -0.1672237976773992, 0.0]]	[[-0.019455560506021173, -0.014263578289386628, -0.006859444815150656], [0.008083071695373456, 0.05424491839708274, -0.008993596558523286], [0.006680527284259789, 0.005936694705589497, -0.017241457870984595]]	0.3395617687785078	[[0.0, 0.0, 0.9972000000000001], [0.0, -1.0, 0.0], [0.9972000000000001, 0.0, 0.0]]
6	[[0.8787972042104137, -0.3840163418041313, 0.28327887866788265], [-0.395223040501579, -0.9183905790867732, -0.018907472103605397], [0.2674214316928388, -0.09534250611366366, -0.9588511794847616]]	0.8600859368213913	0.13991406317860872	[[0.7558411166593334, -0.3302870550953299, 0.2436441797407791], [-0.33992577904319926, -0.7898948215817874, -0.01626205085715377], [0.23000541260365295, -0.08200274868966964, -0.8246944149794473]]	0.8627171750399443	0.2296957490800104	[[0.705709430213278, -0.31915574772201616, 0.15777552798028655], [-0.3580700047189465, -0.8409317389430937, -0.025954748467740627], [0.14248612988616843, -0.06272147760089054, -0.8272173808488121]]	[[-0.0524440112361312, 0.012141745848417606, -0.08661402597255227], [-0.0171042997067268, -0.04862041297005431, -0.009642947547371626], [-0.08822293220901485, 0.019532139934717994, 0.0]]	0.46928964003805046	[[0.7031525269290675, -0.7031525269290674, 0.0], [-0.7071067811865475, -0.7071067811865476, 0.0], [0.0, 0.0, -0.9944078400000002]]
6	[[0.8489524140446696, -0.5135124485683378, 0.12483895166604869], [0.522794976890395, 0.7815435453534784, -0.34040431673891397], [0.0772347773085365, 0.35425224329800037, 0.9319550081910795]]	0.8855418015335998	0.1144581984664003	[[0.7517828501494154, -0.4547367388151358, 0.11055011015991872], [0.46295680566823705, 0.6920894791292758, -0.301442251894792], [0.06839462383884781, 0.3137051697274304, 0.8252851169017893]]	0.9238195275053481	0.1334638098868968	[[0.7791840140144466, -0.49109597972406877, 0.06736064049464703], [0.5106909695280536, 0.6680082307222341, -0.29080806245856833], [0.025978849025351382, 0.30522070819263525, 0.8632760653380888]]	[[-0.005094804002824599, -0.01670315211955268, -0.047968020847745076], [0.02772276099499951, -0.05399695807107099, 0.023664092591956065], [-0.045372146454801594, -0.022044431828633065, 0.0023178300147629143]]	0.4278557690593574	[[0.7051268821992253, -0.7051268821992251, 0.0], [0.7071067811865475, 0.7071067811865476, 0.0], [0.0, 0.0, 0.9972000000000001]]
6	[[0.3802729664721569, 0.7767473726770865, -0.5020517802076895], [0.4287143634067757, 0.332951791095048, 0.839849450446521], [0.8195098935212374, -0.5346088512602871, -0.20639019011321075]]	0.8793573498134399	0.12064265018656027	[[0.33439582800265094, 0.6830385111118752, -0.4414829229125534], [0.37699312643233834, 0.29278360463297953, 0.7385277869869263], [0.7206420481127299, -0.47011222263105357, -0.18149073060544502]]	0.8865561809656383	0.19766044839498925	[[0.3467967265319279, 0.6618463882034689, -0.44509710890792914], [0.4040523032879258, 0.3016916173146914, 0.720912456258093], [0.7071132699886362, -0.46066605212842915, -0.09193215829720282]]	[[0.009663377651898224, -0.026783796092222402, -1.5352680679419401e-19], [0.0239729345409, 0.006511148955796676, -0.023661265115864617], [-0.01942829147510878, 0.013294729355317962, 0.09104434043833731]]	0.3670434267803922	[[0.4944234761267329, 0.494423476126733, -0.6992203854940761], [0.5, 0.5000000000000001, 0.7071067811865475], [0.6992203854940761, -0.699220385494076, 0.0]]
6	[[0.22433838825039393, -0.7661379269479729, -0.6022499185961573], [-0.9416906372873723, -0.011392912655017143, -0.3362869982418849], [0.2507808429735371, 0.642575192824231, -0.724020780340167]]	0.9178086638859903	0.08219133611400964	[[0.20589971637843063, -0.7031680270845015, -0.5527501931121857], [-0.86429182560267, -0.010456513941671117, -0.3086471205386149], [0.23016883041774444, 0.58976107917229, -0.6645125450297007]]	0.919997284173025	0.07835558179199	[[0.19848603608516646, -0.714293997643498, -0.5534285309765742], [-0.8726762003933294, -0.005728794881873877, -0.31897633549200244], [0.2378516552285276, 0.5849382266881443, -0.6740018234387376]]	[[-0.007904671840949692, -0.009449185549411484, 0.0006397585253160389], [-0.006323371557781659, 0.00475265381956244, -0.0095932104067695], [0.007133960770251668, -0.006229205587105916, -0.007904671840949692]]	0.2931369758635177	[[0.14400346432891056, -0.839313697552042, -0.4916585809404761], [-0.8535533905932738, 0.14644660940672602, -0.5], [0.4916585809404761, 0.4916585809404762, -0.6953102332231316]]
6	[[0.04673222253661188, -0.9725397674033924, -0.22799671093185395], [-0.8377629715199755, -0.16246744520517667, 0.5213036857710898], [-0.5440306084466285, 0.16664552219444034, -0.8223502702654952]]	0.8947824661225353	0.10521753387746471	[[0.04181517332869682, -0.8702115314794443, -0.20400745927543112], [-0.7496156176827871, -0.14537302128531593, 0.46645339755302295], [-0.4867890494720176, 0.14911149131741896, -0.7358246028446932]]	0.8965654138674901	0.10204691425072702	[[0.01928870169772618, -0.8774733331729621, -0.22149594413045623], [-0.768481094667201, -0.14566269225037307, 0.49270478475834245], [-0.49328684172688075, 0.17909399153930808, -0.737290810404626]]	[[-0.02260979274175899, -0.005527814108346895, -0.017081978633412105], [-0.017371789383535823, -4.300826324727648e-18, 0.025321929974337343], [-0.005527814108346897, 0.02968537996388572, 0.0]]	0.32178159589145944	[[-1.9634234171515753e-16, -0.9833171618809524, 0.0], [-0.7071067811865476, 1.3401577416544657e-16, 0.7071067811865475], [-0.6953102332231315, 1.0917013536292957e-16, -0.6953102332231316]]
6	[[-0.30792515101507295, 0.09349718223056193, 0.9468053539599837], [0.3027085282091916, -0.9338174967034747, 0.1906631317268273], [0.9019698710720718, 0.34531602882779927, 0.2592434992682147]]	0.8955089984219735	0.10449100157802664	[[-0.275749743574443, 0.08372756801456724, 0.8478727142252669], [0.27107821091040285, -0.8362419711818432, 0.17074055012868794], [0.8077221358505476, 0.3092336111146359, 0.23215488637708662]]	0.8955089984219735	0.10449100157802658	[[-0.2757497435744428, 0.08372756801456727, 0.847872714225267], [0.2710782109104029, -0.8362419711818432, 0.1707405501286879], [0.8077221358505476, 0.3092336111146358, 0.23215488637708653]]	[[0.0, 0.0, 0.0], [0.0, 0.0, 0.0], [0.0, 0.0, 0.0]]	0.3683962578323628	[[-0.4916585809404761, -0.1440034643289104, 0.8393136975520421], [0.5, -0.8535533905932737, 0.14644660940672619], [0.6953102332231316, 0.4916585809404762, 0.4916585809404761]]
6	[[-0.8305561570912853, 0.32773595720904825, 0.4502950280316503], [-0.5100865793185324, -0.772219296347621, -0.37879947194723407], [0.22358030216652452, -0.5443036842615101, 0.808545204538665]]	0.8883839329120906	0.11161606708790942	[[-0.7378527453411081, 0.29115535862208297, 0.40003486797351756], [-0.45315272146067287, -0.6860272155599068, -0.33651936467350696], [0.1986251481603707, -0.4835506477227812, 0.7182985687452699]]	0.8883839329120905	0.11161606708790958	[[-0.737852745341108, 0.2911553586220829, 0.4000348679735175], [-0.4531527214606727, -0.6860272155599066, -0.3365193646735068], [0.19862514816037063, -0.48355064772278106, 0.7182985687452699]]	[[0.0, 0.0, 0.0], [0.0, 0.0, 0.0], [0.0, 0.0, 0.0]]	0.36735706676412977	[[-0.6972625684146927, 0.4930390903935782, 0.49303909039357807], [-0.7071067811865475, -0.5000000000000001, -0.5], [0.0, -0.6972625684146926, 0.6972625684146927]]
6	[[-0.5446221603179724, 0.8109226453022452, -0.2139887049042392], [-0.8354447797583356, -0.5021691245819775, 0.22328947644507607], [0.07361197229480154, 0.30038414347728, 0.9509735242804028]]	0.8861350420654905	0.11386495793450933	[[-0.48260878094316484, 0.7185869724067642, -0.1896228900218579], [-0.7403168950545473, -0.44498965833544124, 0.19786462960243884], [0.0652301481659777, 0.2661809156160458, 0.8426909639413829]]	0.8861350420654907	0.11386495793450942	[[-0.48260878094316473, 0.718586972406764, -0.18962289002185787], [-0.7403168950545475, -0.44498965833544124, 0.1978646296024389], [0.06523014816597769, 0.2661809156160459, 0.8426909639413827]]	[[0.0, 0.0, 0.0], [0.0, 0.0, 0.0], [0.0, 0.0, 0.0]]	0.38181536385718096	[[-0.7031525269290675, 0.7031525269290674, 0.0], [-0.7071067811865475, -0.7071067811865476, 0.0], [0.0, 0.0, 0.9944078400000002]]
6	[[0.5319609947059123, -0.8460851799387872, 0.03402011756955908], [-0.703274286200726, -0.4190807785627857, 0.5742617690636116], [-0.47161719485230363, -0.3294103357928521, -0.8179645788128509]]	0.8921810224009188	0.1078189775990813	[[0.4746055041341306, -0.7548611408760525, 0.03035210327540868], [-0.6274479716908401, -0.37389591748671913, 0.5123454522489334], [-0.4207679110851816, -0.29389365017709673, -0.7297724742129861]]	0.9009182496783441	0.14364499722425844	[[0.5424386699569457, -0.747956657858041, -0.0030540133354075944], [-0.587613594077126, -0.39270976989303086, 0.5832024481944249], [-0.4075457833677982, -0.38203505523666403, -0.7457971443187402]]	[[0.06318530170934436, 0.014296921531197965, -0.03370335811002624], [0.0459790448906188, -0.015152248396408148, 0.06583954035244656], [0.017342754336749772, -0.08526327208821217, -0.008877927675782646]]	0.2865915393982572	[[0.6972625684146927, -0.6972625684146926, 0.0], [-0.5, -0.5000000000000001, 0.7071067811865475], [-0.49303909039357807, -0.4930390903935782, -0.6972625684146927]]
