6	[[0.8787972042104137, -0.3840163418041313, 0.28327887866788265], [-0.395223040501579, -0.9183905790867732, -0.018907472103605397], [0.2674214316928388, -0.09534250611366366, -0.9588511794847616]]	0.5591106591361064	0.4408893408638937	[[0.49134488409305194, -0.21470762998514414, 0.158384240571337], [-0.22097341468061388, -0.5134819620175962, -0.010571369190444355], [0.14951817294090436, -0.05330701143689873, -0.5361039149751581]]	0.7803900638566625	0.3814117637875548	[[0.5394701027225401, -0.22641387797812257, 0.21947717498225555], [-0.3455862702041626, -0.846169151194827, -0.025794251292650793], [0.19731219267859826, -0.07440434443429621, -0.6245994954300582]]	[[-0.14633450358828107, 0.07326865952440537, -0.001590847230617109], [-0.03715813638951106, -0.12946626853594295, -0.011039047930350114], [-0.011380835476816287, 0.0, 0.12367843775709106]]	0.5173924827706736	[[0.8999999999999999, 0.0, 0.0], [0.0, -1.0, 0.0], [0.0, 0.0, -0.8999999999999999]]
6	[[-0.30792515101507295, 0.09349718223056193, 0.9468053539599837], [0.3027085282091916, -0.9338174967034747, 0.1906631317268273], [0.9019698710720718, 0.34531602882779927, 0.2592434992682147]]	0.5685958352660605	0.4314041647339396	[[-0.17508495844084326, 0.05316210842540943, 0.5383495810692551], [0.17211880843926508, -0.530964739524174, 0.10841026263865829], [0.5128563122270455, 0.19634525584210158, 0.14740477400370688]]	0.7828002140377459	0.321167345569712	[[-0.16445031515830058, 0.06992527660745108, 0.7108643851123645], [0.2596920310369981, -0.8362437277523338, 0.1356505823469787], [0.6559165563778115, 0.2315450678848591, 0.09452503855084951]]	[[0.07659355896390374, -0.0032643376545589513, -0.030295048619594638], [0.02273173036379194, -0.10525119146066174, -0.013600557977888677], [-0.05014565175300443, -0.03876839339220655, -0.1084108281642032]]	0.4879111313165742	[[0.0, 0.0, 0.8999999999999999], [0.0, -1.0, 0.0], [0.8999999999999999, 0.0, 0.0]]
6	[[0.034229894132735264, 0.2773841392786001, 0.9601491309293217], [-0.1827544195208179, -0.9427759796974285, 0.2788803941677556], [0.9825625356654255, -0.18501754344446375, 0.018422055382213542]]	0.7216743028011218	0.2783256971988784	[[0.02470283498319794, 0.200181005321973, 0.6929149546485213], [-0.13188916829151, -0.6803771978457861, 0.20126081402591706], [0.7090901328848483, -0.13352240667125967, 0.013294723974122614]]	0.8546321319963683	0.2232494444734282	[[0.009251821773298355, 0.2042560508473194, 0.7588668917404766], [-0.16949440652732597, -0.8226385934054596, 0.2586939067147822], [0.7870307471743693, -0.14009471914525973, 0.0]]	[[-0.020002145627371168, -0.03280534748632821, -0.06170740706010989], [-0.01330660734049064, -0.0169119478816813, 0.02035376087520564], [-0.05269876750113105, 0.018027218465413025, -0.015744080467056335]]	0.3835739060264484	[[0.0, 0.0, 0.8999999999999999], [0.0, -1.0, 0.0], [0.8999999999999999, 0.0, 0.0]]
6	[[-0.5446221603179724, 0.8109226453022452, -0.2139887049042392], [-0.8354447797583356, -0.5021691245819775, 0.22328947644507607], [0.07361197229480154, 0.30038414347728, 0.9509735242804028]]	0.5570119754134005	0.44298802458659964	[[-0.3033610653726275, 0.4516936245672639, -0.11919427123486548], [-0.4653527471220038, -0.2797142160750252, 0.1243749123636958], [0.041002750102003924, 0.16731756514114204, 0.5297036413252706]]	0.7431862244147767	0.35799403192704016	[[-0.41603795863773685, 0.5704494932034563, -0.07307993367789258], [-0.7291402617237828, -0.38400396629647116, 0.11180008743115803], [0.06556358385712963, 0.08086838718434572, 0.6804405573483794]]	[[-0.011282271578403776, -0.032217045851162446, 0.08595352398729682], [-0.10824921014815056, -0.010798790580717867, -0.05414557551961031], [0.01085618009563093, -0.14237297028060056, -0.026309865679987353]]	0.4524869361568571	[[-0.5727564927611034, 0.5727564927611033, 0.0], [-0.7071067811865475, -0.7071067811865476, 0.0], [0.0, 0.0, 0.8099999999999998]]
6	[[0.04673222253661188, -0.9725397674033924, -0.22799671093185395], [-0.8377629715199755, -0.16246744520517667, 0.5213036857710898], [-0.5440306084466285, 0.16664552219444034, -0.8223502702654952]]	0.5029144470462166	0.4970855529537834	[[0.0235023098562409, -0.48910429935413313, -0.1146628398066494], [-0.42132310157776376, -0.08170722536837295, 0.26217115487272225], [-0.273600852623153, 0.08380844064714496, -0.4135718314488783]]	0.6781631607814853	0.4943214871993855	[[0.003884502586231335, -0.6712182744864326, -0.09890201808550608], [-0.6677725710898111, -0.14529362628333814, 0.2794929885343969], [-0.22994245075309583, 0.008342172170958506, -0.48528268508994654]]	[[-0.027807569159541048, -0.011677631838457304, 0.055716952047822635], [-0.09963258633813511, -0.035114190118902905, -0.0740359667351636], [0.13899906623294436, -0.10467068189050432, 0.07240497346281045]]	0.5362646869627423	[[-0.07782773254972003, -0.45361326745027974, -0.2657204999999998], [-0.8535533905932738, -0.14644660940672602, 0.5], [-0.2657204999999998, 0.26572049999999986, -0.3757855349005598]]
6	[[0.3802729664721569, 0.7767473726770865, -0.5020517802076895], [0.4287143634067757, 0.332951791095048, 0.839849450446521], [0.8195098935212374, -0.5346088512602871, -0.20639019011321075]]	0.5120363585269246	0.48796364147307575	[[0.19471358499863448, 0.3977228962009314, -0.25706876532950523], [0.2195173414869941, 0.1704834226773257, 0.43003345431747536], [0.419618861655402, -0.2737391694355797, -0.10567928138124812]]	0.7196542975496569	0.4411176607803004	[[0.28167183433794307, 0.3873801173690115, -0.3249369557564333], [0.4230421736222327, 0.316757517063294, 0.6988744564747371], [0.4986786136333612, -0.36772369362815954, -0.03062043463106717]]	[[0.008006759774298758, -0.17160946748845882, 0.03636676546248625], [0.11451603957528116, 0.0771473297248871, 0.09447319016618067], [-0.09108520312365906, 0.01700986368939138, 0.11790915265599568]]	0.49419926825279525	[[0.32804999999999984, 0.3280499999999999, -0.46393275913649373], [0.5, 0.5000000000000001, 0.7071067811865475], [0.46393275913649373, -0.4639327591364936, 0.0]]
6	[[-0.42203838922340475, -0.825029846081567, 0.3757783270710803], [0.2588054115689476, 0.28760896992378115, 0.9221175843470338], [-0.8688517462515349, 0.4864224845687207, 0.09214016247897017]]	0.49644290869364927	0.5035570913063508	[[-0.20951796552644955, -0.40958021654780696, 0.1865524857152006], [0.12848211130494538, 0.14278143359534623, 0.45777873573080297], [-0.43133528813266836, 0.24148099309328744, 0.045742330268565404]]	0.7111619744821268	0.4475893612800544	[[-0.20140263079723844, -0.45809438072378333, 0.24636936110592025], [0.2704307260983411, 0.23559199616505616, 0.8271546738997753], [-0.5262787977934704, 0.26278674485809217, 0.02203958711298366]]	[[0.09873502339013435, 0.128635473622269, -0.0208698959415397], [0.08637815860030887, 0.03105543323528924, 0.1713797119108496], [0.09161552560301493, -0.08313842970030107, -0.043486992764664736]]	0.6030232764095879	[[-0.32804999999999984, -0.3280499999999999, 0.46393275913649373], [0.5, 0.5000000000000001, 0.7071067811865475], [-0.46393275913649373, 0.4639327591364936, 0.0]]
6	[[0.8489524140446696, -0.5135124485683378, 0.12483895166604869], [0.522794976890395, 0.7815435453534784, -0.34040431673891397], [0.0772347773085365, 0.35425224329800037, 0.9319550081910795]]	0.6450748950434708	0.3549251049565291	[[0.5476378893867665, -0.33125398886373625, 0.0805304736433133], [0.33724191484682525, 0.5041541204907972, -0.2195862788926993], [0.049822215866010024, 0.2285192286643717, 0.6011807790940977]]	0.805750697834213	0.293147361336617	[[0.6287601155323299, -0.38846397801187177, 0.05293604894944168], [0.47657102634517967, 0.6237958110896356, -0.2650442885499682], [0.023302258019275688, 0.22285107728309275, 0.6959837965121684]]	[[-0.05528388451220237, 0.02529903576862185, -0.04765302347236865], [0.05532860889152254, -0.005933445966754586, 0.009236727208190203], [-0.03892971769414763, -0.06258791496360641, -0.05493960168788369]]	0.46237683169059673	[[0.6363961030678927, -0.6363961030678926, 0.0], [0.7071067811865475, 0.7071067811865476, 0.0], [0.0, 0.0, 0.8999999999999999]]
6	[[0.5319609947059123, -0.8460851799387872, 0.03402011756955908], [-0.703274286200726, -0.4190807785627857, 0.5742617690636116], [-0.47161719485230363, -0.3294103357928521, -0.8179645788128509]]	0.5335553578114742	0.46644464218852577	[[0.28383063887206084, -0.45143328092122514, 0.018151616002614532], [-0.37523576341343745, -0.2236027947579783, 0.3064004436701855], [-0.25163388114946467, -0.1757586495807531, -0.43642938352560245]]	0.6880728614185021	0.505782808995503	[[0.41365636616362694, -0.5142962251428748, 0.07994228086579941], [-0.5348340612274811, -0.33275268722473195, 0.32733526280794234], [-0.23429479760404198, -0.11792286540273673, -0.4670755777878355]]	[[0.0476284423732972, 0.06787202562139479, 0.05653396122391906], [-0.05093011075929312, -0.04439457675354229, -0.06779867583490796], [0.09021219515214984, 0.10873544692708063, 0.09574365049490266]]	0.5187894909541125	[[0.4175394832228443, -0.41753948322284423, 0.0], [-0.5, -0.5000000000000001, 0.7071067811865475], [-0.2952449999999998, -0.29524499999999987, -0.4175394832228443]]
6	[[0.08740825448676931, -0.06334395238859675, -0.994156597696443], [0.7119981850616444, -0.6940087028176986, 0.10681996481098455], [-0.6967197295301035, -0.717174639895393, -0.015561310176609944]]	0.5762723682581027	0.4237276317418973	[[0.05037096181839748, -0.03650336945780515, -0.5729049769739472], [0.41030488030094464, -0.3999380387644892, 0.06155739409887326], [-0.4015003285484575, -0.41328792818717025, -0.008967553068673929]]	0.8182456628317135	0.30513982394110817	[[0.04517306441119193, -0.045173064411191934, -0.6925155171276385], [0.6784503678364463, -0.6633723479164138, 0.09736985268139162], [-0.49727476382130903, -0.508282384706817, 0.0]]	[[-0.026348360718297735, 0.006657849897395928, 0.12094880711300876], [0.09586094096570409, -0.09550273686836828, 0.00996487977096722], [0.07281313307598258, 0.07854265388048436, 0.01273297455999009]]	0.3043082989492105	[[0.0, 0.0, -0.7289999999999998], [0.7071067811865475, -0.7071067811865476, 0.0], [-0.515480843484993, -0.5154808434849929, 0.0]]
6	[[0.22433838825039393, -0.7661379269479729, -0.6022499185961573], [-0.9416906372873723, -0.011392912655017143, -0.3362869982418849], [0.2507808429735371, 0.642575192824231, -0.724020780340167]]	0.4497160366725774	0.5502839633274226	[[0.10088857083748108, -0.34454451205158704, -0.27084144647744623], [-0.42349338117255075, -0.005123575525371175, -0.15123365603385847], [0.11278016677546707, 0.28897636898103035, -0.3256037558031667]]	0.6663612268518432	0.5267192519796604	[[0.15887822034451246, -0.4041520467201612, -0.3043280526655653], [-0.8265244770339136, 0.055077724021970115, -0.19628946324062874], [0.12878551683217648, 0.3043280526655653, -0.34117604352038283]]	[[0.009387816720014947, 0.10637256221861792, 0.09698794196159272], [-0.19901834865620607, 0.06266951927618324, 0.027799153482157293], [-0.0383251133626091, -0.12385914116934903, 0.14128333193331977]]	0.5618507471960242	[[0.07782773254972003, -0.45361326745027974, -0.2657204999999998], [-0.8535533905932738, 0.14644660940672602, -0.5], [0.2657204999999998, 0.26572049999999986, -0.3757855349005598]]
6	[[0.8592155572171323, 0.2624339665249735, -0.4391776855101157], [-0.4266000482917053, 0.8413623931712975, -0.33184593135155627], [0.2824199444684594, 0.4724804086637203, 0.8348660002631537]]	0.5000424138359957	0.49995758616400443	[[0.4296442212362948, 0.13122811409370264, -0.21960746996538402], [-0.2133181178903366, 0.42071688199220564, -0.1659370405346863], [0.14122195074743632, 0.23626024403842436, 0.41746841000119034]]	0.7233036623051204	0.48265759854031975	[[0.43650670439159683, 0.17270015821348464, -0.2790819898824393], [-0.3489209825212618, 0.7494815953971026, -0.25588394749512383], [0.23166436706345778, 0.3010156658290224, 0.4307743036934345]]	[[-0.18496705485308956, -0.01711929088728806, 0.03857683844971383], [-0.040359605252330136, 0.14092109509050246, -0.015858570027489582], [0.027388986921412353, -0.04073114412486637, -0.1730873318309323]]	0.5912070880279925	[[0.504014741611422, -0.08647525838857772, -0.2952449999999998], [-0.14644660940672619, 0.8535533905932737, -0.5], [0.2952449999999998, 0.29524499999999987, 0.4175394832228443]]
6	[[-0.3195682178843842, -0.5708200961323295, -0.7563336379995778], [0.910087742671785, 0.03735879733279218, -0.41272826520656647], [0.2638493031197415, -0.8202248094963509, 0.507557688474819]]	0.468777126369504	0.5312228736304959	[[-0.14980627085886516, -0.26758740433887745, -0.35455190939803477], [0.4266283167537881, 0.017512949658287022, -0.19347757013500483], [0.1236865181110686, -0.3845026291726733, 0.23793143466997357]]	0.6599107063159301	0.5306581819900562	[[-0.22497739921309695, -0.3552834633857669, -0.35165121115828657], [0.7785333440255051, 0.01212515242181933, -0.2264890585534534], [0.14859947131692072, -0.35165121115828646, 0.299872682050337]]	[[-0.014090910832889948, 0.021406829432245828, 0.14746145410451178], [0.17795669894949698, -0.012528317913177198, 0.04587474245556036], [-0.025517508665793723, 0.18962392221429966, -0.03507007064716155]]	0.5866070206634999	[[-0.07782773254972003, -0.45361326745027974, -0.2657204999999998], [0.8535533905932738, 0.14644660940672602, -0.5], [0.2657204999999998, -0.26572049999999986, 0.3757855349005598]]
6	[[-0.8305561570912853, 0.32773595720904825, 0.4502950280316503], [-0.5100865793185324, -0.772219296347621, -0.37879947194723407], [0.22358030216652452, -0.5443036842615101, 0.808545204538665]]	0.4969548440505139	0.503045155949486	[[-0.41274890552249377, 0.16286997150456844, 0.22377629543219052], [-0.2534899964775014, -0.38375811998922954, -0.1882462325079547], [0.11110931419593197, -0.27049435252829895, 0.40181045602930315]]	0.700191746546362	0.4576624189669802	[[-0.4710718435802041, 0.153722045427809, 0.24983321387117685], [-0.4356179626682814, -0.669611759160273, -0.27018656257415163], [0.14653614363321898, -0.3414509672923315, 0.43636381621075926]]	[[0.11047672265837763, -0.07575596685643823, -0.06545964826744735], [-0.07845954980537878, -0.12891018133382953, -0.004954298720578197], [-0.010012938634123184, 0.03966598004235481, -0.12977286271685404]]	0.5849452669095291	[[-0.4175394832228443, 0.29524499999999987, 0.2952449999999998], [-0.7071067811865475, -0.5000000000000001, -0.5], [0.0, -0.41753948322284423, 0.4175394832228443]]
