6	[[-0.3195682178843842, -0.5708200961323295, -0.7563336379995778], [0.910087742671785, 0.03735879733279218, -0.41272826520656647], [0.2638493031197415, -0.8202248094963509, 0.507557688474819]]	0.7602515432654072	0.23974845673459277	[[-0.24295223082517903, -0.4339668590115116, -0.575003815512719], [0.6918956108731555, 0.028402083326794825, -0.31377730057254644], [0.20059183988628565, -0.6235771772441754, 0.38587151595920394]]	0.8042688321813057	0.2157643833464871	[[-0.29394322381243826, -0.48368992813292994, -0.5953474005857223], [0.7762514687420368, 0.010346749060209964, -0.3117602343605963], [0.19222206787065804, -0.6314065120436151, 0.4391844441729571]]	[[-0.036924466412303625, -0.024597116030960573, 0.012948171187636694], [0.044296262760879584, -0.019699767242332942, 0.020184245505305155], [-0.019983703021307836, 0.028274737616149077, 0.030971614798671446]]	0.4448292271874486	[[-0.12642827249712177, -0.7368779727570266, -0.431653122627074], [0.8535533905932738, 0.14644660940672602, -0.5], [0.431653122627074, -0.4316531226270741, 0.610449700259905]]
6	[[0.034229894132735264, 0.2773841392786001, 0.9601491309293217], [-0.1827544195208179, -0.9427759796974285, 0.2788803941677556], [0.9825625356654255, -0.18501754344446375, 0.018422055382213542]]	0.8725388346297145	0.1274611653702855	[[0.029866911936075338, 0.2420284336309162, 0.8377674037718036], [-0.15946032823212442, -0.8226086546420819, 0.24333397412820892], [0.8573239698203277, -0.16143499174308495, 0.016073958734680663]]	0.9195462103175188	0.12674074635735108	[[0.009029433396278815, 0.23716075599185374, 0.8619274619553939], [-0.16483088369737106, -0.8267919304389943, 0.25333038694927135], [0.8952447658547259, -0.160465782829664, 0.0]]	[[-0.022446536033047783, -0.017906778083969815, -0.020974032730323], [0.003220250191775017, 0.04013414887016217, -0.0031130226395442518], [-0.008266890216388243, 0.00966639808694951, -0.01693993121297392]]	0.34865358091175025	[[0.0, 0.0, 0.9758], [0.0, -1.0, 0.0], [0.9758, 0.0, 0.0]]
6	[[-0.8305561570912853, 0.32773595720904825, 0.4502950280316503], [-0.5100865793185324, -0.772219296347621, -0.37879947194723407], [0.22358030216652452, -0.5443036842615101, 0.808545204538665]]	0.7732540958066966	0.22674590419330345	[[-0.6422309502683065, 0.2534231712550248, 0.3481924747468648], [-0.3944265366740827, -0.597121733761763, -0.2929082431726126], [0.17288438439196388, -0.4208850532178877, 0.6252108910543858]]	0.800907651165041	0.25065225507159833	[[-0.6708489267719754, 0.33035647092439047, 0.3565576796569091], [-0.4956084241915188, -0.6243900772648333, -0.3685358340272678], [0.05492291854517019, -0.474210530560189, 0.6560459121046542]]	[[-0.0056501458353312925, 0.06787023523376523, -0.004087053575216206], [-0.08707618005870257, -0.005913734442739327, -0.06515243868745073], [-0.1241442561097911, -0.03827354527782479, 0.008475871476834254]]	0.41238680837324665	[[-0.625588952920583, 0.44235819084553607, 0.44235819084553596], [-0.7071067811865475, -0.5000000000000001, -0.5], [0.0, -0.6255889529205829, 0.625588952920583]]
6	[[0.8489524140446696, -0.5135124485683378, 0.12483895166604869], [0.522794976890395, 0.7815435453534784, -0.34040431673891397], [0.0772347773085365, 0.35425224329800037, 0.9319550081910795]]	0.8195758389185558	0.1804241610814443	[[0.6957808869425932, -0.420862395830517, 0.1023149885414149], [0.4284701317673524, 0.6405342068344595, -0.27898715346279324], [0.06329975740633166, 0.29033657948973896, 0.7638078076725535]]	0.9025471071447838	0.16409635416971324	[[0.7443028283958222, -0.4689247644059215, 0.066234539136595], [0.5083939179156891, 0.6668264155048816, -0.2959582683968839], [0.02193373608289643, 0.2909255687003395, 0.8256333255045529]]	[[-0.021916717003774865, -0.005455589467733758, -0.046438495548584736], [0.036546823893438996, -0.03855345046157826, 0.011272662935419573], [-0.04777428874789478, -0.028803768687820874, -0.015499971127399067]]	0.43466105064114385	[[0.6899947970818331, -0.689994797081833, 0.0], [0.7071067811865475, 0.7071067811865476, 0.0], [0.0, 0.0, 0.9758]]
6	[[-0.30792515101507295, 0.09349718223056193, 0.9468053539599837], [0.3027085282091916, -0.9338174967034747, 0.1906631317268273], [0.9019698710720718, 0.34531602882779927, 0.2592434992682147]]	0.8023307849065635	0.19766921509343657	[[-0.2470578281063956, 0.07501566760559876, 0.7596510827964503], [0.24287237103599127, -0.7492305250895811, 0.1529749001311289], [0.7236781946193274, 0.2770576804502257, 0.20799904024979082]]	0.8469105893274234	0.26467160923101796	[[-0.2539641088944656, 0.07799822313912477, 0.7409657078029217], [0.24398731779468363, -0.8497624596274025, 0.11871818975041679], [0.6778442711334038, 0.26269477348837766, 0.1759658857553408]]	[[0.006820962220445752, -0.0011855305642139297, -0.06089377249768788], [-0.012379740225399803, -0.058902533170003366, -0.042756435503362694], [-0.08604356393182472, -0.029757027990379287, -0.0435901789892064]]	0.3923939812900461	[[-0.431653122627074, -0.12642827249712163, 0.7368779727570266], [0.5, -0.8535533905932737, 0.14644660940672619], [0.610449700259905, 0.4316531226270741, 0.431653122627074]]
6	[[0.8592155572171323, 0.2624339665249735, -0.4391776855101157], [-0.4266000482917053, 0.8413623931712975, -0.33184593135155627], [0.2824199444684594, 0.4724804086637203, 0.8348660002631537]]	0.7907828073486779	0.20921719265132221	[[0.6794528904538225, 0.2075282687922675, -0.34729416307258404], [-0.33734798380319625, 0.6653349152696006, -0.26241805720142036], [0.22333283653802605, 0.3736293839803474, 0.660197679448059]]	0.8254863559561272	0.21398608136401076	[[0.7272779103245494, 0.16588004944129348, -0.32556593263903194], [-0.34952998070600017, 0.7434740054952078, -0.3932754709889255], [0.24206392495191537, 0.3875001036128561, 0.6952194627513968]]	[[0.018007191016565616, -0.05075560926451924, 0.03696925458995944], [0.0026225386090274957, 0.048940829517707285, -0.11934118237866223], [0.008930114143315043, -0.00252602719562016, 0.006048970482498767]]	0.4438638207008613	[[0.7551526673058276, -0.12956371438524455, -0.44235819084553596], [-0.14644660940672619, 0.8535533905932737, -0.5], [0.44235819084553596, 0.44235819084553607, 0.625588952920583]]
6	[[-0.42203838922340475, -0.825029846081567, 0.3757783270710803], [0.2588054115689476, 0.28760896992378115, 0.9221175843470338], [-0.8688517462515349, 0.4864224845687207, 0.09214016247897017]]	0.7411806625242828	0.25881933747571717	[[-0.3128066929352843, -0.6114961679210429, 0.27851962942080993], [0.19182156641154227, 0.21317020687603472, 0.6834557220916258], [-0.6439761129220928, 0.36052693937935215, 0.06829250667125816]]	0.8475657970971532	0.2502880717053882	[[-0.2779523568581679, -0.6287051361640416, 0.3279807910988583], [0.25579388387545154, 0.2312878849234916, 0.8305672225786257], [-0.7308214482357673, 0.37086544518859843, 0.022218547573789018]]	[[0.07975294690956566, 0.0705619429590236, 0.009483933783023361], [0.03643926892595973, -0.012479640922249147, 0.04901189718423059], [0.005587574635168304, -0.04140961567086712, -0.055876302682360546]]	0.4983631372151831	[[-0.45332874651110466, -0.4533287465111048, 0.6411036615295993], [0.5, 0.5000000000000001, 0.7071067811865475], [-0.6411036615295993, 0.6411036615295992, 0.0]]
6	[[0.08740825448676931, -0.06334395238859675, -0.994156597696443], [0.7119981850616444, -0.6940087028176986, 0.10681996481098455], [-0.6967197295301035, -0.717174639895393, -0.015561310176609944]]	0.8557126241982516	0.14428737580174855	[[0.07479634682346196, -0.054204219725535234, -0.8507123510788287], [0.609265835363492, -0.5938720083045572, 0.09140719240517252], [-0.5961918680869008, -0.613695393113323, -0.013316009567189847]]	0.9354466656925613	0.10874569862466794	[[0.06035783399669002, -0.05727546603307078, -0.8893330077748531], [0.6819079366896281, -0.6727996605569938, 0.09174280782385592], [-0.6451971421921006, -0.6578143555746435, -0.0021795632891873453]]	[[-0.021407926216965207, 0.0019794230206304033, 0.04064746671654562], [0.015871608494557862, -0.02359153354455793, -0.008181572087976294], [0.0065470057190579155, 0.013064270034765233, 0.01237721242933015]]	0.14775452381106347	[[0.0, 0.0, -0.929142747512], [0.7071067811865475, -0.7071067811865476, 0.0], [-0.6570031374560354, -0.6570031374560353, 0.0]]
6	[[0.22433838825039393, -0.7661379269479729, -0.6022499185961573], [-0.9416906372873723, -0.011392912655017143, -0.3362869982418849], [0.2507808429735371, 0.642575192824231, -0.724020780340167]]	0.7623478797713845	0.2376521202286156	[[0.17102389463401751, -0.5840636242212308, -0.4591239485342694], [-0.7178958607365922, -0.008685362806972921, -0.2563676801043843], [0.19118224392815647, 0.48986583584324106, -0.5519557068027496]]	0.7702888264691143	0.2192705001417247	[[0.16428818799462275, -0.6397891649694867, -0.4348269599715545], [-0.7828755958788792, -0.018641585906395287, -0.2927219035191296], [0.22225310430002032, 0.46588906813374253, -0.5988296317119864]]	[[-0.008517165822745774, -0.049641680307252634, 0.02907942306499919], [-0.05750181998583672, -0.00986575258729698, -0.033683786286566854], [0.02907942306499919, -0.0290794230649992, -0.041124514484506866]]	0.34166762762183556	[[0.12642827249712177, -0.7368779727570266, -0.431653122627074], [-0.8535533905932738, 0.14644660940672602, -0.5], [0.431653122627074, 0.4316531226270741, -0.610449700259905]]
6	[[0.8787972042104137, -0.3840163418041313, 0.28327887866788265], [-0.395223040501579, -0.9183905790867732, -0.018907472103605397], [0.2674214316928388, -0.09534250611366366, -0.9588511794847616]]	0.7790076365163844	0.22099236348361556	[[0.6845897330291609, -0.2991516628125044, 0.22067640974607894], [-0.30788176667795436, -0.7154332744133008, -0.01472906515592911], [0.20832333745686613, -0.07427254034715405, -0.7469523911013717]]	0.8444894585743705	0.2513765727214288	[[0.6906742479820926, -0.3121318792406313, 0.14297650794422695], [-0.3591567000724414, -0.8404952400467721, -0.025921854669706236], [0.13061141583166722, -0.054534390856795546, -0.809739713416483]]	[[-0.05146072719823008, 0.012165873333249881, -0.09624951892756799], [-0.025395008583146327, -0.06492407715398057, -0.009954693789922505], [-0.09522316422980119, 0.02598135051025586, 0.0]]	0.4779458088019958	[[0.6732969229924528, -0.6732969229924527, 0.0], [-0.7071067811865475, -0.7071067811865476, 0.0], [0.0, 0.0, -0.95218564]]
6	[[0.3802729664721569, 0.7767473726770865, -0.5020517802076895], [0.4287143634067757, 0.332951791095048, 0.839849450446521], [0.8195098935212374, -0.5346088512602871, -0.20639019011321075]]	0.7609447498726951	0.239055250127305	[[0.28936671735550323, 0.5910618352160387, -0.38203366631328145], [0.32622794402940064, 0.2533579173944871, 0.6390790300007485], [0.6236017509437172, -0.4068077986019881, -0.1570515315918751]]	0.8482052176010402	0.24429903204038494	[[0.3461203078539481, 0.5935705464262471, -0.4309524685740671], [0.4032863725685297, 0.2926326635314297, 0.717926045459551], [0.6563680865056497, -0.4309524685740671, -0.08057018564645355]]	[[0.02357079357963922, -0.06527062783635737, -0.005109529096014366], [0.03964861266639414, 0.010221217114998486, 0.005561359591445492], [-0.03874448105473663, 0.02250554844060688, 0.0944910504692424]]	0.3803463226321583	[[0.45332874651110466, 0.4533287465111048, -0.6411036615295993], [0.5, 0.5000000000000001, 0.7071067811865475], [0.6411036615295993, -0.6411036615295992, 0.0]]
6	[[0.04673222253661188, -0.9725397674033924, -0.22799671093185395], [-0.8377629715199755, -0.16246744520517667, 0.5213036857710898], [-0.5440306084466285, 0.16664552219444034, -0.8223502702654952]]	0.7459841639157461	0.2540158360842539	[[0.034861497956898954, -0.7254992652612339, -0.17008193578003913], [-0.6249579098688999, -0.12119814127491096, 0.3888842941761433], [-0.4058382185866329, 0.12431492054452256, -0.6134602788098933]]	0.7872875912212611	0.35834696341151207	[[-0.03464007318247663, -0.8442265649884357, -0.1579691171922277], [-0.6894520468296947, -0.15477807265840343, 0.27497565896398835], [-0.29691355552852605, 0.04757756907956089, -0.6085558953557195]]	[[-0.07143177209574184, -0.07855807414253374, 0.021529864163681744], [-0.029891654967367162, -0.02686946907094758, -0.13544026410149815], [0.13139499174605712, -0.08362038267670925, 0.03887026806175504]]	0.3580497196200953	[[-0.12642827249712177, -0.7368779727570266, -0.431653122627074], [-0.8535533905932738, -0.14644660940672602, 0.5], [-0.431653122627074, 0.4316531226270741, -0.610449700259905]]
6	[[-0.5446221603179724, 0.8109226453022452, -0.2139887049042392], [-0.8354447797583356, -0.5021691245819775, 0.22328947644507607], [0.07361197229480154, 0.30038414347728, 0.9509735242804028]]	0.7903584606420861	0.20964153935791405	[[-0.4304467322604801, 0.6409195736408909, -0.16912778340290813], [-0.6603008500812647, -0.3968936162865957, 0.17647872688070768], [0.058179845107747236, 0.2374111492399945, 0.7516099707616385]]	0.8516792245955598	0.17573527025228242	[[-0.48116616040086263, 0.6733231885543031, -0.1297561666673768], [-0.7622819999039607, -0.45006483645649725, 0.20975104709832929], [0.04506570480535249, 0.20945166089486572, 0.8272471749737335]]	[[-0.017322781203693273, -0.01732278120369327, 0.05249356759767371], [-0.05075103768697317, -0.02237782581668756, 0.01958003893923837], [-0.01762808267963392, -0.04637927350266548, 0.017322781203693273]]	0.39428041456360374	[[-0.6732969229924528, 0.6732969229924527, 0.0], [-0.7071067811865475, -0.7071067811865476, 0.0], [0.0, 0.0, 0.95218564]]
6	[[0.5319609947059123, -0.8460851799387872, 0.03402011756955908], [-0.703274286200726, -0.4190807785627857, 0.5742617690636116], [-0.47161719485230363, -0.3294103357928521, -0.8179645788128509]]	0.7820134155260741	0.217986584473926	[[0.4160006343966183, -0.6616499613899239, 0.026604188337169515], [-0.5499699266034914, -0.32772679102521024, 0.4490804074314804], [-0.368810973367276, -0.2576033018029592, -0.6396592740567842]]	0.8362064181525972	0.2077433652851312	[[0.4930618321756672, -0.6875006135059153, 0.005780397221354019], [-0.5971237565195656, -0.3878569007528883, 0.563531832032276], [-0.3568220812220202, -0.3486473650756777, -0.6817202162845613]]	[[0.04823263419574349, 0.02000124426269382, -0.02266744343661723], [-0.009041284676832184, -0.03741886399429946, 0.08333045504161957], [0.037547244024600086, -0.07319232807989248, 0.0022670143402305836]]	0.3300115828326617	[[0.625588952920583, -0.6255889529205829, 0.0], [-0.5, -0.5000000000000001, 0.7071067811865475], [-0.44235819084553596, -0.44235819084553607, -0.625588952920583]]
