6	[[-0.30792515101507295, 0.09349718223056193, 0.9468053539599837], [0.3027085282091916, -0.9338174967034747, 0.1906631317268273], [0.9019698710720718, 0.34531602882779927, 0.2592434992682147]]	0.8407804372428849	0.15921956275711524	[[-0.25889744310853435, 0.07861060175678954, 0.7960554194863794], [0.2545114087048742, -0.7851354831834036, 0.16030583125937958], [0.758358622579885, 0.29033496170481365, 0.21796686266710505]]	0.8536846345774063	0.25727282669796214	[[-0.26070325037301045, 0.08049609392848196, 0.7478270610298005], [0.24321672102254846, -0.8497650398564465, 0.11948255729859991], [0.6841661329655988, 0.26752974367757154, 0.18020715644452853]]	[[0.0021677196484847614, 0.0006789860819675416, -0.06044612158146006], [-0.015200898265179712, -0.05257939142115235, -0.043283628637000554], [-0.0858316868203931, -0.027261244206009373, -0.04110503549482546]]	0.3799393251779797	[[-0.45387952838266044, -0.13293823602152918, 0.774820820743792], [0.5, -0.8535533905932737, 0.14644660940672619], [0.6418825847222627, 0.45387952838266055, 0.45387952838266044]]
6	[[0.8592155572171323, 0.2624339665249735, -0.4391776855101157], [-0.4266000482917053, 0.8413623931712975, -0.33184593135155627], [0.2824199444684594, 0.4724804086637203, 0.8348660002631537]]	0.8309412497646834	0.1690587502353167	[[0.7139576489312627, 0.2180672081249646, -0.36493085486653665], [-0.35447957727718377, 0.6991227184867629, -0.27574447292658744], [0.23467438161509419, 0.3926034612643601, 0.6937245976447073]]	0.8523300113188085	0.18602898761173864	[[0.7457210162963638, 0.160778398057772, -0.34634425896801707], [-0.3563292531701203, 0.7553867657862348, -0.386182002697734], [0.27026145246442945, 0.39586403577645596, 0.7218976357779422]]	[[0.013385810688189104, -0.06290194760089848, 0.02798006269378797], [0.007274770818953089, 0.038268347691323056, -0.10333975627276143], [0.02954645799897017, -0.006845196287808134, 0.010316288323959866]]	0.43179826498421137	[[0.7874195332762114, -0.1350998333552126, -0.4612596833157119], [-0.14644660940672619, 0.8535533905932737, -0.5], [0.4612596833157119, 0.461259683315712, 0.6523196999209988]]
6	[[0.22433838825039393, -0.7661379269479729, -0.6022499185961573], [-0.9416906372873723, -0.011392912655017143, -0.3362869982418849], [0.2507808429735371, 0.642575192824231, -0.724020780340167]]	0.8227223203682847	0.17727767963171534	[[0.1845681993290453, -0.6303187729807835, -0.49548445046904105], [-0.7747499061781559, -0.009373203535288933, -0.2766708195032489], [0.2063229970351029, 0.5286609536514494, -0.5956680563963185]]	0.8342104355715663	0.15956024607064137	[[0.17655338629116313, -0.7008551770032585, -0.46623968614368366], [-0.8535762066342696, -0.021172423295111858, -0.3203723165783404], [0.24536747702131612, 0.49987945072202794, -0.6551285754999078]]	[[-0.010592038286621197, -0.061734923256093074, 0.03616348077135712], [-0.06800804992910485, -0.011668336666741164, -0.039838193297923014], [0.03616348077135712, -0.03616348077135713, -0.05114288496947189]]	0.3210400255850099	[[0.13293823602152935, -0.7748208207437919, -0.45387952838266044], [-0.8535533905932738, 0.14644660940672602, -0.5], [0.45387952838266044, 0.45387952838266055, -0.6418825847222627]]
6	[[0.034229894132735264, 0.2773841392786001, 0.9601491309293217], [-0.1827544195208179, -0.9427759796974285, 0.2788803941677556], [0.9825625356654255, -0.18501754344446375, 0.018422055382213542]]	0.8810792260819117	0.11892077391808847	[[0.03015924863133616, 0.24439740276298616, 0.8459674532024269], [-0.16102112251445125, -0.8306603305604264, 0.2457157218627446], [0.8657154385011737, -0.1630151139896246, 0.016231290298998828]]	0.9259243869760635	0.12416803927712305	[[0.009973560928354337, 0.24028380295304488, 0.8733874317469279], [-0.16418390283431866, -0.8273355607755077, 0.2526649280809956], [0.9071350367320581, -0.16294106150201254, 0.0]]	[[-0.021720732812754117, -0.016552936165375932, -0.015638063714404515], [0.005032871027661009, 0.045603710281591686, -0.005557229928426475], [-0.0026435767695976746, 0.008371193991619784, -0.017057430336615168]]	0.3451304444148138	[[0.0, 0.0, 0.984], [0.0, -1.0, 0.0], [0.984, 0.0, 0.0]]
6	[[-0.42203838922340475, -0.825029846081567, 0.3757783270710803], [0.2588054115689476, 0.28760896992378115, 0.9221175843470338], [-0.8688517462515349, 0.4864224845687207, 0.09214016247897017]]	0.7855735074957868	0.21442649250421347	[[-0.33154217772010214, -0.6481215899750058, 0.29520149843812743], [0.2033106749251088, 0.22593798729027498, 0.7243911450590415], [-0.6825469137966573, 0.3821206173274652, 0.07238287061983627]]	0.8614408312365901	0.22623385204886048	[[-0.28740208791955535, -0.6501175936164445, 0.34217477743847025], [0.25807896115986667, 0.23363274966170805, 0.8305497273773178], [-0.7557379114920793, 0.38352912617166446, 0.022918804418515484]]	[[0.07615901290680605, 0.060596802787056675, 0.018463983005663584], [0.03513341228938462, -0.014125360460533535, 0.036199989019532336], [-0.007273540979793902, -0.035495063267381666, -0.056454493737643045]]	0.48993448503607623	[[-0.46875984076799987, -0.468759840768, 0.6629265243099581], [0.5, 0.5000000000000001, 0.7071067811865475], [-0.6629265243099581, 0.662926524309958, 0.0]]
6	[[-0.5446221603179724, 0.8109226453022452, -0.2139887049042392], [-0.8354447797583356, -0.5021691245819775, 0.22328947644507607], [0.07361197229480154, 0.30038414347728, 0.9509735242804028]]	0.8307308359897434	0.16926916401025668	[[-0.45243442253948923, 0.6736584470549484, -0.17776701571746117], [-0.6940297403119092, -0.41716737667222364, 0.18549345343493012], [0.061151735283314315, 0.2495383706289438, 0.7900030308295715]]	0.8517125267122285	0.15800757511269167	[[-0.4638652651847497, 0.6906692262816826, -0.15096538366377296], [-0.7344067362606485, -0.4505594295467974, 0.19017844417128638], [0.08482265441331836, 0.23371452233148032, 0.809961364970358]]	[[-3.74891685701073e-06, -3.7489168570107296e-06, 0.03129147687809406], [-0.022847951964134854, -0.022855695612213487, 0.0], [0.022126415493842373, -0.02212641549384237, 5.3017690633936915e-06]]	0.3892359466669598	[[-0.6846603835245618, 0.6846603835245617, 0.0], [-0.7071067811865475, -0.7071067811865476, 0.0], [0.0, 0.0, 0.968256]]
6	[[0.04673222253661188, -0.9725397674033924, -0.22799671093185395], [-0.8377629715199755, -0.16246744520517667, 0.5213036857710898], [-0.5440306084466285, 0.16664552219444034, -0.8223502702654952]]	0.7948955716157003	0.2051044283842996	[[0.037147236746112144, -0.7730675543291199, -0.1812335758626757], [-0.6659340761248387, -0.12914465272531134, 0.41438199128638176], [-0.43244752147762017, 0.13246578762194658, -0.6536825881510165]]	0.8184630114079242	0.20783695389987195	[[-0.03406395624472527, -0.7959878267429428, -0.2923018699854994], [-0.7995919471011809, -0.13906015053994486, 0.50632829717221], [-0.45079405649486276, 0.26975244870473675, -0.6730632786336176]]	[[-0.07231255183182585, 8.028306001309308e-18, -0.10569499536511223], [-0.11391394258489074, -0.006086556081564049, 0.07966051265795357], [-0.005525126407549799, 0.13335925277182906, 0.0]]	0.3503163096595695	[[1.8125539330312613e-16, -0.9077590567653211, 0.0], [-0.7071067811865476, -1.3401577416544657e-16, 0.7071067811865475], [-0.6418825847222627, -1.007815005632874e-16, -0.6418825847222627]]
6	[[0.08740825448676931, -0.06334395238859675, -0.994156597696443], [0.7119981850616444, -0.6940087028176986, 0.10681996481098455], [-0.6967197295301035, -0.717174639895393, -0.015561310176609944]]	0.8939542450354148	0.10604575496458532	[[0.07813898014958327, -0.056626595135107254, -0.8887305107407002], [0.6364937999933677, -0.6204120259754032, 0.09549216099731327], [-0.6228355598133621, -0.6411213137662314, -0.013911099290693259]]	0.9448759994291294	0.08697261326177803	[[0.06917994246314912, -0.06219051207787916, -0.9099063471518637], [0.678139021313634, -0.6606988756526965, 0.10435536960171977], [-0.6542389658501943, -0.6735536441297518, 0.0]]	[[-0.013410019353392713, -0.0023383317569126228, 0.02944836168562595], [0.005389024611786353, -0.004946708965310055, 0.0034237485919562964], [0.004074784911555107, 0.004087460506633614, 0.014703508505551004]]	0.13351333162085255	[[0.0, 0.0, -0.952763904], [0.7071067811865475, -0.7071067811865476, 0.0], [-0.6737058173881688, -0.6737058173881687, 0.0]]
6	[[0.8489524140446696, -0.5135124485683378, 0.12483895166604869], [0.522794976890395, 0.7815435453534784, -0.34040431673891397], [0.0772347773085365, 0.35425224329800037, 0.9319550081910795]]	0.85347868412652	0.14652131587348033	[[0.7245627892248768, -0.4382719288866921, 0.10654738419567343], [0.4461943689443687, 0.6670307566758619, -0.2905278283213154], [0.06591823610609453, 0.3023467384588452, 0.7954037340560427]]	0.9071896929435619	0.15220452632039363	[[0.7622420311276568, -0.47339733568050835, 0.054996100079935446], [0.5004711023371083, 0.6736362676376919, -0.28744064659867863], [0.02076014755085838, 0.2866724362473738, 0.8454599777180801]]	[[-0.007918848693222725, -0.007544135141101398, -0.05825651014938343], [0.026196887779474445, -0.035371981293552845, 0.021370640980359658], [-0.04930644636023723, -0.034701547574707135, 0.0]]	0.43199665966040446	[[0.6957930726875629, -0.6957930726875627, 0.0], [0.7071067811865475, 0.7071067811865476, 0.0], [0.0, 0.0, 0.984]]
6	[[0.3802729664721569, 0.7767473726770865, -0.5020517802076895], [0.4287143634067757, 0.332951791095048, 0.839849450446521], [0.8195098935212374, -0.5346088512602871, -0.20639019011321075]]	0.808901371637686	0.1910986283623141	[[0.30760332417605957, 0.6283120151744641, -0.40611037364314206], [0.34678763660051837, 0.26932516050600863, 0.6793553724353477], [0.662902676939983, -0.432445833074094, -0.166949307875139]]	0.8655961251334494	0.22181860710132725	[[0.3447560863293809, 0.6231552760156293, -0.4268378185953177], [0.40375850225126614, 0.3038551486408283, 0.7221024213126577], [0.6699341218264809, -0.4522685628756363, -0.08549004167529767]]	[[0.015593280058079695, -0.04919423998124403, 0.007736256968808481], [0.03266501049730763, 0.015653368412712997, -0.004868008689308093], [-0.03943046651402795, 0.010486787237312842, 0.09316050715225355]]	0.37359951904338345	[[0.46875984076799987, 0.468759840768, -0.6629265243099581], [0.5, 0.5000000000000001, 0.7071067811865475], [0.6629265243099581, -0.662926524309958, 0.0]]
6	[[0.8787972042104137, -0.3840163418041313, 0.28327887866788265], [-0.395223040501579, -0.9183905790867732, -0.018907472103605397], [0.2674214316928388, -0.09534250611366366, -0.9588511794847616]]	0.8142248578717356	0.18577514212826454	[[0.7155385286963026, -0.3126756513258926, 0.23065270472142138], [-0.3218004239800334, -0.7477764387276691, -0.015394933786271908], [0.2177411772119577, -0.0776302384895329, -0.7807204653361259]]	0.8516301074666875	0.24330079457882683	[[0.6957102693925921, -0.3160895660515153, 0.148787815939754], [-0.3599879608929919, -0.8405062202324333, -0.025064085336015274], [0.13533791344688112, -0.05673938802199825, -0.8165865330291677]]	[[-0.05269988807054708, 0.01095031238810137, -0.09246100594321766], [-0.023404120437321038, -0.05837715266837111, -0.008961912836498404], [-0.09240622916458663, 0.02445716070572445, 0.0]]	0.4743547251989933	[[0.6846603835245618, -0.6846603835245617, 0.0], [-0.7071067811865475, -0.7071067811865476, 0.0], [0.0, 0.0, -0.968256]]
6	[[0.5319609947059123, -0.8460851799387872, 0.03402011756955908], [-0.703274286200726, -0.4190807785627857, 0.5742617690636116], [-0.47161719485230363, -0.3294103357928521, -0.8179645788128509]]	0.8240717398234545	0.1759282601765456	[[0.43837402242551665, -0.6972348862709967, 0.028035017474545013], [-0.5795484646025304, -0.3453526263168027, 0.47323289514634537], [-0.3886464022925949, -0.271457748532644, -0.6740614935762653]]	0.8603420369437258	0.18169956241166552	[[0.5206701764412011, -0.7107761325877051, 0.005313555991152222], [-0.5959435160902913, -0.3929477467080102, 0.5682559149705628], [-0.3735840834954332, -0.3693178487645885, -0.7061353149712555]]	[[0.06300177068130598, 0.017146514548729886, -0.023955381255707286], [0.00911291582978612, -0.032394936035340584, 0.07419437483546788], [0.03216801458148369, -0.08591228947824942, -0.0024060030875907128]]	0.31216751669279363	[[0.6523196999209988, -0.6523196999209987, 0.0], [-0.5, -0.5000000000000001, 0.7071067811865475], [-0.4612596833157119, -0.461259683315712, -0.6523196999209988]]
6	[[-0.3195682178843842, -0.5708200961323295, -0.7563336379995778], [0.910087742671785, 0.03735879733279218, -0.41272826520656647], [0.2638493031197415, -0.8202248094963509, 0.507557688474819]]	0.8055316504240141	0.19446834957598602	[[-0.2574223139754689, -0.45981365413266984, -0.6092506836889988], [0.7331044813850683, 0.030093693673340333, -0.33246568064848575], [0.21253896460527133, -0.6607170445123183, 0.4088537824825186]]	0.8274903510435645	0.18735601284958467	[[-0.28993287853355715, -0.5001058844666773, -0.6271582179868938], [0.7903259954533539, 0.0069824011068550865, -0.30315071091141804], [0.18214307011561653, -0.6685742158959205, 0.4440231214141392]]	[[-0.025493261734041834, -0.027757762735414724, -0.0012994303725667941], [0.037237169789433255, -0.023931643212622554, 0.03837794614996495], [-0.03618968234553824, 0.010153899648855845, 0.024024031603251027]]	0.44049695935874417	[[-0.13293823602152935, -0.7748208207437919, -0.45387952838266044], [0.8535533905932738, 0.14644660940672602, -0.5], [0.45387952838266044, -0.45387952838266055, 0.6418825847222627]]
6	[[-0.8305561570912853, 0.32773595720904825, 0.4502950280316503], [-0.5100865793185324, -0.772219296347621, -0.37879947194723407], [0.22358030216652452, -0.5443036842615101, 0.808545204538665]]	0.8292038617895963	0.17079613821040388	[[-0.6887003728932202, 0.2717599213650526, 0.3733863761884988], [-0.42296576141797226, -0.640327222679892, -0.31410198498250624], [0.18539364997656702, -0.45133871697594935, 0.67044880603492]]	0.8344051294412882	0.16103905388524062	[[-0.6989499111248141, 0.27939415715638155, 0.379864873852997], [-0.4348566744723873, -0.667376082105262, -0.3160722224224235], [0.19314906165983356, -0.4482401927627942, 0.6830399773995917]]	[[-0.005929593358801161, 0.005929593358801162, 0.004136392701479441], [-0.009237816229843423, -0.023032340179264907, -5.494417320620543e-18], [0.006592510690052318, 0.005929593358801163, 0.008385711347374038]]	0.39468362700610277	[[-0.6523196999209988, 0.461259683315712, 0.4612596833157119], [-0.7071067811865475, -0.5000000000000001, -0.5], [0.0, -0.6523196999209987, 0.6523196999209988]]
