6	[[-0.3195682178843842, -0.5708200961323295, -0.7563336379995778], [0.910087742671785, 0.03735879733279218, -0.41272826520656647], [0.2638493031197415, -0.8202248094963509, 0.507557688474819]]	0.790949586553226	0.20905041344677416	[[-0.25276234981120493, -0.4514899190321387, -0.5982217782720635], [0.719833523793407, 0.029548925304497767, -0.3264472507239639], [0.20869149721491634, -0.6487564739518371, 0.4014525438510691]]	0.8207424342845381	0.19474975253045898	[[-0.29419622291276903, -0.4905869310776977, -0.6184539726589557], [0.7844061866715486, 0.007453504046547335, -0.3108715776226637], [0.18570450557624255, -0.6599619095496788, 0.43434725822149045]]	[[-0.03191302584636796, -0.02209065583951552, 0.002301138524098273], [0.03745855733858756, -0.023208446218311286, 0.02787202346100802], [-0.03084781375053303, 0.013231397256927659, 0.01777312544283413]]	0.44143024580587314	[[-0.13084455154410474, -0.7626179333449102, -0.44673124244450735], [0.8535533905932738, 0.14644660940672602, -0.5], [0.44673124244450735, -0.44673124244450746, 0.6317733818008058]]
6	[[0.034229894132735264, 0.2773841392786001, 0.9601491309293217], [-0.1827544195208179, -0.9427759796974285, 0.2788803941677556], [0.9825625356654255, -0.18501754344446375, 0.018422055382213542]]	0.8784320092768076	0.12156799072319241	[[0.030068634680351057, 0.24366310680801853, 0.8434257302876247], [-0.16053733194388872, -0.8281645981435231, 0.24497746499668968], [0.8631143824446948, -0.1625253324393793, 0.01618252312440646]]	0.9239233825986051	0.12478851417392627	[[0.00947786192330588, 0.23941116241781601, 0.8697324299094896], [-0.1644276306926217, -0.8271323144898896, 0.2529118801619339], [0.9033760912687007, -0.1621140378274534, 0.0]]	[[-0.02214793764980303, -0.016870529823670804, -0.017371802937840308], [0.004423450775896868, 0.043920457704872615, -0.004752236957971099], [-0.004436410297961574, 0.008827996751839921, -0.017020567723153576]]	0.34624222494159707	[[0.0, 0.0, 0.9814], [0.0, -1.0, 0.0], [0.9814, 0.0, 0.0]]
6	[[-0.5446221603179724, 0.8109226453022452, -0.2139887049042392], [-0.8354447797583356, -0.5021691245819775, 0.22328947644507607], [0.07361197229480154, 0.30038414347728, 0.9509735242804028]]	0.8184580709068535	0.1815419290931464	[[-0.44575040270697086, 0.6637061839287584, -0.17514078261177957], [-0.6837765227902085, -0.4110043729743486, 0.18275307414503825], [0.06024831284005204, 0.24585182660142213, 0.7783319561660307]]	0.8632462079878792	0.1647343235561446	[[-0.4858500254017197, 0.6889193647356295, -0.12574788624850436], [-0.7565672259796506, -0.4457364256128255, 0.204953469187607], [0.06350561508695972, 0.22710232463919183, 0.8366312994529904]]	[[-0.01570701072106323, -0.011106533793033613, 0.05897705181231748], [-0.03537268786999831, -0.01224083304884055, 0.0121996753627962], [-3.964085903654229e-05, -0.032203148157257194, 0.01570701072106323]]	0.39080137024424516	[[-0.6810470395884274, 0.6810470395884273, 0.0], [-0.7071067811865475, -0.7071067811865476, 0.0], [0.0, 0.0, 0.9631459600000001]]
6	[[0.8489524140446696, -0.5135124485683378, 0.12483895166604869], [0.522794976890395, 0.7815435453534784, -0.34040431673891397], [0.0772347773085365, 0.35425224329800037, 0.9319550081910795]]	0.843088362691264	0.15691163730873603	[[0.7157419007597164, -0.43293636948506176, 0.10525026736022283], [0.4407623610897403, 0.6589102680239898, -0.2869909180524494], [0.06511574194387842, 0.29866594378181843, 0.7857204219577407]]	0.9081672726021885	0.1547970028431276	[[0.7537056937222483, -0.47577253741852554, 0.0633679528471186], [0.5081272063371869, 0.6681124121148238, -0.29312030951849816], [0.023961712873293115, 0.2915459070694383, 0.8367759044583859]]	[[-0.017285104709743093, -0.009417337554946706, -0.05000669740195327], [0.033341918044512565, -0.04165985788868946, 0.01602375039629283], [-0.04618038418503788, -0.030174386539713667, -0.009595133518456898]]	0.43283394385130625	[[0.6939545950564778, -0.6939545950564777, 0.0], [0.7071067811865475, 0.7071067811865476, 0.0], [0.0, 0.0, 0.9814]]
6	[[0.08740825448676931, -0.06334395238859675, -0.994156597696443], [0.7119981850616444, -0.6940087028176986, 0.10681996481098455], [-0.6967197295301035, -0.717174639895393, -0.015561310176609944]]	0.8829674065935776	0.1170325934064226	[[0.07717863977905416, -0.055930645363946346, -0.8778078728159228], [0.6286711909632143, -0.6127870644803161, 0.09431854730157226], [-0.6151808127057743, -0.633241831863118, -0.013740129689839528]]	0.9394518825038399	0.0961854596800179	[[0.07092658326892513, -0.059336172012701194, -0.9009383809244477], [0.676382273616022, -0.658715421326833, 0.10812841138914495], [-0.6460918070286921, -0.6673155502711026, 0.0]]	[[-0.011189265955044997, 0.00017242330399963157, 0.0330239062850883], [0.007494238320542778, -0.006727638990697938, 0.007776194358471565], [0.008442854455929998, 0.006435515262637857, 0.014619102139642374]]	0.13791983013130107	[[0.0, 0.0, -0.9452314451440001], [0.7071067811865475, -0.7071067811865476, 0.0], [-0.6683795646520827, -0.6683795646520826, 0.0]]
6	[[0.8787972042104137, -0.3840163418041313, 0.28327887866788265], [-0.395223040501579, -0.9183905790867732, -0.018907472103605397], [0.2674214316928388, -0.09534250611366366, -0.9588511794847616]]	0.8039321917153337	0.1960678082846663	[[0.7064933624541857, -0.3087230993211001, 0.227737009794133], [-0.3177325251668326, -0.7383237510959441, -0.01520032548804802], [0.2149886976924763, -0.07664890990359025, -0.7708513302520175]]	0.8493747648373113	0.24586162319667454	[[0.6941227289603402, -0.3148371268693019, 0.14692708917121014], [-0.35972229949027734, -0.8405028075215567, -0.025337985751612713], [0.1338263622514344, -0.05603213121787222, -0.8144239950888481]]	[[-0.0523054397055665, 0.011336663144266788, -0.09368284178069994], [-0.02402982240596142, -0.06044502538092633, -0.009278456079944843], [-0.09331465340512764, 0.024949387491420776, 0.0]]	0.4754581807636795	[[0.6810470395884274, -0.6810470395884273, 0.0], [-0.7071067811865475, -0.7071067811865476, 0.0], [0.0, 0.0, -0.9631459600000001]]
6	[[0.3802729664721569, 0.7767473726770865, -0.5020517802076895], [0.4287143634067757, 0.332951791095048, 0.839849450446521], [0.8195098935212374, -0.5346088512602871, -0.20639019011321075]]	0.7933675822319856	0.20663241776801458	[[0.30169624399820005, 0.6162461850658671, -0.3983116070186389], [0.3401280779641585, 0.2641531575008874, 0.6663093279396182], [0.650172582838136, -0.4241413317641932, -0.16374328612651787]]	0.8605861449904039	0.22889894298718336	[[0.34295642578732927, 0.6130577707857504, -0.432058806114505], [0.40603891438262324, 0.3013393119808828, 0.7187799155160357], [0.6666044354915615, -0.44253537860825465, -0.08417099974420658]]	[[0.015698779526990593, -0.05540025629784831, 4.215672408580267e-18], [0.03709327307637107, 0.014805613614745241, -0.003982885416045152], [-0.038654424555376585, 0.01754159177558415, 0.09344553832915808]]	0.3755392622361883	[[0.4638250701321608, 0.4638250701321609, -0.655947704749554], [0.5, 0.5000000000000001, 0.7071067811865475], [0.655947704749554, -0.6559477047495539, 0.0]]
6	[[-0.42203838922340475, -0.825029846081567, 0.3757783270710803], [0.2588054115689476, 0.28760896992378115, 0.9221175843470338], [-0.8688517462515349, 0.4864224845687207, 0.09214016247897017]]	0.7701250226733257	0.2298749773266743	[[-0.32502232406968845, -0.6353761289197373, 0.2893962926557601], [0.19931252345251518, 0.22149486448360384, 0.7101458255527318], [-0.669124470781722, 0.37460612695730156, 0.07095944471824082]]	0.8570489399167045	0.23378458957746404	[[-0.2843795514666757, -0.6432705887976461, 0.3376272901719709], [0.25735838979791814, 0.23288620290371662, 0.8305585742692957], [-0.7477661503136664, 0.37947179094076955, 0.022701627604980852]]	[[0.07732800262139689, 0.06382036618620292, 0.01556687331202885], [0.035549486168045166, -0.013608759879995448, 0.04025867612611783], [-0.003117682244010888, -0.03741608381050207, -0.05626700097137345]]	0.49250378116955584	[[-0.4638250701321608, -0.4638250701321609, 0.655947704749554], [0.5, 0.5000000000000001, 0.7071067811865475], [-0.655947704749554, 0.6559477047495539, 0.0]]
6	[[0.8592155572171323, 0.2624339665249735, -0.4391776855101157], [-0.4266000482917053, 0.8413623931712975, -0.33184593135155627], [0.2824199444684594, 0.4724804086637203, 0.8348660002631537]]	0.8175358985466865	0.18246410145331354	[[0.7024395626148001, 0.21454918863216532, -0.35904352374516657], [-0.3487608538002192, 0.6878439601046873, -0.2712959616665565], [0.23088844306852724, 0.3862696954426002, 0.6825329256912156]]	0.8436976409045295	0.194765941629987	[[0.739806243139139, 0.16248580237030796, -0.3395815996083613], [-0.3541213772725795, 0.7515906110464504, -0.38849068331779063], [0.2610785727572323, 0.39319364822553804, 0.7132986622309112]]	[[0.014888104486573902, -0.05892911608003046, 0.030951577594434676], [0.0058000770808905745, 0.04173514478203771, -0.1085130538927162], [0.022801531864804818, -0.005436957937650866, 0.00892418733748828]]	0.43545583792734166	[[0.7770714625483089, -0.1333243851070966, -0.45519792382770263], [-0.14644660940672619, 0.8535533905932737, -0.5], [0.45519792382770263, 0.45519792382770274, 0.6437470774412123]]
6	[[0.04673222253661188, -0.9725397674033924, -0.22799671093185395], [-0.8377629715199755, -0.16246744520517667, 0.5213036857710898], [-0.5440306084466285, 0.16664552219444034, -0.8223502702654952]]	0.77889624647536	0.22110375352463996	[[0.036399552723218286, -0.7575075743785222, -0.17758578235354872], [-0.6525304339529528, -0.1265452832447534, 0.40604148412087226], [-0.42374339888678525, 0.12979957172917586, -0.6405255387977922]]	0.8024361633690602	0.22755009485079103	[[-0.04196461582172261, -0.7804010796790165, -0.30273321191114705], [-0.8021874027641286, -0.14033336728900045, 0.5072525801037524], [-0.4454519494184741, 0.2827305889644487, -0.6598835958173538]]	[[-0.07946424117971061, 1.037221336664967e-17, -0.11978040593022549], [-0.12993609808497633, -0.009963613886185453, 0.08893965054344904], [-0.008902115221225932, 0.14900819549210848, 0.0]]	0.3529791843392245	[[-0.13084455154410474, -0.7626179333449102, -0.44673124244450735], [-0.8535533905932738, -0.14644660940672602, 0.5], [-0.44673124244450735, 0.44673124244450746, -0.6317733818008058]]
6	[[-0.30792515101507295, 0.09349718223056193, 0.9468053539599837], [0.3027085282091916, -0.9338174967034747, 0.1906631317268273], [0.9019698710720718, 0.34531602882779927, 0.2592434992682147]]	0.8285958784479306	0.17140412155206952	[[-0.25514551100154603, 0.07747137984273877, 0.7845190139836765], [0.2508230388451753, -0.7737573289910631, 0.15798268512082397], [0.7473685176545299, 0.28612743824872133, 0.2148080950080618]]	0.8515412667541665	0.2596043602309626	[[-0.25855523669129715, 0.07969882460780464, 0.7456496740475832], [0.2434558782884351, -0.8497656764371888, 0.11924186319085167], [0.6821614101758665, 0.2659853863561721, 0.1788564120834925]]	[[0.0036557364695461326, 8.211561324677e-05, -0.06059415643312819], [-0.01431292528010926, -0.05458154237710716, -0.04311566152312737], [-0.08590315641093776, -0.028065462262370354, -0.0419001256811459]]	0.383520353357879	[[-0.44673124244450735, -0.1308445515441046, 0.7626179333449103], [0.5, -0.8535533905932737, 0.14644660940672619], [0.6317733818008058, 0.44673124244450746, 0.44673124244450735]]
6	[[0.5319609947059123, -0.8460851799387872, 0.03402011756955908], [-0.703274286200726, -0.4190807785627857, 0.5742617690636116], [-0.47161719485230363, -0.3294103357928521, -0.8179645788128509]]	0.8103477079949587	0.18965229200504138	[[0.4310733728026544, -0.6856231863318982, 0.027568124298211216], [-0.5698967059145489, -0.3396011483730962, 0.4653517083498279], [-0.38217391289957603, -0.2669369105995874, -0.6628357216620555]]	0.8548819566497582	0.19005333066559843	[[0.5120167200289453, -0.702711394528157, 0.006663506832014204], [-0.5958723310592773, -0.38993826873250753, 0.567381012000372], [-0.3689613732447926, -0.3634247597590955, -0.6968529134630602]]	[[0.057252864013403196, 0.02059155959027619, -0.02241967784130528], [0.005344166789461271, -0.03167367276044921, 0.07645498723412025], [0.03421565708021499, -0.08181780735584823, 0.0024102461426650386]]	0.31769151374675253	[[0.6437470774412123, -0.6437470774412122, 0.0], [-0.5, -0.5000000000000001, 0.7071067811865475], [-0.45519792382770263, -0.45519792382770274, -0.6437470774412123]]
6	[[0.22433838825039393, -0.7661379269479729, -0.6022499185961573], [-0.9416906372873723, -0.011392912655017143, -0.3362869982418849], [0.2507808429735371, 0.642575192824231, -0.724020780340167]]	0.8025330437334671	0.19746695626653288	[[0.180038969548849, -0.6148510024332052, -0.48332546025920703], [-0.7557378533975434, -0.009143188870020484, -0.269881428267051], [0.20125991322159748, 0.5156878253248497, -0.5810506005726743]]	0.8129189551301674	0.17962739580995088	[[0.17092818395302056, -0.6894895869938815, -0.45051923047600717], [-0.8401508983978251, -0.022066466636039714, -0.3170929159661269], [0.2429256449131196, 0.4833004102668305, -0.6438110159613245]]	[[-0.011440744219075549, -0.06668154393374302, 0.039061144076409274], [-0.07463272947831286, -0.012804951984633892, -0.04371884073147338], [0.039061144076409274, -0.03906114407640928, -0.0552407997146675]]	0.32736671194086325	[[0.13084455154410474, -0.7626179333449102, -0.44673124244450735], [-0.8535533905932738, 0.14644660940672602, -0.5], [0.44673124244450735, 0.44673124244450746, -0.6317733818008058]]
6	[[-0.8305561570912853, 0.32773595720904825, 0.4502950280316503], [-0.5100865793185324, -0.772219296347621, -0.37879947194723407], [0.22358030216652452, -0.5443036842615101, 0.808545204538665]]	0.8109699886732278	0.18903001132677233	[[-0.6735561173087993, 0.26578402550563135, 0.36517575378243816], [-0.4136649074523156, -0.6262466740122783, -0.30719500347447315], [0.18131691511554326, -0.44141395266035305, 0.6557058953665136]]	0.8193101412853501	0.17519979125682825	[[-0.6905562412088571, 0.2785905522022135, 0.3664733575836305], [-0.4338633669520964, -0.6618246085912883, -0.31035424887990437], [0.18489612249325138, -0.43588036965745564, 0.6766948835527911]]	[[-0.010073158796978742, 0.01007315879697875, -0.002457925453071578], [-0.015944259582868523, -0.02913750779744561, -2.8600874869159086e-18], [0.0017145135365748704, 0.010073158796978742, 0.014245597786625194]]	0.40024417403186013	[[-0.6437470774412123, 0.45519792382770274, 0.45519792382770263], [-0.7071067811865475, -0.5000000000000001, -0.5], [0.0, -0.6437470774412122, 0.6437470774412123]]
