6	[[-0.30792515101507295, 0.09349718223056193, 0.9468053539599837], [0.3027085282091916, -0.9338174967034747, 0.1906631317268273], [0.9019698710720718, 0.34531602882779927, 0.2592434992682147]]	0.8351222190174521	0.164877780982548	[[-0.25715513540699175, 0.07808157429626598, 0.7906981881766657], [0.252798617793567, -0.779851740004328, 0.1592270176525248], [0.7532550802165938, 0.2883810882569661, 0.21650000637472072]]	0.8526959052134554	0.258347143943471	[[-0.2597105620523348, 0.0801275145394701, 0.7468218969205072], [0.24332650637115427, -0.8497655012625154, 0.11937165801720484], [0.6832408471392237, 0.26681565047285893, 0.1795830475128647]]	[[0.0028559533304527993, 0.00040285010247369593, -0.060515151435347386], [-0.014791816106015161, -0.05350314560678321, -0.043206013681434445], [-0.08586516854984018, -0.02763391331317711, -0.04147282276634941]]	0.38154632072721895	[[-0.45056856742663837, -0.13196847800975423, 0.7691686568435228], [0.5, -0.8535533905932737, 0.14644660940672619], [0.6372001788337686, 0.4505685674266385, 0.45056856742663837]]
6	[[0.8787972042104137, -0.3840163418041313, 0.28327887866788265], [-0.395223040501579, -0.9183905790867732, -0.018907472103605397], [0.2674214316928388, -0.09534250611366366, -0.9588511794847616]]	0.8095864074953403	0.19041359250465975	[[0.7114622714736578, -0.31089441058070927, 0.22933872970003946], [-0.3199672015190588, -0.7435165296004259, -0.015307232415176262], [0.21650075617146586, -0.07718799700616347, -0.7762728817217379]]	0.8505901923393817	0.24448272702885096	[[0.6949786267773731, -0.31551180229458076, 0.1479269253284913], [-0.35986510878988975, -0.8405046517340361, -0.025190724129220268], [0.13463878473202018, -0.056412024889722544, -0.8155894091827864]]	[[-0.05251765617927372, 0.011128731742060935, -0.09302731056330737], [-0.023692266752696325, -0.05933063242594155, -0.009108213795963042], [-0.09282726228726434, 0.024685375723617294, 0.0]]	0.47485986888140325	[[0.6829914983838764, -0.6829914983838763, 0.0], [-0.7071067811865475, -0.7071067811865476, 0.0], [0.0, 0.0, -0.9658958399999998]]
6	[[0.8489524140446696, -0.5135124485683378, 0.12483895166604869], [0.522794976890395, 0.7815435453534784, -0.34040431673891397], [0.0772347773085365, 0.35425224329800037, 0.9319550081910795]]	0.8493573703885768	0.15064262961142338	[[0.7210639899780149, -0.4361555829778026, 0.10603288370914174], [0.44403976682398266, 0.6638097705255955, -0.28912491533428414], [0.06559992735732587, 0.3008867538218439, 0.7915628550776398]]	0.9054479151534162	0.1543488968598617	[[0.7602989709339765, -0.47236463944580653, 0.05516735133098774], [0.5008355003996381, 0.6737989807691321, -0.2866834242874503], [0.019853541813647714, 0.28531413349308654, 0.8438367191833978]]	[[-0.00838322242722947, -0.007405863484279261, -0.057867817184974156], [0.02747187852155143, -0.03384799297278436, 0.02153495461302252], [-0.050078526277705045, -0.0354428216395087, 0.0]]	0.43238222496870127	[[0.6949445445501389, -0.6949445445501388, 0.0], [0.7071067811865475, 0.7071067811865476, 0.0], [0.0, 0.0, 0.9827999999999999]]
6	[[-0.42203838922340475, -0.825029846081567, 0.3757783270710803], [0.2588054115689476, 0.28760896992378115, 0.9221175843470338], [-0.8688517462515349, 0.4864224845687207, 0.09214016247897017]]	0.7784112360331116	0.22158876396688856	[[-0.32851942420881397, -0.6422125022525602, 0.29251007204985446], [0.2014570403114426, 0.2238780537725805, 0.7177866885994415], [-0.6763239617291846, 0.3786367274474351, 0.07172293776354688]]	0.8594146933514049	0.22970700514898756	[[-0.28600402145148496, -0.6469507522778202, 0.34007049091642494], [0.2577468458060679, 0.2332878474088437, 0.8305541872570851], [-0.7520503545270331, 0.3816516267146079, 0.02281913931532782]]	[[0.07670197140546828, 0.06209201989812652, 0.017121075188528435], [0.03532567238485668, -0.013887527283316124, 0.0380727862715406], [-0.005346397454437511, -0.03638700370024774, -0.05636747016688496]]	0.4911078056490439	[[-0.4664773868646525, -0.4664773868646526, 0.6596986470443529], [0.5, 0.5000000000000001, 0.7071067811865475], [-0.6596986470443529, 0.6596986470443528, 0.0]]
6	[[0.22433838825039393, -0.7661379269479729, -0.6022499185961573], [-0.9416906372873723, -0.011392912655017143, -0.3362869982418849], [0.2507808429735371, 0.642575192824231, -0.724020780340167]]	0.8133384099538585	0.18666159004614163	[[0.18246302799118683, -0.6231294033092095, -0.48983299118583923], [-0.7659131655997471, -0.009266293463574861, -0.2735151324382107], [0.20396969207098495, 0.5226310856074542, -0.5888739102554233]]	0.8242605477835205	0.16893272756398353	[[0.1739208941515115, -0.6955656034393556, -0.4588804854385898], [-0.8472956505109376, -0.02158908116429533, -0.31883588674146013], [0.24423911736904017, 0.49211901806334263, -0.649857712468696]]	[[-0.010992388636630414, -0.06406833609548843, 0.03753036236605941], [-0.07109720997783543, -0.012198352738421068, -0.04164778135812826], [0.03753036236605941, -0.03753036236605942, -0.05307594745885804]]	0.3239328235729907	[[0.13196847800975436, -0.7691686568435226, -0.45056856742663837], [-0.8535533905932738, 0.14644660940672602, -0.5], [0.45056856742663837, 0.4505685674266385, -0.6372001788337686]]
6	[[0.5319609947059123, -0.8460851799387872, 0.03402011756955908], [-0.703274286200726, -0.4190807785627857, 0.5742617690636116], [-0.47161719485230363, -0.3294103357928521, -0.8179645788128509]]	0.8176924302830426	0.18230756971695755	[[0.4349804785768622, -0.6918374470106122, 0.02781799261396759], [-0.5750620602390435, -0.342679180307914, 0.4695695015642639], [-0.38563781022205146, -0.26935633803481035, -0.6688434443349253]]	0.8594789026614835	0.18576419905110605	[[0.5146297548222697, -0.7073518428041424, 0.005852913393682531], [-0.5998935725953272, -0.3894096403909713, 0.5651529028621944], [-0.3684797048971244, -0.36650045043964646, -0.7030232986140317]]	[[0.05742050283372112, 0.019840519207790102, -0.023386659923416764], [0.004555839178510927, -0.029218552705307935, 0.07158702774695931], [0.036865324210820546, -0.08337921650705524, 1.621445428262047e-17]]	0.31470036445051885	[[0.6483518303151898, -0.6483518303151897, 0.0], [-0.5, -0.5000000000000001, 0.7071067811865475], [-0.4584539758105804, -0.4584539758105805, -0.6483518303151898]]
6	[[-0.5446221603179724, 0.8109226453022452, -0.2139887049042392], [-0.8354447797583356, -0.5021691245819775, 0.22328947644507607], [0.07361197229480154, 0.30038414347728, 0.9509735242804028]]	0.825252626088109	0.17474737391189119	[[-0.4494508680281858, 0.6692160425899938, -0.1765947406754168], [-0.6894529984471686, -0.4144163888016437, 0.184270226814138], [0.06074847344781011, 0.24789280323985258, 0.7847933982526666]]	0.865628376524796	0.1596571122062541	[[-0.4858749049065998, 0.6875231444890494, -0.13911642914716085], [-0.7611279344399384, -0.44704621437714326, 0.2039795830061273], [0.05678721798226197, 0.2208361664663652, 0.8395416573351634]]	[[-0.014434508451126267, -0.014434508451126267, 0.04611826607373938], [-0.03794322606161464, -0.012354370324368138, 0.010693876015904434], [-0.006933394088075358, -0.03918487198566403, 0.016351989394254723]]	0.38995442409894926	[[-0.6829914983838764, 0.6829914983838763, 0.0], [-0.7071067811865475, -0.7071067811865476, 0.0], [0.0, 0.0, 0.9658958399999998]]
6	[[0.8592155572171323, 0.2624339665249735, -0.4391776855101157], [-0.4266000482917053, 0.8413623931712975, -0.33184593135155627], [0.2824199444684594, 0.4724804086637203, 0.8348660002631537]]	0.8246722409105897	0.17532775908941037	[[0.7085712189954936, 0.21642200726520458, -0.36217764606755337], [-0.3518052177972863, 0.6938482101944704, -0.27366412784474964], [0.2329038884826487, 0.3896414773990614, 0.6884908152970761]]	0.8483315717573919	0.19003980602594336	[[0.7429832168529222, 0.1615770568165423, -0.34320241098728327], [-0.3553041399284529, 0.7536324030758937, -0.38725450904660375], [0.26599458699341083, 0.3946293765252943, 0.7179123608478822]]	[[0.014083532720508909, -0.06105396248811533, 0.02936588524228681], [0.006594149550628829, 0.03987812165932639, -0.10573912852184242], [0.02640883160684737, -0.0061906711809744455, 0.009669174637833955]]	0.4334656313708284	[[0.7826298909681755, -0.1342780606529856, -0.4584539758105804], [-0.14644660940672619, 0.8535533905932737, -0.5], [0.4584539758105804, 0.4584539758105805, 0.6483518303151898]]
6	[[0.034229894132735264, 0.2773841392786001, 0.9601491309293217], [-0.1827544195208179, -0.9427759796974285, 0.2788803941677556], [0.9825625356654255, -0.18501754344446375, 0.018422055382213542]]	0.8798373157553849	0.12016268424461503	[[0.030116738172336788, 0.24405291653600134, 0.8447750340817202], [-0.16079415791362991, -0.829489487335639, 0.2453693774213618], [0.8644951839416727, -0.16278533879183227, 0.016208411758183813]]	0.9250022081107465	0.12443972976992207	[[0.009744058775039983, 0.23988109651369505, 0.8716998608755453], [-0.16429629061526513, -0.8272416721382482, 0.2527792075214739], [0.9053996648581556, -0.1625586939867448, 0.0]]	[[-0.021918668881137214, -0.01669984481390891, -0.016440205349691473], [0.004751950983489132, 0.044828190835645564, -0.005185772882495387], [-0.003472850239257104, 0.008582942238610135, -0.017040441906485987]]	0.34564296187390975	[[0.0, 0.0, 0.9827999999999999], [0.0, -1.0, 0.0], [0.9827999999999999, 0.0, 0.0]]
6	[[0.08740825448676931, -0.06334395238859675, -0.994156597696443], [0.7119981850616444, -0.6940087028176986, 0.10681996481098455], [-0.6967197295301035, -0.717174639895393, -0.015561310176609944]]	0.8888694536602623	0.11113054633973786	[[0.07769452741105183, -0.056304504352333654, -0.8836754318471824], [0.6328734377628421, -0.6168831365090351, 0.09494900376154827], [-0.6192928853417486, -0.6374746303428132, -0.01383197327492116]]	0.9423748201999405	0.0911747939074118	[[0.06999177139607533, -0.060865971656429235, -0.9057600321173864], [0.6773290247530719, -0.6597842791160575, 0.1060965816887141], [-0.650467919291008, -0.6706708427559328, 0.0]]	[[-0.012379566709884528, -0.0011722259134717833, 0.031108112887383597], [0.006359863122921071, -0.005767952581034936, 0.005432136556198564], [0.006103210554674344, 0.005176479567445296, 0.014664586879758298]]	0.1355339632611123	[[0.0, 0.0, -0.9492824315519997], [0.7071067811865475, -0.7071067811865476, 0.0], [-0.6712440446116736, -0.6712440446116735, 0.0]]
6	[[0.04673222253661188, -0.9725397674033924, -0.22799671093185395], [-0.8377629715199755, -0.16246744520517667, 0.5213036857710898], [-0.5440306084466285, 0.16664552219444034, -0.8223502702654952]]	0.7874241954553274	0.21257580454467268	[[0.036798082732730865, -0.7658013438959275, -0.17953012667197593], [-0.6596748338313809, -0.12793079732836865, 0.4104871353561973], [-0.4283828641591587, 0.13122071624019013, -0.6475384999462785]]	0.8110514644641427	0.2169555515898563	[[-0.037753935303199426, -0.788779802602138, -0.29718409580049077], [-0.8007910357860772, -0.13964361868241315, 0.506760454611212], [-0.448332519063867, 0.27582380310637383, -0.6669683910013133]]	[[-0.07565617282918266, 8.399522502997874e-18, -0.11226702950620286], [-0.12132215086096931, -0.007874159321006801, 0.0839563368360144], [-0.007095697369910281, 0.14066570828418123, 0.0]]	0.3520882170878439	[[-0.13196847800975436, -0.7691686568435226, -0.45056856742663837], [-0.8535533905932738, -0.14644660940672602, 0.5], [-0.45056856742663837, 0.4505685674266385, -0.6372001788337686]]
6	[[0.3802729664721569, 0.7767473726770865, -0.5020517802076895], [0.4287143634067757, 0.332951791095048, 0.839849450446521], [0.8195098935212374, -0.5346088512602871, -0.20639019011321075]]	0.8016516276542978	0.19834837234570235	[[0.3048464425253328, 0.6226807955827857, -0.402470626770232], [0.34367956722381793, 0.266911345261759, 0.6732666789350212], [0.6569614400201003, -0.42857005577120366, -0.16545303183613533]]	0.8644747750837837	0.22594486012854514	[[0.3339185679404932, 0.6279545530082901, -0.4154014953953455], [0.4006804949075673, 0.3079536259154435, 0.72687807352858], [0.6680232870349266, -0.44893353439604183, -0.08435544021440564]]	[[0.005182180779032172, -0.04352395728365428, 0.018609604380110018], [0.030067742026307326, 0.020125201194809046, 0.0008494087495844668], [-0.04042234384578067, 0.013222332054994849, 0.09406367296321158]]	0.37447067258201655	[[0.4664773868646525, 0.4664773868646526, -0.6596986470443529], [0.5, 0.5000000000000001, 0.7071067811865475], [0.6596986470443529, -0.6596986470443528, 0.0]]
6	[[-0.8305561570912853, 0.32773595720904825, 0.4502950280316503], [-0.5100865793185324, -0.772219296347621, -0.37879947194723407], [0.22358030216652452, -0.5443036842615101, 0.808545204538665]]	0.8207274907512421	0.17927250924875796	[[-0.681660270737525, 0.2689819097891387, 0.3695695084541766], [-0.41864207830998357, -0.6337816054010728, -0.31089114010914887], [0.1834985003785362, -0.4467249969906055, 0.6635952768799682]]	0.8273842362058235	0.16737569597127475	[[-0.6948922504193497, 0.27886674339092565, 0.3750603725223824], [-0.4341266980869255, -0.6658671884738544, -0.31341271177223146], [0.19067094334093848, -0.44264510930839246, 0.6798714963685232]]	[[-0.00770317875833283, 0.007703178758332836, 0.0024933646871355356], [-0.012089103258620433, -0.026945115781879594, -2.168548045665606e-18], [0.005684125802221335, 0.007703178758332837, 0.010893939873418633]]	0.3972435821156844	[[-0.6483518303151898, 0.4584539758105805, 0.4584539758105804], [-0.7071067811865475, -0.5000000000000001, -0.5], [0.0, -0.6483518303151897, 0.6483518303151898]]
6	[[-0.3195682178843842, -0.5708200961323295, -0.7563336379995778], [0.910087742671785, 0.03735879733279218, -0.41272826520656647], [0.2638493031197415, -0.8202248094963509, 0.507557688474819]]	0.7988390957604083	0.20116090423959176	[[-0.2552835862085266, -0.4559934094362196, -0.6041888794727628], [0.7270136694185598, 0.029843667880024093, -0.32970347417237555], [0.21077313872118816, -0.6552276451383182, 0.4054569249074674]]	0.8243680871740001	0.1904915771160826	[[-0.2919208817449088, -0.4956947016825134, -0.6231214372909207], [0.787593985643094, 0.007198054467218464, -0.306713033905503], [0.18379703510613926, -0.6645824221623086, 0.4395417506490584]]	[[-0.028479041245955003, -0.025128830913426138, 0.0003758771321440979], [0.03734669405625074, -0.023599345829136614, 0.03352697660547764], [-0.033711910208874964, 0.011584735094856998, 0.02112738987061479]]	0.4408744107401022	[[-0.13196847800975436, -0.7691686568435226, -0.45056856742663837], [0.8535533905932738, 0.14644660940672602, -0.5], [0.45056856742663837, -0.4505685674266385, 0.6372001788337686]]
