6	[[-0.5446221603179724, 0.8109226453022452, -0.2139887049042392], [-0.8354447797583356, -0.5021691245819775, 0.22328947644507607], [0.07361197229480154, 0.30038414347728, 0.9509735242804028]]	0.7738050412056546	0.22619495879434556	[[-0.4214313732063612, 0.6274960309627023, -0.1655855386159695], [-0.646471382225948, -0.38858100013936453, 0.1727825225213711], [0.05696131525480841, 0.23243876452096188, 0.7358681071412835]]	0.8438186805820259	0.18432463352818979	[[-0.47689099214798636, 0.6669430372002844, -0.12471408749720148], [-0.761116559824756, -0.45246345002104493, 0.20836782886872451], [0.04534847099527521, 0.2027074239953186, 0.8197778639394712]]	[[-0.01732863941274248, -0.017328639412742475, 0.05585357913455012], [-0.056152648069936285, -0.028723761887249722, 0.01995199746698906], [-0.01676668634156488, -0.050762327621441714, 0.01732863941274248]]	0.39659125434295267	[[-0.6683381245573476, 0.6683381245573475, 0.0], [-0.7071067811865475, -0.7071067811865476, 0.0], [0.0, 0.0, 0.9451728399999999]]
6	[[0.8489524140446696, -0.5135124485683378, 0.12483895166604869], [0.522794976890395, 0.7815435453534784, -0.34040431673891397], [0.0772347773085365, 0.35425224329800037, 0.9319550081910795]]	0.8069494414160968	0.19305055858390321	[[0.6850616763021932, -0.41437858353243245, 0.10073872231388911], [0.4218691145768455, 0.6306661273653452, -0.27468907324809466], [0.06232456040702016, 0.2858636498497206, 0.7520405732847256]]	0.8987672453478848	0.17099029317717548	[[0.7395211292388184, -0.46742431426878794, 0.05903024603559337], [0.5056336361213553, 0.6688310690027456, -0.293878888528816], [0.02352058174395096, 0.28211390051356255, 0.8223717110670172]]	[[-0.023489493363546117, -0.0058961454171757065, -0.05317091466541893], [0.035762634859863925, -0.033594670374019704, 0.012065361531146648], [-0.04589550630269971, -0.03627641235368988, -0.015238924433044514]]	0.43585255174665055	[[0.6874492126695615, -0.6874492126695614, 0.0], [0.7071067811865475, 0.7071067811865476, 0.0], [0.0, 0.0, 0.9722]]
6	[[0.8592155572171323, 0.2624339665249735, -0.4391776855101157], [-0.4266000482917053, 0.8413623931712975, -0.33184593135155627], [0.2824199444684594, 0.4724804086637203, 0.8348660002631537]]	0.7723688604317296	0.2276311395682705	[[0.66363134079301, 0.20269582366347244, -0.33920716848449256], [-0.3294925931591852, 0.6498421128238279, -0.25630746383690745], [0.21813237067229635, 0.3649291548159155, 0.644824501236448]]	0.8138160670930039	0.22670951078921805	[[0.7183214945428253, 0.16988090676291612, -0.31708253359059774], [-0.347271350852533, 0.737160883160619, -0.395186927801639], [0.22978875462868167, 0.3843754612320332, 0.6828607824931916]]	[[0.019078068983254766, -0.043692071746054856, 0.04032732318625281], [-9.737733009192e-05, 0.052446649349996176, -0.12512537706830054], [-4.913384726454306e-05, -0.00013668672517084743, 0.003433417609364985]]	0.44960969101340525	[[0.7413252206745926, -0.12719129960930495, -0.4342582601419486], [-0.14644660940672619, 0.8535533905932737, -0.5], [0.4342582601419486, 0.43425826014194874, 0.6141339210652876]]
6	[[0.3802729664721569, 0.7767473726770865, -0.5020517802076895], [0.4287143634067757, 0.332951791095048, 0.839849450446521], [0.8195098935212374, -0.5346088512602871, -0.20639019011321075]]	0.7407670172640111	0.259232982735989	[[0.281693671119717, 0.5753888344256626, -0.3719033997365371], [0.31757746023907657, 0.2466397051821889, 0.6221327723580884], [0.6070658994420743, -0.39602060415102225, -0.15288704552271526]]	0.842005872064389	0.2528985089432192	[[0.346370727024603, 0.5823491667207591, -0.4284232149012499], [0.4042358331723312, 0.293157023627145, 0.7171937819189621], [0.646776503929858, -0.4284232149012499, -0.07904411553352085]]	[[0.02617865626770238, -0.07167668218393417, -0.0056926678859954526], [0.043255821745479546, 0.012809660410758856, 0.010035612992941279], [-0.043255638629886226, 0.0217205771175094, 0.09473763647828821]]	0.38385529845832655	[[0.4466758487368326, 0.4466758487368327, -0.631695043268142], [0.5, 0.5000000000000001, 0.7071067811865475], [0.631695043268142, -0.6316950432681419, 0.0]]
6	[[0.08740825448676931, -0.06334395238859675, -0.994156597696443], [0.7119981850616444, -0.6940087028176986, 0.10681996481098455], [-0.6967197295301035, -0.717174639895393, -0.015561310176609944]]	0.8374336732532579	0.1625663267467423	[[0.07319861562751079, -0.053046358727162055, -0.8325402113978936], [0.5962512554658256, -0.5811862572703538, 0.08945463550844654], [-0.5834565623284111, -0.6005861930516814, -0.013031565141831767]]	0.9299577618501639	0.11733840759226563	[[0.05825388548070172, -0.05515886115501176, -0.8812145705494456], [0.6826947089220302, -0.670359861648467, 0.0922183672351124], [-0.637261973372128, -0.6495633311736195, 0.0]]	[[-0.02303209922904382, 0.0037483390350310083, 0.04330907397291243], [0.020566470300724542, -0.024961081671584597, -0.007119688161424055], [0.010657946938538656, 0.017378791799197234, 0.014471361183296363]]	0.15430585141019332	[[0.0, 0.0, -0.9188970350479999], [0.7071067811865475, -0.7071067811865476, 0.0], [-0.6497583246946534, -0.6497583246946533, 0.0]]
6	[[0.034229894132735264, 0.2773841392786001, 0.9601491309293217], [-0.1827544195208179, -0.9427759796974285, 0.2788803941677556], [0.9825625356654255, -0.18501754344446375, 0.018422055382213542]]	0.867023635808008	0.13297636419199196	[[0.02967812726428732, 0.24049860495280678, 0.8324719904162396], [-0.15845240127292157, -0.8174090576697213, 0.24179589330689788], [0.8519049420813728, -0.16041458320548507, 0.015972357436543266]]	0.916689417670859	0.12877155309113292	[[0.009043631152922045, 0.23553549049773848, 0.8569463336467794], [-0.1650304957138182, -0.8266188820476545, 0.2535485507061435], [0.8900054430417389, -0.15946973491309144, 0.0]]	[[-0.022334550566550197, -0.018739614608693913, -0.023212214062001982], [0.0024985466934962144, 0.03761388177525484, -0.0020981554233160155], [-0.010699235602602521, 0.010133889245906856, -0.016887303220621645]]	0.35021584830019875	[[0.0, 0.0, 0.9722], [0.0, -1.0, 0.0], [0.9722, 0.0, 0.0]]
6	[[0.04673222253661188, -0.9725397674033924, -0.22799671093185395], [-0.8377629715199755, -0.16246744520517667, 0.5213036857710898], [-0.5440306084466285, 0.16664552219444034, -0.8223502702654952]]	0.7265670087978573	0.27343299120214254	[[0.033954091142901974, -0.7066153097392468, -0.16565488827750688], [-0.6086909362988732, -0.11804348568975509, 0.37876205964599874], [-0.3952746918735453, 0.12107913859037145, -0.5974925760509104]]	0.7823549875068733	0.3651793399513095	[[-0.028647063490000794, -0.8380742115556645, -0.14889311478022604], [-0.6849833542086561, -0.14802743744509636, 0.27181530192397224], [-0.2902943058490799, 0.03673798379609617, -0.60922946452505]]	[[-0.06520825086880007, -0.07720287397884577, 0.02948124915247275], [-0.02955531509142472, -0.0209202213813269, -0.13602923664475564], [0.13533075402553882, -0.09363797163841156, 0.03414037089478537]]	0.3624766136531898	[[-0.1236553814801664, -0.7207163795398388, -0.42218588051000244], [-0.8535533905932738, -0.14644660940672602, 0.5], [-0.42218588051000244, 0.42218588051000255, -0.5970609980596726]]
6	[[0.8787972042104137, -0.3840163418041313, 0.28327887866788265], [-0.395223040501579, -0.9183905790867732, -0.018907472103605397], [0.2674214316928388, -0.09534250611366366, -0.9588511794847616]]	0.7614877026252229	0.23851229737477705	[[0.6691932641076569, -0.2924237218909703, 0.21571338251905517], [-0.3009574851361028, -0.6993431321814354, -0.014397807494624956], [0.20363813165252775, -0.07260214594302501, -0.7301533818253365]]	0.8413289949527769	0.2549209941492751	[[0.6884363810366343, -0.31038737952962403, 0.1404779488680822], [-0.3587979271388214, -0.8404901734796089, -0.026292859378486143], [0.12857399940056302, -0.053589972820773234, -0.8067092991451992]]	[[-0.05092118754902328, 0.01269670336588777, -0.09785278541291713], [-0.026285323691447333, -0.06782155060243523, -0.010385454876462145], [-0.09641540495440569, 0.026624442024114413, 0.0]]	0.4796222998822319	[[0.6683381245573476, -0.6683381245573475, 0.0], [-0.7071067811865475, -0.7071067811865476, 0.0], [0.0, 0.0, -0.9451728399999999]]
6	[[-0.30792515101507295, 0.09349718223056193, 0.9468053539599837], [0.3027085282091916, -0.9338174967034747, 0.1906631317268273], [0.9019698710720718, 0.34531602882779927, 0.2592434992682147]]	0.7845177973821251	0.2154822026178748	[[-0.24157276123290325, 0.07335020346495559, 0.7427856508382898], [0.23748022779945988, -0.7325964456706999, 0.1495786201443085], [0.7076114165585013, 0.2709065703367275, 0.20338113903153435]]	0.8439234253704482	0.2679584320965266	[[-0.25103805597764134, 0.07691688697246074, 0.7379586162541617], [0.2443408226325015, -0.8497570743778079, 0.1183776860552067], [0.6750694042415011, 0.2606048932998948, 0.17412116900518063]]	[[0.00882719222471153, -0.001987575318040072, -0.06107260121882726], [-0.011121995382646424, -0.06168661388895446, -0.04252739716355437], [-0.08612409893458327, -0.03081539258378203, -0.0446604929022724]]	0.39883189719948436	[[-0.42218588051000244, -0.12365538148016626, 0.7207163795398389], [0.5, -0.8535533905932737, 0.14644660940672619], [0.5970609980596726, 0.42218588051000255, 0.42218588051000244]]
6	[[-0.8305561570912853, 0.32773595720904825, 0.4502950280316503], [-0.5100865793185324, -0.772219296347621, -0.37879947194723407], [0.22358030216652452, -0.5443036842615101, 0.808545204538665]]	0.7500866697912029	0.24991333020879736	[[-0.6229891019471816, 0.24583037271376718, 0.3377602979997969], [-0.3826091435862241, -0.5792314003458928, -0.28413243443156694], [0.16770460428299927, -0.4082749378827985, 0.6064789798480542]]	0.7898342022995165	0.2631801337706847	[[-0.666790360479854, 0.328652537376629, 0.34827660524386045], [-0.49489374541145614, -0.6153544903164708, -0.37299977202983564], [0.04795415946449268, -0.4671606703249466, 0.6454987748372185]]	[[-0.010788700678706836, 0.0697954690495519, -0.007381809020956413], [-0.09200991893171408, -0.005429278385453547, -0.07381099327291393], [-0.12863721014708906, -0.03725100405756895, 0.0068821181873227]]	0.420300402835419	[[-0.6141339210652876, 0.43425826014194874, 0.4342582601419486], [-0.7071067811865475, -0.5000000000000001, -0.5], [0.0, -0.6141339210652875, 0.6141339210652876]]
6	[[-0.42203838922340475, -0.825029846081567, 0.3757783270710803], [0.2588054115689476, 0.28760896992378115, 0.9221175843470338], [-0.8688517462515349, 0.4864224845687207, 0.09214016247897017]]	0.7255388206871394	0.2744611793128607	[[-0.30620523520184895, -0.5985911815577125, 0.27264176426293774], [0.18777337309718403, 0.20867147285754314, 0.6690321046820207], [-0.6303856713273003, 0.3529183958096979, 0.06685126482291344]]	0.8421544675171587	0.2596011277622137	[[-0.275857087358982, -0.6174946101146834, 0.3294223373254847], [0.26074475400438707, 0.23446061733631549, 0.8300028965780593], [-0.7180035184570167, 0.36663985611076044, 0.023480978109051656]]	[[0.07956442758925383, 0.07730796059790211, 0.012958940386450271], [0.04279062043398088, -0.0077505615830050145, 0.05343745334407429], [0.01370386125879815, -0.04300301236958396, -0.05411527136036995]]	0.5023457674131375	[[-0.4466758487368326, -0.4466758487368327, 0.631695043268142], [0.5, 0.5000000000000001, 0.7071067811865475], [-0.631695043268142, 0.6316950432681419, 0.0]]
6	[[0.22433838825039393, -0.7661379269479729, -0.6022499185961573], [-0.9416906372873723, -0.011392912655017143, -0.3362869982418849], [0.2507808429735371, 0.642575192824231, -0.724020780340167]]	0.7396591274763555	0.26034087252364463	[[0.16593393651273824, -0.5666809105728815, -0.4454596493115398], [-0.6965300751286309, -0.008426871833824331, -0.24873774770123527], [0.18549233950159139, 0.4752866064623217, -0.535528578661158]]	0.7662883555519499	0.2513134222606429	[[0.15254909862477595, -0.6903832842733477, -0.3922499827297945], [-0.8677892514100367, -0.007605955252197899, -0.29683141479926434], [0.21482717960039271, 0.40750664365765815, -0.6444206693351864]]	[[-0.019358795994793336, -0.10330071210640564, 0.06924711702255056], [-0.14618268152442845, 0.0011243010511622503, -0.03913860392298896], [0.022656739834269187, -0.08489124417009881, -0.0896119761828803]]	0.3512710337247956	[[0.1236553814801664, -0.7207163795398388, -0.42218588051000244], [-0.8535533905932738, 0.14644660940672602, -0.5], [0.42218588051000244, 0.42218588051000255, -0.5970609980596726]]
6	[[-0.3195682178843842, -0.5708200961323295, -0.7563336379995778], [0.910087742671785, 0.03735879733279218, -0.41272826520656647], [0.2638493031197415, -0.8202248094963509, 0.507557688474819]]	0.743292551090164	0.2567074489098362	[[-0.23753267591862118, -0.4242863254677319, -0.5621771592640106], [0.6764614399663996, 0.027768515775151527, -0.3067778451524066], [0.19611722161923456, -0.6096669911179865, 0.3772638490918749]]	0.7935144245983456	0.22993497382555061	[[-0.2935175207749259, -0.4716894021043433, -0.5846705082157084], [0.7741354892322769, 0.0057331609379966675, -0.314087052088691], [0.18943988384257957, -0.6207861613946567, 0.43134627755207733]]	[[-0.039935530240480015, -0.018735421972725385, 0.01549114334590005], [0.05196773777206794, -0.023911583631220173, 0.013418779792171027], [-0.019928344103156602, 0.030074056354127743, 0.028591930431514923]]	0.4479334164718732	[[-0.1236553814801664, -0.7207163795398388, -0.42218588051000244], [0.8535533905932738, 0.14644660940672602, -0.5], [0.42218588051000244, -0.42218588051000255, 0.5970609980596726]]
6	[[0.5319609947059123, -0.8460851799387872, 0.03402011756955908], [-0.703274286200726, -0.4190807785627857, 0.5742617690636116], [-0.47161719485230363, -0.3294103357928521, -0.8179645788128509]]	0.7646698023597777	0.2353301976402225	[[0.40677450868488063, -0.646975787323329, 0.026014156578171133], [-0.5377726094338228, -0.32045841611638715, 0.4391206334526481], [-0.3606314271771836, -0.2518901363659882, -0.6254728128181215]]	0.8245124214412582	0.2196215163430681	[[0.47978595837065335, -0.6789059326762957, 0.0045821294604097155], [-0.6023279693181014, -0.38563342497751474, 0.5574066254119725], [-0.34574001430943613, -0.33925990468197553, -0.6743238032158861]]	[[0.041177510513381144, 0.01870180778059638, -0.023467880054583737], [-0.022469584665368286, -0.04009611746522451, 0.08392066366019356], [0.043114221011570454, -0.06765699106963301, 9.815231427652815e-05]]	0.33819833551999956	[[0.6141339210652876, -0.6141339210652875, 0.0], [-0.5, -0.5000000000000001, 0.7071067811865475], [-0.4342582601419486, -0.43425826014194874, -0.6141339210652876]]
