6	[[0.034229894132735264, 0.2773841392786001, 0.9601491309293217], [-0.1827544195208179, -0.9427759796974285, 0.2788803941677556], [0.9825625356654255, -0.18501754344446375, 0.018422055382213542]]	0.8788286829561773	0.12117131704382289	[[0.030082212778401115, 0.243773137795145, 0.8438065961761338], [-0.1606098258119011, -0.8285385725602109, 0.24508808950874827], [0.8635041391409282, -0.16259872402908535, 0.016189830668896493]]	0.9242319425406968	0.12468500337151414	[[0.009553747428171949, 0.23954544133595207, 0.8702943989517146], [-0.16439008075304554, -0.8271635397620357, 0.25287404562600635], [0.9039541420945979, -0.1622409246906442, 0.0]]	[[-0.022082614119088368, -0.01682184053948771, -0.017106097455854254], [0.004517391408577466, 0.04418013533442735, -0.004876122812173633], [-0.00416153891117106, 0.008758198891140292, -0.01702625203149552]]	0.34607086113963537	[[0.0, 0.0, 0.9818], [0.0, -1.0, 0.0], [0.9818, 0.0, 0.0]]
6	[[0.8489524140446696, -0.5135124485683378, 0.12483895166604869], [0.522794976890395, 0.7815435453534784, -0.34040431673891397], [0.0772347773085365, 0.35425224329800037, 0.9319550081910795]]	0.8448619607891502	0.15513803921084987	[[0.7172476011464622, -0.43384713418708337, 0.10547168148743985], [0.44168958926633756, 0.6602964121694439, -0.28759465850112986], [0.0652527253980035, 0.29929424488670364, 0.7873733355875838]]	0.9039999990544483	0.15613845338089669	[[0.7586864652582009, -0.4715061039104159, 0.055310692079693975], [0.5011380246263505, 0.6739339278846247, -0.2860551089043122], [0.019102618196858167, 0.284190803374804, 0.8424873265235242]]	[[-0.008766516235451887, -0.00729085089019121, -0.057543720108372345], [0.028531366011763218, -0.032581436375929924, 0.021670393105796135], [-0.05071762041702935, -0.036053224231624485, 0.0]]	0.43270467374647853	[[0.6942374377689524, -0.6942374377689523, 0.0], [0.7071067811865475, 0.7071067811865476, 0.0], [0.0, 0.0, 0.9818]]
6	[[0.3802729664721569, 0.7767473726770865, -0.5020517802076895], [0.4287143634067757, 0.332951791095048, 0.839849450446521], [0.8195098935212374, -0.5346088512602871, -0.20639019011321075]]	0.7957354847395199	0.2042645152604802	[[0.30259669330905703, 0.61808544711735, -0.39950041668790465], [0.34114323178028544, 0.26494155488190946, 0.6682980095592819], [0.6521131023699541, -0.4254072334036425, -0.16423199797521743]]	0.8612393085861476	0.22803173171418575	[[0.3429669507903856, 0.6143012600121114, -0.432386728060515], [0.40597102291657766, 0.3013613765445876, 0.7188569464236156], [0.6676638928168448, -0.44291771485776094, -0.08433685210179884]]	[[0.015460924071901923, -0.05466411017840934, -4.117625932672957e-18], [0.03674536099517567, 0.014610206189369049, -0.00445441359540228], [-0.0381302412588931, 0.017508442565683333, 0.09341449253026633]]	0.3752282934084124	[[0.4645817177239687, 0.46458171772396883, -0.6570177660358257], [0.5, 0.5000000000000001, 0.7071067811865475], [0.6570177660358257, -0.6570177660358256, 0.0]]
6	[[0.8592155572171323, 0.2624339665249735, -0.4391776855101157], [-0.4266000482917053, 0.8413623931712975, -0.33184593135155627], [0.2824199444684594, 0.4724804086637203, 0.8348660002631537]]	0.81955569098836	0.18044430901164	[[0.7041749997030359, 0.21507925077419074, -0.3599305715149116], [-0.34962249735337636, 0.689543337507123, -0.2719662215705005], [0.23145887273774257, 0.3872240078008581, 0.6842191817283574]]	0.845018247568564	0.19341111679439166	[[0.7407120815574922, 0.16222867069202965, -0.34061124532693726], [-0.3544578656877724, 0.7521734427180843, -0.3881391410715261], [0.2624763864291504, 0.39360334271051817, 0.7146129564077663]]	[[0.014659257114224073, -0.05953281980337065, 0.030501912854038596], [0.006026959532349146, 0.04120686767038135, -0.10772327369807594], [0.023826379876001606, -0.005651224228977829, 0.009135951910819843]]	0.4348823737298528	[[0.7786563518083794, -0.13359630911440576, -0.45612633046139245], [-0.14644660940672619, 0.8535533905932737, -0.5], [0.45612633046139245, 0.45612633046139256, 0.6450600426939735]]
6	[[-0.42203838922340475, -0.825029846081567, 0.3757783270710803], [0.2588054115689476, 0.28760896992378115, 0.9221175843470338], [-0.8688517462515349, 0.4864224845687207, 0.09214016247897017]]	0.7724848559082808	0.22751514409171933	[[-0.32601826428700476, -0.6373230617703503, 0.2902830668409583], [0.19992326106412173, 0.22217357368950116, 0.7123218692748102], [-0.6711748160087752, 0.3757540029026162, 0.07117688013593285]]	0.8577250794500244	0.23261700825939055	[[-0.28484296093998185, -0.6443204745079557, 0.33832405292347073], [0.25746948592028074, 0.23300087625250293, 0.8305574108263021], [-0.7489882397605638, 0.3800934410882851, 0.022735337419547155]]	[[0.07714994998762319, 0.0633283157709979, 0.01600955748083106], [0.035485593720208895, -0.013688550325912038, 0.03963403252997777], [-0.0037523066766737435, -0.037123323134699134, -0.05629559076326569]]	0.49210199922099734	[[-0.4645817177239687, -0.46458171772396883, 0.6570177660358257], [0.5, 0.5000000000000001, 0.7071067811865475], [-0.6570177660358257, 0.6570177660358256, 0.0]]
6	[[-0.8305561570912853, 0.32773595720904825, 0.4502950280316503], [-0.5100865793185324, -0.772219296347621, -0.37879947194723407], [0.22358030216652452, -0.5443036842615101, 0.808545204538665]]	0.8137435773721458	0.1862564226278545	[[-0.6758597384799241, 0.26669303025277535, 0.36642468698336567], [-0.4150796778241832, -0.6283884927257142, -0.308245637409022], [0.181937034914933, -0.44292362720780004, 0.6579484672083865]]	0.8215953479012457	0.17296775048720098	[[-0.691786822033717, 0.2786720849796964, 0.3688966640036629], [-0.43393625421681414, -0.6629672103605749, -0.3112198839392959], [0.18652488798532868, -0.43779162763798446, 0.6775987138667684]]	[[-0.009405747196780721, 0.00940574719678073, -0.0010636362102019563], [-0.014851493621848233, -0.028515428921796135, -2.664066703699366e-18], [0.0028323518429573414, 0.009405747196780728, 0.013301735249940022]]	0.39938535459472163	[[-0.6450600426939735, 0.45612633046139256, 0.45612633046139245], [-0.7071067811865475, -0.5000000000000001, -0.5], [0.0, -0.6450600426939735, 0.6450600426939735]]
6	[[-0.30792515101507295, 0.09349718223056193, 0.9468053539599837], [0.3027085282091916, -0.9338174967034747, 0.1906631317268273], [0.9019698710720718, 0.34531602882779927, 0.2592434992682147]]	0.83045238091145	0.16954761908855015	[[-0.25571717480298517, 0.07764495759188181, 0.7862767604557767], [0.25138501797352397, -0.7754909634741706, 0.15833665169457714], [0.7490430269421957, 0.28676851830693284, 0.21528938120310465]]	0.8518712867744975	0.2592447414845049	[[-0.2588850210203597, 0.0798211625989047, 0.7459845437073918], [0.24341877304263157, -0.849765666310795, 0.11927899288393276], [0.6824698139915157, 0.266222292602288, 0.17906385842145503]]	[[0.003427573605081939, 0.00017359766236623407, -0.06057175149548314], [-0.014449930400546766, -0.05427335378146577, -0.04314145448065511], [-0.08589242071047774, -0.02794251721910881, -0.04177823488808256]]	0.3829456999720093	[[-0.4478248312469951, -0.1311648562885236, 0.764484806205467], [0.5, -0.8535533905932737, 0.14644660940672619], [0.6333199499169433, 0.44782483124699524, 0.4478248312469951]]
6	[[0.8787972042104137, -0.3840163418041313, 0.28327887866788265], [-0.395223040501579, -0.9183905790867732, -0.018907472103605397], [0.2674214316928388, -0.09534250611366366, -0.9588511794847616]]	0.8056614853925341	0.194338514607466	[[0.7080130609029681, -0.3093871763529235, 0.22822688216789783], [-0.3184159818718558, -0.7399119181175592, -0.015233022060008612], [0.2154511478834506, -0.07681378509658103, -0.7725094655340765]]	0.8497222707879698	0.24546765665755801	[[0.6943675254592334, -0.31502995886884483, 0.14721225839586466], [-0.3597630450499201, -0.8405033361100592, -0.02529596406643795], [0.134058128310917, -0.056140449261857545, -0.8147572015795149]]	[[-0.05236603046455865, 0.011277279108650845, -0.09349611365207836], [-0.02393322560719258, -0.060126407778167704, -0.009229863935702177], [-0.09317581788449197, 0.024874201535660632, 0.0]]	0.47528625435845806	[[0.6816023164015574, -0.6816023164015573, 0.0], [-0.7071067811865475, -0.7071067811865476, 0.0], [0.0, 0.0, -0.96393124]]
6	[[-0.3195682178843842, -0.5708200961323295, -0.7563336379995778], [0.910087742671785, 0.03735879733279218, -0.41272826520656647], [0.2638493031197415, -0.8202248094963509, 0.507557688474819]]	0.7931979997973172	0.20680200020268277	[[-0.2534808712246867, -0.452773358496276, -0.5999223288406933], [0.7218797771273154, 0.029632923319204134, -0.3273752344216651], [0.209284739482495, -0.6506006782766411, 0.4025937432799763]]	0.8217764708588103	0.19347936404368113	[[-0.29355092997002685, -0.49204206478736673, -0.6197829278829909], [0.7853170416493136, 0.007380092755018233, -0.3096831414264061], [0.18516193702633546, -0.6612780532662844, 0.4358276949177974]]	[[-0.030937287678358315, -0.022955540692453962, 0.001754259944107061], [0.03742834830463302, -0.023320487872653305, 0.02948723577872514], [-0.031663212129962204, 0.012763395992467, 0.018728728925705134]]	0.4412589316187659	[[-0.13116485628852373, -0.7644848062054669, -0.4478248312469951], [0.8535533905932738, 0.14644660940672602, -0.5], [0.4478248312469951, -0.44782483124699524, 0.6333199499169433]]
6	[[0.22433838825039393, -0.7661379269479729, -0.6022499185961573], [-0.9416906372873723, -0.011392912655017143, -0.3362869982418849], [0.2507808429735371, 0.642575192824231, -0.724020780340167]]	0.8056046843109239	0.1943953156890761	[[0.18072805644528012, -0.6172043027775475, -0.48517535554693697], [-0.7586303885704466, -0.009178183802827044, -0.270914381056522], [0.2020302218349238, 0.5176615853611957, -0.583274532180489]]	0.8161307265031362	0.1765976994494389	[[0.17177479712702523, -0.691215343039294, -0.4528840162123618], [-0.8421726142304407, -0.021931008356442717, -0.3175855784658148], [0.24330059895703646, 0.48579471156455784, -0.6455275909217146]]	[[-0.011314654658311418, -0.06594664011763804, 0.03863064738797471], [-0.07362995027989588, -0.012632902274316783, -0.04313142627710634], [0.03863064738797471, -0.038630647387974726, -0.05463198545932663]]	0.32637932458907815	[[0.13116485628852373, -0.7644848062054669, -0.4478248312469951], [-0.8535533905932738, 0.14644660940672602, -0.5], [0.4478248312469951, 0.44782483124699524, -0.6333199499169433]]
6	[[-0.5446221603179724, 0.8109226453022452, -0.2139887049042392], [-0.8354447797583356, -0.5021691245819775, 0.22328947644507607], [0.07361197229480154, 0.30038414347728, 0.9509735242804028]]	0.8204331300975525	0.17956686990244744	[[-0.4468260637101652, 0.6653078041523084, -0.17556342297010646], [-0.6854265756807917, -0.4119961867191395, 0.18319408407767745], [0.06039370084247838, 0.2464451030647371, 0.7802101851652719]]	0.8639336129452737	0.16157743574171096	[[-0.4858695701999905, 0.6852311512286827, -0.13748538365019528], [-0.7614827255150046, -0.44607154430060975, 0.20835304312892158], [0.05363241521355462, 0.22208874900571451, 0.8374528039969868]]	[[-0.015352179546424642, -0.015352179546424642, 0.04738665130720412], [-0.03971389852211722, -0.012230758190936783, 0.015445759011068478], [-0.00996344196712065, -0.03742320934008346, 0.015874811350118548]]	0.39055843460867334	[[-0.6816023164015574, 0.6816023164015573, 0.0], [-0.7071067811865475, -0.7071067811865476, 0.0], [0.0, 0.0, 0.96393124]]
6	[[0.08740825448676931, -0.06334395238859675, -0.994156597696443], [0.7119981850616444, -0.6940087028176986, 0.10681996481098455], [-0.6967197295301035, -0.717174639895393, -0.015561310176609944]]	0.8846503923513335	0.11534960764866643	[[0.07732574662646567, -0.0560372523336563, -0.8794810242108254], [0.629869473768221, -0.613955071242917, 0.09449832378099313], [-0.6163533820877212, -0.6344488265678858, -0.013766319153238787]]	0.9402875404064923	0.09474288368902707	[[0.07066084547295028, -0.05977155934675024, -0.9023142672620795], [0.6766529651678977, -0.659021008204278, 0.10754784592704197], [-0.6473395529572068, -0.6682733258752903, 0.0]]	[[-0.011528047149638785, -0.0002100301556506529, 0.03247879476479546], [0.007169942962397628, -0.006453272011123942, 0.007106363948613228], [0.007777327875330746, 0.006077052313860418, 0.014632106071467085]]	0.1372350674617176	[[0.0, 0.0, -0.946387691432], [0.7071067811865475, -0.7071067811865476, 0.0], [-0.6691971542430492, -0.669197154243049, 0.0]]
6	[[0.04673222253661188, -0.9725397674033924, -0.22799671093185395], [-0.8377629715199755, -0.16246744520517667, 0.5213036857710898], [-0.5440306084466285, 0.16664552219444034, -0.8223502702654952]]	0.7813146106563107	0.21868538934368933	[[0.03651256825629704, -0.7598595297165605, -0.17813716143264086], [-0.6545564499154035, -0.12693818869480816, 0.40730218628193865], [-0.42505906302359353, 0.13020258129096668, -0.6425142812355973]]	0.8048941636437916	0.22452911779938692	[[-0.04077187565348827, -0.7827915826944813, -0.30116380633990686], [-0.8017887308938995, -0.14013531108050903, 0.5071133008794994], [-0.4462759067835499, 0.2807765162109877, -0.6619049330075917]]	[[-0.0783863688273101, 8.702635148883928e-18, -0.11765058438087694], [-0.12747820460059103, -0.009366212652744756, 0.08751900671635215], [-0.00838884520127777, 0.1466445079993107, 0.0]]	0.3527085399935771	[[-0.13116485628852373, -0.7644848062054669, -0.4478248312469951], [-0.8535533905932738, -0.14644660940672602, 0.5], [-0.4478248312469951, 0.44782483124699524, -0.6333199499169433]]
6	[[0.5319609947059123, -0.8460851799387872, 0.03402011756955908], [-0.703274286200726, -0.4190807785627857, 0.5742617690636116], [-0.47161719485230363, -0.3294103357928521, -0.8179645788128509]]	0.8124354735808507	0.18756452641914945	[[0.4321839826604382, -0.6873896138533078, 0.02763915032890096], [-0.5713649777667216, -0.34047609080028834, 0.4665506323085723], [-0.3831585390487037, -0.26762464216229287, -0.6645434399601796]]	0.8561975206489424	0.18871212619801903	[[0.5126780910458913, -0.704274848711247, 0.006436036087122961], [-0.597680264258014, -0.38966408929833535, 0.5660292221847458], [-0.3682770974106726, -0.36434649496676913, -0.6989098295298002]]	[[0.05721440629674403, 0.020141184610156935, -0.022691904228119057], [0.004461435923202203, -0.03084816574124967, 0.0743477193090061], [0.03552037551727885, -0.0823061821847936, 0.0014294148284191483]]	0.31683302396602453	[[0.6450600426939735, -0.6450600426939735, 0.0], [-0.5, -0.5000000000000001, 0.7071067811865475], [-0.45612633046139245, -0.45612633046139256, -0.6450600426939735]]
