6	[[0.3802729664721569, 0.7767473726770865, -0.5020517802076895], [0.4287143634067757, 0.332951791095048, 0.839849450446521], [0.8195098935212374, -0.5346088512602871, -0.20639019011321075]]	0.8538047304142438	0.14619526958575638	[[0.3246788576225847, 0.663190581128532, -0.42865418485421747], [0.3660383514732363, 0.28427581423684706, 0.7170674336270425], [0.6997014237097057, -0.45645156612735804, -0.17621692062975444]]	0.8768561185131662	0.20848905789047595	[[0.34312566942432715, 0.6446427499461357, -0.4402271752855398], [0.4042962050650617, 0.30190449969551114, 0.7207567332502829], [0.6934436031896165, -0.4520876578884448, -0.08841367988000932]]	[[0.00968099206806424, -0.03645293632479421, 1.6894924247490704e-18], [0.0283753924173534, 0.00995368450390078, -0.015670396003669297], [-0.025148661126553916, 0.016687384350433182, 0.09256082112185512]]	0.36920307069964037	[[0.4830206106230408, 0.4830206106230409, -0.6830942984488384], [0.5, 0.5000000000000001, 0.7071067811865475], [0.6830942984488384, -0.6830942984488383, 0.0]]
6	[[-0.3195682178843842, -0.5708200961323295, -0.7563336379995778], [0.910087742671785, 0.03735879733279218, -0.41272826520656647], [0.2638493031197415, -0.8202248094963509, 0.507557688474819]]	0.8415383148849951	0.158461685115005	[[-0.2689288995692256, -0.4803669818016915, -0.6364837352130025], [0.7658737053655029, 0.03143885935356802, -0.34732664880734127], [0.22203929793096752, -0.6902506040104252, 0.4271292418660224]]	0.8470432090486749	0.1798172673735538	[[-0.2768821873444365, -0.5279929867951394, -0.65280388471508], [0.8071692538723587, 0.005718359619905196, -0.28122245646929467], [0.1715477760944312, -0.6938423171564575, 0.4722539922442144]]	[[-0.006194098557681611, -0.04448370077773785, -0.012156612872458762], [0.03628561180378504, -0.025926155959062214, 0.06837621775636792], [-0.05194398432537119, 0.0009235376206695976, 0.042330699021176046]]	0.44032032580942415	[[-0.13905058123977065, -0.8104461794096022, -0.47474838032468625], [0.8535533905932738, 0.14644660940672602, -0.5], [0.47474838032468625, -0.47474838032468636, 0.6713955981698317]]
6	[[0.034229894132735264, 0.2773841392786001, 0.9601491309293217], [-0.1827544195208179, -0.9427759796974285, 0.2788803941677556], [0.9825625356654255, -0.18501754344446375, 0.018422055382213542]]	0.8895889824972075	0.11041101750279259	[[0.030450536692527102, 0.24675787422171352, 0.8541380884289934], [-0.16257631810839215, -0.8386831245018435, 0.24808892608611385], [0.874076806342482, -0.16458956821689336, 0.01638805750297055]]	0.9315594989745323	0.12287121115088284	[[0.011416176285388328, 0.24276520568096674, 0.8838185866343854], [-0.1634947680486559, -0.8279176074198142, 0.25194887796403975], [0.9178543022939817, -0.16532445437834492, 0.0]]	[[-0.020471006742853817, -0.015634624128887834, -0.010617456714966235], [0.006751847435538718, 0.05033431187234594, -0.007844802300694715], [0.002538838858351963, 0.007030395694278491, -0.017161240681935933]]	0.3419930559193683	[[0.0, 0.0, 0.9914000000000001], [0.0, -1.0, 0.0], [0.9914000000000001, 0.0, 0.0]]
6	[[0.08740825448676931, -0.06334395238859675, -0.994156597696443], [0.7119981850616444, -0.6940087028176986, 0.10681996481098455], [-0.6967197295301035, -0.717174639895393, -0.015561310176609944]]	0.9281928681980158	0.0718071318019841	[[0.08113171843625651, -0.058795404850570145, -0.9227690638538425], [0.6608716375441495, -0.6441739284227442, 0.09914952951871886], [-0.6466902840826927, -0.6656763860033839, -0.014443897125746556]]	0.9597819375198666	0.06358677001387979	[[0.06421788346647736, -0.06421788346647739, -0.935605909996497], [0.6824811482663908, -0.6686616354409752, 0.09401027590524838], [-0.6776009563097672, -0.6909837435340076, 0.0]]	[[-0.019674980380063652, -0.0034215021127838056, 0.018567635538753725], [-0.0008818493027027315, -0.0025646179949550397, -0.008513596886842341], [-0.008901944393047045, -0.0026524781150945123, 0.014935464431654309]]	0.12157980690830185	[[0.0, 0.0, -0.9744212439440002], [0.7071067811865475, -0.7071067811865476, 0.0], [-0.6890198693250337, -0.6890198693250336, 0.0]]
6	[[-0.42203838922340475, -0.825029846081567, 0.3757783270710803], [0.2588054115689476, 0.28760896992378115, 0.9221175843470338], [-0.8688517462515349, 0.4864224845687207, 0.09214016247897017]]	0.83094192973952	0.16905807026048014	[[-0.3506893935654546, -0.6855518923957166, 0.3122499682507319], [0.21505226811613198, 0.2389863524788623, 0.7662261649840687], [-0.7219653466878021, 0.4041888379962246, 0.07656312441678839]]	0.8738665841693884	0.20632289482669935	[[-0.29448940335872914, -0.6718448061124583, 0.3467017810761519], [0.25426167428541635, 0.23105866628742028, 0.8302343441349964], [-0.7805696933343576, 0.39432074995568517, 0.022150158249390584]]	[[0.0743158422202784, 0.0491212073206371, 0.01832165799365973], [0.028100273313107403, -0.02027320183635071, 0.024426600499126053], [-0.021309185687920715, -0.03074760509756991, -0.05836805080091952]]	0.4832082198996684	[[-0.4830206106230408, -0.4830206106230409, 0.6830942984488384], [0.5, 0.5000000000000001, 0.7071067811865475], [-0.6830942984488384, 0.6830942984488383, 0.0]]
6	[[0.22433838825039393, -0.7661379269479729, -0.6022499185961573], [-0.9416906372873723, -0.011392912655017143, -0.3362869982418849], [0.2507808429735371, 0.642575192824231, -0.724020780340167]]	0.8821591845793304	0.1178408154206695	[[0.19790216964880883, -0.6758556089117228, -0.5312802971017541], [-0.8307210447154186, -0.010050362537733495, -0.29665866415369196], [0.22122862394565257, 0.5668536081327297, -0.6387015812033723]]	0.8913880010020193	0.10501606785700399	[[0.18418699434535563, -0.7181107525005352, -0.5241795140101201], [-0.8703775640197025, -0.006506932495087938, -0.3285056386039725], [0.24716891541612607, 0.5512746528615162, -0.6736852698362958]]	[[-0.015785553105178027, -0.035184597306550464, 0.012658837030937368], [-0.03096582928579389, 0.0036485731420584245, -0.02874344347816912], [0.023625881108343533, -0.021509163763562232, -0.02830183376495233]]	0.3043959151477206	[[0.13905058123977065, -0.8104461794096022, -0.47474838032468625], [-0.8535533905932738, 0.14644660940672602, -0.5], [0.47474838032468625, 0.47474838032468636, -0.6713955981698317]]
6	[[-0.5446221603179724, 0.8109226453022452, -0.2139887049042392], [-0.8354447797583356, -0.5021691245819775, 0.22328947644507607], [0.07361197229480154, 0.30038414347728, 0.9509735242804028]]	0.8647232705336962	0.13527672946630379	[[-0.47094745567528407, 0.7012236819955939, -0.1850410127620637], [-0.7224285423029315, -0.43423732776957086, 0.1930836063473429], [0.06365398543319661, 0.2597491589641366, 0.8223289361067053]]	0.8683950965993005	0.13627643832743494	[[-0.47321290872657973, 0.7039355536946692, -0.1690918982581006], [-0.7372653361016352, -0.44839104093152754, 0.19390348646712907], [0.0757575973308092, 0.24901879575285069, 0.8261964952462446]]	[[-0.00026569520713431316, -0.0002656952071343131, 0.016734843808375456], [-0.011769185880014235, -0.0123098354809749, 0.0], [0.011833321538999993, -0.011833321538999991, 0.0003757497653868743]]	0.3849634612958366	[[-0.6949968421676757, 0.6949968421676755, 0.0], [-0.7071067811865475, -0.7071067811865476, 0.0], [0.0, 0.0, 0.9828739600000002]]
6	[[-0.30792515101507295, 0.09349718223056193, 0.9468053539599837], [0.3027085282091916, -0.9338174967034747, 0.1906631317268273], [0.9019698710720718, 0.34531602882779927, 0.2592434992682147]]	0.8770329254890625	0.12296707451093734	[[-0.27006049602641086, 0.08200010725665373, 0.8303794694522321], [0.2654853460657957, -0.8189886910067217, 0.16721784420128583], [0.7910572747293318, 0.30285352698111034, 0.22736508457722404]]	0.8781857469256803	0.12100109421285889	[[-0.2662065472321385, 0.08138575433180645, 0.8339365019555927], [0.2665948635975259, -0.8244980182241067, 0.16484096922638297], [0.7945626199268984, 0.3057171496965618, 0.224177153012034]]	[[0.004208931509236212, -0.0007221384807860143, 0.0024655349950111127], [0.0007605486513636283, -0.004432802389296906, -0.0025966755203302673], [0.0024655349950111127, 0.002465534995011113, -0.0034867930284501977]]	0.3719602940890979	[[-0.47474838032468625, -0.1390505812397705, 0.8104461794096023], [0.5, -0.8535533905932737, 0.14644660940672619], [0.6713955981698317, 0.47474838032468636, 0.47474838032468625]]
6	[[0.8489524140446696, -0.5135124485683378, 0.12483895166604869], [0.522794976890395, 0.7815435453534784, -0.34040431673891397], [0.0772347773085365, 0.35425224329800037, 0.9319550081910795]]	0.876074686043732	0.12392531395626821	[[0.7437457196002524, -0.44987525715905463, 0.10936824538686224], [0.4580074452444928, 0.6846905161250538, -0.2982196049149751], [0.06766343328223366, 0.3103514228275833, 0.8164621912078834]]	0.9172977537276229	0.13960430018091394	[[0.7730970446630565, -0.48165999652054403, 0.05723870068640294], [0.502190061427024, 0.6719293544977434, -0.28984254036101975], [0.024803142762792267, 0.29506317531193804, 0.8559530406367841]]	[[-0.005645097761761782, -0.010616180937636352, -0.057275789254574806], [0.02263140346538029, -0.044978784095324895, 0.02240957474277219], [-0.046044144971981435, -0.02989161171828911, 0.0010728050478987074]]	0.4296524094260365	[[0.7010256628683433, -0.7010256628683432, 0.0], [0.7071067811865475, 0.7071067811865476, 0.0], [0.0, 0.0, 0.9914000000000001]]
6	[[-0.8305561570912853, 0.32773595720904825, 0.4502950280316503], [-0.5100865793185324, -0.772219296347621, -0.37879947194723407], [0.22358030216652452, -0.5443036842615101, 0.808545204538665]]	0.8737322172520877	0.1262677827479124	[[-0.7256836726877418, 0.28635346456549704, 0.3934372732596848], [-0.4456790779385142, -0.6747128780026539, -0.33096930251837675], [0.1953493131458492, -0.4755756649082894, 0.7064519943101104]]	0.8737322172520877	0.12626778274791228	[[-0.7256836726877419, 0.28635346456549715, 0.3934372732596848], [-0.44567907793851425, -0.6747128780026539, -0.33096930251837686], [0.19534931314584922, -0.47557566490828956, 0.7064519943101106]]	[[0.0, 0.0, 0.0], [0.0, 0.0, 0.0], [0.0, 0.0, 0.0]]	0.3791629176811247	[[-0.6772196874821784, 0.4788666333716828, 0.47886663337168267], [-0.7071067811865475, -0.5000000000000001, -0.5], [0.0, -0.6772196874821783, 0.6772196874821784]]
6	[[0.8787972042104137, -0.3840163418041313, 0.28327887866788265], [-0.395223040501579, -0.9183905790867732, -0.018907472103605397], [0.2674214316928388, -0.09534250611366366, -0.9588511794847616]]	0.8416463526635353	0.15835364733646481	[[0.739636461654607, -0.3232059534426406, 0.2384206350174396], [-0.33263803052674673, -0.7729600812089346, -0.015913404934087015], [0.22507427260833845, -0.08024467252436586, -0.8070135979604786]]	0.8579178617890226	0.23575419999722316	[[0.7010761069160162, -0.318254451583307, 0.15386133856756493], [-0.35932471521091475, -0.8406977407626808, -0.02526495955649591], [0.13939846969543612, -0.05974872503044999, -0.8226155536774491]]	[[-0.052859711466352904, 0.01120002726933568, -0.08916867130917693], [-0.020255809374043712, -0.05279405886537403, -0.009043901517535178], [-0.09002715317904325, 0.022047313952191137, 0.0]]	0.4714013698227884	[[0.6949968421676757, -0.6949968421676755, 0.0], [-0.7071067811865475, -0.7071067811865476, 0.0], [0.0, 0.0, -0.9828739600000002]]
6	[[0.8592155572171323, 0.2624339665249735, -0.4391776855101157], [-0.4266000482917053, 0.8413623931712975, -0.33184593135155627], [0.2824199444684594, 0.4724804086637203, 0.8348660002631537]]	0.8652461361962527	0.1347538638037473	[[0.743432941041834, 0.22706997554239003, -0.37999679549124066], [-0.3691140434855328, 0.7279855598322976, -0.28712840991438104], [0.24436276573609475, 0.4088118480247105, 0.7223645809693136]]	0.8739553879477794	0.16473841865690877	[[0.7616790237565573, 0.14783376367750534, -0.3726962491593409], [-0.3591483334555207, 0.7589086493483951, -0.3792083254077115], [0.3044857607672082, 0.4035807348483768, 0.7442505291857942]]	[[0.010762958118090991, -0.08152181534750241, 0.01112545535866011], [0.013681077247798072, 0.023595452619701647, -0.08918978573446996], [0.0576633286350854, -0.009346064003050212, 0.014614890041398789]]	0.4223838644587858	[[0.817476477112772, -0.1402567896305936, -0.47886663337168267], [-0.14644660940672619, 0.8535533905932737, -0.5], [0.47886663337168267, 0.4788666333716828, 0.6772196874821784]]
6	[[0.5319609947059123, -0.8460851799387872, 0.03402011756955908], [-0.703274286200726, -0.4190807785627857, 0.5742617690636116], [-0.47161719485230363, -0.3294103357928521, -0.8179645788128509]]	0.866897620103487	0.13310237989651313	[[0.46115572029843904, -0.7334692288937651, 0.0294919589566916], [-0.6096668049873878, -0.36330012956719543, 0.4978261609176631], [-0.4088438238173445, -0.2855650361363139, -0.7090915467018114]]	0.8844708318480582	0.15952686271374186	[[0.5341912936345506, -0.7313022806056112, 0.0007395283611475133], [-0.5904284296182722, -0.393641357256909, 0.5784627284650827], [-0.3922782293536148, -0.3777302861798049, -0.7305627522444637]]	[[0.06368731013629197, 0.017035382309162215, -0.02935027332516915], [0.03159716331503312, -0.0229766324299499, 0.07054494388285254], [0.024853423291249885, -0.08637645246175277, -0.007096940799614767]]	0.29725877040776044	[[0.6772196874821784, -0.6772196874821783, 0.0], [-0.5, -0.5000000000000001, 0.7071067811865475], [-0.47886663337168267, -0.4788666333716828, -0.6772196874821784]]
6	[[0.04673222253661188, -0.9725397674033924, -0.22799671093185395], [-0.8377629715199755, -0.16246744520517667, 0.5213036857710898], [-0.5440306084466285, 0.16664552219444034, -0.8223502702654952]]	0.8509249237148737	0.14907507628512634	[[0.03976561289699291, -0.8275583273874129, -0.19400808385692994], [-0.7128733926317811, -0.13824759841736534, 0.443590299047047], [-0.46292920399100357, 0.14180282826072946, -0.6997583409925723]]	0.8684215538830643	0.13480274739958467	[[0.0033631166634934366, -0.8461209235027157, -0.23457685939989417], [-0.7699886570522047, -0.13946155006508618, 0.49584321420478306], [-0.47463488506429213, 0.19735580800037555, -0.7141466995401192]]	[[-0.03722015264816016, -0.001546427481187676, -0.03657960141222574], [-0.042457235539134365, 0.001628681155404958, 0.0431318573624846], [-0.0021869787171220714, 0.052637244668624954, 6.17561057041373e-19]]	0.3335330224187533	[[1.895893051233295e-16, -0.9494967606493727, 0.0], [-0.7071067811865476, -1.3401577416544657e-16, 0.7071067811865475], [-0.6713955981698316, -1.0541531654799349e-16, -0.6713955981698317]]
