6	[[-0.30792515101507295, 0.09349718223056193, 0.9468053539599837], [0.3027085282091916, -0.9338174967034747, 0.1906631317268273], [0.9019698710720718, 0.34531602882779927, 0.2592434992682147]]	0.8780463308557958	0.12195366914420437	[[-0.2703725490270016, 0.0820948578029006, 0.8313389670791868], [0.26579211251283874, -0.81993502666943, 0.167411063242216], [0.7919713358373077, 0.30320347209794335, 0.22762780333067306]]	0.8790662719980477	0.12019864701100325	[[-0.26693211578802145, 0.0815460492767677, 0.8345039872724994], [0.2667784700168316, -0.8248368813395844, 0.16529201421063802], [0.7950906264769906, 0.3057550085819283, 0.22478188782117803]]	[[0.003754498769234511, -0.0006441701489744555, 0.0021993344591044826], [0.0006776126219616748, -0.003949415785911813, -0.002313514203936744], [0.0021993344591044826, 0.002199334459104483, -0.003110328620260056]]	0.37179510529235144	[[-0.4753233101750641, -0.1392189742942396, 0.8114276460558888], [0.5, -0.8535533905932737, 0.14644660940672619], [0.6722086717616492, 0.4753233101750642, 0.4753233101750641]]
6	[[0.22433838825039393, -0.7661379269479729, -0.6022499185961573], [-0.9416906372873723, -0.011392912655017143, -0.3362869982418849], [0.2507808429735371, 0.642575192824231, -0.724020780340167]]	0.8838133169778933	0.11618668302210688	[[0.19827325504505514, -0.677122902478455, -0.5322764982041361], [-0.8322787257079786, -0.010069207923670156, -0.2972149273726993], [0.221643448662954, 0.5679165125776932, -0.6398992074333657]]	0.8928333715570769	0.10356141288902974	[[0.1848964979520414, -0.7178822201360491, -0.5257711611539762], [-0.8702402981606461, -0.006501666697398859, -0.32813962817878134], [0.24679944963754238, 0.5530332952594142, -0.6734601700590699]]	[[-0.015400301599238348, -0.03384871174134095, 0.011937664186206022], [-0.02946747150762906, 0.003670305920235424, -0.027891373727670477], [0.022893944083553427, -0.02067928062878261, -0.02703025567057277]]	0.30397851946702587	[[0.13921897429423974, -0.8114276460558887, -0.4753233101750641], [-0.8535533905932738, 0.14644660940672602, -0.5], [0.4753233101750641, 0.4753233101750642, -0.6722086717616492]]
6	[[-0.3195682178843842, -0.5708200961323295, -0.7563336379995778], [0.910087742671785, 0.03735879733279218, -0.41272826520656647], [0.2638493031197415, -0.8202248094963509, 0.507557688474819]]	0.8423441085715193	0.15765589142848072	[[-0.2691864056216107, -0.4808269450312961, -0.6370931840834084], [0.7666070483227311, 0.03146896283659495, -0.3476592226376948], [0.22225190603361528, -0.690911535983448, 0.4275382286469423]]	0.8475788433414398	0.17982742781507546	[[-0.27651009319781966, -0.5287632551104817, -0.6535153156068034], [0.8076244567323321, 0.005685736002533411, -0.2806306537509636], [0.1712517822989804, -0.6945410786265507, 0.47303132732547737]]	[[-0.005650832714688088, -0.04494821827459222, -0.01246292553089795], [0.03625334045935838, -0.025978790229421875, 0.06918909188713707], [-0.05238130485569504, 0.0006641166863191536, 0.04283616879893532]]	0.4403696376056955	[[-0.13921897429423974, -0.8114276460558887, -0.4753233101750641], [0.8535533905932738, 0.14644660940672602, -0.5], [0.4753233101750641, -0.4753233101750642, 0.6722086717616492]]
6	[[-0.8305561570912853, 0.32773595720904825, 0.4502950280316503], [-0.5100865793185324, -0.772219296347621, -0.37879947194723407], [0.22358030216652452, -0.5443036842615101, 0.808545204538665]]	0.8742558412884097	0.12574415871159023	[[-0.7261185718551103, 0.28652507499025875, 0.3936730585597984], [-0.4459461715320507, -0.6751172305875333, -0.33116765102683454], [0.19546638516611173, -0.4758606754004275, 0.7068753680136599]]	0.8742558412884098	0.1257441587115904	[[-0.7261185718551103, 0.2865250749902587, 0.39367305855979845], [-0.4459461715320507, -0.6751172305875331, -0.33116765102683454], [0.1954663851661118, -0.4758606754004275, 0.7068753680136597]]	[[0.0, 0.0, 0.0], [0.0, 0.0, 0.0], [0.0, 0.0, 0.0]]	0.3787502499150598	[[-0.6779030574441803, 0.4793498489058735, 0.4793498489058734], [-0.7071067811865475, -0.5000000000000001, -0.5], [0.0, -0.6779030574441802, 0.6779030574441803]]
6	[[0.04673222253661188, -0.9725397674033924, -0.22799671093185395], [-0.8377629715199755, -0.16246744520517667, 0.5213036857710898], [-0.5440306084466285, 0.16664552219444034, -0.8223502702654952]]	0.8523421794453249	0.14765782055467516	[[0.03983184440717964, -0.8289366649458567, -0.19433121350202212], [-0.7140607170039276, -0.13847785633509418, 0.4443291196830115], [-0.4637002344883656, 0.14203900758201357, -0.7009238216255443]]	0.8695355855650932	0.13365210617175793	[[0.0039444979666849525, -0.8469882727153067, -0.23439104261417826], [-0.769859178301648, -0.13987182331313308, 0.495266219160533], [-0.4749353537161445, 0.1967928846897323, -0.7150628237949201]]	[[-0.036690832521446066, -0.0013303365808586512, -0.036139789067133346], [-0.04139446229627365, 0.0013994017886148798, 0.04197411349632712], [-0.0018813800351713513, 0.05188867296658884, 5.312658207967845e-19]]	0.33310499831432133	[[1.8981890159031112e-16, -0.9506466203501284, 0.0], [-0.7071067811865476, -1.3401577416544657e-16, 0.7071067811865475], [-0.6722086717616491, -1.0554297661948024e-16, -0.6722086717616492]]
6	[[0.3802729664721569, 0.7767473726770865, -0.5020517802076895], [0.4287143634067757, 0.332951791095048, 0.839849450446521], [0.8195098935212374, -0.5346088512602871, -0.20639019011321075]]	0.8548248812425064	0.14517511875749362	[[0.3250667934042971, 0.6639829806041194, -0.42916635339362713], [0.36647570478615377, 0.28461547528230424, 0.7179242067395316], [0.7005374474063509, -0.4569969477897678, -0.1764274697531437]]	0.8771802368854357	0.20810917707518553	[[0.3431270590404723, 0.6452850640103637, -0.4403898994913356], [0.40426039890536203, 0.30191608614577775, 0.7207973386748228], [0.6939879136702503, -0.45227856011091006, -0.08850058734479216]]	[[0.009559128229298386, -0.03606238035466268, 1.6373643537587552e-18], [0.028200632056017694, 0.009857355161593527, -0.01590200121595945], [-0.02486996885866688, 0.016669758678639252, 0.09254080850954415]]	0.36910889756542986	[[0.48341049708135675, 0.48341049708135686, -0.6836456811659744], [0.5, 0.5000000000000001, 0.7071067811865475], [0.6836456811659744, -0.6836456811659742, 0.0]]
6	[[0.08740825448676931, -0.06334395238859675, -0.994156597696443], [0.7119981850616444, -0.6940087028176986, 0.10681996481098455], [-0.6967197295301035, -0.717174639895393, -0.015561310176609944]]	0.9284585622517988	0.07154143774820125	[[0.08115494228972518, -0.05881223496206293, -0.9230332053503795], [0.6610608112282247, -0.6443583224083563, 0.09917791094819446], [-0.646875398371982, -0.665866935040728, -0.014448031673329555]]	0.9601525398176923	0.06305243641044908	[[0.06437569896851218, -0.06437569896851221, -0.936124460591874], [0.6825855455086808, -0.6684735626774849, 0.09416529752476148], [-0.6778890860751987, -0.6915628838629506, 0.0]]	[[-0.01954955857799057, -0.003555842200510074, 0.018417521662881468], [-0.001041320223844408, -0.002119344011489464, -0.008398162991741846], [-0.008931868225773971, -0.002965831874550159, 0.014941231488962939]]	0.12127047536879672	[[0.0, 0.0, -0.9750110872960001], [0.7071067811865475, -0.7071067811865476, 0.0], [-0.6894369515590706, -0.6894369515590705, 0.0]]
6	[[0.8787972042104137, -0.3840163418041313, 0.28327887866788265], [-0.395223040501579, -0.9183905790867732, -0.018907472103605397], [0.2674214316928388, -0.09534250611366366, -0.9588511794847616]]	0.8423045859428757	0.15769541405712442	[[0.7402149152202092, -0.3234587257786266, 0.23860709860271304], [-0.3328981794847669, -0.7735645964515226, -0.015925850461453825], [0.22525029829428755, -0.08030743013482555, -0.80764474571675]]	0.8580847272726756	0.2355454204534092	[[0.7012365298332721, -0.3182866411234474, 0.15399474755833356], [-0.35928108519408125, -0.8407060428179811, -0.025288546638828163], [0.13950395301638072, -0.05984935612789125, -0.822775552843265]]	[[-0.05284592946961053, 0.011231916801801179, -0.0890825317855059], [-0.020146230273406132, -0.05264911323251241, -0.0090643335953902], [-0.08996629326463729, 0.021962592228145235, 0.0]]	0.47132551358361324	[[0.6952772807170942, -0.695277280717094, 0.0], [-0.7071067811865475, -0.7071067811865476, 0.0], [0.0, 0.0, -0.9832705600000001]]
6	[[-0.5446221603179724, 0.8109226453022452, -0.2139887049042392], [-0.8354447797583356, -0.5021691245819775, 0.22328947644507607], [0.07361197229480154, 0.30038414347728, 0.9509735242804028]]	0.8656466922795332	0.13435330772046697	[[-0.47145037162138637, 0.7019725056004578, -0.18523861458553584], [-0.7232000101800063, -0.4347010416592977, 0.19328979670550883], [0.06372196032916762, 0.26002654021432814, 0.8232070857387408]]	0.8688531428201477	0.1356893442967642	[[-0.473469227595331, 0.7043001370013211, -0.16959895370489925], [-0.7373421328336218, -0.4483289107546076, 0.19400576336796965], [0.07550208095733332, 0.2494456196337675, 0.8266417819789593]]	[[-0.00027255195356246727, -0.0002725519535624672, 0.016325805079162165], [-0.01146331028790578, -0.012017688634314256, 0.0], [0.011544087479805346, -0.011544087479805345, 0.0003854466691793232]]	0.3848518885381161	[[-0.6952772807170942, 0.695277280717094, 0.0], [-0.7071067811865475, -0.7071067811865476, 0.0], [0.0, 0.0, 0.9832705600000001]]
6	[[-0.42203838922340475, -0.825029846081567, 0.3757783270710803], [0.2588054115689476, 0.28760896992378115, 0.9221175843470338], [-0.8688517462515349, 0.4864224845687207, 0.09214016247897017]]	0.8320865227365069	0.1679134772634934	[[-0.3511724557502194, -0.6864962157798463, 0.3126800814923169], [0.215348494977796, 0.2393155476917076, 0.7672816143135109], [-0.7229598283119814, 0.40474559376563896, 0.07666858740150304]]	0.874182284919777	0.20573221333005715	[[-0.2947396445514623, -0.6723920149236874, 0.34712705146158523], [0.25439778043880823, 0.23119104243348979, 0.8301791806270653], [-0.7812003451871863, 0.39466959060988255, 0.02215521208382081]]	[[0.0741988388637159, 0.0488344610509087, 0.0186282948792569], [0.028154674403862306, -0.020231624057904702, 0.02408032377787], [-0.02166554039248115, -0.03055232838675675, -0.05839208568492485]]	0.4830393780132395	[[-0.48341049708135675, -0.48341049708135686, 0.6836456811659744], [0.5, 0.5000000000000001, 0.7071067811865475], [-0.6836456811659744, 0.6836456811659742, 0.0]]
6	[[0.5319609947059123, -0.8460851799387872, 0.03402011756955908], [-0.703274286200726, -0.4190807785627857, 0.5742617690636116], [-0.47161719485230363, -0.3294103357928521, -0.8179645788128509]]	0.8680901628453104	0.13190983715468974	[[0.4617901065216088, -0.7344782216340657, 0.029532529400975158], [-0.6105054896329076, -0.3637999013079081, 0.4985109926222665], [-0.4094062474799847, -0.2859578720413453, -0.7100670044233434]]	0.8851318599322212	0.1590067456605101	[[0.5346206613880755, -0.7318057612780052, 0.0006134613149430243], [-0.5902501257461968, -0.393690221704207, 0.5788446454129684], [-0.3928415945073485, -0.3780338950299451, -0.7311922999630625]]	[[0.06376503673263689, 0.017091187702301357, -0.029498828624513636], [0.032240351241156893, -0.022748472713085142, 0.07054725767372622], [0.024601810348287775, -0.08646231182872043, -0.007185790959767659]]	0.296874641101818	[[0.6779030574441803, -0.6779030574441802, 0.0], [-0.5, -0.5000000000000001, 0.7071067811865475], [-0.4793498489058734, -0.4793498489058735, -0.6779030574441803]]
6	[[0.034229894132735264, 0.2773841392786001, 0.9601491309293217], [-0.1827544195208179, -0.9427759796974285, 0.2788803941677556], [0.9825625356654255, -0.18501754344446375, 0.018422055382213542]]	0.8898421811295348	0.11015781887046529	[[0.03045920365490621, 0.24682810750640818, 0.8543811968757749], [-0.16262259127746662, -0.8389218340904938, 0.24815953822050008], [0.8743255898326886, -0.16463641440585008, 0.016392721942197992]]	0.9317105639167024	0.12284275146024423	[[0.01145582239409157, 0.24283222330342683, 0.8841010933488558], [-0.16347623772779615, -0.8279334103055151, 0.25192925674391586], [0.918144434354572, -0.16538948474270473, 0.0]]	[[-0.02043653157112823, -0.015609509525386775, -0.010479994873434267], [0.006797985542214708, 0.050460929385497615, -0.007906552571435901], [0.0026805401663134005, 0.0069933149944195645, -0.017164023608666902]]	0.3419088131919655	[[0.0, 0.0, 0.9916], [0.0, -1.0, 0.0], [0.9916, 0.0, 0.0]]
6	[[0.8489524140446696, -0.5135124485683378, 0.12483895166604869], [0.522794976890395, 0.7815435453534784, -0.34040431673891397], [0.0772347773085365, 0.35425224329800037, 0.9319550081910795]]	0.8764773137725895	0.12352268622741058	[[0.7440875313826271, -0.45008201150996163, 0.1094185090104445], [0.45821793699869645, 0.6850051872277226, -0.29835666113191706], [0.06769453014521024, 0.3104940546037452, 0.816837422136229]]	0.9175340012857346	0.1393049508081524	[[0.7732819269487459, -0.4819737813355658, 0.05771554376797475], [0.5025848209211554, 0.6717853548437793, -0.28979542678446524], [0.02472863390769649, 0.2954322124522914, 0.8562096336970193]]	[[-0.005660778410843063, -0.010808649690623885, -0.05682843907049134], [0.02290265392282819, -0.045307421503436605, 0.02253710800792703], [-0.04613690035461767, -0.029606265805370423, 0.001109226013178798]]	0.4295898558234282	[[0.7011670842245806, -0.7011670842245805, 0.0], [0.7071067811865475, 0.7071067811865476, 0.0], [0.0, 0.0, 0.9916]]
6	[[0.8592155572171323, 0.2624339665249735, -0.4391776855101157], [-0.4266000482917053, 0.8413623931712975, -0.33184593135155627], [0.2824199444684594, 0.4724804086637203, 0.8348660002631537]]	0.8653330116353921	0.13466698836460803	[[0.7435075857706825, 0.227092774608477, -0.3800349492455295], [-0.36915110455206507, 0.7280586535596797, -0.28715723917539376], [0.24438730109279214, 0.40885289496769783, 0.7224371103197087]]	0.8744704384599062	0.16416051933323442	[[0.7621298450761222, 0.14804828438223527, -0.3729951176768066], [-0.3593043381996659, 0.7591881906725171, -0.37891976124652715], [0.3045173257002127, 0.4038462843996474, 0.744782683136434]]	[[0.01077124002488398, -0.08144246139163067, 0.011052785533031097], [0.013744793076998758, 0.023441649812336394, -0.0887303041563958], [0.05754943303105664, -0.009323865728231785, 0.014717045831045864]]	0.4221520030065379	[[0.8183013776279637, -0.14039832018378337, -0.4793498489058734], [-0.14644660940672619, 0.8535533905932737, -0.5], [0.4793498489058734, 0.4793498489058735, 0.6779030574441803]]
