6	[[0.8489524140446696, -0.5135124485683378, 0.12483895166604869], [0.522794976890395, 0.7815435453534784, -0.34040431673891397], [0.0772347773085365, 0.35425224329800037, 0.9319550081910795]]	0.8678523804348347	0.13214761956516552	[[0.7367653734045657, -0.4456530008729525, 0.10834178137436964], [0.45370886517370357, 0.6782644262484965, -0.29542069659215997], [0.06702838533956776, 0.3074386526205498, 0.8087993723167943]]	0.9133235809151601	0.14477732498733598	[[0.7691132856721538, -0.47703319653877024, 0.05440376119670551], [0.4991836973717326, 0.6730600313033435, -0.29011920913757105], [0.023980838331899675, 0.2915166942037129, 0.851176485332894]]	[[-0.006254973149693469, -0.008030168167823933, -0.05961459717662467], [0.02170271699373859, -0.04074211818002516, 0.020780080385392165], [-0.04655950505071783, -0.032030233192445315, 0.0]]	0.43065904892137413	[[0.6987629211685463, -0.6987629211685462, 0.0], [0.7071067811865475, 0.7071067811865476, 0.0], [0.0, 0.0, 0.9882]]
6	[[0.3802729664721569, 0.7767473726770865, -0.5020517802076895], [0.4287143634067757, 0.332951791095048, 0.839849450446521], [0.8195098935212374, -0.5346088512602871, -0.20639019011321075]]	0.8352182362687995	0.16478176373120054	[[0.3176109163575793, 0.6487535706337801, -0.41932280238067743], [0.35807005446770834, 0.2780874077209439, 0.701457576733264], [0.6844696078716396, -0.44651506184330614, -0.1723808505695381]]	0.8716633008336097	0.21472350835135393	[[0.3430927935670019, 0.6344224729091934, -0.43762011192522443], [0.40486407540593455, 0.3017206030292071, 0.7201126904161518], [0.6847748966374666, -0.44903240936067423, -0.08703413614405259]]	[[0.011622804394093033, -0.04263970587234974, -2.5149462805247934e-18], [0.03116949828400479, 0.011498745784835226, -0.01195325376335583], [-0.029561802215055093, 0.01696650658373186, 0.09286861822970494]]	0.3708909475592774	[[0.4768144436298886, 0.47681444362988873, -0.6743174529167703], [0.5, 0.5000000000000001, 0.7071067811865475], [0.6743174529167703, -0.6743174529167701, 0.0]]
6	[[-0.30792515101507295, 0.09349718223056193, 0.9468053539599837], [0.3027085282091916, -0.9338174967034747, 0.1906631317268273], [0.9019698710720718, 0.34531602882779927, 0.2592434992682147]]	0.8610629595194752	0.13893704048052485	[[-0.26514294184352005, 0.08050696043817936, 0.815259020169668], [0.26065110117159107, -0.8040756573625616, 0.1641729604759535], [0.7766528465827177, 0.2973388417519772, 0.22322497471607392]]	0.8644857267078083	0.13377100300857747	[[-0.2551103202931237, 0.0789248235209406, 0.8249940812982063], [0.2637297723954983, -0.8191768700082621, 0.1578517844052445], [0.7862344462915544, 0.30501514495432075, 0.21492788321018352]]	[[0.01108657765375333, -0.001902156004779096, 0.006494366829266211], [0.002042570405924219, -0.01190497275809256, -0.00697377158200839], [0.006494366829266211, 0.006494366829266213, -0.009184421648974234]]	0.3749797365023233	[[-0.4656280144033543, -0.13637928790831505, 0.7948767408983938], [0.5, -0.8535533905932737, 0.14644660940672619], [0.6584974529900787, 0.4656280144033544, 0.4656280144033543]]
6	[[0.8787972042104137, -0.3840163418041313, 0.28327887866788265], [-0.395223040501579, -0.9183905790867732, -0.018907472103605397], [0.2674214316928388, -0.09534250611366366, -0.9588511794847616]]	0.830225308506828	0.16977469149317187	[[0.7295996799805288, -0.3188200858459984, 0.2351852944355112], [-0.32812417072943, -0.7624711018520809, -0.015697461860300035], [0.22202004062852476, -0.07915576155203054, -0.7960625162998723]]	0.8552346733309405	0.23909337704676462	[[0.6985029624307337, -0.3177286856669257, 0.1517419342317267], [-0.36002632407117613, -0.8405626250425104, -0.024889548900359035], [0.13772032995067884, -0.05815676838863383, -0.8200427752596371]]	[[-0.05307487743630337, 0.010695404969673371, -0.09052798502735507], [-0.02201787613494717, -0.055123158147020845, -0.008719223172318193], [-0.09098775082483851, 0.02338344868203851, 0.0]]	0.4726437984407848	[[0.6905175186987574, -0.6905175186987573, 0.0], [-0.7071067811865475, -0.7071067811865476, 0.0], [0.0, 0.0, -0.9765392399999999]]
6	[[0.034229894132735264, 0.2773841392786001, 0.9601491309293217], [-0.1827544195208179, -0.9427759796974285, 0.2788803941677556], [0.9825625356654255, -0.18501754344446375, 0.018422055382213542]]	0.8857145428403798	0.11428545715962021	[[0.03031791503325021, 0.2456831661123175, 0.8504180485596524], [-0.1618682471379402, -0.8350303958585991, 0.24700842082743854], [0.8702699270889868, -0.1638727289093633, 0.016316682361037425]]	0.9291336119273547	0.12336707653970505	[[0.01078654870752829, 0.24169258283121758, 0.8793026539804732], [-0.16379193700484976, -0.8276652712598445, 0.2522609023875222], [0.9132152007221773, -0.1642883873186401, 0.0]]	[[-0.021017596463910992, -0.01603434438806857, -0.012804176028798102], [0.006011336900214835, 0.04829957999477754, -0.006856245541288908], [0.00028332301486030465, 0.007617631091840745, -0.017116550856401833]]	0.3433448839875686	[[0.0, 0.0, 0.9882], [0.0, -1.0, 0.0], [0.9882, 0.0, 0.0]]
6	[[-0.5446221603179724, 0.8109226453022452, -0.2139887049042392], [-0.8354447797583356, -0.5021691245819775, 0.22328947644507607], [0.07361197229480154, 0.30038414347728, 0.9509735242804028]]	0.8499811886702565	0.15001881132974368	[[-0.4629185912032333, 0.6892689939736312, -0.18188637375651398], [-0.7101123469673505, -0.42683430942569134, 0.18979185460634507], [0.0625687917114974, 0.2553208713305153, 0.8083096065618001]]	0.861118594531375	0.14567879376369233	[[-0.4691386869468586, 0.6981461508931288, -0.16110339846663807], [-0.736033466515994, -0.4493598577278068, 0.19227872013003047], [0.07976965366599424, 0.242285355907854, 0.8191193642750321]]	[[-0.00015441770320514741, -0.0001544177032051474, 0.023166254346089488], [-0.01661643196192204, -0.016932686950723412, 0.0], [0.016381015542812207, -0.016381015542812204, 0.0002183796101432228]]	0.38677696946421736	[[-0.6905175186987574, 0.6905175186987573, 0.0], [-0.7071067811865475, -0.7071067811865476, 0.0], [0.0, 0.0, 0.9765392399999999]]
6	[[-0.42203838922340475, -0.825029846081567, 0.3757783270710803], [0.2588054115689476, 0.28760896992378115, 0.9221175843470338], [-0.8688517462515349, 0.4864224845687207, 0.09214016247897017]]	0.8113709497989066	0.18862905020109352	[[-0.3424296887157946, -0.6694052498276467, 0.30489561814950655], [0.20998719259779391, 0.23335756309774353, 0.7481794202379263], [-0.7049610665905465, 0.3946690733080669, 0.0747598511451876]]	0.8688058005912062	0.21596128454023417	[[-0.29051002538399023, -0.66312730018554, 0.3399485423460387], [0.2520825824972002, 0.22894420450582428, 0.8311094525830259], [-0.7705311829949416, 0.38878513855744107, 0.022058079345950082]]	[[0.07615937524547298, 0.05366341575099544, 0.013470152050224688], [0.02723093970170408, -0.02093213686601854, 0.029968346475171995], [-0.015667745997809283, -0.0338215375738499, -0.0579938282831954]]	0.4860051470389419	[[-0.4768144436298886, -0.47681444362988873, 0.6743174529167703], [0.5, 0.5000000000000001, 0.7071067811865475], [-0.6743174529167703, 0.6743174529167701, 0.0]]
6	[[0.8592155572171323, 0.2624339665249735, -0.4391776855101157], [-0.4266000482917053, 0.8413623931712975, -0.33184593135155627], [0.2824199444684594, 0.4724804086637203, 0.8348660002631537]]	0.8540501948688044	0.14594980513119576	[[0.7338132140756002, 0.22413178025084687, -0.3750797878919448], [-0.3643378543745723, 0.7185657158432301, -0.28341308233721646], [0.24120080860812465, 0.40352198509094256, 0.7130174702140857]]	0.8651380751600298	0.1744268280192353	[[0.7548959665909998, 0.14952805386121573, -0.36127005028151676], [-0.3578640087176236, 0.7560869387153006, -0.3834146758063108], [0.2934402521971124, 0.4004827190363461, 0.7362094135964415]]	[[0.011555873272617593, -0.07751356279481157, 0.018679287213941673], [0.011203935924638083, 0.02819229737504827, -0.09632212550713788], [0.049108005052866874, -0.008278072265809256, 0.013935049112223836]]	0.4262618904948215	[[0.8043682866812323, -0.13800777970887984, -0.4711880331950559], [-0.14644660940672619, 0.8535533905932737, -0.5], [0.4711880331950559, 0.47118803319505603, 0.6663605069723524]]
6	[[0.04673222253661188, -0.9725397674033924, -0.22799671093185395], [-0.8377629715199755, -0.16246744520517667, 0.5213036857710898], [-0.5440306084466285, 0.16664552219444034, -0.8223502702654952]]	0.828014466202016	0.1719855337979842	[[0.03869495629808644, -0.8052769963667528, -0.18878457489805436], [-0.6936798596669269, -0.1345253949167696, 0.43164699310289234], [-0.4504652138504931, 0.1379849031047858, -0.6809179200649677]]	0.8496386654406684	0.15355078141239137	[[-0.004295188519942435, -0.8317905794552591, -0.23544430149935494], [-0.7708204730961872, -0.1321506728321804, 0.5043832968335293], [-0.46998384092080414, 0.20381485404764899, -0.6987005861531482]]	[[-0.04400069170902562, -0.005483189390662976, -0.04172948029835273], [-0.059024660018346595, 0.005887950489500754, 0.06146352896567914], [-0.007754400801335842, 0.062226374968701426, 2.189694814175971e-18]]	0.34057528962955175	[[1.8594711505137338e-16, -0.9312560288067088, 0.0], [-0.7071067811865476, -1.3401577416544657e-16, 0.7071067811865475], [-0.6584974529900786, -1.0339018850021961e-16, -0.6584974529900787]]
6	[[0.22433838825039393, -0.7661379269479729, -0.6022499185961573], [-0.9416906372873723, -0.011392912655017143, -0.3362869982418849], [0.2507808429735371, 0.642575192824231, -0.724020780340167]]	0.8564299347931115	0.14357006520688856	[[0.19213011122087667, -0.6561434548185819, -0.5157848585124638], [-0.8064920510873079, -0.009757231442239972, -0.2880062519760688], [0.2147762209951879, 0.5503206304901272, -0.6200730696955868]]	0.8672634007232347	0.12833452506101525	[[0.1797163985412537, -0.7144340720146451, -0.49773561223949603], [-0.8673349140992063, -0.012190272375574086, -0.3269706977944407], [0.2481127612389105, 0.527219648847811, -0.6698738174189716]]	[[-0.014844074965552312, -0.049990688066697035, 0.02457370024749877], [-0.050641089576129554, -0.002309616202241087, -0.03532129208017511], [0.03061971452544114, -0.030062298101319912, -0.04195709326686834]]	0.31132075980747453	[[0.13637928790831522, -0.7948767408983937, -0.4656280144033543], [-0.8535533905932738, 0.14644660940672602, -0.5], [0.4656280144033543, 0.4656280144033544, -0.6584974529900787]]
6	[[0.08740825448676931, -0.06334395238859675, -0.994156597696443], [0.7119981850616444, -0.6940087028176986, 0.10681996481098455], [-0.6967197295301035, -0.717174639895393, -0.015561310176609944]]	0.9173377103370883	0.08266228966291192	[[0.08018288803545447, -0.05810779624785686, -0.9119773370473648], [0.6531427848486111, -0.6366403543968003, 0.09798998193799688], [-0.6391272814338205, -0.6578913420734653, -0.014274976647256597]]	0.9537539344333221	0.07223132872345081	[[0.0623458354074163, -0.06234583540741631, -0.9270057545901348], [0.6800277449383324, -0.6706867050470174, 0.0924576920525169], [-0.6723034780109863, -0.6813176852306494, 0.0]]	[[-0.02102013121128902, -0.0019312915942351272, 0.021175011905693063], [0.0009566746264044737, -0.00877317420367112, -0.00942226966198863], [-0.007804294774329953, 0.002690449245382578, 0.01484166080587903]]	0.12662563357262915	[[0.0, 0.0, -0.965016076968], [0.7071067811865475, -0.7071067811865476, 0.0], [-0.6823694119781121, -0.682369411978112, 0.0]]
6	[[0.5319609947059123, -0.8460851799387872, 0.03402011756955908], [-0.703274286200726, -0.4190807785627857, 0.5742617690636116], [-0.47161719485230363, -0.3294103357928521, -0.8179645788128509]]	0.8480224224465942	0.15197757755340593	[[0.45111485137760765, -0.7174992038878527, 0.02884982251325543], [-0.5963923638283389, -0.3553898970376182, 0.4869868565197906], [-0.399941956046118, -0.27934735093800045, -0.6936523036003819]]	0.873986413411988	0.1680591974608343	[[0.5273421297786861, -0.7233476378890998, 0.002739027689929194], [-0.5932915283618215, -0.39284998967699536, 0.5723343131462736], [-0.3833632065685401, -0.3728871959718653, -0.7206086101991708]]	[[0.0624154479405922, 0.01611931396663732, -0.026994092848543906], [0.02136064267962691, -0.026579083091002653, 0.0704373292427443], [0.028823814063847476, -0.08498703805143185, -0.005718681664479802]]	0.30354615873558166	[[0.6663605069723524, -0.6663605069723523, 0.0], [-0.5, -0.5000000000000001, 0.7071067811865475], [-0.4711880331950559, -0.47118803319505603, -0.6663605069723524]]
6	[[-0.3195682178843842, -0.5708200961323295, -0.7563336379995778], [0.910087742671785, 0.03735879733279218, -0.41272826520656647], [0.2638493031197415, -0.8202248094963509, 0.507557688474819]]	0.8281212038223246	0.17187879617767543	[[-0.2646412172977711, -0.47270822517507977, -0.6263359227915287], [0.7536629570453005, 0.030937612220586108, -0.3417890278343614], [0.21849920252720173, -0.679245556645055, 0.4203192839890435]]	0.8385245803891888	0.18097280248238465	[[-0.28269539982098335, -0.5157879566764718, -0.6415531822334621], [0.79988612768903, 0.006251248157370905, -0.2906971064776427], [0.1762140961355677, -0.682776429744869, 0.45991963630528276]]	[[-0.014729594013759301, -0.03714127508939387, -0.007348835795637616], [0.03675518514782733, -0.025075021699953442, 0.05538568891945123], [-0.045030030048893374, 0.005002234462860983, 0.03432003855362857]]	0.43992759389796837	[[-0.13637928790831522, -0.7948767408983937, -0.4656280144033543], [0.8535533905932738, 0.14644660940672602, -0.5], [0.4656280144033543, -0.4656280144033544, 0.6584974529900787]]
6	[[-0.8305561570912853, 0.32773595720904825, 0.4502950280316503], [-0.5100865793185324, -0.772219296347621, -0.37879947194723407], [0.22358030216652452, -0.5443036842615101, 0.808545204538665]]	0.85911327147688	0.14088672852312012	[[-0.7135418172639595, 0.2815623103784721, 0.38685443466204444], [-0.4382221498947953, -0.6634238459827788, -0.32543165357830284], [0.19208080483207224, -0.46761851886282463, 0.6946319158081554]]	0.8597304757412184	0.13885879114502228	[[-0.7140544400658887, 0.28176459040883867, 0.39461964690891893], [-0.4385369775067327, -0.6719404520336215, -0.3256654502277179], [0.19970608778335444, -0.467954465417846, 0.6951309533563071]]	[[0.0, 0.0, 0.007487288235362933], [2.236548743198553e-18, -0.008039989008132362, 0.0], [0.007487288235362933, 2.3464874057695446e-18, 0.0]]	0.38581597838628323	[[-0.6663605069723524, 0.47118803319505603, 0.4711880331950559], [-0.7071067811865475, -0.5000000000000001, -0.5], [0.0, -0.6663605069723523, 0.6663605069723524]]
