6	[[0.5319609947059123, -0.8460851799387872, 0.03402011756955908], [-0.703274286200726, -0.4190807785627857, 0.5742617690636116], [-0.47161719485230363, -0.3294103357928521, -0.8179645788128509]]	0.7859595662242239	0.2140404337757761	[[0.4180998326472656, -0.6649887410134337, 0.02673843684786774], [-0.5527451529189732, -0.3293805469321171, 0.4513465309123916], [-0.3706720458900018, -0.258903204629526, -0.6428870855505284]]	0.8388637253554919	0.2052005817065411	[[0.49610926436391534, -0.6894004533894961, 0.006058680467453967], [-0.5959085846302126, -0.3883876580915118, 0.5649668508096162], [-0.35937049312835234, -0.35080222504119407, -0.6833417729220421]]	[[0.04986648260110062, 0.02034971262202662, -0.02247956209397819], [-0.005957296961147207, -0.03683599496145339, 0.08323948388367972], [0.036252063887158036, -0.07447184358739861, 0.0028190408697417774]]	0.3282191100562644	[[0.6281575758354745, -0.6281575758354744, 0.0], [-0.5, -0.5000000000000001, 0.7071067811865475], [-0.4441744815269668, -0.4441744815269669, -0.6281575758354745]]
6	[[-0.3195682178843842, -0.5708200961323295, -0.7563336379995778], [0.910087742671785, 0.03735879733279218, -0.41272826520656647], [0.2638493031197415, -0.8202248094963509, 0.507557688474819]]	0.764211928982448	0.23578807101755214	[[-0.24421784423090845, -0.43622752676723403, -0.5779991884499697], [0.6954999093704866, 0.028550038574157482, -0.31541186369908936], [0.20163678489781228, -0.6268255838644672, 0.38788164017921384]]	0.8066704050311967	0.2126700738776619	[[-0.2940214290247059, -0.4863868743676797, -0.5977479684769539], [0.7767206737751983, 0.011375678249069002, -0.3112429802032042], [0.19284999101107503, -0.6337886481806974, 0.44093865716962244]]	[[-0.03623520526881211, -0.02592319622066687, 0.012363993626884081], [0.04257982578022179, -0.01876055792685291, 0.02169269665879995], [-0.019989433203725815, 0.027862431112360263, 0.03150689103094226]]	0.44423353326450965	[[-0.12705145437877385, -0.740510142939698, -0.43378079865923574], [0.8535533905932738, 0.14644660940672602, -0.5], [0.43378079865923574, -0.43378079865923586, 0.6134586885609242]]
6	[[0.22433838825039393, -0.7661379269479729, -0.6022499185961573], [-0.9416906372873723, -0.011392912655017143, -0.3362869982418849], [0.2507808429735371, 0.642575192824231, -0.724020780340167]]	0.7676298535196057	0.2323701464803943	[[0.1722088441114744, -0.5881103446388868, -0.4623050167941627], [-0.7228698459616899, -0.008745539872532494, -0.25814393920096607], [0.19250686175729947, 0.49325990114299695, -0.555779965557673]]	0.7760567615446605	0.21405232459616824	[[0.16196312889771966, -0.6653014418221993, -0.42594456270804654], [-0.8123384135807957, -0.022830402809720114, -0.3087387403755403], [0.23605572761370597, 0.4572392644338858, -0.620479951242214]]	[[-0.012136194178029818, -0.07073492333841572, 0.04143555875822275], [-0.0815330272306299, -0.013988855910106329, -0.04776094157036812], [0.04143555875822275, -0.04143555875822277, -0.058598729160385915]]	0.33957403745520404	[[0.12705145437877385, -0.740510142939698, -0.43378079865923574], [-0.8535533905932738, 0.14644660940672602, -0.5], [0.43378079865923574, 0.43378079865923586, -0.6134586885609242]]
6	[[0.8787972042104137, -0.3840163418041313, 0.28327887866788265], [-0.395223040501579, -0.9183905790867732, -0.018907472103605397], [0.2674214316928388, -0.09534250611366366, -0.9588511794847616]]	0.7826505105690386	0.21734948943096155	[[0.6877910805619238, -0.3005505859798578, 0.22170835902284308], [-0.3093215144372087, -0.7187788556240582, -0.014797942695456617], [0.20929752005150348, -0.07461986108879054, -0.7504453651834734]]	0.8451896691715954	0.2505888106704889	[[0.6911693234068776, -0.31251897643675797, 0.14353610654925117], [-0.35923694343055884, -0.840496342531259, -0.025838949678588314], [0.1310672917388473, -0.054746217030911905, -0.8104111111735197]]	[[-0.05158099488864479, 0.012047668449162134, -0.09588827519535709], [-0.025198512580037205, -0.0642821128225991, -0.009858549586470896], [-0.09495453964301752, 0.025836284169286322, 0.0]]	0.4775813552378427	[[0.6744013672161235, -0.6744013672161234, 0.0], [-0.7071067811865475, -0.7071067811865476, 0.0], [0.0, 0.0, -0.9537475599999998]]
6	[[-0.30792515101507295, 0.09349718223056193, 0.9468053539599837], [0.3027085282091916, -0.9338174967034747, 0.1906631317268273], [0.9019698710720718, 0.34531602882779927, 0.2592434992682147]]	0.8063749967481548	0.1936250032518453	[[-0.2483031426484545, 0.075393790017131, 0.7634801642206174], [0.24409658845032559, -0.7530070808676343, 0.1537459822262133], [0.7273259518526756, 0.27845421162310235, 0.20904747587938685]]	0.8475733061582027	0.26394417312324947	[[-0.2546170357988666, 0.07823978298480405, 0.7416343723108474], [0.24391002592986963, -0.8497633034318384, 0.1187934444911175], [0.6784609509176253, 0.26316189292326514, 0.17637725281406252]]	[[0.006372102496242672, -0.0010059328748292864, -0.06085257183330335], [-0.012657642126678435, -0.058284520402497736, -0.042807536429066435], [-0.08602463476201852, -0.029518755299733922, -0.04335061696071983]]	0.39103700358760246	[[-0.43378079865923574, -0.12705145437877371, 0.7405101429396981], [0.5, -0.8535533905932737, 0.14644660940672619], [0.6134586885609242, 0.43378079865923586, 0.43378079865923574]]
6	[[0.8489524140446696, -0.5135124485683378, 0.12483895166604869], [0.522794976890395, 0.7815435453534784, -0.34040431673891397], [0.0772347773085365, 0.35425224329800037, 0.9319550081910795]]	0.822796198805184	0.1772038011948162	[[0.6985148192424389, -0.4225160907211707, 0.10271701489364897], [0.430153719739861, 0.6430510583175687, -0.28008337786965426], [0.0635484811850287, 0.2914773992038039, 0.7668090381970744]]	0.9033847137380285	0.16270455531067787	[[0.7456224670664572, -0.4695837058172191, 0.06645621455248986], [0.5084531961306231, 0.666852317736397, -0.29583645666333014], [0.021944669349867846, 0.2916522546332097, 0.8269610611120041]]	[[-0.02130816647249497, -0.005684409466397136, -0.04632138606169914], [0.03616820558881449, -0.03918217425655912, 0.011679599569042859], [-0.04782804783962477, -0.028373806769608812, -0.014952847179416355]]	0.4343980645739674	[[0.6905604825067823, -0.6905604825067821, 0.0], [0.7071067811865475, 0.7071067811865476, 0.0], [0.0, 0.0, 0.9765999999999999]]
6	[[0.034229894132735264, 0.2773841392786001, 0.9601491309293217], [-0.1827544195208179, -0.9427759796974285, 0.2788803941677556], [0.9825625356654255, -0.18501754344446375, 0.018422055382213542]]	0.8737882417565398	0.12621175824346034	[[0.02990967900975524, 0.2423749993513991, 0.8389670209388018], [-0.15968866290633255, -0.8237865656701153, 0.24368240928021387], [0.8585515904549395, -0.16166615398045217, 0.01609697538196597]]	0.9201780481504204	0.12638720429179806	[[0.009026231543339557, 0.23752278756113102, 0.8630355656833731], [-0.16478680383998018, -0.8268300819894678, 0.2532823608160836], [0.8964104300197958, -0.16068752496014824, 0.0]]	[[-0.022471365628116302, -0.01772000830813562, -0.020472587548492575], [0.0033798012055491333, 0.04069167885161219, -0.0033372559566217496], [-0.007722046234543164, 0.009561557040164008, -0.016951570964524203]]	0.3483076986083684	[[0.0, 0.0, 0.9765999999999999], [0.0, -1.0, 0.0], [0.9765999999999999, 0.0, 0.0]]
6	[[-0.8305561570912853, 0.32773595720904825, 0.4502950280316503], [-0.5100865793185324, -0.772219296347621, -0.37879947194723407], [0.22358030216652452, -0.5443036842615101, 0.808545204538665]]	0.778526546546853	0.2214734534531469	[[-0.646610016693504, 0.2551511429451876, 0.3505666331006991], [-0.39711594303675435, -0.6011932219623543, -0.29490544472885166], [0.1740632005216062, -0.42375486758084213, 0.6294739058165061]]	0.8032151949112569	0.2488771333824528	[[-0.6726784723879624, 0.3306790329913595, 0.35874633845012616], [-0.4957133168703238, -0.6251674374915874, -0.3687553817998676], [0.05535166769378919, -0.47535250818846886, 0.6581867564437025]]	[[-0.005563146785141087, 0.06743653224226648, -0.0029374702578856813], [-0.08600402564137243, -0.004909164861499227, -0.0644978901074888], [-0.1242314282892135, -0.03815951834344476, 0.008750962385616807]]	0.4106391519980458	[[-0.6281575758354745, 0.4441744815269669, 0.4441744815269668], [-0.7071067811865475, -0.5000000000000001, -0.5], [0.0, -0.6281575758354744, 0.6281575758354745]]
6	[[0.3802729664721569, 0.7767473726770865, -0.5020517802076895], [0.4287143634067757, 0.332951791095048, 0.839849450446521], [0.8195098935212374, -0.5346088512602871, -0.20639019011321075]]	0.7655047401036205	0.23449525989637982	[[0.29110075836770133, 0.5946037956473429, -0.3843230175264472], [0.32818287733839285, 0.25487617430924964, 0.6429087352902326], [0.6273387080523205, -0.4092456097411012, -0.15799266884255017]]	0.849583229504384	0.24243583923294268	[[0.3460611614113889, 0.5960808913173462, -0.43151263755259733], [0.4030726201097324, 0.2925166794597754, 0.7180917557428499], [0.6585127724288251, -0.4315126375525973, -0.08091134535570327]]	[[0.022987626462761396, -0.0638306500706983, -0.004977864745323303], [0.0388440867116877, 0.009646421511975443, 0.004569747335012267], [-0.03772908951974167, 0.022682076822746377, 0.0944342988987021]]	0.3796095769954265	[[0.45481720410297655, 0.45481720410297666, -0.6432086584430418], [0.5, 0.5000000000000001, 0.7071067811865475], [0.6432086584430418, -0.6432086584430416, 0.0]]
6	[[0.08740825448676931, -0.06334395238859675, -0.994156597696443], [0.7119981850616444, -0.6940087028176986, 0.10681996481098455], [-0.6967197295301035, -0.717174639895393, -0.015561310176609944]]	0.859876276204986	0.1401237237950142	[[0.07516028437766094, -0.054467961900012477, -0.8548516731918356], [0.6122303480355151, -0.5967616190327354, 0.09185195356601702], [-0.5990927665868904, -0.6166814587419022, -0.013380801447534106]]	0.9297531758426384	0.10733845645627216	[[0.06420916247310088, -0.053592459282064096, -0.8906110774828805], [0.6796010912344411, -0.6620136609726337, 0.09982633416118235], [-0.6375339079685938, -0.6579296221360735, 0.0]]	[[-0.017058939730834458, 0.005301781621658617, 0.03370917651029955], [0.017618517479182572, -0.016756865465448613, 0.0005101326347705841], [0.010243473234244115, 0.008865776940468499, 0.014468177556975463]]	0.14632218748034673	[[0.0, 0.0, -0.9314298670959997], [0.7071067811865475, -0.7071067811865476, 0.0], [-0.6586203752232662, -0.6586203752232661, 0.0]]
6	[[0.8592155572171323, 0.2624339665249735, -0.4391776855101157], [-0.4266000482917053, 0.8413623931712975, -0.33184593135155627], [0.2824199444684594, 0.4724804086637203, 0.8348660002631537]]	0.7944374154641461	0.20556258453585413	[[0.6825929866021647, 0.20848736209610425, -0.3488991854061819], [-0.3389070398017422, 0.668409765099734, -0.2636308240352228], [0.22436497075905057, 0.3753561147162495, 0.6632487875079489]]	0.8280568008847285	0.21121988912719547	[[0.7290504345987135, 0.16541821762278394, -0.327523349195105], [-0.3501723962849872, 0.7446287782872055, -0.3926074132351006], [0.24471800713712613, 0.3883087269785249, 0.6977661231785501]]	[[0.01757114901910559, -0.05189201314137557, 0.03614072008836074], [0.003076674960713003, 0.04793292661306188, -0.11782013293351769], [0.010858251414530978, -0.002931888700264519, 0.006449653833214167]]	0.4426214674129801	[[0.7582532694447042, -0.1300956936092297, -0.4441744815269668], [-0.14644660940672619, 0.8535533905932737, -0.5], [0.4441744815269668, 0.4441744815269669, 0.6281575758354745]]
6	[[-0.5446221603179724, 0.8109226453022452, -0.2139887049042392], [-0.8354447797583356, -0.5021691245819775, 0.22328947644507607], [0.07361197229480154, 0.30038414347728, 0.9509735242804028]]	0.7944217003845939	0.2055782996154062	[[-0.4326596626669345, 0.6442145467613825, -0.16999727081312285], [-0.6636954625130496, -0.3989340498310574, 0.177386005555483], [0.05847894819909988, 0.2386316820297906, 0.7554740041795674]]	0.8534404211045167	0.17383076118035629	[[-0.48212365133528184, 0.6747530783992769, -0.13089697403184133], [-0.7625430243097678, -0.449524331935528, 0.2100623294299104], [0.044999862123798993, 0.21097688830780922, 0.8289203305117733]]	[[-0.017321085490659992, -0.01732108549065999, 0.05172963639324277], [-0.049540679663243624, -0.0209529027865987, 0.019498064624417624], [-0.01782357050981046, -0.04538308159456017, 0.017321085490659992]]	0.3937746610889378	[[-0.6744013672161235, 0.6744013672161234, 0.0], [-0.7071067811865475, -0.7071067811865476, 0.0], [0.0, 0.0, 0.9537475599999998]]
6	[[-0.42203838922340475, -0.825029846081567, 0.3757783270710803], [0.2588054115689476, 0.28760896992378115, 0.9221175843470338], [-0.8688517462515349, 0.4864224845687207, 0.09214016247897017]]	0.7447627811365138	0.2552372188634862	[[-0.3143184845043974, -0.614451522688338, 0.2798657119602843], [0.19274863809326948, 0.21420045632024332, 0.6867588566531809], [-0.6470884429336098, 0.3622693624147335, 0.06862256366220808]]	0.8489224577673647	0.24791674316742784	[[-0.27886363818820803, -0.6307707700177452, 0.3293465472184099], [0.25601843421668935, 0.23151538627512339, 0.8305668671582381], [-0.7332233851693882, 0.37208392366489906, 0.02228881551356857]]	[[0.07941422846350446, 0.06961559464924931, 0.010339886225519764], [0.03631270814408397, -0.01264232734851307, 0.047760541103848864], [0.004364374693931689, -0.040851047448487436, -0.055931037677163085]]	0.49750027088454524	[[-0.45481720410297655, -0.45481720410297666, 0.6432086584430418], [0.5, 0.5000000000000001, 0.7071067811865475], [-0.6432086584430418, 0.6432086584430416, 0.0]]
6	[[0.04673222253661188, -0.9725397674033924, -0.22799671093185395], [-0.8377629715199755, -0.16246744520517667, 0.5213036857710898], [-0.5440306084466285, 0.16664552219444034, -0.8223502702654952]]	0.7504776352703838	0.24952236472961606	[[0.03507148786020586, -0.7298693448473071, -0.17110643246956303], [-0.6287223737834011, -0.12192818408600167, 0.3912267573552227], [-0.40828280454173393, 0.1250637374248818, -0.61715548619281]]	0.7884073098020572	0.35681406885243416	[[-0.03506718297173161, -0.8462481972070485, -0.15864880374577794], [-0.6899488357648991, -0.1549726410172963, 0.2749194629994316], [-0.2976374885285278, 0.04828420206451274, -0.6099343439761903]]	[[-0.07191120882289297, -0.07949073551302155, 0.021105469763722316], [-0.029450385137057757, -0.026882119612669772, -0.1360801734892502], [0.13128021992685485, -0.08310034577936498, 0.03841262031882356]]	0.35718488572449003	[[-0.12705145437877385, -0.740510142939698, -0.43378079865923574], [-0.8535533905932738, -0.14644660940672602, 0.5], [-0.43378079865923574, 0.43378079865923586, -0.6134586885609242]]
