6	[[0.8592155572171323, 0.2624339665249735, -0.4391776855101157], [-0.4266000482917053, 0.8413623931712975, -0.33184593135155627], [0.2824199444684594, 0.4724804086637203, 0.8348660002631537]]	0.8658477027453295	0.13415229725467068	[[0.743949816379502, 0.227227847037993, -0.38026099009594455], [-0.3693706718044197, 0.7284916953036806, -0.28732803732612927], [0.24453266012747912, 0.4090960764336567, 0.7228668084280333]]	0.877547904860357	0.1608009038202809	[[0.7648284941749852, 0.14932724190418023, -0.37478232290244434], [-0.36024144466786917, 0.7608565655910695, -0.3771910431652629], [0.3047004031782512, 0.4054324466543592, 0.7479654738004161]]	[[0.01082568211566655, -0.08097113558400336, 0.010617134878378417], [0.014120533923843884, 0.022520760235301557, -0.08598034137127077], [0.05686337261917625, -0.009191746056053815, 0.015330564430339304]]	0.4207880061544691	[[0.8232647761912597, -0.14124990474631868, -0.48225734046878904], [-0.14644660940672619, 0.8535533905932737, -0.5], [0.48225734046878904, 0.48225734046878915, 0.6820148714449409]]
6	[[0.8489524140446696, -0.5135124485683378, 0.12483895166604869], [0.522794976890395, 0.7815435453534784, -0.34040431673891397], [0.0772347773085365, 0.35425224329800037, 0.9319550081910795]]	0.8788951837130505	0.1211048162869496	[[0.7461401879054276, -0.4513236178234075, 0.10972035335907648], [0.45948198725834355, 0.6868948578731943, -0.2991797144969632], [0.06788127379162273, 0.3113505904541562, 0.8190907681363963]]	0.9189556347067749	0.1377060159640604	[[0.7743940205527831, -0.48386846147161533, 0.06059947685915538], [0.5049597607036573, 0.6709189850450797, -0.28951208872001466], [0.024276521243000053, 0.2976605403885494, 0.8577559008194682]]	[[-0.005755583931485004, -0.011973303367668362, -0.05412198120524675], [0.024534370893830714, -0.04728485972620893, 0.02330437622572015], [-0.046698812560002516, -0.027881554697663336, 0.001330594749077158]]	0.42921543101008314	[[0.7020156123620044, -0.7020156123620043, 0.0], [0.7071067811865475, 0.7071067811865476, 0.0], [0.0, 0.0, 0.9927999999999999]]
6	[[0.8787972042104137, -0.3840163418041313, 0.28327887866788265], [-0.395223040501579, -0.9183905790867732, -0.018907472103605397], [0.2674214316928388, -0.09534250611366366, -0.9588511794847616]]	0.846220052284409	0.15377994771559134	[[0.7436558160943284, -0.3249623288395595, 0.2397162675174044], [-0.33444566199724923, -0.7771605238523179, -0.015999882032078947], [0.22629737790908552, -0.08068074050843102, -0.8113990952365618]]	0.8590838612107595	0.23429254335978586	[[0.7021980850894387, -0.3184781168001163, 0.15479754277911226], [-0.3590198506659387, -0.8407555040595175, -0.025430371166841374], [0.14013833443198337, -0.060455951737771546, -0.82373357359826]]	[[-0.05276241032486384, 0.011424124885007707, -0.08856277010634667], [-0.019490114992385812, -0.05178097927806695, -0.009187267026341324], [-0.08959910167720994, 0.02145125655186509, 0.0]]	0.4708748733317364	[[0.6969610999529979, -0.6969610999529978, 0.0], [-0.7071067811865475, -0.7071067811865476, 0.0], [0.0, 0.0, -0.9856518399999998]]
6	[[-0.30792515101507295, 0.09349718223056193, 0.9468053539599837], [0.3027085282091916, -0.9338174967034747, 0.1906631317268273], [0.9019698710720718, 0.34531602882779927, 0.2592434992682147]]	0.8834541106829328	0.11654588931706715	[[-0.27203774044692913, 0.08260046997886124, 0.8364590819725569], [0.2674290935851908, -0.8249849060903309, 0.1684421274797471], [0.7968489903107768, 0.30507086515262544, 0.22902973509633218]]	0.8834541106829328	0.1165458893170673	[[-0.2720377404469291, 0.0826004699788612, 0.8364590819725569], [0.2674290935851908, -0.8249849060903306, 0.16844212747974713], [0.7968489903107769, 0.3050708651526254, 0.22902973509633223]]	[[0.0, 0.0, 0.0], [0.0, 0.0, 0.0], [0.0, 0.0, 0.0]]	0.3708647704074333	[[-0.47878508761741373, -0.14023290543214517, 0.8173372698026825], [0.5, -0.8535533905932737, 0.14644660940672619], [0.6771043643705373, 0.47878508761741384, 0.47878508761741373]]
6	[[-0.8305561570912853, 0.32773595720904825, 0.4502950280316503], [-0.5100865793185324, -0.772219296347621, -0.37879947194723407], [0.22358030216652452, -0.5443036842615101, 0.808545204538665]]	0.8773713735620802	0.12262862643792	[[-0.7287061963676237, 0.2875461469421858, 0.39507596725230437], [-0.4475353627322837, -0.6775231047276551, -0.3323478130069354], [0.19616295681326854, -0.47755647109542193, 0.7093944166931213]]	0.8773713735620804	0.12262862643791973	[[-0.7287061963676239, 0.2875461469421859, 0.3950759672523044], [-0.4475353627322839, -0.6775231047276553, -0.3323478130069354], [0.1961629568132686, -0.477556471095422, 0.7093944166931219]]	[[0.0, 0.0, 0.0], [0.0, 0.0, 0.0], [0.0, 0.0, 0.0]]	0.37628230859743833	[[-0.6820148714449409, 0.48225734046878915, 0.48225734046878904], [-0.7071067811865475, -0.5000000000000001, -0.5], [0.0, -0.6820148714449408, 0.6820148714449409]]
6	[[0.3802729664721569, 0.7767473726770865, -0.5020517802076895], [0.4287143634067757, 0.332951791095048, 0.839849450446521], [0.8195098935212374, -0.5346088512602871, -0.20639019011321075]]	0.8608975595330945	0.13910244046690548	[[0.3273760687922902, 0.6686999175114469, -0.43221515234004537], [0.36907914919367746, 0.28663738439589953, 0.7230243422646206], [0.7055140673456596, -0.4602434553547724, -0.17768081098003455]]	0.8791238686476537	0.2058546667383347	[[0.3431337534936652, 0.6491477251778854, -0.4413657032776254], [0.40404479063079907, 0.30198583218979286, 0.7210418367067386], [0.6972600054806254, -0.45342384292818244, -0.08902372912207315]]	[[0.00882671206654313, -0.033709430051895535, 1.3232647644066083e-18], [0.02715176092781827, 0.009279965529148896, -0.01728986125141283], [-0.02319070250679154, 0.01656355860503924, 0.09241881326117742]]	0.3685726292111051	[[0.4857547748476925, 0.48575477484769264, -0.6869609905770961], [0.5, 0.5000000000000001, 0.7071067811865475], [0.6869609905770961, -0.686960990577096, 0.0]]
6	[[0.08740825448676931, -0.06334395238859675, -0.994156597696443], [0.7119981850616444, -0.6940087028176986, 0.10681996481098455], [-0.6967197295301035, -0.717174639895393, -0.015561310176609944]]	0.9300039218599845	0.06999607814001554	[[0.08129001947563105, -0.05891012414750709, -0.924569534800671], [0.6621611044645203, -0.64543081542542, 0.09934298620716116], [-0.647952080900224, -0.6669752277612376, -0.014472079493526933]]	0.9622583760623414	0.059956340588431224	[[0.06471056242845293, -0.06257988067619694, -0.939492819147605], [0.6829138385507758, -0.6693602466125835, 0.09396029875862016], [-0.6802406024621186, -0.6946176087782546, -0.00023122747887803957]]	[[-0.01939876258842959, -0.0016266319173755682, 0.01714269410343676], [-0.002212378765976669, -0.0015445592660928687, -0.008828107111434294], [-0.00981620695388734, -0.00451030443941928, 0.01474277358106903]]	0.11942973984222796	[[0.0, 0.0, -0.9785551467519997], [0.7071067811865475, -0.7071067811865476, 0.0], [-0.6919429800333362, -0.6919429800333361, 0.0]]
6	[[-0.42203838922340475, -0.825029846081567, 0.3757783270710803], [0.2588054115689476, 0.28760896992378115, 0.9221175843470338], [-0.8688517462515349, 0.4864224845687207, 0.09214016247897017]]	0.8389265170667399	0.16107348293326007	[[-0.35405919593964813, -0.6921394152493175, 0.3152504031189076], [0.2171187225255614, 0.24128279141531042, 0.7735888933622531], [-0.7289027693301552, 0.40807272080218693, 0.07729882559044596]]	0.8760750021371991	0.20222226819942446	[[-0.29624488465404125, -0.675681116281871, 0.34968659159197174], [0.25521419357664615, 0.23198583383553686, 0.8298470551419681], [-0.7849922976904163, 0.39676975092576494, 0.022183782735633355]]	[[0.07349239808683326, 0.04710690788729085, 0.020476592900061867], [0.0284812420832617, -0.019981195105117415, 0.02200289046439142], [-0.023813002236193516, -0.02937282828235883, -0.058537910305052315]]	0.48204155801336795	[[-0.4857547748476925, -0.48575477484769264, 0.6869609905770961], [0.5, 0.5000000000000001, 0.7071067811865475], [-0.6869609905770961, 0.686960990577096, 0.0]]
6	[[0.034229894132735264, 0.2773841392786001, 0.9601491309293217], [-0.1827544195208179, -0.9427759796974285, 0.2788803941677556], [0.9825625356654255, -0.18501754344446375, 0.018422055382213542]]	0.8913907272721067	0.10860927272789347	[[0.0305122102254261, 0.24725764964529873, 0.8558680321087692], [-0.1629055949288536, -0.8403817661971636, 0.24859139737912742], [0.8758471332571289, -0.16492292260905916, 0.01642124934499836]]	0.9326155711250761	0.12268658866464108	[[0.011694768475856168, 0.24336836109084561, 0.8857398021998808], [-0.16336509366212965, -0.8279719249020739, 0.2519474183482207], [0.9198842831199932, -0.1657804238848342, 0.0]]	[[-0.02022856379029561, -0.015324406383503731, -0.009710227907013843], [0.007074523674909682, 0.05127563384644638, -0.008140779734127055], [0.003531162754279366, 0.006769818062782926, -0.01718069570158086]]	0.3414039652824566	[[0.0, 0.0, 0.9927999999999999], [0.0, -1.0, 0.0], [0.9927999999999999, 0.0, 0.0]]
6	[[-0.5446221603179724, 0.8109226453022452, -0.2139887049042392], [-0.8354447797583356, -0.5021691245819775, 0.22328947644507607], [0.07361197229480154, 0.30038414347728, 0.9509735242804028]]	0.8711921032628408	0.12880789673715928	[[-0.47447052533096645, 0.7064694049443296, -0.18642526990001557], [-0.7278328948376251, -0.4374857758382325, 0.19452802862064436], [0.06413016896883411, 0.2616922937427785, 0.8284806247651203]]	0.8719302545946713	0.126037104738113	[[-0.4821775108903468, 0.709207565333409, -0.17411285873318083], [-0.7360782339727298, -0.45087938040336306, 0.1924584688855721], [0.07451529620014072, 0.25460905071194984, 0.8364875591250007]]	[[-0.007304971986397231, 0.0021395767584379845, 0.01247036721435648], [-0.0076286544582550445, -0.013022927757016174, -0.002234381159493914], [0.010330790455918495, -0.0073049719863972325, 0.007304971986397231]]	0.384186903876101	[[-0.6969610999529979, 0.6969610999529978, 0.0], [-0.7071067811865475, -0.7071067811865476, 0.0], [0.0, 0.0, 0.9856518399999998]]
6	[[0.04673222253661188, -0.9725397674033924, -0.22799671093185395], [-0.8377629715199755, -0.16246744520517667, 0.5213036857710898], [-0.5440306084466285, 0.16664552219444034, -0.8223502702654952]]	0.8609815208999141	0.139018479100086	[[0.04023558003460545, -0.8373387680746214, -0.19630095493828567], [-0.7212984373728998, -0.13988146806947652, 0.44883284022592373], [-0.46840030067648386, 0.14347871515012955, -0.7080283864056416]]	0.87622022551646	0.12679042287255285	[[0.0074734176153380995, -0.8521837471168893, -0.2332393857635316], [-0.7690740606425267, -0.14233143277031107, 0.4917967325173712], [-0.476725599880691, 0.19335798743944274, -0.7205599392655538]]	[[-0.03347430095457745, -2.4732798963315178e-05, -0.033464056293811384], [-0.0350092008079543, 2.5828706451992175e-05, 0.03501989940846528], [-3.497745972936336e-05, 0.04733981040092206, 9.876967175756804e-21]]	0.33056883546269156	[[-1.9120135176178474e-16, -0.9575701752348277, 0.0], [-0.7071067811865476, 1.3401577416544657e-16, 0.7071067811865475], [-0.6771043643705372, 1.0631164562400516e-16, -0.6771043643705373]]
6	[[-0.3195682178843842, -0.5708200961323295, -0.7563336379995778], [0.910087742671785, 0.03735879733279218, -0.41272826520656647], [0.2638493031197415, -0.8202248094963509, 0.507557688474819]]	0.8472055348147904	0.15279446518520973	[[-0.2707399629425492, -0.4836019448268204, -0.6407700442798484], [0.7710313727586349, 0.03165057987436558, -0.3496656706575098], [0.2235345899600703, -0.6948989983977157, 0.43000568291366786]]	0.8508006274292629	0.18007676709230414	[[-0.2742555868576278, -0.5334034008132108, -0.6578045130119405], [0.8103557364535754, 0.0054916605857457945, -0.2770806847495275], [0.16946497013522552, -0.6987514529616019, 0.47771130514242344]]	[[-0.002366746575142381, -0.047749304874592634, -0.0143153792560427], [0.03605251397273929, -0.02629322762499654, 0.07406878224601035], [-0.05501818250582427, -0.000903670409058803, 0.045880905331501104]]	0.4407281864957703	[[-0.14023290543214534, -0.8173372698026824, -0.47878508761741373], [0.8535533905932738, 0.14644660940672602, -0.5], [0.47878508761741373, -0.47878508761741384, 0.6771043643705373]]
6	[[0.5319609947059123, -0.8460851799387872, 0.03402011756955908], [-0.703274286200726, -0.4190807785627857, 0.5742617690636116], [-0.47161719485230363, -0.3294103357928521, -0.8179645788128509]]	0.8741657308561621	0.125834269143838	[[0.46502207172406473, -0.7396186696877572, 0.02973922093900619], [-0.6147782803890035, -0.366346055080107, 0.5019999590562446], [-0.412271589822397, -0.2879592269399323, -0.7150366038523885]]	0.8891103455259821	0.15586658337721526	[[0.5371158904345403, -0.7348641585786702, 0.0], [-0.5891097964332256, -0.39377139188811805, 0.5810864985303743], [-0.396309633593584, -0.3797982884093141, -0.7348641585786703]]	[[0.06414386662522148, 0.01739892810111774, -0.03024763848710521], [0.03617864717024038, -0.021162336056861974, 0.07050441861586489], [0.02301009347754211, -0.08691615093270162, -0.007603389282361863]]	0.2945929447869505	[[0.6820148714449409, -0.6820148714449408, 0.0], [-0.5, -0.5000000000000001, 0.7071067811865475], [-0.48225734046878904, -0.48225734046878915, -0.6820148714449409]]
6	[[0.22433838825039393, -0.7661379269479729, -0.6022499185961573], [-0.9416906372873723, -0.011392912655017143, -0.3362869982418849], [0.2507808429735371, 0.642575192824231, -0.724020780340167]]	0.8938572060465763	0.10614279395342371	[[0.20052648493048925, -0.6848179068280311, -0.5383254295781391], [-0.8417369620059105, -0.010183637074546344, -0.3005925566782813], [0.22416226363033104, 0.5743704665327073, -0.6471711918345237]]	0.9015371851586542	0.0951071575468516	[[0.18918272578431863, -0.7164345987282418, -0.5353956096654315], [-0.8694181433542836, -0.00645899169963669, -0.3259325327893539], [0.24453095654159393, 0.5636651197158702, -0.6720480056644953]]	[[-0.013066673281970882, -0.025732768624279645, 0.007555086707776741], [-0.020449016923966647, 0.003812142706125907, -0.022757298988911656], [0.01844270127551682, -0.01564031087566655, -0.019316349360248786]]	0.30151492299568566	[[0.14023290543214534, -0.8173372698026824, -0.47878508761741373], [-0.8535533905932738, 0.14644660940672602, -0.5], [0.47878508761741373, 0.47878508761741384, -0.6771043643705373]]
