6	[[0.8787972042104137, -0.3840163418041313, 0.28327887866788265], [-0.395223040501579, -0.9183905790867732, -0.018907472103605397], [0.2674214316928388, -0.09534250611366366, -0.9588511794847616]]	0.6510522571989669	0.3489477428010332	[[0.5721429034213312, -0.2500147061328697, 0.18442935337351724], [-0.25731085261559183, -0.59792025950471, -0.012309752390978784], [0.17410532672700202, -0.062072953812307013, -0.6242622247214459]]	0.8193219010786854	0.2906133019385188	[[0.6485292906981153, -0.26552624708178524, 0.16296006340019326], [-0.3181313417878175, -0.8544117987806085, -0.03334966811754096], [0.1548680543432651, -0.04941886015428674, -0.7461359103494234]]	[[-0.07148850531819453, 0.04910675213045787, -0.06913652600541459], [0.005683551106034494, -0.10195428359047871, -0.017858362129022774], [-0.0642361814604954, 0.02869734320836636, 0.039471860877571194]]	0.4931232437464427	[[0.6336041343687847, -0.6336041343687846, 0.0], [-0.7071067811865475, -0.7071067811865476, 0.0], [0.0, 0.0, -0.8960515600000002]]
6	[[-0.3195682178843842, -0.5708200961323295, -0.7563336379995778], [0.910087742671785, 0.03735879733279218, -0.41272826520656647], [0.2638493031197415, -0.8202248094963509, 0.507557688474819]]	0.6282210895086223	0.37177891049137757	[[-0.20075949401165677, -0.35860122270566863, -0.47514474209611474], [0.5717363132497115, 0.023469584363138507, -0.25928460043907287], [0.16575569667197476, -0.5152825234637998, 0.31885844404212865]]	0.7302962309168696	0.33220229655806055	[[-0.2560922329707793, -0.3789445763148016, -0.5498434270025634], [0.7535659748644477, 0.08029363977167789, -0.342074451106919], [0.21631085328986763, -0.5718429424941278, 0.29243297496076454]]	[[-0.022712767928992576, 0.03792318842224372, 0.0025041781441723435], [0.08893232658760108, 0.053010650887952517, -0.04066055463370538], [0.023622701691477763, 0.02716414438556459, -0.07823449190527447]]	0.48558572614203444	[[-0.10536062105980656, -0.6140867016650806, -0.3597236613624435], [0.8535533905932738, 0.14644660940672602, -0.5], [0.3597236613624435, -0.35972366136244355, 0.5087260806052742]]
6	[[0.034229894132735264, 0.2773841392786001, 0.9601491309293217], [-0.1827544195208179, -0.9427759796974285, 0.2788803941677556], [0.9825625356654255, -0.18501754344446375, 0.018422055382213542]]	0.8204856940044016	0.1795143059955985	[[0.028085138443194484, 0.2275897180218158, 0.7877886260382676], [-0.1499473867329099, -0.7735342039927244, 0.22881737375295202], [0.8061785039781711, -0.1518042475360204, 0.015115032895263]]	0.8957308766858012	0.1592861422492378	[[0.00913444810664928, 0.22415979063073507, 0.8217755031592288], [-0.1665105365381103, -0.8253218762648603, 0.2551997588331495], [0.8530374686041361, -0.15247034195776824, 0.0]]	[[-0.02152632497372784, -0.024301747624021833, -0.038259719637202726], [-0.002811760122523375, 0.01915167854783266, 0.0053979788747839895], [-0.02707413286607935, 0.013255584433994596, -0.016501203817864518]]	0.3616003033003157	[[0.0, 0.0, 0.9466000000000001], [0.0, -1.0, 0.0], [0.9466000000000001, 0.0, 0.0]]
6	[[-0.5446221603179724, 0.8109226453022452, -0.2139887049042392], [-0.8354447797583356, -0.5021691245819775, 0.22328947644507607], [0.07361197229480154, 0.30038414347728, 0.9509735242804028]]	0.6807125198731804	0.3192874801268198	[[-0.37073112312882217, 0.5520051973059166, -0.14566479053976303], [-0.5686977212441907, -0.34183281019670697, 0.1519959421720909], [0.05010859115362909, 0.20447524723636623, 0.647339584045592]]	0.800342078501393	0.2956377053901328	[[-0.476112773334445, 0.6141791160908303, -0.1086344024979495], [-0.7348651641195888, -0.4059409682683115, 0.09698858130081034], [0.0744105156408449, 0.11209683331093703, 0.7384151541856979]]	[[-0.040228741547640175, -0.03483639935421641, 0.06262976236093054], [-0.06622355261466391, -0.004033887341146716, -0.08171938238472969], [0.01549575673183647, -0.1283132364285299, -0.02268897283667463]]	0.41451887308778806	[[-0.6336041343687847, 0.6336041343687846, 0.0], [-0.7071067811865475, -0.7071067811865476, 0.0], [0.0, 0.0, 0.8960515600000002]]
6	[[-0.30792515101507295, 0.09349718223056193, 0.9468053539599837], [0.3027085282091916, -0.9338174967034747, 0.1906631317268273], [0.9019698710720718, 0.34531602882779927, 0.2592434992682147]]	0.6810355595882046	0.31896444041179534	[[-0.20970797753283263, 0.0636749058203111, 0.6448081140552457], [0.20615527190106858, -0.6359629214207074, 0.12984837260841947], [0.6142735558772694, 0.23517249492751685, 0.17655404159373292]]	0.8223031909828326	0.28788146163636674	[[-0.22518794096759814, 0.07157077611494028, 0.7226815886758418], [0.24903477449276534, -0.8474181342766474, 0.11933043510874324], [0.6615686269076466, 0.24875610338888185, 0.15361716485265786]]	[[0.028019893295966977, -0.005312255181154168, -0.05587947512508308], [0.00011658580863035256, -0.07953702694177928, -0.037452466513006974], [-0.08012407624529203, -0.03519836901373727, -0.05955959183715071]]	0.455681172023624	[[-0.3597236613624435, -0.10536062105980644, 0.6140867016650807], [0.5, -0.8535533905932737, 0.14644660940672619], [0.5087260806052742, 0.35972366136244355, 0.3597236613624435]]
6	[[0.08740825448676931, -0.06334395238859675, -0.994156597696443], [0.7119981850616444, -0.6940087028176986, 0.10681996481098455], [-0.6967197295301035, -0.717174639895393, -0.015561310176609944]]	0.726231196085862	0.2737688039141383	[[0.06347860120370388, -0.04600235430797651, -0.7219875350417387], [0.5170752935482811, -0.5040107703412946, 0.077575990810531], [-0.5059796025132652, -0.5208345965336787, -0.011301108902222535]]	0.8854864918275032	0.1854284287195077	[[0.049673106553223594, -0.04967310655322361, -0.813500213924375], [0.6814808511723287, -0.6689617586441471, 0.08749239780296963], [-0.5851880677701281, -0.5958067921821817, 0.0]]	[[-0.02772572206903138, 0.006417107625843312, 0.06681202409701506], [0.05101607609454377, -0.05442642708834708, -0.007095238094646407], [0.03174784131849016, 0.039241663726442874, 0.013779329956525962]]	0.2047994139845568	[[0.0, 0.0, -0.8482024066960003], [0.7071067811865475, -0.7071067811865476, 0.0], [-0.5997696735934918, -0.5997696735934916, 0.0]]
6	[[0.3802729664721569, 0.7767473726770865, -0.5020517802076895], [0.4287143634067757, 0.332951791095048, 0.839849450446521], [0.8195098935212374, -0.5346088512602871, -0.20639019011321075]]	0.6361883318998796	0.36381166810012067	[[0.2419252242065403, 0.4941576153310497, -0.31939948457769496], [0.27274307571727535, 0.2118200445798357, 0.5343024209266029], [0.521362632134724, -0.34011191330219287, -0.13130303076862254]]	0.7986811622931418	0.3139082447250582	[[0.3442084109856732, 0.5091871465613911, -0.4026350528474364], [0.40638010473693054, 0.3028065891816819, 0.7190464912780601], [0.5807126181030188, -0.4157338825273009, -0.0656246076669152]]	[[0.040491556135029944, -0.1111863478564887, -0.0016557534998180717], [0.06397401867944257, 0.03688426568230558, 0.04827455604417652], [-0.07381449616525193, 0.011248136169466577, 0.09921534925860646]]	0.41623393757045773	[[0.40145419908921687, 0.401454199089217, -0.5677419730235993], [0.5, 0.5000000000000001, 0.7071067811865475], [0.5677419730235993, -0.5677419730235992, 0.0]]
6	[[0.8489524140446696, -0.5135124485683378, 0.12483895166604869], [0.522794976890395, 0.7815435453534784, -0.34040431673891397], [0.0772347773085365, 0.35425224329800037, 0.9319550081910795]]	0.7320362300190507	0.2679637699809495	[[0.6214639246428321, -0.3759097169178176, 0.09138663553714477], [0.38270486395574155, 0.5721181905362831, -0.2491882927077654], [0.05653865520730199, 0.25932547665965966, 0.6822248307435713]]	0.8714676145877318	0.21518897866907816	[[0.697368316295871, -0.4471575472412208, 0.05231863799265788], [0.5024618318168839, 0.6659939652442118, -0.303900067204999], [0.027374129679523025, 0.262965814332467, 0.7779428311567568]]	[[-0.04246621887013364, 0.00035192137373384405, -0.05647446542338672], [0.04686294038776301, -0.01509592392142264, -0.00724872930117095], [-0.03993347746476197, -0.045753543096794205, -0.03422577673461322]]	0.4446966602333491	[[0.669347279071186, -0.6693472790711859, 0.0], [0.7071067811865475, 0.7071067811865476, 0.0], [0.0, 0.0, 0.9466000000000001]]
6	[[-0.8305561570912853, 0.32773595720904825, 0.4502950280316503], [-0.5100865793185324, -0.772219296347621, -0.37879947194723407], [0.22358030216652452, -0.5443036842615101, 0.808545204538665]]	0.6239373502368952	0.3760626497631049	[[-0.5182150078784749, 0.20448670471836605, 0.28095588661491633], [-0.31826206869140694, -0.48181646156493446, -0.23634713879789232], [0.13950010129894572, -0.33961139848230626, 0.5044815524666031]]	0.7573645735857264	0.39987503179398676	[[-0.5896797780552488, 0.23375122905383572, 0.19597447220386877], [-0.5707216592957806, -0.6224573769671523, -0.3026002155081199], [0.17431702008514197, -0.2612395935886426, 0.5693229142634537]]	[[0.03935403169919181, -0.014464374426504972, -0.1450630296890947], [-0.1844001546583985, -0.03760583887416662, -0.015710914962304694], [0.004985219872624304, 0.15099673414321582, -0.0430405797967561]]	0.47824919701249663	[[-0.5374245516641392, 0.38001654485785286, 0.38001654485785274], [-0.7071067811865475, -0.5000000000000001, -0.5], [0.0, -0.5374245516641392, 0.5374245516641392]]
6	[[0.8592155572171323, 0.2624339665249735, -0.4391776855101157], [-0.4266000482917053, 0.8413623931712975, -0.33184593135155627], [0.2824199444684594, 0.4724804086637203, 0.8348660002631537]]	0.645167762229794	0.3548322377702062	[[0.5543381783228025, 0.1693139349160058, -0.28334328458182156], [-0.2752285985234815, 0.5428198924266301, -0.21409629693514529], [0.18220824358177862, 0.30482912795499095, 0.5386286291515174]]	0.7698734614594885	0.4105796783327495	[[0.5062068624317437, 0.20627901306527502, -0.2936772515149616], [-0.35656444216049055, 0.7487379289107987, -0.2500358575730122], [0.24496483088936225, 0.32968320268407214, 0.5038035940635762]]	[[-0.1552803927428531, 0.004238066852150097, 0.04443399342447786], [-0.02813638632337054, 0.10099535093817288, 0.005443518267858257], [0.027537210656232852, -0.034066925005659957, -0.13893758341385626]]	0.495974539804076	[[0.6487288206899225, -0.11130426902578326, -0.38001654485785274], [-0.14644660940672619, 0.8535533905932737, -0.5], [0.38001654485785274, 0.38001654485785286, 0.5374245516641392]]
6	[[-0.42203838922340475, -0.825029846081567, 0.3757783270710803], [0.2588054115689476, 0.28760896992378115, 0.9221175843470338], [-0.8688517462515349, 0.4864224845687207, 0.09214016247897017]]	0.630637229601628	0.36936277039837206	[[-0.2661531205653816, -0.5202945364715371, 0.23697980312844052], [0.16321232775775024, 0.18137692400131128, 0.581521678759559], [-0.5479302581906047, 0.30675612808435876, 0.05810701680078163]]	0.7991865743429093	0.3318510412657203	[[-0.25506602447468235, -0.5478423737037516, 0.3044207213738941], [0.26809777666485846, 0.23765168010114235, 0.8265199480942741], [-0.6391743809641367, 0.33627240448992435, 0.0244454266227593]]	[[0.08222139004996987, 0.11151040271683385, 0.004103727449648066], [0.06126396637166447, 0.00779845267746279, 0.08957595471860931], [0.05520026973448232, -0.05246991463591815, -0.04919175418820792]]	0.534496410365092	[[-0.40145419908921687, -0.401454199089217, 0.5677419730235993], [0.5, 0.5000000000000001, 0.7071067811865475], [-0.5677419730235993, 0.5677419730235992, 0.0]]
6	[[0.22433838825039393, -0.7661379269479729, -0.6022499185961573], [-0.9416906372873723, -0.011392912655017143, -0.3362869982418849], [0.2507808429735371, 0.642575192824231, -0.724020780340167]]	0.6136442671397297	0.38635573286027036	[[0.13766396584922116, -0.4701361467099407, -0.36956720993190073], [-0.5778630609905546, -0.0069911955367749495, -0.20636058858476103], [0.1538902265991798, 0.3943125832827957, -0.444291201145777]]	0.7374887005779598	0.438579501347023	[[0.20717835412230348, -0.4818815430962638, -0.35993614098231475], [-0.8127387769455413, 0.044642328897027475, -0.2057526811395277], [0.16520055563465633, 0.35993614098231475, -0.40249707156920145]]	[[0.04173132768176671, 0.08313652111208872, 0.08421636890634733], [-0.11825257250604619, 0.053044473246774165, 0.04225518021514259], [-0.019747482379742932, -0.11395580299725933, 0.13146007291530887]]	0.4250374495137676	[[0.10536062105980656, -0.6140867016650806, -0.3597236613624435], [-0.8535533905932738, 0.14644660940672602, -0.5], [0.3597236613624435, 0.35972366136244355, -0.5087260806052742]]
6	[[0.04673222253661188, -0.9725397674033924, -0.22799671093185395], [-0.8377629715199755, -0.16246744520517667, 0.5213036857710898], [-0.5440306084466285, 0.16664552219444034, -0.8223502702654952]]	0.61004055416995	0.3899594458300501	[[0.028508550933828133, -0.5932886986590797, -0.13908723988579408], [-0.5110693874091097, -0.099111730307542, 0.3180163893586331], [-0.3318807338621963, 0.10166052670943705, -0.5016670145945709]]	0.7463996447497715	0.4118946277946121	[[-0.014126325585903522, -0.7721956254907574, -0.130087194009106], [-0.6802289657598282, -0.1546257617899057, 0.28102468239049117], [-0.27025085329541665, 0.03467983353338862, -0.5559274553534401]]	[[-0.049007239885598, -0.046292288595839934, 0.04008947003454615], [-0.0549229814328054, -0.03336011840535876, -0.10807620347579674], [0.13581339958214897, -0.08970432503168183, 0.05787449423260403]]	0.4127123333631513	[[-0.10536062105980656, -0.6140867016650806, -0.3597236613624435], [-0.8535533905932738, -0.14644660940672602, 0.5], [-0.3597236613624435, 0.35972366136244355, -0.5087260806052742]]
6	[[0.5319609947059123, -0.8460851799387872, 0.03402011756955908], [-0.703274286200726, -0.4190807785627857, 0.5742617690636116], [-0.47161719485230363, -0.3294103357928521, -0.8179645788128509]]	0.6539917779273676	0.3460082220726325	[[0.34789811671573057, -0.5533327511061642, 0.022248877174614018], [-0.45993560080301304, -0.27407538346746163, 0.3755624753456267], [-0.30843376776257575, -0.21543165117281854, -0.5349421091794268]]	0.76627021274616	0.3137425687037851	[[0.4301642466632602, -0.5893543697510611, 0.025745539854713687], [-0.6017781347175021, -0.37607489359313667, 0.5654415829696833], [-0.30195591502542884, -0.31618187650016044, -0.5824291923189007]]	[[0.022538382077301855, 0.0589755010820064, -0.00032306287296172964], [-0.06287999781156794, -0.054945776246004475, 0.1254018950173234], [0.059430293208793054, -0.0637645484113876, 0.04435269950684562]]	0.4004544002449738	[[0.5374245516641392, -0.5374245516641392, 0.0], [-0.5, -0.5000000000000001, 0.7071067811865475], [-0.38001654485785274, -0.38001654485785286, -0.5374245516641392]]
