6	[[-0.5446221603179724, 0.8109226453022452, -0.2139887049042392], [-0.8354447797583356, -0.5021691245819775, 0.22328947644507607], [0.07361197229480154, 0.30038414347728, 0.9509735242804028]]	0.5677826233892523	0.4322173766107478	[[-0.3092269989412602, 0.46042778691546093, -0.12149906824619748], [-0.47435102874804386, -0.2851229029402393, 0.12677988471119794], [0.04179559874239938, 0.1705528970080636, 0.5399462423896498]]	0.7494004242320654	0.351442850952524	[[-0.4223153698962785, 0.5751407718286252, -0.07653430518385312], [-0.7299074981861999, -0.38644389543989444, 0.11002219922630534], [0.0664719247231331, 0.08386548631377802, 0.6866342755673697]]	[[-0.014175291907806167, -0.03256500258026613, 0.08382892105225402], [-0.10382482581283876, -0.010118140441915656, -0.05731102914819047], [0.011307081456849794, -0.14124251824068124, -0.026025686961826503]]	0.44814624463713437	[[-0.5791381314613121, 0.579138131461312, 0.0], [-0.7071067811865475, -0.7071067811865476, 0.0], [0.0, 0.0, 0.819025]]
6	[[-0.42203838922340475, -0.825029846081567, 0.3757783270710803], [0.2588054115689476, 0.28760896992378115, 0.9221175843470338], [-0.8688517462515349, 0.4864224845687207, 0.09214016247897017]]	0.5086662951059222	0.4913337048940779	[[-0.21467670383874043, -0.41966487515811995, 0.1911457694123479], [0.13164558985613994, 0.14629698917036035, 0.4690501352818284], [-0.441955598762079, 0.24742672308178876, 0.04686859507863547]]	0.7205892440641831	0.4361718365544112	[[-0.20703266568810658, -0.4664662532359048, 0.25249720099963685], [0.2700748292843825, 0.23559604178354185, 0.8275122464637789], [-0.5372168696656534, 0.2703771604279621, 0.02241124324241322]]	[[0.0970836581684521, 0.12804137988240094, -0.018284619640216306], [0.08358243340219476, 0.028348111560085994, 0.16304423342085922], [0.08886835336958565, -0.08013365002323412, -0.043983966786258884]]	0.5953507510012119	[[-0.33540097531249996, -0.3354009753125, 0.4743286081201012], [0.5, 0.5000000000000001, 0.7071067811865475], [-0.4743286081201012, 0.47432860812010114, 0.0]]
6	[[0.8592155572171323, 0.2624339665249735, -0.4391776855101157], [-0.4266000482917053, 0.8413623931712975, -0.33184593135155627], [0.2824199444684594, 0.4724804086637203, 0.8348660002631537]]	0.5130517826854256	0.4869482173145745	[[0.44082207334130097, 0.13464221436284496, -0.22532089446662407], [-0.21886791526974794, 0.4316624757010101, -0.17025414665682131], [0.14489605597546198, 0.24240691594886005, 0.42832948973846197]]	0.7284246557391743	0.47546155998964407	[[0.4432476168867053, 0.17563557023899876, -0.281456896340676], [-0.3492455852767097, 0.7495904538791476, -0.25529653711594336], [0.2338152700412679, 0.3042473532573457, 0.43761649837892835]]	[[-0.18262617958492702, -0.015527801481221055, 0.038450958035357294], [-0.03849959196150919, 0.13672134228145744, -0.013571778812740328], [0.028093619217953628, -0.039919025767029104, -0.17052048045110083]]	0.580853059659796	[[0.5181715778321584, -0.08890418748346675, -0.3035378826578125], [-0.14644660940672619, 0.8535533905932737, -0.5], [0.3035378826578125, 0.30353788265781256, 0.42926739034869166]]
6	[[0.8787972042104137, -0.3840163418041313, 0.28327887866788265], [-0.395223040501579, -0.9183905790867732, -0.018907472103605397], [0.2674214316928388, -0.09534250611366366, -0.9588511794847616]]	0.5673879172775341	0.432612082722466	[[0.4986189154062664, -0.2178862323767837, 0.16072901297608522], [-0.22424477781028546, -0.5210837179153527, -0.01072787121784774], [0.15173168916357616, -0.05409618597185219, -0.5440405737069659]]	0.7843671933608855	0.37626185712035737	[[0.5437928750520149, -0.22887367081554102, 0.22132561489037295], [-0.34556287797559543, -0.8464284575962507, -0.02519162249009057], [0.19889555063988784, -0.07478353392836742, -0.6300491638290941]]	[[-0.14550682154790004, 0.07233614941007989, -0.000869044108772987], [-0.035562890945816356, -0.12607301666888038, -0.01036122166263637], [-0.010861047181573814, 0.0, 0.12204224467414301]]	0.5159349282212095	[[0.905, 0.0, 0.0], [0.0, -1.0, 0.0], [0.0, 0.0, -0.905]]
6	[[0.034229894132735264, 0.2773841392786001, 0.9601491309293217], [-0.1827544195208179, -0.9427759796974285, 0.2788803941677556], [0.9825625356654255, -0.18501754344446375, 0.018422055382213542]]	0.7320356996056149	0.26796430039438524	[[0.025057504498882992, 0.20305509245631131, 0.7028634407855691], [-0.1337827593499399, -0.690145673869176, 0.20415040445088262], [0.7192708532021067, -0.13543944685468023, 0.013485602199892071]]	0.8592262932716109	0.21641629192006606	[[0.0092423119649119, 0.20634279587363386, 0.7655486042046458], [-0.16915537890117138, -0.8229477572045002, 0.25828654690429803], [0.7940342776283893, -0.14140058772425101, 0.0]]	[[-0.020168913089837887, -0.031992949931054, -0.05943677455171409], [-0.012127976437294083, -0.0128898467835672, 0.018665179557411607], [-0.05020928779896929, 0.0175713503197548, -0.01582871436050367]]	0.3811384258371161	[[0.0, 0.0, 0.905], [0.0, -1.0, 0.0], [0.905, 0.0, 0.0]]
6	[[0.8489524140446696, -0.5135124485683378, 0.12483895166604869], [0.522794976890395, 0.7815435453534784, -0.34040431673891397], [0.0772347773085365, 0.35425224329800037, 0.9319550081910795]]	0.6539417519711357	0.34605824802886437	[[0.5551654289804963, -0.33580723027576653, 0.08163740276673581], [0.3418774631094143, 0.5110839552901864, -0.22260459526678278], [0.05050704558624489, 0.23166033262199937, 0.6094442908147486]]	0.8109880804533337	0.2850848795615211	[[0.6367114847070746, -0.3936760787835433, 0.052072354036319546], [0.47655207982062864, 0.6245173454072062, -0.2647643657744637], [0.024396030787025166, 0.22392433763327368, 0.7041980026074751]]	[[-0.05177880395523559, 0.022776396169784184, -0.04917054774113579], [0.05257158504164231, -0.00930515422970402, 0.011299477635656746], [-0.03824045300666555, -0.06337000915525895, -0.05160640055427933]]	0.4603862764617568	[[0.6399316369738256, -0.6399316369738255, 0.0], [0.7071067811865475, 0.7071067811865476, 0.0], [0.0, 0.0, 0.905]]
6	[[0.08740825448676931, -0.06334395238859675, -0.994156597696443], [0.7119981850616444, -0.6940087028176986, 0.10681996481098455], [-0.6967197295301035, -0.717174639895393, -0.015561310176609944]]	0.5903608306978	0.4096391693022	[[0.05160240972865384, -0.037395788351813876, -0.5869111148597709], [0.4203358399883184, -0.4097155543069591, 0.06306232316092258], [-0.4113160382889385, -0.42339181616403976, -0.009186788002609579]]	0.8260000943330854	0.293059856442632	[[0.046067424899939834, -0.04606742489993984, -0.7045605184705146], [0.6786589642669273, -0.6637013996264453, 0.09712132920364662], [-0.5061929400230677, -0.5172799308223556, 0.0]]	[[-0.02613180155162196, 0.00625468574847154, 0.11661292500860676], [0.09054839624102333, -0.09045014563104399, 0.008888028193116548], [0.06929762229251965, 0.07510638938453561, 0.012853643673826218]]	0.2935593616811711	[[0.0, 0.0, -0.7412176250000001], [0.7071067811865475, -0.7071067811865476, 0.0], [-0.5241200089724876, -0.5241200089724875, 0.0]]
6	[[0.3802729664721569, 0.7767473726770865, -0.5020517802076895], [0.4287143634067757, 0.332951791095048, 0.839849450446521], [0.8195098935212374, -0.5346088512602871, -0.20639019011321075]]	0.5236576737469806	0.4763423262530196	[[0.1991328570116733, 0.40674972226516215, -0.26290326732408903], [0.22449956624350983, 0.17435276039472344, 0.4397936095185053], [0.429142644453967, -0.2799520274155075, -0.108077806838881]]	0.7281458523498782	0.42503998731643056	[[0.28604915729337915, 0.4002812906227961, -0.3336292278231211], [0.41990333582887135, 0.3160315534985461, 0.7007168002542752], [0.5081865763815646, -0.3703294970877234, -0.03420510066196817]]	[[0.009154973995893871, -0.16530408711568953, 0.03193769359998066], [0.10773675027140925, 0.0735940877802238, 0.08918390631331635], [-0.08853615354561468, 0.01894372058698765, 0.11607706023466906]]	0.48524246960703177	[[0.33540097531249996, 0.3354009753125, -0.4743286081201012], [0.5, 0.5000000000000001, 0.7071067811865475], [0.4743286081201012, -0.47432860812010114, 0.0]]
6	[[0.22433838825039393, -0.7661379269479729, -0.6022499185961573], [-0.9416906372873723, -0.011392912655017143, -0.3362869982418849], [0.2507808429735371, 0.642575192824231, -0.724020780340167]]	0.46347835471263077	0.5365216452873692	[[0.10397598708517594, -0.35508834586479215, -0.2791298013967627], [-0.43645322721824004, -0.005280368412732078, -0.15586174465639815], [0.1162314924948216, 0.2978196931493261, -0.3355679600498156]]	0.6739124785202456	0.5178428296648887	[[0.16535431765136363, -0.40989943785362476, -0.31181648645776827], [-0.8237140092500814, 0.0531982843609656, -0.19832144162721096], [0.13303440989429519, 0.31181648645776827, -0.3453570289274733]]	[[0.014169878398303606, 0.10641047138424659, 0.09404724887198423], [-0.18909693787643878, 0.06087611036587289, 0.028306562852111174], [-0.035969929559397686, -0.12122295437403399, 0.14256960965173104]]	0.5477667062007484	[[0.08045828967253749, -0.46894527793810326, -0.2747017838053203], [-0.8535533905932738, 0.14644660940672602, -0.5], [0.2747017838053203, 0.27470178380532034, -0.3884869882655659]]
6	[[-0.30792515101507295, 0.09349718223056193, 0.9468053539599837], [0.3027085282091916, -0.9338174967034747, 0.1906631317268273], [0.9019698710720718, 0.34531602882779927, 0.2592434992682147]]	0.5786605278227201	0.4213394721772801	[[-0.1781841304162729, 0.05410312881947402, 0.5478788858678615], [0.17516547670996954, -0.5403633255325238, 0.11032922844137875], [0.5219343616747557, 0.19982075550713996, 0.15001398012115408]]	0.7870891169137055	0.3181412198786621	[[-0.17366514724622897, 0.06734492786417509, 0.7087641085338744], [0.2611411710754614, -0.8386088935407638, 0.12849142698482668], [0.6509950424988886, 0.23470697304984378, 0.1063202193820539]]	[[0.0686993879417442, -0.006245686731597701, -0.03645608140365744], [0.02288258292504136, -0.10361130470185881, -0.02157744899404336], [-0.05893562680599729, -0.03708751513637636, -0.09772751752258406]]	0.4865030849255723	[[0.0, 0.0, 0.905], [0.0, -1.0, 0.0], [0.905, 0.0, 0.0]]
6	[[0.04673222253661188, -0.9725397674033924, -0.22799671093185395], [-0.8377629715199755, -0.16246744520517667, 0.5213036857710898], [-0.5440306084466285, 0.16664552219444034, -0.8223502702654952]]	0.5123794598434989	0.48762054015650097	[[0.023944630940595374, -0.49830940069847224, -0.11682083159335768], [-0.4292525388242896, -0.08324498181638171, 0.26710530092981605], [-0.2787501092942136, 0.08538574264732515, -0.42135538728078975]]	0.6854826308257655	0.48586683485400284	[[0.0022625628508442727, -0.6813489000444602, -0.10204860540563723], [-0.6690388539288397, -0.14672124637623454, 0.27983919533589285], [-0.23405298825733978, 0.01105277656566938, -0.49239936904084686]]	[[-0.02977156399788747, -0.014689781702104714, 0.05423917982355163], [-0.094766888202916, -0.03535263461344923, -0.07750542664564196], [0.138870544470397, -0.10317983440350909, 0.07130745768102412]]	0.5228094055156314	[[-0.08045828967253749, -0.46894527793810326, -0.2747017838053203], [-0.8535533905932738, -0.14644660940672602, 0.5], [-0.2747017838053203, 0.27470178380532034, -0.3884869882655659]]
6	[[0.5319609947059123, -0.8460851799387872, 0.03402011756955908], [-0.703274286200726, -0.4190807785627857, 0.5742617690636116], [-0.47161719485230363, -0.3294103357928521, -0.8179645788128509]]	0.5437830452682416	0.4562169547317584	[[0.289271369665104, -0.46008677570344186, 0.018499563132358454], [-0.3824286330090797, -0.22788902198025723, 0.3122738135625384], [-0.25645743441765134, -0.17912775554027116, -0.4447952695884067]]	0.6945506332203574	0.497789125326063	[[0.41763589916222327, -0.5290508319747858, 0.08114415995908802], [-0.5324380245259983, -0.3365123478811748, 0.32817399707560596], [-0.23610068013015878, -0.11248842084848056, -0.47892382337444916]]	[[0.04816205344070076, 0.05859816551005885, 0.05751546575891979], [-0.04397842371768913, -0.045439527759911606, -0.07067987826176805], [0.09146134119211734, 0.11630373646577542, 0.08919399279183932]]	0.5062975721074356	[[0.42926739034869166, -0.4292673903486916, 0.0], [-0.5, -0.5000000000000001, 0.7071067811865475], [-0.3035378826578125, -0.30353788265781256, -0.42926739034869166]]
6	[[-0.3195682178843842, -0.5708200961323295, -0.7563336379995778], [0.910087742671785, 0.03735879733279218, -0.41272826520656647], [0.2638493031197415, -0.8202248094963509, 0.507557688474819]]	0.48198117209913083	0.5180188279008692	[[-0.15402586422154593, -0.27512453899159867, -0.3645385733410362], [0.4386451569259992, 0.018006236926673067, -0.1989272530227018], [0.12717039637519187, -0.39533291506583745, 0.24463324959901872]]	0.6676783204714825	0.5218974264915017	[[-0.22929222667980714, -0.35984840060542633, -0.35973731124958885], [0.778311955471819, 0.011103072234740607, -0.22628708763181868], [0.1517938197846743, -0.35973731124958885, 0.30303053085825415]]	[[-0.01592345568669676, 0.021275802471577645, 0.1452502618860554], [0.1706660999630388, -0.013840586823252597, 0.04928262729241022], [-0.024372639779885713, 0.18790901196397639, -0.03585473412500086]]	0.5751925702678667	[[-0.08045828967253749, -0.46894527793810326, -0.2747017838053203], [0.8535533905932738, 0.14644660940672602, -0.5], [0.2747017838053203, -0.27470178380532034, 0.3884869882655659]]
6	[[-0.8305561570912853, 0.32773595720904825, 0.4502950280316503], [-0.5100865793185324, -0.772219296347621, -0.37879947194723407], [0.22358030216652452, -0.5443036842615101, 0.808545204538665]]	0.5065197337768015	0.4934802662231984	[[-0.4206930835765612, 0.16600472979461237, 0.22808331771960882], [-0.2583689183595424, -0.39114431240330605, -0.19186940768550603], [0.11324783513112488, -0.27570055724587234, 0.4095441017494341]]	0.7067185920201329	0.44711901846017327	[[-0.4832782809297898, 0.16070021647396998, 0.2469978891855661], [-0.43691505415460075, -0.6699882281216119, -0.2675312730179653], [0.14370557299992243, -0.3412951726969936, 0.4498690981877722]]	[[0.10369119700341568, -0.07091687775917915, -0.07123397901862813], [-0.07642738501024161, -0.12424649427604346, 0.00017335645455376913], [-0.014302783350639687, 0.04337436067567186, -0.1215448303484236]]	0.5737129645104646	[[-0.42926739034869166, 0.30353788265781256, 0.3035378826578125], [-0.7071067811865475, -0.5000000000000001, -0.5], [0.0, -0.4292673903486916, 0.42926739034869166]]
