6	[[-0.3195682178843842, -0.5708200961323295, -0.7563336379995778], [0.910087742671785, 0.03735879733279218, -0.41272826520656647], [0.2638493031197415, -0.8202248094963509, 0.507557688474819]]	0.7831169376482081	0.21688306235179197	[[-0.25025928415931414, -0.4470188856312056, -0.5922976824305577], [0.7127051260322987, 0.029256306961476273, -0.3232144951294238], [0.20662485825974578, -0.6423319409958672, 0.3974770226782034]]	0.8171350302914936	0.1994521185505841	[[-0.2964247202449009, -0.4855205000994669, -0.6138314749369251], [0.7812178027224402, 0.0077131430388401034, -0.31503292303525016], [0.18758832353348523, -0.6553804879213694, 0.429189005587742]]	[[-0.03529433484374612, -0.019083403555382485, 0.004195235260335391], [0.0375532275464141, -0.022814038951344873, 0.02222180045647306], [-0.028012184763654205, 0.014853936632265738, 0.014445838441190347]]	0.442107130432113	[[-0.12972861314631473, -0.7561137677176852, -0.44292119043199984], [0.8535533905932738, 0.14644660940672602, -0.5], [0.44292119043199984, -0.44292119043199996, 0.6263851545713707]]
6	[[0.8592155572171323, 0.2624339665249735, -0.4391776855101157], [-0.4266000482917053, 0.8413623931712975, -0.33184593135155627], [0.2824199444684594, 0.4724804086637203, 0.8348660002631537]]	0.8105846899702345	0.18941531002976567	[[0.6964669760644513, 0.2127249553933046, -0.35599070805106225], [-0.34579546788581894, 0.6819954746213706, -0.268989231382485], [0.228925283128377, 0.3829853855736915, 0.6767295979899982]]	0.8390965834773157	0.19953180655239033	[[0.7366474718053871, 0.1633701099300572, -0.33600823238680844], [-0.3529527076383978, 0.7495540223154692, -0.38971073950934193], [0.2562284216665583, 0.391762923884388, 0.7087230198424126]]	[[0.01568263327393311, -0.056837334769448265, 0.032504263064204744], [0.005005935394430042, 0.04356971273913512, -0.11125995227140308], [0.019250811157220667, -0.0046937727853056865, 0.008189811360228439]]	0.4374925948048557	[[0.7715446609364136, -0.13237613586358632, -0.45196039839999985], [-0.14644660940672619, 0.8535533905932737, -0.5], [0.45196039839999985, 0.45196039839999996, 0.6391685250728273]]
6	[[0.04673222253661188, -0.9725397674033924, -0.22799671093185395], [-0.8377629715199755, -0.16246744520517667, 0.5213036857710898], [-0.5440306084466285, 0.16664552219444034, -0.8223502702654952]]	0.7703652437125964	0.22963475628740362	[[0.036000880003648365, -0.7492108349359062, -0.17564074178268807], [-0.6453834757283748, -0.12515927302084887, 0.4015942409373202], [-0.41910227226309915, 0.12837791831893292, -0.6335100663701977]]	0.7938557170700363	0.23807757709429772	[[-0.0460746551674439, -0.7720562544311464, -0.30812560401251515], [-0.8035808652324661, -0.1410327078041277, 0.5077316678671803], [-0.442562408227852, 0.28944907066456016, -0.6528274634843529]]	[[-0.08317329719952249, 1.4409424298208682e-17, -0.1271291115660985], [-0.13851794074175158, -0.012056997590235296, 0.09389175658811902], [-0.010680599451405532, 0.15715657014638207, 5.7608121445676546e-18]]	0.3540257021261949	[[-0.12972861314631473, -0.7561137677176852, -0.44292119043199984], [-0.8535533905932738, -0.14644660940672602, 0.5], [-0.44292119043199984, 0.44292119043199996, -0.6263851545713707]]
6	[[0.034229894132735264, 0.2773841392786001, 0.9601491309293217], [-0.1827544195208179, -0.9427759796974285, 0.2788803941677556], [0.9825625356654255, -0.18501754344446375, 0.018422055382213542]]	0.877071364908672	0.12292863509132824	[[0.030022059967677463, 0.24328568564109895, 0.8421193087800551], [-0.16028866817221582, -0.8268818153163341, 0.24459800795898187], [0.8617774642642003, -0.16227358936088532, 0.01615745725850118]]	0.9228413820091056	0.125178620277655	[[0.009213336596727214, 0.2389411107581093, 0.8677665094908769], [-0.16455920729850132, -0.8270231513081261, 0.2530438467899796], [0.9013536273042685, -0.16167092438506922, 0.0]]	[[-0.022375426210751573, -0.017040451681160255, -0.018298841430780192], [0.004094133780362136, 0.04300953672083729, -0.00431852157903613], [-0.005395741019583938, 0.00907092110314945, -0.017000635048370235]]	0.34684291719399524	[[0.0, 0.0, 0.98], [0.0, -1.0, 0.0], [0.98, 0.0, 0.0]]
6	[[-0.5446221603179724, 0.8109226453022452, -0.2139887049042392], [-0.8354447797583356, -0.5021691245819775, 0.22328947644507607], [0.07361197229480154, 0.30038414347728, 0.9509735242804028]]	0.8115104679144824	0.18848953208551764	[[-0.441966584156234, 0.6580722153316748, -0.1736540740452533], [-0.6779721841383988, -0.4075155012617266, 0.18120174751032347], [0.059736886081062306, 0.24376487682733855, 0.7717249696630742]]	0.8602647593980285	0.1679875015329994	[[-0.4847767112460341, 0.6861124144676869, -0.12390625998989449], [-0.7567797269588055, -0.44678837555347994, 0.20480573052134243], [0.061335537548777457, 0.2239921825017152, 0.8343464695962352]]	[[-0.016257459537259118, -0.011495759883661832, 0.06018068174844656], [-0.03807602450966194, -0.014789974417846574, 0.012717662791207321], [-0.0019902480862243146, -0.03441771041374994, 0.016257459537259118]]	0.39165757726503425	[[-0.6791053526515602, 0.6791053526515601, 0.0], [-0.7071067811865475, -0.7071067811865476, 0.0], [0.0, 0.0, 0.9603999999999999]]
6	[[-0.30792515101507295, 0.09349718223056193, 0.9468053539599837], [0.3027085282091916, -0.9338174967034747, 0.1906631317268273], [0.9019698710720718, 0.34531602882779927, 0.2592434992682147]]	0.8221490488285417	0.17785095117145838	[[-0.2531603700174273, 0.07686861943900535, 0.7784151211839713], [0.24887152853947464, -0.7677371666942115, 0.15675351239588203], [0.7415536715739063, 0.2839012446460244, 0.21313679633834548]]	0.8503854186218129	0.2608655673206856	[[-0.25740293374536927, 0.07927155306981842, 0.7444779498929919], [0.24358664178472894, -0.8497654602107683, 0.11911162171131477], [0.6810820377465754, 0.26515817636460776, 0.1781313806755509]]	[[0.004452124704768468, -0.00023708738127792804, -0.06067151738764259], [-0.013832276696837342, -0.05566067736021041, -0.043025525377949125], [-0.08593998864931103, -0.028493539366942353, -0.0423255109746335]]	0.3855966800435398	[[-0.44292119043199984, -0.1297286131463146, 0.7561137677176853], [0.5, -0.8535533905932737, 0.14644660940672619], [0.6263851545713707, 0.44292119043199996, 0.44292119043199984]]
6	[[0.8787972042104137, -0.3840163418041313, 0.28327887866788265], [-0.395223040501579, -0.9183905790867732, -0.018907472103605397], [0.2674214316928388, -0.09534250611366366, -0.9588511794847616]]	0.7978263970972553	0.20217360290274475	[[0.7011276072143353, -0.30637837440805815, 0.22600736714134737], [-0.31531937445319735, -0.7327162468408621, -0.01508488034663636], [0.21335587735408731, -0.07606676814288738, -0.7649967818807811]]	0.8481569765154453	0.24724047403929644	[[0.6932643401848986, -0.3141617913644123, 0.145932133927826], [-0.3595800510095476, -0.8405009461344846, -0.02548472801825673], [0.13301741498535213, -0.05565442241389096, -0.813256317320064]]	[[-0.05209363950843225, 0.011544348032701521, -0.09433282331381104], [-0.024368871928486958, -0.061561569315977935, -0.009448223645312653], [-0.09379793797467766, 0.025210989304879368, 0.0]]	0.47606604738339336	[[0.6791053526515602, -0.6791053526515601, 0.0], [-0.7071067811865475, -0.7071067811865476, 0.0], [0.0, 0.0, -0.9603999999999999]]
6	[[0.8489524140446696, -0.5135124485683378, 0.12483895166604869], [0.522794976890395, 0.7815435453534784, -0.34040431673891397], [0.0772347773085365, 0.35425224329800037, 0.9319550081910795]]	0.8369863266871395	0.1630136733128608	[[0.7105615625634276, -0.42980289803533156, 0.10448849558243944], [0.43757224731797956, 0.6541412611714515, -0.28491375865574914], [0.0646444525519712, 0.2965042838386721, 0.7800335989435343]]	0.9066918706469279	0.15693868588943186	[[0.7507471853204304, -0.47471081425278555, 0.06541575703149137], [0.5094494338498528, 0.6670987582570169, -0.2942452588969014], [0.023673857232539203, 0.292213066217363, 0.833502005426313]]	[[-0.018991067059956228, -0.009113251659875034, -0.047774705584199745], [0.035435478288283195, -0.041520420871560465, 0.014396567823393859], [-0.04635428748433666, -0.0289845629393716, -0.0114940243092298]]	0.43328769354738433	[[0.6929646455628166, -0.6929646455628165, 0.0], [0.7071067811865475, 0.7071067811865476, 0.0], [0.0, 0.0, 0.98]]
6	[[0.3802729664721569, 0.7767473726770865, -0.5020517802076895], [0.4287143634067757, 0.332951791095048, 0.839849450446521], [0.8195098935212374, -0.5346088512602871, -0.20639019011321075]]	0.785162202416393	0.2148377975836071	[[0.29857595987469393, 0.609872677852288, -0.3941920814749402], [0.3366103137800059, 0.26142116159467066, 0.6594180442107878], [0.6434481928991584, -0.41975466308682485, -0.16204977622642663]]	0.8554412388506012	0.2347249603061616	[[0.34579557827975105, 0.6068177807857319, -0.43388554596836165], [0.4021530643198173, 0.29202583829264234, 0.7188079984643674], [0.667681530630096, -0.43388554596836165, -0.08236946848775606]]	[[0.02049440073941602, -0.05764395397110433, -0.0044097491403460795], [0.03541311817407826, 0.007205145640767963, 0.00036614412639886414], [-0.03336102793403547, 0.023440912054235125, 0.09418521142930006]]	0.3766626339579368	[[0.46118407999999983, 0.46118407999999994, -0.6522127806865584], [0.5, 0.5000000000000001, 0.7071067811865475], [0.6522127806865584, -0.6522127806865583, 0.0]]
6	[[-0.42203838922340475, -0.825029846081567, 0.3757783270710803], [0.2588054115689476, 0.28760896992378115, 0.9221175843470338], [-0.8688517462515349, 0.4864224845687207, 0.09214016247897017]]	0.761913748988081	0.2380862510119191	[[-0.3215568513500952, -0.6286015830550661, 0.286310673967196], [0.1971874013869001, 0.2191332285172282, 0.7025740656976815], [-0.6619900913013478, 0.37061197880985086, 0.07020285662672307]]	0.8546811420485435	0.23788536352935816	[[-0.2827621742106375, -0.6396059857893623, 0.33519675953487144], [0.2569688677229103, 0.2324853702128565, 0.8305620769788158], [-0.7435012161600155, 0.3773033031460744, 0.022582798548712972]]	[[0.07794607827914982, 0.06553146528376548, 0.014026109796669385], [0.03577276299481884, -0.013328592665006023, 0.04244556688604883], [-0.000910013402882345, -0.038432821483209846, -0.056167660747351626]]	0.49392812441403744	[[-0.46118407999999983, -0.46118407999999994, 0.6522127806865584], [0.5, 0.5000000000000001, 0.7071067811865475], [-0.6522127806865584, 0.6522127806865583, 0.0]]
6	[[0.5319609947059123, -0.8460851799387872, 0.03402011756955908], [-0.703274286200726, -0.4190807785627857, 0.5742617690636116], [-0.47161719485230363, -0.3294103357928521, -0.8179645788128509]]	0.8031079206952975	0.19689207930470265	[[0.4272220883492674, -0.679497709591746, 0.02732182588309814], [-0.5648051496691344, -0.3365670926749252, 0.46119417528748025], [-0.37875950472198244, -0.2645520498341371, -0.6569138320927934]]	0.8502584241094208	0.19483539985330253	[[0.5092912337428361, -0.6975196476829302, 0.007289039878600697], [-0.5906462841845754, -0.3906568941981604, 0.5711690996268537], [-0.37043154403141776, -0.3601232849784224, -0.6902306078043295]]	[[0.056986916696507205, 0.02187140407415873, -0.021636851674109826], [0.0073186021171314525, -0.034329931842817116, 0.08289819283653914], [0.030564948846607508, -0.08003937198183682, 0.005250665954411199]]	0.3207198879398468	[[0.6391685250728273, -0.6391685250728272, 0.0], [-0.5, -0.5000000000000001, 0.7071067811865475], [-0.45196039839999985, -0.45196039839999996, -0.6391685250728273]]
6	[[-0.8305561570912853, 0.32773595720904825, 0.4502950280316503], [-0.5100865793185324, -0.772219296347621, -0.37879947194723407], [0.22358030216652452, -0.5443036842615101, 0.808545204538665]]	0.8037004891330689	0.19629951086693115	[[-0.667518389706748, 0.26340154911540664, 0.3619023342832263], [-0.4099568332985184, -0.6206330261925772, -0.30444132088734016], [0.17969159821175512, -0.43745713727790714, 0.6498281763739222]]	0.8129561249942802	0.24125886059856244	[[-0.6800523061568843, 0.33200006956074557, 0.36818098226734053], [-0.49635859509300423, -0.6284751497319964, -0.3691653956297516], [0.05746918574482218, -0.48025315755540465, 0.667407789147175]]	[[-0.004846591097812297, 0.06556511576678647, 0.0021108811745393363], [-0.0816805861586227, -0.0006947429274246214, -0.06121804476564868], [-0.12429179032952586, -0.037758143578057304, 0.010096012782714225]]	0.4032593127538239	[[-0.6391685250728273, 0.45196039839999996, 0.45196039839999985], [-0.7071067811865475, -0.5000000000000001, -0.5], [0.0, -0.6391685250728272, 0.6391685250728273]]
6	[[0.08740825448676931, -0.06334395238859675, -0.994156597696443], [0.7119981850616444, -0.6940087028176986, 0.10681996481098455], [-0.6967197295301035, -0.717174639895393, -0.015561310176609944]]	0.8770552845093395	0.12294471549066063	[[0.07666187150735819, -0.055556148184126755, -0.8719302976394909], [0.6244617707693739, -0.6086840003017342, 0.09368701462857568], [-0.6110617206062948, -0.6290018078363369, -0.013648129324284712]]	0.9365237638114358	0.10129682820390595	[[0.07184817445974608, -0.0578229773732867, -0.896133676464698], [0.6754336616799985, -0.6576446299595811, 0.11016063558907015], [-0.6417408652430058, -0.663968899103054, 0.0]]	[[-0.010011733020390922, 0.0015001393323743322, 0.03491760222794623], [0.00863044157915607, -0.0076889874788578835, 0.010121200094081762], [0.010753718178212312, 0.007682193961890477, 0.014573536776435945]]	0.14033560919910903	[[0.0, 0.0, -0.9411919999999999], [0.7071067811865475, -0.7071067811865476, 0.0], [-0.665523245598529, -0.6655232455985289, 0.0]]
6	[[0.22433838825039393, -0.7661379269479729, -0.6022499185961573], [-0.9416906372873723, -0.011392912655017143, -0.3362869982418849], [0.2507808429735371, 0.642575192824231, -0.724020780340167]]	0.7917911405254141	0.20820885947458595	[[0.17762914829641258, -0.6066212229779119, -0.47685614992658915], [-0.7456223037198725, -0.009020807305022461, -0.26626906588181], [0.19856604967994176, 0.5087853447996357, -0.5732732394296414]]	0.8018537234317956	0.1900715889693062	[[0.16801684199828068, -0.6835124052670598, -0.4423905467575763], [-0.8331953960903902, -0.02253481955294059, -0.31540129287217317], [0.24161534560894324, 0.47472551804576546, -0.6378708845102825]]	[[-0.011869729928985506, -0.06918185588151073, 0.040525792905248104], [-0.07809725226065016, -0.013399370119781833, -0.045748311190216], [0.040525792905248104, -0.04052579290524811, -0.05731212595252524]]	0.3308605537067617	[[0.12972861314631473, -0.7561137677176852, -0.44292119043199984], [-0.8535533905932738, 0.14644660940672602, -0.5], [0.44292119043199984, 0.44292119043199996, -0.6263851545713707]]
6	[[0.50607966, 0.26960331, 0.8192664], [-0.59451586, 0.79721188, 0.10490047], [-0.62484739, -0.54015486, 0.56373616]]	0.7688972535233556	0.23110274735559316	[[ 0.38912326  0.20729724  0.62993168]
 [-0.45712161  0.61297403  0.08065768]
 [-0.48044344 -0.41532359  0.43345519]]	0.8862455862998115	0.1909881763136657	[[ 0.42838002  0.2537232   0.64901956]
 [-0.56670339  0.748688    0.09661069]
 [-0.49726256 -0.45370222  0.51849243]]	[[-0.02013084001307156, 0.014788452243706849, -0.07705167081270575], [-0.039816334556668394, 0.04216248503043498, 0.0036431144635584558], [0.05650568196093135, 0.025007636833523778, 0.018883742938147804]]	0.29393705287288124	WordDict: (word: RRHRHT, matrix: [[ 4.42921190e-01  4.42921190e-01  6.26385155e-01]
 [-7.07106781e-01  7.07106781e-01  1.26841090e-16]
 [-4.42921190e-01 -4.42921190e-01  6.26385155e-01]])
6	[[0.50607966, 0.26960331, 0.8192664], [-0.59451586, 0.79721188, 0.10490047], [-0.62484739, -0.54015486, 0.56373616]]	0.7688972534932191	0.23110274738573078	[[ 0.38912326  0.20729724  0.62993168]
 [-0.45712161  0.61297402  0.08065768]
 [-0.48044344 -0.41532359  0.43345519]]	0.8580213238452155	0.19647268733906245	[[ 0.44006316  0.29579744  0.63870295]
 [-0.57728972  0.74279451  0.08401191]
 [-0.49310718 -0.42771842  0.54612415]]	[[0.005836019090467524, 0.06447204627213124, -0.06424509224825835], [-0.06718242991003547, 0.05876971397349753, -0.0059949324844372764], [0.04302520625016813, 0.035745965712637426, 0.06242650240003301]]	0.29393705287288124	WordDict: (word: RRHRHT, matrix: [[ 4.42921190e-01  4.42921190e-01  6.26385155e-01]
 [-7.07106781e-01  7.07106781e-01  1.26841090e-16]
 [-4.42921190e-01 -4.42921190e-01  6.26385155e-01]])
6	[[0.50607966, 0.26960331, 0.8192664], [-0.59451586, 0.79721188, 0.10490047], [-0.62484739, -0.54015486, 0.56373616]]	0.7688972531636517	0.23110274771529785	[[ 0.38912326  0.20729724  0.62993168]
 [-0.45712161  0.61297402  0.08065768]
 [-0.48044344 -0.41532359  0.43345518]]	0.8890982885135589	0.18845245047011722	[[ 0.40193242  0.24535184  0.66681697]
 [-0.57119704  0.74854219  0.08661189]
 [-0.5098726  -0.45718752  0.49012799]]	[[-0.04802213861235836, 0.005648001523434571, -0.06159138290537404], [-0.04261400688240832, 0.039742469877274055, -0.006654937964583402], [0.04567814465281659, 0.023063244090761072, -0.011088863133234473]]	0.29393705287288124	WordDict: (word: RRHRHT, matrix: [[ 4.42921190e-01  4.42921190e-01  6.26385155e-01]
 [-7.07106781e-01  7.07106781e-01  1.26841090e-16]
 [-4.42921190e-01 -4.42921190e-01  6.26385155e-01]])
6	[[0.50607966, 0.26960331, 0.8192664], [-0.59451586, 0.79721188, 0.10490047], [-0.62484739, -0.54015486, 0.56373616]]	0.7688972531991773	0.23110274767977096	[[ 0.38912326  0.20729724  0.62993168]
 [-0.45712161  0.61297402  0.08065768]
 [-0.48044344 -0.41532359  0.43345518]]	0.8937167437816741	0.1894600634632314	[[ 0.41517879  0.23769358  0.65873273]
 [-0.55959971  0.75136201  0.0981752 ]
 [-0.50667305 -0.45584715  0.49840887]]	[[-0.037113079929048415, -0.0032554120249377737, -0.07345936446147479], [-0.028270932719975578, 0.03888040328234344, 0.004423891080286634], [0.051763521112697074, 0.026898295264895653, -0.005411578257362278]]	0.29393705287288124	WordDict: (word: RRHRHT, matrix: [[ 4.42921190e-01  4.42921190e-01  6.26385155e-01]
 [-7.07106781e-01  7.07106781e-01  1.26841090e-16]
 [-4.42921190e-01 -4.42921190e-01  6.26385155e-01]])
6	[[0.50607966, 0.26960331, 0.8192664], [-0.59451586, 0.79721188, 0.10490047], [-0.62484739, -0.54015486, 0.56373616]]	0.7688972531991773	0.23110274767977096	[[ 0.38912326  0.20729724  0.62993168]
 [-0.45712161  0.61297402  0.08065768]
 [-0.48044344 -0.41532359  0.43345518]]	0.8937167437816741	0.1894600634632314	[[ 0.41517879  0.23769358  0.65873273]
 [-0.55959971  0.75136201  0.0981752 ]
 [-0.50667305 -0.45584715  0.49840887]]	[[-0.037113079929048415, -0.0032554120249377737, -0.07345936446147479], [-0.028270932719975578, 0.03888040328234344, 0.004423891080286634], [0.051763521112697074, 0.026898295264895653, -0.005411578257362278]]	0.29393705287288124	WordDict: (word: RRHRHT, matrix: [[ 4.42921190e-01  4.42921190e-01  6.26385155e-01]
 [-7.07106781e-01  7.07106781e-01  1.26841090e-16]
 [-4.42921190e-01 -4.42921190e-01  6.26385155e-01]])
