6	[[0.034229894132735264, 0.2773841392786001, 0.9601491309293217], [-0.1827544195208179, -0.9427759796974285, 0.2788803941677556], [0.9825625356654255, -0.18501754344446375, 0.018422055382213542]]	0.8579180971076144	0.1420819028923859	[[0.029366445638551338, 0.23797287293773006, 0.8237293153464135], [-0.15678832383330676, -0.8088245745007845, 0.2392565370850223], [0.8429581808873144, -0.15872989880339972, 0.015804614698319723]]	0.9100993707842399	0.13655003002041993	[[0.009074672809391686, 0.23185711289593255, 0.8456329627050039], [-0.16549289849338059, -0.8262162641939096, 0.2540581534095456], [0.8781090094457739, -0.15721185295385162, 0.0]]	[[-0.022077932302821825, -0.020590017727049353, -0.02819815721280671], [0.0008317837205547487, 0.03180356171921535, 0.00024928215341043104], [-0.016120536019497127, 0.01117249691900059, -0.016765901011904963]]	0.3538098391005516	[[0.0, 0.0, 0.964], [0.0, -1.0, 0.0], [0.964, 0.0, 0.0]]
6	[[-0.3195682178843842, -0.5708200961323295, -0.7563336379995778], [0.910087742671785, 0.03735879733279218, -0.41272826520656647], [0.2638493031197415, -0.8202248094963509, 0.507557688474819]]	0.7042613224945029	0.29573867750549726	[[-0.2250595357544679, -0.4020065158085936, -0.5326565281446612], [0.6409395972400681, 0.026310356016396336, -0.2906685538852383], [0.18581885915436214, -0.5776526090787016, 0.35745324892752894]]	0.7682418984982805	0.25827939019152096	[[-0.29424827775521056, -0.4538120440191349, -0.5600623847308465], [0.7638402945898835, 0.010041945764624548, -0.3325325874825378], [0.1926443186440519, -0.597144927955572, 0.40450060931152004]]	[[-0.04874258334799913, -0.015284129665463008, 0.020984805224060345], [0.06467275935969666, -0.018658647623932264, -0.015457441456343462], [-0.010055770902106523, 0.03298613688729523, 0.01457352712022628]]	0.4573406486032127	[[-0.11752804840097883, -0.6850036652187474, -0.401265856809863], [0.8535533905932738, 0.14644660940672602, -0.5], [0.401265856809863, -0.4012658568098631, 0.5674756168177688]]
6	[[0.8489524140446696, -0.5135124485683378, 0.12483895166604869], [0.522794976890395, 0.7815435453534784, -0.34040431673891397], [0.0772347773085365, 0.35425224329800037, 0.9319550081910795]]	0.7797183610579833	0.2202816389420166	[[0.6619437848951284, -0.4003950847805763, 0.0973392227892483], [0.4076328425503251, 0.6093838522784598, -0.26541949594472863], [0.06022137397969041, 0.27621697854543076, 0.726662431566528]]	0.8899901499688535	0.18497995174669848	[[0.7245636477017575, -0.4634847906979125, 0.05705425262909488], [0.5066233670194253, 0.6666792020457045, -0.29808422402285706], [0.027232933783195648, 0.2758196581546427, 0.807413620203976]]	[[-0.030995638590277985, -0.006463769585704427, -0.05405118468612624], [0.041340987133779365, -0.028886855090627085, 0.0048722648816540755], [-0.04150525725643975, -0.03946134898494738, -0.022017157300226915]]	0.4386152568081162	[[0.6816509370638318, -0.6816509370638317, 0.0], [0.7071067811865475, 0.7071067811865476, 0.0], [0.0, 0.0, 0.964]]
6	[[0.8787972042104137, -0.3840163418041313, 0.28327887866788265], [-0.395223040501579, -0.9183905790867732, -0.018907472103605397], [0.2674214316928388, -0.09534250611366366, -0.9588511794847616]]	0.7221182443076198	0.2778817556923803	[[0.6345954942068689, -0.27730520652903423, 0.20456084651308268], [-0.28539776811691947, -0.663186592558799, -0.013653430559750839], [0.19310989474426285, -0.06884856312268729, -0.6924039302818265]]	0.8340721398891922	0.2629902296484272	[[0.6832779186809523, -0.3063985743231633, 0.13490635568386966], [-0.3579951298626795, -0.84047784313521, -0.02712542473930488], [0.1240188069237392, -0.05149241658624239, -0.7997510551081309]]	[[-0.04970234596346675, 0.013898757637827969, -0.10136866483206203], [-0.02835060273801463, -0.07447384758223077, -0.011355229021955512], [-0.09902995886053825, 0.02803011151037946, 0.0]]	0.48365564348702633	[[0.6571115033295338, -0.6571115033295337, 0.0], [-0.7071067811865475, -0.7071067811865476, 0.0], [0.0, 0.0, -0.9292959999999999]]
6	[[-0.30792515101507295, 0.09349718223056193, 0.9468053539599837], [0.3027085282091916, -0.9338174967034747, 0.1906631317268273], [0.9019698710720718, 0.34531602882779927, 0.2592434992682147]]	0.7484274785105499	0.2515725214894501	[[-0.23045964434419136, 0.06997586034466083, 0.7086151437045594], [0.22655538049124488, -0.6988946744468154, 0.1426975269232342], [0.6750590362989566, 0.25844400474486623, 0.19402495847756157]]	0.8370317930078135	0.2745128228688952	[[-0.24313904965376126, 0.07498026418007028, 0.7325618750266651], [0.24562957056945542, -0.8492276587759773, 0.11836706044432457], [0.6702300984498136, 0.25652032689241766, 0.168158785473691]]	[[0.01460409161258695, -0.0032798499035552324, -0.05994430802785748], [-0.007747091556240529, -0.0675927251681999, -0.041224042565466607], [-0.08474735997266888, -0.032520167871653016, -0.04883626554440251]]	0.415244548512398	[[-0.401265856809863, -0.1175280484009787, 0.6850036652187476], [0.5, -0.8535533905932737, 0.14644660940672619], [0.5674756168177688, 0.4012658568098631, 0.401265856809863]]
6	[[0.8592155572171323, 0.2624339665249735, -0.4391776855101157], [-0.4266000482917053, 0.8413623931712975, -0.33184593135155627], [0.2824199444684594, 0.4724804086637203, 0.8348660002631537]]	0.7289975181661702	0.27100248183382974	[[0.6263660087810525, 0.19131371027920946, -0.32015944277083713], [-0.31099037645422145, 0.6133510965002253, -0.24191486036882573], [0.20588343859813452, 0.34443704529799, 0.6086152421931564]]	0.8002559559117669	0.2586249872986687	[[0.6972694487046113, 0.16345471235885065, -0.29204490203785244], [-0.3432991404985073, 0.7452655253008281, -0.40128629172777325], [0.22110231091395072, 0.3795728480123386, 0.668047428781653]]	[[0.009677081629553691, -0.046559632386308634, 0.0594096564951626], [-0.001909911060822769, 0.07196025908531961, -0.135724608718603], [-0.004905931715204436, 0.0014675869275707827, -5.906031717064792e-05]]	0.4635363987752203	[[0.710584714957207, -0.1219170626566169, -0.4162508888069118], [-0.14644660940672619, 0.8535533905932737, -0.5], [0.4162508888069118, 0.4162508888069119, 0.58866765230059]]
6	[[0.5319609947059123, -0.8460851799387872, 0.03402011756955908], [-0.703274286200726, -0.4190807785627857, 0.5742617690636116], [-0.47161719485230363, -0.3294103357928521, -0.8179645788128509]]	0.7268382409356581	0.273161759064342	[[0.3866495936384282, -0.6149670638684377, 0.024727122410682617], [-0.5111666450774162, -0.30460393590052126, 0.4173954140627945], [-0.3427894123014578, -0.2394280290137011, -0.594527935612009]]	0.7978890384472337	0.2469257466319037	[[0.45649380006880425, -0.6561437154812291, 0.0049122403873403005], [-0.6058880243182687, -0.383024995334841, 0.5497240439267866], [-0.3273238296633401, -0.32037687268592663, -0.6526449712728822]]	[[0.03204795351146991, 0.018938375184584463, -0.022232038508097036], [-0.04475318033690698, -0.048645035895661895, 0.09152687319161426], [0.048974360452546176, -0.057543976605587396, 8.963778507731651e-18]]	0.3574841323017203	[[0.58866765230059, -0.5886676523005899, 0.0], [-0.5, -0.5000000000000001, 0.7071067811865475], [-0.4162508888069118, -0.4162508888069119, -0.58866765230059]]
6	[[0.04673222253661188, -0.9725397674033924, -0.22799671093185395], [-0.8377629715199755, -0.16246744520517667, 0.5213036857710898], [-0.5440306084466285, 0.16664552219444034, -0.8223502702654952]]	0.6870066207343659	0.31299337926563414	[[0.03210534628428416, -0.6681412591335909, -0.15663524991584304], [-0.5755487080403191, -0.11161621050975423, 0.3581390835379661], [-0.37375262988497926, 0.1144865770633162, -0.5649600802350903]]	0.7709238648981638	0.3786874718501196	[[-0.011156353268316602, -0.8181284402583057, -0.13079887052368055], [-0.6885948461821342, -0.15206247295863348, 0.2748539702098626], [-0.27870321394831016, 0.03897181969781917, -0.5956692867530522]]	[[-0.04718333888152262, -0.06837432400452118, 0.044969235051973734], [-0.042743378309384274, -0.026812442180927955, -0.12703148201044387], [0.1407029653382644, -0.08949919034029152, 0.038300161900072946]]	0.3754597295574493	[[-0.11752804840097883, -0.6850036652187474, -0.401265856809863], [-0.8535533905932738, -0.14644660940672602, 0.5], [-0.401265856809863, 0.4012658568098631, -0.5674756168177688]]
6	[[-0.42203838922340475, -0.825029846081567, 0.3757783270710803], [0.2588054115689476, 0.28760896992378115, 0.9221175843470338], [-0.8688517462515349, 0.4864224845687207, 0.09214016247897017]]	0.6924041064425556	0.30759589355744443	[[-0.29222111377468707, -0.5712540533645466, 0.2601904567761298], [0.17919792973989504, 0.19914163182493952, 0.6384780020247758], [-0.6015965169943481, 0.33680092578137283, 0.06379822686872322]]	0.8285262639037748	0.2830882427538578	[[-0.2676626502569617, -0.5959284053590381, 0.3193633919385486], [0.2614941628146027, 0.23430846862614635, 0.8297011946786627], [-0.6930452082165397, 0.3550548277922588, 0.023477322341862852]]	[[0.08200723959027294, 0.08763049062402908, 0.008021178554335763], [0.04706708208930377, -0.003983116690017171, 0.06570255763964088], [0.026821282991514987, -0.04795897602625497, -0.05286322223232508]]	0.5119748484189915	[[-0.43179552780799985, -0.43179552780799996, 0.6106510915981225], [0.5, 0.5000000000000001, 0.7071067811865475], [-0.6106510915981225, 0.6106510915981224, 0.0]]
6	[[0.08740825448676931, -0.06334395238859675, -0.994156597696443], [0.7119981850616444, -0.6940087028176986, 0.10681996481098455], [-0.6967197295301035, -0.717174639895393, -0.015561310176609944]]	0.7976678931621304	0.20233210683786956	[[0.06972275820144061, -0.05052743704637426, -0.7930067987577535], [0.5679380922133824, -0.5535884598127769, 0.08520685627843094], [-0.5557509587787671, -0.5720671840346675, -0.012412757503418873]]	0.9176822819369493	0.13952823091077865	[[0.05509606764302285, -0.05509606764302286, -0.8590550483079001], [0.6842833051454211, -0.6719824071988918, 0.09022511938664037], [-0.6227536317635336, -0.6333765772062017, 0.0]]	[[-0.025116938794521197, 0.003033555131850065, 0.053264846868845576], [0.030895185943084977, -0.03510291711304394, -0.007801669677528555], [0.016613719502146122, 0.024761882880312773, 0.014280338632800085]]	0.16981452105920952	[[0.0, 0.0, -0.8958413439999999], [0.7071067811865475, -0.7071067811865476, 0.0], [-0.6334554892096707, -0.6334554892096705, 0.0]]
6	[[0.3802729664721569, 0.7767473726770865, -0.5020517802076895], [0.4287143634067757, 0.332951791095048, 0.839849450446521], [0.8195098935212374, -0.5346088512602871, -0.20639019011321075]]	0.7043940327930781	0.2956059672069222	[[0.26786200841550956, 0.5471362143014409, -0.3536422781314384], [0.301983839356416, 0.23452925485511938, 0.5915849413390752], [0.5772578788112505, -0.37657528470610857, -0.14538001834277461]]	0.8282629463717478	0.27381129341314864	[[0.3470043001791849, 0.5572286987861423, -0.42253305830184346], [0.4064350069983562, 0.294071614286707, 0.7153734439481474], [0.6250818646472693, -0.4225330583018434, -0.07588072147487614]]	[[0.03203829254343138, -0.08612236869389525, -0.006702171595841452], [0.05134678521117198, 0.01829998279457199, 0.019757263612618647], [-0.05368781434142801, 0.020263643999417543, 0.09506462549051696]]	0.3929311405052676	[[0.43179552780799985, 0.43179552780799996, -0.6106510915981225], [0.5, 0.5000000000000001, 0.7071067811865475], [0.6106510915981225, -0.6106510915981224, 0.0]]
6	[[0.22433838825039393, -0.7661379269479729, -0.6022499185961573], [-0.9416906372873723, -0.011392912655017143, -0.3362869982418849], [0.2507808429735371, 0.642575192824231, -0.724020780340167]]	0.6936233205259279	0.30637667947407216	[[0.1556063377796731, -0.5314111328705036, -0.41773458832313637], [-0.6531785867434444, -0.00790238990623486, -0.23325650437023307], [0.17394744102759613, 0.44570513893433145, -0.5021976977893201]]	0.7587214158005293	0.4076847856754288	[[0.20264571898937891, -0.4982174269596117, -0.3938464706048309], [-0.8299806015570895, 0.03191346622429635, -0.18323838897534975], [0.15824303376459745, 0.39384647060483086, -0.4239129983572619]]	[[0.032435379437631154, 0.0830678256728367, 0.06309344029819912], [-0.11549974798831153, 0.040557513044002846, 0.07190975844604325], [-0.03202976247193476, -0.09368908945306778, 0.12541707317143366]]	0.3740674222162996	[[0.11752804840097883, -0.6850036652187474, -0.401265856809863], [-0.8535533905932738, 0.14644660940672602, -0.5], [0.401265856809863, 0.4012658568098631, -0.5674756168177688]]
6	[[-0.5446221603179724, 0.8109226453022452, -0.2139887049042392], [-0.8354447797583356, -0.5021691245819775, 0.22328947644507607], [0.07361197229480154, 0.30038414347728, 0.9509735242804028]]	0.7408163841709337	0.25918361582906657	[[-0.40346501954612274, 0.6007447819351379, -0.15852633862057944], [-0.6189111809150523, -0.3720151151151036, 0.1654165025634621], [0.05453295514712582, 0.22252949503312153, 0.7044967676996973]]	0.8270130092171056	0.20589064404851587	[[-0.46081204215795357, 0.6602411466666391, -0.10991907547266414], [-0.7578424151872042, -0.4289104999607412, 0.19715868713276188], [0.05405831971082702, 0.18782517856035302, 0.7968699064679986]]	[[-0.010402430467066385, -0.010402430467066383, 0.06705236730866196], [-0.06691871384454103, -0.01361010110428047, 0.012495385291407514], [-0.006819739011103001, -0.060596415857895075, 0.010402430467066385]]	0.4020594296179087	[[-0.6571115033295338, 0.6571115033295337, 0.0], [-0.7071067811865475, -0.7071067811865476, 0.0], [0.0, 0.0, 0.9292959999999999]]
6	[[-0.8305561570912853, 0.32773595720904825, 0.4502950280316503], [-0.5100865793185324, -0.772219296347621, -0.37879947194723407], [0.22358030216652452, -0.5443036842615101, 0.808545204538665]]	0.7005628456726201	0.29943715432738005	[[-0.5818567849027863, 0.22959963481161086, 0.3154599662300852], [-0.3573477055468037, -0.5409881477325977, -0.2653728360066402], [0.1566320527221247, -0.3813189379563348, 0.5664367293465578]]	0.780198130283399	0.3725247881636769	[[-0.620759450942493, 0.24667737707924625, 0.19823728270776178], [-0.5653675555469311, -0.6268212280946763, -0.3047120294073757], [0.179396457048917, -0.27740898110277074, 0.6002258782482691]]	[[0.02723890991549281, -0.009021603961893271, -0.15308205623844254], [-0.16739896007995736, -0.02433717691550035, -0.009173389641804829], [0.004959523330397208, 0.14725573566442496, -0.03059957858240579]]	0.43858989529509684	[[-0.58866765230059, 0.4162508888069119, 0.4162508888069118], [-0.7071067811865475, -0.5000000000000001, -0.5], [0.0, -0.5886676523005899, 0.58866765230059]]
