6	[[0.8489524140446696, -0.5135124485683378, 0.12483895166604869], [0.522794976890395, 0.7815435453534784, -0.34040431673891397], [0.0772347773085365, 0.35425224329800037, 0.9319550081910795]]	0.8776857636205331	0.12231423637946706	[[0.7451134477982907, -0.4507025655503513, 0.10956937062260276], [0.4588497085090252, 0.6859496434062664, -0.2987680226767195], [0.0677878645001047, 0.31092215067329226, 0.8179636430241677]]	0.9182439266093688	0.13846187385494066	[[0.7738373720666383, -0.48291854887438207, 0.05915259489802679], [0.5037709188316831, 0.6713526797126724, -0.28965389904355776], [0.02450366505201105, 0.2965433457395653, 0.8569813254132683]]	[[-0.005708026110241953, -0.011388861738200045, -0.05548001427360298], [0.02371760644019251, -0.04629493418891285, 0.02292029739356192], [-0.04641670013457969, -0.028746625156568006, 0.0012192992686250591]]	0.4294024510936929	[[0.7015913482932925, -0.7015913482932924, 0.0], [0.7071067811865475, 0.7071067811865476, 0.0], [0.0, 0.0, 0.9922]]
6	[[0.8592155572171323, 0.2624339665249735, -0.4391776855101157], [-0.4266000482917053, 0.8413623931712975, -0.33184593135155627], [0.2824199444684594, 0.4724804086637203, 0.8348660002631537]]	0.8655917516272202	0.13440824837277993	[[0.7437298991969357, 0.2271606767708311, -0.38014858207628943], [-0.36926148304507395, 0.7282763476584134, -0.28724310098895983], [0.24446037442691607, 0.4089751445447745, 0.7226531235417942]]	0.8760119224669415	0.16245809929211563	[[0.7634805146247617, 0.14868951608802547, -0.3738900081916752], [-0.35977266351710113, 0.7600242790678193, -0.37805482767267845], [0.30461021468488303, 0.40464089494229705, 0.746376251142958]]	[[0.010797442533477178, -0.08120576744814159, 0.010834880396622998], [0.013934064911405754, 0.022980791534444364, -0.08735383538656896], [0.057206976188061115, -0.009257576179174661, 0.015023681250146586]]	0.42146413621126666	[[0.8207800754608066, -0.14082359749784962, -0.48080183647932795], [-0.14644660940672619, 0.8535533905932737, -0.5], [0.48080183647932795, 0.48080183647932806, 0.6799564779629569]]
6	[[-0.8305561570912853, 0.32773595720904825, 0.4502950280316503], [-0.5100865793185324, -0.772219296347621, -0.37879947194723407], [0.22358030216652452, -0.5443036842615101, 0.808545204538665]]	0.8758192104915979	0.12418078950840215	[[-0.7274170377726249, 0.2870374472925368, 0.3943770359389719], [-0.44674362518111693, -0.6763244944535509, -0.33175985445546075], [0.1958159237249584, -0.4767116230175837, 0.7081394226858211]]	0.8758192104915978	0.12418078950840232	[[-0.7274170377726248, 0.2870374472925368, 0.39437703593897183], [-0.4467436251811168, -0.6763244944535507, -0.33175985445546063], [0.19581592372495843, -0.4767116230175837, 0.708139422685821]]	[[0.0, 0.0, 0.0], [0.0, 0.0, 0.0], [0.0, 0.0, 0.0]]	0.37751454007169266	[[-0.6799564779629569, 0.48080183647932806, 0.48080183647932795], [-0.7071067811865475, -0.5000000000000001, -0.5], [0.0, -0.6799564779629568, 0.6799564779629569]]
6	[[-0.30792515101507295, 0.09349718223056193, 0.9468053539599837], [0.3027085282091916, -0.9338174967034747, 0.1906631317268273], [0.9019698710720718, 0.34531602882779927, 0.2592434992682147]]	0.881097509011699	0.1189024909883011	[[-0.27131208352143205, 0.082380134362961, 0.8342278388930816], [0.26671573016171635, -0.8227842702169719, 0.167992810424877], [0.7947234066052057, 0.3042570928219861, 0.2284188014327002]]	0.8813459576494002	0.11845516089830795	[[-0.2704506633489329, 0.082242441334795, 0.8350124944096925], [0.2669596010748662, -0.8239993181890005, 0.16746432758081098], [0.7954969228071728, 0.304892309135176, 0.2277062086458636]]	[[0.0009379237567827315, -0.0001609222757200683, 0.0005494230162513998], [0.00016866339169571573, -0.0009830422871110011, -0.0005758528394033585], [0.0005494230162513998, 0.0005494230162513999, -0.0007770014810626633]]	0.37131680855345756	[[-0.47705158215478916, -0.13972517343736637, 0.8143779908722122], [0.5, -0.8535533905932737, 0.14644660940672619], [0.6746528174348458, 0.47705158215478927, 0.47705158215478916]]
6	[[0.04673222253661188, -0.9725397674033924, -0.22799671093185395], [-0.8377629715199755, -0.16246744520517667, 0.5213036857710898], [-0.5440306084466285, 0.16664552219444034, -0.8223502702654952]]	0.8566324989897806	0.1433675010102194	[[0.04003234057488431, -0.833109171317708, -0.19530939224700467], [-0.717654987854261, -0.1391748935905957, 0.44656567907467193], [-0.46603429964056625, 0.14275397012288038, -0.7044519670624527]]	0.8728778405342948	0.13021180187005377	[[0.005700255163474395, -0.8495878907469642, -0.2338230937044207], [-0.769468383940828, -0.14110206787229432, 0.4935330743211188], [-0.47583319073796654, 0.19508772830920398, -0.7178113280721392]]	[[-0.03509126632765144, -0.0006794787421656272, -0.03480981701730221], [-0.03820365048087782, 0.0007121648555241189, 0.038498638822681404], [-0.000960928052514837, 0.049626544761410964, 2.7134774527330266e-19]]	0.3318299832432126	[[1.9050908168840036e-16, -0.9541031643095785, 0.0], [-0.7071067811865476, -1.3401577416544657e-16, 0.7071067811865475], [-0.6746528174348457, -1.059267300884213e-16, -0.6746528174348458]]
6	[[0.034229894132735264, 0.2773841392786001, 0.9601491309293217], [-0.1827544195208179, -0.9427759796974285, 0.2788803941677556], [0.9825625356654255, -0.18501754344446375, 0.018422055382213542]]	0.8906100819877325	0.10938991801226776	[[0.030485488819986757, 0.24704111102501064, 0.8551184962174132], [-0.16276292855305605, -0.8396457925743914, 0.24837369071451593], [0.8750801004470591, -0.16477848953624272, 0.016406868254335752]]	0.9321633600779635	0.12276345241042341	[[0.011575147801512826, 0.2430983180022252, 0.8849210948745901], [-0.16342064110248095, -0.8279534513570729, 0.2519364699907561], [0.9190142230025209, -0.16558480889791075, 0.0]]	[[-0.020332705328370653, -0.015469013300048452, -0.010094745188422953], [0.006936332667142421, 0.05086777367847605, -0.00802561529652589], [0.003105428269914059, 0.0068817660726511656, -0.017172365044626513]]	0.341656258876984	[[0.0, 0.0, 0.9922], [0.0, -1.0, 0.0], [0.9922, 0.0, 0.0]]
6	[[-0.5446221603179724, 0.8109226453022452, -0.2139887049042392], [-0.8354447797583356, -0.5021691245819775, 0.22328947644507607], [0.07361197229480154, 0.30038414347728, 0.9509735242804028]]	0.8684183578627385	0.13158164213726162	[[-0.47295988211899076, 0.7042201119870837, -0.18583171971411358], [-0.7255155837227311, -0.4360928865388497, 0.1939086804624636], [0.06392598809928894, 0.26085910460654466, 0.8258428663265285]]	0.8702296263265724	0.13392898460361227	[[-0.47423939308857754, 0.7053958565752307, -0.17112567785616384], [-0.7375723932265404, -0.4481414037960247, 0.19431311764945453], [0.07473212928477918, 0.25073037079114885, 0.8279797756589314]]	[[-0.0002930540258977718, -0.0002930540258977717, 0.015093632850759419], [-0.010543594720958381, -0.011138954158308418, 0.0], [0.010672810141512027, -0.010672810141512026, 0.00041444097793266505]]	0.3845184393830175	[[-0.6961189357766048, 0.6961189357766047, 0.0], [-0.7071067811865475, -0.7071067811865476, 0.0], [0.0, 0.0, 0.9844608399999999]]
6	[[0.5319609947059123, -0.8460851799387872, 0.03402011756955908], [-0.703274286200726, -0.4190807785627857, 0.5742617690636116], [-0.47161719485230363, -0.3294103357928521, -0.8179645788128509]]	0.8711446443439292	0.12885535565607087	[[0.46341497153792466, -0.737062573162444, 0.02963644322067218], [-0.6126536279285622, -0.36507997579245494, 0.5002650645712357], [-0.41084679347609154, -0.28696404981747853, -0.7125654620958528]]	0.8871190236541395	0.15745761666441854	[[0.535909662971912, -0.7333207029659358, 0.00023448316924712688], [-0.5897156737581979, -0.39383638804939974, 0.579989601803213], [-0.3945360680011142, -0.37894535679083613, -0.7330862197966888]]	[[0.06399694472631821, 0.017257555789598145, -0.02994541031365916], [0.034172324377252095, -0.022061856938564703, 0.0705510619096029], [0.0238445174347655, -0.08671918132069886, -0.007454281256562988]]	0.2957287979547915	[[0.6799564779629569, -0.6799564779629568, 0.0], [-0.5, -0.5000000000000001, 0.7071067811865475], [-0.48080183647932795, -0.48080183647932806, -0.6799564779629569]]
6	[[0.8787972042104137, -0.3840163418041313, 0.28327887866788265], [-0.395223040501579, -0.9183905790867732, -0.018907472103605397], [0.2674214316928388, -0.09534250611366366, -0.9588511794847616]]	0.8442695782887925	0.1557304217112077	[[0.7419417450000958, -0.3242133149509787, 0.23916373943105532], [-0.3336747897342825, -0.7753692269099899, -0.015963003499418045], [0.22577577936069812, -0.08049477742957944, -0.8095288809453107]]	0.8585847354088489	0.23491902470581805	[[0.7017175178461729, -0.31838273516754645, 0.15439564333572323], [-0.3591503509957275, -0.8407308486196807, -0.025359394334292674], [0.13982082625723127, -0.060152051708231284, -0.8232549862343868]]	[[-0.05280434720886136, 0.011327834053027758, -0.08882327775225625], [-0.019817881339198467, -0.05221471627248412, -0.009125727400968436], [-0.08978313291542027, 0.021707568676585187, 0.0]]	0.4710992274752729	[[0.6961189357766048, -0.6961189357766047, 0.0], [-0.7071067811865475, -0.7071067811865476, 0.0], [0.0, 0.0, -0.9844608399999999]]
6	[[-0.42203838922340475, -0.825029846081567, 0.3757783270710803], [0.2588054115689476, 0.28760896992378115, 0.9221175843470338], [-0.8688517462515349, 0.4864224845687207, 0.09214016247897017]]	0.8355124453619002	0.16448755463809997	[[-0.35261832661664433, -0.6893227041961623, 0.31396746896516226], [0.21623514229286442, 0.24030087376903544, 0.7704407178089984], [-0.7259364471675771, 0.40641203956102306, 0.07698425246884716]]	0.8751289625762817	0.20396971469345757	[[-0.29549145135222926, -0.674035312119053, 0.3484051237592178], [0.2548060352813952, 0.2315883241362764, 0.8300133625698493], [-0.7830945973728034, 0.3957181443989869, 0.022169873668645496]]	[[0.0738465663762139, 0.04797220117677833, 0.019550626230852592], [0.02831792394593443, -0.02010661534075525, 0.02304155760688277], [-0.022737270043106935, -0.029964259895415072, -0.0584646511331857]]	0.48253718542594126	[[-0.4845815727467526, -0.48458157274675273, 0.6853018322545423], [0.5, 0.5000000000000001, 0.7071067811865475], [-0.6853018322545423, 0.6853018322545422, 0.0]]
6	[[0.3802729664721569, 0.7767473726770865, -0.5020517802076895], [0.4287143634067757, 0.332951791095048, 0.839849450446521], [0.8195098935212374, -0.5346088512602871, -0.20639019011321075]]	0.857871584694991	0.14212841530500908	[[0.32622537236413446, 0.6663494995061628, -0.43069595628571183], [0.367781870317275, 0.28562988065374445, 0.7204829789597744], [0.7030342510282872, -0.4586257424226313, -0.1770562794579206]]	0.8781522842145619	0.2069765887936543	[[0.3431307583895512, 0.6472145133266635, -0.44087791758336964], [0.404152759860356, 0.3019509105332117, 0.7209194024534052], [0.6956226243537031, -0.4528512296725176, -0.08876179451142736]]	[[0.009193184256979183, -0.034887966247379776, 1.4805999552543421e-18], [0.027676262359104104, 0.009568534649765712, -0.016596310852551643], [-0.024031860578403973, 0.01661675422302648, 0.09248022237596638]]	0.36883456802683334	[[0.4845815727467526, 0.48458157274675273, -0.6853018322545423], [0.5, 0.5000000000000001, 0.7071067811865475], [0.6853018322545423, -0.6853018322545422, 0.0]]
6	[[-0.3195682178843842, -0.5708200961323295, -0.7563336379995778], [0.910087742671785, 0.03735879733279218, -0.41272826520656647], [0.2638493031197415, -0.8202248094963509, 0.507557688474819]]	0.8447690815479661	0.15523091845203385	[[-0.26996134991411147, -0.4822111683388298, -0.6389272727167353], [0.7688139865049056, 0.03155955691055949, -0.3486600775274366], [0.22289173346353494, -0.6929005589810879, 0.4287690423254815]]	0.8491880248836502	0.17991211730049597	[[-0.27538755220560074, -0.5310793515139605, -0.6556554899408109], [0.8089900815560124, 0.005588341917142359, -0.27885548950292155], [0.1703607050250905, -0.6966424444494134, 0.47536789236187105]]	[[-0.004014048444772614, -0.04634576151545217, -0.013386021734883784], [0.03615446888573958, -0.026136301401920053, 0.07162841084149792], [-0.0536969635580903, -0.00011735851263890151, 0.044355981371428516]]	0.44053542645596716	[[-0.13972517343736654, -0.8143779908722121, -0.47705158215478916], [0.8535533905932738, 0.14644660940672602, -0.5], [0.47705158215478916, -0.47705158215478927, 0.6746528174348458]]
6	[[0.08740825448676931, -0.06334395238859675, -0.994156597696443], [0.7119981850616444, -0.6940087028176986, 0.10681996481098455], [-0.6967197295301035, -0.717174639895393, -0.015561310176609944]]	0.9292405566453142	0.07075944335468595	[[0.08122329505468079, -0.058861769577693915, -0.9238106302360543], [0.6616175898171357, -0.6449010333230107, 0.09926144356179213], [-0.6474202292943261, -0.6664277615882979, -0.014460200530643416]]	0.961235428968959	0.06144365945403181	[[0.06462636415324645, -0.06392914536860786, -0.9378217160394514], [0.682829884570115, -0.668564523905803, 0.09430350410801504], [-0.6790195748579995, -0.6931500545061727, 0.0]]	[[-0.019393546843771193, -0.0030406941217657616, 0.01779682760960958], [-0.0015679962727350389, -0.0014587707446416672, -0.00837563058952081], [-0.009307886771993257, -0.0037763818806659582, 0.014958082662932685]]	0.1203468258436173	[[0.0, 0.0, -0.976782045448], [0.7071067811865475, -0.7071067811865476, 0.0], [-0.6906892080775473, -0.6906892080775472, 0.0]]
6	[[0.22433838825039393, -0.7661379269479729, -0.6022499185961573], [-0.9416906372873723, -0.011392912655017143, -0.3362869982418849], [0.2507808429735371, 0.642575192824231, -0.724020780340167]]	0.8888095357544993	0.11119046424550066	[[0.1993940987127453, -0.6809506951745423, -0.5352854705556357], [-0.836983618151748, -0.010126129407797401, -0.29889509078764387], [0.22289640461943147, 0.5711269588214627, -0.6435165736507541]]	0.8971785206019444	0.09927062429482741	[[0.18703334882494077, -0.7171748497860008, -0.5305673829055189], [-0.8698289136167859, -0.006482705174209732, -0.32703844353793354], [0.24567631887570432, 0.5583320481107797, -0.6727673276049]]	[[-0.014238234459772356, -0.02981235790977802, 0.009758308093223107], [-0.024964300790598838, 0.003738771346965751, -0.025328971957610462], [0.020681133181397825, -0.018172612762773165, -0.023191435014243558]]	0.30273787630616456	[[0.13972517343736654, -0.8143779908722121, -0.47705158215478916], [-0.8535533905932738, 0.14644660940672602, -0.5], [0.47705158215478916, 0.47705158215478927, -0.6746528174348458]]
