6	[[0.8592155572171323, 0.2624339665249735, -0.4391776855101157], [-0.4266000482917053, 0.8413623931712975, -0.33184593135155627], [0.2824199444684594, 0.4724804086637203, 0.8348660002631537]]	0.8659324089872091	0.13406759101279098	[[0.7440225973003185, 0.2272500768330389, -0.38029819118720143], [-0.36940680749129606, 0.728562963950065, -0.2873561467478572], [0.24455658285960688, 0.4091360984734364, 0.7229375267893886]]	0.8780586763708834	0.16025807684294113	[[0.7652772232919308, 0.1495390358289946, -0.3750791880347234], [-0.36039780395862986, 0.7611331499239635, -0.37690337270420987], [0.30472986773529054, 0.4056956171329565, 0.7484942480651235]]	[[0.010835548404584618, -0.08089338545268437, 0.010544589195916854], [0.014182069784139897, 0.02236760062773495, -0.08552317346259933], [0.05674858511457664, -0.009169905109483841, 0.015432912927005136]]	0.42056527371253166	[[0.8240943456283334, -0.14139223635986012, -0.48274329099409663], [-0.14644660940672619, 0.8535533905932737, -0.5], [0.48274329099409663, 0.48274329099409674, 0.6827021092684733]]
6	[[0.034229894132735264, 0.2773841392786001, 0.9601491309293217], [-0.1827544195208179, -0.9427759796974285, 0.2788803941677556], [0.9825625356654255, -0.18501754344446375, 0.018422055382213542]]	0.8916538399416803	0.10834616005831975	[[0.030521216544250593, 0.24733063292668164, 0.856120659509797], [-0.16295367993205, -0.8406298225019919, 0.2486647743441287], [0.8761056579089108, -0.16497160306883274, 0.01642609642116901]]	0.9327661782109201	0.12266142607338223	[[0.011734705019782063, 0.24345834292148474, 0.8860128052203998], [-0.1633465893365437, -0.8279781179006303, 0.2519509714527005], [0.9201743744896771, -0.16584569304928906, 0.0]]	[[-0.0201937825109738, -0.01527620056974073, -0.009581830149079849], [0.007120552111044785, 0.051411429590796184, -0.00817922799311186], [0.0036732732438072273, 0.006732413851376242, -0.017183470193657235]]	0.3413199253375732	[[0.0, 0.0, 0.9930000000000001], [0.0, -1.0, 0.0], [0.9930000000000001, 0.0, 0.0]]
6	[[-0.8305561570912853, 0.32773595720904825, 0.4502950280316503], [-0.5100865793185324, -0.772219296347621, -0.37879947194723407], [0.22358030216652452, -0.5443036842615101, 0.808545204538665]]	0.8778862817172672	0.12211371828273299	[[-0.7291338565062511, 0.28771490085930074, 0.39530782783447815], [-0.4477980104718264, -0.6779207267409372, -0.33254285994422156], [0.1962780801341933, -0.4778367375013466, 0.709810743212776]]	0.8778862817172672	0.12211371828273285	[[-0.729133856506251, 0.2877149008593008, 0.3953078278344782], [-0.44779801047182644, -0.6779207267409374, -0.33254285994422156], [0.1962780801341933, -0.4778367375013465, 0.7098107432127757]]	[[0.0, 0.0, 0.0], [0.0, 0.0, 0.0], [0.0, 0.0, 0.0]]	0.37587234630841215	[[-0.6827021092684733, 0.48274329099409674, 0.48274329099409663], [-0.7071067811865475, -0.5000000000000001, -0.5], [0.0, -0.6827021092684732, 0.6827021092684733]]
6	[[0.8787972042104137, -0.3840163418041313, 0.28327887866788265], [-0.395223040501579, -0.9183905790867732, -0.018907472103605397], [0.2674214316928388, -0.09534250611366366, -0.9588511794847616]]	0.8468669935978151	0.15313300640218483	[[0.7442243463118384, -0.3252107648760957, 0.23989953232723002], [-0.3347013481101597, -0.7777546686597722, -0.016012114056914863], [0.22647038388133786, -0.08074242151455967, -0.8120194156779792]]	0.8592500404350891	0.23408369724356054	[[0.702358180741826, -0.3185097522427057, 0.1549317323984995], [-0.3589764025465983, -0.8407636891667897, -0.025454058689196216], [0.1402443115900809, -0.06055751962838827, -0.8238929147435143]]	[[-0.0527483525102152, 0.011456304980229075, -0.08847565555128535], [-0.019380989014737695, -0.05163654695127473, -0.009207812519647952], [-0.08953756440520025, 0.021365532604959964, 0.0]]	0.470800519738912	[[0.6972419344822142, -0.697241934482214, 0.0], [-0.7071067811865475, -0.7071067811865476, 0.0], [0.0, 0.0, -0.9860490000000002]]
6	[[-0.42203838922340475, -0.825029846081567, 0.3757783270710803], [0.2588054115689476, 0.28760896992378115, 0.9221175843470338], [-0.8688517462515349, 0.4864224845687207, 0.09214016247897017]]	0.8400618928314931	0.15993810716850682	[[-0.35453836809856787, -0.6930761341417566, 0.31567705272438357], [0.21741256391764371, 0.24160933566948747, 0.7746358433197734], [-0.7298892425460126, 0.4086249931025973, 0.07740343929788499]]	0.8763902065921084	0.2016432989186831	[[-0.29649639090322455, -0.6762302749568055, 0.3501145029490992], [0.25535022463814805, 0.23211838731310958, 0.8297915110118959], [-0.7856256314240588, 0.3971209659316958, 0.022188251278319273]]	[[0.07337392021807579, 0.04681780229527446, 0.020786057254438224], [0.028535696526082458, -0.019939297256136454, 0.021656690763782856], [-0.024172470028761828, -0.029174935810532064, -0.05856248475205583]]	0.48187782250473316	[[-0.4861463152005001, -0.4861463152005002, 0.687514712254253], [0.5, 0.5000000000000001, 0.7071067811865475], [-0.687514712254253, 0.6875147122542529, 0.0]]
6	[[-0.5446221603179724, 0.8109226453022452, -0.2139887049042392], [-0.8354447797583356, -0.5021691245819775, 0.22328947644507607], [0.07361197229480154, 0.30038414347728, 0.9509735242804028]]	0.8721094058779071	0.1278905941220929	[[-0.47497010866284917, 0.7072132664074818, -0.18662156229861887], [-0.7285992505188411, -0.4379464168894171, 0.19473285264130422], [0.06419769342352036, 0.26196783690311465, 0.8293529552658017]]	0.8726821388121911	0.1253508670857917	[[-0.48221477993798795, 0.7097082634570862, -0.17490917916659804], [-0.7363089300009443, -0.45057844385151224, 0.19274277056029024], [0.07404423999181231, 0.2552071285678371, 0.8368303573499728]]	[[-0.006932748227183663, 0.0020305549434830794, 0.011834941510884251], [-0.007231192741959791, -0.012344418165866504, -0.002117967318053078], [0.009804386567401171, -0.006932748227183665, 0.006932748227183663]]	0.38407681952576345	[[-0.6972419344822142, 0.697241934482214, 0.0], [-0.7071067811865475, -0.7071067811865476, 0.0], [0.0, 0.0, 0.9860490000000002]]
6	[[0.08740825448676931, -0.06334395238859675, -0.994156597696443], [0.7119981850616444, -0.6940087028176986, 0.10681996481098455], [-0.6967197295301035, -0.717174639895393, -0.015561310176609944]]	0.9302590619342062	0.06974093806579401	[[0.08131232082416841, -0.05892628572822103, -0.9248231839887949], [0.6623427637343027, -0.6456078848573678, 0.0993702402609114], [-0.6481298420237278, -0.6671582077520906, -0.014476049807360385]]	0.9620790254162068	0.061022435201424204	[[0.06470523621339651, -0.05901312934273576, -0.9382399007106724], [0.6814124743658253, -0.6727637992070618, 0.0905202114548391], [-0.6792429347599814, -0.6949522439075415, -0.0034948881096598045]]	[[-0.019388412076566306, 0.001928758637295999, 0.018217309912213542], [-0.0035860456163895006, -0.005072582769844581, -0.012249036185506431], [-0.008943496385416243, -0.004973565303762669, 0.011476322019252392]]	0.11912551331099898	[[0.0, 0.0, -0.9791466570000004], [0.7071067811865475, -0.7071067811865476, 0.0], [-0.6923612409408388, -0.6923612409408387, 0.0]]
6	[[-0.30792515101507295, 0.09349718223056193, 0.9468053539599837], [0.3027085282091916, -0.9338174967034747, 0.1906631317268273], [0.9019698710720718, 0.34531602882779927, 0.2592434992682147]]	0.8841475574889189	0.1158524425110811	[[-0.2722512701593833, 0.0826653053012477, 0.837115641121151], [0.2676390058472223, -0.825632458850794, 0.1685743422194624], [0.7974744584369674, 0.3053103234498719, 0.22920950667287238]]	0.8841475574889189	0.11585244251108112	[[-0.2722512701593833, 0.08266530530124767, 0.837115641121151], [0.2676390058472222, -0.8256324588507938, 0.16857434221946233], [0.7974744584369674, 0.30531032344987175, 0.22920950667287238]]	[[0.0, 0.0, 0.0], [0.0, 0.0, 0.0], [0.0, 0.0, 0.0]]	0.3707200054019802	[[-0.47936408795713803, -0.1404024907053411, 0.8183256852089352], [0.5, -0.8535533905932737, 0.14644660940672619], [0.6779231945035941, 0.47936408795713814, 0.47936408795713803]]
6	[[0.8489524140446696, -0.5135124485683378, 0.12483895166604869], [0.522794976890395, 0.7815435453534784, -0.34040431673891397], [0.0772347773085365, 0.35425224329800037, 0.9319550081910795]]	0.8792985660632221	0.12070143393677785	[[0.746482640325389, -0.4515307596817535, 0.1097707111887925], [0.45969287352477955, 0.6872101187452804, -0.2993170275902579], [0.06791242893760842, 0.3114934895566113, 0.8194667023378547]]	0.9191932688758392	0.13747395684550665	[[0.7745798387977083, -0.4841862480264447, 0.06108396619556363], [0.505356654404747, 0.670774192412921, -0.2894647553552142], [0.024200320744727527, 0.29803429195259423, 0.85801473676562]]	[[-0.005771505788046284, -0.01216906181847808, -0.05366715786938456], [0.024807030644995884, -0.04761537380935562, 0.02343260128747463], [-0.04679336668040364, -0.027591985571093866, 0.0013679663412522107]]	0.42915317657714663	[[0.7021570337182418, -0.7021570337182417, 0.0], [0.7071067811865475, 0.7071067811865476, 0.0], [0.0, 0.0, 0.9930000000000001]]
6	[[0.04673222253661188, -0.9725397674033924, -0.22799671093185395], [-0.8377629715199755, -0.16246744520517667, 0.5213036857710898], [-0.5440306084466285, 0.16664552219444034, -0.8223502702654952]]	0.8624444376702342	0.1375555623297659	[[0.04030394538666858, -0.838761512810159, -0.19663449515028575], [-0.7225240148734897, -0.14011914441969822, 0.449595464130268], [-0.46919617217714793, 0.14372250367924658, -0.7092314164070901]]	0.8772737940486255	0.12563324342408053	[[0.008053473886135872, -0.8531836516131417, -0.23295901991267765], [-0.7693091487207224, -0.14252843206453258, 0.49168771044987947], [-0.477263795950556, 0.192782866124554, -0.7214263416327237]]	[[-0.032943480282882416, 3.6574610321340916e-18, -0.0329434802828824], [-0.03436164818194308, 4.277735404195847e-18, 0.0343616481819431], [9.302610193157543e-18, 0.046589116607822945, 0.0]]	0.330151598453064	[[-1.9143257376616405e-16, -0.9587281759142763, 0.0], [-0.7071067811865476, 1.3401577416544657e-16, 0.7071067811865475], [-0.677923194503594, 1.064402095256907e-16, -0.6779231945035941]]
6	[[0.3802729664721569, 0.7767473726770865, -0.5020517802076895], [0.4287143634067757, 0.332951791095048, 0.839849450446521], [0.8195098935212374, -0.5346088512602871, -0.20639019011321075]]	0.8619015888145418	0.13809841118545826	[[0.3277578739855711, 0.6694797946179017, -0.43271922702817667], [0.3695095909679149, 0.2869716777434692, 0.7238675757048765], [0.7063368792751905, -0.4607802182955586, -0.17788803277431164]]	0.8794476269903212	0.20548308207142693	[[0.34313459536401514, 0.6497929656576418, -0.44152824672991875], [0.40400872766082213, 0.3019974942939031, 0.7210827302784039], [0.6978063929727188, -0.45361470135740734, -0.08911120237638953]]	[[0.008704437391506796, -0.0333156680141883, -1.2706927439323508e-18], [0.026976898106066984, 0.009183831713185974, -0.017520875945914487], [-0.022909638179624277, 0.01654578425147375, 0.0923981605527549]]	0.36848809337706623	[[0.4861463152005001, 0.4861463152005002, -0.687514712254253], [0.5, 0.5000000000000001, 0.7071067811865475], [0.687514712254253, -0.6875147122542529, 0.0]]
6	[[0.5319609947059123, -0.8460851799387872, 0.03402011756955908], [-0.703274286200726, -0.4190807785627857, 0.5742617690636116], [-0.47161719485230363, -0.3294103357928521, -0.8179645788128509]]	0.8751755083005205	0.12482449169947958	[[0.46555923393779736, -0.7404730274184654, 0.02977357368638232], [-0.615488430900406, -0.36676923339766376, 0.5025798356378023], [-0.41274781822813045, -0.2882918580669545, -0.715862566034358]]	0.889774276462633	0.1553086691617701	[[0.5374729551332875, -0.7353916329475638, 0.0], [-0.5888691056763986, -0.393636512789743, 0.5814268866630166], [-0.3969413619102429, -0.38005077127912057, -0.7353916329475638]]	[[0.06414774596249198, 0.01743319585822713, -0.030270225495628134], [0.03688626348262706, -0.020749216264643374, 0.07046353659429003], [0.02269148640680215, -0.08694992808972261, -0.007587791662297105]]	0.29421658630641245	[[0.6827021092684733, -0.6827021092684732, 0.0], [-0.5, -0.5000000000000001, 0.7071067811865475], [-0.48274329099409663, -0.48274329099409674, -0.6827021092684733]]
6	[[0.22433838825039393, -0.7661379269479729, -0.6022499185961573], [-0.9416906372873723, -0.011392912655017143, -0.3362869982418849], [0.2507808429735371, 0.642575192824231, -0.724020780340167]]	0.8955513587182412	0.10444864128175899	[[0.20090654841030064, -0.6861158614438337, -0.5393457328867387], [-0.8433323297149525, -0.010202938407958887, -0.30116227819479885], [0.22458712466545702, 0.5754590870123759, -0.6483977935738778]]	0.9029930676049905	0.09375195225406757	[[0.1899019718221929, -0.7161804924167717, -0.5370121494592988], [-0.8692813552665818, -0.0064500299585089176, -0.325562846548109], [0.2441441995269211, 0.5654504543161659, -0.6718023106964333]]	[[-0.012674037565589748, -0.024363255553493363, 0.006815351998700991], [-0.018941237967558915, 0.003837691188800771, -0.021898018409995293], [0.017690836833681507, -0.014790490219054656, -0.018016565247306854]]	0.30111128802288334	[[0.14040249070534128, -0.8183256852089351, -0.47936408795713803], [-0.8535533905932738, 0.14644660940672602, -0.5], [0.47936408795713803, 0.47936408795713814, -0.6779231945035941]]
6	[[-0.3195682178843842, -0.5708200961323295, -0.7563336379995778], [0.910087742671785, 0.03735879733279218, -0.41272826520656647], [0.2638493031197415, -0.8202248094963509, 0.507557688474819]]	0.8480202577969093	0.15197974220309082	[[-0.27100032251401424, -0.4840670050777946, -0.641386246676876], [0.7717728421583343, 0.03168101694513697, -0.35000192986054357], [0.22374955405113806, -0.6955672544005161, 0.4304192018272193]]	0.8513389225027225	0.18014915229018788	[[-0.27387616263784625, -0.5341798547167864, -0.6585228262681803], [0.8108109627005092, 0.005459591333463933, -0.2764891616436753], [0.16916535374529326, -0.6994561587555771, 0.4784939662430101]]	[[-0.0018153003580394372, -0.048218489132588506, -0.014626561841055648], [0.03601784447137687, -0.02634540693383299, 0.07488247494370087], [-0.05545982767576168, -0.0011668532289530568, 0.04639035062888522]]	0.44079847554161333	[[-0.14040249070534128, -0.8183256852089351, -0.47936408795713803], [0.8535533905932738, 0.14644660940672602, -0.5], [0.47936408795713803, -0.47936408795713814, 0.6779231945035941]]
