6	[[0.5319609947059123, -0.8460851799387872, 0.03402011756955908], [-0.703274286200726, -0.4190807785627857, 0.5742617690636116], [-0.47161719485230363, -0.3294103357928521, -0.8179645788128509]]	0.8155832056933041	0.18441679430669602	[[0.43385845336604667, -0.6900528633440722, 0.02774623654544409], [-0.5735786968212583, -0.34179524482468243, 0.46835825452000823], [-0.38464306363772527, -0.268661537654442, -0.6671181733317583]]	0.8581693876149166	0.18676620357613913	[[0.5136820706035353, -0.7065828662613607, 0.006092705145839417], [-0.6002864707415914, -0.3892734011395798, 0.5641189237361343], [-0.36733374401191704, -0.3657238665933811, -0.7019521616905176]]	[[0.05716942954174056, 0.01950153447676485, -0.023102318315416565], [0.003241992772603459, -0.029631106039171427, 0.07130505304815599], [0.0373936952831492, -0.08303400045200515, 1.6143555976031362e-17]]	0.3155510765257042	[[0.6470335065745472, -0.6470335065745471, 0.0], [-0.5, -0.5000000000000001, 0.7071067811865475], [-0.4575217801537727, -0.4575217801537728, -0.6470335065745472]]
6	[[-0.30792515101507295, 0.09349718223056193, 0.9468053539599837], [0.3027085282091916, -0.9338174967034747, 0.1906631317268273], [0.9019698710720718, 0.34531602882779927, 0.2592434992682147]]	0.833249366154722	0.16675063384527816	[[-0.2565784369064066, 0.07790646783086824, 0.7889249610590537], [0.25223168925993766, -0.7781028372323594, 0.15886993366045313], [0.75156582336146, 0.2877343621438294, 0.21601448144497207]]	0.8523661317889107	0.2587059321872944	[[-0.25938016038687245, 0.08000488681781986, 0.7464869248481059], [0.24336332798746985, -0.8497655912307999, 0.11933461919823657], [0.6829324297794948, 0.26657811993829994, 0.1793752735690526]]	[[0.00308480946436145, 0.00031105526679290826, -0.06053789226379608], [-0.01465516926171316, -0.05381118376885513, -0.043180176866518774], [-0.08587614021634983, -0.02775756779835925, -0.041595105093616885]]	0.382099616394112	[[-0.44946939682306625, -0.13164653839364884, 0.7672922552524839], [0.5, -0.8535533905932737, 0.14644660940672619], [0.635645716858835, 0.44946939682306636, 0.44946939682306625]]
6	[[0.3802729664721569, 0.7767473726770865, -0.5020517802076895], [0.4287143634067757, 0.332951791095048, 0.839849450446521], [0.8195098935212374, -0.5346088512602871, -0.20639019011321075]]	0.7992857767958194	0.2007142232041809	[[0.30394677340114856, 0.6208431271443168, -0.40128284713502704], [0.34266529297910986, 0.26612363098096486, 0.6712797203916894], [0.6550226018349814, -0.42730525096149924, -0.16496474342767448]]	0.8637962360032415	0.22672194863572276	[[0.3339991310147032, 0.6265790707189942, -0.4152747947109227], [0.40079944481036317, 0.30786203704364573, 0.726721186272923], [0.6669814376620476, -0.4484916554960672, -0.08418572870739897]]	[[0.005520773922267167, -0.04437238612488041, 0.018395643311206154], [0.03047759137906441, 0.02025953312520571, 0.0012623921678272358], [-0.04090812372901447, 0.013301457956585619, 0.09409334066038591]]	0.37477030373642484	[[0.4657184244236286, 0.4657184244236287, -0.658625312066925], [0.5, 0.5000000000000001, 0.7071067811865475], [0.658625312066925, -0.658625312066925, 0.0]]
6	[[0.8489524140446696, -0.5135124485683378, 0.12483895166604869], [0.522794976890395, 0.7815435453534784, -0.34040431673891397], [0.0772347773085365, 0.35425224329800037, 0.9319550081910795]]	0.8475485021236986	0.1524514978763016	[[0.7195283468978576, -0.4352267066059673, 0.10580706649125239], [0.44309409958124796, 0.6623960612087854, -0.2885091687685076], [0.06546021981970752, 0.3002459581811803, 0.7898770712390285]]	0.9048683621396679	0.15506452113538235	[[0.7596532400848619, -0.47202100308378386, 0.05522462013740616], [0.5009566338876872, 0.6738530300363189, -0.2864318043255222], [0.019552673503744105, 0.2848638688004896, 0.8432966018497229]]	[[-0.008536940346255571, -0.007359834809421569, -0.05773819758788449], [0.027895999414029985, -0.03334099778851217, 0.021589292227291626], [-0.050334632939653325, -0.03568777837687514, 0.0]]	0.4325110798252945	[[0.6946617018376643, -0.6946617018376642, 0.0], [0.7071067811865475, 0.7071067811865476, 0.0], [0.0, 0.0, 0.9823999999999999]]
6	[[0.22433838825039393, -0.7661379269479729, -0.6022499185961573], [-0.9416906372873723, -0.011392912655017143, -0.3362869982418849], [0.2507808429735371, 0.642575192824231, -0.724020780340167]]	0.8102355399410873	0.18976446005891262	[[0.1817669351335712, -0.6207521769100363, -0.4879642879732334], [-0.7629912219600008, -0.009230942736539488, -0.2724716775956812], [0.20319155171354486, 0.5206372583106891, -0.5866273678874827]]	0.8209912441602985	0.17201439094577844	[[0.17305733810714863, -0.6938192943247093, -0.45646727053531777], [-0.845234538069098, -0.021726419997886534, -0.31833253538707124], [0.2438635157127924, 0.4895739675949294, -0.6481189713552266]]	[[-0.011122514375458411, -0.06482676448130116, 0.037974639428379774], [-0.07211477014843375, -0.012372938462634377, -0.04224385430553407], [0.037974639428379774, -0.03797463942837979, -0.05370425010584277]]	0.32490760389227596	[[0.131646538393649, -0.7672922552524838, -0.44946939682306625], [-0.8535533905932738, 0.14644660940672602, -0.5], [0.44946939682306625, 0.44946939682306636, -0.635645716858835]]
6	[[0.8592155572171323, 0.2624339665249735, -0.4391776855101157], [-0.4266000482917053, 0.8413623931712975, -0.33184593135155627], [0.2824199444684594, 0.4724804086637203, 0.8348660002631537]]	0.8226140311380962	0.1773859688619038	[[0.7068027731389508, 0.2158818631106687, -0.3612737262633754], [-0.35092718540894613, 0.6921165098946369, -0.2729811193058797], [0.2323226089929967, 0.388669013604638, 0.6867724859366118]]	0.8470042115019811	0.19138546583818208	[[0.7420736380354778, 0.1618392137640583, -0.34216301136279786], [-0.35496476204855265, 0.7530484942543807, -0.3876093540174885], [0.26458323587089466, 0.3942186538335202, 0.7165902483785717]]	[[0.014314442484545204, -0.06044346112376425, 0.029822337861962752], [0.006367275481470251, 0.04041100383890584, -0.10653445259292307], [0.025372353493953913, -0.005974242156828028, 0.009455230115866247]]	0.43402939966801	[[0.7810385334410465, -0.13400502686649926, -0.4575217801537727], [-0.14644660940672619, 0.8535533905932737, -0.5], [0.4575217801537727, 0.4575217801537728, 0.6470335065745472]]
6	[[-0.42203838922340475, -0.825029846081567, 0.3757783270710803], [0.2588054115689476, 0.28760896992378115, 0.9221175843470338], [-0.8688517462515349, 0.4864224845687207, 0.09214016247897017]]	0.7760360871949317	0.22396391280506836	[[-0.3275170202189826, -0.640252933572176, 0.2916175425928984], [0.20084233893884, 0.22319493966181594, 0.7155965220903148], [-0.674260309513525, 0.37748140164834704, 0.07150409116368528]]	0.8587389742323158	0.230869405294389	[[-0.28553916200834945, -0.6458976868389079, 0.3393711383782759], [0.25763596703658986, 0.233173009815687, 0.8305555305965212], [-0.7508243264241626, 0.3810276557135333, 0.022785699787323015]]	[[0.07688165144001607, 0.0625875968962225, 0.016675643250520768], [0.0353896733800995, -0.013808021996673756, 0.0386972220927683], [-0.004707469088163046, -0.036682289728544586, -0.05633864882546674]]	0.491503711457997	[[-0.4657184244236286, -0.4657184244236287, 0.658625312066925], [0.5, 0.5000000000000001, 0.7071067811865475], [-0.658625312066925, 0.658625312066925, 0.0]]
6	[[0.034229894132735264, 0.2773841392786001, 0.9601491309293217], [-0.1827544195208179, -0.9427759796974285, 0.2788803941677556], [0.9825625356654255, -0.18501754344446375, 0.018422055382213542]]	0.8794308329733229	0.1205691670266772	[[0.030102824309740036, 0.2439401646593675, 0.8443847499917854], [-0.16071987138874902, -0.8291062651325501, 0.24525601734287797], [0.8640957891886254, -0.1627101323460427, 0.01620092350986074]]	0.924694296362629	0.12453563058990198	[[0.009667831735018733, 0.23974684167511784, 0.8711375836668368], [-0.16433379212595067, -0.8272104073500286, 0.25281718588653257], [0.9048213879752774, -0.16243149150474473, 0.0]]	[[-0.021984356134618185, -0.016748689817260725, -0.01670684136104224], [0.0046581772400127106, 0.0445691638238731, -0.005061923967752798], [-0.0037485845741437257, 0.00865317564537583, -0.017034769539209335]]	0.3458140341282392	[[0.0, 0.0, 0.9823999999999999], [0.0, -1.0, 0.0], [0.9823999999999999, 0.0, 0.0]]
6	[[0.8787972042104137, -0.3840163418041313, 0.28327887866788265], [-0.395223040501579, -0.9183905790867732, -0.018907472103605397], [0.2674214316928388, -0.09534250611366366, -0.9588511794847616]]	0.8080338101535083	0.1919661898464917	[[0.7100978532703913, -0.3102981878292042, 0.22889891166602258], [-0.3193535792769453, -0.7420906388285724, -0.015277876724247429], [0.21608555836747062, -0.07703996848460777, -0.7747841719292574]]	0.8502431683052685	0.2448767008754229	[[0.6947343388379486, -0.31531910555840376, 0.14764075954113529], [-0.35982424907842636, -0.8405041264596438, -0.025232851965245863], [0.13440630936248169, -0.05630326081615048, -0.8152566647783674]]	[[-0.05245698036772569, 0.011188165578139704, -0.093215171771409], [-0.023788558935122415, -0.059648810755195375, -0.009156902979232932], [-0.0929669359927685, 0.024761053656095343, 0.0]]	0.4750298332432938	[[0.6824356558853214, -0.6824356558853213, 0.0], [-0.7071067811865475, -0.7071067811865476, 0.0], [0.0, 0.0, -0.9651097599999999]]
6	[[-0.5446221603179724, 0.8109226453022452, -0.2139887049042392], [-0.8354447797583356, -0.5021691245819775, 0.22328947644507607], [0.07361197229480154, 0.30038414347728, 0.9509735242804028]]	0.8233872337334897	0.1766127662665103	[[-0.44843493401417245, 0.6677033536872597, -0.1761955677813136], [-0.6878945661423006, -0.4134796463559226, 0.18385370433191042], [0.06061115823748293, 0.24733246895516128, 0.7830194595110284]]	0.8649490465284587	0.16041128314793493	[[-0.48587079970346764, 0.6866063874443442, -0.13846160543870606], [-0.7612711275881006, -0.44665357544214035, 0.20571640198504096], [0.055529382351519815, 0.22133048055481375, 0.838705525270695]]	[[-0.014800381418168196, -0.014800381418168192, 0.046627720836075345], [-0.03865396190894996, -0.012302869938928198, 0.012582382234033667], [-0.008141222897948077, -0.03848649793812726, 0.016161882170552606]]	0.39019545565886393	[[-0.6824356558853214, 0.6824356558853213, 0.0], [-0.7071067811865475, -0.7071067811865476, 0.0], [0.0, 0.0, 0.9651097599999999]]
6	[[0.08740825448676931, -0.06334395238859675, -0.994156597696443], [0.7119981850616444, -0.6940087028176986, 0.10681996481098455], [-0.6967197295301035, -0.717174639895393, -0.015561310176609944]]	0.8871798393673525	0.1128201606326477	[[0.07754684117495265, -0.056197477505008496, -0.8819956906503239], [0.631670435452836, -0.6157105294853504, 0.09476851922223549], [-0.6181156977285825, -0.6362628818207334, -0.013805680662830357]]	0.9415402293806265	0.09259521438450506	[[0.07026021256344511, -0.06042718647030294, -0.9043806895304597], [0.6770587161045931, -0.6594790906584095, 0.10667706095739266], [-0.6492150284961989, -0.6697113091652517, 0.0]]	[[-0.012038175415787862, -0.0007863070084680717, 0.03165774150491243], [0.00668378162306252, -0.006041977415282538, 0.006101766786827813], [0.006774625459582687, 0.005537465787824674, 0.014651599553148403]]	0.13621254175747222	[[0.0, 0.0, -0.9481238282239999], [0.7071067811865475, -0.7071067811865476, 0.0], [-0.6704247883417397, -0.6704247883417396, 0.0]]
6	[[-0.3195682178843842, -0.5708200961323295, -0.7563336379995778], [0.910087742671785, 0.03735879733279218, -0.41272826520656647], [0.2638493031197415, -0.8202248094963509, 0.507557688474819]]	0.7965792423791697	0.20342075762083023	[[-0.2545614088908042, -0.45470343971189586, -0.6024796763435849], [0.7249570045560594, 0.029759242475552557, -0.3287707688067157], [0.2101768779813955, -0.6533740573292022, 0.40430991894899393]]	0.8233303213901455	0.1916511696930438	[[-0.29257579196743866, -0.494231105664092, -0.6217832639676396], [0.7866832397421003, 0.007270614960047276, -0.3079009100745261], [0.18434445285240736, -0.6632582683192376, 0.4380539039438636]]	[[-0.029465588430612692, -0.024257612459507333, 0.0009291532847307236], [0.03738040607490729, -0.023488015654709888, 0.03191078516479346], [-0.03289067868373527, 0.012057687695563892, 0.02016626916785152]]	0.441020665949293	[[-0.131646538393649, -0.7672922552524838, -0.44946939682306625], [0.8535533905932738, 0.14644660940672602, -0.5], [0.44946939682306625, -0.44946939682306636, 0.635645716858835]]
6	[[-0.8305561570912853, 0.32773595720904825, 0.4502950280316503], [-0.5100865793185324, -0.772219296347621, -0.37879947194723407], [0.22358030216652452, -0.5443036842615101, 0.808545204538665]]	0.8179253123194975	0.1820746876805026	[[-0.6793329041877709, 0.26806353515854026, 0.36830770143870445], [-0.41721272469909476, -0.6316177091442704, -0.30982967639890213], [0.18287198847804215, -0.4451997609462487, 0.6613295889467196]]	0.8250555381156971	0.169614042876363	[[-0.6936450621469351, 0.27879047155765363, 0.37257660410837323], [-0.43404909889424265, -0.6646996534624056, -0.3125306021653671], [0.18899965925109763, -0.4406906640940573, 0.6789600991343224]]	[[-0.008390105022679313, 0.00839010502267932, 0.001058197444897187], [-0.013199341708995739, -0.027575846370994195, -2.367703050820135e-18], [0.004533492735025586, 0.00839010502267932, 0.011865400312807714]]	0.39809937888240016	[[-0.6470335065745472, 0.4575217801537728, 0.4575217801537727], [-0.7071067811865475, -0.5000000000000001, -0.5], [0.0, -0.6470335065745471, 0.6470335065745472]]
6	[[0.04673222253661188, -0.9725397674033924, -0.22799671093185395], [-0.8377629715199755, -0.16246744520517667, 0.5213036857710898], [-0.5440306084466285, 0.16664552219444034, -0.8223502702654952]]	0.7849693111536888	0.2150306888463113	[[0.03668336053324507, -0.7634138712882096, -0.17897042112548409], [-0.6576182226641027, -0.12753195854760718, 0.40920739512161136], [-0.4270473319588722, 0.13081162076381667, -0.6455197251773555]]	0.8085864497520603	0.21998829394180494	[[-0.03896731216989307, -0.7863824777674038, -0.2987856348842273], [-0.8011902858050457, -0.1398397024092962, 0.5069023891563699], [-0.4475104439717651, 0.2778164916071062, -0.6649412854866241]]	[[-0.07675435407979524, 8.521445113962049e-18, -0.11443058383669279], [-0.12378649892997225, -0.008470727690554987, 0.08538329263606083], [-0.007614665731452381, 0.14306918044882544, 0.0]]	0.3523266275976142	[[-0.131646538393649, -0.7672922552524838, -0.44946939682306625], [-0.8535533905932738, -0.14644660940672602, 0.5], [-0.44946939682306625, 0.44946939682306636, -0.635645716858835]]
