6	[[0.22433838825039393, -0.7661379269479729, -0.6022499185961573], [-0.9416906372873723, -0.011392912655017143, -0.3362869982418849], [0.2507808429735371, 0.642575192824231, -0.724020780340167]]	0.924560752360071	0.07543924763992918	[[0.20741446902402996, -0.7083410581506028, -0.5568166378460547], [-0.8706502041008477, -0.01053343989589526, -0.31091776010342703], [0.23186212485710625, 0.5940998037254887, -0.6694011973956303]]	0.9249256767725333	0.07333459662601811	[[0.20129269293755442, -0.7148242832244602, -0.5570364135437538], [-0.8758733498972144, -0.005658097554018811, -0.3155791560786636], [0.23515976189307633, 0.5911281741160019, -0.6765605836225957]]	[[-0.006203642641000596, -0.006203642641000595, 0.0], [-0.00487949989383332, 0.0048794998938333205, -0.00453867663998442], [0.003206120984191103, -0.003206120984191104, -0.006895173369088915]]	0.2887382828225178	[[0.14627096131997602, -0.8525296385200481, -0.49940029992001195], [-0.8535533905932738, 0.14644660940672602, -0.5], [0.49940029992001195, 0.49940029992001206, -0.7062586772000724]]
6	[[0.8787972042104137, -0.3840163418041313, 0.28327887866788265], [-0.395223040501579, -0.9183905790867732, -0.018907472103605397], [0.2674214316928388, -0.09534250611366366, -0.9588511794847616]]	0.8679429888510891	0.1320570111489111	[[0.7627458720163675, -0.3333042914731392, 0.2458699166293871], [-0.3430310670357556, -0.7971106641452566, -0.016410607849221853], [0.23210655670631983, -0.08275185972084645, -0.8322281585853959]]	0.8679429888510892	0.13205701114891102	[[0.7627458720163673, -0.3333042914731392, 0.24586991662938712], [-0.3430310670357556, -0.7971106641452566, -0.01641060784922186], [0.23210655670631988, -0.08275185972084646, -0.8322281585853959]]	[[0.0, 0.0, 0.0], [0.0, 0.0, 0.0], [0.0, 0.0, 0.0]]	0.46840371618423093	[[0.7068239667583442, -0.7068239667583441, 0.0], [-0.7071067811865475, -0.7071067811865476, 0.0], [0.0, 0.0, -0.99960004]]
6	[[0.034229894132735264, 0.2773841392786001, 0.9601491309293217], [-0.1827544195208179, -0.9427759796974285, 0.2788803941677556], [0.9825625356654255, -0.18501754344446375, 0.018422055382213542]]	0.898530714294701	0.10146928570529926	[[0.030756611225318604, 0.24923816880002134, 0.8627234844433598], [-0.16421045911255394, -0.8471131744574169, 0.2505825997743412], [0.8828626170106672, -0.16624394546820487, 0.016552782581356878]]	0.9370369414719192	0.12226703037022647	[[0.011773841347496462, 0.25177370516918124, 0.891817581928181], [-0.1635486634708326, -0.8262261435823022, 0.25597853747864857], [0.928389505754863, -0.16758092182143555, -0.0018764079239783375]]	[[-0.02030083395754939, -0.008145480313259084, -0.007877623074752002], [0.00769897883743062, 0.057189776926568424, -0.00534269410878845], [0.00769211253003916, 0.00578735120641269, -0.01913855435495402]]	0.33847976900226967	[[0.0, 0.0, 0.9998], [0.0, -1.0, 0.0], [0.9998, 0.0, 0.0]]
6	[[0.04673222253661188, -0.9725397674033924, -0.22799671093185395], [-0.8377629715199755, -0.16246744520517667, 0.5213036857710898], [-0.5440306084466285, 0.16664552219444034, -0.8223502702654952]]	0.9061191382973611	0.09388086170263898	[[0.04234496121559538, -0.8812368959994781, -0.20659218324420403], [-0.7591130618511168, -0.1472148614506885, 0.4723632465421381], [-0.4929565461330482, 0.15100069697194002, -0.7451473182715724]]	0.908029213107133	0.08836420337281035	[[0.02626730233786151, -0.893140297820838, -0.21314881682712997], [-0.7668417451241147, -0.1475251864251829, 0.49371140474398223], [-0.5040414634041284, 0.17002138367342184, -0.7467180688076158]]	[[-0.016166920918805713, -0.010045778110141523, -0.006121142808664198], [-0.006128493324538059, -6.426650216875616e-19, 0.020352429163411588], [-0.010045778110141521, 0.018702381287376963, -1.7284939234316477e-18]]	0.3170183284840055	[[-1.994339733723029e-16, -0.9988005998400241, 0.0], [-0.7071067811865476, 1.3401577416544657e-16, 0.7071067811865475], [-0.7062586772000723, 1.1088914229518122e-16, -0.7062586772000724]]
6	[[-0.5446221603179724, 0.8109226453022452, -0.2139887049042392], [-0.8354447797583356, -0.5021691245819775, 0.22328947644507607], [0.07361197229480154, 0.30038414347728, 0.9509735242804028]]	0.8895812342598048	0.1104187657401953	[[-0.48448565358090306, 0.7213815676971973, -0.1903603362263703], [-0.743195998333331, -0.4467202296528012, 0.19863412805323635], [0.0654838291703081, 0.267216097106593, 0.8459682014777571]]	0.8895812342598047	0.11041876574019531	[[-0.4844856535809031, 0.7213815676971974, -0.19036033622637025], [-0.7431959983333312, -0.4467202296528012, 0.19863412805323633], [0.0654838291703081, 0.267216097106593, 0.8459682014777571]]	[[0.0, 0.0, 0.0], [0.0, 0.0, 0.0], [0.0, 0.0, 0.0]]	0.3804648529651067	[[-0.7068239667583442, 0.7068239667583441, 0.0], [-0.7071067811865475, -0.7071067811865476, 0.0], [0.0, 0.0, 0.99960004]]
6	[[-0.8305561570912853, 0.32773595720904825, 0.4502950280316503], [-0.5100865793185324, -0.772219296347621, -0.37879947194723407], [0.22358030216652452, -0.5443036842615101, 0.808545204538665]]	0.8945091149267281	0.10549088507327194	[[-0.7429400529766702, 0.2931628010127298, 0.4027930069804978], [-0.45627709460222265, -0.6907571993052511, -0.3388395803862324], [0.1999946182060283, -0.4868846068601207, 0.7232510552901315]]	0.8945091149267281	0.10549088507327191	[[-0.7429400529766702, 0.29316280101272973, 0.40279300698049775], [-0.4562770946022228, -0.6907571993052513, -0.33883958038623224], [0.1999946182060283, -0.4868846068601207, 0.7232510552901316]]	[[0.0, 0.0, 0.0], [0.0, 0.0, 0.0], [0.0, 0.0, 0.0]]	0.3621807457861428	[[-0.7063999571915107, 0.49950019996000405, 0.49950019996000394], [-0.7071067811865475, -0.5000000000000001, -0.5], [0.0, -0.7063999571915106, 0.7063999571915107]]
6	[[-0.42203838922340475, -0.825029846081567, 0.3757783270710803], [0.2588054115689476, 0.28760896992378115, 0.9221175843470338], [-0.8688517462515349, 0.4864224845687207, 0.09214016247897017]]	0.8707811571561401	0.12921884284385993	[[-0.36750307693226986, -0.7184204440592591, 0.3272206864811538], [0.2253628757642792, 0.2504444716387157, 0.8029626171317348], [-0.7565797289980446, 0.4235675339795153, 0.08023391730399243]]	0.8861153200241714	0.18649544762280065	[[-0.3060674728311117, -0.6931327671368899, 0.3575498631595117], [0.25302829476953426, 0.23309478354693297, 0.8343903297871366], [-0.8003756008131031, 0.39949735414183296, 0.019917569197028074]]	[[0.06790720949807143, 0.037938818953170576, 0.024566930608773758], [0.023696854673128848, -0.021759930878900654, 0.017287811433549065], [-0.030472757629864185, -0.03152906143873153, -0.06172924036510372]]	0.47677408517341124	[[-0.4996001199840007, -0.49960011998400083, 0.7065412654445996], [0.5, 0.5000000000000001, 0.7071067811865475], [-0.7065412654445996, 0.7065412654445995, 0.0]]
6	[[0.8489524140446696, -0.5135124485683378, 0.12483895166604869], [0.522794976890395, 0.7815435453534784, -0.34040431673891397], [0.0772347773085365, 0.35425224329800037, 0.9319550081910795]]	0.8866009158723226	0.11339908412767737	[[0.7526819878240233, -0.4552806072125272, 0.11068232888365938], [0.46351050532447396, 0.6929172231044961, -0.3018027789876134], [0.06847642429894336, 0.314080363357832, 0.826272163814009]]	0.9250868066434766	0.13109059451695304	[[0.7809182051841868, -0.49392558219430105, 0.06873251818192894], [0.5091656827306463, 0.6682851386329677, -0.2916648344223539], [0.026860969949734456, 0.3065327779572332, 0.8647787596135847]]	[[-0.004436472516667296, -0.018881990976544936, -0.04675434895953539], [0.025534947029860755, -0.05471048399090263, 0.02323870791730266], [-0.04458790355243963, -0.021181298541601872, 0.0026394771507039436]]	0.4270621848518992	[[0.7069653598303103, -0.7069653598303102, 0.0], [0.7071067811865475, 0.7071067811865476, 0.0], [0.0, 0.0, 0.9998]]
6	[[0.8592155572171323, 0.2624339665249735, -0.4391776855101157], [-0.4266000482917053, 0.8413623931712975, -0.33184593135155627], [0.2824199444684594, 0.4724804086637203, 0.8348660002631537]]	0.8686445726236437	0.13135542737635633	[[0.7463529304904617, 0.22796184069401323, -0.3814893129357754], [-0.3705638166295741, 0.7308448764378879, -0.28825616721576763], [0.24532255196319816, 0.4104175426567418, 0.7252018199965979]]	0.89463959790032	0.14438108734644892	[[0.779992275911372, 0.1556367007390612, -0.3920658469546523], [-0.3663567178250189, 0.7588801941292609, -0.37507530086954655], [0.309988927556668, 0.4260632201271008, 0.762357972439002]]	[[0.011304015292937366, -0.07914711754822719, 0.0008399010169108068], [0.015296577842929468, 0.006164081014040502, -0.07819279028033303], [0.05732486199837471, 0.0033635373044111935, 0.01545378966292586]]	0.4138410879812797	[[0.8527001785557594, -0.14630022136424872, -0.49950019996000394], [-0.14644660940672619, 0.8535533905932737, -0.5], [0.49950019996000394, 0.49950019996000405, 0.7063999571915107]]
6	[[0.08740825448676931, -0.06334395238859675, -0.994156597696443], [0.7119981850616444, -0.6940087028176986, 0.10681996481098455], [-0.6967197295301035, -0.717174639895393, -0.015561310176609944]]	0.9351122952840901	0.0648877047159099	[[0.08173653347989872, -0.05923370871046682, -0.9296480579437426], [0.6657982570711007, -0.6489760710389922, 0.0998886624765655], [-0.6515111854506055, -0.6706388236321216, -0.014551572476877394]]	0.9724242661353856	0.045805376947753114	[[0.07061895553408903, -0.05644478051633795, -0.9521324372721462], [0.6788102567083664, -0.6713155708589807, 0.08991954346111024], [-0.6842571042648393, -0.7117911067095836, -0.010022655272776756]]	[[-0.014378952189382642, 0.005152415899258038, 0.014609562666469228], [-0.013554055889929742, 0.0035553326700904983, -0.013954782428819099], [-0.006749932574484253, -0.014393083818396747, 0.005109540355818276]]	0.10923614931390851	[[0.0, 0.0, -0.9994001199920001], [0.7071067811865475, -0.7071067811865476, 0.0], [-0.7066826019649926, -0.7066826019649924, 0.0]]
6	[[-0.30792515101507295, 0.09349718223056193, 0.9468053539599837], [0.3027085282091916, -0.9338174967034747, 0.1906631317268273], [0.9019698710720718, 0.34531602882779927, 0.2592434992682147]]	0.9024180009061107	0.0975819990938893	[[-0.2778771992077343, 0.08437354027885803, 0.8544141947677711], [0.2731696248837697, -0.8426937185862986, 0.17205784217942197], [0.8139538479304015, 0.3116194004156195, 0.23394600035752705]]	0.9024180009061108	0.09758199909388919	[[-0.2778771992077344, 0.08437354027885806, 0.8544141947677714], [0.2731696248837697, -0.8426937185862984, 0.17205784217942194], [0.8139538479304016, 0.3116194004156194, 0.23394600035752716]]	[[0.0, 0.0, 0.0], [0.0, 0.0, 0.0], [0.0, 0.0, 0.0]]	0.36768833318727784	[[-0.49940029992001195, -0.14627096131997586, 0.8525296385200483], [0.5, -0.8535533905932737, 0.14644660940672619], [0.7062586772000724, 0.49940029992001206, 0.49940029992001195]]
6	[[0.3802729664721569, 0.7767473726770865, -0.5020517802076895], [0.4287143634067757, 0.332951791095048, 0.839849450446521], [0.8195098935212374, -0.5346088512602871, -0.20639019011321075]]	0.8821690541240157	0.11783094587598435	[[0.33546504314167624, 0.6852224950478597, -0.4428945440670956], [0.3781985444559348, 0.2937197666192154, 0.7408891953069819], [0.7229462676129028, -0.4716153846426142, -0.18207103879264688]]	0.8905995178032625	0.1934073080653752	[[0.345009677939751, 0.6711597680935153, -0.44712707336523777], [0.4031778099823144, 0.3021223079425309, 0.7219653474629425], [0.7154112774268135, -0.4616785465675643, -0.09262876086640802]]	[[0.006338757366031792, -0.02061106746764898, 5.547626254593973e-19], [0.021365004656907265, 0.005595603341548577, -0.026004168132064163], [-0.014443838578203565, 0.014443838578203569, 0.09118224292774114]]	0.36647868184386484	[[0.4996001199840007, 0.49960011998400083, -0.7065412654445996], [0.5, 0.5000000000000001, 0.7071067811865475], [0.7065412654445996, -0.7065412654445995, 0.0]]
6	[[0.5319609947059123, -0.8460851799387872, 0.03402011756955908], [-0.703274286200726, -0.4190807785627857, 0.5742617690636116], [-0.47161719485230363, -0.3294103357928521, -0.8179645788128509]]	0.898681468382616	0.10131853161738424	[[0.4780634878445862, -0.7603610718841589, 0.03057324921196059], [-0.6320195681986044, -0.3766201294497341, 0.5160784098580851], [-0.42383363318435846, -0.29603496427073095, -0.7350896087725007]]	0.9064543909732299	0.13756146107728928	[[0.5428233166457646, -0.7556204177310413, -0.007557097423157075], [-0.5877685036376974, -0.39334839408319655, 0.5829833729929235], [-0.41403392104968567, -0.3800554994748141, -0.7502767428970397]]	[[0.06062493716810333, 0.011317208761847676, -0.03839478237550944], [0.049717561147514605, -0.013470782182479471, 0.06244127085715795], [0.013465556082662311, -0.08146005416341717, -0.008829158771562394]]	0.28216403822978825	[[0.7063999571915107, -0.7063999571915106, 0.0], [-0.5, -0.5000000000000001, 0.7071067811865475], [-0.49950019996000394, -0.49950019996000405, -0.7063999571915107]]
6	[[-0.3195682178843842, -0.5708200961323295, -0.7563336379995778], [0.910087742671785, 0.03735879733279218, -0.41272826520656647], [0.2638493031197415, -0.8202248094963509, 0.507557688474819]]	0.8765184942018983	0.1234815057981017	[[-0.2801074531348046, -0.5003343711220922, -0.6629404214936334], [0.7977087377982778, 0.03274567678333289, -0.3617639575334214], [0.23126879386673596, -0.7189422149267805, 0.4448837008225445]]	0.8765184942018984	0.12348150579810184	[[-0.2801074531348046, -0.5003343711220923, -0.6629404214936334], [0.7977087377982777, 0.032745676783332886, -0.3617639575334214], [0.231268793866736, -0.7189422149267802, 0.4448837008225445]]	[[0.0, 0.0, 0.0], [0.0, 0.0, 0.0], [0.0, 0.0, 0.0]]	0.4450486788419248	[[-0.14627096131997602, -0.8525296385200481, -0.49940029992001195], [0.8535533905932738, 0.14644660940672602, -0.5], [0.49940029992001195, -0.49940029992001206, 0.7062586772000724]]
6	[[0.50607966, 0.26960331, 0.8192664], [-0.59451586, 0.79721188, 0.10490047], [-0.62484739, -0.54015486, 0.56373616]]	0.8946943758394956	0.10530562456101185	[[ 0.45278663  0.24121257  0.73299304]
 [-0.53191     0.71326099  0.09385386]
 [-0.55904745 -0.48327352  0.50437157]]	0.9344782879192584	0.10505830556077302	[[ 0.44084322  0.26228253  0.7407519 ]
 [-0.57323236  0.74714213  0.08945349]
 [-0.56396197 -0.51617279  0.53408233]]	[[-0.03207723418463936, 0.010344089174419473, -0.0248347581553541], [-0.017670192546312115, 0.0021649345550347134, -0.00857372202689563], [0.019944350697707905, -0.011409801713981432, 0.007283129968364855]]	0.26021655863159543	WordDict: (word: RRHRHT, matrix: [[ 4.99400300e-01  4.99400300e-01  7.06258677e-01]
 [-7.07106781e-01  7.07106781e-01  1.26841090e-16]
 [-4.99400300e-01 -4.99400300e-01  7.06258677e-01]])
