6	[[0.22433838825039393, -0.7661379269479729, -0.6022499185961573], [-0.9416906372873723, -0.011392912655017143, -0.3362869982418849], [0.2507808429735371, 0.642575192824231, -0.724020780340167]]	0.9146333752553893	0.08536662474461074	[[0.2051873772448119, -0.7007353180355913, -0.5508378757928867], [-0.8613016860285478, -0.010420338155648226, -0.3075793122564785], [0.22937252885827802, 0.587720717468209, -0.6622135700775679]]	0.9174547532135442	0.08071662496811037	[[0.1970848834620874, -0.7146533730272164, -0.5512856892448693], [-0.8715461696434733, -0.005955722105429839, -0.32053889340888475], [0.23927801642315924, 0.5821054169029926, -0.6729917435149678]]	[[-0.008735437166502116, -0.011756490331627633, 0.0012513611936451562], [-0.007587618407482144, 0.004496759762862414, -0.012010788427952607], [0.009197940022188164, -0.007428248050707801, -0.008735437166502116]]	0.2949439196899145	[[0.14313918678882934, -0.8342763188941236, -0.4887077528414763], [-0.8535533905932738, 0.14644660940672602, -0.5], [0.4887077528414763, 0.4887077528414764, -0.6911371321052945]]
6	[[-0.8305561570912853, 0.32773595720904825, 0.4502950280316503], [-0.5100865793185324, -0.772219296347621, -0.37879947194723407], [0.22358030216652452, -0.5443036842615101, 0.808545204538665]]	0.8859582850536122	0.11404171494638796	[[-0.7358381085773135, 0.2903603865993324, 0.3989426108030891], [-0.4519154310419102, -0.6841540834774456, -0.33560053054558536], [0.19808282107922248, -0.48223035865669023, 0.7163373228013975]]	0.8859582850536123	0.11404171494638786	[[-0.7358381085773136, 0.29036038659933244, 0.3989426108030892], [-0.45191543104191023, -0.6841540834774454, -0.33560053054558536], [0.1980828210792225, -0.4822303586566903, 0.716337322801398]]	[[0.0, 0.0, 0.0], [0.0, 0.0, 0.0], [0.0, 0.0, 0.0]]	0.3693678066703937	[[-0.69377347129622, 0.49057192616088774, 0.49057192616088763], [-0.7071067811865475, -0.5000000000000001, -0.5], [0.0, -0.6937734712962199, 0.69377347129622]]
6	[[0.034229894132735264, 0.2773841392786001, 0.9601491309293217], [-0.1827544195208179, -0.9427759796974285, 0.2788803941677556], [0.9825625356654255, -0.18501754344446375, 0.018422055382213542]]	0.8950325158515006	0.10496748414849949	[[0.030636868262952557, 0.2482678240358285, 0.8593646922483026], [-0.1635711478866982, -0.8438151569929527, 0.24960702081362446], [0.8794254182780555, -0.1655967173857627, 0.016488338575898265]]	0.9351670512552479	0.12228683005916972	[[0.012377985095615036, 0.24489578920642194, 0.8903876912104292], [-0.16305130421861036, -0.8280795978185532, 0.2520012623764756], [0.9248206583256462, -0.16689438230557385, 0.0]]	[[-0.019632684065274315, -0.014504718387721533, -0.0075121403260336285], [0.007854607388537445, 0.05357343510936856, -0.008798493490285612], [0.00596054917353095, 0.006127928227875048, -0.01722769920984551]]	0.3399792212641687	[[0.0, 0.0, 0.9962], [0.0, -1.0, 0.0], [0.9962, 0.0, 0.0]]
6	[[0.04673222253661188, -0.9725397674033924, -0.22799671093185395], [-0.8377629715199755, -0.16246744520517667, 0.5213036857710898], [-0.5440306084466285, 0.16664552219444034, -0.8223502702654952]]	0.8867922035250368	0.11320779647496314	[[0.041441770598864544, -0.8624406833513811, -0.2021857056837196], [-0.7429216715458817, -0.14407486373458187, 0.462288044210668], [-0.4824421020494522, 0.14777994983438814, -0.7292538082381482]]	0.8921532742430686	0.10752310500095179	[[0.01665299115091285, -0.8714801278795989, -0.22462173631321508], [-0.7691168737277484, -0.14494586319770475, 0.4923218970758781], [-0.48918427867317854, 0.18249967470819278, -0.7336624861920341]]	[[-0.025039314197781246, -0.003825590059070086, -0.02121372413871116], [-0.021703895646599573, 4.815564842134577e-18, 0.027239106940220616], [-0.0038255900590700824, 0.03382632644447691, -5.990350889251584e-18]]	0.3237029976600324	[[-1.9516393759201937e-16, -0.9774155056829528, 0.0], [-0.7071067811865476, 1.3401577416544657e-16, 0.7071067811865475], [-0.6911371321052944, 1.0851491990348547e-16, -0.6911371321052945]]
6	[[0.08740825448676931, -0.06334395238859675, -0.994156597696443], [0.7119981850616444, -0.6940087028176986, 0.10681996481098455], [-0.6967197295301035, -0.717174639895393, -0.015561310176609944]]	0.9313931110345595	0.06860688896544054	[[0.08141144607653256, -0.058998120880440125, -0.925950606384023], [0.663150204635525, -0.6463949248024354, 0.09949137934590506], [-0.6489199564061999, -0.6679715190072599, -0.014493697097166486]]	0.9670972989261652	0.05456146003967795	[[0.06814328028880798, -0.05732104193557148, -0.9437093682652923], [0.679531850267028, -0.6726121671580154, 0.09007807517229277], [-0.6808163227831057, -0.7029363809672426, -0.00765247812719068]]	[[-0.01638900652919749, 0.0039387233227480434, 0.01773679207656401], [-0.00903967134642025, -0.0014382252317674724, -0.013227224267798404], [-0.007020554245974103, -0.009358723866062854, 0.007396822912361043]]	0.11435979752065352	[[0.0, 0.0, -0.9886432651279999], [0.7071067811865475, -0.7071067811865476, 0.0], [-0.6990763569464186, -0.6990763569464185, 0.0]]
6	[[-0.42203838922340475, -0.825029846081567, 0.3757783270710803], [0.2588054115689476, 0.28760896992378115, 0.9221175843470338], [-0.8688517462515349, 0.4864224845687207, 0.09214016247897017]]	0.8564545446442454	0.14354545535575464	[[-0.36145669646472195, -0.7066005611437005, 0.32183705599883844], [0.22165507091674955, 0.24632400937167254, 0.7897517958103906], [-0.7441320266992157, 0.41659874752602627, 0.07891386089937319]]	0.8814237662772927	0.19265398015475402	[[-0.30054516636924894, -0.6850547450106388, 0.35701261775014487], [0.25752519774521415, 0.23424257821660582, 0.8288955220357894], [-0.795811262581238, 0.4027868277613228, 0.02224822262374729]]	[[0.0714495001736464, 0.042146169213751104, 0.025792669417772977], [0.02940795714716752, -0.019262803268746007, 0.016119167890107602], [-0.029984684063607513, -0.025957510589197257, -0.058966306413868255]]	0.47936119198208754	[[-0.4924432103602566, -0.49244321036025673, 0.6964198667900221], [0.5, 0.5000000000000001, 0.7071067811865475], [-0.6964198667900221, 0.696419866790022, 0.0]]
6	[[-0.3195682178843842, -0.5708200961323295, -0.7563336379995778], [0.910087742671785, 0.03735879733279218, -0.41272826520656647], [0.2638493031197415, -0.8202248094963509, 0.507557688474819]]	0.8612316435039279	0.1387683564960724	[[-0.27522226150018947, -0.4916083295371162, -0.6513784620916813], [0.7837963623540012, 0.03217457842625078, -0.3554546421643761], [0.22723536896318094, -0.7064035607252381, 0.437124742218223]]	0.8612316435039278	0.1387683564960724	[[-0.27522226150018947, -0.49160832953711614, -0.6513784620916812], [0.783796362354001, 0.032174578426250766, -0.35545464216437617], [0.22723536896318097, -0.7064035607252382, 0.43712474221822295]]	[[0.0, 0.0, 0.0], [0.0, 0.0, 0.0], [0.0, 0.0, 0.0]]	0.44234150061918437	[[-0.14313918678882934, -0.8342763188941236, -0.4887077528414763], [0.8535533905932738, 0.14644660940672602, -0.5], [0.4887077528414763, -0.4887077528414764, 0.6911371321052945]]
6	[[0.8592155572171323, 0.2624339665249735, -0.4391776855101157], [-0.4266000482917053, 0.8413623931712975, -0.33184593135155627], [0.2824199444684594, 0.4724804086637203, 0.8348660002631537]]	0.8672478734690569	0.13275212653094312	[[0.7451528648480887, 0.22759529939483297, -0.3808759138337101], [-0.36996798470277836, 0.7296697462946443, -0.2877926782839959], [0.2449280962655206, 0.40975762966940243, 0.7240357633598372]]	0.8860022239862498	0.15182476365661451	[[0.7723029597389216, 0.15261924232427762, -0.3814421232585648], [-0.36305678337845226, 0.7627114585938144, -0.37422795181393076], [0.3062229946171769, 0.41259890649171427, 0.755927437949066]]	[[0.011036065160957488, -0.079897835666382, 0.0076702828285315034], [0.014911808160640212, 0.017262507065651266, -0.08021171861566358], [0.055998295720048656, -0.006019786374274137, 0.01623430498540677]]	0.4171886234204662	[[0.8374586618089979, -0.14368519051277773, -0.49057192616088763], [-0.14644660940672619, 0.8535533905932737, -0.5], [0.49057192616088763, 0.49057192616088774, 0.69377347129622]]
6	[[0.8787972042104137, -0.3840163418041313, 0.28327887866788265], [-0.395223040501579, -0.9183905790867732, -0.018907472103605397], [0.2674214316928388, -0.09534250611366366, -0.9588511794847616]]	0.8570012328783344	0.14299876712166573	[[0.7531302874583579, -0.3291024783715684, 0.24277034826676752], [-0.33870663297177706, -0.7870618585412121, -0.016203726903402542], [0.22918049665885212, -0.08170864528511987, -0.8217366429652858]]	0.8618955835500167	0.23074087379375577	[[0.7049133729514976, -0.31900512235963524, 0.15709395913040108], [-0.3582847716882316, -0.8408923895696702, -0.025834979289445704], [0.1419495413930035, -0.06220086519981581, -0.8264295968796405]]	[[-0.05251805619355998, 0.011976866652379129, -0.08706285530644794], [-0.017643778562711262, -0.04933560548083824, -0.009538712587253074], [-0.08853980952967669, 0.019974419744141353, 0.0]]	0.4696405314683985	[[0.7017429802714501, -0.70174298027145, 0.0], [-0.7071067811865475, -0.7071067811865476, 0.0], [0.0, 0.0, -0.9924144399999999]]
6	[[-0.30792515101507295, 0.09349718223056193, 0.9468053539599837], [0.3027085282091916, -0.9338174967034747, 0.1906631317268273], [0.9019698710720718, 0.34531602882779927, 0.2592434992682147]]	0.8929079841350847	0.1070920158649153	[[-0.2749488258573604, 0.0834843805078017, 0.8454100599727145], [0.2702908617037677, -0.8338130985315707, 0.17024463259908348], [0.8053760993295459, 0.308335439190163, 0.23148059033170695]]	0.8929079841350848	0.10709201586491536	[[-0.2749488258573603, 0.0834843805078017, 0.8454100599727145], [0.27029086170376776, -0.8338130985315707, 0.1702446325990835], [0.8053760993295459, 0.308335439190163, 0.23148059033170693]]	[[0.0, 0.0, 0.0], [0.0, 0.0, 0.0], [0.0, 0.0, 0.0]]	0.36882154123952293	[[-0.4887077528414763, -0.14313918678882917, 0.8342763188941237], [0.5, -0.8535533905932737, 0.14644660940672619], [0.6911371321052945, 0.4887077528414764, 0.4887077528414763]]
6	[[0.8489524140446696, -0.5135124485683378, 0.12483895166604869], [0.522794976890395, 0.7815435453534784, -0.34040431673891397], [0.0772347773085365, 0.35425224329800037, 0.9319550081910795]]	0.8851044732710396	0.11489552672896061	[[0.7514115792651846, -0.4545121653082003, 0.11049551455808677], [0.4627281726493182, 0.6917476880484713, -0.3012933834663846], [0.06836084688787823, 0.3135502452093608, 0.8248775466372728]]	0.9228229804038687	0.13444567736075091	[[0.7778956903705221, -0.48940058108187395, 0.0669728778159004], [0.5102561613423423, 0.6685883519189022, -0.2898423341834635], [0.024613398876356173, 0.3037082973552167, 0.862079690314047]]	[[-0.0055371065792389935, -0.015519492819552179, -0.048231375631057186], [0.02780894262817641, -0.05263799191960079, 0.024290591931883678], [-0.04666062851033658, -0.023203813619800458, 0.002050192052843304]]	0.4281629492959994	[[0.7044197754180387, -0.7044197754180386, 0.0], [0.7071067811865475, 0.7071067811865476, 0.0], [0.0, 0.0, 0.9962]]
6	[[0.3802729664721569, 0.7767473726770865, -0.5020517802076895], [0.4287143634067757, 0.332951791095048, 0.839849450446521], [0.8195098935212374, -0.5346088512602871, -0.20639019011321075]]	0.8776472783581335	0.12235272164186654	[[0.3337455340574623, 0.681710217601876, -0.44062437849413433], [0.3762599942369964, 0.29221423327903473, 0.7370915844149635], [0.7192406276364778, -0.4691980032947592, -0.18113778863267718]]	0.8849291168100868	0.19942194443719966	[[0.3467241917148936, 0.6586113977860055, -0.44428023845212244], [0.4042204292356476, 0.30163789181494005, 0.720722076479729], [0.7043947894336842, -0.4596458454002756, -0.09146982817146013]]	[[0.010209571347936014, -0.028754968701684102, 2.5194740157818353e-18], [0.024838606262290917, 0.0069991573808627855, -0.022485155957347805], [-0.02081337685719274, 0.013445093184345376, 0.09117086048368936]]	0.3673289863889136	[[0.4924432103602566, 0.49244321036025673, -0.6964198667900221], [0.5, 0.5000000000000001, 0.7071067811865475], [0.6964198667900221, -0.696419866790022, 0.0]]
6	[[-0.5446221603179724, 0.8109226453022452, -0.2139887049042392], [-0.8354447797583356, -0.5021691245819775, 0.22328947644507607], [0.07361197229480154, 0.30038414347728, 0.9509735242804028]]	0.8847002216834151	0.115299778316585	[[-0.4818273459670105, 0.7174234440669979, -0.18931585466652734], [-0.7391181818564514, -0.44426913584024197, 0.19754424931053252], [0.06512452820776435, 0.2657499183245323, 0.8413264877459309]]	0.8847002216834152	0.11529977831658483	[[-0.4818273459670106, 0.7174234440669979, -0.18931585466652737], [-0.7391181818564515, -0.4442691358402421, 0.19754424931053247], [0.06512452820776433, 0.2657499183245324, 0.8413264877459312]]	[[0.0, 0.0, 0.0], [0.0, 0.0, 0.0], [0.0, 0.0, 0.0]]	0.38234498037674713	[[-0.7017429802714501, 0.70174298027145, 0.0], [-0.7071067811865475, -0.7071067811865476, 0.0], [0.0, 0.0, 0.9924144399999999]]
6	[[0.5319609947059123, -0.8460851799387872, 0.03402011756955908], [-0.703274286200726, -0.4190807785627857, 0.5742617690636116], [-0.47161719485230363, -0.3294103357928521, -0.8179645788128509]]	0.8896493182495496	0.1103506817504504	[[0.4732587362754671, -0.7527191035135895, 0.030265974402527752], [-0.6256674892609144, -0.37283492893987275, 0.5108915913442225], [-0.419573915875117, -0.2930596806624661, -0.7277016298931327]]	0.8987866912215637	0.14621165679552073	[[0.5421790291708415, -0.7449222930965971, -0.0014778214947989924], [-0.5874556347446084, -0.3925605655738222, 0.5834258364247746], [-0.40520218258964114, -0.3826395573964415, -0.7438773154962415]]	[[0.06405956688018266, 0.015527806272186907, -0.03205465040011159], [0.04463793397094917, -0.01589633925481925, 0.0672870011130494], [0.018681075494856408, -0.0865699316349996, -0.008701638168599247]]	0.2883566165626386	[[0.69377347129622, -0.6937734712962199, 0.0], [-0.5, -0.5000000000000001, 0.7071067811865475], [-0.49057192616088763, -0.49057192616088774, -0.69377347129622]]
