6	[[-0.42203838922340475, -0.825029846081567, 0.3757783270710803], [0.2588054115689476, 0.28760896992378115, 0.9221175843470338], [-0.8688517462515349, 0.4864224845687207, 0.09214016247897017]]	0.5634914388341705	0.4365085611658295	[[-0.23781501918675205, -0.4648972550496366, 0.21174787020398056], [0.145834633743056, 0.1620651922839652, 0.5196053643779998], [-0.489590520628859, 0.2740949057109206, 0.051920192729689146]]	0.7590278171212139	0.3878319364873368	[[-0.23158527967649903, -0.5017760075853265, 0.27893407344672305], [0.2689481682004123, 0.2358287693710021, 0.8287353064708134], [-0.5834739061938852, 0.3032225584055971, 0.024288484958874135]]	[[0.08875359763709514, 0.12444459554581629, -0.006292129871500587], [0.07250766159807659, 0.017525560745273543, 0.12882240929479766], [0.07600873816537224, -0.06598563825527633, -0.04564846143673257]]	0.5646488335026943	[[-0.36668064363091274, -0.3666806436309128, 0.5185647392825325], [0.5, 0.5000000000000001, 0.7071067811865475], [-0.5185647392825325, 0.5185647392825324, 0.0]]
6	[[0.8787972042104137, -0.3840163418041313, 0.28327887866788265], [-0.395223040501579, -0.9183905790867732, -0.018907472103605397], [0.2674214316928388, -0.09534250611366366, -0.9588511794847616]]	0.6014906998770291	0.3985093001229709	[[0.5285883454104983, -0.2309822581959834, 0.17038961099032474], [-0.23772298323882218, -0.5524033921753732, -0.011372668628503028], [0.16085150411104268, -0.057347630730337475, -0.5767400670262042]]	0.8005248201061825	0.32420198358487834	[[0.6158023323173374, -0.23568468928310582, 0.1784303291463167], [-0.322017727760737, -0.8576852425307259, -0.021560489847422017], [0.1618286190498177, -0.058543726011420126, -0.7057782318528029]]	[[-0.08769664149302037, 0.07172992365748068, -0.048341444239171194], [-0.0056318743613919635, -0.12249078942007394, -0.006424589143020638], [-0.052248874448629835, 0.01778031654369308, 0.06180593611283694]]	0.5061216318340505	[[0.6055416118079028, -0.6055416118079027, 0.0], [-0.7071067811865475, -0.7071067811865476, 0.0], [0.0, 0.0, -0.85636516]]
6	[[-0.3195682178843842, -0.5708200961323295, -0.7563336379995778], [0.910087742671785, 0.03735879733279218, -0.41272826520656647], [0.2638493031197415, -0.8202248094963509, 0.507557688474819]]	0.5450835250302716	0.4549164749697284	[[-0.17419137069206203, -0.3111446301579287, -0.4122650054997792], [0.49607383486237916, 0.02036366494104987, -0.224971377678424], [0.1438199082212893, -0.44709103047755383, 0.27666133399007076]]	0.6944491489653882	0.4828400373005371	[[-0.2320490639570638, -0.3720611654738307, -0.40265997939625353], [0.7889341064866287, 0.013337206077106867, -0.2165903451546739], [0.1588389743311147, -0.40265997939625353, 0.3093400605697135]]	[[-0.010125187010867426, 0.024344364497606658, 0.12257527184644927], [0.15692444810437636, -0.01260657893702109, 0.0700284473719873], [-0.02439094967550045, 0.16694444151878501, -0.043132944242464166]]	0.5292238092325311	[[-0.09197214008886757, -0.5360529160149117, -0.31401252805188956], [0.8535533905932738, 0.14644660940672602, -0.5], [0.31401252805188956, -0.3140125280518896, 0.4440807759260443]]
6	[[0.034229894132735264, 0.2773841392786001, 0.9601491309293217], [-0.1827544195208179, -0.9427759796974285, 0.2788803941677556], [0.9825625356654255, -0.18501754344446375, 0.018422055382213542]]	0.777823023290634	0.2221769767093662	[[0.02662479974124246, 0.21575576982655098, 0.7468260998293198], [-0.14215059511140737, -0.7333128628140431, 0.2169195913280474], [0.7642597620633927, -0.14391090500377898, 0.014329098812620834]]	0.8775096474849748	0.18841567307157325	[[0.009195737950238566, 0.21497773461719344, 0.792979249773762], [-0.16781991822986475, -0.8241551135470442, 0.25670719151881816], [0.822804244500304, -0.14678282722568753, 0.0]]	[[-0.020841324383625966, -0.028429523659094128, -0.04956087564103198], [-0.007451151979830678, 0.003139904054547997, 0.011986955142200143], [-0.03940385980340647, 0.015571852100799855, -0.01616553132439489]]	0.37139576341576913	[[0.0, 0.0, 0.9254], [0.0, -1.0, 0.0], [0.9254, 0.0, 0.0]]
6	[[0.3802729664721569, 0.7767473726770865, -0.5020517802076895], [0.4287143634067757, 0.332951791095048, 0.839849450446521], [0.8195098935212374, -0.5346088512602871, -0.20639019011321075]]	0.5748667249303626	0.42513327506963766	[[0.2186062748154024, 0.4465262182291405, -0.2886128626334527], [0.24645362202225848, 0.19140290570650847, 0.4828015030127565], [0.47110896853658396, -0.30732883944278466, -0.11864685264813639]]	0.7628479319724101	0.36280961159328606	[[0.3039557137430567, 0.45234593374790333, -0.3640759733859396], [0.4087738477894187, 0.3120667719792466, 0.7146663546927394], [0.5523237027794061, -0.3887339727080904, -0.041124320028134556]]	[[0.013865267684758133, -0.14019419316381498, 0.018913188888563224], [0.08172998225769157, 0.058075186695879286, 0.07398893825144562], [-0.0728377247241998, 0.01909128388996545, 0.11632000967912084]]	0.4498011109703945	[[0.36668064363091274, 0.3666806436309128, -0.5185647392825325], [0.5, 0.5000000000000001, 0.7071067811865475], [0.5185647392825325, -0.5185647392825324, 0.0]]
6	[[0.08740825448676931, -0.06334395238859675, -0.994156597696443], [0.7119981850616444, -0.6940087028176986, 0.10681996481098455], [-0.6967197295301035, -0.717174639895393, -0.015561310176609944]]	0.6524228614237831	0.34757713857621714	[[0.05702714350431627, -0.04132704267126018, -0.6486104921724458], [0.46452389322645843, -0.45278714374533097, 0.06969178709917036], [-0.4545558795504343, -0.4679011307011236, -0.010152554512926897]]	0.8547122976994139	0.24131043260382867	[[0.04891889766984053, -0.04891889766984054, -0.756433038518793], [0.673988665438222, -0.665447927240262, 0.09433517932114505], [-0.5431778972869932, -0.550442085826327, 0.0]]	[[-0.025790012360441164, 0.005221957421579257, 0.09328483137136576], [0.0654350607263714, -0.07227015423155735, 0.003034841757377919], [0.05231702359219582, 0.06253589849041415, 0.013300443176263556]]	0.24964684927561648	[[0.0, 0.0, -0.792480319064], [0.7071067811865475, -0.7071067811865476, 0.0], [-0.5603682075670332, -0.5603682075670331, 0.0]]
6	[[0.22433838825039393, -0.7661379269479729, -0.6022499185961573], [-0.9416906372873723, -0.011392912655017143, -0.3362869982418849], [0.2507808429735371, 0.642575192824231, -0.724020780340167]]	0.5296019038960218	0.4703980961039782	[[0.11881003753437355, -0.40574810475859774, -0.318952703509749], [-0.4987211543884504, -0.006033708233018145, -0.17809823452438037], [0.13281401189943445, 0.34030904551606606, -0.38344278372843593]]	0.705807563516892	0.4807146885589482	[[0.19278702265673403, -0.435788684769609, -0.341552589480695], [-0.813109721895743, 0.044268059966858855, -0.20522670892247533], [0.15050532343589454, 0.341552589480695, -0.365138360767663]]	[[0.034447291442417, 0.10495725876742232, 0.08351995819190532], [-0.14845734760527338, 0.05230926388925716, 0.0321271979490388], [-0.026497692319969977, -0.11198184174297254, 0.14588098213982922]]	0.4884136600676091	[[0.09197214008886757, -0.5360529160149117, -0.31401252805188956], [-0.8535533905932738, 0.14644660940672602, -0.5], [0.31401252805188956, 0.3140125280518896, -0.4440807759260443]]
6	[[0.8489524140446696, -0.5135124485683378, 0.12483895166604869], [0.522794976890395, 0.7815435453534784, -0.34040431673891397], [0.0772347773085365, 0.35425224329800037, 0.9319550081910795]]	0.6904736862185153	0.30952631378148454	[[0.5861793027495303, -0.35456683328207594, 0.08619801114051169], [0.3609761748300346, 0.5396352527005038, -0.23504022338341302], [0.05332858139249134, 0.2446018522811486, 0.6434904098955014]]	0.849236470826048	0.2527604127643256	[[0.6658085680423778, -0.4169356566158883, 0.05378359412085483], [0.4925315590416035, 0.6643378114884573, -0.3178286488387975], [0.02193847179354414, 0.25822683335432306, 0.7370116743060987]]	[[-0.05515278396017156, 0.019157842931529397, -0.05223419661364395], [0.048554997901619046, 0.0006225292355919558, -0.028744888237489916], [-0.04365211791299314, -0.04261709152628128, -0.05443850781875437]]	0.45249485476087753	[[0.6543566153100311, -0.654356615310031, 0.0], [0.7071067811865475, 0.7071067811865476, 0.0], [0.0, 0.0, 0.9254]]
6	[[-0.8305561570912853, 0.32773595720904825, 0.4502950280316503], [-0.5100865793185324, -0.772219296347621, -0.37879947194723407], [0.22358030216652452, -0.5443036842615101, 0.808545204538665]]	0.5489425856702601	0.4510574143297398	[[-0.45592764441804495, 0.1799082237674527, 0.2471861170021564], [-0.2800082457668133, -0.42390405724153196, -0.20793916158124373], [0.12273274917623005, -0.2987914718283622, 0.44384489521074416]]	0.7335248800438581	0.42570972920519146	[[-0.49958949184269696, 0.1852200491792238, 0.25708196483187973], [-0.44703335478047396, -0.6759795754739246, -0.2689929126477777], [0.15749978846925236, -0.36899437361342763, 0.47448062624046106]]	[[0.10964411365737602, -0.055182429518602284, -0.07322064158938223], [-0.07287215787386561, -0.1095375087529836, 0.00886592457299391], [-0.006501925857617073, 0.030265921091926596, -0.11860739792879971]]	0.5271500815589951	[[-0.4798798097320557, 0.33932626761604673, 0.3393262676160467], [-0.7071067811865475, -0.5000000000000001, -0.5], [0.0, -0.4798798097320556, 0.4798798097320557]]
6	[[0.04673222253661188, -0.9725397674033924, -0.22799671093185395], [-0.8377629715199755, -0.16246744520517667, 0.5213036857710898], [-0.5440306084466285, 0.16664552219444034, -0.8223502702654952]]	0.5491013715444464	0.4508986284555535	[[0.025660727490173875, -0.5340229201627197, -0.1251933066803037], [-0.46001679669076956, -0.08921109699348469, 0.28624856884808053], [-0.29872795326020335, 0.09150528479870765, -0.4515536612927296]]	0.7153395175002778	0.4502199047359118	[[-0.004958577613331478, -0.7236101962670806, -0.11557042876403487], [-0.674066899145542, -0.15241676032272106, 0.28151682509180304], [-0.25149202259373493, 0.023432065949601132, -0.521955409507271]]	[[-0.03838798313438692, -0.02791406830290543, 0.047524628425607916], [-0.07478193931884375, -0.03619737646014727, -0.09139230195880474], [0.13767457035785888, -0.09577606149055165, 0.06630423604067147]]	0.46747985015199667	[[-0.09197214008886757, -0.5360529160149117, -0.31401252805188956], [-0.8535533905932738, -0.14644660940672602, 0.5], [-0.31401252805188956, 0.3140125280518896, -0.4440807759260443]]
6	[[-0.30792515101507295, 0.09349718223056193, 0.9468053539599837], [0.3027085282091916, -0.9338174967034747, 0.1906631317268273], [0.9019698710720718, 0.34531602882779927, 0.2592434992682147]]	0.6196419930545859	0.3803580069454141	[[-0.19080335428661413, 0.057934780342333216, 0.586680356562517], [0.18757091573416385, -0.5786325348065854, 0.11814288294524035], [0.5588984085862865, 0.21397231233655237, 0.16063815857300165]]	0.80431553175534	0.2943183732996397	[[-0.17888124976589642, 0.07457819018426876, 0.7360974468015518], [0.2610147466689873, -0.8367573667144456, 0.13308783256649592], [0.6768923636734828, 0.24840320266504334, 0.10430305958162768]]	[[0.06878773181363537, -0.0006230456591315922, -0.02543280493757545], [0.01754157583553496, -0.08567345029094985, -0.02026548561450561], [-0.04857601280514621, -0.029339842685230308, -0.10421051338640153]]	0.4810930042181728	[[0.0, 0.0, 0.9254], [0.0, -1.0, 0.0], [0.9254, 0.0, 0.0]]
6	[[0.8592155572171323, 0.2624339665249735, -0.4391776855101157], [-0.4266000482917053, 0.8413623931712975, -0.33184593135155627], [0.2824199444684594, 0.4724804086637203, 0.8348660002631537]]	0.5705242061167813	0.42947579388321877	[[0.49020327366449234, 0.14972493040973844, -0.25056150036986424], [-0.2433856538810057, 0.4800176114205697, -0.18932613653743052], [0.16112741460941327, 0.26956151005860135, 0.47631126201402835]]	0.7489254898413888	0.4440779619269492	[[0.4729847357024002, 0.19247415083191394, -0.2881122305942652], [-0.35449075649108974, 0.7494910660152079, -0.2502913094306216], [0.24002253685476854, 0.3144497275927867, 0.47055049126926285]]	[[-0.17050369636578253, -0.004069336098820542, 0.04079913265380558], [-0.03499910635786418, 0.11937332357527064, -0.0017634327412853778], [0.028511041602749733, -0.03940289390614966, -0.15470193692974066]]	0.5386191924300018	[[0.5792661724820746, -0.09938636275001889, -0.3393262676160467], [-0.14644660940672619, 0.8535533905932737, -0.5], [0.3393262676160467, 0.33932626761604673, 0.4798798097320557]]
6	[[-0.5446221603179724, 0.8109226453022452, -0.2139887049042392], [-0.8354447797583356, -0.5021691245819775, 0.22328947644507607], [0.07361197229480154, 0.30038414347728, 0.9509735242804028]]	0.6163517638632307	0.38364823613676946	[[-0.3356788291509854, 0.4998136027886758, -0.13189231571453616], [-0.5149278636143784, -0.30951282569375616, 0.1376248626590199], [0.0453708689653522, 0.18514229666876728, 0.5861342090774592]]	0.774630653260993	0.3245017070379969	[[-0.4489137126430097, 0.5942155697154103, -0.09170434949834494], [-0.7327057566769333, -0.3967610222869347, 0.10295044687080447], [0.07037997846510102, 0.09682424327459725, 0.7119024688023355]]	[[-0.02703269281548554, -0.033949968759200366, 0.07405786077209975], [-0.08554462116924731, -0.00776542526449662, -0.0700164261341499], [0.01335788827854881, -0.135862522016452, -0.024750773544901683]]	0.4310572025873946	[[-0.6055416118079028, 0.6055416118079027, 0.0], [-0.7071067811865475, -0.7071067811865476, 0.0], [0.0, 0.0, 0.85636516]]
6	[[0.5319609947059123, -0.8460851799387872, 0.03402011756955908], [-0.703274286200726, -0.4190807785627857, 0.5742617690636116], [-0.47161719485230363, -0.3294103357928521, -0.8179645788128509]]	0.5911648409235596	0.4088351590764404	[[0.31447663681285926, -0.5001758108062944, 0.0201114973912092], [-0.41575103152748216, -0.24774582179319077, 0.33948336735697193], [-0.2788035039716775, -0.1947358087575578, -0.4835519001150055]]	0.7208137215489535	0.4667072620498528	[[0.4423773063221717, -0.5718444813381436, 0.08938111653403992], [-0.5183772905896772, -0.34834630049267273, 0.3373329473437642], [-0.24567708304930114, -0.10835193693422737, -0.5172640493526649]]	[[0.05893252200931998, 0.038025325960949645, 0.06485894898119313], [-0.011447535083648104, -0.04626712486719823, -0.07660281555826332], [0.09427106231866579, 0.12909155312530884, 0.07233604279664846]]	0.4545056735927634	[[0.4798798097320557, -0.4798798097320556, 0.0], [-0.5, -0.5000000000000001, 0.7071067811865475], [-0.3393262676160467, -0.33932626761604673, -0.4798798097320557]]
