6	[[-0.5446221603179724, 0.8109226453022452, -0.2139887049042392], [-0.8354447797583356, -0.5021691245819775, 0.22328947644507607], [0.07361197229480154, 0.30038414347728, 0.9509735242804028]]	0.8869454285111866	0.11305457148881343	[[-0.4830501353599121, 0.7192441331270251, -0.1897963035678443], [-0.7409939281801909, -0.44539660938744946, 0.1980455803676165], [0.06528980231056634, 0.2664243428544219, 0.8434616199956754]]	0.8869454285111866	0.11305457148881351	[[-0.4830501353599121, 0.7192441331270247, -0.1897963035678443], [-0.7409939281801908, -0.44539660938744957, 0.1980455803676165], [0.06528980231056633, 0.26642434285442185, 0.8434616199956754]]	[[0.0, 0.0, 0.0], [0.0, 0.0, 0.0], [0.0, 0.0, 0.0]]	0.38150029022264603	[[-0.7039989337461477, 0.7039989337461476, 0.0], [-0.7071067811865475, -0.7071067811865476, 0.0], [0.0, 0.0, 0.99560484]]
6	[[0.8787972042104137, -0.3840163418041313, 0.28327887866788265], [-0.395223040501579, -0.9183905790867732, -0.018907472103605397], [0.2674214316928388, -0.09534250611366366, -0.9588511794847616]]	0.8619240576972671	0.13807594230273307	[[0.7574564521460535, -0.33099292354987764, 0.24416488056135324], [-0.34065224676457234, -0.7915829344774145, -0.016296805076337448], [0.23049696551990415, -0.08217799974051547, -0.8264568993493161]]	0.863208955675064	0.22906856297151715	[[0.706186508417366, -0.31924516557651705, 0.1581858136826834], [-0.3579414575040072, -0.8409551506846418, -0.026026774738716108], [0.1428089296614388, -0.06303546485058237, -0.8276889252908445]]	[[-0.05239910847927128, 0.012241179794385573, -0.0863430513370227], [-0.01678138945391563, -0.04819217800933104, -0.009705675489707483], [-0.08803164511526701, 0.019265040283236647, 0.0]]	0.4690817960227495	[[0.7039989337461477, -0.7039989337461476, 0.0], [-0.7071067811865475, -0.7071067811865476, 0.0], [0.0, 0.0, -0.99560484]]
6	[[0.08740825448676931, -0.06334395238859675, -0.994156597696443], [0.7119981850616444, -0.6940087028176986, 0.10681996481098455], [-0.6967197295301035, -0.717174639895393, -0.015561310176609944]]	0.9330274837129351	0.06697251628706517	[[0.08155430373953024, -0.059101648505564396, -0.9275754287653248], [0.6643138750162425, -0.6475291936648753, 0.09966596297789719], [-0.650058656096629, -0.6691436496443287, -0.014519130077358867]]	0.9696110324755739	0.051400641042360064	[[0.0699561820560427, -0.056273059066756836, -0.946454782107868], [0.6784262023172078, -0.6724962660194692, 0.09004735799018863], [-0.6815557767886076, -0.7067845597069143, -0.00967542905353359]]	[[-0.01479582582376141, 0.005145936009834047, 0.017490423026983795], [-0.011935093021147874, 0.00042222886663313914, -0.013526458379194549], [-0.006008640492821385, -0.011404116652644632, 0.005412988973481833]]	0.11205073635198423	[[0.0, 0.0, -0.993414509352], [0.7071067811865475, -0.7071067811865476, 0.0], [-0.7024501360919062, -0.7024501360919061, 0.0]]
6	[[0.3802729664721569, 0.7767473726770865, -0.5020517802076895], [0.4287143634067757, 0.332951791095048, 0.839849450446521], [0.8195098935212374, -0.5346088512602871, -0.20639019011321075]]	0.880012922790961	0.11998707720903905	[[0.3346451246835519, 0.6835477256997627, -0.4418120544929739], [0.3772741799840629, 0.2930018788300386, 0.7390783695918254], [0.7211792966537335, -0.4704626977474834, -0.1816260344369087]]	0.887531903249112	0.19661892469667244	[[0.3468392522563758, 0.663792494841382, -0.44558697201733544], [0.403950960804912, 0.30172408850209836, 0.7210272487473172], [0.7087480651391866, -0.4612781183983207, -0.09221046630994376]]	[[0.009334862569156622, -0.025595579174459815, 8.956475227898811e-21], [0.02345328590026495, 0.006218751661309656, -0.024365932450204582], [-0.018593110389194246, 0.013204292854543295, 0.09096741193318025]]	0.36689010972978475	[[0.4956144987157127, 0.49561449871571284, -0.7009047457925041], [0.5, 0.5000000000000001, 0.7071067811865475], [0.7009047457925041, -0.700904745792504, 0.0]]
6	[[0.8489524140446696, -0.5135124485683378, 0.12483895166604869], [0.522794976890395, 0.7815435453534784, -0.34040431673891397], [0.0772347773085365, 0.35425224329800037, 0.9319550081910795]]	0.8857976170038891	0.11420238299611087	[[0.7520000253104674, -0.4548681032436658, 0.11058204589504961], [0.4630905447111151, 0.6922894100588821, -0.3015293325851671], [0.06841438168972769, 0.3137957929316507, 0.8255235254104983]]	0.9243180260215706	0.132913069951293	[[0.7798366322885405, -0.49199622925654973, 0.0676213849240936], [0.5107488464760964, 0.6677954521861533, -0.29126387833811374], [0.026598967363270436, 0.3059327997481123, 0.8638733944836176]]	[[-0.004865387247475829, -0.017347416458360493, -0.04776950845047081], [0.027520025422773813, -0.054599334904873696, 0.02337796775922075], [-0.04479052953877163, -0.021508934490808557, 0.0024505809715222268]]	0.42767198132869494	[[0.7055511462679371, -0.705551146267937, 0.0], [0.7071067811865475, 0.7071067811865476, 0.0], [0.0, 0.0, 0.9978]]
6	[[-0.8305561570912853, 0.32773595720904825, 0.4502950280316503], [-0.5100865793185324, -0.772219296347621, -0.37879947194723407], [0.22358030216652452, -0.5443036842615101, 0.808545204538665]]	0.8898142523589684	0.11018574764103167	[[-0.7390407059643198, 0.29162412573512014, 0.40067893370894364], [-0.4538823082146635, -0.6871317358367269, -0.3370611689247001], [0.19894493941449823, -0.48432917586738755, 0.7194550466750015]]	0.8898142523589682	0.11018574764103191	[[-0.7390407059643197, 0.29162412573512, 0.40067893370894353], [-0.4538823082146634, -0.6871317358367267, -0.3370611689246999], [0.19894493941449817, -0.4843291758673875, 0.7194550466750012]]	[[0.0, 0.0, 0.0], [0.0, 0.0, 0.0], [0.0, 0.0, 0.0]]	0.36615582971716076	[[-0.6993627553517605, 0.4945241468185383, 0.4945241468185382], [-0.7071067811865475, -0.5000000000000001, -0.5], [0.0, -0.6993627553517604, 0.6993627553517605]]
6	[[0.22433838825039393, -0.7661379269479729, -0.6022499185961573], [-0.9416906372873723, -0.011392912655017143, -0.3362869982418849], [0.2507808429735371, 0.642575192824231, -0.724020780340167]]	0.9197053435574402	0.08029465644255991	[[0.20632521443895102, -0.7046211453160705, -0.5538924682899193], [-0.8660779110912075, -0.010478122647502502, -0.30928494925195316], [0.23064448134460136, 0.5909798384778977, -0.6658857805254792]]	0.9215146063232992	0.0769793803283055	[[0.19933273282912256, -0.7140669155583648, -0.5547081951438498], [-0.873350060260814, -0.005600404967501124, -0.31804580907120805], [0.23699090318045363, 0.5866370876696553, -0.6745940930676996]]	[[-0.007398368702642707, -0.008059625417555219, 0.0002739014995270428], [-0.005568383362604497, 0.004898330452662786, -0.008152428274693395], [0.00589269339426949, -0.005505338178884021, -0.007398368702642707]]	0.2920825022288367	[[0.14452411505054433, -0.8423482723405308, -0.4934361936955374], [-0.8535533905932738, 0.14644660940672602, -0.5], [0.4934361936955374, 0.4934361936955375, -0.6978241572899867]]
6	[[-0.42203838922340475, -0.825029846081567, 0.3757783270710803], [0.2588054115689476, 0.28760896992378115, 0.9221175843470338], [-0.8688517462515349, 0.4864224845687207, 0.09214016247897017]]	0.8639099764380751	0.13609002356192507	[[-0.36460317488995464, -0.7127515148890353, 0.3246386456859162], [0.22358457701057585, 0.24846825843023285, 0.7966265805663807], [-0.7506096916323438, 0.4202252371827136, 0.07960080559620752]]	0.8838303827133009	0.18913600673002132	[[-0.3023945918570192, -0.6893713274794284, 0.3592595962860318], [0.2571937166683362, 0.2344240931587062, 0.8301706056211436], [-0.7998466124550856, 0.40332533404204185, 0.022046599024727668]]	[[0.0706157592100077, 0.039815117132738664, 0.027135293655434774], [0.02845363071307979, -0.019773452800807705, 0.015175068141040221], [-0.03192904104447149, -0.026589636654685278, -0.059389676042326256]]	0.4781783481047904	[[-0.4956144987157127, -0.49561449871571284, 0.7009047457925041], [0.5, 0.5000000000000001, 0.7071067811865475], [-0.7009047457925041, 0.700904745792504, 0.0]]
6	[[-0.30792515101507295, 0.09349718223056193, 0.9468053539599837], [0.3027085282091916, -0.9338174967034747, 0.1906631317268273], [0.9019698710720718, 0.34531602882779927, 0.2592434992682147]]	0.8971236561683402	0.1028763438316599	[[-0.2762469373048305, 0.08387853396411928, 0.8494014808243401], [0.27156698158036713, -0.8377497668365883, 0.17104840583127717], [0.8091785084898634, 0.3097911783155273, 0.23257347590137523]]	0.8971236561683401	0.10287634383166017	[[-0.2762469373048305, 0.08387853396411929, 0.8494014808243396], [0.2715669815803671, -0.8377497668365883, 0.17104840583127717], [0.8091785084898632, 0.3097911783155272, 0.2325734759013752]]	[[0.0, 0.0, 0.0], [0.0, 0.0, 0.0], [0.0, 0.0, 0.0]]	0.3681811768784999	[[-0.4934361936955374, -0.14452411505054416, 0.8423482723405309], [0.5, -0.8535533905932737, 0.14644660940672619], [0.6978241572899867, 0.4934361936955375, 0.4934361936955374]]
6	[[0.034229894132735264, 0.2773841392786001, 0.9601491309293217], [-0.1827544195208179, -0.9427759796974285, 0.2788803941677556], [0.9825625356654255, -0.18501754344446375, 0.018422055382213542]]	0.8965392728438762	0.10346072715612391	[[0.03068844439528533, 0.24868577452726065, 0.8608114036650537], [-0.16384651438619874, -0.8452356912926055, 0.2500272257975732], [0.8809059012491159, -0.16587549386305983, 0.01651609613665935]]	0.9363612431813303	0.12211690799771875	[[0.012702668116889282, 0.24561286983490085, 0.8925799592210687], [-0.16290421768336572, -0.828132027764597, 0.25202177182490637], [0.9271471785590398, -0.16742183750798528, 0.0]]	[[-0.019348878107204034, -0.014118887658792417, -0.0064664746553848955], [0.008219937776029676, 0.05464686062638362, -0.009111020756912686], [0.0071137011599617115, 0.005821419482028611, -0.017249698679644793]]	0.33931164377380646	[[0.0, 0.0, 0.9978], [0.0, -1.0, 0.0], [0.9978, 0.0, 0.0]]
6	[[-0.3195682178843842, -0.5708200961323295, -0.7563336379995778], [0.910087742671785, 0.03735879733279218, -0.41272826520656647], [0.2638493031197415, -0.8202248094963509, 0.507557688474819]]	0.8679591503869061	0.13204084961309398	[[-0.27737215888558775, -0.49544852566278874, -0.6564667018471513], [0.7899189839069397, 0.03242590999244693, -0.35823127440935304], [0.22901041696598803, -0.7119216287767146, 0.44053934006094575]]	0.8679591503869062	0.13204084961309387	[[-0.27737215888558786, -0.4954485256627889, -0.6564667018471513], [0.7899189839069398, 0.03242590999244692, -0.3582312744093531], [0.22901041696598803, -0.7119216287767146, 0.44053934006094586]]	[[0.0, 0.0, 0.0], [0.0, 0.0, 0.0], [0.0, 0.0, 0.0]]	0.4434151454733738	[[-0.14452411505054433, -0.8423482723405308, -0.4934361936955374], [0.8535533905932738, 0.14644660940672602, -0.5], [0.4934361936955374, -0.4934361936955375, 0.6978241572899867]]
6	[[0.8592155572171323, 0.2624339665249735, -0.4391776855101157], [-0.4266000482917053, 0.8413623931712975, -0.33184593135155627], [0.2824199444684594, 0.4724804086637203, 0.8348660002631537]]	0.867878942789765	0.13212105721023515	[[0.7456950894261236, 0.22776091341981858, -0.3811530653973751], [-0.37023719890546786, 0.7302007042885721, -0.28800209607047356], [0.24510632282803063, 0.4100557975599457, 0.7245626216795054]]	0.8898325124917846	0.14803690887328333	[[0.7757134501147941, 0.1539427308462842, -0.3861217556622896], [-0.36452232147493735, 0.7610177658673111, -0.3745919689936386], [0.3078945299531062, 0.4185245334978548, 0.7587826367094164]]	[[0.011155512064244612, -0.07957954494981792, 0.0046728276655034935], [0.015080271325587343, 0.012346153635594506, -0.07930467013890702], [0.05658808118894662, -0.001903895646528714, 0.015891726101287328]]	0.4156390313890228	[[0.8442055244944187, -0.144842769142658, -0.4945241468185382], [-0.14644660940672619, 0.8535533905932737, -0.5], [0.4945241468185382, 0.4945241468185383, 0.6993627553517605]]
6	[[0.04673222253661188, -0.9725397674033924, -0.22799671093185395], [-0.8377629715199755, -0.16246744520517667, 0.5213036857710898], [-0.5440306084466285, 0.16664552219444034, -0.8223502702654952]]	0.8984710322669901	0.10152896773300996	[[0.04198754822260032, -0.8737988087396249, -0.20484844022442136], [-0.7527057618166136, -0.14597229320327568, 0.4683762606793377], [-0.48879574235588097, 0.14972617434871044, -0.7388578962104777]]	0.8992119567160087	0.09880920851211313	[[0.020883024125012552, -0.8810779439166939, -0.21959796101991114], [-0.7681010278720821, -0.14609266930559786, 0.4929356350545172], [-0.49575738462045116, 0.17702827437781118, -0.7394671956313746]]	[[-0.02113914914382211, -0.006558556685757594, -0.014580592458064522], [-0.014774546987387303, -1.6080482436115243e-18, 0.02417312772902839], [-0.006558556685757596, 0.0271786282873873, 0.0]]	0.3206518291034071	[[1.9705222590008081e-16, -0.986872387391075, 0.0], [-0.7071067811865476, -1.3401577416544657e-16, 0.7071067811865475], [-0.6978241572899866, -1.0956484468483684e-16, -0.6978241572899867]]
6	[[0.5319609947059123, -0.8460851799387872, 0.03402011756955908], [-0.703274286200726, -0.4190807785627857, 0.5742617690636116], [-0.47161719485230363, -0.3294103357928521, -0.8179645788128509]]	0.8936628640776799	0.10633713592232026	[[0.4753937861064971, -0.7561149051577758, 0.030402515703471567], [-0.6284901128383267, -0.374516928850323, 0.5131964172717021], [-0.42146677309999087, -0.29438178414143046, -0.7309845682159853]]	0.9021965966410195	0.14212850388037557	[[0.5425909911872422, -0.7497804426228003, -0.004004063327170211], [-0.5877084401406184, -0.3927986883071098, 0.5830683156050962], [-0.40895525561684576, -0.3816677376156441, -0.7469491422918579]]	[[0.06265759221779688, 0.013554727186378124, -0.034696897615753765], [0.04678322737481887, -0.01470543617009577, 0.06497130197485472], [0.016536172496287138, -0.08447485376495759, -0.008984283113998666]]	0.2855486150848841	[[0.6993627553517605, -0.6993627553517604, 0.0], [-0.5, -0.5000000000000001, 0.7071067811865475], [-0.4945241468185382, -0.4945241468185383, -0.6993627553517605]]
