6	[[0.5319609947059123, -0.8460851799387872, 0.03402011756955908], [-0.703274286200726, -0.4190807785627857, 0.5742617690636116], [-0.47161719485230363, -0.3294103357928521, -0.8179645788128509]]	0.5810468101206274	0.4189531898793728	[[0.3090942390824663, -0.49161509489376937, 0.019767280793721028], [-0.40863528063679305, -0.2435055495667755, 0.33367296908863997], [-0.27403166666696943, -0.19140282483320148, -0.4752757093108696]]	0.7156261946834147	0.47293169677847535	[[0.43751971223939795, -0.5631465278546538, 0.08776981762235186], [-0.5213430515803505, -0.34602229622207215, 0.3353298204409866], [-0.24393306893990085, -0.10936233838071023, -0.5093839724738202]]	[[0.056834489878001826, 0.04233418984297266, 0.06342413034336594], [-0.018061550327830217, -0.04611711339422291, -0.0756269441061716], [0.09356854955951967, 0.12637232671211435, 0.07597290644784244]]	0.4647305529907176	[[0.4695977871498365, -0.46959778714983647, 0.0], [-0.5, -0.5000000000000001, 0.7071067811865475], [-0.3320557797238463, -0.33205577972384637, -0.4695977871498365]]
6	[[0.08740825448676931, -0.06334395238859675, -0.994156597696443], [0.7119981850616444, -0.6940087028176986, 0.10681996481098455], [-0.6967197295301035, -0.717174639895393, -0.015561310176609944]]	0.6398955070402648	0.36010449295973535	[[0.055932149324315755, -0.04053351053163551, -0.6361563401603898], [0.4556044396417691, -0.4440930507798876, 0.0683536155447482], [-0.4458278245926216, -0.4589168298322817, -0.00995761246567265]]	0.8486006976237008	0.25132736608143763	[[0.04809157112648071, -0.048091571126480714, -0.7464477328063064], [0.6733683922997422, -0.6650155179247195, 0.09436069514910352], [-0.5354675996785676, -0.5425590059256108, 0.0]]	[[-0.026083134609061726, 0.005662151060724987, 0.0971942495461002], [0.06916623574962191, -0.07607924855670076, 0.003713198490362832], [0.05576924884887436, 0.0660358938076461, 0.013205338671809994]]	0.25823871792954695	[[0.0, 0.0, -0.782248292344], [0.7071067811865475, -0.7071067811865476, 0.0], [-0.5531330720880393, -0.5531330720880392, 0.0]]
6	[[-0.42203838922340475, -0.825029846081567, 0.3757783270710803], [0.2588054115689476, 0.28760896992378115, 0.9221175843470338], [-0.8688517462515349, 0.4864224845687207, 0.09214016247897017]]	0.5520608248672285	0.44793917513277154	[[-0.23299086128030927, -0.45546665736787245, 0.2074524932100877], [0.14287632899085578, 0.15877764517533655, 0.5090649942391997], [-0.47965901172295433, 0.2685347980649747, 0.05086697410154073]]	0.7515148568513147	0.3976354936581165	[[-0.22642463097158066, -0.49471267149487447, 0.27342452443540144], [0.26879446133366536, 0.23569431393761103, 0.8288333200735152], [-0.574329331412909, 0.2964880611755538, 0.023724722799778712]]	[[0.09074348869140583, 0.12530951518117656, -0.008978471241247999], [0.07429834950608213, 0.019551900076186512, 0.1358482556728739], [0.07862566429632814, -0.06906566268436917, -0.04551997821586143]]	0.5705698847347903	[[-0.36038178828288076, -0.3603817882828808, 0.5096568126219194], [0.5, 0.5000000000000001, 0.7071067811865475], [-0.5096568126219194, 0.5096568126219193, 0.0]]
6	[[0.034229894132735264, 0.2773841392786001, 0.9601491309293217], [-0.1827544195208179, -0.9427759796974285, 0.2788803941677556], [0.9825625356654255, -0.18501754344446375, 0.018422055382213542]]	0.768967548655576	0.2310324513444241	[[0.026321677781989322, 0.213299401617002, 0.7383235235545024], [-0.1405322179848961, -0.7249641340392908, 0.21444997307127983], [0.7555587044514491, -0.14227248684076585, 0.014165962768458006]]	0.8739828635431446	0.1939183350523077	[[0.009205842858847244, 0.21326920086788514, 0.7875792054886762], [-0.16807582365399826, -0.8239250780926182, 0.2570066408085868], [0.8171382454362278, -0.14572055070098822, 0.0]]	[[-0.02071049803405941, -0.029159783480276195, -0.05157468138939382], [-0.008351592756028668, 4.4972323034131456e-05, 0.013269955327810928], [-0.04160457309485375, 0.015981611724322404, -0.01610056071529739]]	0.3732815464748418	[[0.0, 0.0, 0.9214], [0.0, -1.0, 0.0], [0.9214, 0.0, 0.0]]
6	[[-0.3195682178843842, -0.5708200961323295, -0.7563336379995778], [0.910087742671785, 0.03735879733279218, -0.41272826520656647], [0.2638493031197415, -0.8202248094963509, 0.507557688474819]]	0.5310007106979334	0.46899928930206647	[[-0.1696909508130801, -0.30310587672692973, -0.40161369930252927], [0.48325723815619587, 0.019837547934532705, -0.219159002149812], [0.14010416747373722, -0.4355399567746394, 0.26951349330032914]]	0.6884478603401105	0.4897520593853091	[[-0.2288641737942384, -0.36491146674507524, -0.39808949616666034], [0.7894254471529202, 0.01250809322180535, -0.2157555746989786], [0.15550875968403713, -0.39808949616666034, 0.30420135178792473]]	[[-0.008858117959031853, 0.028068407076363218, 0.12260677861740055], [0.1628774879887686, -0.013211490866835238, 0.06838631638436769], [-0.02613772850097807, 0.1665925189289771, -0.045225652841736796]]	0.5380719422115808	[[-0.08961249489762245, -0.5222998959774817, -0.305956195437552], [0.8535533905932738, 0.14644660940672602, -0.5], [0.305956195437552, -0.30595619543755204, 0.43268740107985937]]
6	[[0.8592155572171323, 0.2624339665249735, -0.4391776855101157], [-0.4266000482917053, 0.8413623931712975, -0.33184593135155627], [0.2824199444684594, 0.4724804086637203, 0.8348660002631537]]	0.5585871967883039	0.4414128032116962	[[0.4799468095428185, 0.14659225370322052, -0.2453190322410708], [-0.23829332512501863, 0.46997426068465376, -0.18536488855926975], [0.1577561650977452, 0.26392150701285966, 0.4663454587808583]]	0.7449539439021794	0.45023229584023017	[[0.4671316792135838, 0.1891718611967776, -0.2868303193535851], [-0.35339508250445384, 0.7495438939293968, -0.251259445550351], [0.23884783726953718, 0.31238723122069495, 0.4640766839409059]]	[[-0.17294433879742763, -0.0063293571798940015, 0.040336829541006626], [-0.0355976940606878, 0.12276766088546263, -0.004049510222117291], [0.02845798580112379, -0.03958891262985704, -0.1578600355849684]]	0.5468620440223907	[[0.5668546732987647, -0.09725688614892809, -0.3320557797238463], [-0.14644660940672619, 0.8535533905932737, -0.5], [0.3320557797238463, 0.33205577972384637, 0.4695977871498365]]
6	[[0.8787972042104137, -0.3840163418041313, 0.28327887866788265], [-0.395223040501579, -0.9183905790867732, -0.018907472103605397], [0.2674214316928388, -0.09534250611366366, -0.9588511794847616]]	0.5946165774027381	0.405383422597262	[[0.5225473857986913, -0.22834248283029251, 0.16844231728398193], [-0.2350061716537527, -0.5460902628554957, -0.011242696349583598], [0.15901321643733593, -0.05669223466630631, -0.5701488065838074]]	0.7972389506607556	0.35932850950481054	[[0.5579796563403271, -0.23705011186799052, 0.22746348211681622], [-0.3455010807958322, -0.8472586275616389, -0.02324921208033907], [0.20415457036149662, -0.07601075952742388, -0.6479932519108889]]	[[-0.1426317045879889, 0.06910267350851716, 0.0016225261432779334], [-0.03041387870940009, -0.11508188599377611, -0.008175438860813195], [-0.009044211225499085, 0.0, 0.11644025626137033]]	0.5087337792478008	[[0.6003180725939216, -0.6003180725939214, 0.0], [-0.7071067811865475, -0.7071067811865476, 0.0], [0.0, 0.0, -0.84897796]]
6	[[0.8489524140446696, -0.5135124485683378, 0.12483895166604869], [0.522794976890395, 0.7815435453534784, -0.34040431673891397], [0.0772347773085365, 0.35425224329800037, 0.9319550081910795]]	0.683290972181145	0.31670902781885496	[[0.5800815203281123, -0.35087842020937987, 0.0853013286499694], [0.3572210880108572, 0.534021648906477, -0.23259519651919094], [0.05277382607334416, 0.24205735972044218, 0.6367964435759697]]	0.8279065823932501	0.25889554307028523	[[0.6629564632632048, -0.4108620649687167, 0.04911151418369472], [0.47651104191127636, 0.6266831641759284, -0.2639082921761691], [0.028184152357054904, 0.22736917271686952, 0.731120210719495]]	[[-0.039896828463017106, 0.014278271341885421, -0.05424347563969977], [0.04368563930159118, -0.020361881449173884, 0.01791468232705461], [-0.035759028166359286, -0.06591859133712005, -0.04045147505625499]]	0.4540127069876562	[[0.6515281881852849, -0.6515281881852848, 0.0], [0.7071067811865475, 0.7071067811865476, 0.0], [0.0, 0.0, 0.9214]]
6	[[0.04673222253661188, -0.9725397674033924, -0.22799671093185395], [-0.8377629715199755, -0.16246744520517667, 0.5213036857710898], [-0.5440306084466285, 0.16664552219444034, -0.8223502702654952]]	0.5415952140238943	0.45840478597610557	[[0.02530994806652856, -0.5267228834735886, -0.1234819274538814], [-0.4537284158616548, -0.087991590757813, 0.2823355812666384], [-0.2946443738172012, 0.09025441725902154, -0.4453809706270482]]	0.7094871269534961	0.4573574544689421	[[-0.0034668069914354695, -0.7152066788428477, -0.11283237701302004], [-0.6730987218308138, -0.15131332769220107, 0.2811538465019156], [-0.24798581825933375, 0.02082929562244342, -0.516095305082573]]	[[-0.03662271729508755, -0.025202233419793423, 0.04892835438086779], [-0.07871667809908287, -0.036044766770105846, -0.08870440778608296], [0.13799689510222712, -0.09740355713895514, 0.06735162551752431]]	0.4782900809824162	[[-0.08961249489762245, -0.5222998959774817, -0.305956195437552], [-0.8535533905932738, -0.14644660940672602, 0.5], [-0.305956195437552, 0.30595619543755204, -0.43268740107985937]]
6	[[0.3802729664721569, 0.7767473726770865, -0.5020517802076895], [0.4287143634067757, 0.332951791095048, 0.839849450446521], [0.8195098935212374, -0.5346088512602871, -0.20639019011321075]]	0.5642202753476283	0.43577972465237186	[[0.21455771785017985, 0.43825661648741265, -0.2832677936675495], [0.24188933616685418, 0.187858151249134, 0.4738600881814904], [0.4623840977726581, -0.30163715326135854, -0.11644952989472512]]	0.7560333715631705	0.3752339544917711	[[0.30038454986564633, 0.4416219452956674, -0.3575255003397881], [0.41096150063028947, 0.31261983296070284, 0.7124564244455057], [0.5437349275679797, -0.3856795274281384, -0.039128376919195906]]	[[0.012885496909372969, -0.14562498972222485, 0.02204239974992325], [0.0868391350263064, 0.060897167771117325, 0.07750221281894669], [-0.07584190026025628, 0.018502604857689994, 0.11690949436965856]]	0.456568498718092	[[0.36038178828288076, 0.3603817882828808, -0.5096568126219194], [0.5, 0.5000000000000001, 0.7071067811865475], [0.5096568126219194, -0.5096568126219193, 0.0]]
6	[[-0.30792515101507295, 0.09349718223056193, 0.9468053539599837], [0.3027085282091916, -0.9338174967034747, 0.1906631317268273], [0.9019698710720718, 0.34531602882779927, 0.2592434992682147]]	0.6116229367722144	0.38837706322778576	[[-0.18833408516986652, 0.05718502117578317, 0.5790878711406611], [0.18514347900930045, -0.5711441997430567, 0.11661394456094973], [0.5516654614251562, 0.21120320366617729, 0.1585592703615309]]	0.8009906667514636	0.29897195566320706	[[-0.17783055541212478, 0.07312397862122924, 0.7306824262202634], [0.261027872485406, -0.8371198419994453, 0.1321996140010057], [0.671762579431219, 0.2456580155118786, 0.10470657679089555]]	[[0.06881461660898361, -0.0017663917130116367, -0.027699825531999504], [0.01856116664377144, -0.0891407426907468, -0.020519775005787836], [-0.05070686898853141, -0.0309369006588679, -0.1029450465389343]]	0.4821107313293941	[[0.0, 0.0, 0.9214], [0.0, -1.0, 0.0], [0.9214, 0.0, 0.0]]
6	[[-0.5446221603179724, 0.8109226453022452, -0.2139887049042392], [-0.8354447797583356, -0.5021691245819775, 0.22328947644507607], [0.07361197229480154, 0.30038414347728, 0.9509735242804028]]	0.6061973274883077	0.3938026725116924	[[-0.3301484980756634, 0.49157914038196987, -0.1297193810256339], [-0.5064443927535609, -0.3044135812687379, 0.1353574838772686], [0.04462338087625205, 0.1820920649957915, 0.5764776089309174]]	0.7696995110193886	0.32980832240138125	[[-0.44356937207720154, 0.590482899158956, -0.08858998207627813], [-0.7321983103173141, -0.39469018954117974, 0.10431566023912167], [0.06958608440953094, 0.09419082603251533, 0.7069492100445285]]	[[-0.024373961590135166, -0.03368386440473127, 0.07611701945218706], [-0.08915687185362231, -0.008170859901397308, -0.06755014059642862], [0.012926985329049422, -0.1370147023199249, -0.025014646586482135]]	0.4343240857173056	[[-0.6003180725939216, 0.6003180725939214, 0.0], [-0.7071067811865475, -0.7071067811865476, 0.0], [0.0, 0.0, 0.84897796]]
6	[[0.22433838825039393, -0.7661379269479729, -0.6022499185961573], [-0.9416906372873723, -0.011392912655017143, -0.3362869982418849], [0.2507808429735371, 0.642575192824231, -0.724020780340167]]	0.5156454111716134	0.4843545888283866	[[0.11567906045095144, -0.395055506355255, -0.31054740690258625], [-0.48557845586050574, -0.005874703130438599, -0.17340484748010437], [0.12931399088905332, 0.33134094951252935, -0.37333799297529785]]	0.6995939515806744	0.4885336637235703	[[0.18855877767390816, -0.4278354243241814, -0.3380225253959933], [-0.8141972416195843, 0.045419075292268546, -0.20461595535691796], [0.14747972780547244, 0.3380225253959933, -0.35845929953573497]]	[[0.0316129981465756, 0.1081500354451769, 0.08330787499383178], [-0.15539616751318808, 0.053389488076605374, 0.0306483946083256], [-0.02796503311111698, -0.1115191929396243, 0.1480612592089658]]	0.5002487197516774	[[0.08961249489762245, -0.5222998959774817, -0.305956195437552], [-0.8535533905932738, 0.14644660940672602, -0.5], [0.305956195437552, 0.30595619543755204, -0.43268740107985937]]
6	[[-0.8305561570912853, 0.32773595720904825, 0.4502950280316503], [-0.5100865793185324, -0.772219296347621, -0.37879947194723407], [0.22358030216652452, -0.5443036842615101, 0.808545204538665]]	0.5389963447700536	0.46100365522994635	[[-0.4476667327984653, 0.17664848298539168, 0.24270737417718835], [-0.274934801768949, -0.41622337809227056, -0.20417153078038555], [0.12050896563034086, -0.29337769626182725, 0.4358029098276957]]	0.7281939643729716	0.43365786386921806	[[-0.49063400287519676, 0.17930041321275866, 0.2589015410895113], [-0.44573469541012617, -0.675618558175147, -0.2705091088099428], [0.1589678825706262, -0.36806029534052875, 0.464174452597983]]	[[0.11417197779148665, -0.05935493273486876, -0.06900058051029442], [-0.07429272704271574, -0.11329312740246647, 0.005330380369701793], [-0.003841944019722196, 0.028298362324674475, -0.12460328526978245]]	0.5363500603530165	[[-0.4695977871498365, 0.33205577972384637, 0.3320557797238463], [-0.7071067811865475, -0.5000000000000001, -0.5], [0.0, -0.46959778714983647, 0.4695977871498365]]
