6	[[-0.5446221603179724, 0.8109226453022452, -0.2139887049042392], [-0.8354447797583356, -0.5021691245819775, 0.22328947644507607], [0.07361197229480154, 0.30038414347728, 0.9509735242804028]]	0.8898394093325825	0.11016059066741773	[[-0.4846262614467796, 0.7215909277101653, -0.19041558277583256], [-0.7434116893501466, -0.44684987720308694, 0.1986917758300681], [0.06550283394661262, 0.2672936488046965, 0.8462137191365979]]	0.9097597252483467	0.13296525233788037	[[-0.5587605418156356, 0.6930575702704278, -0.18226403490524826], [-0.752101599020985, -0.46681210018499864, 0.23843538126379454], [0.039719139918506334, 0.29747941001435163, 0.8699652668068822]]	[[-0.06328523488059595, -0.0446871927174052, 0.012414270474681887], [0.007952414272124031, -0.009958855377096051, 0.03529560852227498], [-0.027250067771401237, 0.02420201417550146, 0.004807854639091292]]	0.3803625758337577	[[-0.7071067811865474, 0.7071067811865477, 0.0], [-0.7071067811865477, -0.7071067811865474, 0.0], [0.0, 0.0, 1.0]]
6	[[-0.30792515101507295, 0.09349718223056193, 0.9468053539599837], [0.3027085282091916, -0.9338174967034747, 0.1906631317268273], [0.9019698710720718, 0.34531602882779927, 0.2592434992682147]]	0.9029297583261908	0.09707024167380918	[[-0.2780347821885956, 0.08442138815562104, 0.8548987294330317], [0.27332453821920233, -0.843171606619237, 0.17215541545181884], [0.8144154377046113, 0.3117961184556447, 0.23407867014188513]]	0.9030258012740067	0.09673582169288202	[[-0.27806435622780573, 0.08337203189156592, 0.8560479994192828], [0.27485032437612544, -0.8432612932043422, 0.17217372730102962], [0.81450206554987, 0.31288761963403044, 0.23516190466080597]]	[[0.0, -0.0010583360090490148, 0.001058336009049015], [0.0014967131375449316, -1.898447250373377e-19, -1.8984472503733767e-19], [2.9885389342669724e-19, 0.001058336009049015, 0.0010583360090490148]]	0.36765846871022445	[[-0.4999999999999999, -0.1464466094067262, 0.8535533905932738], [0.5, -0.8535533905932737, 0.14644660940672619], [0.7071067811865476, 0.5, 0.4999999999999999]]
6	[[0.8787972042104137, -0.3840163418041313, 0.28327887866788265], [-0.395223040501579, -0.9183905790867732, -0.018907472103605397], [0.2674214316928388, -0.09534250611366366, -0.9588511794847616]]	0.8685358104674745	0.13146418953252542	[[0.7632668419954425, -0.3335319446616059, 0.2460378504721268], [-0.34326536379745853, -0.7976551059328238, -0.016421816607396007], [0.23226508991171213, -0.08280838081943108, -0.8327965862914916]]	0.8717565720979676	0.13297338148079843	[[0.762349042057812, -0.36472393089786426, 0.22604400930886429], [-0.3744934441388861, -0.8100951994242631, 0.002048409515121391], [0.21222017569167478, -0.06458433372167868, -0.8597166899396793]]	[[-0.0037481962539359336, -0.02995516113709335, -0.0209062149064052], [-0.02995516113709336, -0.009482176352510176, 0.018531122583198334], [-0.0209062149064052, 0.018531122583198334, -0.02383187255995055]]	0.4683371653885622	[[0.7071067811865478, -0.7071067811865472, 0.0], [-0.7071067811865472, -0.7071067811865478, 0.0], [0.0, 0.0, -1.0]]
6	[[0.5319609947059123, -0.8460851799387872, 0.03402011756955908], [-0.703274286200726, -0.4190807785627857, 0.5742617690636116], [-0.47161719485230363, -0.3294103357928521, -0.8179645788128509]]	0.8990549076610839	0.1009450923389161	[[0.4782621429746224, -0.760677033323278, 0.030585953660119174], [-0.6322821984406085, -0.3767766306733004, 0.5162928617587761], [-0.42400975356931725, -0.2961579790288493, -0.735395068874625]]	0.9090545078951231	0.13494991065979553	[[0.5399232767692089, -0.7580296823955317, -0.007765381879750919], [-0.590813520911425, -0.39115705544951934, 0.5786770682667576], [-0.41146090678265074, -0.37790071938409325, -0.7525387282098568]]	[[0.056341736507425765, 0.011107864491079433, -0.038691523115480686], [0.04850113924606997, -0.010189784524821121, 0.05664181838765319], [0.01726483019868856, -0.0784487686843549, -0.008964340541498902]]	0.281833667055925	[[0.7071067811865476, -0.7071067811865475, 0.0], [-0.5, -0.5000000000000001, 0.7071067811865475], [-0.4999999999999999, -0.5, -0.7071067811865476]]
6	[[0.3802729664721569, 0.7767473726770865, -0.5020517802076895], [0.4287143634067757, 0.332951791095048, 0.839849450446521], [0.8195098935212374, -0.5346088512602871, -0.20639019011321075]]	0.8823822237771485	0.11761777622285163	[[0.33554610579803484, 0.685388074015865, -0.44300156627093734], [0.3782899333480753, 0.2937907418370331, 0.7410682257230172], [0.7231209622526436, -0.47172934702599895, -0.18211503491788342]]	0.8929974465969501	0.19462192816973697	[[0.3415764787959859, 0.679323341410158, -0.43260545950809726], [0.40019325664397254, 0.29627644425334604, 0.7225284647774396], [0.7117355442742828, -0.45866187456443325, -0.09828048673766163]]	[[0.001993690726502066, -0.014310079041369878, 0.015725498276822653], [0.017352424802284848, -0.0010486550344129125, -0.02745494999715558], [-0.02008469810112065, 0.01874246453913193, 0.08602542603609466]]	0.366446102898462	[[0.5000000000000001, 0.5000000000000001, -0.7071067811865474], [0.49999999999999983, 0.4999999999999999, 0.7071067811865477], [0.7071067811865476, -0.7071067811865475, 0.0]]
6	[[-0.3195682178843842, -0.5708200961323295, -0.7563336379995778], [0.910087742671785, 0.03735879733279218, -0.41272826520656647], [0.2638493031197415, -0.8202248094963509, 0.507557688474819]]	0.8773838153414039	0.12261618465859618	[[-0.28038398226925415, -0.5008283138181303, -0.6635948929791137], [0.7984962559608167, 0.032778004140411404, -0.36212110002617615], [0.23149710824636935, -0.7196519727935845, 0.44532290121990026]]	0.8938700120257796	0.1656639858040065	[[-0.2668014507252357, -0.5706992582986946, -0.6832518589026226], [0.8166841697186148, 0.06538923561374818, -0.29388655894966004], [0.17576211293776875, -0.7321806064885564, 0.47081109914409486]]	[[0.018850996038135684, -0.06046029210433246, -0.007187900808438371], [0.0031840282320717644, 0.03199532699261648, 0.07503886043391268], [-0.06008486681486819, 0.0009937538397894366, 0.017120502043331612]]	0.445230109688619	[[-0.14644660940672638, -0.8535533905932737, -0.4999999999999999], [0.8535533905932738, 0.14644660940672602, -0.5], [0.4999999999999999, -0.5, 0.7071067811865476]]
6	[[-0.8305561570912853, 0.32773595720904825, 0.4502950280316503], [-0.5100865793185324, -0.772219296347621, -0.37879947194723407], [0.22358030216652452, -0.5443036842615101, 0.808545204538665]]	0.8949724885249676	0.1050275114750324	[[-0.7433249107717216, 0.29331466520249416, 0.4030016618079061], [-0.45651345525589515, -0.6911150253392299, -0.3390151060605597], [0.20009821941513867, -0.4871368228168319, 0.7236257137908979]]	0.8981937016679934	0.10430811744227168	[[-0.7326462695598538, 0.3107843709279172, 0.42639758074659184], [-0.4840132831742179, -0.6875274830679332, -0.3290449778462562], [0.20166976814028104, -0.5138506301610055, 0.7417479674207998]]	[[0.013354039621111282, 0.01641399835261907, 0.02194542267615103], [-0.025856730324940694, 0.006075025217989796, 0.011190322051911146], [0.000851348917281882, -0.02496048916263305, 0.015517757190311421]]	0.3617857514843032	[[-0.7071067811865476, 0.5, 0.4999999999999999], [-0.7071067811865475, -0.5000000000000001, -0.5], [0.0, -0.7071067811865475, 0.7071067811865476]]
6	[[0.08740825448676931, -0.06334395238859675, -0.994156597696443], [0.7119981850616444, -0.6940087028176986, 0.10681996481098455], [-0.6967197295301035, -0.717174639895393, -0.015561310176609944]]	0.9383011762896397	0.06169882371036047	[[0.08201526800235984, -0.05943570503705528, -0.9328183050346784], [0.6680687345594296, -0.6511891822090935, 0.10022929863336472], [-0.6537329417622958, -0.6729258082189462, -0.014601195643321043]]	0.9731101536048262	0.046105622835563964	[[0.07368111951528565, -0.05825634220971407, -0.9504494475222262], [0.6774574779990516, -0.6699678798728527, 0.09329387387828787], [-0.6831914822793024, -0.7124950096676254, -0.010906964631062043]]	[[-0.011376740434664174, 0.0033843010290901115, 0.01697443196941102], [-0.015395185232642945, 0.005379035529164123, -0.01065371848699144], [-0.005206439256750411, -0.014605085677533318, 0.004235904305191205]]	0.10895917119193599	[[0.0, 0.0, -1.0], [0.7071067811865477, -0.7071067811865474, 0.0], [-0.7071067811865474, -0.7071067811865477, 0.0]]
6	[[0.8489524140446696, -0.5135124485683378, 0.12483895166604869], [0.522794976890395, 0.7815435453534784, -0.34040431673891397], [0.0772347773085365, 0.35425224329800037, 0.9319550081910795]]	0.8866871134618739	0.11331288653812621	[[0.7527551654757578, -0.45532487074779854, 0.11069308970037513], [0.4635555689913114, 0.6929845902742349, -0.30183212101918905], [0.06848308175057687, 0.31411089904729733, 0.8263524960892852]]	0.9270470946375061	0.12928726190898243	[[0.7919358718582142, -0.4760502235054693, 0.06191069112126028], [0.48754496772433636, 0.6676588271464802, -0.31479759911361255], [0.03354315515261569, 0.3262923433324796, 0.8587288958495758]]	[[0.004917002932606227, 1.8847599625514463e-18, -0.05382089631834221], [0.0028894033070136146, -0.056868845906158136, 0.0007732337212630058], [-0.038057120756237864, -0.002116169585750609, -0.005237286826837582]]	0.4270014452965958	[[0.7071067811865478, -0.7071067811865472, 0.0], [0.7071067811865472, 0.7071067811865478, 0.0], [0.0, 0.0, 1.0]]
6	[[0.04673222253661188, -0.9725397674033924, -0.22799671093185395], [-0.8377629715199755, -0.16246744520517667, 0.5213036857710898], [-0.5440306084466285, 0.16664552219444034, -0.8223502702654952]]	0.9093797513417945	0.09062024865820541	[[0.042497336909993626, -0.8844079718513039, -0.20733559229395634], [-0.7618446827241984, -0.14774460492182023, 0.4740630161400747], [-0.49473041943152024, 0.15154406353540362, -0.7478286842898936]]	0.913190479923566	0.09213055836287978	[[0.022816877063585213, -0.8971586481546725, -0.20622739476244517], [-0.7668065312574066, -0.1393191330440558, 0.4996544990050406], [-0.5095945559825985, 0.18026332616636592, -0.7509624379690216]]	[[-0.019858543662518376, -0.00904459121481521, 0.0019770311144090558], [-0.0017693612328879525, 0.00904459121481521, 0.023604936009815385], [-0.012790983562112215, 0.028084221776511757, 0.0]]	0.3166666987868864	[[-1.9967346175427393e-16, -1.0, 0.0], [-0.7071067811865476, 1.3401577416544657e-16, 0.7071067811865475], [-0.7071067811865475, 1.1102230246251565e-16, -0.7071067811865476]]
6	[[0.8592155572171323, 0.2624339665249735, -0.4391776855101157], [-0.4266000482917053, 0.8413623931712975, -0.33184593135155627], [0.2824199444684594, 0.4724804086637203, 0.8348660002631537]]	0.8687197762843508	0.13128022371564918	[[0.7464175466457009, 0.22798157668898988, -0.3815223407054267], [-0.3705958985148636, 0.7309081499698357, -0.28828112324459604], [0.24534379097687886, 0.41045307491308575, 0.7252646049760177]]	0.9002704084820967	0.14194381008971768	[[0.7805581237319904, 0.16723030309362052, -0.3989296327945368], [-0.37286490393005045, 0.7532168714724921, -0.3776298072539606], [0.30610332270797935, 0.42855687276235194, 0.7574897549263915]]	[[0.007031783061950555, -0.06903123114939426, -0.0035509584641230936], [0.01119049580400527, -0.004236793909306278, -0.07887873508297324], [0.05184900393786831, 0.003196742254876401, 0.005884599841667795]]	0.41367011405028853	[[0.8535533905932738, -0.1464466094067262, -0.4999999999999999], [-0.14644660940672619, 0.8535533905932737, -0.5], [0.4999999999999999, 0.5, 0.7071067811865476]]
6	[[0.034229894132735264, 0.2773841392786001, 0.9601491309293217], [-0.1827544195208179, -0.9427759796974285, 0.2788803941677556], [0.9825625356654255, -0.18501754344446375, 0.018422055382213542]]	0.8987369995037937	0.10126300049620646	[[0.03076367234618701, 0.24929538904519133, 0.8629215490075937], [-0.16424815864619743, -0.8473076551975165, 0.2506401286747639], [0.883065305128784, -0.1662821118508402, 0.016556582778903307]]	0.937071423965839	0.12219699692149719	[[0.013139465905937722, 0.25085763017876733, 0.8918646401921835], [-0.16254212946492672, -0.8265098369290231, 0.25630017515934567], [0.9284461183556271, -0.167984674445505, 1.0842021724855044e-19]]	[[-0.018936389731224426, -0.009071120200569036, -0.007863673147318864], [0.008711814671496435, 0.05693859284683514, -0.005030672919587537], [0.007714843924141352, 0.005389978448660137, -0.017262781669388397]]	0.33839674009633136	[[0.0, 3.133961632045815e-16, 1.0], [0.0, -1.0, 2.7817808468846267e-16], [1.0, 0.0, 0.0]]
6	[[0.22433838825039393, -0.7661379269479729, -0.6022499185961573], [-0.9416906372873723, -0.011392912655017143, -0.3362869982418849], [0.2507808429735371, 0.642575192824231, -0.724020780340167]]	0.924767184329739	0.0752328156702609	[[0.20746077963938872, -0.7084992135119001, -0.5569409614829831], [-0.870844599153921, -0.010535791757294887, -0.31098718049084795], [0.23191389404047635, 0.5942324517882033, -0.6695506584313969]]	0.9258882571184066	0.07307407327976292	[[0.20171982582614817, -0.7144294324652468, -0.5580766929310396], [-0.8757165522084919, -0.006080976826829563, -0.316109836310308], [0.23633695587974887, 0.591732037995938, -0.6762198954046168]]	[[-0.005992453475761594, -0.005071322571079142, -0.0004605654523412256], [-0.0038162493057650715, 0.004467587214826534, -0.004745653616548411], [0.004141918260295801, -0.0032207873556133505, -0.0058575569779510984]]	0.28841899337425675	[[0.14644660940672638, -0.8535533905932737, -0.4999999999999999], [-0.8535533905932738, 0.14644660940672602, -0.5], [0.4999999999999999, 0.5, -0.7071067811865476]]
6	[[-0.42203838922340475, -0.825029846081567, 0.3757783270710803], [0.2588054115689476, 0.28760896992378115, 0.9221175843470338], [-0.8688517462515349, 0.4864224845687207, 0.09214016247897017]]	0.8714320346307596	0.12856796536924087	[[-0.36777777221324, -0.7189574374019625, 0.32746527212969445], [0.22553132637697915, 0.25063166983873747, 0.8035628026963363], [-0.7571452450284634, 0.42388413541786957, 0.08029388926025773]]	0.8956666058348798	0.18650810691203126	[[-0.3215273555653177, -0.6836345218889107, 0.3365720987540638], [0.24680428939295437, 0.2166863323734244, 0.8095289078460967], [-0.7970347028381018, 0.4297522673491273, 0.02495607956530143]]	[[0.05647833604242917, 0.05531716006343971, -2.473322500101915e-18], [0.015000924841295952, -0.04091541752587467, -0.016381019106669573], [-0.018833208299281298, -0.005920108406307958, -0.05757078702331213]]	0.47663832450058136	[[-0.5000000000000001, -0.5000000000000001, 0.7071067811865474], [0.49999999999999983, 0.4999999999999999, 0.7071067811865477], [-0.7071067811865476, 0.7071067811865475, 0.0]]
6	[[-0.0862647130891118, -0.8979697215877016, 0.43151915181989225], [0.27922630325144876, -0.43756605256879577, -0.8547330701522506], [0.9563425489060831, 0.04675819448040952, 0.2884832757730489]]	0.878219388742978	0.12178061125702194	[[-0.07575934359920809, -0.7886144200024535, 0.3789684857421541], [0.24522195336244873, -0.38427899122164566, -0.7506431544075186], [0.8398785687292021, 0.04106395297531058, 0.253351606111979]]	0.8928992049880553	0.13962597229027138	[[-0.05634510802789006, -0.8197960618024777, 0.3787056835616112], [0.21666337963598017, -0.40049406421710637, -0.7540323088273713], [0.886916181766657, 0.0037433039472462223, 0.21511285237294608]]	[[0.020680585707900507, -0.01799961129347343, -0.0065974240354905785], [-0.03265756454899203, -0.009791683748666983, 0.009158169988573175], [0.032998680152165144, -0.03800705073098833, -0.04247363521715919]]	0.43562986605358694	[[0.0, -0.7071067811865477, 0.7071067811865474], [0.0, -0.7071067811865474, -0.7071067811865477], [1.0, 0.0, 0.0]]
6	[[0.50607966, 0.26960331, 0.8192664], [-0.59451586, 0.79721188, 0.10490047], [-0.62484739, -0.54015486, 0.56373616]]	0.8960495959144723	0.10395040448088166	[[ 0.45347247  0.24157794  0.73410333]
 [-0.5327157   0.71434138  0.09399602]
 [-0.55989425 -0.48400554  0.50513556]]	0.9416996961437162	0.10530063138964706	[[ 0.44685381  0.24967872  0.7382391 ]
 [-0.55366633  0.75374895  0.09858754]
 [-0.56865604 -0.50799726  0.53335918]]	[[-0.02972125169560819, -0.004206631183491112, -0.033263821688906826], [0.006189075197508562, 0.003014763824878787, -0.0001971975102663566], [0.01976255695665237, 0.0006664059689142007, 0.002489005203791815]]	0.2600514860952924	WordDict: (word: RRHRHT, matrix: [[ 5.00000000e-01  5.00000000e-01  7.07106781e-01]
 [-7.07106781e-01  7.07106781e-01  1.26841090e-16]
 [-5.00000000e-01 -5.00000000e-01  7.07106781e-01]])
