7	[[0.04673222253661188, -0.9725397674033924, -0.22799671093185395], [-0.8377629715199755, -0.16246744520517667, 0.5213036857710898], [-0.5440306084466285, 0.16664552219444034, -0.8223502702654952]]	0.6350550126045444	0.36494498739545544	[[0.029677532172026427, -0.6176162542467821, -0.1447904541346232], [-0.5320255744382387, -0.10317576546260157, 0.331056518738155], [-0.34548936490433174, 0.10582907419768124, -0.5222376612488046]]	0.7508471075457802	0.407288828928318	[[-0.008532453651769014, -0.7906198716008591, -0.12194816894963763], [-0.6865056879144811, -0.14371373326677522, 0.2701696505055246], [-0.26620605481098525, 0.02253016470609202, -0.5752577093910627]]	[[-0.04362120777256988, -0.060391200272775905, 0.04924250198349627], [-0.05747378393974952, -0.02172552196411571, -0.12124971410865253], [0.14227775395753678, -0.10259514361905964, 0.042201612427275007]]	0.4046626312482347	[[-0.10765171498441138, -0.6274401756405885, -0.36754594531249984], [-0.8535533905932738, -0.14644660940672602, 0.5], [-0.36754594531249984, 0.3675459453124999, -0.5197884606561773]]
7	[[0.8787972042104137, -0.3840163418041313, 0.28327887866788265], [-0.395223040501579, -0.9183905790867732, -0.018907472103605397], [0.2674214316928388, -0.09534250611366366, -0.9588511794847616]]	0.6612484609653291	0.33875153903467115	[[0.58110329878477, -0.25393021500351753, 0.18731772254312157], [-0.2613406272697071, -0.607284356986186, -0.01250253682925398], [0.1768320101360345, -0.06304508543223755, -0.6340388667290892]]	0.8223672399371428	0.28735716744497813	[[0.6518328603380683, -0.26526630811208163, 0.16472090339203882], [-0.31658687618050285, -0.8546674095858178, -0.03427703465223016], [0.15624884940327854, -0.05138837141445989, -0.7488960563993579]]	[[-0.07086117095292735, 0.050536150988140224, -0.06823836619055658], [0.008431604796346292, -0.09941308387795353, -0.018728149004199675], [-0.06366977527800044, 0.027018182186923846, 0.03963174158399955]]	0.4911821515210571	[[0.6381638700208592, -0.6381638700208591, 0.0], [-0.7071067811865475, -0.7071067811865476, 0.0], [0.0, 0.0, -0.9025]]
7	[[0.8489524140446696, -0.5135124485683378, 0.12483895166604869], [0.522794976890395, 0.7815435453534784, -0.34040431673891397], [0.0772347773085365, 0.35425224329800037, 0.9319550081910795]]	0.7400911824087743	0.2599088175912259	[[0.6283021959191027, -0.38004603524256597, 0.0923922073491978], [0.3869159526041803, 0.5784134865846011, -0.2519302332723537], [0.05716077766135315, 0.26217896161337784, 0.6897316839639147]]	0.8752294053047578	0.20932569467864304	[[0.7027442341846296, -0.45006655049119365, 0.05289314273223443], [0.50267745954273, 0.6661017434590296, -0.3034242398512118], [0.027738836865927038, 0.2657190974405234, 0.7834192460096506]]	[[-0.0402838822917251, -0.0006253555141373691, -0.05636957869331078], [0.045111922822635, -0.017928148960467353, -0.005492372148639747], [-0.03985931134666878, -0.04433288278906178, -0.03225518158021835]]	0.44348533117204986	[[0.6717514421272202, -0.67175144212722, 0.0], [0.7071067811865475, 0.7071067811865476, 0.0], [0.0, 0.0, 0.95]]
7	[[-0.30792515101507295, 0.09349718223056193, 0.9468053539599837], [0.3027085282091916, -0.9338174967034747, 0.1906631317268273], [0.9019698710720718, 0.34531602882779927, 0.2592434992682147]]	0.6934988094875758	0.30650119051242436	[[-0.21354572564023505, 0.06484018456733763, 0.6566083857877114], [0.2099280039348106, -0.6476013222425279, 0.13222465486572765], [0.6255150317821442, 0.2394762548890562, 0.17978505810990014]]	0.8251982370398325	0.2854819172357145	[[-0.22905846153234263, 0.07206156284372031, 0.724189960715711], [0.24825214684527508, -0.8479357944272454, 0.1188633205999596], [0.6628062918639002, 0.25010372534965075, 0.15699689868862235]]	[[0.025040830225519742, -0.005092147101131348, -0.05711214819194227], [-0.0015423969698722135, -0.07735124243058848, -0.03847155956951167], [-0.08149765560781856, -0.03485045286064515, -0.056930379871545575]]	0.4473471337980347	[[-0.36754594531249984, -0.10765171498441126, 0.6274401756405886], [0.5, -0.8535533905932737, 0.14644660940672619], [0.5197884606561773, 0.3675459453124999, 0.36754594531249984]]
7	[[0.034229894132735264, 0.2773841392786001, 0.9601491309293217], [-0.1827544195208179, -0.9427759796974285, 0.2788803941677556], [0.9825625356654255, -0.18501754344446375, 0.018422055382213542]]	0.8273011951438812	0.1726988048561188	[[0.028318432325660416, 0.2294802299391427, 0.7943325235341869], [-0.15119294968739894, -0.7799596947566263, 0.23071808339718092], [0.8128751600596089, -0.15306523481418982, 0.015240588434712033]]	0.8985798614660269	0.15466255895491793	[[0.009123428671528344, 0.22565238063054258, 0.8264214505177367], [-0.16630772366441296, -0.825501016048516, 0.2549700900115847], [0.8579181837251592, -0.15339158804182706, 0.0]]	[[-0.021634864856261676, -0.023599420815294994, -0.036349222539459075], [-0.0020882826890922714, 0.02165849318149709, 0.004373784054731876], [-0.02499272345478696, 0.012861450515283803, -0.016553687973268925]]	0.360060423248152	[[0.0, 0.0, 0.95], [0.0, -1.0, 0.0], [0.95, 0.0, 0.0]]
7	[[0.08740825448676931, -0.06334395238859675, -0.994156597696443], [0.7119981850616444, -0.6940087028176986, 0.10681996481098455], [-0.6967197295301035, -0.717174639895393, -0.015561310176609944]]	0.7392629982945437	0.2607370017054564	[[0.06461768828758156, -0.046827840166620845, -0.734943187187375], [0.5263539130689447, -0.5130549544875188, 0.07896804746388608], [-0.5150591162233876, -0.5301806745898778, -0.01150390081855206]]	0.8911518216612505	0.17640948596895603	[[0.05039619395132461, -0.05039619395132462, -0.8225487305541068], [0.6814780189436259, -0.6690459442719537, 0.08750206763661816], [-0.591845622236194, -0.6025045722578188, 0.0]]	[[-0.02749783126279003, 0.006052884610996889, 0.06339573249962949], [0.04697953930643743, -0.05057882450720032, -0.007690738594481396], [0.029037433921891592, 0.03660691453421199, 0.01386748991132171]]	0.19778927877683963	[[0.0, 0.0, -0.8573749999999999], [0.7071067811865475, -0.7071067811865476, 0.0], [-0.6062556765198162, -0.606255676519816, 0.0]]
7	[[-0.3195682178843842, -0.5708200961323295, -0.7563336379995778], [0.910087742671785, 0.03735879733279218, -0.41272826520656647], [0.2638493031197415, -0.8202248094963509, 0.507557688474819]]	0.64238479254248	0.3576152074575199	[[-0.20528576334883022, -0.366686149033045, -0.48585722713925805], [0.5846265257716687, 0.023998723274262265, -0.2651303610211379], [0.16949277984705308, -0.5268999440865086, 0.32604734041423733]]	0.738186818262168	0.3238246718928193	[[-0.2662365361471878, -0.40029782629221666, -0.5518451756441215], [0.7459770657784655, 0.09059983155925103, -0.35654065865648293], [0.2281793057036432, -0.5756381659824908, 0.300255542019857]]	[[-0.030335490169402974, 0.021074044271812614, 0.006470346135437219], [0.07416229067618169, 0.06302205982205593, -0.05187009375678335], [0.033409228132990895, 0.029840976399313515, -0.07441685311987026]]	0.40119707192399146	[[-0.3491686480468748, -0.34916864804687486, -0.49379903762336835], [0.8535533905932738, -0.14644660940672602, -0.5], [0.1022691292351908, -0.596068166858559, 0.3491686480468748]]
7	[[-0.5446221603179724, 0.8109226453022452, -0.2139887049042392], [-0.8354447797583356, -0.5021691245819775, 0.22328947644507607], [0.07361197229480154, 0.30038414347728, 0.9509735242804028]]	0.6911996288230685	0.3088003711769315	[[-0.3764426350606004, 0.5605094314371327, -0.1479089134021393], [-0.577459121671132, -0.3470991125174682, 0.15433760323893386], [0.05088056792710083, 0.20762540847583127, 0.6573125470031798]]	0.8042792902740848	0.29063371487595213	[[-0.4793937163039, 0.6174856556880727, -0.11111113645122447], [-0.735060233800884, -0.40625396965278715, 0.09666386220102367], [0.07484050869498185, 0.11500394766811514, 0.7428289812044004]]	[[-0.04136539173582232, -0.03472263394280047, 0.060995547255827634], [-0.06312929927366077, -0.002369742536435876, -0.0829232394398941], [0.01563592386204329, -0.1265887980573805, -0.02201932997328714]]	0.41199915050129804	[[-0.6381638700208592, 0.6381638700208591, 0.0], [-0.7071067811865475, -0.7071067811865476, 0.0], [0.0, 0.0, 0.9025]]
7	[[-0.42203838922340475, -0.825029846081567, 0.3757783270710803], [0.2588054115689476, 0.28760896992378115, 0.9221175843470338], [-0.8688517462515349, 0.4864224845687207, 0.09214016247897017]]	0.6419544805997325	0.3580455194002676	[[-0.27092943494705846, -0.5296316063205696, 0.24123258077555165], [0.16614129356014376, 0.18463186690324498, 0.59195751491138], [-0.5577632714830747, 0.31226109343334446, 0.05914979014656226]]	0.8049996409245759	0.3227643858386052	[[-0.2576194884674702, -0.5568867615325296, 0.3062228808678734], [0.2658448300625729, 0.2361517511854259, 0.827021382270763], [-0.6494288864159964, 0.3401437761951362, 0.024185198327179323]]	[[0.08212126331375698, 0.1072619683151899, 0.0037214625084159188], [0.057506566680233094, 0.00462663367009487, 0.08471705798116355], [0.04999645733317971, -0.051426149220323944, -0.04998759938312375]]	0.5299067337284337	[[-0.4072531249999998, -0.40725312499999994, 0.5759428926938254], [0.5, 0.5000000000000001, 0.7071067811865475], [-0.5759428926938254, 0.5759428926938253, 0.0]]
7	[[0.22433838825039393, -0.7661379269479729, -0.6022499185961573], [-0.9416906372873723, -0.011392912655017143, -0.3362869982418849], [0.2507808429735371, 0.642575192824231, -0.724020780340167]]	0.6277463520632677	0.37225364793673243	[[0.14082760485193782, -0.4809402888189043, -0.37806018942913766], [-0.5911428623292816, -0.007151859358562454, -0.21110293639264976], [0.15742675934398906, 0.40337423322176186, -0.45450140367654035]]	0.7424959861363284	0.43215028183731624	[[0.20635647862375944, -0.4875211517196758, -0.3653506267477735], [-0.814746724722735, 0.046448328054737614, -0.20449280270709205], [0.16656066588494337, 0.3653506267477735, -0.40643613796424727]]	[[0.039786125811548646, 0.08133318386600175, 0.08181752046080372], [-0.11554520635469995, 0.05490751997148972, 0.04519894367734199], [-0.019643103422792737, -0.11175887471499532, 0.13114638531761905]]	0.4149120689827469	[[0.10765171498441138, -0.6274401756405885, -0.36754594531249984], [-0.8535533905932738, 0.14644660940672602, -0.5], [0.36754594531249984, 0.3675459453124999, -0.5197884606561773]]
7	[[0.3802729664721569, 0.7767473726770865, -0.5020517802076895], [0.4287143634067757, 0.332951791095048, 0.839849450446521], [0.8195098935212374, -0.5346088512602871, -0.20639019011321075]]	0.6484980902440846	0.35150190975591555	[[0.24660629252864658, 0.5037191877832009, -0.3255796206683295], [0.2780204459295025, 0.21591860066848606, 0.544640764707113], [0.5314506008846556, -0.34669281906988003, -0.13384364413353067]]	0.8044631247026386	0.3066530579432077	[[0.34522981700477207, 0.518032811519089, -0.40738422989410095], [0.4069398948190838, 0.30039452159964414, 0.7174875900900664], [0.5892742902413397, -0.4164712957270227, -0.06799340770653442]]	[[0.039314238156638974, -0.10683180700928491, -0.0035020860257008006], [0.062054998427966544, 0.0325470833599817, 0.041859676904064204], [-0.06999119942548172, 0.01360181125151607, 0.09803988953991072]]	0.4113170003350189	[[0.4072531249999998, 0.40725312499999994, -0.5759428926938254], [0.5, 0.5000000000000001, 0.7071067811865475], [0.5759428926938254, -0.5759428926938253, 0.0]]
7	[[0.5319609947059123, -0.8460851799387872, 0.03402011756955908], [-0.703274286200726, -0.4190807785627857, 0.5742617690636116], [-0.47161719485230363, -0.3294103357928521, -0.8179645788128509]]	0.6670686132916264	0.33293138670837363	[[0.3548544830637071, -0.5643968677083631, 0.022693752651143873], [-0.4691322028595767, -0.27955563381305254, 0.3830720019556596], [-0.31460102817461294, -0.21973929590126684, -0.5456384973103576]]	0.7543538536774161	0.2933265126576141	[[0.4194437977333191, -0.6191186978958042, 0.005512149656657887], [-0.6113708521600829, -0.37847987660972854, 0.5378035622492008], [-0.29853463442095474, -0.29073927761867907, -0.6170347321990987]]	[[0.018156971370842514, 0.0191289181303701, -0.020151057134497788], [-0.08085318417233142, -0.06234467629875917, 0.10460698373645497], [0.0572316139764134, -0.0422473213721693, 7.662573723759441e-18]]	0.3919025962283797	[[0.547145748059134, -0.5471457480591339, 0.0], [-0.5, -0.5000000000000001, 0.7071067811865475], [-0.38689046874999977, -0.3868904687499999, -0.547145748059134]]
7	[[0.8592155572171323, 0.2624339665249735, -0.4391776855101157], [-0.4266000482917053, 0.8413623931712975, -0.33184593135155627], [0.2824199444684594, 0.4724804086637203, 0.8348660002631537]]	0.661528729937833	0.33847127006216715	[[0.5683957763086769, 0.1736076085678135, -0.2905286565125439], [-0.28220818813783005, 0.556585395372064, -0.2195256175020323], [0.1868289071733333, 0.31255936466381923, 0.5522878448223625]]	0.7731852419769664	0.40469998983669625	[[0.5127054217357434, 0.2087410806348937, -0.2934311490981145], [-0.35546285131842464, 0.7489233125203878, -0.2506898927905662], [0.24522657486742852, 0.3313113837074544, 0.5101397140895942]]	[[-0.15162736678155891, 0.005831010724306941, 0.046134555943908376], [-0.02562198975261694, 0.09839432696591881, 0.005888483940558588], [0.026863641764461318, -0.034003495394580155, -0.13536635634221442]]	0.48939561121399494	[[0.6604633427795669, -0.11331759472043289, -0.38689046874999977], [-0.14644660940672619, 0.8535533905932737, -0.5], [0.38689046874999977, 0.3868904687499999, 0.547145748059134]]
7	[[-0.8305561570912853, 0.32773595720904825, 0.4502950280316503], [-0.5100865793185324, -0.772219296347621, -0.37879947194723407], [0.22358030216652452, -0.5443036842615101, 0.808545204538665]]	0.6380921228429647	0.3619078771570353	[[-0.5299713414186732, 0.20912573266749268, 0.287329710342348], [-0.32548222823106876, -0.4927470501067539, -0.24170895918660457], [0.14266482963530913, -0.3473158933616738, 0.5159263259785757]]	0.761820323695428	0.3945719987735681	[[-0.5956067139972147, 0.23621956335716318, 0.1964601753171936], [-0.5696478273626909, -0.6233303728149733, -0.30300233907240265], [0.17531687628534645, -0.26432098396565945, 0.5752088832469238]]	[[0.037127846445298915, -0.013456349650464853, -0.14658372869632003], [-0.181053504393553, -0.035038018507573196, -0.01442520273790363], [0.004988858116923195, 0.15034062496705822, -0.040757286197107806]]	0.470437268964021	[[-0.547145748059134, 0.3868904687499999, 0.38689046874999977], [-0.7071067811865475, -0.5000000000000001, -0.5], [0.0, -0.5471457480591339, 0.547145748059134]]
