7	[[0.8787972042104137, -0.3840163418041313, 0.28327887866788265], [-0.395223040501579, -0.9183905790867732, -0.018907472103605397], [0.2674214316928388, -0.09534250611366366, -0.9588511794847616]]	0.5932476233542925	0.4067523766457076	[[0.5213443528082247, -0.22781678210451053, 0.16805452151619035], [-0.23446512947241907, -0.5448330283542008, -0.011216812889101478], [0.1586471287857789, -0.056561715156573086, -0.5688361833797949]]	0.7966172118938053	0.36015590665519376	[[0.5572873730807084, -0.23664739623706196, 0.22716137065210928], [-0.3455035829227784, -0.8472188453426897, -0.023342752725921685], [0.20389565896817582, -0.07595148139523485, -0.6471155121100787]]	[[-0.14277760555746238, 0.06926663129260363, 0.0014965401392970125], [-0.030662106322217986, -0.11561310280104703, -0.008280735014787656], [-0.00913685634762311, 0.0, 0.11672184111215883]]	0.509261854939787	[[0.5992760800411652, -0.5992760800411651, 0.0], [-0.7071067811865475, -0.7071067811865476, 0.0], [0.0, 0.0, -0.8475043600000002]]
7	[[0.8592155572171323, 0.2624339665249735, -0.4391776855101157], [-0.4266000482917053, 0.8413623931712975, -0.33184593135155627], [0.2824199444684594, 0.4724804086637203, 0.8348660002631537]]	0.5562753526833577	0.44372464731664235	[[0.477960437121988, 0.14598554728477212, -0.2443037218978003], [-0.23730709231820576, 0.46802916199587735, -0.18459771249912432], [0.15710325421400653, 0.26282920596538795, 0.46441537873973004]]	0.7441568688178264	0.45146312048405685	[[0.46596241635232594, 0.1885114362228682, -0.28657260971260845], [-0.35317970674089694, 0.7495525650939474, -0.2514538872708482], [0.23861042255525056, 0.3119784322127638, 0.4627828992652046]]	[[-0.17342874234593922, -0.006780602577798364, 0.040244481591259346], [-0.03572235056660798, 0.12344696105052183, -0.004508458066338709], [0.02844568098789739, -0.039621109276197344, -0.1584883693730865]]	0.5485145898256424	[[0.5643981020321683, -0.09683540515345226, -0.33061675359281023], [-0.14644660940672619, 0.8535533905932737, -0.5], [0.33061675359281023, 0.3306167535928103, 0.46756269687871604]]
7	[[-0.3195682178843842, -0.5708200961323295, -0.7563336379995778], [0.910087742671785, 0.03735879733279218, -0.41272826520656647], [0.2638493031197415, -0.8202248094963509, 0.507557688474819]]	0.5282546808810361	0.4717453191189637	[[-0.16881340695823677, -0.3015383877228662, -0.39953678458106], [0.48075811007882635, 0.019734959563133418, -0.21802563802727837], [0.13937962942020277, -0.4332875949912035, 0.2681197247539818]]	0.6872464669799268	0.49113299322705967	[[-0.22822845359591168, -0.36349132672001244, -0.3971789162886554], [0.7895254783241108, 0.012346585834598522, -0.21558864497758337], [0.15484948493148276, -0.3971789162886554, 0.30317716258739486]]	[[-0.008606324895797178, 0.028802767628073205, 0.12260870428462929], [0.16407089253118978, -0.01332811564298204, 0.06805739710838375], [-0.026480016452675274, 0.16651768616699517, -0.04564006560542284]]	0.5107739378598307	[[-0.28019914015895236, -0.2801991401589524, -0.3962614241780703], [0.8535533905932738, -0.14644660940672602, -0.5], [0.08206842806991738, -0.4783298522479875, 0.28019914015895236]]
7	[[-0.5446221603179724, 0.8109226453022452, -0.2139887049042392], [-0.8354447797583356, -0.5021691245819775, 0.22328947644507607], [0.07361197229480154, 0.30038414347728, 0.9509735242804028]]	0.6041810622636338	0.3958189377363662	[[-0.3290503953532275, 0.4899441052523464, -0.12928792304146247], [-0.5047599144969989, -0.3034010751259382, 0.13490727307087666], [0.04447495961639437, 0.1814864108932548, 0.5745601940843252]]	0.7687123359947532	0.3308683903635429	[[-0.44250823348788976, 0.5897359653523855, -0.08797545007022267], [-0.7320944405743846, -0.3942789148314389, 0.10458988554468691], [0.06942901326423591, 0.09366954872740318, 0.7059584367498883]]	[[-0.02385046039535225, -0.03363027562894811, 0.07652030715320694], [-0.08987773233173237, -0.00825531400958676, -0.06705548949645293], [0.012842582084317974, -0.1372394479007998, -0.02506664256886327]]	0.43498260957767065	[[-0.5992760800411652, 0.5992760800411651, 0.0], [-0.7071067811865475, -0.7071067811865476, 0.0], [0.0, 0.0, 0.8475043600000002]]
7	[[0.3802729664721569, 0.7767473726770865, -0.5020517802076895], [0.4287143634067757, 0.332951791095048, 0.839849450446521], [0.8195098935212374, -0.5346088512602871, -0.20639019011321075]]	0.5621290766399593	0.43787092336004096	[[0.2137624915141317, 0.43663228338548493, -0.28221790363359633], [0.24099280924413877, 0.18716188289387997, 0.47210379609608016], [0.46067033974240457, -0.3005191799224945, -0.11601792699588483]]	0.7546708615635751	0.3777463246174428	[[0.29967263049778203, 0.43949476726439396, -0.3562230767805518], [0.4114034923107543, 0.31273592382593335, 0.712012858809657], [0.5420295118899473, -0.3850694526266148, -0.03873164569536974]]	[[0.012691703260902902, -0.14669384169106633, 0.022660772738311956], [0.0878652543138832, 0.06146690878109797, 0.0782029504574859], [-0.07643072551359871, 0.018384269753499282, 0.11702501689563707]]	0.45793459193225	[[0.3591318201095049, 0.35913182010950495, -0.5078890906785966], [0.5, 0.5000000000000001, 0.7071067811865475], [0.5078890906785966, -0.5078890906785964, 0.0]]
7	[[-0.8305561570912853, 0.32773595720904825, 0.4502950280316503], [-0.5100865793185324, -0.772219296347621, -0.37879947194723407], [0.22358030216652452, -0.5443036842615101, 0.808545204538665]]	0.5374623517893082	0.46253764821069165	[[-0.44639266548337236, 0.17614573832749514, 0.2420166247649233], [-0.274152332536702, -0.41503879911207714, -0.2035904550493086], [0.1201659950161845, -0.2925427382307763, 0.4345626071593181]]	0.7271293842625193	0.4352512403153625	[[-0.48885707213671215, 0.17812697942335218, 0.259253514481039], [-0.4454725148076818, -0.6755456177826988, -0.2708157651912315], [0.15925309787586872, -0.3678682321160012, 0.4621304480146891]]	[[0.11506471496451816, -0.06017946534275043, -0.06816923198808864], [-0.07457357446722263, -0.11404227631381718, 0.004620461604728229], [-0.0033187095717042703, 0.027910970672891302, -0.12578652870992293]]	0.5381870185727835	[[-0.46756269687871604, 0.3306167535928103, 0.33061675359281023], [-0.7071067811865475, -0.5000000000000001, -0.5], [0.0, -0.467562696878716, 0.46756269687871604]]
7	[[-0.42203838922340475, -0.825029846081567, 0.3757783270710803], [0.2588054115689476, 0.28760896992378115, 0.9221175843470338], [-0.8688517462515349, 0.4864224845687207, 0.09214016247897017]]	0.5498170083627566	0.45018299163724346	[[-0.23204388457704908, -0.45361544178255264, 0.2066093155977828], [0.14229561713693079, 0.15813230342178747, 0.5069959315843781], [-0.47770946783477586, 0.2674433552659532, 0.050660228484245715]]	0.7500066775148085	0.39955292503420337	[[-0.22544501140915116, -0.49330628514864516, 0.27237374175603596], [0.2688608879984709, 0.23568653243042395, 0.8287636702028969], [-0.5724742378758759, 0.2951703145213596, 0.02365707818281905]]	[[0.09108659867599614, 0.1254716085615447, -0.009462512812618003], [0.07475510114479193, 0.019977884474432266, 0.1371693244887969], [0.07917037358317726, -0.06964979699852479, -0.04544865894370799]]	0.5717609243283108	[[-0.3591318201095049, -0.35913182010950495, 0.5078890906785966], [0.5, 0.5000000000000001, 0.7071067811865475], [-0.5078890906785966, 0.5078890906785964, 0.0]]
7	[[0.8489524140446696, -0.5135124485683378, 0.12483895166604869], [0.522794976890395, 0.7815435453534784, -0.34040431673891397], [0.0772347773085365, 0.35425224329800037, 0.9319550081910795]]	0.6818353362303133	0.31816466376968666	[[0.5788457546736836, -0.35013093302804404, 0.08511960858386014], [0.35646008884758135, 0.5328840060247202, -0.23209969175792747], [0.05266140035483936, 0.24154169741943485, 0.635439856361489]]	0.8270967794417743	0.26013865538316583	[[0.6617345949258152, -0.41006095725501696, 0.04916999202002967], [0.47648830206364085, 0.6267201840445371, -0.26391569789214964], [0.027950194245030712, 0.22713012786293713, 0.7299237087476159]]	[[-0.040431212629850666, 0.014663535159114909, -0.05408390285184653], [0.04408626036925831, -0.01969196531083115, 0.01763161619068368], [-0.03593044132776247, -0.06587076167886281, -0.04089327711185817]]	0.45431801946863615	[[0.6509625027603357, -0.6509625027603356, 0.0], [0.7071067811865475, 0.7071067811865476, 0.0], [0.0, 0.0, 0.9206000000000001]]
7	[[-0.30792515101507295, 0.09349718223056193, 0.9468053539599837], [0.3027085282091916, -0.9338174967034747, 0.1906631317268273], [0.9019698710720718, 0.34531602882779927, 0.2592434992682147]]	0.6100179008017579	0.38998209919824206	[[-0.18783985422627908, 0.05703495483516682, 0.5775682144905346], [0.1846576209329608, -0.5696453890710064, 0.11630792337628829], [0.5502177673378176, 0.21064895901873343, 0.15814317522009838]]	0.8003225817750929	0.2999040791356319	[[-0.17762207105493422, 0.072835249056359, 0.7296027053612354], [0.26103117040039964, -0.8371923749592144, 0.1320212060308186], [0.6707396841303804, 0.2451125012121107, 0.10478682199857525]]	[[0.06881738079893432, -0.0019926572151006718, -0.028146999958499303], [0.018766699578680837, -0.0898371450907354, -0.020570803802120462], [-0.051127171769367735, -0.03125171450767602, -0.10269160464417176]]	0.48231682836076506	[[0.0, 0.0, 0.9206000000000001], [0.0, -1.0, 0.0], [0.9206000000000001, 0.0, 0.0]]
7	[[0.034229894132735264, 0.2773841392786001, 0.9601491309293217], [-0.1827544195208179, -0.9427759796974285, 0.2788803941677556], [0.9825625356654255, -0.18501754344446375, 0.018422055382213542]]	0.7671965698740707	0.23280343012592938	[[0.026261057365787075, 0.21280816019201348, 0.7366231198165457], [-0.14020856378569838, -0.7232944977835336, 0.21395608181063092], [0.7538186070492836, -0.14194482469711941, 0.014133337699264392]]	0.8732741080952301	0.1950183262583471	[[0.009207807396602753, 0.21292839975645286, 0.7865004569861965], [-0.16812734883501312, -0.82387868462168, 0.25706711937431603], [0.8160065021755206, -0.1455085039917855, 0.0]]	[[-0.02068427287235579, -0.02930398707182971, -0.05197291896451728], [-0.008532646127509357, -0.0005768318178015139, 0.013528091892223055], [-0.04203991980549175, 0.01606252624164908, -0.016087503983183465]]	0.3736601382098655	[[0.0, 0.0, 0.9206000000000001], [0.0, -1.0, 0.0], [0.9206000000000001, 0.0, 0.0]]
7	[[0.5319609947059123, -0.8460851799387872, 0.03402011756955908], [-0.703274286200726, -0.4190807785627857, 0.5742617690636116], [-0.47161719485230363, -0.3294103357928521, -0.8179645788128509]]	0.5790770921001132	0.42092290789988684	[[0.3080464259249834, -0.489948545667954, 0.019700270755084237], [-0.4072500286018992, -0.24268007860518942, 0.33254183533362297], [-0.2731027137794845, -0.19075397935864666, -0.4736645497398395]]	0.7145919966739595	0.47417251287806894	[[0.4365537768991058, -0.5614230245428491, 0.08744845833524241], [-0.5219298304093454, -0.3455583128646321, 0.3349352298113587], [-0.24358224983819554, -0.10955582930879387, -0.5078244426871199]]	[[0.05641870753954235, 0.04318267354585524, 0.06313795459412833], [-0.01937565402371498, -0.04608654254377364, -0.07542763435732763], [0.09343162309708393, 0.1258381602704598, 0.07668649889532958]]	0.4667731126576265	[[0.46756269687871604, -0.467562696878716, 0.0], [-0.5, -0.5000000000000001, 0.7071067811865475], [-0.33061675359281023, -0.3306167535928103, -0.46756269687871604]]
7	[[0.22433838825039393, -0.7661379269479729, -0.6022499185961573], [-0.9416906372873723, -0.011392912655017143, -0.3362869982418849], [0.2507808429735371, 0.642575192824231, -0.724020780340167]]	0.5129135461648957	0.48708645383510435	[[0.11506619825842668, -0.39296252096230655, -0.30890214142467487], [-0.48300588416134665, -0.005843579231031716, -0.17248615679739324], [0.1286288914797788, 0.329585520829068, -0.37136006594135007]]	0.6983383798759916	0.48999379281177924	[[0.18754270037835535, -0.4267878238402962, -0.3368447941865814], [-0.8145488502233009, 0.04572456555118974, -0.2043908849616193], [0.14680654106011762, 0.3368447941865814, -0.35766401280096716]]	[[0.030878593783584107, 0.10823569482610199, 0.08372943824630678], [-0.15693013623564736, 0.05368067371676298, 0.030451232563979067], [-0.028323346525957766, -0.111890124918795, 0.1479474859383363]]	0.5026062874051639	[[0.08914667398426826, -0.5195848927308141, -0.3043657833575411], [-0.8535533905932738, 0.14644660940672602, -0.5], [0.3043657833575411, 0.30436578335754116, -0.43043821874654603]]
7	[[0.04673222253661188, -0.9725397674033924, -0.22799671093185395], [-0.8377629715199755, -0.16246744520517667, 0.5213036857710898], [-0.5440306084466285, 0.16664552219444034, -0.8223502702654952]]	0.5401706793297483	0.4598293206702517	[[0.02524337639419062, -0.5253374668334858, -0.12315713822900781], [-0.4525349934432537, -0.08776015024544892, 0.2815929660800711], [-0.2938693833407917, 0.0900170249310315, -0.44420950413631466]]	0.708316491136386	0.45877622416780056	[[-0.003172857931780588, -0.7135327930908409, -0.1122898412965311], [-0.6729040406297248, -0.15109199623165986, 0.28108326393100425], [-0.24728975321449576, 0.020319384406089668, -0.5149270294772045]]	[[-0.03627406182191814, -0.02466683755307309, 0.04920398898135663], [-0.07950271223870359, -0.03601362552003619, -0.08816473359083915], [0.13805609843121322, -0.09771838713826705, 0.06755722844230967]]	0.48045911840124805	[[-0.08914667398426826, -0.5195848927308141, -0.3043657833575411], [-0.8535533905932738, -0.14644660940672602, 0.5], [-0.3043657833575411, 0.30436578335754116, -0.43043821874654603]]
7	[[0.08740825448676931, -0.06334395238859675, -0.994156597696443], [0.7119981850616444, -0.6940087028176986, 0.10681996481098455], [-0.6967197295301035, -0.717174639895393, -0.015561310176609944]]	0.6374382054777006	0.3625617945222994	[[0.05571736088398439, -0.040377855338452014, -0.6337133975994369], [0.4538548453890742, -0.44238766211002045, 0.06809112667830511], [-0.44411577411257813, -0.4571545154690354, -0.009919373633860125]]	0.8473738371327216	0.25331221453192077	[[0.04789837002531226, -0.04789837002531227, -0.744477200782976], [0.6733351927982838, -0.6649748140176971, 0.09430871996347606], [-0.533968097063146, -0.5410535545309446, 0.0]]	[[-0.026169097976214886, 0.005777637969365383, 0.09794509011787057], [0.07000655869106474, -0.07688999650756134, 0.0037922764992098104], [0.0564139735548497, 0.0666614719714923, 0.013186247115166437]]	0.25995940722268995	[[0.0, 0.0, -0.7802125138160002], [0.7071067811865475, -0.7071067811865476, 0.0], [-0.5516935592858967, -0.5516935592858966, 0.0]]
