7	[[0.8592155572171323, 0.2624339665249735, -0.4391776855101157], [-0.4266000482917053, 0.8413623931712975, -0.33184593135155627], [0.2824199444684594, 0.4724804086637203, 0.8348660002631537]]	0.777884232405512	0.2221157675944881	[[0.6683702341967233, 0.2041432446074128, -0.3416293967826657], [-0.33184545110954744, 0.6544825393869192, -0.25813771758629767], [0.21969002171885485, 0.3675350600200207, 0.6494290977761632]]	0.817100144515246	0.2230965154167243	[[0.7210912305054014, 0.16822026451740765, -0.31936745677677175], [-0.347726048830353, 0.7392314133856297, -0.39495771702391286], [0.23331903270529902, 0.3851008190782662, 0.6865617020554391]]	[[0.019026074533534845, -0.046214567455857405, 0.03948469352141507], [0.0008489122790102319, 0.05175408033566929, -0.12380635855975985], [0.002553655266133048, -0.0009629911214822278, 0.004392572589550689]]	0.4479889716786886	[[0.745145688874951, -0.1278467883232562, -0.43649623859910347], [-0.14644660940672619, 0.8535533905932737, -0.5], [0.43649623859910347, 0.4364962385991036, 0.6172989005516948]]
7	[[-0.30792515101507295, 0.09349718223056193, 0.9468053539599837], [0.3027085282091916, -0.9338174967034747, 0.1906631317268273], [0.9019698710720718, 0.34531602882779927, 0.2592434992682147]]	0.7894036466549682	0.21059635334503213	[[-0.24307723710808035, 0.07380701660476968, 0.7474115990884588], [0.2389592160418942, -0.7371589372079366, 0.15051017146781404], [0.7120183053972049, 0.2725937324050769, 0.2046477636939233]]	0.8447540051032494	0.267043305751875	[[-0.25184886204542817, 0.07721632666249399, 0.7387936111012278], [0.24424169067722257, -0.8497588311422426, 0.11847257680596172], [0.6758401710031574, 0.26118342528553407, 0.1746325353829342]]	[[0.00827214254657763, -0.0017657924926415686, -0.06102400370966811], [-0.011472550906401958, -0.0609127607664918, -0.04259086734580406], [-0.08610249006743693, -0.03052367309309843, -0.04436444892087153]]	0.3969912970226091	[[-0.42479813940464756, -0.12442049439619293, 0.7251757844131025], [0.5, -0.8535533905932737, 0.14644660940672619], [0.6007552900169094, 0.42479813940464767, 0.42479813940464756]]
7	[[0.034229894132735264, 0.2773841392786001, 0.9601491309293217], [-0.1827544195208179, -0.9427759796974285, 0.2788803941677556], [0.9825625356654255, -0.18501754344446375, 0.018422055382213542]]	0.8703365534533031	0.1296634465466971	[[0.029791528084556262, 0.2414175557623478, 0.8356528854142101], [-0.15905785161410768, -0.8205323968484209, 0.24271980108566313], [0.8551600908433845, -0.16102753108985132, 0.0160333881888816]]	0.9174851930221317	0.1281265272823737	[[0.00903972197909764, 0.2359863172927765, 0.858329104707436], [-0.1649748417475579, -0.8266671760890901, 0.25348761254258856], [0.8914597990312224, -0.15974612116927828, 0.0]]	[[-0.022365699046402114, -0.018509523274527765, -0.022593506013284793], [0.0026996321221473777, 0.03831582562023436, -0.002381019730502865], [-0.010026778660085757, 0.010004735390346213, -0.016901963038214597]]	0.3497809330019717	[[0.0, 0.0, 0.9732000000000001], [0.0, -1.0, 0.0], [0.9732000000000001, 0.0, 0.0]]
7	[[0.3802729664721569, 0.7767473726770865, -0.5020517802076895], [0.4287143634067757, 0.332951791095048, 0.839849450446521], [0.8195098935212374, -0.5346088512602871, -0.20639019011321075]]	0.7462620976290422	0.25373790237095806	[[0.2837833016311302, 0.5796571236618498, -0.37466221461618515], [0.31993328011963995, 0.2484693020319372, 0.6267478125828192], [0.6115691721669115, -0.39895832275255444, -0.15402117620394143]]	0.8437276256277944	0.25047558280040927	[[0.3463037480030238, 0.5854538901190115, -0.42912716739898515], [0.40397414115306746, 0.29301096087733625, 0.7173949727662976], [0.6494310811870864, -0.4291271673989851, -0.0794665180554123]]	[[0.02545694091103299, -0.06990932634245432, -0.005532210942144027], [0.042255989243337205, 0.012090336728190076, 0.008790790056246379], [-0.04201205545207388, 0.02193708931445967, 0.09467058700167608]]	0.38284955003137977	[[0.4485164802703488, 0.4485164802703489, -0.6342980893461722], [0.5, 0.5000000000000001, 0.7071067811865475], [0.6342980893461722, -0.634298089346172, 0.0]]
7	[[-0.8305561570912853, 0.32773595720904825, 0.4502950280316503], [-0.5100865793185324, -0.772219296347621, -0.37879947194723407], [0.22358030216652452, -0.5443036842615101, 0.808545204538665]]	0.7564310402603956	0.24356895973960452	[[-0.6282584579032376, 0.24790965104237686, 0.3406171364780652], [-0.3858453218167844, -0.5841306456453816, -0.28653567861513474], [0.1691230805495577, -0.4117282021035001, 0.6116086901667366]]	0.7934174718674605	0.2564585108090518	[[-0.6649020279375043, 0.3292943848803646, 0.34948836609946893], [-0.49526302678523637, -0.621882065979339, -0.3678243637306697], [0.0535256697122963, -0.4704897723915249, 0.6491085304740405]]	[[-0.005924261534183274, 0.06926295027149935, -0.007783576635890296], [-0.09055142258880562, -0.009189784143940408, -0.06727824435356627], [-0.12386684839203049, -0.03862971929661313, 0.007594638398414388]]	0.4180943822351275	[[-0.6172989005516948, 0.4364962385991036, 0.43649623859910347], [-0.7071067811865475, -0.5000000000000001, -0.5], [0.0, -0.6172989005516947, 0.6172989005516948]]
7	[[0.8489524140446696, -0.5135124485683378, 0.12483895166604869], [0.522794976890395, 0.7815435453534784, -0.34040431673891397], [0.0772347773085365, 0.35425224329800037, 0.9319550081910795]]	0.8102572870637021	0.1897427129362981	[[0.687869879850015, -0.4160772034504203, 0.10115167029680923], [0.42359843966574234, 0.633251352780257, -0.2758150781856456], [0.06258004112898398, 0.28703546159086835, 0.7551233366023341]]	0.8998140722609378	0.16863178204782683	[[0.7400248520354744, -0.466784144755443, 0.06551787874480272], [0.5081990016781084, 0.6667421928970914, -0.2963565159964503], [0.021896849847988325, 0.2885737371653281, 0.821326205164693]]	[[-0.023874476801813472, -0.004718417252481675, -0.04681396673061091], [0.037780724564799265, -0.03650168729667284, 0.009944078463594073], [-0.04760008964217258, -0.030187416484218077, -0.0172600259196979]]	0.435520259526522	[[0.6881563194507482, -0.6881563194507481, 0.0], [0.7071067811865475, 0.7071067811865476, 0.0], [0.0, 0.0, 0.9732000000000001]]
7	[[-0.5446221603179724, 0.8109226453022452, -0.2139887049042392], [-0.8354447797583356, -0.5021691245819775, 0.22328947644507607], [0.07361197229480154, 0.30038414347728, 0.9509735242804028]]	0.7779665857185664	0.22203341428143356	[[-0.42369784256924264, 0.6308707216476558, -0.16647606213668878], [-0.6499481228649922, -0.3906707993043224, 0.1737117516168621], [0.05726765475419645, 0.23368882650501546, 0.7398256257931772]]	0.8459916148036767	0.18193734784975593	[[-0.47807308013227073, 0.6687064589131132, -0.12609976157563713], [-0.7614388028567396, -0.45180265293728955, 0.20874919036020403], [0.04527213030300864, 0.20456141165581276, 0.8218429267085238]]	[[-0.017327299267002348, -0.017327299267002345, 0.054932888436047655], [-0.05465952454968318, -0.026971784327633763, 0.019848165613766563], [-0.017002981007554038, -0.0495610549459507, 0.017327299267002348]]	0.3959436844491208	[[-0.6697137300894681, 0.669713730089468, 0.0], [-0.7071067811865475, -0.7071067811865476, 0.0], [0.0, 0.0, 0.9471182400000001]]
7	[[0.8787972042104137, -0.3840163418041313, 0.28327887866788265], [-0.395223040501579, -0.9183905790867732, -0.018907472103605397], [0.2674214316928388, -0.09534250611366366, -0.9588511794847616]]	0.7664722220030552	0.23352777799694482	[[0.6735736458012285, -0.29433785878809726, 0.21712539157910596], [-0.3029274820400487, -0.7039208678193117, -0.014492052155711203], [0.20497109896084836, -0.07307738251227967, -0.7349327941099355]]	0.8422084627338614	0.2539365242772283	[[0.6890596555690001, -0.31087238030025266, 0.14116877281718074], [-0.3588972035152473, -0.8404915992034657, -0.026190141000188835], [0.12913764686928442, -0.053850867683480866, -0.8075525778644109]]	[[-0.051070786843867816, 0.012549432595285839, -0.09741109611066877], [-0.026037014137409758, -0.06701528140153377, -0.010266107985627956], [-0.0960869460188297, 0.02644739782370158, 0.0]]	0.4791506842132207	[[0.6697137300894681, -0.669713730089468, 0.0], [-0.7071067811865475, -0.7071067811865476, 0.0], [0.0, 0.0, -0.9471182400000001]]
7	[[0.08740825448676931, -0.06334395238859675, -0.994156597696443], [0.7119981850616444, -0.6940087028176986, 0.10681996481098455], [-0.6967197295301035, -0.717174639895393, -0.015561310176609944]]	0.8423168513510711	0.157683148648929	[[0.07362544570138867, -0.053355678528094974, -0.8373948551215613], [0.5997280694088014, -0.5845752253676452, 0.08997625642102072], [-0.5868587688519668, -0.6040882845455258, -0.013107553790859466]]	0.9315496484542762	0.11456070397474563	[[0.0585151896690969, -0.05537984665725522, -0.8840144843730275], [0.682704787928414, -0.6702712894654701, 0.09225187755084327], [-0.639226855109118, -0.6516788146434074, 0.0]]	[[-0.022909939070054956, 0.00362818992204648, 0.042091744719593385], [0.019443128934156586, -0.023767726331434664, -0.0072562231167275625], [0.009802164005808418, 0.01640496903146813, 0.014496133024508943]]	0.15246910548837364	[[0.0, 0.0, -0.9217354711680001], [0.7071067811865475, -0.7071067811865476, 0.0], [-0.6517654021230704, -0.6517654021230703, 0.0]]
7	[[0.22433838825039393, -0.7661379269479729, -0.6022499185961573], [-0.9416906372873723, -0.011392912655017143, -0.3362869982418849], [0.2507808429735371, 0.642575192824231, -0.724020780340167]]	0.7457919993907187	0.2542080006092814	[[0.16730977511335265, -0.5713795363475891, -0.4491531709227258], [-0.7023053431900697, -0.00849674310786909, -0.25080015278791845], [0.1870303462901241, 0.4792274378152597, -0.5399689053703216]]	0.7720701519161485	0.24584279115729424	[[0.15338850354124445, -0.6933303201786848, -0.3965302547294817], [-0.8679968850653453, -0.006412621480782463, -0.29945468961273314], [0.21786603253428558, 0.4120864840629719, -0.6468005681139525]]	[[-0.019816469955861102, -0.10181809453124023, 0.06844893141254155], [-0.14094565167686876, 0.0023835063235440415, -0.03981753579269547], [0.024245629002046992, -0.08402664267838059, -0.08780573424627135]]	0.3485749980273421	[[0.12442049439619308, -0.7251757844131024, -0.42479813940464756], [-0.8535533905932738, 0.14644660940672602, -0.5], [0.42479813940464756, 0.42479813940464767, -0.6007552900169094]]
7	[[-0.42203838922340475, -0.825029846081567, 0.3757783270710803], [0.2588054115689476, 0.28760896992378115, 0.9221175843470338], [-0.8688517462515349, 0.4864224845687207, 0.09214016247897017]]	0.7298073591297298	0.27019264087027023	[[-0.3080067222904981, -0.602112853171996, 0.2742457884979331], [0.18887809394561647, 0.20989914280209665, 0.6729681990393945], [-0.6340943984070869, 0.3549947088844198, 0.06724456864856145]]	0.8438109672832819	0.25673213205818296	[[-0.2768668562224161, -0.6201661043182817, 0.33065816882039867], [0.26064887658832264, 0.23447901588500814, 0.8300384730009386], [-0.7210966411750801, 0.36807363541771054, 0.023475227623631988]]	[[0.07925376521886329, 0.07600312814138253, 0.01357229517045687], [0.04226603191418109, -0.008208587225725978, 0.05194554220414466], [0.012049991255196027, -0.042374991794558906, -0.054273652003386574]]	0.5012235036384297	[[-0.4485164802703488, -0.4485164802703489, 0.6342980893461722], [0.5, 0.5000000000000001, 0.7071067811865475], [-0.6342980893461722, 0.634298089346172, 0.0]]
7	[[0.04673222253661188, -0.9725397674033924, -0.22799671093185395], [-0.8377629715199755, -0.16246744520517667, 0.5213036857710898], [-0.5440306084466285, 0.16664552219444034, -0.8223502702654952]]	0.7429096837325126	0.25709031626748735	[[0.03471782066479172, -0.7225092110189456, -0.16938096441043676], [-0.622382224214715, -0.12069863833420712, 0.38728155632479344], [-0.40416560726189116, 0.12380257218891115, -0.6109319792002853]]	0.7837703744321344	0.36327355568282477	[[-0.02877641604483356, -0.8408486358925279, -0.14915235189519638], [-0.6854008444803957, -0.14774776642660115, 0.2714373007562124], [-0.2908671435058774, 0.036866430648509974, -0.6115839429761918]]	[[-0.0654037476003998, -0.07860077824462998, 0.02954471560115793], [-0.028787046606806907, -0.020410596065107388, -0.13714508423344635], [0.1355279301788786, -0.09374539267926509, 0.032949836264162334]]	0.3611617824519493	[[-0.12442049439619308, -0.7251757844131024, -0.42479813940464756], [-0.8535533905932738, -0.14644660940672602, 0.5], [-0.42479813940464756, 0.42479813940464767, -0.6007552900169094]]
7	[[-0.3195682178843842, -0.5708200961323295, -0.7563336379995778], [0.910087742671785, 0.03735879733279218, -0.41272826520656647], [0.2638493031197415, -0.8202248094963509, 0.507557688474819]]	0.7480080936196082	0.2519919063803919	[[-0.23903961344111366, -0.42697805190770527, -0.5657436827004471], [0.6807529974224947, 0.027944682772823227, -0.30872408284009195], [0.19736141422946002, -0.6135347960908717, 0.3796572589580242]]	0.7964930888802576	0.22597054110120515	[[-0.2936477576302992, -0.475000673386061, -0.5876157890190236], [0.7747240053866005, 0.0070119952303058855, -0.3134408465212435], [0.19020563595227932, -0.6237200182856231, 0.43351438233334394]]	[[-0.03911388065960693, -0.020346411822696222, 0.014798726535302608], [0.04984540807388939, -0.02274402865414136, 0.015294364301324737], [-0.019948510488466964, 0.029583373806346246, 0.029248191255111824]]	0.31238529103191676	[[-0.413413549268603, -0.41341354926860313, -0.5846550482444564], [0.8535533905932738, -0.14644660940672602, -0.5], [0.1210860251463751, -0.7057410733908313, 0.413413549268603]]
7	[[0.5319609947059123, -0.8460851799387872, 0.03402011756955908], [-0.703274286200726, -0.4190807785627857, 0.5742617690636116], [-0.47161719485230363, -0.3294103357928521, -0.8179645788128509]]	0.7694198420345341	0.23058015796546583	[[0.40930134451515676, -0.650994725496262, 0.026175753486366436], [-0.5411131901955124, -0.32244906644148813, 0.4418483996393961], [-0.3628716275640295, -0.2534548485302791, -0.629358177020028]]	0.8277912608260514	0.21627403545276794	[[0.48349186203350575, -0.6812564854847816, 0.004907472006619669], [-0.6008515695616765, -0.3862947583751943, 0.5591569584309666], [-0.3488205877611303, -0.3418803742924025, -0.676349013478162]]	[[0.04313919951561811, 0.01912543238298358, -0.023254084009736144], [-0.018687261481036447, -0.0393833523007426, 0.08378808457360076], [0.041580004592903716, -0.06919737709730446, 0.0007549165283778643]]	0.33590519634770244	[[0.6172989005516948, -0.6172989005516947, 0.0], [-0.5, -0.5000000000000001, 0.7071067811865475], [-0.43649623859910347, -0.4364962385991036, -0.6172989005516948]]
