7	[[0.3802729664721569, 0.7767473726770865, -0.5020517802076895], [0.4287143634067757, 0.332951791095048, 0.839849450446521], [0.8195098935212374, -0.5346088512602871, -0.20639019011321075]]	0.5700360645779938	0.42996393542200656	[[0.2167693052731877, 0.44277401549214274, -0.28618762100396733], [0.24438264854445835, 0.18979452869001556, 0.4787444755705257], [0.46715019458557683, -0.3047463256609762, -0.11764985173963861]]	0.7597809811408849	0.3683646017614045	[[0.30234630261142925, 0.4475019329178811, -0.36112034061467324], [0.40975370816959533, 0.3123100220663584, 0.713673514827422], [0.5484459954345832, -0.38735863191984077, -0.04022360976660236]]	[[0.013422135043859022, -0.14265594799332038, 0.020329053535052995], [0.08402468851120534, 0.05933958355554793, 0.07557187535653132], [-0.07420203551964451, 0.018827005617301548, 0.11658773137546666]]	0.45283300405508403	[[0.3638360275630207, 0.36383602756302075, -0.5145418446595752], [0.5, 0.5000000000000001, 0.7071067811865475], [0.5145418446595752, -0.5145418446595751, 0.0]]
7	[[0.8592155572171323, 0.2624339665249735, -0.4391776855101157], [-0.4266000482917053, 0.8413623931712975, -0.33184593135155627], [0.2824199444684594, 0.4724804086637203, 0.8348660002631537]]	0.5651293702721998	0.4348706297278003	[[0.48556794677819515, 0.1483091422402939, -0.24819220884993393], [-0.24108421664918148, 0.4754785994236062, -0.18753588221209666], [0.15960380536977012, 0.2670125558140799, 0.47180729699038626]]	0.7471411352349535	0.44684745554647093	[[0.47034946043385817, 0.19098808689620841, -0.2875367350373378], [-0.35399386017969264, 0.7495167811530616, -0.2507261239074541], [0.23949647263017637, 0.31351777467339165, 0.4676362643703694]]	[[-0.17160582639688324, -0.005087124777472088, 0.0405909794845495], [-0.03526341580774199, 0.12090032757506128, -0.0027903780343518474], [0.02848891470701906, -0.03949177423189509, -0.1561264668353084]]	0.5423240016960084	[[0.5736543789209979, -0.09842353119341414, -0.33603895505720593], [-0.14644660940672619, 0.8535533905932737, -0.5], [0.33603895505720593, 0.336038955057206, 0.4752308477275837]]
7	[[-0.3195682178843842, -0.5708200961323295, -0.7563336379995778], [0.910087742671785, 0.03735879733279218, -0.41272826520656647], [0.2638493031197415, -0.8202248094963509, 0.507557688474819]]	0.5386721371881913	0.4613278628118086	[[-0.1721424949052028, -0.30748488113357075, -0.40741585720855233], [0.49023890937378717, 0.020124143202035673, -0.22232521669679584], [0.14212826800712605, -0.4418322511061764, 0.27340718479702897]]	0.6917497521193231	0.48595183881372644	[[-0.23061456957046317, -0.3688336826056533, -0.4005996275616771], [0.7891533932400726, 0.012959666303052259, -0.21621467630648117], [0.15733337785634893, -0.4005996275616771, 0.3070239871462238]]	[[-0.009553334063726555, 0.026030977398613903, 0.12259397904403663], [0.15960042284003093, -0.012883272491382762, 0.0692899988427994], [-0.02518431217358832, 0.16679068108954262, -0.044078918042488785]]	0.500051185396224	[[-0.2866536486635755, -0.28665364866357557, -0.4053894776437608], [0.8535533905932738, -0.14644660940672602, -0.5], [0.08395890984169525, -0.48934838748545595, 0.2866536486635755]]
7	[[0.5319609947059123, -0.8460851799387872, 0.03402011756955908], [-0.703274286200726, -0.4190807785627857, 0.5742617690636116], [-0.47161719485230363, -0.3294103357928521, -0.8179645788128509]]	0.5865549326117133	0.4134450673882868	[[0.31202434540178636, -0.49627543570276467, 0.019954667768455274], [-0.4125090015500175, -0.24581389782875906, 0.33683607325459], [-0.2766293919451182, -0.19321725731257824, -0.4797811584043402]]	0.7184758850828018	0.4695122443729116	[[0.44018559087887027, -0.5679137106455157, 0.08865512513731989], [-0.519718460324482, -0.3472996573304467, 0.3364253114017184], [-0.24489436211806698, -0.10881552945861571, -0.513700903123497]]	[[0.05798444437801233, 0.03997808786644622, 0.06421249105590998], [-0.01443284509043996, -0.04620022403135957, -0.07616792139547551], [0.09395121937371008, 0.12785785310557668, 0.07398692160544715]]	0.45910899915094755	[[0.4752308477275837, -0.4752308477275836, 0.0], [-0.5, -0.5000000000000001, 0.7071067811865475], [-0.33603895505720593, -0.336038955057206, -0.4752308477275837]]
7	[[0.8489524140446696, -0.5135124485683378, 0.12483895166604869], [0.522794976890395, 0.7815435453534784, -0.34040431673891397], [0.0772347773085365, 0.35425224329800037, 0.9319550081910795]]	0.6872501144532792	0.312749885546721	[[0.5834426437175867, -0.35291148905177383, 0.08579558382071936], [0.35929090770352334, 0.5371158909943995, -0.23394290563920894], [0.05307960954506524, 0.24345989475188168, 0.640486186044626]]	0.8300392168275645	0.25579005565601615	[[0.6654404539347576, -0.41251113163975883, 0.050197338648517394], [0.4768984463796342, 0.6247271103882235, -0.2643311117154099], [0.029409175526427644, 0.22904537760422877, 0.7328177004241039]]	[[-0.039223342942750185, 0.013724339001109299, -0.05342388702194384], [0.04295811320014609, -0.023984681913615774, 0.018217820755280462], [-0.034698718542601335, -0.06499787698225125, -0.04074150469334626]]	0.4531760884814719	[[0.6530838231038953, -0.6530838231038952, 0.0], [0.7071067811865475, 0.7071067811865476, 0.0], [0.0, 0.0, 0.9236]]
7	[[-0.42203838922340475, -0.825029846081567, 0.3757783270710803], [0.2588054115689476, 0.28760896992378115, 0.9221175843470338], [-0.8688517462515349, 0.4864224845687207, 0.09214016247897017]]	0.5583035082617407	0.4416964917382594	[[-0.23562551332456086, -0.46061705748798276, 0.20979835833251195], [0.14449196923606714, 0.16057309691599247, 0.5148214823707906], [-0.48508297809157164, 0.27157137963210914, 0.05144217596381585]]	0.7556618947320062	0.3923433646431902	[[-0.2291367578187141, -0.49859557587987907, 0.27633024597433736], [0.2686097131708774, 0.23571727587727467, 0.82902757938313], [-0.579454877471286, 0.30013557094894106, 0.023912739596483695]]	[[0.08978157103148775, 0.12484804082057317, -0.007631116659418708], [0.07304032549778974, 0.01838213672274958, 0.13221845842974997], [0.07710327934236111, -0.06743536538050847, -0.045714070163289815]]	0.5673060445668676	[[-0.3638360275630207, -0.36383602756302075, 0.5145418446595752], [0.5, 0.5000000000000001, 0.7071067811865475], [-0.5145418446595752, 0.5145418446595751, 0.0]]
7	[[0.034229894132735264, 0.2773841392786001, 0.9601491309293217], [-0.1827544195208179, -0.9427759796974285, 0.2788803941677556], [0.9825625356654255, -0.18501754344446375, 0.018422055382213542]]	0.7738384766279202	0.22616152337207998	[[0.026488409130810835, 0.21465051978009875, 0.7430003408139677], [-0.1414224015990095, -0.729556327930453, 0.21580837938416988], [0.7603446957909994, -0.14317369396850388, 0.014255695273327304]]	0.875926097951103	0.19089237915095064	[[0.009200343266839729, 0.21420795976964324, 0.7905479295599547], [-0.1679347216445274, -0.8240519948939973, 0.25684133855487473], [0.8202530422060379, -0.1463043809072615, 0.0]]	[[-0.020782514334126426, -0.02876004698218622, -0.05047175214610861], [-0.007855356070338538, 0.0017500902443995103, 0.012562723096446966], [-0.040399125652319734, 0.015757313974546303, -0.01613635908718142]]	0.37224288617044543	[[0.0, 0.0, 0.9236], [0.0, -1.0, 0.0], [0.9236, 0.0, 0.0]]
7	[[0.08740825448676931, -0.06334395238859675, -0.994156597696443], [0.7119981850616444, -0.6940087028176986, 0.10681996481098455], [-0.6967197295301035, -0.717174639895393, -0.015561310176609944]]	0.6467352925456584	0.35326470745434163	[[0.05653000303640612, -0.04096676957903738, -0.6429561580474057], [0.4604743545078202, -0.4488399214460372, 0.06908424119174902], [-0.4505932380999836, -0.4638221505390743, -0.010064048489463564]]	0.8519610024894091	0.2459726812923624	[[0.04884726202604805, -0.048847262026048055, -0.7517061518138975], [0.6734799139991863, -0.6651533251612163, 0.09493350741641969], [-0.5397069952956699, -0.5468037725683281, 0.0]]	[[-0.025621162092349326, 0.0051193151525822395, 0.0952764997910244], [0.06688522648342778, -0.07388497497227528, 0.003927063110169897], [0.05387104392894705, 0.0642010525969319, 0.013257629418113252]]	0.2535105286540292	[[0.0, 0.0, -0.787864936256], [0.7071067811865475, -0.7071067811865476, 0.0], [-0.5571046390857246, -0.5571046390857245, 0.0]]
7	[[0.8787972042104137, -0.3840163418041313, 0.28327887866788265], [-0.395223040501579, -0.9183905790867732, -0.018907472103605397], [0.2674214316928388, -0.09534250611366366, -0.9588511794847616]]	0.5983913109352594	0.4016086890647406	[[0.5258646110737104, -0.22979204219273677, 0.16951161956634458], [-0.23649803331755898, -0.5495569425703263, -0.011314067018548264], [0.1600226610828617, -0.05705212722120817, -0.5737682142837063]]	0.7989454834002524	0.3570524888861808	[[0.5598835450830822, -0.23815962988973133, 0.22829573576610057], [-0.3454944622567374, -0.8473676558456682, -0.022992613057448093], [0.2048678515175364, -0.07617346463557254, -0.6504082958967283]]	[[-0.14222751204559714, 0.06864849194656686, 0.001971355111707633], [-0.029732799112285845, -0.11362365068694852, -0.007886573617756295], [-0.008787293497886236, 0.0, 0.11566152320562648]]	0.5072912263063645	[[0.6031882190187577, -0.6031882190187576, 0.0], [-0.7071067811865475, -0.7071067811865476, 0.0], [0.0, 0.0, -0.85303696]]
7	[[-0.30792515101507295, 0.09349718223056193, 0.9468053539599837], [0.3027085282091916, -0.9338174967034747, 0.1906631317268273], [0.9019698710720718, 0.34531602882779927, 0.2592434992682147]]	0.6160347313056157	0.3839652686943844	[[-0.18969258766781158, 0.057597511533236403, 0.5832649818254569], [0.18647896683926773, -0.5752640106702078, 0.11745511112322327], [0.5556447671716446, 0.21272666703445556, 0.15970299941442223]]	0.8028225550688745	0.29641095139448337	[[-0.1784067272273563, 0.07392161430979988, 0.7336572953781757], [0.2610199614929317, -0.8369204406012226, 0.13268892255342565], [0.6745807986690218, 0.24716422908216087, 0.10448511291755644]]	[[0.06880252928053364, -0.001140032420280013, -0.026459398040868512], [0.017998727434890074, -0.08723069192971866, -0.020379740016939214], [-0.04954095782020221, -0.030063267487609992, -0.10364141554994755]]	0.48154834394625295	[[0.0, 0.0, 0.9236], [0.0, -1.0, 0.0], [0.9236, 0.0, 0.0]]
7	[[0.22433838825039393, -0.7661379269479729, -0.6022499185961573], [-0.9416906372873723, -0.011392912655017143, -0.3362869982418849], [0.2507808429735371, 0.642575192824231, -0.724020780340167]]	0.5232592344446144	0.4767407655553858	[[0.11738713329243983, -0.40088874513378014, -0.3151328313489566], [-0.49274832195065155, -0.005961446753958606, -0.17596527725372613], [0.13122339190770807, 0.33623340347030756, -0.3788505592427882]]	0.70302476299571	0.4843225895804808	[[0.19097095025252564, -0.4317592933825794, -0.3403606164206508], [-0.8135270159531242, 0.04475106188760011, -0.20500948081131745], [0.14917967022229417, 0.34036061642065074, -0.361682380774159]]	[[0.03325550802195285, 0.10685464113204393, 0.08303598986459834], [-0.15149517885889, 0.05276056160672424, 0.031408606426222466], [-0.02712547247304117, -0.11138565622152695, 0.14732215672845597]]	0.49374869940527427	[[0.0909039734102374, -0.5298271843714335, -0.3103655788908354], [-0.8535533905932738, 0.14644660940672602, -0.5], [0.3103655788908354, 0.31036557889083544, -0.4389232109611963]]
7	[[-0.5446221603179724, 0.8109226453022452, -0.2139887049042392], [-0.8354447797583356, -0.5021691245819775, 0.22328947644507607], [0.07361197229480154, 0.30038414347728, 0.9509735242804028]]	0.6118114720173132	0.38818852798268677	[[-0.3332060855973878, 0.4961317773145401, -0.13092074454254102], [-0.5111347004931274, -0.3072328313121451, 0.13661106326983724], [0.04503664912778021, 0.18377846499149447, 0.5818165117394853]]	0.7724126177413004	0.32689094147861003	[[-0.44650075175489273, 0.5925362718736586, -0.09029425093478717], [-0.7324798543629666, -0.3958261467444192, 0.10356358731361202], [0.07002094605674872, 0.09563363329475974, 0.7096736373917654]]	[[-0.025827723223765472, -0.033830611369948596, 0.07499332478736692], [-0.08717176505152636, -0.007944378677196837, -0.06890802170141366], [0.013162129839420979, -0.1363868692965045, -0.024870311900330618]]	0.43252194332590926	[[-0.6031882190187577, 0.6031882190187576, 0.0], [-0.7071067811865475, -0.7071067811865476, 0.0], [0.0, 0.0, 0.85303696]]
7	[[-0.8305561570912853, 0.32773595720904825, 0.4502950280316503], [-0.5100865793185324, -0.772219296347621, -0.37879947194723407], [0.22358030216652452, -0.5443036842615101, 0.808545204538665]]	0.5443792125001548	0.4556207874998452	[[-0.45213750673450864, 0.1784126422934461, 0.24513125275260486], [-0.27768053035632045, -0.42038013242314154, -0.20621055823410966], [0.12171246882395928, -0.29630761099921377, 0.44015520171753497]]	0.7311243055289576	0.4292821518896671	[[-0.49554486009411114, 0.18254535929007842, 0.25791314057388587], [-0.4464514752685911, -0.6758178748530518, -0.26967168859922913], [0.15816913254526824, -0.36857947244129086, 0.469825019168154]]	[[0.11169493346205459, -0.057070364821255104, -0.0713084990788969], [-0.07351477920468749, -0.11122957809483724, 0.007277812262928233], [-0.005295860606186489, 0.02937418071125871, -0.12132203198894637]]	0.5312929804920877	[[-0.4752308477275837, 0.336038955057206, 0.33603895505720593], [-0.7071067811865475, -0.5000000000000001, -0.5], [0.0, -0.4752308477275836, 0.4752308477275837]]
7	[[0.04673222253661188, -0.9725397674033924, -0.22799671093185395], [-0.8377629715199755, -0.16246744520517667, 0.5213036857710898], [-0.5440306084466285, 0.16664552219444034, -0.8223502702654952]]	0.545652740855525	0.45434725914447494	[[0.02549956531337263, -0.5306689896746558, -0.12440703022601093], [-0.4571276615971438, -0.08865080677599949, 0.2844507849590824], [-0.29685179260820177, 0.0909305859366966, -0.4487176789136492]]	0.7127061137601522	0.45344082876747976	[[-0.004282747427020879, -0.7198215901001705, -0.11433307402285718], [-0.6736322996322639, -0.15192085252322468, 0.2813514042847679], [-0.2499088738677518, 0.022249766988427594, -0.5193145105479344]]	[[-0.03758908813846404, -0.026686551996896103, 0.0481615757754813], [-0.07655350794810521, -0.03612931103850282, -0.09018491968998901], [0.13782506684481594, -0.09651951551030319, 0.06677955472259756]]	0.4723361545756703	[[-0.0909039734102374, -0.5298271843714335, -0.3103655788908354], [-0.8535533905932738, -0.14644660940672602, 0.5], [-0.3103655788908354, 0.31036557889083544, -0.4389232109611963]]
