7	[[0.8787972042104137, -0.3840163418041313, 0.28327887866788265], [-0.395223040501579, -0.9183905790867732, -0.018907472103605397], [0.2674214316928388, -0.09534250611366366, -0.9588511794847616]]	0.6786792430254793	0.3213207569745208	[[0.5964214213264312, -0.2606239201650416, 0.19225549493942523], [-0.26822967395384006, -0.6232926230163428, -0.012832108854800309], [0.18149337483008576, -0.06470697987737334, -0.6507523926668061]]	0.8262186507430003	0.28324893618295666	[[0.6544593860288833, -0.2671890091037416, 0.1676601655363825], [-0.31728604159277923, -0.8545843087714294, -0.03377849235309461], [0.15862190241861016, -0.052588428895574184, -0.7523881199620138]]	[[-0.07161925431056552, 0.05009245468493051, -0.06639012738058558], [0.009254605672981472, -0.09579288366327282, -0.01815678626269284], [-0.0623266720544085, 0.02618532786411324, 0.03983260781522036]]	0.48873403221040357	[[0.6440889722988623, -0.6440889722988623, 0.0], [-0.7071067811865475, -0.7071067811865476, 0.0], [0.0, 0.0, -0.9108793599999998]]
7	[[0.3802729664721569, 0.7767473726770865, -0.5020517802076895], [0.4287143634067757, 0.332951791095048, 0.839849450446521], [0.8195098935212374, -0.5346088512602871, -0.20639019011321075]]	0.6654665413964701	0.33453345860353007	[[0.25305893578480215, 0.5168993876342157, -0.3340986617767519], [0.2852950646632964, 0.22156827687178168, 0.5588917090823725], [0.5453564144817673, -0.3557643032481233, -0.1373457659927983]]	0.8119482080434927	0.29748013135397394	[[0.34648981050361305, 0.5295806135291975, -0.41351817508131933], [0.4076086093989527, 0.2972270657995282, 0.7155068723595721], [0.600425147971802, -0.41733434494621763, -0.07109553497771538]]	[[0.037727856809162144, -0.10109802381845373, -0.00587813179664045], [0.05951475026831451, 0.02688745565503279, 0.0335926160432074], [-0.06497444154668011, 0.016740353838762576, 0.09648261004246186]]	0.40519619256984474	[[0.41485060423700454, 0.41485060423700465, -0.5866873508706454], [0.5, 0.5000000000000001, 0.7071067811865475], [0.5866873508706454, -0.5866873508706453, 0.0]]
7	[[0.22433838825039393, -0.7661379269479729, -0.6022499185961573], [-0.9416906372873723, -0.011392912655017143, -0.3362869982418849], [0.2507808429735371, 0.642575192824231, -0.724020780340167]]	0.647036008743074	0.352963991256926	[[0.14515501534138903, -0.4957188263991092, -0.3896773835942988], [-0.6093077514211431, -0.007371624732260745, -0.21758979713461835], [0.16226423570682103, 0.4157692880823016, -0.4684675159583476]]	0.7500516456518654	0.4221295635568561	[[0.20402456932024254, -0.50831444492572, -0.3602986437081289], [-0.8176467960989302, 0.05089180491986452, -0.20343327971252345], [0.16878883802131187, 0.36029864370812886, -0.4240353505741822]]	[[0.03575919203014741, 0.06632856797791584, 0.09141989882862085], [-0.11133018390658256, 0.059437077805528205, 0.048799336730128304], [-0.019309745948951636, -0.12166593712475032, 0.11901762720610787]]	0.40189728419399695	[[0.11067815354244175, -0.6450795522235904, -0.3778788528830159], [-0.8535533905932738, 0.14644660940672602, -0.5], [0.3778788528830159, 0.37787885288301604, -0.5344013986811489]]
7	[[0.5319609947059123, -0.8460851799387872, 0.03402011756955908], [-0.703274286200726, -0.4190807785627857, 0.5742617690636116], [-0.47161719485230363, -0.3294103357928521, -0.8179645788128509]]	0.6847690342880998	0.3152309657119001	[[0.3642704166237045, -0.5793729315921565, 0.023295923054474588], [-0.48158045380132397, -0.2869735400251438, 0.39323667703026516], [-0.32294885107267457, -0.22556999752538998, -0.5601168147155483]]	0.7677861288934468	0.2788488807447004	[[0.4307622819097473, -0.6305009369403748, 0.005331168577631345], [-0.6096906258636754, -0.37993252690677565, 0.5414203031321199], [-0.30726552075077135, -0.29972610984498793, -0.6280218575386775]]	[[0.022330009062187507, 0.019111528078942074, -0.02078900579560035], [-0.06972638411131804, -0.05816811824040257, 0.10051008249126706], [0.054835619604465285, -0.04680942330910355, 8.04979983603509e-18]]	0.3809294294400284	[[0.5599344076709439, -0.5599344076709438, 0.0], [-0.5, -0.5000000000000001, 0.7071067811865475], [-0.3959334166837971, -0.3959334166837972, -0.5599344076709439]]
7	[[-0.5446221603179724, 0.8109226453022452, -0.2139887049042392], [-0.8354447797583356, -0.5021691245819775, 0.22328947644507607], [0.07361197229480154, 0.30038414347728, 0.9509735242804028]]	0.7058431644511967	0.2941568355488035	[[-0.38441782906908445, 0.5723842060852719, -0.1510424646264215], [-0.5896929870688568, -0.3544526439846301, 0.15760735064264345], [0.051958507466056514, 0.21202409438296554, 0.6712381616873866]]	0.8093540281864033	0.2841200765436467	[[-0.4836459399156399, 0.621749089661576, -0.1143776483551465], [-0.735303812074877, -0.4066437048576273, 0.09625885031945161], [0.075384143287444, 0.11885958950407025, 0.7485541348835154]]	[[-0.0428538006227079, -0.03457441986137017, 0.058814971945491096], [-0.05913321425016541, -0.000211101046364022, -0.08446138689300374], [0.01580599698790049, -0.12425752702258888, -0.021120117691449045]]	0.4087978279197713	[[-0.6440889722988623, 0.6440889722988623, 0.0], [-0.7071067811865475, -0.7071067811865476, 0.0], [0.0, 0.0, 0.9108793599999998]]
7	[[0.034229894132735264, 0.2773841392786001, 0.9601491309293217], [-0.1827544195208179, -0.9427759796974285, 0.2788803941677556], [0.9825625356654255, -0.18501754344446375, 0.018422055382213542]]	0.836379010279395	0.16362098972060513	[[0.02862916497670559, 0.23199827187703737, 0.8030485798472872], [-0.15285196052300704, -0.7885180408145223, 0.23324970806035494], [0.8217946811174612, -0.15474478987040557, 0.015407820447887962]]	0.9022369005887365	0.14874607695614578	[[0.009108688805189499, 0.2275922297187521, 0.8324452654564165], [-0.16604813998239495, -0.8257296603663741, 0.2546776774804705], [0.8642475918255745, -0.15458756452186057, 0.0]]	[[-0.021774784784610146, -0.02267397637644648, -0.03383671053622384], [-0.001160358945038532, 0.02487761750534357, 0.003061495011589469], [-0.022256584987808824, 0.012342090430014326, -0.016621058150522398]]	0.35808034856070914	[[0.0, 0.0, 0.9543999999999999], [0.0, -1.0, 0.0], [0.9543999999999999, 0.0, 0.0]]
7	[[0.8489524140446696, -0.5135124485683378, 0.12483895166604869], [0.522794976890395, 0.7815435453534784, -0.34040431673891397], [0.0772347773085365, 0.35425224329800037, 0.9319550081910795]]	0.7533720035194887	0.24662799648051134	[[0.6395769810615392, -0.3868659022101271, 0.0940501711339237], [0.39385909916984174, 0.5887930266006742, -0.2564510821082782], [0.05818651892231368, 0.2668837222846879, 0.7021088117109351]]	0.8791608552301651	0.20192019147802015	[[0.7110557872947684, -0.45434651689459626, 0.05329634696930274], [0.5045903087238084, 0.6688291057549367, -0.29492695562584936], [0.023376742586796957, 0.26465988657430217, 0.7947599547246487]]	[[-0.03530994308645647, -0.002886473439920244, -0.056457172543457876], [0.0449694297308144, -0.01827338597764255, 0.004343194602374239], [-0.04452505028528733, -0.04678481861077234, -0.02457840731265631]]	0.44193419820660357	[[0.6748627119644409, -0.6748627119644408, 0.0], [0.7071067811865475, 0.7071067811865476, 0.0], [0.0, 0.0, 0.9543999999999999]]
7	[[0.04673222253661188, -0.9725397674033924, -0.22799671093185395], [-0.8377629715199755, -0.16246744520517667, 0.5213036857710898], [-0.5440306084466285, 0.16664552219444034, -0.8223502702654952]]	0.6528504474349506	0.3471495525650493	[[0.030509152392656766, -0.6349230222975875, -0.14884775474555795], [-0.5469339308012499, -0.1060669442958129, 0.3403333445051449], [-0.35517062614268985, 0.10879460372767137, -0.5368717418910811]]	0.7571881155844578	0.39839912015634227	[[-0.009377952240036666, -0.7992602100301344, -0.124708072908599], [-0.6871712004605498, -0.14628547756151297, 0.27161919105194854], [-0.27008104317020476, 0.0274550213046414, -0.5816610039363658]]	[[-0.04476303575960745, -0.06286465621901301, 0.04792832700134582], [-0.05282703474890387, -0.023267058882784044, -0.12310576442429527], [0.1418524680597639, -0.09872698761635479, 0.04101284755633404]]	0.39472521471214916	[[-0.11067815354244175, -0.6450795522235904, -0.3778788528830159], [-0.8535533905932738, -0.14644660940672602, 0.5], [-0.3778788528830159, 0.37787885288301604, -0.5344013986811489]]
7	[[0.08740825448676931, -0.06334395238859675, -0.994156597696443], [0.7119981850616444, -0.6940087028176986, 0.10681996481098455], [-0.6967197295301035, -0.717174639895393, -0.015561310176609944]]	0.7567658898838246	0.24323411011617546	[[0.06614758548987178, -0.047936542498115034, -0.7523438023396241], [0.5388159401138434, -0.5252021135749544, 0.08083770572754356], [-0.5272537261174663, -0.5427333045625486, -0.011776268743560438]]	0.9023775491566565	0.16565756565720702	[[0.05315867087721484, -0.053158670877214854, -0.8326922113489168], [0.6837579720648628, -0.670570226454017, 0.09060817622593578], [-0.6024348972795661, -0.6134678590114903, 0.0]]	[[-0.025716575582617373, 0.004001489633103019, 0.06441238275831968], [0.04126679482494842, -0.044312354111992025, -0.005783761821200745], [0.026269344702897206, 0.03369443485462235, 0.01404217693883582]]	0.18882864414239933	[[0.0, 0.0, -0.8693432611839997], [0.7071067811865475, -0.7071067811865476, 0.0], [-0.6147185151620341, -0.6147185151620341, 0.0]]
7	[[0.8592155572171323, 0.2624339665249735, -0.4391776855101157], [-0.4266000482917053, 0.8413623931712975, -0.33184593135155627], [0.2824199444684594, 0.4724804086637203, 0.8348660002631537]]	0.6820663496464145	0.3179336503535855	[[0.5860420186704994, 0.17899737757091805, -0.29954832080204574], [-0.2909695376973076, 0.5738649762401183, -0.22634094304197067], [0.19262914059094524, 0.32226298761670996, 0.5694340052433919]]	0.7775207861238221	0.39374865351822164	[[0.5305851391836336, 0.2101584745776631, -0.2844483178553876], [-0.34002353481451675, 0.7512016678622289, -0.2606287729282963], [0.24130045660706823, 0.33074401922895447, 0.5237848324112417]]	[[-0.13747281631364877, 0.006110610619572861, 0.05702146143047826], [-0.008333129906289597, 0.0970249185086614, -0.002611663511842376], [0.02171307936690548, -0.0366193195433661, -0.12534083642141652]]	0.4810359479887997	[[0.6759006205192692, -0.11596621284832526, -0.3959334166837971], [-0.14644660940672619, 0.8535533905932737, -0.5], [0.3959334166837971, 0.3959334166837972, 0.5599344076709439]]
7	[[-0.30792515101507295, 0.09349718223056193, 0.9468053539599837], [0.3027085282091916, -0.9338174967034747, 0.1906631317268273], [0.9019698710720718, 0.34531602882779927, 0.2592434992682147]]	0.7102719481622296	0.28972805183777045	[[-0.21871059689962463, 0.06640842577058022, 0.6724892832875872], [0.21500537605646375, -0.6632643726115534, 0.13542267401432545], [0.6406438975099956, 0.2452682885271657, 0.1841333852736284]]	0.8289320984193421	0.2821758360595508	[[-0.2337226414126908, 0.07285587434979325, 0.7265333274681027], [0.24734528243742354, -0.8484540180963329, 0.11851908239755737], [0.6648300544403658, 0.25199864419040036, 0.16086676706289757]]	[[0.021526400174326353, -0.00464694111288207, -0.058304021384614525], [-0.003579533060452298, -0.07438272101322443, -0.03952770747596503], [-0.08284172349843028, -0.03424489620366134, -0.05402849078707684]]	0.43682785325621365	[[-0.3778788528830159, -0.11067815354244162, 0.6450795522235905], [0.5, -0.8535533905932737, 0.14644660940672619], [0.5344013986811489, 0.37787885288301604, 0.3778788528830159]]
7	[[-0.8305561570912853, 0.32773595720904825, 0.4502950280316503], [-0.5100865793185324, -0.772219296347621, -0.37879947194723407], [0.22358030216652452, -0.5443036842615101, 0.808545204538665]]	0.6568776773629699	0.34312232263702996	[[-0.5455737993896375, 0.2152824343598093, 0.29578875214152384], [-0.33506448747677986, -0.5072536177996924, -0.24882491731901854], [0.14686490959125764, -0.35754093989780805, 0.5311152960003257]]	0.7675906831919288	0.38767536308615697	[[-0.6033806351989526, 0.23945490054046392, 0.1970579230649234], [-0.5682782298194032, -0.624445372636237, -0.30353032456943907], [0.17660569669870133, -0.26836428641484644, 0.5829343859482924]]	[[0.034146532852010025, -0.012112166760190182, -0.14858434513981975], [-0.17674052391325698, -0.031697035378776064, -0.012767379104719784], [0.004987539810440944, 0.14943815045133002, -0.0376973799950992]]	0.4603641404648569	[[-0.5599344076709439, 0.3959334166837972, 0.3959334166837971], [-0.7071067811865475, -0.5000000000000001, -0.5], [0.0, -0.5599344076709438, 0.5599344076709439]]
7	[[-0.42203838922340475, -0.825029846081567, 0.3757783270710803], [0.2588054115689476, 0.28760896992378115, 0.9221175843470338], [-0.8688517462515349, 0.4864224845687207, 0.09214016247897017]]	0.6569872376718577	0.3430127623281422	[[-0.277273835527365, -0.5420340795739667, 0.24688156507938097], [0.17003185244121113, 0.18895542267987347, 0.6058194845488042], [-0.570824508716166, 0.31957336447828566, 0.060534910825694774]]	0.8123925981067915	0.31015886004595467	[[-0.2604831684393072, -0.5692180400347021, 0.31085237976208274], [0.2649216650919583, 0.2359946564009156, 0.8280753845862626], [-0.6630543732303057, 0.34437805550828726, 0.024000774068496402]]	[[0.08237769508269993, 0.10103010013914854, 0.0055728483205840385], [0.054670064383363456, 0.0023432580857168737, 0.07895388447861734], [0.042794354276601526, -0.05078797050805644, -0.05085321191777608]]	0.5240935060659728	[[-0.41485060423700454, -0.41485060423700465, 0.5866873508706454], [0.5, 0.5000000000000001, 0.7071067811865475], [-0.5866873508706454, 0.5866873508706453, 0.0]]
7	[[-0.3195682178843842, -0.5708200961323295, -0.7563336379995778], [0.910087742671785, 0.03735879733279218, -0.41272826520656647], [0.2638493031197415, -0.8202248094963509, 0.507557688474819]]	0.6611727491348001	0.3388272508651999	[[-0.2112897971547271, -0.3774106922212031, -0.5000671906993056], [0.6017252147761887, 0.024700618736892038, -0.27288468175226244], [0.17444996910098062, -0.54231029220327, 0.3355833122334005]]	0.7384948944662036	0.29114707319547406	[[-0.2861985240224492, -0.43622266460698933, -0.5335267017759788], [0.7586220787116046, 0.014731245708178575, -0.3436372872367587], [0.1904988893752741, -0.5702321717787251, 0.37973328240345106]]	[[-0.05019902668116822, -0.014674937954556325, 0.025021828399759295], [0.08652692723221932, -0.012858035385486131, -0.03883957057981615], [-0.0043524738871207535, 0.03549966234884444, 0.004904520817729387]]	0.3842289308436225	[[-0.3606475771915504, -0.36064757719155044, -0.5100326949012883], [0.8535533905932738, -0.14644660940672602, -0.5], [0.10563122974090637, -0.6156639246421945, 0.3606475771915504]]
