7	[[0.08740825448676931, -0.06334395238859675, -0.994156597696443], [0.7119981850616444, -0.6940087028176986, 0.10681996481098455], [-0.6967197295301035, -0.717174639895393, -0.015561310176609944]]	0.9450862438487111	0.05491375615128898	[[0.08260833891427305, -0.05986549803347049, -0.9395637247143458], [0.672899690347009, -0.655898078144295, 0.10095407931126488], [-0.6584602321968955, -0.6777918866022888, -0.014706780184177015]]	0.9719109155892702	0.04662923056525832	[[0.07045541421677941, -0.056948903336301725, -0.9512476243983344], [0.6790521797505331, -0.6709926113730957, 0.09030499389881008], [-0.6837840882666889, -0.7109254219492371, -0.00955054543375567]]	[[-0.014497622431516508, 0.004615775426742482, 0.01498402470792927], [-0.01294662819062835, 0.0035220224093754516, -0.01351449590384753], [-0.006634578029977165, -0.013895561051100501, 0.005573661787761928]]	0.10979257300482193	[[0.0, 0.0, -0.9982010797840002], [0.7071067811865475, -0.7071067811865476, 0.0], [-0.7058347525030005, -0.7058347525030004, 0.0]]
7	[[0.8489524140446696, -0.5135124485683378, 0.12483895166604869], [0.522794976890395, 0.7815435453534784, -0.34040431673891397], [0.0772347773085365, 0.35425224329800037, 0.9319550081910795]]	0.8898816251483516	0.11011837485164858	[[0.7554671538836868, -0.4569652922659018, 0.11109188919039995], [0.4652256436546197, 0.6954812402633577, -0.30291954658713893], [0.06872980914929148, 0.3152425619784739, 0.8293296372542229]]	0.9249331701285438	0.13143227281298345	[[0.7807016896885899, -0.49353873855010033, 0.06850925617566346], [0.5094820691658509, 0.6681872872496206, -0.2915846821239229], [0.026808306743669113, 0.30641209162678185, 0.8645977649980577]]	[[-0.004522557922026442, -0.01857404159531689, -0.04695843114433899], [0.025931653863339066, -0.05468826174767331, 0.02326656168284158], [-0.04462870067648767, -0.021247558791985866, 0.0026016648547098667]]	0.42718379513845367	[[0.7066825171178357, -0.7066825171178356, 0.0], [0.7071067811865475, 0.7071067811865476, 0.0], [0.0, 0.0, 0.9994000000000001]]
7	[[-0.30792515101507295, 0.09349718223056193, 0.9468053539599837], [0.3027085282091916, -0.9338174967034747, 0.1906631317268273], [0.9019698710720718, 0.34531602882779927, 0.2592434992682147]]	0.9063120771343603	0.09368792286563978	[[-0.27907628321838235, 0.0847376254335904, 0.8581011269894059], [0.2743483949675575, -0.8463300751017349, 0.17280029894828305], [0.8174661873639406, 0.31296408735471143, 0.2349555143053557]]	0.9063120771343603	0.09368792286563986	[[-0.27907628321838235, 0.08473762543359037, 0.858101126989406], [0.2743483949675576, -0.8463300751017349, 0.17280029894828297], [0.8174661873639404, 0.31296408735471143, 0.23495551430535566]]	[[0.0, 0.0, 0.0], [0.0, 0.0, 0.0], [0.0, 0.0, 0.0]]	0.3677587977221127	[[-0.4982026978409719, -0.14592019179218813, 0.8504852038897559], [0.5, -0.8535533905932737, 0.14644660940672619], [0.7045650120975677, 0.498202697840972, 0.4982026978409719]]
7	[[0.034229894132735264, 0.2773841392786001, 0.9601491309293217], [-0.1827544195208179, -0.9427759796974285, 0.2788803941677556], [0.9825625356654255, -0.18501754344446375, 0.018422055382213542]]	0.8994594104247704	0.1005405895752295	[[0.03078840039553237, 0.24949577437671208, 0.8636151712255435], [-0.16438018243471603, -0.8479887268612845, 0.25084159491715713], [0.8837751190350912, -0.1664157705447967, 0.01656989107289826]]	0.936967731649668	0.12232036931129829	[[0.012070793184941328, 0.25139405509486745, 0.8917232075961015], [-0.1633503669209149, -0.8262361726742576, 0.25615262165874925], [0.9282759341879763, -0.16759013707389198, -0.0013464454996691129]]	[[-0.02000151307521591, -0.008505932680598082, -0.007905545656145143], [0.007884626986457637, 0.057114498476635266, -0.005149308666178052], [0.007646543941596569, 0.0057653309226610916, -0.01860731694346629]]	0.33864591327521676	[[0.0, 0.0, 0.9994000000000001], [0.0, -1.0, 0.0], [0.9994000000000001, 0.0, 0.0]]
7	[[0.8787972042104137, -0.3840163418041313, 0.28327887866788265], [-0.395223040501579, -0.9183905790867732, -0.018907472103605397], [0.2674214316928388, -0.09534250611366366, -0.9588511794847616]]	0.8775522655425114	0.12244773445748865	[[0.7711904775072735, -0.33699441075556297, 0.24859202175534256], [-0.3468288745867605, -0.8059357333304968, -0.016592294980200768], [0.2346762832366726, -0.08366803224254626, -0.8414420248749618]]	0.8775522655425113	0.12244773445748869	[[0.7711904775072735, -0.3369944107555628, 0.24859202175534262], [-0.3468288745867605, -0.8059357333304966, -0.01659229498020076], [0.2346762832366726, -0.0836680322425463, -0.841442024874962]]	[[0.0, 0.0, 0.0], [0.0, 0.0, 0.0], [0.0, 0.0, 0.0]]	0.4685375068057109	[[0.706258507607565, -0.7062585076075649, 0.0], [-0.7071067811865475, -0.7071067811865476, 0.0], [0.0, 0.0, -0.9988003600000002]]
7	[[0.04673222253661188, -0.9725397674033924, -0.22799671093185395], [-0.8377629715199755, -0.16246744520517667, 0.5213036857710898], [-0.5440306084466285, 0.16664552219444034, -0.8223502702654952]]	0.9217901439137791	0.07820985608622112	[[0.04307730213743416, -0.8964775721566463, -0.21016512098174192], [-0.7722416500830334, -0.14976088969698378, 0.4805325995297163], [-0.5014820528535184, 0.15361219988620006, -0.7580343739755657]]	0.9217901439137789	0.0782098560862211	[[0.04307730213743415, -0.8964775721566463, -0.2101651209817419], [-0.7722416500830334, -0.14976088969698376, 0.4805325995297162], [-0.5014820528535184, 0.1536121998862001, -0.7580343739755658]]	[[0.0, 0.0, 0.0], [0.0, 0.0, 0.0], [0.0, 0.0, 0.0]]	0.31772814824334866	[[1.9895571466645081e-16, -0.996405395681944, 0.0], [-0.7071067811865476, -1.3401577416544657e-16, 0.7071067811865475], [-0.7045650120975676, -1.1062322121468337e-16, -0.7045650120975677]]
7	[[0.8592155572171323, 0.2624339665249735, -0.4391776855101157], [-0.4266000482917053, 0.8413623931712975, -0.33184593135155627], [0.2824199444684594, 0.4724804086637203, 0.8348660002631537]]	0.9023866240044742	0.09761337599552591	[[0.775344625969291, 0.23681690107657397, -0.3963080689655721], [-0.3849581773780976, 0.7592341695381724, -0.2994533296819515], [0.25485198024042416, 0.4263600008823089, 0.7533719114735857]]	0.902386624004474	0.09761337599552589	[[0.7753446259692911, 0.236816901076574, -0.39630806896557197], [-0.38495817737809757, 0.7592341695381721, -0.2994533296819513], [0.25485198024042416, 0.42636000088230885, 0.7533719114735858]]	[[0.0, 0.0, 0.0], [0.0, 0.0, 0.0], [0.0, 0.0, 0.0]]	0.4141879229419139	[[0.8509958013705782, -0.14600779647007017, -0.49850179892032404], [-0.14644660940672619, 0.8535533905932737, -0.5], [0.49850179892032404, 0.49850179892032415, 0.704988004900508]]
7	[[-0.42203838922340475, -0.825029846081567, 0.3757783270710803], [0.2588054115689476, 0.28760896992378115, 0.9221175843470338], [-0.8688517462515349, 0.4864224845687207, 0.09214016247897017]]	0.8789091644286087	0.1210908355713914	[[-0.37093340802913854, -0.7251262926482136, 0.3302750154564236], [0.22746644803166596, 0.25278215943788346, 0.8104575955633786], [-0.763641762310274, 0.427521179471582, 0.08098283321470794]]	0.8856951731776681	0.1871846109714402	[[-0.30508697928713113, -0.6925151798489986, 0.35784708265109183], [0.2536442974316794, 0.2331372999596848, 0.8340347736439226], [-0.8002914914337589, 0.39971474426326875, 0.02045782495546094]]	[[0.06871038494371641, 0.038209772552959834, 0.025022032179457122], [0.024421593612802644, -0.02159657646440931, 0.017319680085503508], [-0.03075369357178638, -0.031107302444335905, -0.06115027220796902]]	0.4770481807501554	[[-0.4988010795680648, -0.4988010795680649, 0.7054112516514988], [0.5, 0.5000000000000001, 0.7071067811865475], [-0.7054112516514988, 0.7054112516514986, 0.0]]
7	[[0.22433838825039393, -0.7661379269479729, -0.6022499185961573], [-0.9416906372873723, -0.011392912655017143, -0.3362869982418849], [0.2507808429735371, 0.642575192824231, -0.724020780340167]]	0.9362104975927407	0.06378950240725946	[[0.2100279540930547, -0.7172663698126324, -0.563832695964096], [-0.8816206601132358, -0.010666164425784204, -0.3148354179580042], [0.23478365778698207, 0.6015856410147248, -0.6778358550297522]]	0.9362104975927406	0.06378950240725956	[[0.21002795409305472, -0.7172663698126323, -0.563832695964096], [-0.8816206601132357, -0.010666164425784183, -0.31483541795800407], [0.23478365778698213, 0.6015856410147248, -0.6778358550297522]]	[[0.0, 0.0, 0.0], [0.0, 0.0, 0.0], [0.0, 0.0, 0.0]]	0.28938533830086577	[[0.1459201917921883, -0.8504852038897558, -0.4982026978409719], [-0.8535533905932738, 0.14644660940672602, -0.5], [0.4982026978409719, 0.498202697840972, -0.7045650120975677]]
7	[[-0.8305561570912853, 0.32773595720904825, 0.4502950280316503], [-0.5100865793185324, -0.772219296347621, -0.37879947194723407], [0.22358030216652452, -0.5443036842615101, 0.808545204538665]]	0.8955843037080726	0.10441569629192725	[[-0.7438330576390515, 0.29351517903716423, 0.4032771591429326], [-0.45682553396982034, -0.6915874808294221, -0.3392468613288491], [0.20023500923864734, -0.4874698360750832, 0.7241203940232616]]	0.8955843037080727	0.10441569629192733	[[-0.7438330576390513, 0.29351517903716423, 0.4032771591429326], [-0.4568255339698205, -0.6915874808294221, -0.33924686132884924], [0.20023500923864734, -0.48746983607508326, 0.7241203940232616]]	[[0.0, 0.0, 0.0], [0.0, 0.0, 0.0], [0.0, 0.0, 0.0]]	0.36297212381536176	[[-0.704988004900508, 0.49850179892032415, 0.49850179892032404], [-0.7071067811865475, -0.5000000000000001, -0.5], [0.0, -0.7049880049005078, 0.704988004900508]]
7	[[-0.5446221603179724, 0.8109226453022452, -0.2139887049042392], [-0.8354447797583356, -0.5021691245819775, 0.22328947644507607], [0.07361197229480154, 0.30038414347728, 0.9509735242804028]]	0.8900784987616348	0.10992150123836533	[[-0.48475647484813916, 0.721784810742436, -0.19046674521311172], [-0.7436114353655441, -0.44696994053237077, 0.19874516198350475], [0.06552043379104, 0.2673654674780569, 0.8464410868535621]]	0.8900784987616347	0.1099215012383654	[[-0.48475647484813916, 0.721784810742436, -0.19046674521311166], [-0.743611435365544, -0.4469699405323708, 0.19874516198350467], [0.06552043379104, 0.26736546747805684, 0.8464410868535618]]	[[0.0, 0.0, 0.0], [0.0, 0.0, 0.0], [0.0, 0.0, 0.0]]	0.38067010237287346	[[-0.706258507607565, 0.7062585076075649, 0.0], [-0.7071067811865475, -0.7071067811865476, 0.0], [0.0, 0.0, 0.9988003600000002]]
7	[[0.5319609947059123, -0.8460851799387872, 0.03402011756955908], [-0.703274286200726, -0.4190807785627857, 0.5742617690636116], [-0.47161719485230363, -0.3294103357928521, -0.8179645788128509]]	0.9018430053345455	0.09815699466545454	[[0.4797453021863342, -0.7630360014450155, 0.030680805070765742], [-0.63424299584177, -0.3779450688170039, 0.5178939596610602], [-0.42532466837304944, -0.29707640721968753, -0.7376756340137872]]	0.9056030868147111	0.13841110807207294	[[0.5428109714896416, -0.7544822717969879, -0.006798419351044428], [-0.5877883750441493, -0.39320705909868003, 0.5829552705804157], [-0.41297056840434876, -0.38042610916726116, -0.7496750633725147]]	[[0.06106545261894343, 0.011735078863758148, -0.03760714283583652], [0.049098989416640745, -0.013686212407508808, 0.06290203987673239], [0.014127419048792425, -0.08211109224458371, -0.008923815894501856]]	0.2828292933818895	[[0.704988004900508, -0.7049880049005078, 0.0], [-0.5, -0.5000000000000001, 0.7071067811865475], [-0.49850179892032404, -0.49850179892032415, -0.704988004900508]]
7	[[0.3802729664721569, 0.7767473726770865, -0.5020517802076895], [0.4287143634067757, 0.332951791095048, 0.839849450446521], [0.8195098935212374, -0.5346088512602871, -0.20639019011321075]]	0.891900844336384	0.10809915566361618	[[0.33916577987481816, 0.6927816375267615, -0.4477804066678229], [0.3823707027016385, 0.29695998360098463, 0.7490624339687002], [0.7309215659736117, -0.47681808582875435, -0.18407958482471942]]	0.891900844336384	0.10809915566361614	[[0.33916577987481816, 0.6927816375267614, -0.4477804066678229], [0.3823707027016386, 0.29695998360098463, 0.7490624339687001], [0.7309215659736119, -0.4768180858287544, -0.18407958482471945]]	[[0.0, 0.0, 0.0], [0.0, 0.0, 0.0], [0.0, 0.0, 0.0]]	0.36654855262627345	[[0.4988010795680648, 0.4988010795680649, -0.7054112516514988], [0.5, 0.5000000000000001, 0.7071067811865475], [0.7054112516514988, -0.7054112516514986, 0.0]]
7	[[-0.3195682178843842, -0.5708200961323295, -0.7563336379995778], [0.910087742671785, 0.03735879733279218, -0.41272826520656647], [0.2638493031197415, -0.8202248094963509, 0.507557688474819]]	0.9273528173613516	0.0726471826386486	[[-0.29635248719422985, -0.5293516243547932, -0.701388130064069], [0.8439724322127125, 0.03464478595979661, -0.3827447195439725], [0.2446813946069215, -0.7606377879561188, 0.47068505238053854]]	0.9273528173613514	0.07264718263864883	[[-0.2963524871942299, -0.529351624354793, -0.7013881300640687], [0.8439724322127123, 0.034644785959796594, -0.38274471954397243], [0.24468139460692148, -0.7606377879561186, 0.4706850523805385]]	[[0.0, 0.0, 0.0], [0.0, 0.0, 0.0], [0.0, 0.0, 0.0]]	0.22473081199036357	[[-0.4979037762222673, -0.4979037762222674, -0.7041422730903092], [0.8535533905932738, -0.14644660940672602, -0.5], [0.145832639677113, -0.8499749127674219, 0.4979037762222673]]
