7	[[-0.42203838922340475, -0.825029846081567, 0.3757783270710803], [0.2588054115689476, 0.28760896992378115, 0.9221175843470338], [-0.8688517462515349, 0.4864224845687207, 0.09214016247897017]]	0.8342187713632191	0.16578122863678105	[[-0.35207234652606073, -0.6882553845361506, 0.3134813343141624], [0.21590033246119972, 0.23992880152285778, 0.769247798266402], [-0.7248124362547429, 0.40578276744036257, 0.07686505313641387]]	0.8697560645847052	0.21412990143900876	[[-0.2912526558120084, -0.6647564112304167, 0.34120746614460457], [0.2524913570827729, 0.2293401478185308, 0.8309464546282275], [-0.7724059731641724, 0.3898165148180987, 0.02207694110842658]]	[[0.07581779270260824, 0.05281830086241221, 0.01437198723503753], [0.027393780823340118, -0.020809498001637956, 0.028929093382196198], [-0.016716897636888474, -0.033252391085906295, -0.05806252399947783]]	0.48546730810107375	[[-0.4779735180115965, -0.4779735180115966, 0.6759566316271808], [0.5, 0.5000000000000001, 0.7071067811865475], [-0.6759566316271808, 0.6759566316271807, 0.0]]
7	[[0.3802729664721569, 0.7767473726770865, -0.5020517802076895], [0.4287143634067757, 0.332951791095048, 0.839849450446521], [0.8195098935212374, -0.5346088512602871, -0.20639019011321075]]	0.847929781026252	0.15207021897374792	[[0.3224447731909394, 0.6586272296267989, -0.4257046560553463], [0.3635196762863164, 0.2823197393155225, 0.7121333606121367], [0.69488684456231, -0.4533107661838315, -0.17500438870866133]]	0.8726379415622669	0.21353247391305138	[[0.3431004836544042, 0.6363306462589193, -0.4381094320381098], [0.40475832355970137, 0.30175486926628053, 0.7202326358025122], [0.6863945132434885, -0.4496053821937991, -0.08729122813500179]]	[[0.011259864960364203, -0.04148858214791248, 2.361403855165769e-18], [0.0306459039582349, 0.011208503645627994, -0.012651859857341121], [-0.02874091332879649, 0.016914585310945997, 0.09281268252403538]]	0.3705489544346208	[[0.4779735180115965, 0.4779735180115966, -0.6759566316271808], [0.5, 0.5000000000000001, 0.7071067811865475], [0.6759566316271808, -0.6759566316271807, 0.0]]
7	[[0.8489524140446696, -0.5135124485683378, 0.12483895166604869], [0.522794976890395, 0.7815435453534784, -0.34040431673891397], [0.0772347773085365, 0.35425224329800037, 0.9319550081910795]]	0.8697629948817335	0.13023700511826666	[[0.7383873941515692, -0.4466341251758495, 0.10858030047895846], [0.4547077248093164, 0.6797576546371291, -0.29607107799750804], [0.06717595122089645, 0.30811549207444133, 0.8105799790193038]]	0.9141904792108677	0.14373214011660645	[[0.7700758268106079, -0.4775589175222331, 0.054464719213104536], [0.49910274460886594, 0.6729516736515508, -0.29046176041298194], [0.0243604974844699, 0.29227358531392766, 0.8519885921993525]]	[[-0.00602838741211139, -0.00811072608479833, -0.05966186183466286], [0.02116855415640118, -0.04152799459930593, 0.020732625032013806], [-0.04624680059496574, -0.03158044274819619, 4.196658181466899e-06]]	0.43046947724802176	[[0.6991871852372582, -0.6991871852372581, 0.0], [0.7071067811865475, 0.7071067811865476, 0.0], [0.0, 0.0, 0.9887999999999999]]
7	[[-0.3195682178843842, -0.5708200961323295, -0.7563336379995778], [0.910087742671785, 0.03735879733279218, -0.41272826520656647], [0.2638493031197415, -0.8202248094963509, 0.507557688474819]]	0.8524023432433013	0.147597656756699	[[-0.2724006977507349, -0.4865683875135642, -0.6447005653045709], [0.7757609244104359, 0.031844726387223674, -0.35181054038481985], [0.22490576424237974, -0.6991615496009802, 0.4326433629870892]]	0.8568458183889057	0.1325914695914703	[[-0.2925870528809504, -0.4703384507266186, -0.6746009582547088], [0.8144691073296358, 0.03795817099646427, -0.3739503243612243], [0.22058163198020722, -0.7348423814664572, 0.41613232126406646]]	[[-0.01876636169672113, 0.018766361696721138, -0.026539643227902], [0.03466423065431843, 0.005947441721822659, -0.020305836188070546], [-0.005496540082770143, -0.03203618331067213, -0.01876636169672113]]	0.257079121893778	[[-0.4620928072823261, -0.4620928072823262, -0.6534979151337227], [0.8535533905932738, -0.14644660940672602, -0.5], [0.13534384971546504, -0.7888417648491874, 0.4620928072823261]]
7	[[-0.8305561570912853, 0.32773595720904825, 0.4502950280316503], [-0.5100865793185324, -0.772219296347621, -0.37879947194723407], [0.22358030216652452, -0.5443036842615101, 0.808545204538665]]	0.8630372088141041	0.13696279118589605	[[-0.7168008675794314, 0.28284832573771573, 0.38862136413530424], [-0.44022369766860037, -0.6664539861122422, -0.3269180389695975], [0.19295811992761128, -0.46975433241228703, 0.6978045965250783]]	0.8632193536193075	0.13554803206742053	[[-0.7169521490688754, 0.2829080211397997, 0.3951200480917955], [-0.44031660728922717, -0.6734599276795913, -0.32698703532562634], [0.1994155089745233, -0.46985347450082854, 0.6979518688338572]]	[[0.0, 0.0, 0.00641666505632648], [1.9097720641524925e-18, -0.006865285834041474, 0.0], [0.00641666505632648, 2.010958209221629e-18, 0.0]]	0.3845614650947717	[[-0.6683859173529564, 0.4726202146098667, 0.4726202146098666], [-0.7071067811865475, -0.5000000000000001, -0.5], [0.0, -0.6683859173529563, 0.6683859173529564]]
7	[[0.034229894132735264, 0.2773841392786001, 0.9601491309293217], [-0.1827544195208179, -0.9427759796974285, 0.2788803941677556], [0.9825625356654255, -0.18501754344446375, 0.018422055382213542]]	0.8874401248815671	0.11255987511843285	[[0.03037698152383741, 0.24616181520156694, 0.8520748646568455], [-0.16218360488221295, -0.8366572331580279, 0.24748965182725366], [0.8719654193548747, -0.16419199185963565, 0.01634847112896673]]	0.9295897339025239	0.1232677701250552	[[0.010903929571276488, 0.24189374828480026, 0.8801487925166047], [-0.16373612018040737, -0.8277125107234617, 0.25220267305822064], [0.9140845994838493, -0.16448201836598686, 0.0]]	[[-0.020915828607084443, -0.015959699935974233, -0.012395982610722972], [0.006150512031459965, 0.04868236137316209, -0.007041678346814243], [0.0007045534120374804, 0.0075083906118508445, -0.017124953560689438]]	0.3430908503203088	[[0.0, 0.0, 0.9887999999999999], [0.0, -1.0, 0.0], [0.9887999999999999, 0.0, 0.0]]
7	[[-0.5446221603179724, 0.8109226453022452, -0.2139887049042392], [-0.8354447797583356, -0.5021691245819775, 0.22328947644507607], [0.07361197229480154, 0.30038414347728, 0.9509735242804028]]	0.8530223956336279	0.14697760436637206	[[-0.4645748999095985, 0.6917351775692802, -0.18253715769595158], [-0.7126531074490642, -0.42836150966416026, 0.19047092411695735], [0.06279266095422784, 0.25623440167934475, 0.8112017138658233]]	0.8624755397559656	0.14391567413098802	[[-0.46989880142495677, 0.6992254364657358, -0.16258356528513646], [-0.7362649077791807, -0.4491818236094346, 0.19258171171879393], [0.07902822835430351, 0.2435342734628571, 0.8204396119043483]]	[[-0.0001755097416535613, -0.00017550974165356128, 0.02197645847882729], [-0.01571422042080629, -0.016073236836812735, 0.0], [0.015539702816843377, -0.015539702816843373, 0.0002482082569750645]]	0.3864329144909414	[[-0.6913562887626008, 0.6913562887626007, 0.0], [-0.7071067811865475, -0.7071067811865476, 0.0], [0.0, 0.0, 0.9777254399999998]]
7	[[0.8787972042104137, -0.3840163418041313, 0.28327887866788265], [-0.395223040501579, -0.9183905790867732, -0.018907472103605397], [0.2674214316928388, -0.09534250611366366, -0.9588511794847616]]	0.8437029900375342	0.15629700996246576	[[0.7414438288289517, -0.32399573580342134, 0.2390032369465725], [-0.33345086100290766, -0.7748488775978133, -0.015952290747863133], [0.22562426151936635, -0.08044075748576994, -0.8089856071323099]]	0.85573968452352	0.23846746706268937	[[0.6989863429148486, -0.31782880333800745, 0.15213715383958507], [-0.3598942668911839, -0.8405882873488909, -0.024959651792246247], [0.1380336057350074, -0.05845266364247345, -0.8205270058372949]]	[[-0.053035299376322315, 0.010789219849336115, -0.09027582442384535], [-0.021686226895936342, -0.054685022931802774, -0.008779777579169715], [-0.09080952585665053, 0.023135702460914842, 0.0]]	0.47240675807912474	[[0.6913562887626008, -0.6913562887626007, 0.0], [-0.7071067811865475, -0.7071067811865476, 0.0], [0.0, 0.0, -0.9777254399999998]]
7	[[0.22433838825039393, -0.7661379269479729, -0.6022499185961573], [-0.9416906372873723, -0.011392912655017143, -0.3362869982418849], [0.2507808429735371, 0.642575192824231, -0.724020780340167]]	0.8611514090847148	0.13884859091528537	[[0.19318931915362056, -0.659760755344489, -0.5186283660202357], [-0.8109382192219036, -0.00981102278644714, -0.28959402239286824], [0.21596027629811407, 0.5533545327434689, -0.6234915151965498]]	0.871877971606442	0.12404450952467597	[[0.17969639560761166, -0.7160310286189743, -0.5027768678133966], [-0.868554298834293, -0.010426952199148604, -0.328186994754195], [0.2485556650217159, 0.5311897730868175, -0.6715031242819578]]	[[-0.015899303293600276, -0.04805224690081115, 0.022311569612365717], [-0.0475149761154011, -0.0004937226228028521, -0.03498576884944129], [0.029905372332194733, -0.02905738263739125, -0.04024535491805971]]	0.3099884564512578	[[0.1368768706669347, -0.7977768657455376, -0.46732686820623603], [-0.8535533905932738, 0.14644660940672602, -0.5], [0.46732686820623603, 0.46732686820623615, -0.6608999950786032]]
7	[[-0.30792515101507295, 0.09349718223056193, 0.9468053539599837], [0.3027085282091916, -0.9338174967034747, 0.1906631317268273], [0.9019698710720718, 0.34531602882779927, 0.2592434992682147]]	0.8670516777936859	0.1329483222063142	[[-0.2669870188224931, 0.0810668887219907, 0.8209291706950486], [0.26246393726623685, -0.8096680272698474, 0.16531478825714419], [0.7820544900323944, 0.2994068421641962, 0.22477751099761173]]	0.8673452105124205	0.1278315296753552	[[-0.2981094000214167, 0.08109433320408489, 0.821207089044709], [0.26255279212350624, -0.8392917999768031, 0.17557804525351842], [0.7823192477008669, 0.30894163534201513, 0.25197814722012873]]	[[-0.03103199509217939, 0.0, 0.0], [0.0, -0.029349666718346226, 0.010207291128956013], [0.0, 0.009433431625054538, 0.027124539773362533]]	0.3743611060415951	[[-0.46732686820623603, -0.13687687066693457, 0.7977768657455377], [0.5, -0.8535533905932737, 0.14644660940672619], [0.6608999950786032, 0.46732686820623615, 0.46732686820623603]]
7	[[0.04673222253661188, -0.9725397674033924, -0.22799671093185395], [-0.8377629715199755, -0.16246744520517667, 0.5213036857710898], [-0.5440306084466285, 0.16664552219444034, -0.8223502702654952]]	0.846187717002854	0.1538122829971461	[[0.03954423269872488, -0.8229512054735633, -0.1929280163075851], [-0.7089047362600152, -0.13747795654545475, 0.44112077572781155], [-0.4603520185411261, 0.14101339397446194, -0.6958626977726392]]	0.8545517870150416	0.136857755690644	[[0.05933522276400654, -0.8504857146619222, -0.1673990860884232], [-0.7517467170760875, -0.14498513776996838, 0.46647257865660113], [-0.47058449178713496, 0.10928915496918129, -0.7221410114918418]]	[[0.019400118484160303, -0.01940011848416031, 0.027435910671944484], [-0.03583487266866102, -0.00614829213811633, 0.02099158240338868], [-0.005682163148188075, -0.03311807382013254, -0.019400118484160303]]	0.33922816017572166	[[1.8662554709104502e-16, -0.9346537364124723, 0.0], [-0.7071067811865476, -1.3401577416544657e-16, 0.7071067811865475], [-0.6608999950786031, -1.0376740982170588e-16, -0.6608999950786032]]
7	[[0.5319609947059123, -0.8460851799387872, 0.03402011756955908], [-0.703274286200726, -0.4190807785627857, 0.5742617690636116], [-0.47161719485230363, -0.3294103357928521, -0.8179645788128509]]	0.8624840073304463	0.13751599266955372	[[0.45880785045744554, -0.7297349365365069, 0.02934180733124627], [-0.6065628246148613, -0.36145046928999486, 0.49529159183865507], [-0.40676228814215876, -0.2841111464706871, -0.7054813677888683]]	0.8759390903483643	0.1664326569415772	[[0.5286233416499102, -0.7248247393850761, 0.0023666373277834944], [-0.5927532475502678, -0.39299972426926527, 0.57348590916186], [-0.3850206464905303, -0.37379314957414456, -0.7224581020572926]]	[[0.06265791184640238, 0.01629434348773745, -0.027432913509640493], [0.023272190969791353, -0.02591048831249435, 0.07046757754643751], [0.028087290161043773, -0.08524975968840441, -0.0059709529547809]]	0.30234768620664426	[[0.6683859173529564, -0.6683859173529563, 0.0], [-0.5, -0.5000000000000001, 0.7071067811865475], [-0.4726202146098666, -0.4726202146098667, -0.6683859173529564]]
7	[[0.8592155572171323, 0.2624339665249735, -0.4391776855101157], [-0.4266000482917053, 0.8413623931712975, -0.33184593135155627], [0.2824199444684594, 0.4724804086637203, 0.8348660002631537]]	0.8648498052969216	0.13515019470307862	[[0.7430924073673227, 0.22696596485242215, -0.37982273580417625], [-0.3689449687047387, 0.7276521019183486, -0.28699688911796917], [0.24425083398551453, 0.40862458943942853, 0.7220336977766079]]	0.8672078249212021	0.12734042547226418	[[0.7480354542078496, 0.23171004982584495, -0.3898823951853424], [-0.37310719202642184, 0.7470203618013855, -0.290935680372426], [0.2527325947018891, 0.40973870751514563, 0.7281275887191521]]	[[0.0029169996951215545, 0.004125260530279088, -0.00902406978018725], [-0.0031562920360923828, 0.01738431084880726, -0.0031562920360923815], [0.007815808945029718, -6.477040448697026e-19, 0.0041252605302790875]]	0.42551129177859165	[[0.8068131732863449, -0.13842725593338853, -0.4726202146098666], [-0.14644660940672619, 0.8535533905932737, -0.5], [0.4726202146098666, 0.4726202146098667, 0.6683859173529564]]
7	[[0.08740825448676931, -0.06334395238859675, -0.994156597696443], [0.7119981850616444, -0.6940087028176986, 0.10681996481098455], [-0.6967197295301035, -0.717174639895393, -0.015561310176609944]]	0.9227824155329105	0.07721758446708946	[[0.08065880021281635, -0.05845268539455097, -0.9173902266403038], [0.6570194050662326, -0.6404190271869777, 0.09857158515542082], [-0.6429207149652253, -0.661796146561616, -0.014359703393628985]]	0.9549656961425439	0.07057392240982377	[[0.06219678244820195, -0.06219678244820196, -0.9288977024638354], [0.6810817051774922, -0.6711444697761887, 0.09201297766467682], [-0.6739038942953561, -0.6834767718196754, 0.0]]	[[-0.021275102146360324, -0.001705480859005526, 0.020487744930051396], [0.0011478627278713105, -0.008389965760901435, -0.00999642439296707], [-0.008560452768395933, 0.0014004074238069064, 0.014860517405696366]]	0.12566589843658957	[[0.0, 0.0, -0.9667749150719998], [0.7071067811865475, -0.7071067811865476, 0.0], [-0.6836130983284596, -0.6836130983284595, 0.0]]
