7	[[0.04673222253661188, -0.9725397674033924, -0.22799671093185395], [-0.8377629715199755, -0.16246744520517667, 0.5213036857710898], [-0.5440306084466285, 0.16664552219444034, -0.8223502702654952]]	0.8860700238067916	0.11392997619320862	[[0.04140802153555993, -0.8617383348561753, -0.20202105108325794], [-0.7423166561191529, -0.14395753304077946, 0.4619115692617577], [-0.48204921417792745, 0.14765960181812302, -0.7286599235516689]]	0.8880000196732334	0.10914986489968011	[[0.046075148782612485, -0.8681922668379416, -0.19598832130145039], [-0.7520945170850442, -0.14567129766687034, 0.4676982757315633], [-0.4844397440084403, 0.14016791149065785, -0.7348239904247756]]	[[0.004576934250727269, -0.00457693425072727, 0.006472762491468446], [-0.008160981893799586, -0.0014002031284134754, 0.004780592511106531], [-0.0013405530049930487, -0.007813315496461493, -0.004576934250727269]]	0.32849875549898544	[[1.9235979335422555e-16, -0.9633718555495929, 0.0], [-0.7071067811865476, -1.3401577416544657e-16, 0.7071067811865475], [-0.6812067718633842, -1.0695576153070185e-16, -0.6812067718633843]]
7	[[0.8592155572171323, 0.2624339665249735, -0.4391776855101157], [-0.4266000482917053, 0.8413623931712975, -0.33184593135155627], [0.2824199444684594, 0.4724804086637203, 0.8348660002631537]]	0.8944181561701252	0.10558184382987493	[[0.7684979944388342, 0.23472570445567914, -0.39280849570502085], [-0.3815588286151534, 0.7525298003711557, -0.29680902605201687], [0.2526015259971487, 0.42259505594351193, 0.7467193086044971]]	0.8944181561701253	0.10558184382987482	[[0.7684979944388343, 0.23472570445567914, -0.3928084957050208], [-0.38155882861515344, 0.7525298003711558, -0.296809026052017], [0.2526015259971486, 0.422595055943512, 0.7467193086044972]]	[[0.0, 0.0, 0.0], [0.0, 0.0, 0.0], [0.0, 0.0, 0.0]]	0.4196877748065161	[[0.827419313449878, -0.1419627106491289, -0.48469101204950327], [-0.14644660940672619, 0.8535533905932737, -0.5], [0.48469101204950327, 0.4846910120495034, 0.6854566028007489]]
7	[[-0.30792515101507295, 0.09349718223056193, 0.9468053539599837], [0.3027085282091916, -0.9338174967034747, 0.1906631317268273], [0.9019698710720718, 0.34531602882779927, 0.2592434992682147]]	0.8939273063696954	0.1060726936303046	[[-0.27526270081038584, 0.08357968426452277, 0.8463751597218542], [0.2705994192371776, -0.8347649594690292, 0.1704389797685732], [0.8062954972740787, 0.30868742749631467, 0.2317448429946893]]	0.8939273063696955	0.10607269363030465	[[-0.2752627008103859, 0.08357968426452277, 0.8463751597218543], [0.27059941923717756, -0.8347649594690291, 0.1704389797685731], [0.8062954972740786, 0.30868742749631467, 0.2317448429946893]]	[[0.0, 0.0, 0.0], [0.0, 0.0, 0.0], [0.0, 0.0, 0.0]]	0.37017097277217714	[[-0.48168592777479635, -0.14108254184310431, 0.8222893137064887], [0.5, -0.8535533905932737, 0.14644660940672619], [0.6812067718633843, 0.48168592777479646, 0.48168592777479635]]
7	[[0.8489524140446696, -0.5135124485683378, 0.12483895166604869], [0.522794976890395, 0.7815435453534784, -0.34040431673891397], [0.0772347773085365, 0.35425224329800037, 0.9319550081910795]]	0.8809134596370504	0.11908654036294992	[[0.7478536081233152, -0.45236002763502725, 0.10997231280960144], [0.46053713177338956, 0.6884722283943385, -0.299866744333863], [0.06803715488316005, 0.3120655692278275, 0.8209717104916795]]	0.9201458075338919	0.1366436584319947	[[0.7753244631988192, -0.48546317201201283, 0.06303296196510769], [0.506947313613348, 0.670193876388112, -0.28927510296416936], [0.0238930744749884, 0.29953610164296407, 0.8590533203917663]]	[[-0.0058355413801599604, -0.012956845345393517, -0.051837076027333194], [0.025899707427873148, -0.048940140274065055, 0.023946501949581353], [-0.04717418206127524, -0.02642761483716724, 0.0015188267945308279]]	0.428904587498106	[[0.702722719143191, -0.7027227191431908, 0.0], [0.7071067811865475, 0.7071067811865476, 0.0], [0.0, 0.0, 0.9938]]
7	[[-0.42203838922340475, -0.825029846081567, 0.3757783270710803], [0.2588054115689476, 0.28760896992378115, 0.9221175843470338], [-0.8688517462515349, 0.4864224845687207, 0.09214016247897017]]	0.8619296528399125	0.13807034716008762	[[-0.3637674023084451, -0.7111176888156514, 0.3238944829971395], [0.2230720585467137, 0.2478986996000495, 0.7948004893538175], [-0.7488890840159371, 0.4192619632578452, 0.0794183382581119]]	0.8776503125711467	0.199345984794587	[[-0.29750422709436647, -0.6784296971425019, 0.3518299302958318], [0.25589423894935526, 0.2326488500450041, 0.8295687953308855], [-0.7881628052216434, 0.3985292297898078, 0.022205283030370393]]	[[0.07289789712457807, 0.045658005151510424, 0.02202796408443554], [0.028753588590764073, -0.01977125230686805, 0.020272009201360533], [-0.025614798545997006, -0.028379615833563698, -0.05866155936965401]]	0.4812303336600193	[[-0.48771484408281673, -0.48771484408281685, 0.689732947072599], [0.5, 0.5000000000000001, 0.7071067811865475], [-0.689732947072599, 0.6897329470725989, 0.0]]
7	[[0.08740825448676931, -0.06334395238859675, -0.994156597696443], [0.7119981850616444, -0.6940087028176986, 0.10681996481098455], [-0.6967197295301035, -0.717174639895393, -0.015561310176609944]]	0.9366199759987559	0.06338002400124433	[[0.081868317219491, -0.05932921116587382, -0.9311469286734472], [0.666871723003595, -0.6500224145760406, 0.1000497128774523], [-0.652561616350345, -0.6717200940057391, -0.014575033964125593]]	0.9633641642971658	0.059443564214294184	[[0.06550334368912965, -0.05887761629736729, -0.9395432950032453], [0.6811700475744908, -0.6727649432739682, 0.09016602767375488], [-0.6796352012501832, -0.6972039830550588, -0.0046850967690086325]]	[[-0.018702636347190847, 0.0021456774587526733, 0.01819154491710236], [-0.004743488958518896, -0.004181829269035907, -0.012740498456631891], [-0.008440381262067507, -0.006303635437112586, 0.01030611180465019]]	0.11791601017501044	[[0.0, 0.0, -0.9815150816720001], [0.7071067811865475, -0.7071067811865476, 0.0], [-0.6940359700871394, -0.6940359700871392, 0.0]]
7	[[0.034229894132735264, 0.2773841392786001, 0.9601491309293217], [-0.1827544195208179, -0.9427759796974285, 0.2788803941677556], [0.9825625356654255, -0.18501754344446375, 0.018422055382213542]]	0.8931598012365931	0.10684019876340678	[[0.030572765439943448, 0.24774836270425796, 0.8575666069383208], [-0.16322890101432264, -0.8420496066371898, 0.24908475742365535], [0.8775853590574545, -0.16525023232813998, 0.01645383932354736]]	0.9333679567530961	0.1225629686778429	[[0.011894766486442025, 0.24381810609210322, 0.8871053201475051], [-0.16327262955968025, -0.8280030656962281, 0.2519647019230804], [0.9213350957840207, -0.1661070911133844, 0.0]]	[[-0.020054319860103885, -0.015083361222080005, -0.009067112366257039], [0.0073044895760637, 0.051953824149859315, -0.00833332175977575], [0.0042427094878414225, 0.006582355374851944, -0.017194556191289033]]	0.3409840550550017	[[0.0, 0.0, 0.9938], [0.0, -1.0, 0.0], [0.9938, 0.0, 0.0]]
7	[[0.22433838825039393, -0.7661379269479729, -0.6022499185961573], [-0.9416906372873723, -0.011392912655017143, -0.3362869982418849], [0.2507808429735371, 0.642575192824231, -0.724020780340167]]	0.902386895543625	0.09761310445637526	[[0.20244002172453346, -0.6913528254568098, -0.5434624343833873], [-0.8497692907442496, -0.01028081508196063, -0.30346098035517904], [0.2263013463527034, 0.5798514334060038, -0.653346864280236]]	0.9088381650082048	0.08916803560424362	[[0.19142629312630172, -0.7165665932328312, -0.5440513111110862], [-0.8684892031033696, -0.00590665609534156, -0.3265637575952036], [0.24444870790390869, 0.5719198571042644, -0.6706446727496225]]	[[-0.01246099599208461, -0.020271205562245473, 0.0032963997821859746], [-0.012644812305707234, 0.004447657736143029, -0.02093329919693156], [0.01652950675662848, -0.012077002021902792, -0.012626955317456525]]	0.29951733061320035	[[0.14108254184310445, -0.8222893137064886, -0.48168592777479635], [-0.8535533905932738, 0.14644660940672602, -0.5], [0.48168592777479635, 0.48168592777479646, -0.6812067718633843]]
7	[[-0.8305561570912853, 0.32773595720904825, 0.4502950280316503], [-0.5100865793185324, -0.772219296347621, -0.37879947194723407], [0.22358030216652452, -0.5443036842615101, 0.808545204538665]]	0.8813013756558064	0.11869862434419388	[[-0.7319702838039495, 0.2888341499402067, 0.3968456276552632], [-0.44954000405698713, -0.6805579281791173, -0.33383649572479035], [0.1970416278688989, -0.4796955857141925, 0.7125720010398308]]	0.8813013756558065	0.11869862434419358	[[-0.7319702838039497, 0.28883414994020673, 0.3968456276552634], [-0.4495400040569873, -0.6805579281791173, -0.33383649572479046], [0.19704162786889895, -0.47969558571419263, 0.7125720010398309]]	[[0.0, 0.0, 0.0], [0.0, 0.0, 0.0], [0.0, 0.0, 0.0]]	0.3742364544223497	[[-0.6854566028007489, 0.4846910120495034, 0.48469101204950327], [-0.7071067811865475, -0.5000000000000001, -0.5], [0.0, -0.6854566028007488, 0.6854566028007489]]
7	[[-0.5446221603179724, 0.8109226453022452, -0.2139887049042392], [-0.8354447797583356, -0.5021691245819775, 0.22328947644507607], [0.07361197229480154, 0.30038414347728, 0.9509735242804028]]	0.8753388632000279	0.12466113679997226	[[-0.4767289426862772, 0.7098321064820267, -0.18731262968852297], [-0.7312972837800592, -0.43956815064574145, 0.19545395647596225], [0.06443542014644352, 0.26293791467471633, 0.8324240836769318]]	0.8757100382519821	0.12262836903831711	[[-0.48235280825340265, 0.7117210844145061, -0.178136609817714], [-0.7372352332691011, -0.44936188970826735, 0.1938884759115817], [0.07213020653607552, 0.2576276943663038, 0.8381987767326877]]	[[-0.005421715408473932, 0.0015879836774784226, 0.009255447139469446], [-0.0056278532295101205, -0.009607346411619339, -0.0016483600474009024], [0.007667463461991022, -0.005421715408473934, 0.005421715408473932]]	0.38363863240847235	[[-0.6983658382845032, 0.698365838284503, 0.0], [-0.7071067811865475, -0.7071067811865476, 0.0], [0.0, 0.0, 0.98763844]]
7	[[-0.3195682178843842, -0.5708200961323295, -0.7563336379995778], [0.910087742671785, 0.03735879733279218, -0.41272826520656647], [0.2638493031197415, -0.8202248094963509, 0.507557688474819]]	0.8966087302465586	0.10339126975344147	[[-0.28652765406447334, -0.5118022815924265, -0.6781353428095618], [0.815992615369906, 0.03349622384009331, -0.3700557658037244], [0.23656958864663077, -0.7354207249592485, 0.4550806545902857]]	0.8968502526956372	0.09959953160525005	[[-0.29152171887433376, -0.5070232655487982, -0.6852715354455793], [0.8249795534485552, 0.03500944878032491, -0.3752911156502251], [0.2351931928070023, -0.7440124701169866, 0.4502863592550255]]	[[-0.004916881911229417, 0.004916881911229419, -0.006953521083447589], [0.008767131458162833, 0.001504201952005122, -0.005135666705083979], [-0.0014401213695056257, -0.008393642452953213, -0.004916881911229417]]	0.24109758612976825	[[-0.47869947502259264, -0.47869947502259275, -0.6769832898778314], [0.8535533905932738, -0.14644660940672602, -0.5], [0.1402078300836772, -0.8171911199615084, 0.47869947502259264]]
7	[[0.8787972042104137, -0.3840163418041313, 0.28327887866788265], [-0.395223040501579, -0.9183905790867732, -0.018907472103605397], [0.2674214316928388, -0.09534250611366366, -0.9588511794847616]]	0.8643739146502158	0.13562608534978426	[[0.7596093795870205, -0.33193370865489236, 0.24485887329188127], [-0.3416204866783107, -0.7938328600231127, -0.016343125678333147], [0.23115210977370435, -0.0824115752420296, -0.82880594757822]]	0.8643739146502158	0.13562608534978418	[[0.7596093795870205, -0.3319337086548924, 0.24485887329188122], [-0.3416204866783107, -0.7938328600231128, -0.01634312567833316], [0.23115210977370437, -0.0824115752420296, -0.8288059475782201]]	[[0.0, 0.0, 0.0], [0.0, 0.0, 0.0], [0.0, 0.0, 0.0]]	0.4705052712955638	[[0.6983658382845032, -0.698365838284503, 0.0], [-0.7071067811865475, -0.7071067811865476, 0.0], [0.0, 0.0, -0.98763844]]
7	[[0.3802729664721569, 0.7767473726770865, -0.5020517802076895], [0.4287143634067757, 0.332951791095048, 0.839849450446521], [0.8195098935212374, -0.5346088512602871, -0.20639019011321075]]	0.8796543327973638	0.12034566720263641	[[0.3345087626029395, 0.6832691918643677, -0.44163202374832394], [0.37712044730323385, 0.2928824856494018, 0.7387772079827669], [0.7208854286062627, -0.4702709923629328, -0.18155202497995743]]	0.8807421431523811	0.20400880052945722	[[0.34313718036605834, 0.6523781125648855, -0.4421781608735886], [0.40386411048956194, 0.30204425010784974, 0.7212467143419206], [0.6999949138627419, -0.4543780709760759, -0.08946190434004504]]	[[0.008214752892457277, -0.03173603313471289, -1.059769226571267e-18], [0.026277303262469614, 0.008799576052373305, -0.01844409056969801], [-0.021781986091732344, 0.016474474431141913, 0.09231463402589157]]	0.36816397101562276	[[0.48771484408281673, 0.48771484408281685, -0.689732947072599], [0.5, 0.5000000000000001, 0.7071067811865475], [0.689732947072599, -0.6897329470725989, 0.0]]
7	[[0.5319609947059123, -0.8460851799387872, 0.03402011756955908], [-0.703274286200726, -0.4190807785627857, 0.5742617690636116], [-0.47161719485230363, -0.3294103357928521, -0.8179645788128509]]	0.8907338434774946	0.10926615652250543	[[0.4738356613945085, -0.7536367042362234, 0.0303028700782896], [-0.6264302079664642, -0.373289432616771, 0.5115143927202161], [-0.4200853966208668, -0.2934169344819793, -0.7285887331144207]]	0.8924354568821737	0.15310662312825907	[[0.5389017254612619, -0.7375071920562736, 0.0], [-0.5879059256366718, -0.39309689574754314, 0.5827890289382055], [-0.3994765879255296, -0.38106106446678945, -0.7375071920562736]]	[[0.06416087210739553, 0.017569222063634114, -0.030360759166374728], [0.03972098328235768, -0.019094349660326297, 0.07029746469395595], [0.021411318835975086, -0.08708360094178522, -0.007526599449992219]]	0.2927226797601369	[[0.6854566028007489, -0.6854566028007488, 0.0], [-0.5, -0.5000000000000001, 0.7071067811865475], [-0.48469101204950327, -0.4846910120495034, -0.6854566028007489]]
