7	[[0.5319609947059123, -0.8460851799387872, 0.03402011756955908], [-0.703274286200726, -0.4190807785627857, 0.5742617690636116], [-0.47161719485230363, -0.3294103357928521, -0.8179645788128509]]	0.7323538372461069	0.2676461627538931	[[0.38958367573813096, -0.6196337281652335, 0.024914763645630306], [-0.5150456221356187, -0.3069154162965422, 0.42056281015747365], [-0.3453906623613296, -0.2412449234464239, -0.599039498024987]]	0.8017316607512223	0.24292119672766663	[[0.4598142348323529, -0.6594303244228447, 0.0048574342982240625], [-0.6053991706945964, -0.3834039605990773, 0.5508031139255206], [-0.3299327196262352, -0.32306327016335057, -0.6557881002073009]]	[[0.033324263091909556, 0.01890295202647589, -0.022417571059770366], [-0.04156190925525782, -0.047413632013019846, 0.09039927210821638], [0.04817771724153498, -0.0589645745795295, 9.08503168032294e-18]]	0.35461313018484225	[[0.5923406919711796, -0.5923406919711794, 0.0], [-0.5, -0.5000000000000001, 0.7071067811865475], [-0.4188481200655529, -0.418848120065553, -0.5923406919711796]]
7	[[0.8787972042104137, -0.3840163418041313, 0.28327887866788265], [-0.395223040501579, -0.9183905790867732, -0.018907472103605397], [0.2674214316928388, -0.09534250611366366, -0.9588511794847616]]	0.7278336364663178	0.27216636353368234	[[0.6396181648568986, -0.27950001051779333, 0.20617989639494583], [-0.28765662278353904, -0.6684355548731338, -0.01376149417755258], [0.19463831309802787, -0.06939348293451995, -0.6978841407944121]]	0.8351391472861729	0.261809799142916	[[0.6840381081960827, -0.3069835914391509, 0.13571135859292252], [-0.3581113452750629, -0.8404797269778362, -0.027004661328503793], [0.12467799692869332, -0.05179473199344472, -0.8007741564092448]]	[[-0.04987983956567521, 0.013723488799106775, -0.10086592258195626], [-0.02804511224272555, -0.073495801883654, -0.011214291198561677], [-0.09865610950131157, 0.02782952726244707, 0.0]]	0.48304732911742876	[[0.658748483812252, -0.6587484838122519, 0.0], [-0.7071067811865475, -0.7071067811865476, 0.0], [0.0, 0.0, -0.9316110400000001]]
7	[[0.034229894132735264, 0.2773841392786001, 0.9601491309293217], [-0.1827544195208179, -0.9427759796974285, 0.2788803941677556], [0.9825625356654255, -0.18501754344446375, 0.018422055382213542]]	0.8602560197400612	0.1397439802599389	[[0.02944647248275051, 0.2386213755948313, 0.8259740697301371], [-0.15721558952688414, -0.8110287118010467, 0.23990853787029282], [0.8452553360772408, -0.15916245550561822, 0.015847684038533993]]	0.9110709871782443	0.13517978972877534	[[0.00907024360712568, 0.23239336662462148, 0.8472857593623647], [-0.16542455285443053, -0.8262759253642935, 0.25398246424180815], [0.879846694761442, -0.15754133269671422, 0.0]]	[[-0.02211561983139223, -0.02032327497552036, -0.027478257191745667], [0.0010776965495879927, 0.03265991714657922, -9.737177726680795e-05], [-0.015337524571616034, 0.01102278325452706, -0.016783800182925582]]	0.353280802238521	[[0.0, 0.0, 0.9652000000000001], [0.0, -1.0, 0.0], [0.9652000000000001, 0.0, 0.0]]
7	[[-0.30792515101507295, 0.09349718223056193, 0.9468053539599837], [0.3027085282091916, -0.9338174967034747, 0.1906631317268273], [0.9019698710720718, 0.34531602882779927, 0.2592434992682147]]	0.7534519025829592	0.24654809741704092	[[-0.23200679088545173, 0.07044562983776251, 0.7133722953168821], [0.22807631650730278, -0.7035865695564891, 0.14365549935200336], [0.679590915431759, 0.2601790189126974, 0.19532750775590038]]	0.8380447231796608	0.27360000378776345	[[-0.24436296455662881, 0.07523395786943078, 0.7332711383048497], [0.24541067913838627, -0.8493356972849183, 0.11832512384184943], [0.6708571064892929, 0.25707768566145817, 0.16912900668719805]]	[[0.013692083385853267, -0.0031208623310587957, -0.06019409245956562], [-0.008272605588808248, -0.06675487175973102, -0.0414591076067268], [-0.08503398442969594, -0.03231259012703472, -0.04812863989315962]]	0.41270965788740804	[[-0.40427220548727166, -0.1184085875419805, 0.6901358234325631], [0.5, -0.8535533905932737, 0.14644660940672619], [0.5717272358905826, 0.4042722054872718, 0.40427220548727166]]
7	[[0.22433838825039393, -0.7661379269479729, -0.6022499185961573], [-0.9416906372873723, -0.011392912655017143, -0.3362869982418849], [0.2507808429735371, 0.642575192824231, -0.724020780340167]]	0.6999306859335443	0.3000693140664556	[[0.15702132196932406, -0.5362434447283984, -0.4215331986264296], [-0.6591181736937471, -0.007974249169407172, -0.23537758934997516], [0.17552920744146028, 0.4497580954773436, -0.5067643614136331]]	0.7604387027724394	0.40527201278283764	[[0.20356150510836507, -0.5004300585743734, -0.39548490641221734], [-0.8298911937697414, 0.03186959118544508, -0.18330962312655594], [0.15909426240464764, 0.3954849064122173, -0.42565373236269066]]	[[0.03296591216517565, 0.08217087273870907, 0.0624892404298518], [-0.11379318713798028, 0.040533202905626016, 0.07241602557574073], [-0.03160919650632772, -0.0931541396527911, 0.12491969061947526]]	0.3706641008130206	[[0.11840858754198062, -0.690135823432563, -0.40427220548727166], [-0.8535533905932738, 0.14644660940672602, -0.5], [0.40427220548727166, 0.4042722054872718, -0.5717272358905826]]
7	[[0.08740825448676931, -0.06334395238859675, -0.994156597696443], [0.7119981850616444, -0.6940087028176986, 0.10681996481098455], [-0.6967197295301035, -0.717174639895393, -0.015561310176609944]]	0.8030620492316246	0.1969379507683756	[[0.07019425196790431, -0.05086912421161697, -0.7983694346032452], [0.5717787215448015, -0.5573320510693626, 0.08578305983995932], [-0.5595091737365482, -0.5759357359713466, -0.012496697639157315]]	0.9196561336630195	0.13623038941312576	[[0.055364203417616824, -0.05536420341761684, -0.8623796970971505], [0.6843097366671476, -0.6719295363752529, 0.09021417887205323], [-0.6251294394638764, -0.6358742045245791, 0.0]]	[[-0.025021333953918725, 0.00289045092701444, 0.05190251579594215], [0.029516238618268673, -0.03368017601344073, -0.00802345696403663], [0.015613133242523182, 0.02367985196278625, 0.014311054351752103]]	0.16749845228221244	[[0.0, 0.0, -0.8991909758080001], [0.7071067811865475, -0.7071067811865476, 0.0], [-0.6358240365755857, -0.6358240365755856, 0.0]]
7	[[-0.42203838922340475, -0.825029846081567, 0.3757783270710803], [0.2588054115689476, 0.28760896992378115, 0.9221175843470338], [-0.8688517462515349, 0.4864224845687207, 0.09214016247897017]]	0.6971092809835642	0.3028907190164358	[[-0.2942068780589893, -0.5751359627919018, 0.2619585593937274], [0.18041565437348445, 0.20049488222799072, 0.642816726206462], [-0.6056846161107217, 0.33908962847193974, 0.0642317624154237]]	0.8305254944382547	0.2796603708168444	[[-0.26885234284805826, -0.5990467870018235, 0.3208271284121319], [0.26138871475544034, 0.23433088436285382, 0.8297464758612625], [-0.6966527769426443, 0.3567311620781536, 0.02348346745335162]]	[[0.08166129903363456, 0.08616153384138721, 0.008733647522242663], [0.04644422234884418, -0.004535697587971664, 0.0639043131912332], [0.024950749206452846, -0.047255112424167536, -0.053041286547116206]]	0.510520876423251	[[-0.4339495649249408, -0.4339495649249409, 0.6136973601027554], [0.5, 0.5000000000000001, 0.7071067811865475], [-0.6136973601027554, 0.6136973601027553, 0.0]]
7	[[0.8592155572171323, 0.2624339665249735, -0.4391776855101157], [-0.4266000482917053, 0.8413623931712975, -0.33184593135155627], [0.2824199444684594, 0.4724804086637203, 0.8348660002631537]]	0.7351459522602722	0.2648540477397277	[[0.6316488390072292, 0.19292726822644207, -0.32285969782579643], [-0.3136132987356837, 0.6185241577238952, -0.2439551932071368], [0.20761987901355883, 0.3473420599514134, 0.6137483607731811]]	0.8032889587178961	0.25447544248322906	[[0.7000331748388435, 0.16334333301557485, -0.2949928087823528], [-0.3440474720676327, 0.7458949918841555, -0.4004333645353263], [0.22380768196004222, 0.38055409493967857, 0.6711359426357585]]	[[0.009834804567676547, -0.04746697468647831, 0.05779377690320358], [-0.0013643634863846348, 0.07003787116918701, -0.1338651918851643], [-0.003057141153192555, 0.0010157994495926903, 0.0004973026153950134]]	0.4614329531730714	[[0.7150184660511428, -0.1226777740799632, -0.4188481200655529], [-0.14644660940672619, 0.8535533905932737, -0.5], [0.4188481200655529, 0.418848120065553, 0.5923406919711796]]
7	[[0.3802729664721569, 0.7767473726770865, -0.5020517802076895], [0.4287143634067757, 0.332951791095048, 0.839849450446521], [0.8195098935212374, -0.5346088512602871, -0.20639019011321075]]	0.7094407687298565	0.29055923127014366	[[0.26978114566119, 0.5510562531809288, -0.3561760008927362], [0.30414744754083395, 0.23620957462445355, 0.5958234397421275], [0.5813937288414295, -0.3792733144078837, -0.14642161513221746]]	0.8303042801494335	0.27067605998428385	[[0.34693289770833646, 0.560863868966852, -0.4233917275991394], [0.40612894223326, 0.29391123217057086, 0.7156130762655779], [0.6282075570655223, -0.4233917275991394, -0.07636062336552031]]	[[0.03119062602138265, -0.08407279916176012, -0.006535985636052321], [0.05016557133507445, 0.017459934940932516, 0.01828248287868208], [-0.05223501514996738, 0.020496289808048778, 0.09500603486633385]]	0.3915158829313005	[[0.4339495649249408, 0.4339495649249409, -0.6136973601027554], [0.5, 0.5000000000000001, 0.7071067811865475], [0.6136973601027554, -0.6136973601027553, 0.0]]
7	[[0.8489524140446696, -0.5135124485683378, 0.12483895166604869], [0.522794976890395, 0.7815435453534784, -0.34040431673891397], [0.0772347773085365, 0.35425224329800037, 0.9319550081910795]]	0.7835855410948696	0.2164144589051305	[[0.6652268367229881, -0.40238092987037244, 0.09782199749095705], [0.40965458484834005, 0.612406221875008, -0.2667359007228913], [0.06052005476865134, 0.277586935748735, 0.7302664693694805]]	0.8915810473549319	0.18267653852222357	[[0.7267492548603819, -0.46141320707269445, 0.062302696088085474], [0.5079231810715005, 0.6665500062210139, -0.2970963162829521], [0.02267566507527781, 0.28015786434137346, 0.8086265997209181]]	[[-0.030160627608062485, -0.0035752403483403136, -0.04900134718902194], [0.04180908802366473, -0.03025940649872727, 0.006401720959268877], [-0.046185398569692095, -0.03568672176609192, -0.02228682256975875]]	0.43820676563431316	[[0.6824994652012557, -0.6824994652012557, 0.0], [0.7071067811865475, 0.7071067811865476, 0.0], [0.0, 0.0, 0.9652000000000001]]
7	[[-0.5446221603179724, 0.8109226453022452, -0.2139887049042392], [-0.8354447797583356, -0.5021691245819775, 0.22328947644507607], [0.07361197229480154, 0.30038414347728, 0.9509735242804028]]	0.7454360085046252	0.2545639914953749	[[-0.40598096933059546, 0.6044909399201177, -0.15951488604889022], [-0.6227706219490793, -0.3743349478226512, 0.16644801606230505], [0.054873014805589926, 0.22391715693178424, 0.7088899081331599]]	0.8294538341531953	0.2033184072685984	[[-0.4621278536653538, 0.6622339827227836, -0.11143583836544758], [-0.7582434174758544, -0.42819440569500267, 0.1976100806024612], [0.053994776936198086, 0.1898646621895898, 0.7991775505173725]]	[[-0.010388914624815527, -0.010388914624815525, 0.06605791338285032], [-0.0652805416820309, -0.0116682999171279, 0.012401768239033256], [-0.00706295572330383, -0.059290117336463596, 0.010388914624815527]]	0.4012420708645377	[[-0.658748483812252, 0.6587484838122519, 0.0], [-0.7071067811865475, -0.7071067811865476, 0.0], [0.0, 0.0, 0.9316110400000001]]
7	[[-0.3195682178843842, -0.5708200961323295, -0.7563336379995778], [0.910087742671785, 0.03735879733279218, -0.41272826520656647], [0.2638493031197415, -0.8202248094963509, 0.507557688474819]]	0.7098644256964725	0.2901355743035277	[[-0.22685010945934353, -0.4052048797169812, -0.5368943435734939], [0.6460389127851057, 0.026519681213353463, -0.29298111294956064], [0.1872972340295097, -0.5822484133351253, 0.36029714703700644]]	0.7719893250439609	0.2539463836614193	[[-0.29202940605886635, -0.4578253687946648, -0.5634049062222488], [0.7676453815136007, 0.007680514062039852, -0.3269682516412847], [0.18954047627562345, -0.6004363716410028, 0.4108958953653795]]	[[-0.04532615322879921, -0.017158348059938856, 0.020476588485088622], [0.0650673593176274, -0.02116007867535657, -0.008346436757902588], [-0.014148369153105201, 0.03276842542639628, 0.019066778018830995]]	0.34264093695449105	[[-0.39020353273631464, -0.39020353273631475, -0.5518311280815903], [0.8535533905932738, -0.14644660940672602, -0.5], [0.11428796869551971, -0.6661190967771099, 0.39020353273631464]]
7	[[-0.8305561570912853, 0.32773595720904825, 0.4502950280316503], [-0.5100865793185324, -0.772219296347621, -0.37879947194723407], [0.22358030216652452, -0.5443036842615101, 0.808545204538665]]	0.707545145611595	0.292454854388405	[[-0.5876559771077602, 0.2318879855656315, 0.31860406117683127], [-0.3609092830384514, -0.5463800144783608, -0.26801772753650105], [0.15819315745229798, -0.38511942953773776, 0.5720822344788665]]	0.7817758890218731	0.3706240142358588	[[-0.6229730234352409, 0.24759620685947578, 0.1983723085294463], [-0.5650111101037248, -0.6271128034831438, -0.3048626114996765], [0.1797431535925594, -0.278561505619761, 0.6024303280953877]]	[[0.026335754657389184, -0.00861986245206246, -0.15365748733212642], [-0.16623772107885298, -0.02341037656113703, -0.008726317557111445], [0.004953464098545682, 0.14696199104166197, -0.029670817997199415]]	0.435893042401174	[[-0.5923406919711796, 0.418848120065553, 0.4188481200655529], [-0.7071067811865475, -0.5000000000000001, -0.5], [0.0, -0.5923406919711794, 0.5923406919711796]]
7	[[0.04673222253661188, -0.9725397674033924, -0.22799671093185395], [-0.8377629715199755, -0.16246744520517667, 0.5213036857710898], [-0.5440306084466285, 0.16664552219444034, -0.8223502702654952]]	0.7002689213456235	0.29973107865437665	[[0.032725123067796874, -0.6810393738852972, -0.15965901083459927], [-0.5866593724095974, -0.11377090260760823, 0.36505276972841894], [-0.3809677273559237, 0.1166966800741789, -0.5758663367271001]]	0.7724463525034795	0.37511806897268707	[[-0.013894159605219461, -0.8150680585754506, -0.13616627959742109], [-0.6863405937505387, -0.15861972844697067, 0.2802714493896391], [-0.2828904180138874, 0.04787702891791902, -0.5910388104725007]]	[[-0.04999229444800632, -0.06383326258011769, 0.03994894814467968], [-0.039213642137457316, -0.033122342997672936, -0.12240768123085928], [0.13734404113095955, -0.08084769686221406, 0.044182656274331655]]	0.37333454517417725	[[-0.11840858754198062, -0.690135823432563, -0.40427220548727166], [-0.8535533905932738, -0.14644660940672602, 0.5], [-0.40427220548727166, 0.4042722054872718, -0.5717272358905826]]
