7	[[0.04673222253661188, -0.9725397674033924, -0.22799671093185395], [-0.8377629715199755, -0.16246744520517667, 0.5213036857710898], [-0.5440306084466285, 0.16664552219444034, -0.8223502702654952]]	0.5219149550625231	0.47808504493747694	[[0.024390245825167623, -0.5075830490008582, -0.11899489314040165], [-0.4372410236338938, -0.08479418936338276, 0.272076189733146], [-0.28393771056005923, 0.08697479022748202, -0.42919690435126967]]	0.6930948199182566	0.4769573671693459	[[0.0005137182932750672, -0.691980037675472, -0.10539090557809032], [-0.6703417295398995, -0.14819106304349083, 0.2802261254788282], [-0.23839506988607403, 0.014002250313382057, -0.4998545056612295]]	[[-0.03187614307011774, -0.017917762723674326, 0.05263243372717785], [-0.08969255366007847, -0.035585718366429736, -0.0810867587334087], [0.13866972670526162, -0.10149889788215742, 0.07011220681816363]]	0.5087231358112443	[[-0.08327225169099431, -0.4853462504944826, -0.28430925109273836], [-0.8535533905932738, -0.14644660940672602, 0.5], [-0.28430925109273836, 0.2843092510927384, -0.4020739988034884]]
7	[[0.3802729664721569, 0.7767473726770865, -0.5020517802076895], [0.4287143634067757, 0.332951791095048, 0.839849450446521], [0.8195098935212374, -0.5346088512602871, -0.20639019011321075]]	0.5360315287892871	0.46396847121071316	[[0.20383829957530758, 0.4163610816591608, -0.2691155832761109], [0.22980441563085993, 0.17847265759380995, 0.45018578487569116], [0.43928314108213473, -0.2865671998453363, -0.11063164913349594]]	0.7369855919487186	0.408432252359346	[[0.2906289081024716, 0.413935399131348, -0.3427928338206817], [0.4167239128932257, 0.31538074969306534, 0.70260124280178], [0.5182026884487997, -0.37301003638772495, -0.03800130706847429]]	[[0.010373210804893852, -0.15851622311568653, 0.027212094604590297], [0.10076760400096502, 0.0700000768424953, 0.08364429841664484], [-0.0857642955357808, 0.0209889843193622, 0.11410528936451889]]	0.47601707032596524	[[0.34317633278656057, 0.3431763327865606, -0.4853246241122167], [0.5, 0.5000000000000001, 0.7071067811865475], [0.4853246241122167, -0.4853246241122166, 0.0]]
7	[[0.22433838825039393, -0.7661379269479729, -0.6022499185961573], [-0.9416906372873723, -0.011392912655017143, -0.3362869982418849], [0.2507808429735371, 0.642575192824231, -0.724020780340167]]	0.47903014049676684	0.5209698595032333	[[0.10746484964240442, -0.3670031587857891, -0.28849586311928355], [-0.4510981982842599, -0.005457548549800226, -0.16109160801504613], [0.12013158244351109, 0.30781288489832836, -0.34682777612892896]]	0.6820407438191571	0.5085818723956012	[[0.17255195995672984, -0.41556517867073656, -0.31995378230682336], [-0.8206839585883435, 0.050729996345708045, -0.20032909391718626], [0.13749640760190893, 0.31995378230682336, -0.34954213309696436]]	[[0.01954403876724033, 0.10697210289292597, 0.09080520013752649], [-0.17841257588532788, 0.05850042696720263, 0.029032340500420563], [-0.03354634507535756, -0.11830868016675346, 0.14426953846676982]]	0.5329037648500149	[[0.08327225169099431, -0.4853462504944826, -0.28430925109273836], [-0.8535533905932738, 0.14644660940672602, -0.5], [0.28430925109273836, 0.2843092510927384, -0.4020739988034884]]
7	[[-0.5446221603179724, 0.8109226453022452, -0.2139887049042392], [-0.8354447797583356, -0.5021691245819775, 0.22328947644507607], [0.07361197229480154, 0.30038414347728, 0.9509735242804028]]	0.5794052578301494	0.4205947421698507	[[-0.31555694321904776, 0.4698528443816542, -0.12398618073778045], [-0.48406109801873076, -0.2909594311027611, 0.12937509667041838], [0.04265116378685531, 0.174044152099542, 0.5509990600253325]]	0.7558507056744451	0.34460646226847047	[[-0.4289425490961015, 0.5800125376628666, -0.0802349596203482], [-0.7306709585580602, -0.3890173746855502, 0.10819276884840888], [0.06743614585609775, 0.08705720905909244, 0.6930760813646815]]	[[-0.017289504893821403, -0.03292391603622319, 0.08150855398788164], [-0.09919943222569085, -0.009452487502344313, -0.06058073949227928], [0.011796484650984315, -0.13998835776162344, -0.025717928040375045]]	0.44369251866076925	[[-0.5858125406532031, 0.585812540653203, 0.0], [-0.7071067811865475, -0.7071067811865476, 0.0], [0.0, 0.0, 0.8284640399999998]]
7	[[-0.42203838922340475, -0.825029846081567, 0.3757783270710803], [0.2588054115689476, 0.28760896992378115, 0.9221175843470338], [-0.8688517462515349, 0.4864224845687207, 0.09214016247897017]]	0.52185631826903	0.47814368173097005	[[-0.22024339996831788, -0.43054703793819116, 0.19610229425060935], [0.13505923922947197, 0.1500905581455726, 0.4812128875784748], [-0.4534157734204436, 0.25384264692030667, 0.04808392595598559]]	0.7303954821936736	0.424131339156869	[[-0.21302601146090144, -0.4752906590362216, 0.2589941505512619], [0.26968750272246034, 0.23561317489530384, 0.8279066697929583], [-0.5487773763721261, 0.27845272383729863, 0.022811550708954548]]	[[0.09522892134016853, 0.12730741321669686, -0.01547264184775178], [0.08065719934522671, 0.025544882624597847, 0.15439615213454133], [0.08582801378607899, -0.07682806132911699, -0.0444872076942763]]	0.5874203823223055	[[-0.34317633278656057, -0.3431763327865606, 0.4853246241122167], [0.5, 0.5000000000000001, 0.7071067811865475], [-0.4853246241122167, 0.4853246241122166, 0.0]]
7	[[0.8592155572171323, 0.2624339665249735, -0.4391776855101157], [-0.4266000482917053, 0.8413623931712975, -0.33184593135155627], [0.2824199444684594, 0.4724804086637203, 0.8348660002631537]]	0.5271790506859126	0.47282094931408736	[[0.4529604417882953, 0.13834968934037414, -0.23152527532965914], [-0.2248946084809856, 0.44354862771487225, -0.17494222306389598], [0.1488858782196506, 0.24908177330703218, 0.4401238654686743]]	0.7337093094973193	0.46746260111087073	[[0.4508015343702133, 0.17992698207766944, -0.28318146431925023], [-0.35049896954932763, 0.7496061483999806, -0.25400526291827513], [0.23544873118556253, 0.3067742444774122, 0.4459924110680287]]	[[-0.17961291882492328, -0.0126232622900115, 0.0390472920630076], [-0.03749854268569756, 0.13229072786925597, -0.010526813766829953], [0.028234588741337916, -0.0398890299142573, -0.16655654550783858]]	0.5700658293789104	[[0.5332303345357974, -0.09148786166885765, -0.3123590981023274], [-0.14644660940672619, 0.8535533905932737, -0.5], [0.3123590981023274, 0.3123590981023275, 0.44174247286693963]]
7	[[-0.3195682178843842, -0.5708200961323295, -0.7563336379995778], [0.910087742671785, 0.03735879733279218, -0.41272826520656647], [0.2638493031197415, -0.8202248094963509, 0.507557688474819]]	0.4964592815490445	0.5035407184509555	[[-0.15865260785678992, -0.2833889348196128, -0.37548885453264547], [0.4518215068734261, 0.01854712168337433, -0.20490277801943538], [0.1309904354640429, -0.40720821963126025, 0.2519817253649023]]	0.6757141060253423	0.5125382422078301	[[-0.23310399123545572, -0.36552887147598284, -0.3679956651699574], [0.7781498249960306, 0.011767564001442327, -0.2267244596094603], [0.15561293720357852, -0.3679956651699574, 0.3064707688854291]]	[[-0.017167238573597244, 0.020182319483374175, 0.14306964288782215], [0.16319069955194357, -0.013476302340467258, 0.05216185114598514], [-0.022673758779387067, 0.18624180871867607, -0.03649312083862235]]	0.5469176139340383	[[-0.2587782803446104, -0.2587782803446105, -0.3659677537109351], [0.8535533905932738, -0.14644660940672602, -0.5], [0.07579440348914301, -0.441762157200078, 0.2587782803446104]]
7	[[-0.30792515101507295, 0.09349718223056193, 0.9468053539599837], [0.3027085282091916, -0.9338174967034747, 0.1906631317268273], [0.9019698710720718, 0.34531602882779927, 0.2592434992682147]]	0.5891228734198006	0.4108771265801995	[[-0.1814057497642258, 0.055081328652323375, 0.557784690694157], [0.17833251794727775, -0.5501332469076362, 0.11232401201812646], [0.531371082184066, 0.20343357114094784, 0.15272627520429463]]	0.7915435929630608	0.3120528570071134	[[-0.17496138228168712, 0.06914556290460308, 0.7156649825292195], [0.2610947451193273, -0.838136317859831, 0.12967875155911643], [0.6575341814136807, 0.23812676128235827, 0.10581581937708404]]	[[0.06877479811647681, -0.004861532650097908, -0.033772729180928454], [0.021487749080063838, -0.09897906134739166, -0.021239428773525772], [-0.056414291079135634, -0.03520592888373378, -0.09938671148599525]]	0.48507258908639284	[[0.0, 0.0, 0.9101999999999999], [0.0, -1.0, 0.0], [0.9101999999999999, 0.0, 0.0]]
7	[[0.034229894132735264, 0.2773841392786001, 0.9601491309293217], [-0.1827544195208179, -0.9427759796974285, 0.2788803941677556], [0.9825625356654255, -0.18501754344446375, 0.018422055382213542]]	0.7430735950571121	0.25692640494288793	[[0.02543533049163594, 0.20611682958557206, 0.713461466510613], [-0.13579998352590983, -0.7005519365672592, 0.20722865708517868], [0.7301162757453397, -0.13748165115591307, 0.013688942921202636]]	0.863956968332626	0.20929597757595073	[[0.009231619488728218, 0.20852534801294453, 0.7725148787354518], [-0.16880773693165374, -0.8232636761007271, 0.2578714931899351], [0.8013379280245827, -0.14276421350507548, 0.0]]	[[-0.020341536072536484, -0.0311226120217497, -0.057012653569450594], [-0.010915782693059047, -0.00874579886451534, 0.0169308333173532], [-0.0475538214861361, 0.017082982417553332, -0.01591586311847295]]	0.3786254100580698	[[0.0, 0.0, 0.9101999999999999], [0.0, -1.0, 0.0], [0.9101999999999999, 0.0, 0.0]]
7	[[0.8787972042104137, -0.3840163418041313, 0.28327887866788265], [-0.395223040501579, -0.9183905790867732, -0.018907472103605397], [0.2674214316928388, -0.09534250611366366, -0.9588511794847616]]	0.5759661009875756	0.4240338990124244	[[0.5061573992678543, -0.22118039510443765, 0.16315903123847292], [-0.22763507365814914, -0.5289618410203306, -0.010890062987044945], [0.15402567933263964, -0.054914051504670956, -0.5522657752751762]]	0.7884772112321607	0.3708994322865662	[[0.5482898795934648, -0.23144819542033024, 0.2232592391286524], [-0.34554084947335223, -0.8466950369929325, -0.024570071397416047], [0.20055206293935587, -0.07517539333238674, -0.635727369837634]]	[[-0.14462168922098192, 0.07133993883296741, -9.970112437334994e-05], [-0.03391648868397197, -0.12256499437270407, -0.009661960521715389], [-0.010303641745525376, 0.0, 0.12030493414917875]]	0.5144486950123217	[[0.9101999999999999, 0.0, 0.0], [0.0, -1.0, 0.0], [0.0, 0.0, -0.9101999999999999]]
7	[[0.08740825448676931, -0.06334395238859675, -0.994156597696443], [0.7119981850616444, -0.6940087028176986, 0.10681996481098455], [-0.6967197295301035, -0.717174639895393, -0.015561310176609944]]	0.605572582546295	0.394427417453705	[[0.05293204240541667, -0.038359360836652076, -0.6020339783224733], [0.4311665796960548, -0.42027264247491786, 0.06468724195809226], [-0.4219143659225009, -0.4343012988181622, -0.009423502791453627]]	0.8340658695703996	0.2803387765396758	[[0.047021669548356376, -0.04702166954835638, -0.7172450313794949], [0.6787292222007579, -0.664067970750982, 0.0968870467563254], [-0.5155902586063739, -0.526645838713154, 0.0]]	[[-0.025882572237781662, 0.005811359182664558, 0.11194705576733865], [0.08487583684477097, -0.08521899854591347, 0.007792159918772072], [0.06551988845100556, 0.07152505094503514, 0.012979157704108884]]	0.2823609343891856	[[0.0, 0.0, -0.7540679692079998], [0.7071067811865475, -0.7071067811865476, 0.0], [-0.5332065745025454, -0.5332065745025453, 0.0]]
7	[[0.8489524140446696, -0.5135124485683378, 0.12483895166604869], [0.522794976890395, 0.7815435453534784, -0.34040431673891397], [0.0772347773085365, 0.35425224329800037, 0.9319550081910795]]	0.6631310046447261	0.3368689953552741	[[0.5629666672210073, -0.34052602591669506, 0.08278457943710127], [0.346681558248544, 0.5182657564038531, -0.22573265654447758], [0.051216775470121524, 0.23491564599585094, 0.6180082608654345]]	0.8163969710636585	0.2767285257746003	[[0.6450192419390285, -0.39911891011880835, 0.05113609082518013], [0.47653053512695104, 0.6252657556833534, -0.26447590878154176], [0.02555501931323764, 0.2250138829512799, 0.7127621485024492]]	[[-0.048062937464220606, 0.020111097495865253, -0.050782051185744484], [0.04972229950633721, -0.012784027497579216, 0.01342914434110183], [-0.037499218942227755, -0.06419657546971387, -0.04808309735235492]]	0.4583394438087833	[[0.6436085922359955, -0.6436085922359954, 0.0], [0.7071067811865475, 0.7071067811865476, 0.0], [0.0, 0.0, 0.9101999999999999]]
7	[[-0.8305561570912853, 0.32773595720904825, 0.4502950280316503], [-0.5100865793185324, -0.772219296347621, -0.37879947194723407], [0.22358030216652452, -0.5443036842615101, 0.808545204538665]]	0.5167473636280958	0.48325263637190413	[[-0.4291877045220042, 0.16935669185390606, 0.23268876859019483], [-0.2635858950849252, -0.3990422855303764, -0.19574362847244814], [0.11553453170372464, -0.28126749385519484, 0.4178136028194947]]	0.7135133127892797	0.43629859379899166	[[-0.4961573945917219, 0.16806856182490607, 0.24388947171722059], [-0.4381943263915863, -0.6703849279729351, -0.2648198490441403], [0.14062732335156916, -0.341031880765846, 0.46411863853960833]]	[[0.0964554805120145, -0.06577540672348756, -0.07740202546618381], [-0.07424076137266847, -0.11939617963613769, 0.005458617067760491], [-0.01890019872169591, 0.04733604415499422, -0.11278912889066026]]	0.5619434336734448	[[-0.44174247286693963, 0.3123590981023275, 0.3123590981023274], [-0.7071067811865475, -0.5000000000000001, -0.5], [0.0, -0.4417424728669396, 0.44174247286693963]]
7	[[0.5319609947059123, -0.8460851799387872, 0.03402011756955908], [-0.703274286200726, -0.4190807785627857, 0.5742617690636116], [-0.47161719485230363, -0.3294103357928521, -0.8179645788128509]]	0.5549388926323633	0.4450611073676367	[[0.2952058453257094, -0.4695255728278843, 0.018879086371273918], [-0.3902742536010467, -0.232564223179141, 0.3186801902052625], [-0.2617187238577189, -0.18280260696654033, -0.4539203575789009]]	0.7012687286993297	0.4902892767176083	[[0.4231571984120275, -0.5396714882150608, 0.08151427795909251], [-0.530504753481013, -0.34041476385409386, 0.3284908344985869], [-0.2406507335368482, -0.11165270040725578, -0.48678194860283613]]	[[0.05010958793698146, 0.053661590291956135, 0.05765703336088608], [-0.03732048887010124, -0.04652651904904381, -0.07422098623328002], [0.09007965712997085, 0.11935246699461691, 0.08683103170233453]]	0.4932027625586563	[[0.44174247286693963, -0.4417424728669396, 0.0], [-0.5, -0.5000000000000001, 0.7071067811865475], [-0.3123590981023274, -0.3123590981023275, -0.44174247286693963]]
