7	[[0.8592155572171323, 0.2624339665249735, -0.4391776855101157], [-0.4266000482917053, 0.8413623931712975, -0.33184593135155627], [0.2824199444684594, 0.4724804086637203, 0.8348660002631537]]	0.7789934866104762	0.22100651338952393	[[0.6693233226665368, 0.20443435058830617, -0.34211655647704425], [-0.33231865900695307, 0.6554158241594431, -0.25850581908104964], [0.22000329722982226, 0.36805916090009416, 0.6503551763975369]]	0.8177593707595727	0.22237649904339896	[[0.7216471610100841, 0.16788537365397324, -0.31982750673624055], [-0.3478180244560545, 0.7396459722930485, -0.39491089070518476], [0.23402972863109583, 0.38524608503573526, 0.6873049902469802]]	[[0.01901558759336613, -0.0467224616774279, 0.039314161018157205], [0.001038162600973681, 0.05161399107252019, -0.12354077069401168], [0.003078172552615027, -0.0011291966493344194, 0.004585495203222194]]	0.4476670488710488	[[0.7459116691647489, -0.12797820976396457, -0.43694493946435664], [-0.14644660940672619, 0.8535533905932737, -0.5], [0.43694493946435664, 0.43694493946435675, 0.6179334594007844]]
7	[[0.08740825448676931, -0.06334395238859675, -0.994156597696443], [0.7119981850616444, -0.6940087028176986, 0.10681996481098455], [-0.6967197295301035, -0.717174639895393, -0.015561310176609944]]	0.8432882626739323	0.1567117373260678	[[0.07371035506950864, -0.05341721156068004, -0.838360590097261], [0.6004197125076269, -0.5852493932797264, 0.09008002254434576], [-0.5875355702860929, -0.604784956111189, -0.013122670223763578]]	0.931867761123878	0.11400466651264334	[[0.0585675536622612, -0.05542415323168398, -0.8845752212610742], [0.682706831119783, -0.6702535620582737, 0.09225856905390402], [-0.6396203126431055, -0.6521025302750566, 0.0]]	[[-0.022885380750070686, 0.003604033861415189, 0.04184726164084209], [0.01921867648212386, -0.023529225963058002, -0.007283512397839557], [0.009630341844945958, 0.016209395739086762, 0.014501083274431727]]	0.15210329087545035	[[0.0, 0.0, -0.9223038589040001], [0.7071067811865475, -0.7071067811865476, 0.0], [-0.6521673129455393, -0.6521673129455392, 0.0]]
7	[[0.034229894132735264, 0.2773841392786001, 0.9601491309293217], [-0.1827544195208179, -0.9427759796974285, 0.2788803941677556], [0.9825625356654255, -0.18501754344446375, 0.018422055382213542]]	0.870593832549195	0.12940616745080522	[[0.029800334720771194, 0.24148892090291613, 0.8358999117145368], [-0.15910487050593228, -0.8207749534001062, 0.24279155118133647], [0.8554128836442177, -0.16107513223615286, 0.016038127798634817]]	0.9176441428537011	0.1280055072522363	[[0.009038936940746782, 0.23607654131466319, 0.8586057397155208], [-0.16496373002390546, -0.8266768140745699, 0.2534754561109812], [0.8917507635538544, -0.15980142550927112, 0.0]]	[[-0.02237192492066, -0.018463389414859435, -0.022469486547842917], [0.0027397926300011463, 0.03845604171793503, -0.0024375041537911886], [-0.009891992287004197, 0.0099788395577212, -0.016904891220814757]]	0.3496940378706753	[[0.0, 0.0, 0.9734], [0.0, -1.0, 0.0], [0.9734, 0.0, 0.0]]
7	[[0.22433838825039393, -0.7661379269479729, -0.6022499185961573], [-0.9416906372873723, -0.011392912655017143, -0.3362869982418849], [0.2507808429735371, 0.642575192824231, -0.724020780340167]]	0.7470337421688572	0.2529662578311428	[[0.16758834568682182, -0.5723308825854347, -0.4499010104097769], [-0.7034746807381618, -0.008510890174880381, -0.25121773473936726], [0.18734175159078195, 0.48002535092036036, -0.5408679529455311]]	0.7732361019127532	0.2447388528080705	[[0.15355910653385219, -0.693916664518912, -0.39740067308418786], [-0.8680374282577678, -0.006175281968577494, -0.2999802727434606], [0.21847611997729252, 0.4130179037870322, -0.6472734844582138]]	[[-0.019907434306272235, -0.10151116035814395, 0.06828070634837774], [-0.13988823067394351, 0.0026341294022204655, -0.039951025098964685], [0.02456331852204044, -0.08384443349821197, -0.08743447856415314]]	0.34803831995553125	[[0.12457398938424324, -0.7260704187649666, -0.42532220407460475], [-0.8535533905932738, 0.14644660940672602, -0.5], [0.42532220407460475, 0.42532220407460486, -0.6014964293807235]]
7	[[0.8489524140446696, -0.5135124485683378, 0.12483895166604869], [0.522794976890395, 0.7815435453534784, -0.34040431673891397], [0.0772347773085365, 0.35425224329800037, 0.9319550081910795]]	0.8109256225775952	0.18907437742240502	[[0.6884372648979258, -0.41642040205662467, 0.10123510460172487], [0.42394784211528314, 0.6337736860872705, -0.27604258247960467], [0.06263165987356688, 0.2872722209459406, 0.7557461952316588]]	0.9000248925974761	0.1682824196957597	[[0.740353339129794, -0.4669487565770792, 0.06557280130746812], [0.5082141184612498, 0.6667486737726498, -0.2963257529956399], [0.021899760291052273, 0.28875411071181245, 0.8216570874077223]]	[[-0.02372496614112788, -0.004774770206893977, -0.04678536275774887], [0.03768562553497189, -0.036659971694365356, 0.010046605617018351], [-0.04761346186085329, -0.030081726514885297, -0.01712561874513378]]	0.43545392264707505	[[0.6882977408069855, -0.6882977408069854, 0.0], [0.7071067811865475, 0.7071067811865476, 0.0], [0.0, 0.0, 0.9734]]
7	[[-0.5446221603179724, 0.8109226453022452, -0.2139887049042392], [-0.8354447797583356, -0.5021691245819775, 0.22328947644507607], [0.07361197229480154, 0.30038414347728, 0.9509735242804028]]	0.7788032590916558	0.22119674090834412	[[-0.42415351342917523, 0.6315491990326156, -0.1666551007882241], [-0.6506471172669025, -0.39109095083964773, 0.17389857197629477], [0.05732924393135611, 0.23394014991956122, 0.7406212800194556]]	0.8464271695131217	0.1814599107860564	[[-0.47830999859054074, 0.6690599543787947, -0.12637826404959726], [-0.7615033880724227, -0.4516699898510982, 0.20882572620927467], [0.045256659535638476, 0.2049339901227426, 0.822256833417057]]	[[-0.017327004978477722, -0.01732700497847772, 0.05474758975027659], [-0.054360227857061356, -0.02662039911429284, 0.01982744667980203], [-0.017050513816128727, -0.04931931020735495, 0.017327004978477722]]	0.39581468955912363	[[-0.6699890209015197, 0.6699890209015196, 0.0], [-0.7071067811865475, -0.7071067811865476, 0.0], [0.0, 0.0, 0.9475075600000001]]
7	[[0.04673222253661188, -0.9725397674033924, -0.22799671093185395], [-0.8377629715199755, -0.16246744520517667, 0.5213036857710898], [-0.5440306084466285, 0.16664552219444034, -0.8223502702654952]]	0.7440515385905672	0.25594846140943284	[[0.034771182080122844, -0.7236197102770066, -0.1696413035624347], [-0.6233388279336434, -0.12088415257579033, 0.38787680947091285], [-0.40478681125507643, 0.12399285718800189, -0.6118709838514104]]	0.784053336185559	0.3628923890191379	[[-0.028802388283082722, -0.84140424819688, -0.14920411569465752], [-0.6854843234075954, -0.14769178336026031, 0.2713618129270417], [-0.29098169948790703, 0.036892233085044884, -0.6120555638319964]]	[[-0.06544294327027933, -0.07888119899112259, 0.029557466150797098], [-0.028633470654631246, -0.020308640925597022, -0.13736808106760953], [0.13556731405173159, -0.09376674455189069, 0.03271090908276131]]	0.36090649927332535	[[-0.12457398938424324, -0.7260704187649666, -0.42532220407460475], [-0.8535533905932738, -0.14644660940672602, 0.5], [-0.42532220407460475, 0.42532220407460486, -0.6014964293807235]]
7	[[-0.30792515101507295, 0.09349718223056193, 0.9468053539599837], [0.3027085282091916, -0.9338174967034747, 0.1906631317268273], [0.9019698710720718, 0.34531602882779927, 0.2592434992682147]]	0.7903864850246212	0.20961351497537872	[[-0.24337987776147918, 0.07389890922292032, 0.7483421557189239], [0.23925672959823932, -0.7380767288739504, 0.15069756250935337], [0.7129047959947657, 0.2729331222478651, 0.2049025581520872]]	0.8449200460081335	0.2668604714975729	[[-0.2520112064453737, 0.07727630049283812, 0.738960638319915], [0.2442219508298945, -0.849759158403636, 0.11849152657439498], [0.675994326961303, 0.26129931506155846, 0.1747349059525356]]	[[0.008160926317343185, -0.001721343019039102, -0.061014184908701585], [-0.011542552751670002, -0.06075803612573633, -0.04260357545629075], [-0.08609809800286211, -0.0304651199029717, -0.044305123376473896]]	0.39662786811149614	[[-0.42532220407460475, -0.1245739893842431, 0.7260704187649667], [0.5, -0.8535533905932737, 0.14644660940672619], [0.6014964293807235, 0.42532220407460486, 0.42532220407460475]]
7	[[0.8787972042104137, -0.3840163418041313, 0.28327887866788265], [-0.395223040501579, -0.9183905790867732, -0.018907472103605397], [0.2674214316928388, -0.09534250611366366, -0.9588511794847616]]	0.7674703836044103	0.23252961639558983	[[0.6744508274258494, -0.2947211691547789, 0.21740814967826713], [-0.30332197850304826, -0.7048375700304026, -0.014510924868343746], [0.20523802876534358, -0.07317254974085931, -0.7358898825387113]]	0.8423842122266091	0.25373962131730166	[[0.6891841587180572, -0.3109693421152291, 0.14130723468754794], [-0.35891709422813695, -0.8404918825864969, -0.026169566140142417], [0.129250588774851, -0.05390317983886805, -0.8077210954728258]]	[[-0.05110073185767859, 0.01251996145758838, -0.09732242035953355], [-0.025987444601409077, -0.06685415810614614, -0.010242210146950197], [-0.09602100329423296, 0.026411842065401155, 0.0]]	0.4790569040523494	[[0.6699890209015197, -0.6699890209015196, 0.0], [-0.7071067811865475, -0.7071067811865476, 0.0], [0.0, 0.0, -0.9475075600000001]]
7	[[-0.42203838922340475, -0.825029846081567, 0.3757783270710803], [0.2588054115689476, 0.28760896992378115, 0.9221175843470338], [-0.8688517462515349, 0.4864224845687207, 0.09214016247897017]]	0.7306679940536251	0.2693320059463749	[[-0.30836994326748823, -0.6028229026707896, 0.27456919644985334], [0.18910083092130583, 0.21014666912603863, 0.6737618056364219], [-0.6348421625635984, 0.35541334106240763, 0.06732386769028423]]	0.8434920832915856	0.25741832346751786	[[-0.2752322016155643, -0.6225383746415893, 0.3239080047054517], [0.25511812557134245, 0.23060709459807785, 0.8305665071758159], [-0.7236528893655989, 0.36723182992501235, 0.022005282401524804]]	[[0.08075383853951054, 0.07336776900748777, 0.006941960748439432], [0.036817809799914655, -0.01198879461627932, 0.052767624915131775], [0.009216680151640438, -0.043061684943727106, -0.05571421520268692]]	0.5010005005883602	[[-0.44888528812857675, -0.44888528812857686, 0.6348196624211879], [0.5, 0.5000000000000001, 0.7071067811865475], [-0.6348196624211879, 0.6348196624211878, 0.0]]
7	[[0.3802729664721569, 0.7767473726770865, -0.5020517802076895], [0.4287143634067757, 0.332951791095048, 0.839849450446521], [0.8195098935212374, -0.5346088512602871, -0.20639019011321075]]	0.7473655127211105	0.25263448727888976	[[0.28420290056144115, 0.580514198435586, -0.37521618612746616], [0.32040633001840946, 0.24883668606316264, 0.6276745151415071], [0.6124734317515221, -0.39954821822738845, -0.15424891025456722]]	0.8440720032462402	0.249994078418585	[[0.346290113984632, 0.5860759718226203, -0.42926783111012956], [0.4039216133013367, 0.29298178643378353, 0.717435416167834], [0.6499628957188801, -0.42926783111012956, -0.07955113783189975]]	[[0.025312349394088236, -0.06955473904918194, -0.005499979256884063], [0.042055821760142845, 0.011946501139762712, 0.008542008104185136], [-0.04176246178570358, 0.021980532926312225, 0.09465704338733036]]	0.3826512167703137	[[0.44888528812857675, 0.44888528812857686, -0.6348196624211879], [0.5, 0.5000000000000001, 0.7071067811865475], [0.6348196624211879, -0.6348196624211878, 0.0]]
7	[[-0.8305561570912853, 0.32773595720904825, 0.4502950280316503], [-0.5100865793185324, -0.772219296347621, -0.37879947194723407], [0.22358030216652452, -0.5443036842615101, 0.808545204538665]]	0.7577082721809435	0.24229172781905645	[[-0.6293192707388822, 0.2483282458684356, 0.34119226766153127], [-0.3864968206781329, -0.5851169487803398, -0.2870194933921925], [0.1694086444482905, -0.4124234041435106, 0.6126413899111794]]	0.7939931196707436	0.25600988580058387	[[-0.6653595141803437, 0.3293768275155788, 0.35002977347457603], [-0.49528983649158653, -0.6220739879759207, -0.3678789810314694], [0.05363334731669751, -0.470776480052122, 0.6496410601888228]]	[[-0.005903639949689884, 0.06915673242288918, -0.007501380604498956], [-0.0902846020762868, -0.008937179798926866, -0.06711480657045472], [-0.12388787429742881, -0.03860309973704622, 0.0076617308423488064]]	0.4176538808729733	[[-0.6179334594007844, 0.43694493946435675, 0.43694493946435664], [-0.7071067811865475, -0.5000000000000001, -0.5], [0.0, -0.6179334594007843, 0.6179334594007844]]
7	[[0.5319609947059123, -0.8460851799387872, 0.03402011756955908], [-0.703274286200726, -0.4190807785627857, 0.5742617690636116], [-0.47161719485230363, -0.3294103357928521, -0.8179645788128509]]	0.7703760703340904	0.22962392966590953	[[0.40981002067255456, -0.6518037760891547, 0.026208284485540655], [-0.5417856809703279, -0.32284980334175, 0.44239752499432805], [-0.3633226012723047, -0.2537698400155306, -0.6301403378983235]]	0.8284485915607458	0.2156099189933091	[[0.4842366686677494, -0.6817273787728916, 0.004973301016315378], [-0.6005547670386016, -0.38642716885222284, 0.5595086071694271], [-0.3494403418611859, -0.3424070321141489, -0.6767540777565764]]	[[0.04353433183838288, 0.019210696887816747, -0.023210617468916818], [-0.01792817515472133, -0.03924028810170214, 0.0837622534014957], [0.04127025897003485, -0.06950750338100828, 0.0008875255075086473]]	0.33544827783238435	[[0.6179334594007844, -0.6179334594007843, 0.0], [-0.5, -0.5000000000000001, 0.7071067811865475], [-0.43694493946435664, -0.43694493946435675, -0.6179334594007844]]
7	[[-0.3195682178843842, -0.5708200961323295, -0.7563336379995778], [0.910087742671785, 0.03735879733279218, -0.41272826520656647], [0.2638493031197415, -0.8202248094963509, 0.507557688474819]]	0.7489534847724594	0.2510465152275408	[[-0.23934173040703405, -0.42751770017645857, -0.5664587138304156], [0.6816133863227345, 0.02798000144930282, -0.3091142724905498], [0.1976108550263153, -0.6143102293691186, 0.38013709950627]]	0.7970896238109277	0.22517971247851487	[[-0.2936727066750045, -0.4756649729828618, -0.5882067328138468], [0.7748416401848403, 0.007268012598670756, -0.3133115933524632], [0.1903594358196828, -0.6243082853623839, 0.4339488495427013]]	[[-0.038948196099612135, -0.020670197293025595, 0.01465896217478714], [0.04942014374365079, -0.0225102971133533, 0.0156698242971757], [-0.019952105946807394, 0.029484399479452264, 0.029379882573963675]]	0.31164009314552116	[[-0.4140086334462203, -0.4140086334462204, -0.5854966243591964], [0.8535533905932738, -0.14644660940672602, -0.5], [0.1212603212666224, -0.7067569456258185, 0.4140086334462203]]
