7	[[0.8489524140446696, -0.5135124485683378, 0.12483895166604869], [0.522794976890395, 0.7815435453534784, -0.34040431673891397], [0.0772347773085365, 0.35425224329800037, 0.9319550081910795]]	0.8776857636205331	0.12231423637946706	[[0.7451134477982907, -0.4507025655503513, 0.10956937062260276], [0.4588497085090252, 0.6859496434062664, -0.2987680226767195], [0.0677878645001047, 0.31092215067329226, 0.8179636430241677]]	0.9182439266093688	0.13846187385494066	[[0.7738373720666383, -0.48291854887438207, 0.05915259489802679], [0.5037709188316831, 0.6713526797126724, -0.28965389904355776], [0.02450366505201105, 0.2965433457395653, 0.8569813254132683]]	[[-0.005708026110241953, -0.011388861738200045, -0.05548001427360298], [0.02371760644019251, -0.04629493418891285, 0.02292029739356192], [-0.04641670013457969, -0.028746625156568006, 0.0012192992686250591]]	0.4294024510936929	[[0.7015913482932925, -0.7015913482932924, 0.0], [0.7071067811865475, 0.7071067811865476, 0.0], [0.0, 0.0, 0.9922]]
7	[[0.8592155572171323, 0.2624339665249735, -0.4391776855101157], [-0.4266000482917053, 0.8413623931712975, -0.33184593135155627], [0.2824199444684594, 0.4724804086637203, 0.8348660002631537]]	0.8903867942087963	0.1096132057912039	[[0.7650341855248869, 0.23366773814566966, -0.3910380114893909], [-0.37983904940776914, 0.7491379640236322, -0.2954712349873445], [0.25146298897589786, 0.42069031639655186, 0.7433536615682294]]	0.8906624789321849	0.10906818460371655	[[0.7652710581281097, 0.2337400871811389, -0.39214642600899763], [-0.37995665652407995, 0.7504128855757906, -0.29556271984113675], [0.25252818778102665, 0.420820572027321, 0.7435838213705788]]	[[0.0, 0.0, -0.000987339940858499], [0.0, 0.001042970793527139, 0.0], [0.000987339940858499, 0.0, 0.0]]	0.42146413621126666	[[0.8207800754608066, -0.14082359749784962, -0.48080183647932795], [-0.14644660940672619, 0.8535533905932737, -0.5], [0.48080183647932795, 0.48080183647932806, 0.6799564779629569]]
7	[[-0.8305561570912853, 0.32773595720904825, 0.4502950280316503], [-0.5100865793185324, -0.772219296347621, -0.37879947194723407], [0.22358030216652452, -0.5443036842615101, 0.808545204538665]]	0.8768478388220814	0.12315216117791884	[[-0.7282713713658663, 0.28737456578304016, 0.394840222161881], [-0.44726831468760336, -0.6771188210991199, -0.3321494983238778], [0.19604590475790495, -0.47727150920760164, 0.7089711151896861]]	0.8768478388220813	0.12315216117791876	[[-0.7282713713658665, 0.28737456578304005, 0.3948402221618812], [-0.4472683146876032, -0.6771188210991199, -0.33214949832387786], [0.1960459047579049, -0.47727150920760164, 0.7089711151896861]]	[[0.0, 0.0, 0.0], [0.0, 0.0, 0.0], [0.0, 0.0, 0.0]]	0.37751454007169266	[[-0.6799564779629569, 0.48080183647932806, 0.48080183647932795], [-0.7071067811865475, -0.5000000000000001, -0.5], [0.0, -0.6799564779629568, 0.6799564779629569]]
7	[[-0.30792515101507295, 0.09349718223056193, 0.9468053539599837], [0.3027085282091916, -0.9338174967034747, 0.1906631317268273], [0.9019698710720718, 0.34531602882779927, 0.2592434992682147]]	0.885227152218846	0.11477284778115417	[[-0.2725837045296311, 0.0827662443664468, 0.8381378071915528], [0.26796580837898093, -0.8266406032989484, 0.16878018113166604], [0.7984482203563298, 0.3056831248147536, 0.22948938458845017]]	0.8852971748547591	0.11234054750773508	[[-0.2837138734043463, 0.08277279128559706, 0.8382041049981337], [0.26798700482803944, -0.8350035449741958, 0.1770910851793873], [0.7985113786642165, 0.3135622761943588, 0.23736250894265581]]	[[-0.011108607143977125, 0.0, 0.0], [0.0, -0.00829755331266632, 0.00829755331266632], [0.0, 0.007854971441043551, 0.007854971441043553]]	0.37131680855345756	[[-0.47705158215478916, -0.13972517343736637, 0.8143779908722122], [0.5, -0.8535533905932737, 0.14644660940672619], [0.6746528174348458, 0.47705158215478927, 0.47705158215478916]]
7	[[0.04673222253661188, -0.9725397674033924, -0.22799671093185395], [-0.8377629715199755, -0.16246744520517667, 0.5213036857710898], [-0.5440306084466285, 0.16664552219444034, -0.8223502702654952]]	0.8730550644503099	0.12694493554969016	[[0.04079980355860788, -0.8490807693108581, -0.19905368315706845], [-0.7314132050944553, -0.1418430258446827, 0.455126822979063], [-0.47496867792031267, 0.1454907171198227, -0.7179570682073718]]	0.8769781046674783	0.11825630192633814	[[0.04931175771264545, -0.861224703696766, -0.18816967356666478], [-0.7497187224352979, -0.14505723480138827, 0.46596980937685106], [-0.47954232871382235, 0.13192662751142803, -0.7295118031558113]]	[[0.00832862176558879, -0.008328621765588792, 0.011778449856771425], [-0.015018939511115142, -0.002576842635185071, 0.008797891073150108], [-0.0024393968372030833, -0.014217846693974502, -0.00832862176558879]]	0.3318299832432126	[[1.9050908168840036e-16, -0.9541031643095785, 0.0], [-0.7071067811865476, -1.3401577416544657e-16, 0.7071067811865475], [-0.6746528174348457, -1.059267300884213e-16, -0.6746528174348458]]
7	[[0.034229894132735264, 0.2773841392786001, 0.9601491309293217], [-0.1827544195208179, -0.9427759796974285, 0.2788803941677556], [0.9825625356654255, -0.18501754344446375, 0.018422055382213542]]	0.8913313294838123	0.1086686705161876	[[0.030510177045421076, 0.24724117364091763, 0.8558110013739595], [-0.16289473972053298, -0.8403257673891128, 0.24857483250051526], [0.8757887712156496, -0.1649119329761829, 0.016420155115652816]]	0.9321633600779635	0.12276345241042341	[[0.011575147801512826, 0.2430983180022252, 0.8849210948745901], [-0.16342064110248095, -0.8279534513570729, 0.2519364699907561], [0.9190142230025209, -0.16558480889791075, 0.0]]	[[-0.020332705328370653, -0.015469013300048452, -0.010094745188422953], [0.006936332667142421, 0.05086777367847605, -0.00802561529652589], [0.003105428269914059, 0.0068817660726511656, -0.017172365044626513]]	0.341656258876984	[[0.0, 0.0, 0.9922], [0.0, -1.0, 0.0], [0.9922, 0.0, 0.0]]
7	[[-0.5446221603179724, 0.8109226453022452, -0.2139887049042392], [-0.8354447797583356, -0.5021691245819775, 0.22328947644507607], [0.07361197229480154, 0.30038414347728, 0.9509735242804028]]	0.8684183578627385	0.13158164213726162	[[-0.47295988211899076, 0.7042201119870837, -0.18583171971411358], [-0.7255155837227311, -0.4360928865388497, 0.1939086804624636], [0.06392598809928894, 0.26085910460654466, 0.8258428663265285]]	0.8702296263265724	0.13392898460361227	[[-0.47423939308857754, 0.7053958565752307, -0.17112567785616384], [-0.7375723932265404, -0.4481414037960247, 0.19431311764945453], [0.07473212928477918, 0.25073037079114885, 0.8279797756589314]]	[[-0.0002930540258977718, -0.0002930540258977717, 0.015093632850759419], [-0.010543594720958381, -0.011138954158308418, 0.0], [0.010672810141512027, -0.010672810141512026, 0.00041444097793266505]]	0.3845184393830175	[[-0.6961189357766048, 0.6961189357766047, 0.0], [-0.7071067811865475, -0.7071067811865476, 0.0], [0.0, 0.0, 0.9844608399999999]]
7	[[0.5319609947059123, -0.8460851799387872, 0.03402011756955908], [-0.703274286200726, -0.4190807785627857, 0.5742617690636116], [-0.47161719485230363, -0.3294103357928521, -0.8179645788128509]]	0.8835219944378488	0.1164780055621513	[[0.4699992390057095, -0.7475348656438235, 0.03005752212606693], [-0.6213582999809198, -0.3702670853063589, 0.5073729035324894], [-0.41668416460709085, -0.29104127686814224, -0.7226896960522449]]	0.8871190236541395	0.15745761666441854	[[0.535909662971912, -0.7333207029659358, 0.00023448316924712688], [-0.5897156737581979, -0.39383638804939974, 0.579989601803213], [-0.3945360680011142, -0.37894535679083613, -0.7330862197966888]]	[[0.06399694472631821, 0.017257555789598145, -0.02994541031365916], [0.034172324377252095, -0.022061856938564703, 0.0705510619096029], [0.0238445174347655, -0.08671918132069886, -0.007454281256562988]]	0.2957287979547915	[[0.6799564779629569, -0.6799564779629568, 0.0], [-0.5, -0.5000000000000001, 0.7071067811865475], [-0.48080183647932795, -0.48080183647932806, -0.6799564779629569]]
7	[[0.8787972042104137, -0.3840163418041313, 0.28327887866788265], [-0.395223040501579, -0.9183905790867732, -0.018907472103605397], [0.2674214316928388, -0.09534250611366366, -0.9588511794847616]]	0.8601071884862549	0.13989281151374533	[[0.7558597925630001, -0.330295216081928, 0.24365019988857148], [-0.3399341781908024, -0.7899143389105878, -0.01626245267241433], [0.23001109575429662, -0.08200477487665683, -0.8247147921633675]]	0.8601071884862548	0.13989281151374505	[[0.7558597925630003, -0.3302952160819281, 0.24365019988857145], [-0.3399341781908024, -0.789914338910588, -0.01626245267241433], [0.23001109575429657, -0.08200477487665682, -0.8247147921633678]]	[[0.0, 0.0, 0.0], [0.0, 0.0, 0.0], [0.0, 0.0, 0.0]]	0.4710992274752729	[[0.6961189357766048, -0.6961189357766047, 0.0], [-0.7071067811865475, -0.7071067811865476, 0.0], [0.0, 0.0, -0.9844608399999999]]
7	[[-0.42203838922340475, -0.825029846081567, 0.3757783270710803], [0.2588054115689476, 0.28760896992378115, 0.9221175843470338], [-0.8688517462515349, 0.4864224845687207, 0.09214016247897017]]	0.8545715769112897	0.14542842308871048	[[-0.3606620117957456, -0.7050470565648033, 0.3211294775342195], [0.2211677486776509, 0.24578245096159734, 0.7880154781530739], [-0.7424960068963018, 0.4156828296829991, 0.07874036394651594]]	0.8751289625762817	0.20396971469345757	[[-0.29549145135222926, -0.674035312119053, 0.3484051237592178], [0.2548060352813952, 0.2315883241362764, 0.8300133625698493], [-0.7830945973728034, 0.3957181443989869, 0.022169873668645496]]	[[0.0738465663762139, 0.04797220117677833, 0.019550626230852592], [0.02831792394593443, -0.02010661534075525, 0.02304155760688277], [-0.022737270043106935, -0.029964259895415072, -0.0584646511331857]]	0.48253718542594126	[[-0.4845815727467526, -0.48458157274675273, 0.6853018322545423], [0.5, 0.5000000000000001, 0.7071067811865475], [-0.6853018322545423, 0.6853018322545422, 0.0]]
7	[[0.3802729664721569, 0.7767473726770865, -0.5020517802076895], [0.4287143634067757, 0.332951791095048, 0.839849450446521], [0.8195098935212374, -0.5346088512602871, -0.20639019011321075]]	0.8725728334498702	0.12742716655012992	[[0.33181585983899753, 0.6777686558515877, -0.43807674439437505], [0.3740845068185076, 0.2905246877580153, 0.7328298146474371], [0.7150820698300274, -0.4664851601315689, -0.1800904729833417]]	0.8781522842145619	0.2069765887936543	[[0.3431307583895512, 0.6472145133266635, -0.44087791758336964], [0.404152759860356, 0.3019509105332117, 0.7209194024534052], [0.6956226243537031, -0.4528512296725176, -0.08876179451142736]]	[[0.009193184256979183, -0.034887966247379776, 1.4805999552543421e-18], [0.027676262359104104, 0.009568534649765712, -0.016596310852551643], [-0.024031860578403973, 0.01661675422302648, 0.09248022237596638]]	0.36883456802683334	[[0.4845815727467526, 0.48458157274675273, -0.6853018322545423], [0.5, 0.5000000000000001, 0.7071067811865475], [0.6853018322545423, -0.6853018322545422, 0.0]]
7	[[-0.3195682178843842, -0.5708200961323295, -0.7563336379995778], [0.910087742671785, 0.03735879733279218, -0.41272826520656647], [0.2638493031197415, -0.8202248094963509, 0.507557688474819]]	0.8823445050377354	0.11765549496226436	[[-0.28196926103498826, -0.5036599751874729, -0.6673468294641274], [0.8030109188486464, 0.03296332954140759, -0.36416851687877116], [0.23280598276573972, -0.7237208535547288, 0.4478407374154113]]	0.883996827038353	0.10930182539326302	[[-0.292904637310941, -0.4941958071118627, -0.6833147469955413], [0.8232821649922613, 0.036245050206298986, -0.3758442168946727], [0.23019370550605786, -0.7428425811425263, 0.4382720394718166]]	[[-0.010407346678844319, 0.01040734667884432, -0.014718210821540229], [0.018767488143906337, 0.0032199919021417933, -0.010993740023024067], [-0.0030482412680742105, -0.017766452089614432, -0.010407346678844319]]	0.24608823200577412	[[-0.4733305798139818, -0.4733305798139819, -0.669390525458854], [0.8535533905932738, -0.14644660940672602, -0.5], [0.13863531708455507, -0.8080258425434088, 0.4733305798139818]]
7	[[0.08740825448676931, -0.06334395238859675, -0.994156597696443], [0.7119981850616444, -0.6940087028176986, 0.10681996481098455], [-0.6967197295301035, -0.717174639895393, -0.015561310176609944]]	0.934248739920088	0.06575126007991196	[[0.08166105161287858, -0.05917900770060456, -0.9287895486811439], [0.6651834072192311, -0.6483767561010099, 0.09979641752297046], [-0.6509095293909638, -0.6700195036249137, -0.014538134424003474]]	0.961235428968959	0.06144365945403181	[[0.06462636415324645, -0.06392914536860786, -0.9378217160394514], [0.682829884570115, -0.668564523905803, 0.09430350410801504], [-0.6790195748579995, -0.6931500545061727, 0.0]]	[[-0.019393546843771193, -0.0030406941217657616, 0.01779682760960958], [-0.0015679962727350389, -0.0014587707446416672, -0.00837563058952081], [-0.009307886771993257, -0.0037763818806659582, 0.014958082662932685]]	0.1203468258436173	[[0.0, 0.0, -0.976782045448], [0.7071067811865475, -0.7071067811865476, 0.0], [-0.6906892080775473, -0.6906892080775472, 0.0]]
7	[[0.22433838825039393, -0.7661379269479729, -0.6022499185961573], [-0.9416906372873723, -0.011392912655017143, -0.3362869982418849], [0.2507808429735371, 0.642575192824231, -0.724020780340167]]	0.8888095357544993	0.11119046424550066	[[0.1993940987127453, -0.6809506951745423, -0.5352854705556357], [-0.836983618151748, -0.010126129407797401, -0.29889509078764387], [0.22289640461943147, 0.5711269588214627, -0.6435165736507541]]	0.8971785206019444	0.09927062429482741	[[0.18703334882494077, -0.7171748497860008, -0.5305673829055189], [-0.8698289136167859, -0.006482705174209732, -0.32703844353793354], [0.24567631887570432, 0.5583320481107797, -0.6727673276049]]	[[-0.014238234459772356, -0.02981235790977802, 0.009758308093223107], [-0.024964300790598838, 0.003738771346965751, -0.025328971957610462], [0.020681133181397825, -0.018172612762773165, -0.023191435014243558]]	0.30273787630616456	[[0.13972517343736654, -0.8143779908722121, -0.47705158215478916], [-0.8535533905932738, 0.14644660940672602, -0.5], [0.47705158215478916, 0.47705158215478927, -0.6746528174348458]]
