7	[[-0.3195682178843842, -0.5708200961323295, -0.7563336379995778], [0.910087742671785, 0.03735879733279218, -0.41272826520656647], [0.2638493031197415, -0.8202248094963509, 0.507557688474819]]	0.9279052570628705	0.07209474293712964	[[-0.2965290293651329, -0.5296669680383216, -0.7018059587932941], [0.8444752008136301, 0.034665424442644234, -0.3829727270236116], [0.244827155437183, -0.7610909127050556, 0.47096544739846324]]	0.9279052570628706	0.07209474293712961	[[-0.296529029365133, -0.5296669680383217, -0.7018059587932943], [0.8444752008136301, 0.03466542444264425, -0.3829727270236118], [0.24482715543718298, -0.7610909127050554, 0.47096544739846324]]	[[0.0, 0.0, 0.0], [0.0, 0.0, 0.0], [0.0, 0.0, 0.0]]	0.22418264962507847	[[-0.49860167888044793, -0.49860167888044804, -0.7051292564947245], [0.8535533905932738, -0.14644660940672602, -0.5], [0.14603705063308597, -0.8511663071278102, 0.49860167888044793]]
7	[[0.04673222253661188, -0.9725397674033924, -0.22799671093185395], [-0.8377629715199755, -0.16246744520517667, 0.5213036857710898], [-0.5440306084466285, 0.16664552219444034, -0.8223502702654952]]	0.922383784391039	0.07761621560896133	[[0.04310504427632417, -0.8970549111283216, -0.21030046905803318], [-0.772738980093277, -0.14985733694869452, 0.4808420664985348], [-0.5018050114435608, 0.1537111274135288, -0.7585225543824811]]	0.9223837843910391	0.07761621560896108	[[0.04310504427632417, -0.8970549111283219, -0.21030046905803323], [-0.7727389800932771, -0.14985733694869455, 0.48084206649853467], [-0.5018050114435608, 0.1537111274135288, -0.7585225543824812]]	[[0.0, 0.0, 0.0], [0.0, 0.0, 0.0], [0.0, 0.0, 0.0]]	0.31737215215567804	[[1.9919472440686658e-16, -0.9976023987203843, 0.0], [-0.7071067811865476, -1.3401577416544657e-16, 0.7071067811865475], [-0.7054114210631496, -1.1075611524806564e-16, -0.7054114210631497]]
7	[[0.8592155572171323, 0.2624339665249735, -0.4391776855101157], [-0.4266000482917053, 0.8413623931712975, -0.33184593135155627], [0.2824199444684594, 0.4724804086637203, 0.8348660002631537]]	0.9026556229773942	0.09734437702260607	[[0.7755757540716994, 0.23688749554402858, -0.3964262073119036], [-0.3850729323529356, 0.7594604951577888, -0.2995425958966525], [0.25492795091541826, 0.42648709762696424, 0.7535964895701821]]	0.9026556229773942	0.09734437702260586	[[0.7755757540716994, 0.2368874955440286, -0.39642620731190353], [-0.3850729323529357, 0.7594604951577887, -0.2995425958966527], [0.25492795091541826, 0.42648709762696424, 0.7535964895701823]]	[[0.0, 0.0, 0.0], [0.0, 0.0, 0.0], [0.0, 0.0, 0.0]]	0.4140136941521287	[[0.8518476489513476, -0.14615395040878076, -0.499000799680064], [-0.14644660940672619, 0.8535533905932737, -0.5], [0.499000799680064, 0.4990007996800641, 0.7056936985425667]]
7	[[0.08740825448676931, -0.06334395238859675, -0.994156597696443], [0.7119981850616444, -0.6940087028176986, 0.10681996481098455], [-0.6967197295301035, -0.717174639895393, -0.015561310176609944]]	0.9453439248497475	0.054656075150252684	[[0.08263086236078807, -0.059881820566531595, -0.9398198999816268], [0.6730831587520715, -0.6560769110015653, 0.10098160478672803], [-0.6586397636342426, -0.6779766888814148, -0.01471079003816076]]	0.9721676677755527	0.046216015784862265	[[0.07053717545703794, -0.056696959047227456, -0.9516900166084239], [0.6789311537945701, -0.6711541676850015, 0.09011221236148828], [-0.6840206392714523, -0.711358211420094, -0.009786510876466342]]	[[-0.014438303451696563, 0.004883983414080303, 0.014796884377805518], [-0.013250461237235061, 0.0035386543492171335, -0.013734703700673182], [-0.006692244720957676, -0.014144214365218375, 0.005341691745460523]]	0.10951395093384754	[[0.0, 0.0, -0.9988004799360002], [0.7071067811865475, -0.7071067811865476, 0.0], [-0.706258592415124, -0.7062585924151239, 0.0]]
7	[[0.22433838825039393, -0.7661379269479729, -0.6022499185961573], [-0.9416906372873723, -0.011392912655017143, -0.3362869982418849], [0.2507808429735371, 0.642575192824231, -0.724020780340167]]	0.9374853478243604	0.06251465217563952	[[0.21031395193927688, -0.7182430809262549, -0.5646004744123113], [-0.882821174640296, -0.010680688683121276, -0.3152641335156035], [0.2351033658027327, 0.6024048281481297, -0.6787588730892664]]	0.9374853478243604	0.06251465217563973	[[0.2103139519392769, -0.7182430809262549, -0.5646004744123112], [-0.8828211746402957, -0.010680688683121269, -0.31526413351560356], [0.23510336580273272, 0.6024048281481297, -0.6787588730892664]]	[[0.0, 0.0, 0.0], [0.0, 0.0, 0.0], [0.0, 0.0, 0.0]]	0.2890604073388684	[[0.14609548882861742, -0.8515069098917669, -0.498801199360192], [-0.8535533905932738, 0.14644660940672602, -0.5], [0.498801199360192, 0.4988011993601921, -0.7054114210631497]]
7	[[0.034229894132735264, 0.2773841392786001, 0.9601491309293217], [-0.1827544195208179, -0.9427759796974285, 0.2788803941677556], [0.9825625356654255, -0.18501754344446375, 0.018422055382213542]]	0.8997042773689371	0.10029572263106273	[[0.030796782165107797, 0.2495636965832575, 0.8638502800091785], [-0.16442493295095706, -0.8482195815344669, 0.2509098835070649], [0.8840157161206523, -0.1664610752252772, 0.016574402025304972]]	0.937002377387609	0.12229310078487812	[[0.011922385782859845, 0.25158390721072055, 0.8917704377380667], [-0.16344946965690516, -0.826231203579934, 0.25606551537766775], [0.9283327777104472, -0.16758557177837263, -0.0016113723611847666]]	[[-0.020151106397239275, -0.008325690742943464, -0.007891580589354566], [0.007791855912193719, 0.05715213074048894, -0.005246076964312761], [0.007669345859946038, 0.005776306287505165, -0.018872882050685054]]	0.3385628267272138	[[0.0, 0.0, 0.9996], [0.0, -1.0, 0.0], [0.9996, 0.0, 0.0]]
7	[[0.8489524140446696, -0.5135124485683378, 0.12483895166604869], [0.522794976890395, 0.7815435453534784, -0.34040431673891397], [0.0772347773085365, 0.35425224329800037, 0.9319550081910795]]	0.8901054696902126	0.10989453030978749	[[0.7556571872478706, -0.45708023922469143, 0.11111983370834203], [0.4653426684567089, 0.6956561845202118, -0.3029957442354668], [0.06874709773263385, 0.31532185940957813, 0.8295382502960666]]	0.9250099957693357	0.13125985544219498	[[0.7808099347444191, -0.4937320992900158, 0.06862082227888265], [0.5093238607436337, 0.6682362182661854, -0.2916247606223288], [0.026834621880089, 0.3064723914842687, 0.8646882670778001]]	[[-0.0044795341794081935, -0.018727951412316514, -0.046856455873577334], [0.025733281382019444, -0.05469937331478732, 0.02325263496419765], [-0.04460831915132593, -0.021214474590092406, 0.002620568893758297]]	0.4271229681415785	[[0.706823938474073, -0.7068239384740729, 0.0], [0.7071067811865475, 0.7071067811865476, 0.0], [0.0, 0.0, 0.9996]]
7	[[-0.5446221603179724, 0.8109226453022452, -0.2139887049042392], [-0.8354447797583356, -0.5021691245819775, 0.22328947644507607], [0.07361197229480154, 0.30038414347728, 0.9509735242804028]]	0.8904010694956636	0.10959893050433649	[[-0.4849321540181614, 0.7220463906553717, -0.19053577170672653], [-0.7438809254013913, -0.4471319255954939, 0.1988171886338225], [0.06554417885897645, 0.26746236261170897, 0.846747843081331]]	0.8904010694956637	0.10959893050433644	[[-0.4849321540181614, 0.7220463906553718, -0.1905357717067266], [-0.7438809254013913, -0.447131925595494, 0.1988171886338225], [0.06554417885897645, 0.267462362611709, 0.846747843081331]]	[[0.0, 0.0, 0.0], [0.0, 0.0, 0.0], [0.0, 0.0, 0.0]]	0.38056736199094127	[[-0.7065412088986834, 0.7065412088986833, 0.0], [-0.7071067811865475, -0.7071067811865476, 0.0], [0.0, 0.0, 0.9992001600000001]]
7	[[-0.8305561570912853, 0.32773595720904825, 0.4502950280316503], [-0.5100865793185324, -0.772219296347621, -0.37879947194723407], [0.22358030216652452, -0.5443036842615101, 0.808545204538665]]	0.8960664365094556	0.10393356349054449	[[-0.7442334960057757, 0.2936731912923274, 0.4034942611462463], [-0.4570714634412552, -0.6919597930820518, -0.33942949297942143], [0.20034280463606494, -0.4877322627351793, 0.7245102201877706]]	0.8960664365094557	0.10393356349054446	[[-0.7442334960057755, 0.2936731912923273, 0.4034942611462464], [-0.45707146344125515, -0.691959793082052, -0.33942949297942154], [0.2003428046360649, -0.4877322627351793, 0.7245102201877704]]	[[0.0, 0.0, 0.0], [0.0, 0.0, 0.0], [0.0, 0.0, 0.0]]	0.3625762039973468	[[-0.7056936985425667, 0.4990007996800641, 0.499000799680064], [-0.7071067811865475, -0.5000000000000001, -0.5], [0.0, -0.7056936985425666, 0.7056936985425667]]
7	[[0.5319609947059123, -0.8460851799387872, 0.03402011756955908], [-0.703274286200726, -0.4190807785627857, 0.5742617690636116], [-0.47161719485230363, -0.3294103357928521, -0.8179645788128509]]	0.9022255734757486	0.09777442652425161	[[0.47994881351527136, -0.763359686679604, 0.030693820083907825], [-0.6345120461781976, -0.3781053957714725, 0.5181136539186149], [-0.42550509408664355, -0.2972024291195448, -0.7379885612022735]]	0.9060287446110407	0.1379846236610922	[[0.5428172730663513, -0.7550512178386797, -0.007177572964543926], [-0.5877784377269508, -0.3932777681476767, 0.5829693240691715], [-0.4135020710122937, -0.3802409882481349, -0.7499759073229896]]	[[0.06084532085091314, 0.011526275575266039, -0.03800077737761155], [0.04940828091671881, -0.013578536455818347, 0.0626716543663521], [0.013796663976719518, -0.0817857552478357, -0.008876486844883427]]	0.28249591804895063	[[0.7056936985425667, -0.7056936985425666, 0.0], [-0.5, -0.5000000000000001, 0.7071067811865475], [-0.499000799680064, -0.4990007996800641, -0.7056936985425667]]
7	[[-0.30792515101507295, 0.09349718223056193, 0.9468053539599837], [0.3027085282091916, -0.9338174967034747, 0.1906631317268273], [0.9019698710720718, 0.34531602882779927, 0.2592434992682147]]	0.9067229458160744	0.09327705418392554	[[-0.27920280001924647, 0.08477604049759745, 0.8584901396570274], [0.27447276842148655, -0.8467137514655672, 0.1728786364578671], [0.8178367785358139, 0.31310596689625064, 0.23506202934014303]]	0.9067229458160744	0.09327705418392579	[[-0.2792028000192465, 0.08477604049759743, 0.8584901396570273], [0.27447276842148655, -0.846713751465567, 0.17287863645786708], [0.8178367785358137, 0.3131059668962507, 0.23506202934014292]]	[[0.0, 0.0, 0.0], [0.0, 0.0, 0.0], [0.0, 0.0, 0.0]]	0.3677217821460522	[[-0.498801199360192, -0.14609548882861725, 0.851506909891767], [0.5, -0.8535533905932737, 0.14644660940672619], [0.7054114210631497, 0.4988011993601921, 0.498801199360192]]
7	[[0.8787972042104137, -0.3840163418041313, 0.28327887866788265], [-0.395223040501579, -0.9183905790867732, -0.018907472103605397], [0.2674214316928388, -0.09534250611366366, -0.9588511794847616]]	0.8779590266034613	0.12204097339653885	[[0.7715479379904179, -0.33715061365017723, 0.24870724857257426], [-0.3469896359300267, -0.8063092988568125, -0.016599985803613507], [0.23478505986194873, -0.0837068138614867, -0.841832048198022]]	0.877959026603461	0.12204097339653917	[[0.7715479379904179, -0.337150613650177, 0.24870724857257415], [-0.3469896359300265, -0.8063092988568124, -0.016599985803613493], [0.2347850598619487, -0.08370681386148668, -0.8418320481980216]]	[[0.0, 0.0, 0.0], [0.0, 0.0, 0.0], [0.0, 0.0, 0.0]]	0.4684704967943356	[[0.7065412088986834, -0.7065412088986833, 0.0], [-0.7071067811865475, -0.7071067811865476, 0.0], [0.0, 0.0, -0.9992001600000001]]
7	[[-0.42203838922340475, -0.825029846081567, 0.3757783270710803], [0.2588054115689476, 0.28760896992378115, 0.9221175843470338], [-0.8688517462515349, 0.4864224845687207, 0.09214016247897017]]	0.8790662069103365	0.12093379308966357	[[-0.3709996859851667, -0.7252558573827419, 0.33033402861748634], [0.22750709147578332, 0.25282732626428744, 0.8106024071972693], [-0.7637782089447589, 0.427597568465727, 0.08099730313449043]]	0.8859053553848789	0.18683809518533673	[[-0.30557699595124727, -0.6928239637927784, 0.3576987431876073], [0.25333630187485995, 0.23311617128709114, 0.8342125173648747], [-0.8003338249051035, 0.3996063789610151, 0.020187797784978017]]	[[0.0683090732397749, 0.03807439520324413, 0.024794710797766545], [0.024059201763341587, -0.0216781554251152, 0.01730361109726964], [-0.030613409865364847, -0.031317905098033144, -0.06143966560117453]]	0.4769107051581872	[[-0.49920047987201277, -0.4992004798720129, 0.7059760889781579], [0.5, 0.5000000000000001, 0.7071067811865475], [-0.7059760889781579, 0.7059760889781578, 0.0]]
7	[[0.3802729664721569, 0.7767473726770865, -0.5020517802076895], [0.4287143634067757, 0.332951791095048, 0.839849450446521], [0.8195098935212374, -0.5346088512602871, -0.20639019011321075]]	0.8921079124986926	0.10789208750130781	[[0.33924452229916124, 0.6929424771777993, -0.4478843656073342], [0.38245947579702455, 0.29702892731650404, 0.7492363400510197], [0.7310912603812565, -0.4769287863011388, -0.18412232166210468]]	0.8921079124986926	0.10789208750130752	[[0.3392445222991613, 0.6929424771777996, -0.4478843656073343], [0.38245947579702455, 0.29702892731650404, 0.74923634005102], [0.731091260381257, -0.4769287863011388, -0.18412232166210474]]	[[0.0, 0.0, 0.0], [0.0, 0.0, 0.0], [0.0, 0.0, 0.0]]	0.36651283349145924	[[0.49920047987201277, 0.4992004798720129, -0.7059760889781579], [0.5, 0.5000000000000001, 0.7071067811865475], [0.7059760889781579, -0.7059760889781578, 0.0]]
