7	[[-0.5446221603179724, 0.8109226453022452, -0.2139887049042392], [-0.8354447797583356, -0.5021691245819775, 0.22328947644507607], [0.07361197229480154, 0.30038414347728, 0.9509735242804028]]	0.8702672919999749	0.1297327080000252	[[-0.4739668526230981, 0.7057194545486409, -0.186227370735594], [-0.7270602660958024, -0.4370213641759555, 0.1943215279979485], [0.06406209178777413, 0.2614144951037044, 0.8276011537391785]]	0.8711492461761112	0.13275633062046155	[[-0.47475384994892234, 0.7061279856250731, -0.17214814321414248], [-0.737725793959187, -0.4480154683190358, 0.19451845908418658], [0.0742159824410433, 0.2515904518865991, 0.828873559372014]]	[[-0.0003066655371156449, -0.00030666553711564484, 0.014267955753387844], [-0.009928703850945634, -0.010551213986528528, 0.0], [0.01008896826689016, -0.01008896826689016, 0.00043369056170137473]]	0.3842972022889695	[[-0.6966803219923243, 0.6966803219923242, 0.0], [-0.7071067811865475, -0.7071067811865476, 0.0], [0.0, 0.0, 0.9852547599999999]]
7	[[0.034229894132735264, 0.2773841392786001, 0.9601491309293217], [-0.1827544195208179, -0.9427759796974285, 0.2788803941677556], [0.9825625356654255, -0.18501754344446375, 0.018422055382213542]]	0.8917887368523313	0.10821126314766875	[[0.03052583405122101, 0.2473680511901339, 0.8562501806613234], [-0.1629783329386512, -0.8407570000690892, 0.248702394447743], [0.8762382025594935, -0.1649965613638596, 0.016428581499527906]]	0.9324648990704802	0.12271197798311288	[[0.011654863433871345, 0.24327836295686678, 0.8854668494675345], [-0.16338360373380648, -0.8279657494798792, 0.2519438170645596], [0.9195942273946822, -0.16571518681883018, 0.0]]	[[-0.02026331134380286, -0.015372610479305139, -0.009838512997084948], [0.0070284776193571714, 0.05113975927475657, -0.008102361535812463], [0.0033891517449861704, 0.006807178155379904, -0.017177920012646543]]	0.34148803418475465	[[0.0, 0.0, 0.9925999999999999], [0.0, -1.0, 0.0], [0.9925999999999999, 0.0, 0.0]]
7	[[0.3802729664721569, 0.7767473726770865, -0.5020517802076895], [0.4287143634067757, 0.332951791095048, 0.839849450446521], [0.8195098935212374, -0.5346088512602871, -0.20639019011321075]]	0.8746248535884562	0.12537514641154407	[[0.3325961876243581, 0.6793625571029146, -0.4391069647579742], [0.3749642373259194, 0.29120791153852066, 0.7345532026331337], [0.7167637206353034, -0.46758218826062137, -0.18051398980986058]]	0.8788000586990657	0.20622744882294125	[[0.3431328333746674, 0.6485029030213968, -0.44120313391648786], [0.4040808170084531, 0.3019741808525823, 0.7210009841871923], [0.6967139149302571, -0.4532329781504742, -0.0889363367354815]]	[[0.008948928117268051, -0.03410273368157202, 1.3757732901598662e-18], [0.027326609281446, 0.009376127294295118, -0.01705876216358847], [-0.02347142760067129, 0.016581311718106253, 0.09243937445091942]]	0.36865855697657196	[[0.48536347105132854, 0.48536347105132865, -0.6864076034412702], [0.5, 0.5000000000000001, 0.7071067811865475], [0.6864076034412702, -0.68640760344127, 0.0]]
7	[[-0.30792515101507295, 0.09349718223056193, 0.9468053539599837], [0.3027085282091916, -0.9338174967034747, 0.1906631317268273], [0.9019698710720718, 0.34531602882779927, 0.2592434992682147]]	0.8873934809921465	0.11260651900785353	[[-0.27325077164429795, 0.08296879000253542, 0.8401888988725513], [0.26862157457356395, -0.8286635590110687, 0.1691932201599335], [0.8004021836406837, 0.30643119286388526, 0.23005099124020603]]	0.8874491132492665	0.11050839681041764	[[-0.28254838957024925, 0.08297399146181728, 0.8402415717914452], [0.2686384149322376, -0.8356280212464242, 0.17611633904057675], [0.8004523622604653, 0.313012699115267, 0.23662770908249234]]	[[-0.009280487354776365, 0.0, 0.0], [0.0, -0.006912511860275797, 0.0069125118602757964], [0.0, 0.006562295541278372, 0.006562295541278373]]	0.3710125039445478	[[-0.4782066701834436, -0.14006349088809186, 0.8163498494787956], [0.5, -0.8535533905932737, 0.14644660940672619], [0.6762863585907037, 0.4782066701834437, 0.4782066701834436]]
7	[[-0.8305561570912853, 0.32773595720904825, 0.4502950280316503], [-0.5100865793185324, -0.772219296347621, -0.37879947194723407], [0.22358030216652452, -0.5443036842615101, 0.808545204538665]]	0.8779664844948849	0.12203351550511528	[[-0.7292004694170169, 0.28774118619339406, 0.3953439427464736], [-0.44783892083231314, -0.6779826608734343, -0.3325732407140319], [0.19629601189544757, -0.477880392168692, 0.7098755907840093]]	0.8779664844948848	0.12203351550511529	[[-0.7292004694170171, 0.287741186193394, 0.39534394274647366], [-0.4478389208323131, -0.6779826608734343, -0.3325732407140318], [0.1962960118954476, -0.47788039216869177, 0.7098755907840092]]	[[0.0, 0.0, 0.0], [0.0, 0.0, 0.0], [0.0, 0.0, 0.0]]	0.3766926628850782	[[-0.6813281871758047, 0.48177178136554877, 0.48177178136554866], [-0.7071067811865475, -0.5000000000000001, -0.5], [0.0, -0.6813281871758046, 0.6813281871758047]]
7	[[0.08740825448676931, -0.06334395238859675, -0.994156597696443], [0.7119981850616444, -0.6940087028176986, 0.10681996481098455], [-0.6967197295301035, -0.717174639895393, -0.015561310176609944]]	0.934838609144723	0.06516139085527718	[[0.0817126110521794, -0.05921637234868534, -0.9293759710625931], [0.6656033930365945, -0.6487861304764307, 0.09985942733278903], [-0.6513205029176095, -0.6704425428736769, -0.014547313561971663]]	0.961929104711375	0.06039287512080569	[[0.06459389350023784, -0.06280723268224082, -0.9390788957454012], [0.6829291756385786, -0.6692100898647896, 0.09410428027953013], [-0.6800106616288217, -0.6940705356183675, 0.0]]	[[-0.01948665048260419, -0.0018748412721979915, 0.017229270219644995], [-0.001962601073892906, -0.0016229197014581758, -0.008648952836400815], [-0.009815675967177926, -0.004199376342089303, 0.014968877166322413]]	0.11973470224241094	[[0.0, 0.0, -0.9779638747759998], [0.7071067811865475, -0.7071067811865476, 0.0], [-0.6915248876095811, -0.691524887609581, 0.0]]
7	[[0.8592155572171323, 0.2624339665249735, -0.4391776855101157], [-0.4266000482917053, 0.8413623931712975, -0.33184593135155627], [0.2824199444684594, 0.4724804086637203, 0.8348660002631537]]	0.8925583424633218	0.10744165753667831	[[0.7669000135684229, 0.2342376261676052, -0.39199170702578695], [-0.38076543199801755, 0.750965023059947, -0.29619185444034235], [0.25207627751335154, 0.4217163304032831, 0.7451666133738636]]	0.8925583424633218	0.10744165753667827	[[0.7669000135684231, 0.23423762616760524, -0.39199170702578695], [-0.38076543199801743, 0.7509650230599471, -0.29619185444034246], [0.2520762775133516, 0.42171633040328305, 0.7451666133738636]]	[[0.0, 0.0, 0.0], [0.0, 0.0, 0.0], [0.0, 0.0, 0.0]]	0.4210120659116638	[[0.8224358749534512, -0.14110768777764643, -0.48177178136554866], [-0.14644660940672619, 0.8535533905932737, -0.5], [0.48177178136554866, 0.48177178136554877, 0.6813281871758047]]
7	[[0.5319609947059123, -0.8460851799387872, 0.03402011756955908], [-0.703274286200726, -0.4190807785627857, 0.5742617690636116], [-0.47161719485230363, -0.3294103357928521, -0.8179645788128509]]	0.8856271562964836	0.11437284370351651	[[0.4711191030020458, -0.7493160118937868, 0.03012913998000064], [-0.6228388061843881, -0.3711493181770762, 0.5085818175055943], [-0.41767699513757034, -0.29173473894289337, -0.7244116438852761]]	0.8884469592784222	0.1564270869114274	[[0.5367588775704131, -0.7343372486249637, 0.0], [-0.5893504451167129, -0.39390626108935084, 0.5807461698984192], [-0.3956787351461818, -0.37954584219211884, -0.734337248624964]]	[[0.06413974936922029, 0.017364556782188328, -0.03022507000896919], [0.03547145599702496, -0.021575217683210003, 0.07054504734400613], [0.023328127563766583, -0.08688223100207541, -0.007619105781231207]]	0.2949704385719342	[[0.6813281871758047, -0.6813281871758046, 0.0], [-0.5, -0.5000000000000001, 0.7071067811865475], [-0.48177178136554866, -0.48177178136554877, -0.6813281871758047]]
7	[[0.8489524140446696, -0.5135124485683378, 0.12483895166604869], [0.522794976890395, 0.7815435453534784, -0.34040431673891397], [0.0772347773085365, 0.35425224329800037, 0.9319550081910795]]	0.8784919263373047	0.12150807366269546	[[0.7457978415828067, -0.4511165401409851, 0.10967001113103676], [0.45927116632790976, 0.686579694674064, -0.29904244394550245], [0.067850128298009, 0.31120773562417187, 0.8187149504054798]]	0.9187181998874905	0.13794804302304342	[[0.7742083368738061, -0.48355125024135, 0.06011608673363224], [0.5045631740149922, 0.6710636636368051, -0.2895593903903513], [0.02435247842501731, 0.2972874664123704, 0.8574973874216598]]	[[-0.005739696747452341, -0.011778017872829184, -0.05457573021684145], [0.024261913936026284, -0.04695461548402984, 0.023176250717954854], [-0.04660451715259254, -0.028170516856473773, 0.0012933599202197986]]	0.4292777282573873	[[0.7018741910057671, -0.701874191005767, 0.0], [0.7071067811865475, 0.7071067811865476, 0.0], [0.0, 0.0, 0.9925999999999999]]
7	[[-0.3195682178843842, -0.5708200961323295, -0.7563336379995778], [0.910087742671785, 0.03735879733279218, -0.41272826520656647], [0.2638493031197415, -0.8202248094963509, 0.507557688474819]]	0.8859729592380121	0.11402704076198796	[[-0.28312879967744564, -0.5057311697628865, -0.6700911514297373], [0.8063131305411638, 0.03309888422650705, -0.36566608248623267], [0.2337633478778846, -0.726697001709917, 0.44968238724204046]]	0.887194553021801	0.1068137943866738	[[-0.2925717388083138, -0.49737592346157955, -0.6838173321933736], [0.8237033001978187, 0.03593745547438102, -0.37570594181979655], [0.2314342321105215, -0.7431526639674038, 0.44124985997679156]]	[[-0.00905255658240396, 0.009052556582403962, -0.012802248292985518], [0.016278412127504433, 0.0027929339732824195, -0.009535673050393427], [-0.0026514324359112056, -0.01545368072889672, -0.00905255658240396]]	0.24482898752994642	[[-0.4746679408240861, -0.4746679408240862, -0.6712818395371325], [0.8535533905932738, -0.14644660940672602, -0.5], [0.13902702105552012, -0.8103088605926524, 0.4746679408240861]]
7	[[0.22433838825039393, -0.7661379269479729, -0.6022499185961573], [-0.9416906372873723, -0.011392912655017143, -0.3362869982418849], [0.2507808429735371, 0.642575192824231, -0.724020780340167]]	0.8921688747248336	0.10783112527516636	[[0.20014772740293688, -0.6835244121691899, -0.5373086321770563], [-0.8401470762075864, -0.010164402063265009, -0.30002479280605454], [0.2237388624782458, 0.5732855867080872, -0.6459488048734828]]	0.9000827985148295	0.09647932861494662	[[0.18846487376157947, -0.716685020035462, -0.5337826379606685], [-0.869554998940591, -0.006467424637591765, -0.32630169450374175], [0.24491522459581397, 0.5618836096587323, -0.6722907348987617]]	[[-0.013458250549141518, -0.027097450699780527, 0.008292154174689073], [-0.021955454795759596, 0.003787140068171128, -0.02361555202203437], [0.019191701638284698, -0.016487268154708, -0.020612084747293386]]	0.3019205783604253	[[0.140063490888092, -0.8163498494787955, -0.4782066701834436], [-0.8535533905932738, 0.14644660940672602, -0.5], [0.4782066701834436, 0.4782066701834437, -0.6762863585907037]]
7	[[-0.42203838922340475, -0.825029846081567, 0.3757783270710803], [0.2588054115689476, 0.28760896992378115, 0.9221175843470338], [-0.8688517462515349, 0.4864224845687207, 0.09214016247897017]]	0.8564558123962199	0.14354418760378013	[[-0.3614572315047233, -0.7066016070769168, 0.3218375323925544], [0.22165539901782105, 0.2463243739885119, 0.7897529648267788], [-0.7441331281877326, 0.4165993641890915, 0.0789139777102461]]	0.875759726611635	0.2028030183610203	[[-0.2959935593654268, -0.6751322362768198, 0.34925905806263585], [0.2550781516278796, 0.23185330542008895, 0.829902545172785], [-0.784359347538724, 0.3964188758270489, 0.02217923020262359]]	[[0.07361066500047699, 0.04739567617401252, 0.020167533080289006], [0.02842679514664645, -0.02002304745141563, 0.02234910160124537], [-0.023453979775438102, -0.02957034627660621, -0.05851341329991096]]	0.4822060324483552	[[-0.48536347105132854, -0.48536347105132865, 0.6864076034412702], [0.5, 0.5000000000000001, 0.7071067811865475], [-0.6864076034412702, 0.68640760344127, 0.0]]
7	[[0.8787972042104137, -0.3840163418041313, 0.28327887866788265], [-0.395223040501579, -0.9183905790867732, -0.018907472103605397], [0.2674214316928388, -0.09534250611366366, -0.9588511794847616]]	0.8611804003580666	0.13881959964193338	[[0.7568029281554739, -0.33070734697892196, 0.24395421814419135], [-0.3403583362498822, -0.790899966583024, -0.016282744395941857], [0.23029809560956627, -0.0821070975861063, -0.8257438426324915]]	0.8611804003580665	0.13881959964193347	[[0.7568029281554737, -0.3307073469789219, 0.24395421814419138], [-0.34035833624988215, -0.7908999665830241, -0.016282744395941864], [0.23029809560956627, -0.08210709758610628, -0.8257438426324912]]	[[0.0, 0.0, 0.0], [0.0, 0.0, 0.0], [0.0, 0.0, 0.0]]	0.4709494427426325	[[0.6966803219923243, -0.6966803219923242, 0.0], [-0.7071067811865475, -0.7071067811865476, 0.0], [0.0, 0.0, -0.9852547599999999]]
7	[[0.04673222253661188, -0.9725397674033924, -0.22799671093185395], [-0.8377629715199755, -0.16246744520517667, 0.5213036857710898], [-0.5440306084466285, 0.16664552219444034, -0.8223502702654952]]	0.8763313467807269	0.12366865321927319	[[0.04095291151356582, -0.8522670841664297, -0.19980066475248767], [-0.7341579531151238, -0.14237531506467646, 0.4568347610335358], [-0.4767510757899723, 0.1460366948996314, -0.7206513198672561]]	0.8797140551600204	0.11596124090942884	[[0.04851820700764391, -0.8629641166001419, -0.1900965286199703], [-0.7503115989959301, -0.14521020080903313, 0.46640070128619177], [-0.48076089544255846, 0.13395550283209084, -0.7308403050305181]]	[[0.00740721401332047, -0.007407214013320472, 0.010475382517037857], [-0.013319738057183908, -0.0022853057560986356, 0.007802521906641273], [-0.0021695227548015465, -0.0126449052718394, -0.00740721401332047]]	0.3309876545317144	[[-1.9097036253902506e-16, -0.9564133403668874, 0.0], [-0.7071067811865476, 1.3401577416544657e-16, 0.7071067811865475], [-0.6762863585907036, 1.0618321115339751e-16, -0.6762863585907037]]
