7	[[0.22433838825039393, -0.7661379269479729, -0.6022499185961573], [-0.9416906372873723, -0.011392912655017143, -0.3362869982418849], [0.2507808429735371, 0.642575192824231, -0.724020780340167]]	0.5751881382711991	0.424811861728801	[[0.12903677988050555, -0.4406734478601604, -0.3464070094513049], [-0.5416492844887428, -0.006553068219525686, -0.19342829244355977], [0.1442461661840307, 0.36960162885982617, -0.4164481647135215]]	0.7248176346208121	0.45549989506918714	[[0.20104094354330157, -0.46875298776083396, -0.34539849587981697], [-0.8132371780323593, 0.04329008973781165, -0.20469416425339068], [0.15818884531782712, 0.34539849587981697, -0.3938380278509262]]	[[0.0384365236170057, 0.0865572922428881, 0.09112286556762636], [-0.1306831977691609, 0.051547873739862596, 0.03905258236602554], [-0.023581532094465375, -0.12035133544905437, 0.1309450015715483]]	0.45198047438077477	[[0.09949125592641646, -0.5798775347165902, -0.33968439532150324], [-0.8535533905932738, 0.14644660940672602, -0.5], [0.33968439532150324, 0.3396843953215033, -0.4803862787901739]]
7	[[0.8787972042104137, -0.3840163418041313, 0.28327887866788265], [-0.395223040501579, -0.9183905790867732, -0.018907472103605397], [0.2674214316928388, -0.09534250611366366, -0.9588511794847616]]	0.6251252712489558	0.3748747287510442	[[0.549358340654859, -0.24005831983433934, 0.17708478586636017], [-0.2470639103973867, -0.5741091598641048, -0.011819538627398374], [0.16717189502476992, -0.059601009995859225, -0.5994021036627929]]	0.8110477752072246	0.2997898654490464	[[0.6392451882106441, -0.2641295113692549, 0.15970524393033086], [-0.32156806804575244, -0.8536013397243524, -0.03186956310496757], [0.15201786657719454, -0.04657530472452468, -0.7370464685073466]]	[[-0.07350132912254091, 0.047326088294202914, -0.07004746037645265], [-0.0010233003363119485, -0.10874270378475007, -0.01653469992054575], [-0.0648736906400131, 0.03075202274164345, 0.04062764736859255]]	0.4984595230064639	[[0.6216131589947793, -0.6216131589947792, 0.0], [-0.7071067811865475, -0.7071067811865476, 0.0], [0.0, 0.0, -0.87909376]]
7	[[0.08740825448676931, -0.06334395238859675, -0.994156597696443], [0.7119981850616444, -0.6940087028176986, 0.10681996481098455], [-0.6967197295301035, -0.717174639895393, -0.015561310176609944]]	0.6932869815388841	0.30671301846111587	[[0.06059900491471492, -0.04391553755023303, -0.6892358267939339], [0.4936190725825514, -0.48114719873819867, 0.0740568909718973], [-0.48302671826451327, -0.4972078413293133, -0.010788453761132228]]	0.8739826797306233	0.20986510433081906	[[0.05041500954010091, -0.050415009540100926, -0.7881099760444324], [0.678607444123528, -0.6653739454651505, 0.09225808948719233], [-0.5660686372616087, -0.5768615680329829, 0.0]]	[[-0.025978290946822004, 0.004946507713213882, 0.08076567128218405], [0.05633336238001174, -0.05882235962016457, -0.0011007096070428223], [0.042852338974306084, 0.04993664557763732, 0.013600315568272979]]	0.22364500186300645	[[0.0, 0.0, -0.824238309376], [0.7071067811865475, -0.7071067811865476, 0.0], [-0.5828244978735051, -0.582824497873505, 0.0]]
7	[[-0.8305561570912853, 0.32773595720904825, 0.4502950280316503], [-0.5100865793185324, -0.772219296347621, -0.37879947194723407], [0.22358030216652452, -0.5443036842615101, 0.808545204538665]]	0.5889886048869346	0.4110113951130653	[[-0.48918811224544984, 0.1930327442078414, 0.2652186403478849], [-0.3004351827243712, -0.45482836602255555, -0.22310857251410893], [0.13168625025326056, -0.3205886676280054, 0.47622391200924946]]	0.7498479236372659	0.39654638818563875	[[-0.5409766821030411, 0.2199360548375731, 0.23352373075540128], [-0.456242664559756, -0.6761119363923676, -0.2575923179769038], [0.13881218508248258, -0.35329543347950915, 0.5278209074675346]]	[[0.08181412775600608, -0.025816072176903567, -0.10412906103831623], [-0.07375530218251888, -0.09706490043347342, 0.02644967953762244], [-0.02883904026327839, 0.054849553992098066, -0.07846503532265194]]	0.49900007477021335	[[-0.5123573792557315, 0.3622913772626955, 0.36229137726269545], [-0.7071067811865475, -0.5000000000000001, -0.5], [0.0, -0.5123573792557314, 0.5123573792557315]]
7	[[-0.5446221603179724, 0.8109226453022452, -0.2139887049042392], [-0.8354447797583356, -0.5021691245819775, 0.22328947644507607], [0.07361197229480154, 0.30038414347728, 0.9509735242804028]]	0.6527633387504775	0.3472366612495225	[[-0.3555093797266575, 0.5293405734158627, -0.13968398146818184], [-0.5453477237767085, -0.32779759437953615, 0.14575518415213395], [0.04805119680716229, 0.19607975640393174, 0.6207606527725842]]	0.7896212777750049	0.3082642574708905	[[-0.46562233628896416, 0.6055821283002969, -0.10164134809196372], [-0.734132680109194, -0.40323133524932786, 0.09884343205672196], [0.07289484050804251, 0.10513328901139873, 0.7270007837148251]]	[[-0.035577090154103264, -0.034739647059949266, 0.06732868650394012], [-0.07444770560595972, -0.006707909437751292, -0.07747068964755088], [0.014769260885083079, -0.13205642218448152, -0.02390814565766619]]	0.4213723294641222	[[-0.6216131589947793, 0.6216131589947792, 0.0], [-0.7071067811865475, -0.7071067811865476, 0.0], [0.0, 0.0, 0.87909376]]
7	[[0.8489524140446696, -0.5135124485683378, 0.12483895166604869], [0.522794976890395, 0.7815435453534784, -0.34040431673891397], [0.0772347773085365, 0.35425224329800037, 0.9319550081910795]]	0.712440940585593	0.28755905941440707	[[0.6048284563743943, -0.3658472918604375, 0.08894038014667911], [0.3724605450692164, 0.5568036185602312, -0.242517971596868], [0.055025217391612556, 0.2523838014197837, 0.6639629026191066]]	0.8621135456932861	0.2310352891220158	[[0.6855950846788662, -0.4298864507004512, 0.054133664623196076], [0.49505866130523796, 0.6661775200483402, -0.3108600972190798], [0.022228808413815557, 0.26374329692132625, 0.7598878401840212]]	[[-0.04629829111805857, 0.012819587092439744, -0.053491686638253946], [0.04435003010761991, -0.007601756950048624, -0.017392924745994284], [-0.04435633930247821, -0.041662360618113486, -0.04356319635420583]]	0.44795602923970196	[[0.662983318040507, -0.6629833180405069, 0.0], [0.7071067811865475, 0.7071067811865476, 0.0], [0.0, 0.0, 0.9376]]
7	[[0.8592155572171323, 0.2624339665249735, -0.4391776855101157], [-0.4266000482917053, 0.8413623931712975, -0.33184593135155627], [0.2824199444684594, 0.4724804086637203, 0.8348660002631537]]	0.6078268623496195	0.3921731376503805	[[0.5222542962252695, 0.15951441444683978, -0.2669439945975816], [-0.25929896883134335, 0.5114026635402767, -0.20170487123690373], [0.17166242871121748, 0.28718628431973514, 0.5074539814223294]]	0.7610398124097758	0.42483935229120834	[[0.4921776111734501, 0.19923054382009633, -0.2914281519956867], [-0.35491567963060955, 0.748890323428066, -0.25131670719247484], [0.2428024737600293, 0.324537629730383, 0.4888993949636162]]	[[-0.1617196353106371, -0.0004921528340228951, 0.04280355139949124], [-0.03025605890468877, 0.10858004556034193, 0.001231258152260847], [0.027869652200973673, -0.03503877184634892, -0.14646686926395408]]	0.5137962793837754	[[0.6184700668905613, -0.10611268763482971, -0.36229137726269545], [-0.14644660940672619, 0.8535533905932737, -0.5], [0.36229137726269545, 0.3622913772626955, 0.5123573792557315]]
7	[[-0.30792515101507295, 0.09349718223056193, 0.9468053539599837], [0.3027085282091916, -0.9338174967034747, 0.1906631317268273], [0.9019698710720718, 0.34531602882779927, 0.2592434992682147]]	0.6488326886935426	0.35116731130645756	[[-0.19979190364947494, 0.060664028131925604, 0.6143182634792974], [0.19640718824843484, -0.6058913171351888, 0.12370847239304848], [0.5852275365682602, 0.22405232743331788, 0.1682056566565182]]	0.8146464087107297	0.2944267452040845	[[-0.21500266937308593, 0.07030008859018504, 0.718655135355009], [0.2511591702768024, -0.8460041692689942, 0.12061965282290314], [0.6582571249214639, 0.2452330346492858, 0.1447025807829009]]	[[0.035847449053052316, -0.005867055138514885, -0.05265644599658287], [0.004558754885073908, -0.08527309918826484, -0.03470338271189748], [-0.07652939131267905, -0.036077428105531585, -0.06648920487755287]]	0.4781220238493394	[[0.0, 0.0, 0.9376], [0.0, -1.0, 0.0], [0.9376, 0.0, 0.0]]
7	[[0.04673222253661188, -0.9725397674033924, -0.22799671093185395], [-0.8377629715199755, -0.16246744520517667, 0.5213036857710898], [-0.5440306084466285, 0.16664552219444034, -0.8223502702654952]]	0.5767566807426643	0.42324331925733566	[[0.026953121553943818, -0.5609188081378235, -0.13149862621730082], [-0.4831853907029723, -0.09370418442527839, 0.30066538346425065], [-0.3137732879500895, 0.09611391824149343, -0.47429601228615986]]	0.7332770004085007	0.4298779306279761	[[-0.011277891282322485, -0.7568901301312527, -0.12257207569414669], [-0.6798378090168326, -0.14718494418337025, 0.27612701297136955], [-0.26116634966836705, 0.022336191645375047, -0.5456556256823327]]	[[-0.04554555524639188, -0.043749086711712355, 0.0446126686009672], [-0.06552549020735254, -0.028051303299285776, -0.10613299003275076], [0.13775878302378838, -0.0998611370008724, 0.05735491378306948]]	0.4352158493705149	[[-0.09949125592641646, -0.5798775347165902, -0.33968439532150324], [-0.8535533905932738, -0.14644660940672602, 0.5], [-0.33968439532150324, 0.3396843953215033, -0.4803862787901739]]
7	[[-0.42203838922340475, -0.825029846081567, 0.3757783270710803], [0.2588054115689476, 0.28760896992378115, 0.9221175843470338], [-0.8688517462515349, 0.4864224845687207, 0.09214016247897017]]	0.6006898905402632	0.3993101094597368	[[-0.253514193826396, -0.49558708793518685, 0.22572624215573042], [0.15546179434657895, 0.17276380066191394, 0.5539067108066718], [-0.5219104603515512, 0.2921890690119077, 0.05534766411385466]]	0.7831115915918091	0.3563309255794265	[[-0.24662537801659387, -0.5261804608543437, 0.2943663246836909], [0.26934116419319726, 0.23895179833789948, 0.8256457748506876], [-0.6145787962711716, 0.3252958750438992, 0.023485079372559305]]	[[0.08387777668099007, 0.11990997502133757, 8.996088534972825e-05], [0.06666764642686547, 0.013721880144806398, 0.10352480573788748], [0.06582907759319064, -0.05562721103275388, -0.04867094991587492]]	0.5470063386270495	[[-0.3864029194354687, -0.3864029194354688, 0.5464562492061984], [0.5, 0.5000000000000001, 0.7071067811865475], [-0.5464562492061984, 0.5464562492061983, 0.0]]
7	[[0.034229894132735264, 0.2773841392786001, 0.9601491309293217], [-0.1827544195208179, -0.9427759796974285, 0.2788803941677556], [0.9825625356654255, -0.18501754344446375, 0.018422055382213542]]	0.8026563790224253	0.19734362097757488	[[0.02747484287890225, 0.22264414883161332, 0.7706698247532578], [-0.1466890006229249, -0.7567251540932574, 0.2238451273630374], [0.788660087040303, -0.14850551147675756, 0.014786580267238102]]	0.8880919053272898	0.1716245072822769	[[0.009162041477086751, 0.2202355766325517, 0.8095144130143529], [-0.1670568851449726, -0.8248371585858975, 0.2558236222207614], [0.8401606958988895, -0.15004394669521492, 0.0]]	[[-0.021237250422405533, -0.026107032126950577, -0.04318625807100995], [-0.004754164505746575, 0.012434557520394032, 0.008152201605893666], [-0.03244513850343138, 0.014268635981353523, -0.01636047826443488]]	0.36571788102767405	[[0.0, 0.0, 0.9376], [0.0, -1.0, 0.0], [0.9376, 0.0, 0.0]]
7	[[0.3802729664721569, 0.7767473726770865, -0.5020517802076895], [0.4287143634067757, 0.332951791095048, 0.839849450446521], [0.8195098935212374, -0.5346088512602871, -0.20639019011321075]]	0.6090121507324171	0.390987849267583	[[0.2315908571766046, 0.4730485880098268, -0.3057556344433237], [0.26109225650823953, 0.20277168638500565, 0.5114785201078743], [0.49909148279986293, -0.3255832863066143, -0.12569413357091894]]	0.7833810993688812	0.3336862019904834	[[0.3413069192999305, 0.48609866768517096, -0.39003853777493214], [0.4047200493542108, 0.3090398140228041, 0.7232884329272936], [0.5582823615577777, -0.4134906131725372, -0.059476093337719624]]	[[0.043408264764706474, -0.12239054305449526, 0.003259337744271576], [0.06887332003338074, 0.0482116738779273, 0.06536624713214724], [-0.08370619977256427, 0.005311856460081189, 0.10220608069211982]]	0.4299365110563348	[[0.3864029194354687, 0.3864029194354688, -0.5464562492061984], [0.5, 0.5000000000000001, 0.7071067811865475], [0.5464562492061984, -0.5464562492061983, 0.0]]
7	[[0.5319609947059123, -0.8460851799387872, 0.03402011756955908], [-0.703274286200726, -0.4190807785627857, 0.5742617690636116], [-0.47161719485230363, -0.3294103357928521, -0.8179645788128509]]	0.6251817660290353	0.3748182339709647	[[0.3325723141288045, -0.5289570270051251, 0.021268757182652358], [-0.4396742602497791, -0.2620016612507054, 0.3590179869461467], [-0.2948464707674228, -0.20594133547919286, -0.5113765399314141]]	0.740806670932967	0.3452896130794991	[[0.41193186002932897, -0.5602260010909955, 0.03374631172441449], [-0.6041569012020997, -0.3755254229147226, 0.5638921703549707], [-0.28227233232049326, -0.3066728291467403, -0.5557107436998374]]	[[0.017851606475052316, 0.0665595443851777, 0.00854398168296127], [-0.0831666184889814, -0.06506758649562938, 0.13847522097088055], [0.06710483175278624, -0.06264345491712676, 0.05024287287159719]]	0.4233054808896985	[[0.5123573792557315, -0.5123573792557314, 0.0], [-0.5, -0.5000000000000001, 0.7071067811865475], [-0.36229137726269545, -0.3622913772626955, -0.5123573792557315]]
7	[[-0.3195682178843842, -0.5708200961323295, -0.7563336379995778], [0.910087742671785, 0.03735879733279218, -0.41272826520656647], [0.2638493031197415, -0.8202248094963509, 0.507557688474819]]	0.5917298600228189	0.4082701399771809	[[-0.18909805683646838, -0.33777129558259544, -0.44754519774403956], [0.5385260925796588, 0.022106315916353987, -0.24422363859814256], [0.15612751120216292, -0.48535151171051916, 0.30033703995471017]]	0.7126825957433921	0.4615877348251881	[[-0.24163520837873512, -0.3940687928293173, -0.4171191117210065], [0.7876206127633893, 0.016289527506246876, -0.21912673045434777], [0.16934241674781803, -0.41711911172100646, 0.3248149565388203]]	[[-0.013884501339802305, 0.012744754984764062, 0.12190670865657563], [0.13901691796181698, -0.01033543715073875, 0.07501752092973521], [-0.018698389484644334, 0.16744083460398215, -0.036912574372929725]]	0.4484765853091748	[[-0.31848808905344145, -0.3184880890534415, -0.4504101749936671], [0.8535533905932738, -0.14644660940672602, -0.5], [0.09328300155660807, -0.543693176550275, 0.31848808905344145]]
