7	[[0.08740825448676931, -0.06334395238859675, -0.994156597696443], [0.7119981850616444, -0.6940087028176986, 0.10681996481098455], [-0.6967197295301035, -0.717174639895393, -0.015561310176609944]]	0.7408238934663246	0.2591761065336756	[[0.06475412340998375, -0.046926713436065734, -0.7364949614207135], [0.527465267598324, -0.5141382293209207, 0.07913478223120937], [-0.5161466226852958, -0.5313001090226142, -0.01152819039247332]]	0.8918166275715601	0.17534444378548644	[[0.050481712856559245, -0.05048171285655926, -0.8236178183124874], [0.6814777206844792, -0.669056000409129, 0.08750308595704186], [-0.5926324237426047, -0.6032959545518406, 0.0]]	[[-0.02747042188174805, 0.006009477139692569, 0.06298756592317072], [0.046505900445732, -0.050127499556936274, -0.0077607348180030915], [0.028713815809501587, 0.036292314179516685, 0.01387783516229928]]	0.1969692381081917	[[0.0, 0.0, -0.8584584560639997], [0.7071067811865475, -0.7071067811865476, 0.0], [-0.6070217956497881, -0.607021795649788, 0.0]]
7	[[0.3802729664721569, 0.7767473726770865, -0.5020517802076895], [0.4287143634067757, 0.332951791095048, 0.839849450446521], [0.8195098935212374, -0.5346088512602871, -0.20639019011321075]]	0.650017868783406	0.3499821312165942	[[0.247184223222175, 0.5048996717706697, -0.3263426281895173], [0.27867199681850696, 0.21642461365522098, 0.5459171498781623], [0.5326960744335907, -0.3475053061289567, -0.13415731151519122]]	0.8051434575671508	0.3058085884418449	[[0.3453472546784174, 0.5190779267204259, -0.40794246943215856], [0.40700329417695147, 0.3001087063543848, 0.7173058021812793], [0.5902846984332464, -0.416554026391238, -0.06827372121769616]]	[[0.03917296363370781, -0.1063151385730038, -0.003718763237996258], [0.06182672931492014, 0.03203475006894219, 0.041106511812895895], [-0.06953833074693028, 0.01388279255847222, 0.09789999005799593]]	0.4107489231950395	[[0.40793945832161255, 0.40793945832161266, -0.5769135145855586], [0.5, 0.5000000000000001, 0.7071067811865475], [0.5769135145855586, -0.5769135145855585, 0.0]]
7	[[0.5319609947059123, -0.8460851799387872, 0.03402011756955908], [-0.703274286200726, -0.4190807785627857, 0.5742617690636116], [-0.47161719485230363, -0.3294103357928521, -0.8179645788128509]]	0.6686369229054226	0.3313630770945774	[[0.355688762605869, -0.5657237912301516, 0.022747106728590705], [-0.47023515468376087, -0.2802128822270298, 0.3839726222089177], [-0.31534066995533144, -0.22025591329777466, -0.5469213190230549]]	0.755565808126469	0.29201595625797305	[[0.42046083793273026, -0.6201441649627145, 0.005495970605222222], [-0.6112196942762174, -0.37861283296632364, 0.5381275831240641], [-0.29931679487648705, -0.291544318708178, -0.6180260680095585]]	[[0.018529299075997218, 0.019128867761564125, -0.020208467018779156], [-0.07984968988840013, -0.06196972584126255, 0.10423502550538083], [0.0570210320784322, -0.042653132139640164, 7.69698944076038e-18]]	0.3909003456810452	[[0.5482986042621149, -0.5482986042621147, 0.0], [-0.5, -0.5000000000000001, 0.7071067811865475], [-0.3877056611888605, -0.38770566118886063, -0.5482986042621149]]
7	[[-0.8305561570912853, 0.32773595720904825, 0.4502950280316503], [-0.5100865793185324, -0.772219296347621, -0.37879947194723407], [0.22358030216652452, -0.5443036842615101, 0.808545204538665]]	0.6397935734895933	0.36020642651040663	[[-0.5313844917292174, 0.20968335922380943, 0.2880958651089661], [-0.3263501153712867, -0.49406094312786375, -0.24235346779309191], [0.14304524048500378, -0.348241999217223, 0.5173020257396665]]	0.7623447070334557	0.3939465463178042	[[-0.5963085677682801, 0.23651176495862256, 0.19651596301746127], [-0.5695223856788765, -0.6234324220959085, -0.3030499838734511], [0.1754342831151695, -0.2646859507070682, 0.5759061201893176]]	[[0.03686152248430845, -0.013336007324238505, -0.14676406820594887], [-0.18066058180659236, -0.034735128856200045, -0.014274211407409358], [0.004989023161578899, 0.15026108200850333, -0.040484036888016287]]	0.46951967785145027	[[-0.5482986042621149, 0.38770566118886063, 0.3877056611888605], [-0.7071067811865475, -0.5000000000000001, -0.5], [0.0, -0.5482986042621147, 0.5482986042621149]]
7	[[0.8592155572171323, 0.2624339665249735, -0.4391776855101157], [-0.4266000482917053, 0.8413623931712975, -0.33184593135155627], [0.2824199444684594, 0.4724804086637203, 0.8348660002631537]]	0.6634627917051482	0.33653720829485184	[[0.5700575522677731, 0.17411517206891441, -0.29137805328314703], [-0.2830332589811658, 0.5582126422091537, -0.22016742803049852], [0.187375124790257, 0.31347317095802113, 0.5539025272343029]]	0.7735752648491766	0.4040081198234038	[[0.5134721680155465, 0.20903079256731158, -0.29340021571938407], [-0.3553344916935074, 0.7489447786840119, -0.2507664285121301], [0.24525587845041158, 0.3315032730394244, 0.5108867428554958]]	[[-0.15119573422122956, 0.006018367407335211, 0.04633677866495209], [-0.025327246351579905, 0.0980876425523884, 0.005941375722271789], [0.026782795109533304, -0.03399588422866026, -0.13494494441164614]]	0.4886281236067509	[[0.6618549633199181, -0.1135563590578032, -0.3877056611888605], [-0.14644660940672619, 0.8535533905932737, -0.5], [0.3877056611888605, 0.38770566118886063, 0.5482986042621149]]
7	[[-0.42203838922340475, -0.825029846081567, 0.3757783270710803], [0.2588054115689476, 0.28760896992378115, 0.9221175843470338], [-0.8688517462515349, 0.4864224845687207, 0.09214016247897017]]	0.6432925037989052	0.3567074962010948	[[-0.27149413210278095, -0.5307355153946367, 0.24173538089491922], [0.1664875812048944, 0.18501669437729312, 0.5931913296316016], [-0.558925815276201, 0.3129119380022967, 0.059273075821534675]]	0.8056826657599656	0.32169188826969486	[[-0.257921241821221, -0.5579576748220043, 0.306434784761366], [0.26558121539369867, 0.235976722243481, 0.8270797541469096], [-0.6506432519917542, 0.34060203640851006, 0.024153681799171448]]	[[0.08210777266133369, 0.1067545709005267, 0.003676700471917824], [0.057066181487723994, 0.004255160658811234, 0.08414560064605145], [0.04937553907838348, -0.05130012764440259, -0.0500820499304416]]	0.529372196689844	[[-0.40793945832161255, -0.40793945832161266, 0.5769135145855586], [0.5, 0.5000000000000001, 0.7071067811865475], [-0.5769135145855586, 0.5769135145855585, 0.0]]
7	[[-0.30792515101507295, 0.09349718223056193, 0.9468053539599837], [0.3027085282091916, -0.9338174967034747, 0.1906631317268273], [0.9019698710720718, 0.34531602882779927, 0.2592434992682147]]	0.6949960659998445	0.3050039340001556	[[-0.2140067685778837, 0.0649801738323111, 0.658025996269779], [0.2103812362499911, -0.6489994865707376, 0.13251012648135513], [0.6268655120454771, 0.2399932815620094, 0.1801732121274428]]	0.8255389243828126	0.2852023739736162	[[-0.22951464518597306, 0.07211969735244302, 0.724366967681914], [0.24816078259321772, -0.847996108476022, 0.11880907385745892], [0.6629514282448865, 0.2502628823593993, 0.15739494783353006]]	[[0.024689552773425397, -0.00506586589899889, -0.057257705826099216], [-0.0017368901861026017, -0.07709341667758497, -0.03859076282776459], [-0.08165980894565592, -0.03480894065124641, -0.05662065170558837]]	0.44637766433691517	[[-0.36847546039389306, -0.10792396364853617, 0.6290269571392502], [0.5, -0.8535533905932737, 0.14644660940672619], [0.5211029934907139, 0.3684754603938931, 0.36847546039389306]]
7	[[0.8489524140446696, -0.5135124485683378, 0.12483895166604869], [0.522794976890395, 0.7815435453534784, -0.34040431673891397], [0.0772347773085365, 0.35425224329800037, 0.9319550081910795]]	0.7410682653464793	0.25893173465352093	[[0.6291316928377891, -0.38054777949436114, 0.09251418535883166], [0.3874267666560179, 0.5791771194478395, -0.25226283652216047], [0.057236242444458754, 0.26252509543594804, 0.6906422813011273]]	0.875670075790509	0.20863429624623672	[[0.7033784182296552, -0.45040920236216375, 0.05296101794276084], [0.502702526383137, 0.6661143756269856, -0.3033686762596035], [0.027781967021141447, 0.2660444818273331, 0.7840648280610918]]	[[-0.04002380651937616, -0.0007417176049575314, -0.05635671632425571], [0.044906609346627345, -0.018259919966278015, -0.005286802421422283], [-0.03985021627828781, -0.044163606910384595, -0.03202028459493514]]	0.44334354913215246	[[0.6720342848396947, -0.6720342848396946, 0.0], [0.7071067811865475, 0.7071067811865476, 0.0], [0.0, 0.0, 0.9503999999999999]]
7	[[0.034229894132735264, 0.2773841392786001, 0.9601491309293217], [-0.1827544195208179, -0.9427759796974285, 0.2788803941677556], [0.9825625356654255, -0.18501754344446375, 0.018422055382213542]]	0.8281059482341853	0.1718940517658147	[[0.028345978938744507, 0.22970345568242848, 0.795105206514455], [-0.151340021871275, -0.7807183966397521, 0.23094251325621265], [0.8136658802966027, -0.15321412825403719, 0.015255413640710622]]	0.8989137114368941	0.1541209927214702	[[0.009122110979598742, 0.22582834502917398, 0.8269685376609066], [-0.166283991286745, -0.8255219497641925, 0.2549432839289558], [0.8584929692212149, -0.15350013689539765, 0.0]]	[[-0.02164761019735028, -0.023516061103480833, -0.03612268115567837], [-0.0020035377537914213, 0.021952305199176975, 0.004253873760634614], [-0.02474596643263824, 0.012814669763202061, -0.016559838175921583]]	0.35987982416799824	[[0.0, 0.0, 0.9503999999999999], [0.0, -1.0, 0.0], [0.9503999999999999, 0.0, 0.0]]
7	[[0.22433838825039393, -0.7661379269479729, -0.6022499185961573], [-0.9416906372873723, -0.011392912655017143, -0.3362869982418849], [0.2507808429735371, 0.642575192824231, -0.724020780340167]]	0.6294499747457473	0.3705500252542528	[[0.14120979281871213, -0.4822454987691606, -0.3790861960509795], [-0.5927471478588431, -0.007171268582981005, -0.21167584255067762], [0.15785399527641011, 0.40446893889545593, -0.4557348619005143]]	0.7430736009147618	0.4313418955778451	[[0.20640770679912496, -0.4884409851893795, -0.36571418258625427], [-0.8149014094838627, 0.046532957809502326, -0.2043731727381682], [0.1667437627645555, 0.3657141825862542, -0.4071940939593509]]	[[0.039707772818490764, 0.08085588298522137, 0.08180183307561449], [-0.11515595668701806, 0.0549987304409733, 0.04551281798624543], [-0.019604861264230194, -0.1117664798041445, 0.13080663442513285]]	0.41372425430114423	[[0.10792396364853628, -0.62902695713925, -0.36847546039389306], [-0.8535533905932738, 0.14644660940672602, -0.5], [0.36847546039389306, 0.3684754603938931, -0.5211029934907139]]
7	[[0.8787972042104137, -0.3840163418041313, 0.28327887866788265], [-0.395223040501579, -0.9183905790867732, -0.018907472103605397], [0.2674214316928388, -0.09534250611366366, -0.9588511794847616]]	0.6627253347258654	0.3372746652741347	[[0.5824011713165012, -0.25449735866234524, 0.1877360896859403], [-0.2619243218077832, -0.6086407039343631, -0.012530460778681848], [0.17722695783150672, -0.06318589427778058, -0.6354549688763296]]	0.8227218630729932	0.28697662260124845	[[0.6521895719491262, -0.26527823019299335, 0.16494139372795427], [-0.3164585280347959, -0.8546887217883549, -0.03435393058952782], [0.1564226152761983, -0.05159668731400668, -0.7492181434901666]]	[[-0.07081610116220302, 0.05066040998657689, -0.0681183330989146], [0.008700108176036154, -0.0991087135333996, -0.018798339914448937], [-0.06359084323178124, 0.026843676945874924, 0.03964968530527358]]	0.4909565848311577	[[0.6387013843116458, -0.6387013843116458, 0.0], [-0.7071067811865475, -0.7071067811865476, 0.0], [0.0, 0.0, -0.9032601599999999]]
7	[[-0.5446221603179724, 0.8109226453022452, -0.2139887049042392], [-0.8354447797583356, -0.5021691245819775, 0.22328947644507607], [0.07361197229480154, 0.30038414347728, 0.9509735242804028]]	0.6924292911769768	0.3075707088230232	[[-0.37711233642824743, 0.5615065924859926, -0.14817204725672162], [-0.57848643666557, -0.3477166109852616, 0.1546121739021423], [0.0509710857982287, 0.20799477954877632, 0.6584819233455508]]	0.8047415860484118	0.2900432558647432	[[-0.47977999099709717, 0.6178739737986904, -0.11140522235718944], [-0.7350827868238935, -0.40629012059395864, 0.09662633496788853], [0.07489053586123058, 0.11535007598876515, 0.7433488290394744]]	[[-0.04149988990569975, -0.034709201944412196, 0.06080038742389364], [-0.06276562970530428, -0.002173742813315612, -0.08306399245444146], [0.015651920524560242, -0.12638153605693486, -0.02193911317998497]]	0.41170531433711544	[[-0.6387013843116458, 0.6387013843116458, 0.0], [-0.7071067811865475, -0.7071067811865476, 0.0], [0.0, 0.0, 0.9032601599999999]]
7	[[-0.3195682178843842, -0.5708200961323295, -0.7563336379995778], [0.910087742671785, 0.03735879733279218, -0.41272826520656647], [0.2638493031197415, -0.8202248094963509, 0.507557688474819]]	0.644056714201003	0.35594328579899714	[[-0.20582005637368672, -0.3676405155148888, -0.4871217577296989], [0.5861481211797976, 0.024061184256659342, -0.26582041034682136], [0.16993391521152512, -0.5282712957103634, 0.3268959371065482]]	0.739241427859455	0.32198092531952416	[[-0.26658780091010403, -0.4012982045937761, -0.5525901443765838], [0.7463977318576693, 0.08954825724260815, -0.35575351908809205], [0.22786071181169687, -0.5764545925661388, 0.30208004671643574]]	[[-0.03034973522275054, 0.020675658321958654, 0.006523014116360068], [0.07362316948759082, 0.061931086559202854, -0.05064768699883407], [0.03281237623373706, 0.02988956677169317, -0.07312762363273384]]	0.399656730250965	[[-0.35019907755835594, -0.350199077558356, -0.4952562850135745], [0.8535533905932738, -0.14644660940672602, -0.5], [0.10257093505156888, -0.5978272200651432, 0.35019907755835594]]
7	[[0.04673222253661188, -0.9725397674033924, -0.22799671093185395], [-0.8377629715199755, -0.16246744520517667, 0.5213036857710898], [-0.5440306084466285, 0.16664552219444034, -0.8223502702654952]]	0.636645394029506	0.36335460597049385	[[0.02975185423069586, -0.619162963427897, -0.14515305586864152], [-0.5333579371066646, -0.10343415066961689, 0.3318855904367693], [-0.3463545810786158, 0.10609410414073228, -0.523545511843447]]	0.7514246795130493	0.4064845992832725	[[-0.008609925263113103, -0.7914050245348103, -0.12219812658784981], [-0.6865665187764601, -0.14394566837336162, 0.27030057935806123], [-0.2665563482540122, 0.02296902219547076, -0.5758393109749149]]	[[-0.04372567060561929, -0.06061464150002074, 0.04912422885414787], [-0.05705074639416266, -0.02186362042875779, -0.12141987565145125], [0.1422416773432848, -0.1022525359117713, 0.0420949773068042]]	0.4037355737626387	[[-0.10792396364853628, -0.62902695713925, -0.36847546039389306], [-0.8535533905932738, -0.14644660940672602, 0.5], [-0.36847546039389306, 0.3684754603938931, -0.5211029934907139]]
