7	[[-0.30792515101507295, 0.09349718223056193, 0.9468053539599837], [0.3027085282091916, -0.9338174967034747, 0.1906631317268273], [0.9019698710720718, 0.34531602882779927, 0.2592434992682147]]	0.8798373737667068	0.12016262623329328	[[-0.2709240561858184, 0.08226231526832481, 0.8330347360964093], [0.2663342764763602, -0.8216075338769855, 0.16775254909266743], [0.793586802580747, 0.3038219479233992, 0.22809211956223724]]	0.880463476355741	0.1169169721906515	[[-0.2846435734450102, 0.08232085409618677, 0.8336275333798351], [0.2665238030695947, -0.8365822921421012, 0.16787192377307492], [0.7941515282522559, 0.3040381511830834, 0.24178115711323186]]	[[-0.013526724524912541, 0.0, 0.0], [0.0, -0.014390092712744322, 0.0], [0.0, 0.0, 0.013526724524912541]]	0.3721283332190432	[[-0.4741740300990647, -0.138882357953462, 0.8094657022446677], [0.5, -0.8535533905932737, 0.14644660940672619], [0.6705833442912057, 0.47417403009906484, 0.4741740300990647]]
7	[[0.04673222253661188, -0.9725397674033924, -0.22799671093185395], [-0.8377629715199755, -0.16246744520517667, 0.5213036857710898], [-0.5440306084466285, 0.16664552219444034, -0.8223502702654952]]	0.8650056814580486	0.13499431854195137	[[0.04042363800133103, -0.8412524242478238, -0.19721845030980203], [-0.7246697300799562, -0.14053526315445192, 0.4509306499570139], [-0.4705895671934127, 0.1441493234877343, -0.7113376559282152]]	0.8702721009197713	0.12280172132262866	[[0.054714878872613844, -0.8604193559912023, -0.178556364163873], [-0.7545886236034391, -0.14576717400577086, 0.4686176395542033], [-0.4775683837317406, 0.12105041309320691, -0.7297136267809204]]	[[0.01404512938502646, -0.014045129385026464, 0.019862812461589312], [-0.025506882305959655, -0.00437628913599402, 0.01494158572097684], [-0.004113723154231811, -0.02397653561582112, -0.01404512938502646]]	0.3339625342214486	[[1.893599401277111e-16, -0.9483480601981297, 0.0], [-0.7071067811865476, -1.3401577416544657e-16, 0.7071067811865475], [-0.6705833442912056, -1.0528778517905676e-16, -0.6705833442912057]]
7	[[0.8787972042104137, -0.3840163418041313, 0.28327887866788265], [-0.395223040501579, -0.9183905790867732, -0.018907472103605397], [0.2674214316928388, -0.09534250611366366, -0.9588511794847616]]	0.85672170017291	0.14327829982709006	[[0.7528846348983457, -0.32899513324461666, 0.24269116255542392], [-0.3385961552060197, -0.7868051383380037, -0.01619844164657269], [0.22910574362256253, -0.08168199393644399, -0.821468612700985]]	0.8577508982421951	0.23596297001713146	[[0.7009156371822154, -0.31822218299063815, 0.15372804100775564], [-0.35936837119583537, -0.8406894219654073, -0.025241386924775604], [0.13929305691937185, -0.059648227566718996, -0.8224554604836425]]	[[-0.05287345410199677, 0.011168179131537313, -0.08925467162266251], [-0.020365453199594447, -0.052939077816557614, -0.009023485744418833], [-0.0900879163243744, 0.02213189269293797, 0.0]]	0.47147743919370555	[[0.6947164601867996, -0.6947164601867994, 0.0], [-0.7071067811865475, -0.7071067811865476, 0.0], [0.0, 0.0, -0.9824774400000001]]
7	[[0.22433838825039393, -0.7661379269479729, -0.6022499185961573], [-0.9416906372873723, -0.011392912655017143, -0.3362869982418849], [0.2507808429735371, 0.642575192824231, -0.724020780340167]]	0.8805106328879466	0.11948936711205338	[[0.19753233621941632, -0.6745925909364191, -0.5302874569798167], [-0.829168619022558, -0.010031580732306287, -0.2961042776539499], [0.2208151987628019, 0.565794289711758, -0.6375079955213455]]	0.889944139834129	0.1064816648518856	[[0.18347887944858604, -0.7183356734912908, -0.5225914068303851], [-0.8705148991346945, -0.006511671401215426, -0.328871123171721], [0.24753593604970495, 0.5495198083125081, -0.6739074588263486]]	[[-0.016169754514685657, -0.036515715099274385, 0.01337737893984641], [-0.03246283494413109, 0.0036273844517591977, -0.029594479783945395], [0.024354994462742748, -0.022336218944201763, -0.029569408244484]]	0.3048152057950616	[[0.13888235795346213, -0.8094657022446676, -0.4741740300990647], [-0.8535533905932738, 0.14644660940672602, -0.5], [0.4741740300990647, 0.47417403009906484, -0.6705833442912057]]
7	[[-0.5446221603179724, 0.8109226453022452, -0.2139887049042392], [-0.8354447797583356, -0.5021691245819775, 0.22328947644507607], [0.07361197229480154, 0.30038414347728, 0.9509735242804028]]	0.8639011894056599	0.13609881059434017	[[-0.47049973207537626, 0.7005570377925936, -0.18486509668614903], [-0.7217417389159757, -0.43382450400916933, 0.1929000442826683], [0.06359347041997553, 0.2595022188286225, 0.8215471587191322]]	0.8679374394997024	0.13686366197607458	[[-0.47295679037588495, 0.7035712973412486, -0.16858576616658563], [-0.7371885174064992, -0.44845298511504317, 0.19380129645296845], [0.07601254831653595, 0.2485926827895188, 0.8257515624270175]]	[[-0.0002588270547075867, -0.00025882705470758665, 0.01714304244985715], [-0.012074714419656542, -0.012601600929554596, 0.0], [0.012121961566462836, -0.012121961566462834, 0.0003660367310765521]]	0.38507524478696764	[[-0.6947164601867996, 0.6947164601867994, 0.0], [-0.7071067811865475, -0.7071067811865476, 0.0], [0.0, 0.0, 0.9824774400000001]]
7	[[-0.8305561570912853, 0.32773595720904825, 0.4502950280316503], [-0.5100865793185324, -0.772219296347621, -0.37879947194723407], [0.22358030216652452, -0.5443036842615101, 0.808545204538665]]	0.8740360120130403	0.12596398798695965	[[-0.7259359912969432, 0.28645302903227293, 0.39357407053008375], [-0.4458340395689435, -0.674947474179191, -0.331084379813406], [0.19541723567029953, -0.4757410215159353, 0.7066976261072428]]	0.8740360120130404	0.12596398798695962	[[-0.7259359912969432, 0.286453029032273, 0.3935740705300839], [-0.44583403956894346, -0.6749474741791908, -0.33108437981340605], [0.1954172356702997, -0.4757410215159354, 0.7066976261072427]]	[[0.0, 0.0, 0.0], [0.0, 0.0, 0.0], [0.0, 0.0, 0.0]]	0.3795759646861353	[[-0.6765368687360832, 0.4783838076059976, 0.47838380760599747], [-0.7071067811865475, -0.5000000000000001, -0.5], [0.0, -0.6765368687360831, 0.6765368687360832]]
7	[[0.8592155572171323, 0.2624339665249735, -0.4391776855101157], [-0.4266000482917053, 0.8413623931712975, -0.33184593135155627], [0.2824199444684594, 0.4724804086637203, 0.8348660002631537]]	0.8833666236833193	0.1166333763166806	[[0.7590023457950801, 0.23182540694898712, -0.3879549092461255], [-0.37684424432258484, 0.7432314565498468, -0.2931416199610708], [0.24948035280593356, 0.4173734233577856, 0.7374927598804594]]	0.8842352051955296	0.1141397030940289	[[0.7604457146325205, 0.23303915821489482, -0.3915882961584934], [-0.37795634311359944, 0.7492120225429562, -0.29417141707790556], [0.25268884695756677, 0.41778381110563245, 0.739203715027869]]	[[0.0006970700894382255, 0.0009858059744081655, -0.0032519252941584508], [-0.000741561875960648, 0.005249774173332283, -0.0007415618759606477], [0.0029631894091885114, -1.5478065261436708e-19, 0.0009858059744081652]]	0.4226169995954229	[[0.8166522419740392, -0.14011537323795598, -0.47838380760599747], [-0.14644660940672619, 0.8535533905932737, -0.5], [0.47838380760599747, 0.4783838076059976, 0.6765368687360832]]
7	[[0.3802729664721569, 0.7767473726770865, -0.5020517802076895], [0.4287143634067757, 0.332951791095048, 0.839849450446521], [0.8195098935212374, -0.5346088512602871, -0.20639019011321075]]	0.8661924451230871	0.13380755487691293	[[0.3293895706427274, 0.6728127059820994, -0.4348734590764974], [0.3713491426987027, 0.28840032603673094, 0.7274712490175531], [0.7098532784717214, -0.4630741480575929, -0.17877362342358083]]	0.8765319489395706	0.20887010773090015	[[0.3431242015580699, 0.6440008535888706, -0.440064425374027], [0.40433197441102886, 0.30189292410738877, 0.720716169138723], [0.6928995891237076, -0.45189674953314807, -0.0883268531878523]]	[[0.009802797127198098, -0.03684303481746705, 1.741557172322499e-18], [0.02855013791570035, 0.010050041755925544, -0.015438706476993495], [-0.02542701501972268, 0.016704988782376584, 0.0925807423940888]]	0.3692986004305906	[[0.48263096005447687, 0.482630960054477, -0.6825432493301888], [0.5, 0.5000000000000001, 0.7071067811865475], [0.6825432493301888, -0.6825432493301887, 0.0]]
7	[[0.034229894132735264, 0.2773841392786001, 0.9601491309293217], [-0.1827544195208179, -0.9427759796974285, 0.2788803941677556], [0.9825625356654255, -0.18501754344446375, 0.018422055382213542]]	0.8901872051289482	0.10981279487105192	[[0.03047101378987939, 0.24692381169151598, 0.8547124713689616], [-0.16268564593820017, -0.83924711442956, 0.2482557586494538], [0.8746645974884175, -0.16470024989865095, 0.01639907799342337]]	0.9314083689471677	0.12289994229554212	[[0.011376564867697477, 0.24269818554057723, 0.8835361106033743], [-0.16351330341973117, -0.8279018082600523, 0.2519684851387361], [0.9175641923211013, -0.1652594566175184, 0.0]]	[[-0.020505444995707705, -0.015659723196717747, -0.010754825381545818], [0.006705692384040257, 0.05020762927249777, -0.007783047924396401], [0.0023972235883740613, 0.007067431748701335, -0.01715845655620191]]	0.3420773276310022	[[0.0, 0.0, 0.9912000000000001], [0.0, -1.0, 0.0], [0.9912000000000001, 0.0, 0.0]]
7	[[0.8489524140446696, -0.5135124485683378, 0.12483895166604869], [0.522794976890395, 0.7815435453534784, -0.34040431673891397], [0.0772347773085365, 0.35425224329800037, 0.9319550081910795]]	0.8756721432078943	0.1243278567921058	[[0.7434039798880115, -0.44966854640176973, 0.1093179923612356], [0.4577969978719336, 0.6843759113699766, -0.29808257759598367], [0.06763234297595058, 0.3102088211249644, 0.8160870393960133]]	0.9170617025825717	0.13991226964441197	[[0.7729122949486551, -0.4813467785470366, 0.056762940794738655], [0.501795604000013, 0.6720732418741888, -0.28988962293236187], [0.02487741214570966, 0.2946948062268636, 0.8556967651566599]]	[[-0.005629451286733895, -0.010424178165611472, -0.057722080768751315], [0.022360352391291083, -0.04465041247009132, 0.022282139342683555], [-0.045951644231442615, -0.030176359155696036, 0.0010365186145940863]]	0.4297150056665077	[[0.700884241512106, -0.7008842415121059, 0.0], [0.7071067811865475, 0.7071067811865476, 0.0], [0.0, 0.0, 0.9912000000000001]]
7	[[-0.42203838922340475, -0.825029846081567, 0.3757783270710803], [0.2588054115689476, 0.28760896992378115, 0.9221175843470338], [-0.8688517462515349, 0.4864224845687207, 0.09214016247897017]]	0.8497246383235443	0.15027536167645586	[[-0.3586164176415088, -0.7010481875677889, 0.31930810306030016], [0.21991333474160007, 0.2443884279470921, 0.7835460308510636], [-0.7382847358403652, 0.4133251697725961, 0.07829376623751558]]	0.8735508127491358	0.20691511088465525	[[-0.2942393425708017, -0.6712978756960846, 0.34627688724416034], [0.2541255576182282, 0.23092631583659703, 0.8302894529007113], [-0.779939423999573, 0.393972247542654, 0.02214502130471704]]	[[0.0744326353466396, 0.04940761689076284, 0.018015424217707503], [0.028045879998299425, -0.020314733594263834, 0.024772887644090087], [-0.02095327490303854, -0.03094250919180602, -0.058344092515624765]]	0.4833777788073839	[[-0.48263096005447687, -0.482630960054477, 0.6825432493301888], [0.5, 0.5000000000000001, 0.7071067811865475], [-0.6825432493301888, 0.6825432493301887, 0.0]]
7	[[0.5319609947059123, -0.8460851799387872, 0.03402011756955908], [-0.703274286200726, -0.4190807785627857, 0.5742617690636116], [-0.47161719485230363, -0.3294103357928521, -0.8179645788128509]]	0.8780296134940926	0.12197038650590748	[[0.4670775065755652, -0.742887843524733, 0.029870670680623556], [-0.6174956496931574, -0.36796533402428605, 0.5042188391353567], [-0.4140938633133363, -0.28923202981715723, -0.7181971229869057]]	0.8838104828756725	0.16004875093933588	[[0.5337620762683428, -0.7307995481372496, 0.0008654659763316735], [-0.590606809757717, -0.3935924219062153, 0.578080679598876], [-0.3917155931146619, -0.37742678366955634, -0.7299340821609182]]	[[0.06360937266628731, 0.016979403298400017, -0.029201870560307493], [0.030954376723390617, -0.02320443664072685, 0.07054210818572754], [0.025104627600222668, -0.08629047572823828, -0.007008412785136195]]	0.2976439770839409	[[0.6765368687360832, -0.6765368687360831, 0.0], [-0.5, -0.5000000000000001, 0.7071067811865475], [-0.47838380760599747, -0.4783838076059976, -0.6765368687360832]]
7	[[0.08740825448676931, -0.06334395238859675, -0.994156597696443], [0.7119981850616444, -0.6940087028176986, 0.10681996481098455], [-0.6967197295301035, -0.717174639895393, -0.015561310176609944]]	0.9326680368274876	0.0673319631725125	[[0.08152288511469256, -0.059078879719166366, -0.9272180822726358], [0.6640579494861781, -0.6472797343981742, 0.09962756687424225], [-0.6498082223598198, -0.6688858634536965, -0.014513536612882402]]	0.9594117798054927	0.06412204199190279	[[0.0640619358028101, -0.06406193580281011, -0.9350868141209794], [0.6823750208076163, -0.6688525310588275, 0.0938576945353676], [-0.6773163288606406, -0.6904042460348244, 0.0]]	[[-0.019798573204032704, -0.0032890017017521045, 0.018718736680338337], [-0.000724425140656456, -0.0030124062879981275, -0.008626638022699203], [-0.008875213126562548, -0.0023384483414219583, 0.014929704292646674]]	0.12188985900169146	[[0.0, 0.0, -0.9738316385280003], [0.7071067811865475, -0.7071067811865476, 0.0], [-0.6886029553371558, -0.6886029553371557, 0.0]]
7	[[-0.3195682178843842, -0.5708200961323295, -0.7563336379995778], [0.910087742671785, 0.03735879733279218, -0.41272826520656647], [0.2638493031197415, -0.8202248094963509, 0.507557688474819]]	0.8733484461204406	0.12665155387955973	[[-0.2790944065188053, -0.49852484397149044, -0.6605428074955509], [0.794823715895663, 0.03262724759952253, -0.36045558908814], [0.2304323788895874, -0.7163420628430721, 0.44327471854596584]]	0.876046659679782	0.11566600316968657	[[-0.29370025890231577, -0.4863214494099391, -0.6820199272525079], [0.8222385921945451, 0.03701038250959139, -0.3761900171436236], [0.22711889661176776, -0.7420169786704043, 0.4309006284982762]]	[[-0.013743589084880239, 0.013743589084880242, -0.019436370079520475], [0.024959265211414897, 0.004282332896544838, -0.01462079905397987], [-0.00402540404512001, -0.02346177412464048, -0.013743589084880239]]	0.2492686956533826	[[-0.47000129863419304, -0.47000129863419315, -0.6646822108614432], [0.8535533905932738, -0.14644660940672602, -0.5], [0.1376601932034717, -0.8023424040649147, 0.47000129863419304]]
