7	[[0.8592155572171323, 0.2624339665249735, -0.4391776855101157], [-0.4266000482917053, 0.8413623931712975, -0.33184593135155627], [0.2824199444684594, 0.4724804086637203, 0.8348660002631537]]	0.6672053847878936	0.3327946152121067	[[0.573273246468801, 0.17509735561670817, -0.29302171665103327], [-0.2846298493710011, 0.5613615192819187, -0.221409392317712], [0.188432107720854, 0.31524147286721865, 0.5570270909519071]]	0.7743555667752768	0.40262430441460706	[[0.5150070617395315, 0.20961025295803998, -0.2933370929427822], [-0.3550785491639885, 0.7489874949241955, -0.25091924491526424], [0.24531354007716671, 0.33188726708363425, 0.5123818169878394]]	[[-0.15033128805147614, 0.00639305006851008, 0.046742592635457686], [-0.024738426982704658, 0.09747384209663214, 0.006047499338539713], [0.02662008390965062, -0.033980567557375226, -0.13410131782734336]]	0.4870974899247221	[[0.6646452416682648, -0.1140350951367875, -0.389340168402526], [-0.14644660940672619, 0.8535533905932737, -0.5], [0.389340168402526, 0.3893401684025261, 0.5506101465314772]]
7	[[0.034229894132735264, 0.2773841392786001, 0.9601491309293217], [-0.1827544195208179, -0.9427759796974285, 0.2788803941677556], [0.9825625356654255, -0.18501754344446375, 0.018422055382213542]]	0.8297173156322533	0.17028268436774682	[[0.02840113587418932, 0.2301504234412031, 0.7966523595213176], [-0.1516345063847437, -0.7822375551171182, 0.23139189203133484], [0.8152491495331369, -0.1535122594916143, 0.015285098340158922]]	0.8995805756188044	0.15303973376480517	[[0.009119462190489855, 0.2261805049651559, 0.8280630312088867], [-0.1662366070530639, -0.8255637281958754, 0.254889806106253], [0.8596429091592008, -0.15371734024026962, 0.0]]	[[-0.021673085676806876, -0.023348878714613816, -0.03566847667240743], [-0.0018342811436460275, 0.022539230299919673, 0.004014420592024379], [-0.024251262256174543, 0.01272084799107827, -0.016572123184813152]]	0.35951898154083406	[[0.0, 0.0, 0.9512], [0.0, -1.0, 0.0], [0.9512, 0.0, 0.0]]
7	[[-0.42203838922340475, -0.825029846081567, 0.3757783270710803], [0.2588054115689476, 0.28760896992378115, 0.9221175843470338], [-0.8688517462515349, 0.4864224845687207, 0.09214016247897017]]	0.6459853691002226	0.3540146308997775	[[-0.27263062463694454, -0.5329572096397008, 0.24274730131287603], [0.16718450931750167, 0.18579118659274857, 0.5956744680782242], [-0.5612655159956709, 0.3142218082327724, 0.05952119686793205]]	0.807048159812304	0.31954477185097085	[[-0.2585256018176051, -0.5601038523508686, 0.3068585182320536], [0.2650548889999823, 0.23562756318772524, 0.8271961086377265], [-0.6530770232370616, 0.3415203366437978, 0.02409007566732593]]	[[0.0820797035752926, 0.10573496671948852, 0.0035873108719922113], [0.056186457843797194, 0.0035132732652253078, 0.08300280905988582], [0.04812817972494641, -0.05104603441871716, -0.050271472906133645]]	0.5283066715035184	[[-0.4093147270842368, -0.4093147270842369, 0.5788584383215698], [0.5, 0.5000000000000001, 0.7071067811865475], [-0.5788584383215698, 0.5788584383215698, 0.0]]
7	[[0.04673222253661188, -0.9725397674033924, -0.22799671093185395], [-0.8377629715199755, -0.16246744520517667, 0.5213036857710898], [-0.5440306084466285, 0.16664552219444034, -0.8223502702654952]]	0.6398413941945534	0.36015860580544673	[[0.029901210421635904, -0.622271200685033, -0.14588173339440996], [-0.5360354277019131, -0.10395339665130747, 0.3335516771025334], [-0.348093302993002, 0.10662670325717008, -0.5261737434429421]]	0.7525791622490127	0.4048737660002093	[[-0.008764527724772994, -0.7929755479492092, -0.12269862311946214], [-0.6866879837787029, -0.14441063886369573, 0.27056294408166304], [-0.26725811947902345, 0.02385200615933709, -0.5770028332767051]]	[[-0.04393422461141069, -0.061062384542914634, 0.048886950589162814], [-0.05620502850895637, -0.022141025058446673, -0.12175934703326623], [0.14216798006356085, -0.10156194132630406, 0.041880844194950355]]	0.40189498382822536	[[-0.10847018249411242, -0.6322105538748535, -0.37034036818448285], [-0.8535533905932738, -0.14644660940672602, 0.5], [-0.37034036818448285, 0.3703403681844829, -0.5237403713807413]]
7	[[0.3802729664721569, 0.7767473726770865, -0.5020517802076895], [0.4287143634067757, 0.332951791095048, 0.839849450446521], [0.8195098935212374, -0.5346088512602871, -0.20639019011321075]]	0.653071106498017	0.34692889350198325	[[0.2483452869852549, 0.5072712661436525, -0.327875511619535], [0.27998096368165604, 0.21744119462093958, 0.5484814098948612], [0.5351982329479867, -0.3491375940361896, -0.13478746982757067]]	0.8065041953731018	0.30412572868973003	[[0.34558039960840525, 0.5211709675182249, -0.4090586072666098], [0.4071285333998395, 0.29953579104655986, 0.7169432536677989], [0.5923075015039154, -0.4167169335940959, -0.06883537179250106]]	[[0.038888656761635707, -0.10527904729087953, -0.004151740234573813], [0.061368600695566294, 0.031008774671415103, 0.039601148400885855], [-0.0686306657707264, 0.0144473478309203, 0.09761918241765548]]	0.40961957540323746	[[0.4093147270842368, 0.4093147270842369, -0.5788584383215698], [0.5, 0.5000000000000001, 0.7071067811865475], [0.5788584383215698, -0.5788584383215698, 0.0]]
7	[[-0.30792515101507295, 0.09349718223056193, 0.9468053539599837], [0.3027085282091916, -0.9338174967034747, 0.1906631317268273], [0.9019698710720718, 0.34531602882779927, 0.2592434992682147]]	0.6980168160170702	0.3019831839829298	[[-0.21493693348311677, 0.06526260544714464, 0.660886058559063], [0.21129564304179338, -0.6518203157899903, 0.13308607213980328], [0.6295901375490549, 0.24103639496203935, 0.18095632193232292]]	0.826220359158239	0.28464505657118083	[[-0.23042753745974948, 0.07223621745850504, 0.7247207007088108], [0.24797850031894408, -0.8481163675054945, 0.11870102515178216], [0.6632414056432842, 0.2505815863766818, 0.15819132000124445]]	[[0.023986491405779103, -0.005013058024313148, -0.05754915889295051], [-0.002125448578316135, -0.0765773399909019, -0.03882873602179175], [-0.08198446518379363, -0.034725546984519316, -0.05600093707357857]]	0.44444622557610325	[[-0.37034036818448285, -0.10847018249411229, 0.6322105538748536], [0.5, -0.8535533905932737, 0.14644660940672619], [0.5237403713807413, 0.3703403681844829, 0.37034036818448285]]
7	[[-0.5446221603179724, 0.8109226453022452, -0.2139887049042392], [-0.8354447797583356, -0.5021691245819775, 0.22328947644507607], [0.07361197229480154, 0.30038414347728, 0.9509735242804028]]	0.6949622474418239	0.30503775255817606	[[-0.37849184054119933, 0.5635606240807174, -0.1487140712874153], [-0.5806025817543927, -0.3489885834153844, 0.15517775638037828], [0.05115754170462056, 0.20875563944685774, 0.6608906976915807]]	0.8056656046679795	0.28886127995260713	[[-0.48055271631147245, 0.6186501726996904, -0.11199511061141308], [-0.7351276452615665, -0.4063619932375464, 0.09655170590647781], [0.07499023068352265, 0.11604495023314537, 0.7443888930443675]]	[[-0.04176937420331197, -0.03468231066670056, 0.06040822871737866], [-0.06203852161085998, -0.0017816018356176452, -0.08334494514964101], [0.01568359651382882, -0.12596422235415053, -0.02177776641824288]]	0.41111930911223543	[[-0.6397770917157295, 0.6397770917157294, 0.0], [-0.7071067811865475, -0.7071067811865476, 0.0], [0.0, 0.0, 0.90478144]]
7	[[0.8489524140446696, -0.5135124485683378, 0.12483895166604869], [0.522794976890395, 0.7815435453534784, -0.34040431673891397], [0.0772347773085365, 0.35425224329800037, 0.9319550081910795]]	0.7430418058661448	0.2569581941338554	[[0.6308071348261743, -0.3815612171189634, 0.09276056008837717], [0.3884585237263885, 0.5807195273024777, -0.2529346382343138], [0.0573886684070045, 0.263224226592279, 0.6924815322722975]]	0.8759012376440164	0.20734755491219722	[[0.7055707519912532, -0.4521067396431869, 0.05230116713188654], [0.5040750357828545, 0.6680624503729146, -0.2972930983877474], [0.02486395281063187, 0.2627364374255976, 0.7887179812305232]]	[[-0.0380277181713484, -0.002320550396570504, -0.057045425138587055], [0.04615826849048264, -0.016492508274889562, 0.0008674639432330697], [-0.042786084223075255, -0.04755354091729014, -0.02758256387258269]]	0.443060445925838	[[0.6725999702646441, -0.672599970264644, 0.0], [0.7071067811865475, 0.7071067811865476, 0.0], [0.0, 0.0, 0.9512]]
7	[[0.5319609947059123, -0.8460851799387872, 0.03402011756955908], [-0.703274286200726, -0.4190807785627857, 0.5742617690636116], [-0.47161719485230363, -0.3294103357928521, -0.8179645788128509]]	0.6717972800408984	0.32820271995910166	[[0.35736994933128263, -0.5683977225657912, 0.022854622449901357], [-0.472457752592352, -0.2815373271559015, 0.3857874944884087], [-0.316831148722296, -0.2212969676029971, -0.5495063792162723]]	0.7579951709160645	0.2893913055000771	[[0.42250200768931445, -0.6222006210326014, 0.0054634499553956545], [-0.6109164295090657, -0.37887820996432614, 0.538778470165352], [-0.30088798730681926, -0.2931615022825521, -0.6200132007205337]]	[[0.0192781425865267, 0.019127859544648605, -0.02032363487632689], [-0.07783791673947311, -0.06121700358999, 0.10349082237341826], [0.05659556891220743, -0.04347005850173105, 7.766287919701196e-18]]	0.38889849679892746	[[0.5506101465314772, -0.5506101465314771, 0.0], [-0.5, -0.5000000000000001, 0.7071067811865475], [-0.389340168402526, -0.3893401684025261, -0.5506101465314772]]
7	[[-0.8305561570912853, 0.32773595720904825, 0.4502950280316503], [-0.5100865793185324, -0.772219296347621, -0.37879947194723407], [0.22358030216652452, -0.5443036842615101, 0.808545204538665]]	0.6432199888615824	0.3567800111384177	[[-0.5342303221131752, 0.21080631874554404, 0.289638762914944], [-0.32809788386770905, -0.49670688719541567, -0.2436513921266732], [0.14381131946922115, -0.3501070097280067, 0.5200724374574459]]	0.7633935885995674	0.39269469804248647	[[-0.5977151805794191, 0.2370973163349649, 0.19662667563822211], [-0.5692720633765328, -0.6236361080369796, -0.3031454857915726], [0.175668953525251, -0.26541744123486327, 0.5773036280221422]]	[[0.036326064715963155, -0.013094212151964714, -0.1471256617394022], [-0.17987523909408054, -0.034128848212336346, -0.013972397542152428], [0.0049891843141722375, 0.15010050158149676, -0.03993459721560068]]	0.4676855283738412	[[-0.5506101465314772, 0.3893401684025261, 0.389340168402526], [-0.7071067811865475, -0.5000000000000001, -0.5], [0.0, -0.5506101465314771, 0.5506101465314772]]
7	[[0.08740825448676931, -0.06334395238859675, -0.994156597696443], [0.7119981850616444, -0.6940087028176986, 0.10681996481098455], [-0.6967197295301035, -0.717174639895393, -0.015561310176609944]]	0.7439635798068424	0.2560364201931576	[[0.06502855791264439, -0.04712559357813462, -0.7396163013108367], [0.5297007185744355, -0.5163171989653581, 0.07947016341562099], [-0.518334104103271, -0.5335518124432597, -0.011577048025475378]]	0.8970878539528249	0.1742593412153728	[[0.05249808806455148, -0.052498088064551494, -0.824050401294469], [0.6836005954927116, -0.6704011670983442, 0.09069244670039263], [-0.5960181648164528, -0.6069396109806757, 0.0]]	[[-0.02591479537074677, 0.004327002244624681, 0.06779540742607497], [0.04487567163745475, -0.04781438926303141, -0.005134446291209759], [0.029000642154300395, 0.03642904763247243, 0.013959862351029268]]	0.195332291430425	[[0.0, 0.0, -0.8606281057280001], [0.7071067811865475, -0.7071067811865476, 0.0], [-0.6085559696400019, -0.6085559696400018, 0.0]]
7	[[0.8787972042104137, -0.3840163418041313, 0.28327887866788265], [-0.395223040501579, -0.9183905790867732, -0.018907472103605397], [0.2674214316928388, -0.09534250611366366, -0.9588511794847616]]	0.6673330952822805	0.33266690471771965	[[0.5864504584111497, -0.25626681401512913, 0.18904137092953166], [-0.26374541494479287, -0.6128724278200623, -0.012617581882862352], [0.17845917175640102, -0.06362520971680091, -0.6398731255206314]]	0.8234225255224074	0.28623085242956026	[[0.6526446258404146, -0.2656602387954961, 0.16548265679008708], [-0.3166237066228835, -0.8546679370105631, -0.0342389308938761], [0.15686079551596122, -0.05179376361911571, -0.749852881669526]]	[[-0.07097678747255498, 0.050547467214737705, -0.0677755529097765], [0.008811847531571397, -0.09844444696294612, -0.01867009246308088], [-0.06334003514737406, 0.026713403554632788, 0.039686778141955543]]	0.49050724124357686	[[0.6397770917157295, -0.6397770917157294, 0.0], [-0.7071067811865475, -0.7071067811865476, 0.0], [0.0, 0.0, -0.90478144]]
7	[[0.22433838825039393, -0.7661379269479729, -0.6022499185961573], [-0.9416906372873723, -0.011392912655017143, -0.3362869982418849], [0.2507808429735371, 0.642575192824231, -0.724020780340167]]	0.6328864218214257	0.36711357817857426	[[0.14198071981697755, -0.48487829120778747, -0.3811557960225669], [-0.5959832178955432, -0.007210419724357861, -0.21283147502237465], [0.15871579037088274, 0.4066771145377403, -0.4582229209938447]]	0.7442278913681009	0.4297237731572755	[[0.20650954560772758, -0.4902840764852221, -0.36644185302221133], [-0.8152106979716408, 0.046702449142174515, -0.20413408985908765], [0.16711017855852314, 0.36644185302221133, -0.40871295247692496]]	[[0.03955065996721851, 0.07989713738439581, 0.08176933397121722], [-0.11437826066217667, 0.055181372503958895, 0.04614007373697861], [-0.019527919403187204, -0.11178052777881696, 0.13012350618232446]]	0.41135114598543804	[[0.10847018249411242, -0.6322105538748535, -0.37034036818448285], [-0.8535533905932738, 0.14644660940672602, -0.5], [0.37034036818448285, 0.3703403681844829, -0.5237403713807413]]
7	[[-0.3195682178843842, -0.5708200961323295, -0.7563336379995778], [0.910087742671785, 0.03735879733279218, -0.41272826520656647], [0.2638493031197415, -0.8202248094963509, 0.507557688474819]]	0.6474175957875792	0.35258240421242076	[[-0.2068940873128293, -0.36955897426522766, -0.4896637055269598], [0.5892068183163122, 0.024186742750711736, -0.2672075411736136], [0.17082068147601118, -0.5310279741694527, 0.3286017783958684]]	0.7413540961854468	0.3182956612799453	[[-0.2672913137353196, -0.4033095523739671, -0.5540810208679681], [0.7472409693665789, 0.08744125726258067, -0.3541741167360237], [0.22721444416706557, -0.5780889584899092, 0.30575527588634427]]	[[-0.030378106396048085, 0.01987026407870584, 0.006630019745859755], [0.0725436934486843, 0.05974515983135323, -0.048196326713622305], [0.03160868252356966, 0.029988063823138345, -0.07052469551487969]]	0.3965743924850853	[[-0.35226775821708006, -0.3522677582170801, -0.49818184125736104], [0.8535533905932738, -0.14644660940672602, -0.5], [0.10317683758839973, -0.6013586788457606, 0.35226775821708006]]
