7	[[-0.3195682178843842, -0.5708200961323295, -0.7563336379995778], [0.910087742671785, 0.03735879733279218, -0.41272826520656647], [0.2638493031197415, -0.8202248094963509, 0.507557688474819]]	0.5751638490412628	0.4248361509587372	[[-0.18380408622963923, -0.3283150836015743, -0.43501576639121825], [0.5234495690403782, 0.021487429669481216, -0.23738637762433182], [0.15175658074920534, -0.4717636585090577, 0.29192883371366307]]	0.7064221235491945	0.46899295392446416	[[-0.23844996071155958, -0.38660685069329026, -0.4118896746372204], [0.7879953306911294, 0.01510216300280437, -0.21826019004580136], [0.16567070303865006, -0.41188967463722037, 0.3197053553287]]	[[-0.012699901614841205, 0.016633093781065336, 0.12240114003012911], [0.1450892148968338, -0.01128891794227077, 0.07330018751019651], [-0.020718281968172866, 0.16753527707492546, -0.03884462478740225]]	0.4641912565412161	[[-0.30863457755141804, -0.3086345775514181, -0.43647520539050627], [0.8535533905932738, -0.14644660940672602, -0.5], [0.09039697485616506, -0.5268721802466713, 0.30863457755141804]]
7	[[0.8787972042104137, -0.3840163418041313, 0.28327887866788265], [-0.395223040501579, -0.9183905790867732, -0.018907472103605397], [0.2674214316928388, -0.09534250611366366, -0.9588511794847616]]	0.6154438294798348	0.3845561705201653	[[0.5408503166954294, -0.23634048798277169, 0.1743422378981152], [-0.24323758154495562, -0.5652178149513667, -0.01163648703722604], [0.16458287000602084, -0.05867795707479771, -0.5901190418033582]]	0.8076470669542455	0.3154664593453364	[[0.6238165401165394, -0.2405950377123881, 0.180000662195944], [-0.321614938250287, -0.8590054043189792, -0.018776126864144413], [0.16359476764884626, -0.055965762521580045, -0.7166983844587842]]	[[-0.08594144431159217, 0.06955463440821762, -0.04878869329025898], [-0.002414208796447735, -0.11726994680113585, -0.0035055624761483016], [-0.0523873672985801, 0.021037332897187625, 0.05771495829770239]]	0.5010436884862327	[[0.6160565724868593, -0.6160565724868592, 0.0], [-0.7071067811865475, -0.7071067811865476, 0.0], [0.0, 0.0, -0.87123556]]
7	[[-0.5446221603179724, 0.8109226453022452, -0.2139887049042392], [-0.8354447797583356, -0.5021691245819775, 0.22328947644507607], [0.07361197229480154, 0.30038414347728, 0.9509735242804028]]	0.6397740617775455	0.36022593822245447	[[-0.3484351316406907, 0.5188072745724093, -0.13690442291110166], [-0.5344959001368373, -0.32127478053308606, 0.14285481529744792], [0.04709503051050133, 0.19217798356602842, 0.6084081942717806]]	0.7844690371013062	0.31386137427494876	[[-0.4597994684408608, 0.601671811248827, -0.09814485181177174], [-0.733661776900892, -0.4009769515915047, 0.10024813155088676], [0.07201248102461362, 0.10222585548934449, 0.7218049130957029]]	[[-0.03256024675218777, -0.0344718954750694, 0.06972266147501237], [-0.07828121497255759, -0.007040821968675012, -0.07491554903083687], [0.014266167999382635, -0.13341620430477796, -0.024204371805380306]]	0.4246572576969247	[[-0.6160565724868593, 0.6160565724868592, 0.0], [-0.7071067811865475, -0.7071067811865476, 0.0], [0.0, 0.0, 0.87123556]]
7	[[0.3802729664721569, 0.7767473726770865, -0.5020517802076895], [0.4287143634067757, 0.332951791095048, 0.839849450446521], [0.8195098935212374, -0.5346088512602871, -0.20639019011321075]]	0.5969795128451523	0.40302048715484806	[[0.22701517027272916, 0.4637022681445189, -0.29971462717142794], [0.25593369181629655, 0.1987653980488426, 0.5013729157908329], [0.48923061700609094, -0.31915053158807266, -0.1232107151498029]]	0.7760032140531135	0.34289847640228693	[[0.3403069380631959, 0.47526033154691305, -0.38399058074218434], [0.40331488142398375, 0.31211056458349573, 0.725965547386424], [0.5479983467060684, -0.4130449532223512, -0.05618701882875656]]	[[0.045213893863290354, -0.12749812615781764, 0.005603214320069966], [0.07063115750959137, 0.05373890456899786, 0.07423967451918267], [-0.08794396461473653, 0.0018132336168743828, 0.10397243204812807]]	0.43662719437277947	[[0.3795257005042567, 0.3795257005042568, -0.5367303929222694], [0.5, 0.5000000000000001, 0.7071067811865475], [0.5367303929222694, -0.5367303929222693, 0.0]]
7	[[-0.30792515101507295, 0.09349718223056193, 0.9468053539599837], [0.3027085282091916, -0.9338174967034747, 0.1906631317268273], [0.9019698710720718, 0.34531602882779927, 0.2592434992682147]]	0.637186487418178	0.3628135125818221	[[-0.19620574536300633, 0.059575141128989054, 0.6032915777584866], [0.1928817838011412, -0.5950158906141231, 0.12148797118516647], [0.5747230139054402, 0.22003070745797967, 0.1651864546847107]]	0.8110763084764648	0.2975720000334687	[[-0.21027908276624951, 0.0697208920692033, 0.7167588904262502], [0.2521771703845419, -0.8453222345438957, 0.12124798877714948], [0.6566937412065285, 0.24361032901723395, 0.14055819069704625]]	[[0.03947171200611373, -0.006112457347312207, -0.051172500909365856], [0.006657454780287033, -0.08792498652690818, -0.03339436026640753], [-0.07487265217960032, -0.036467320902169975, -0.06970806968593844]]	0.4791219806373307	[[0.0, 0.0, 0.9334], [0.0, -1.0, 0.0], [0.9334, 0.0, 0.0]]
7	[[0.8592155572171323, 0.2624339665249735, -0.4391776855101157], [-0.4266000482917053, 0.8413623931712975, -0.33184593135155627], [0.2824199444684594, 0.4724804086637203, 0.8348660002631537]]	0.5937506616883794	0.40624933831162047	[[0.510159805630622, 0.15582034127370908, -0.2607620413704022], [-0.25329406094949475, 0.49955947766517633, -0.19703374131858317], [0.16768702890214315, 0.28053555527887997, 0.49570224007737823]]	0.7573615850201019	0.3995169654914254	[[0.5419231985609099, 0.2578729429254497, -0.25666293233059767], [-0.3272498903571798, 0.7366140269920785, -0.3086200978173782], [0.19227997655523196, 0.27304778004702446, 0.5466839440580692]]	[[-0.10881365772698742, 0.059115538074983445, 0.07595337567280337], [-0.004159401613321942, 0.09939847132355867, -0.05729273726649159], [-0.021614040228689575, -0.08479073114947616, -0.08561149318062561]]	0.5222734290460059	[[0.6047413632274965, -0.10375721447385017, -0.35424928885067325], [-0.14644660940672619, 0.8535533905932737, -0.5], [0.35424928885067325, 0.3542492888506733, 0.5009841487536463]]
7	[[0.8489524140446696, -0.5135124485683378, 0.12483895166604869], [0.522794976890395, 0.7815435453534784, -0.34040431673891397], [0.0772347773085365, 0.35425224329800037, 0.9319550081910795]]	0.7046856527144052	0.2953143472855949	[[0.5982445860145378, -0.3618648549963515, 0.0879722181389716], [0.3684061195258204, 0.5507425233821464, -0.2398780381279627], [0.05442623945991779, 0.2496364732939937, 0.6567353232475897]]	0.8581247406972998	0.23849563807631158	[[0.6788018094893637, -0.42533425865909535, 0.05404087766035098], [0.4940954769662016, 0.6655377336781374, -0.31336786249008136], [0.022134908494684278, 0.2619606680018822, 0.7519475653406846]]	[[-0.049705260677065086, 0.015323478113445112, -0.053086515366999786], [0.04547217298428046, -0.0051241185219646525, -0.02125849645625925], [-0.044142164756017316, -0.042031946419651106, -0.047786084404835505]]	0.44950305038015137	[[0.6600134695595236, -0.6600134695595234, 0.0], [0.7071067811865475, 0.7071067811865476, 0.0], [0.0, 0.0, 0.9334]]
7	[[0.034229894132735264, 0.2773841392786001, 0.9601491309293217], [-0.1827544195208179, -0.9427759796974285, 0.2788803941677556], [0.9825625356654255, -0.18501754344446375, 0.018422055382213542]]	0.7944392066282748	0.20556079337172523	[[0.027193569937780035, 0.22036483553975791, 0.7627801138203179], [-0.14518727605192944, -0.7489782013390196, 0.2215535190868123], [0.7805862012967066, -0.14698519042633215, 0.014635203062307867]]	0.8844784252799728	0.17740328598056532	[[0.009174127462735234, 0.21841751715610805, 0.8038109049067127], [-0.1673166249199113, -0.8246056435242825, 0.25612280924746716], [0.8341727244476357, -0.1489176486600915, 0.0]]	[[-0.02110147539728663, -0.026922769550668853, -0.04542028645158843], [-0.005674283729182798, 0.009259370390282698, 0.00945911737251258], [-0.034882639836817116, 0.014726376814836765, -0.016293910534880676]]	0.3676600368842657	[[0.0, 0.0, 0.9334], [0.0, -1.0, 0.0], [0.9334, 0.0, 0.0]]
7	[[-0.42203838922340475, -0.825029846081567, 0.3757783270710803], [0.2588054115689476, 0.28760896992378115, 0.9221175843470338], [-0.8688517462515349, 0.4864224845687207, 0.09214016247897017]]	0.5874669577269971	0.4125330422730031	[[-0.24793360856107585, -0.48467777371151094, 0.22075735058418805], [0.15203962777769303, 0.16896076657611908, 0.5417136119429196], [-0.5104216920861779, 0.28575713717959356, 0.05412930093599182]]	0.7739138711572583	0.367364736462884	[[-0.24299542163899499, -0.5160559793695186, 0.2910354273824091], [0.271118825410505, 0.23646241516995786, 0.8268271139443889], [-0.6012982824843012, 0.3173414241294222, 0.026305996747013203]]	[[0.08362594194186398, 0.12244606263174385, 0.00021536758183098503], [0.07082572746673324, 0.013877843876692808, 0.11318752458019632], [0.07111813591896796, -0.059107683921088276, -0.04500255308614536]]	0.5530009483290477	[[-0.3795257005042567, -0.3795257005042568, 0.5367303929222694], [0.5, 0.5000000000000001, 0.7071067811865475], [-0.5367303929222694, 0.5367303929222693, 0.0]]
7	[[-0.8305561570912853, 0.32773595720904825, 0.4502950280316503], [-0.5100865793185324, -0.772219296347621, -0.37879947194723407], [0.22358030216652452, -0.5443036842615101, 0.808545204538665]]	0.5746789701575192	0.42532102984248077	[[-0.4773031570152065, 0.18834296237248466, 0.25877508297628], [-0.29313603009394595, -0.4437781899608149, -0.2176880904348485], [0.12848689779656527, -0.3127998807243481, 0.46465392547008066]]	0.7441526737301176	0.4032414374949302	[[-0.5336346346374743, 0.216365673555121, 0.23268003925588818], [-0.4560578936309238, -0.6755625882377979, -0.257704778997473], [0.1381531564650248, -0.3492153125903798, 0.5203804409044317]]	[[0.0844259503450172, -0.027519915279491672, -0.10240820982124262], [-0.07647560179718814, -0.10091353415472565, 0.02417986085961789], [-0.028224723185582046, 0.055829729373976705, -0.08130063488468063]]	0.5086981022203874	[[-0.5009841487536463, 0.3542492888506733, 0.35424928885067325], [-0.7071067811865475, -0.5000000000000001, -0.5], [0.0, -0.5009841487536462, 0.5009841487536463]]
7	[[0.08740825448676931, -0.06334395238859675, -0.994156597696443], [0.7119981850616444, -0.6940087028176986, 0.10681996481098455], [-0.6967197295301035, -0.717174639895393, -0.015561310176609944]]	0.6787450784723726	0.3212549215276274	[[0.05932792255075535, -0.04299439593474834, -0.6747788979172994], [0.48326526399185266, -0.47105499145450824, 0.0725035253980478], [-0.4728950874931603, -0.4867787572341941, -0.010562162696956047]]	0.8669852717499558	0.22130454564751037	[[0.0512729399505106, -0.05127293995051062, -0.7762066914354077], [0.6748952108664942, -0.6660965691800659, 0.09552829619234192], [-0.5589094850860081, -0.5664119106215397, 0.0]]	[[-0.024508729318890386, 0.00364533382483321, 0.08571243658045452], [0.057603270905349134, -0.06440124537082925, 0.0029169599723697613], [0.04513625895420432, 0.05536793944034408, 0.013491426732253526]]	0.23255101557555538	[[0.0, 0.0, -0.813211271704], [0.7071067811865475, -0.7071067811865476, 0.0], [-0.5750272047592344, -0.5750272047592343, 0.0]]
7	[[0.22433838825039393, -0.7661379269479729, -0.6022499185961573], [-0.9416906372873723, -0.011392912655017143, -0.3362869982418849], [0.2507808429735371, 0.642575192824231, -0.724020780340167]]	0.5591050659248152	0.4408949340751847	[[0.12542872935220328, -0.4283515961537477, -0.33672098043991916], [-0.5265040058413377, -0.006369835181059042, -0.18801976432168727], [0.14021283974340018, 0.3592670455456426, -0.40480368612302525]]	0.7183125983070372	0.46348860491430766	[[0.19296327217900738, -0.463737824531933, -0.3387179827918373], [-0.8168579738141957, 0.046123515548439006, -0.20224701187029415], [0.15351587770993225, 0.3387179827918373, -0.39014995119843665]]	[[0.0318181816148541, 0.08658870043563245, 0.09388572106517004], [-0.14042972534289347, 0.054307188239949455, 0.039312175613708256], [-0.026623161212018243, -0.12285187357338148, 0.1299232967559973]]	0.4645605175063558	[[0.09684698398989186, -0.5644655884365452, -0.3306562862132184], [-0.8535533905932738, 0.14644660940672602, -0.5], [0.3306562862132184, 0.33065628621321846, -0.46761860444665343]]
7	[[0.5319609947059123, -0.8460851799387872, 0.03402011756955908], [-0.703274286200726, -0.4190807785627857, 0.5742617690636116], [-0.47161719485230363, -0.3294103357928521, -0.8179645788128509]]	0.6128838794853093	0.3871161205146908	[[0.3260303181702235, -0.5185519674559099, 0.02085038163657768], [-0.43102547286896253, -0.2568478533832839, 0.35195578086380297], [-0.2890465760130589, -0.20189028454328165, -0.501317304344387]]	0.7312755371230568	0.45418256909024446	[[0.45223632000592506, -0.5896532895004596, 0.09262392119537351], [-0.5122858364693755, -0.3530146048788837, 0.34149072647401146], [-0.2491140602859539, -0.10611068875545858, -0.5334480483946196]]	[[0.06322625787384342, 0.029068104911135352, 0.06774584144670467], [0.0020014449168946243, -0.046551083437433714, -0.0784528571472179], [0.09576805719613378, 0.13477903148534584, 0.06470943832438286]]	0.4340348898920784	[[0.5009841487536463, -0.5009841487536462, 0.0], [-0.5, -0.5000000000000001, 0.7071067811865475], [-0.35424928885067325, -0.3542492888506733, -0.5009841487536463]]
7	[[0.04673222253661188, -0.9725397674033924, -0.22799671093185395], [-0.8377629715199755, -0.16246744520517667, 0.5213036857710898], [-0.5440306084466285, 0.16664552219444034, -0.8223502702654952]]	0.5664215807973029	0.433578419202697	[[0.026470139363359062, -0.5508675124408707, -0.12914225742260643], [-0.47452702666179025, -0.09202506714121537, 0.2952776577699211], [-0.30815067723845785, 0.09439162011416694, -0.4657969400528711]]	0.7271146848019467	0.43814877639976496	[[-0.00997009262992745, -0.7496669739184675, -0.11918894040597405], [-0.679612690717672, -0.14385695818587957, 0.2739275970520202], [-0.25705378487362684, 0.01701075243241354, -0.5407717007655016]]	[[-0.043949777889730535, -0.042519027485591124, 0.04659081619912152], [-0.07046293174218282, -0.02572449297493982, -0.10511996811351881], [0.13851885950965473, -0.10415965391165277, 0.05717125679538975]]	0.4461566749962995	[[-0.09684698398989186, -0.5644655884365452, -0.3306562862132184], [-0.8535533905932738, -0.14644660940672602, 0.5], [-0.3306562862132184, 0.33065628621321846, -0.46761860444665343]]
