7	[[0.8592155572171323, 0.2624339665249735, -0.4391776855101157], [-0.4266000482917053, 0.8413623931712975, -0.33184593135155627], [0.2824199444684594, 0.4724804086637203, 0.8348660002631537]]	0.8961614481307775	0.10383855186922246	[[0.7699958580121983, 0.2351832034797242, -0.39357411063346853], [-0.38230251704975426, 0.7539965406671666, -0.29738753039631727], [0.2530938664158684, 0.42341872724150126, 0.7481747237909779]]	0.8961614481307776	0.10383855186922245	[[0.7699958580121982, 0.23518320347972427, -0.3935741106334685], [-0.3823025170497544, 0.7539965406671667, -0.29738753039631727], [0.2530938664158684, 0.4234187272415013, 0.7481747237909779]]	[[0.0, 0.0, 0.0], [0.0, 0.0, 0.0], [0.0, 0.0, 0.0]]	0.4184127024165109	[[0.8324268798990395, -0.14282187322283607, -0.48762437656093766], [-0.14644660940672619, 0.8535533905932737, -0.5], [0.48762437656093766, 0.48762437656093777, 0.6896050066762034]]
7	[[0.8787972042104137, -0.3840163418041313, 0.28327887866788265], [-0.395223040501579, -0.9183905790867732, -0.018907472103605397], [0.2674214316928388, -0.09534250611366366, -0.9588511794847616]]	0.8675321173860667	0.1324678826139333	[[0.762384799321616, -0.3331465101161896, 0.24575352542149892], [-0.3428686811660941, -0.7967333236625643, -0.016402839308458782], [0.23199668087090183, -0.08271268620568067, -0.8318341939965428]]	0.8675321173860667	0.13246788261393339	[[0.762384799321616, -0.33314651011618945, 0.2457535254214989], [-0.34286868116609404, -0.7967333236625643, -0.016402839308458782], [0.2319966808709018, -0.08271268620568062, -0.8318341939965428]]	[[0.0, 0.0, 0.0], [0.0, 0.0, 0.0], [0.0, 0.0, 0.0]]	0.47006893927583504	[[0.7000533910442119, -0.7000533910442118, 0.0], [-0.7071067811865475, -0.7071067811865476, 0.0], [0.0, 0.0, -0.9900250000000003]]
7	[[-0.8305561570912853, 0.32773595720904825, 0.4502950280316503], [-0.5100865793185324, -0.772219296347621, -0.37879947194723407], [0.22358030216652452, -0.5443036842615101, 0.808545204538665]]	0.8846044087826449	0.11539559121735501	[[-0.7347136383045222, 0.28991667266372434, 0.39833296704970256], [-0.45122483692603205, -0.6831085940961373, -0.3350876829290611], [0.19778012101346357, -0.4814934388143686, 0.7152426526349684]]	0.884604408782645	0.11539559121735501	[[-0.7347136383045222, 0.2899166726637244, 0.3983329670497025], [-0.45122483692603205, -0.6831085940961373, -0.3350876829290611], [0.1977801210134635, -0.4814934388143686, 0.7152426526349684]]	[[0.0, 0.0, 0.0], [0.0, 0.0, 0.0], [0.0, 0.0, 0.0]]	0.3717946966189393	[[-0.6896050066762034, 0.48762437656093777, 0.48762437656093766], [-0.7071067811865475, -0.5000000000000001, -0.5], [0.0, -0.6896050066762033, 0.6896050066762034]]
7	[[0.22433838825039393, -0.7661379269479729, -0.6022499185961573], [-0.9416906372873723, -0.011392912655017143, -0.3362869982418849], [0.2507808429735371, 0.642575192824231, -0.724020780340167]]	0.9101710085273685	0.08982899147263183	[[0.2041862970852653, -0.6973165296413038, -0.5481504157941902], [-0.8570995170606277, -0.010369498801281136, -0.3060786763444578], [0.2282534527685679, 0.5848533113074985, -0.6589827238369821]]	0.9142902885260238	0.08375124620018963	[[0.19540324353991806, -0.7147095677578988, -0.5487548912014024], [-0.8699738029574826, -0.006089474550479174, -0.3221187181794392], [0.24068042760867228, 0.5787598947775907, -0.6716723343370461]]	[[-0.00970716618099778, -0.014237101477907126, 0.0018763606366524455], [-0.008995198489755562, 0.004326954848028272, -0.014654781529315711], [0.011393938329597597, -0.008740363669340697, -0.00970716618099778]]	0.2971902997083999	[[0.14210776385672208, -0.8282647454995443, -0.48518625467813303], [-0.8535533905932738, 0.14644660940672602, -0.5], [0.48518625467813303, 0.48518625467813314, -0.6861569816428225]]
7	[[0.04673222253661188, -0.9725397674033924, -0.22799671093185395], [-0.8377629715199755, -0.16246744520517667, 0.5213036857710898], [-0.5440306084466285, 0.16664552219444034, -0.8223502702654952]]	0.8957421004181398	0.1042578995818603	[[0.041860019172152756, -0.8711448139940837, -0.2042262527385263], [-0.750419563761845, -0.14552893061765412, 0.466953658448314], [-0.4873111199017418, 0.1492714100757257, -0.7366137583670395]]	0.896406180147885	0.10249419364491437	[[0.04353644434236942, -0.8734360491884918, -0.20205072611366015], [-0.7538850698438845, -0.14613595570251844, 0.46900399487011696], [-0.48815432354015387, 0.1465732174310414, -0.7388052557607775]]	[[0.0016453912485041519, -0.0016453912485041523, 0.0023269346190445722], [-0.0029091646743217474, -0.0004991337477601949, 0.0017041492110409714], [-0.00048192393898186686, -0.002808858558026438, -0.0016453912485041519]]	0.326069426992809	[[-1.9375763813434726e-16, -0.9703725093562663, 0.0], [-0.7071067811865476, 1.3401577416544657e-16, 0.7071067811865475], [-0.6861569816428224, 1.077329902350617e-16, -0.6861569816428225]]
7	[[-0.5446221603179724, 0.8109226453022452, -0.2139887049042392], [-0.8354447797583356, -0.5021691245819775, 0.22328947644507607], [0.07361197229480154, 0.30038414347728, 0.9509735242804028]]	0.8801683638883416	0.11983163611165841	[[-0.4793591957844038, 0.7137484579556831, -0.18834608828614935], [-0.7353320649189502, -0.44199337677855993, 0.19653233315614702], [0.0647909292173094, 0.2643886201023985, 0.8370168109670123]]	0.8803036062554407	0.11870657246971061	[[-0.4822833212479784, 0.714693012232973, -0.18350897285746065], [-0.7383825526826869, -0.4470759178890928, 0.1957021574546467], [0.06883205726315686, 0.26157877529156254, 0.8399958923509232]]	[[-0.0028504694734386715, 0.0008348831792049395, 0.004866055767672405], [-0.00293750023414167, -0.0050146265694403155, -0.0008603738988430238], [0.004031172588467465, -0.002850469473438672, 0.0028504694734386715]]	0.3829878562277772	[[-0.7000533910442119, 0.7000533910442118, 0.0], [-0.7071067811865475, -0.7071067811865476, 0.0], [0.0, 0.0, 0.9900250000000003]]
7	[[-0.3195682178843842, -0.5708200961323295, -0.7563336379995778], [0.910087742671785, 0.03735879733279218, -0.41272826520656647], [0.2638493031197415, -0.8202248094963509, 0.507557688474819]]	0.9066188639573498	0.09338113604265015	[[-0.28972657465521523, -0.5175162670795178, -0.6857063436559067], [0.8251027153626028, 0.03387019039666895, -0.37418723092466505], [0.23921075545035844, -0.7436312849752154, 0.4601613749178589]]	0.9066188639573503	0.09338113604264996	[[-0.2897265746552153, -0.5175162670795179, -0.6857063436559068], [0.8251027153626033, 0.033870190396668956, -0.3741872309246652], [0.23921075545035855, -0.7436312849752155, 0.4601613749178591]]	[[0.0, 0.0, 0.0], [0.0, 0.0, 0.0], [0.0, 0.0, 0.0]]	0.23743908026133875	[[-0.4827603234047424, -0.4827603234047425, -0.6827261967346084], [0.8535533905932738, -0.14644660940672602, -0.5], [0.14139722503743846, -0.8241234217720467, 0.4827603234047424]]
7	[[0.08740825448676931, -0.06334395238859675, -0.994156597696443], [0.7119981850616444, -0.6940087028176986, 0.10681996481098455], [-0.6967197295301035, -0.717174639895393, -0.015561310176609944]]	0.9384580663520298	0.061541933647970115	[[0.08202898148885965, -0.059445643073697554, -0.9329742783253169], [0.6681804399991055, -0.6512980652777781, 0.10024605762430842], [-0.6538422501641302, -0.673038325792944, -0.014603637058245526]]	0.9652344703499065	0.05699619331113894	[[0.06683298448493838, -0.05810040934467079, -0.9416113286852648], [0.6803407979364499, -0.6726857660616266, 0.09013038308669717], [-0.6802139700297112, -0.7000667718968963, -0.00617486309890429]]	[[-0.01753647573880823, 0.0030413569890060796, 0.017982888337126725], [-0.0069043931116210865, -0.002804643379159583, -0.012975929070429137], [-0.007716070914391673, -0.007825088209081637, 0.008845449887366418]]	0.11612421090324956	[[0.0, 0.0, -0.9850748750000003], [0.7071067811865475, -0.7071067811865476, 0.0], [-0.696553124088991, -0.6965531240889908, 0.0]]
7	[[0.034229894132735264, 0.2773841392786001, 0.9601491309293217], [-0.1827544195208179, -0.9427759796974285, 0.2788803941677556], [0.9825625356654255, -0.18501754344446375, 0.018422055382213542]]	0.8944788717709888	0.1055211282290113	[[0.030617917084689455, 0.24811425194908904, 0.8588331113655551], [-0.16346996698414312, -0.8432931946525446, 0.2494526203342227], [0.8788814283464517, -0.16549428351804382, 0.016478139313985018]]	0.9342686745455144	0.12242148106299305	[[0.012135806056833526, 0.24435725222481144, 0.8887456008670461], [-0.1631618628244267, -0.8280410150034754, 0.2519838509260948], [0.9230772417060698, -0.16650015475178875, 0.0]]	[[-0.019844111764390326, -0.01479405991895462, -0.008291655052318698], [0.007579866468622699, 0.05276504994179013, -0.008565365289744817], [0.005099843851852862, 0.006355940329737512, -0.017211149264344708]]	0.3404811176955507	[[0.0, 0.0, 0.9950000000000001], [0.0, -1.0, 0.0], [0.9950000000000001, 0.0, 0.0]]
7	[[0.5319609947059123, -0.8460851799387872, 0.03402011756955908], [-0.703274286200726, -0.4190807785627857, 0.5742617690636116], [-0.47161719485230363, -0.3294103357928521, -0.8179645788128509]]	0.8932722319502698	0.10672776804973019	[[0.47518598505143594, -0.755784397103966, 0.03038922635257062], [-0.6282153913077555, -0.37435322243423635, 0.5129720921751627], [-0.42128254427184264, -0.29425310588116893, -0.7306650449724177]]	0.8960878882117302	0.1496891445256567	[[0.5421100618528558, -0.7411153237993516, -6.443219628784261e-05], [-0.5871981752451723, -0.3931379029167039, 0.5837899391406389], [-0.4026035644341611, -0.38329748478746917, -0.7410697633564299]]	[[0.0654262574958235, 0.017051358339238, -0.030549447505908826], [0.042997394710048265, -0.017604693064249388, 0.06920092321969495], [0.020006891745379653, -0.08811687263173534, -0.008101611296024925]]	0.2905173940984068	[[0.6896050066762034, -0.6896050066762033, 0.0], [-0.5, -0.5000000000000001, 0.7071067811865475], [-0.48762437656093766, -0.48762437656093777, -0.6896050066762034]]
7	[[0.3802729664721569, 0.7767473726770865, -0.5020517802076895], [0.4287143634067757, 0.332951791095048, 0.839849450446521], [0.8195098935212374, -0.5346088512602871, -0.20639019011321075]]	0.8838521218370409	0.11614787816295932	[[0.33610506829368175, 0.6865298134719895, -0.44373953120862997], [0.378920099759095, 0.29428014702880134, 0.7423027188008303], [0.7243255582551933, -0.4725151675392677, -0.1824184074579116]]	0.883852121837041	0.11614787816295928	[[0.33610506829368175, 0.6865298134719897, -0.44373953120863], [0.37892009975909496, 0.2942801470288014, 0.7423027188008304], [0.724325558255193, -0.4725151675392677, -0.18241840745791163]]	[[0.0, 0.0, 0.0], [0.0, 0.0, 0.0], [0.0, 0.0, 0.0]]	0.36772041174324266	[[0.4900747503125001, 0.4900747503125002, -0.693070358468546], [0.5, 0.5000000000000001, 0.7071067811865475], [0.693070358468546, -0.6930703584685459, 0.0]]
7	[[0.8489524140446696, -0.5135124485683378, 0.12483895166604869], [0.522794976890395, 0.7815435453534784, -0.34040431673891397], [0.0772347773085365, 0.35425224329800037, 0.9319550081910795]]	0.8833405220542369	0.11665947794576328	[[0.749914068621423, -0.4536063543997049, 0.11027530473739111], [0.46180598781369414, 0.6903690833606607, -0.3006929268576681], [0.06822460850846536, 0.3129253615337402, 0.8232336234665686]]	0.921580668457427	0.13566835519116982	[[0.7764454859770065, -0.48739602715087177, 0.06598982752979722], [0.5093426347098496, 0.669319937663557, -0.28898965658917153], [0.023424810651204754, 0.30180937916262013, 0.860620994900189]]	[[-0.005932647246826276, -0.014152881538052867, -0.04905933699612434], [0.02754489044101448, -0.05093548529188893, 0.024720381176870473], [-0.04775326704895683, -0.02466264001849413, 0.0017492754792071492]]	0.4285329926539178	[[0.7035712472806149, -0.7035712472806148, 0.0], [0.7071067811865475, 0.7071067811865476, 0.0], [0.0, 0.0, 0.9950000000000001]]
7	[[-0.30792515101507295, 0.09349718223056193, 0.9468053539599837], [0.3027085282091916, -0.9338174967034747, 0.1906631317268273], [0.9019698710720718, 0.34531602882779927, 0.2592434992682147]]	0.8978545928495131	0.10214540715048695	[[-0.27647201109276315, 0.08394687448419792, 0.8500935355874802], [0.27178824234733906, -0.83843232829845, 0.1711877685080036], [0.809837791353943, 0.31004358246759445, 0.23276296648434602]]	0.8978545928495131	0.10214540715048681	[[-0.27647201109276315, 0.08394687448419791, 0.8500935355874805], [0.27178824234733917, -0.8384323282984502, 0.1711877685080036], [0.809837791353943, 0.31004358246759445, 0.232762966484346]]	[[0.0, 0.0, 0.0], [0.0, 0.0, 0.0], [0.0, 0.0, 0.0]]	0.3694394011701374	[[-0.48518625467813303, -0.1421077638567219, 0.8282647454995444], [0.5, -0.8535533905932737, 0.14644660940672619], [0.6861569816428225, 0.48518625467813314, 0.48518625467813303]]
7	[[-0.42203838922340475, -0.825029846081567, 0.3757783270710803], [0.2588054115689476, 0.28760896992378115, 0.9221175843470338], [-0.8688517462515349, 0.4864224845687207, 0.09214016247897017]]	0.8671475176269098	0.13285248237309025	[[-0.36596954155833505, -0.7154225829977423, 0.3258552434976803], [0.2244224701904236, 0.2493994043166394, 0.799611974226653], [-0.7534226349478244, 0.42180005001168003, 0.07989911316737913]]	0.8795383298190727	0.1959600186641533	[[-0.2990214237052209, -0.6817371972129607, 0.3544144370899788], [0.2567099247870226, 0.2334452807418234, 0.8292331143840979], [-0.7919800992596564, 0.4006518632797926, 0.022228289564242564]]	[[0.07217751627186432, 0.043908175660507344, 0.023902994915675525], [0.0290806453475327, -0.019517832305923005, 0.018195354350709902], [-0.02779168550119663, -0.02717535638422368, -0.05881251505176883]]	0.480281816309671	[[-0.4900747503125001, -0.4900747503125002, 0.693070358468546], [0.5, 0.5000000000000001, 0.7071067811865475], [-0.693070358468546, 0.6930703584685459, 0.0]]
