7	[[0.8787972042104137, -0.3840163418041313, 0.28327887866788265], [-0.395223040501579, -0.9183905790867732, -0.018907472103605397], [0.2674214316928388, -0.09534250611366366, -0.9588511794847616]]	0.5610993373553074	0.4389006626446927	[[0.4930925289521599, -0.2154713149199073, 0.15894759110730344], [-0.2217593861329858, -0.5153083453589455, -0.010608970068396943], [0.1500499881174594, -0.05349661700217101, -0.5380107614312545]]	0.7813468281498841	0.3801763617513574	[[0.5405074475273165, -0.22700282557245555, 0.2199198395906854], [-0.34558045534574255, -0.846231652784474, -0.02564917396567551], [0.19769136092028636, -0.07449556473977204, -0.6259065019949842]]	[[-0.14613796056947603, 0.07304712505392424, -0.001419213738320553], [-0.03677418623808065, -0.1286500868122885, -0.010875880609191018], [-0.011257526512214174, 0.0, 0.12328882576320939]]	0.5170401388106829	[[0.9012, 0.0, 0.0], [0.0, -1.0, 0.0], [0.0, 0.0, -0.9012]]
7	[[0.5319609947059123, -0.8460851799387872, 0.03402011756955908], [-0.703274286200726, -0.4190807785627857, 0.5742617690636116], [-0.47161719485230363, -0.3294103357928521, -0.8179645788128509]]	0.535967963711409	0.4640320362885912	[[0.28511405110642335, -0.45347455101819284, 0.018233693138979327], [-0.37693248710559785, -0.22461387151688805, 0.3077859110023353], [-0.25277170757627593, -0.17655338690038638, -0.43840280969438405]]	0.689630701956909	0.5039386333274268	[[0.4148043155829694, -0.5174793763460045, 0.08029650630717006], [-0.5342974441476219, -0.333606766868613, 0.3275181085159592], [-0.2348533842158987, -0.11698249103117044, -0.4696393977971543]]	[[0.04794768139023557, 0.06600694021051914, 0.0568351887470185], [-0.04929790448677115, -0.044595795371711044, -0.06851043839039567], [0.09038831292504383, 0.11018899007351525, 0.09445408886543949]]	0.5158011338378161	[[0.4203305126056417, -0.42033051260564164, 0.0], [-0.5, -0.5000000000000001, 0.7071067811865475], [-0.2972185558030668, -0.29721855580306683, -0.4203305126056417]]
7	[[-0.5446221603179724, 0.8109226453022452, -0.2139887049042392], [-0.8354447797583356, -0.5021691245819775, 0.22328947644507607], [0.07361197229480154, 0.30038414347728, 0.9509735242804028]]	0.5595628964671872	0.4404371035328128	[[-0.3047503535077413, 0.4537622242161578, -0.11974013952747825], [-0.4674839007999656, -0.28099520986748316, 0.12494450619024855], [0.04119052843194148, 0.1680838213769619, 0.5321294997099512]]	0.7446786964044145	0.3564237929234171	[[-0.4175361678623913, 0.5715760360951163, -0.07389979180417809], [-0.7293273868597284, -0.3845865123836879, 0.1113716638051796], [0.06577995922664591, 0.08158127304260136, 0.6819269940864315]]	[[-0.011967647483847543, -0.03230078229337898, 0.08545303800917971], [-0.10718945735141798, -0.010631863315435046, -0.05490725243476387], [0.010962691658395227, -0.14210839934261613, -0.026242730289810626]]	0.4514401051925509	[[-0.5742848616422314, 0.5742848616422314, 0.0], [-0.7071067811865475, -0.7071067811865476, 0.0], [0.0, 0.0, 0.81216144]]
7	[[0.04673222253661188, -0.9725397674033924, -0.22799671093185395], [-0.8377629715199755, -0.16246744520517667, 0.5213036857710898], [-0.5440306084466285, 0.16664552219444034, -0.8223502702654952]]	0.5052020903116514	0.49479790968834847	[[0.02360921651040557, -0.49132912340340124, -0.11518441494695397], [-0.4232396043975921, -0.08207889292524895, 0.26336371173872286], [-0.2748454005807563, 0.08418966615370796, -0.4154530755064797]]	0.6799198080133193	0.4923023258626326	[[0.003500573370933997, -0.6736414244761224, -0.09965120657521465], [-0.668077682568293, -0.14563761758742985, 0.27957378022143553], [-0.23092327203256077, 0.008981728494629436, -0.4869860396627542]]	[[-0.028273590404194776, -0.012392372537889731, 0.05536827334923976], [-0.09846604381176359, -0.035172783435111724, -0.07487092172467955], [0.1389739148158402, -0.10432386296209377, 0.07214619821586243]]	0.5330453751352899	[[-0.07845243350962176, -0.457254291469826, -0.2678533624897238], [-0.8535533905932738, -0.14644660940672602, 0.5], [-0.2678533624897238, 0.26785336248972386, -0.3788018579602044]]
7	[[0.8592155572171323, 0.2624339665249735, -0.4391776855101157], [-0.4266000482917053, 0.8413623931712975, -0.33184593135155627], [0.2824199444684594, 0.4724804086637203, 0.8348660002631537]]	0.50320838383786	0.49679161616214	[[0.4323644719155795, 0.13205897215919105, -0.22099789334319728], [-0.21466872084602212, 0.4233806100896828, -0.16698765479858607], [0.14211608381955168, 0.23775610283872226, 0.4201115707136]]	0.7245357618787149	0.4810602369792568	[[0.43799091038509874, 0.17309550381661615, -0.27983378682100124], [-0.34877988361628925, 0.749527144316984, -0.2559150815799669], [0.2323245514715789, 0.3020067786082921, 0.43210334737300393]]	[[-0.18454148798126088, -0.017047290062408686, 0.03836615215020123], [-0.039692892609762026, 0.1399300017645193, -0.015480836881815303], [0.02770120183637927, -0.040322174255643134, -0.17278692619429561]]	0.5887246692557877	[[0.5073838121058877, -0.08705329950024597, -0.2972185558030668], [-0.14644660940672619, 0.8535533905932737, -0.5], [0.2972185558030668, 0.29721855580306683, 0.4203305126056417]]
7	[[-0.30792515101507295, 0.09349718223056193, 0.9468053539599837], [0.3027085282091916, -0.9338174967034747, 0.1906631317268273], [0.9019698710720718, 0.34531602882779927, 0.2592434992682147]]	0.571011605742995	0.42898839425700513	[[-0.175828834929771, 0.05338797615791857, 0.540636845490755], [0.1728500827648292, -0.533220628263555, 0.10887086100332381], [0.5150352644126658, 0.19717946010975604, 0.14803104679557622]]	0.7838265194786819	0.3198802190297384	[[-0.16505187624954248, 0.07017123296872457, 0.712121429278299], [0.2597381364124869, -0.8362519362351357, 0.13558465994098257], [0.6569957836888313, 0.232322190569478, 0.0948806432808179]]	[[0.07630802313054968, -0.0031143379601208387, -0.0300097159399363], [0.02246716432976191, -0.10430101796575579, -0.013862158993361939], [-0.04999212102822636, -0.03834567042681613, -0.10832128644806106]]	0.4875703075572547	[[0.0, 0.0, 0.9012], [0.0, -1.0, 0.0], [0.9012, 0.0, 0.0]]
7	[[0.8489524140446696, -0.5135124485683378, 0.12483895166604869], [0.522794976890395, 0.7815435453534784, -0.34040431673891397], [0.0772347773085365, 0.35425224329800037, 0.9319550081910795]]	0.6472025500433893	0.3527974499566107	[[0.5494441672352014, -0.332346566192453, 0.08079608786301014], [0.33835424219333843, 0.5058169755227225, -0.22031054183920268], [0.04998654482611812, 0.229272955221057, 0.6031636578269745]]	0.8070109334289459	0.2912101929436895	[[0.6306651467206974, -0.3897129595519137, 0.052732010911229164], [0.4765666372569382, 0.6239691529960405, -0.264976877069649], [0.023562921156510236, 0.2231109364000063, 0.6979533571631407]]	[[-0.054448733374248375, 0.024697200894604178, -0.04801438800107988], [0.05466537496465628, -0.006745033055037811, 0.009733128325064499], [-0.038766388572428596, -0.06277449713321104, -0.05414452391092316]]	0.46189710127322436	[[0.6372446312053167, -0.6372446312053166, 0.0], [0.7071067811865475, 0.7071067811865476, 0.0], [0.0, 0.0, 0.9012]]
7	[[0.034229894132735264, 0.2773841392786001, 0.9601491309293217], [-0.1827544195208179, -0.9427759796974285, 0.2788803941677556], [0.9825625356654255, -0.18501754344446375, 0.018422055382213542]]	0.7241390452570822	0.2758609547429178	[[0.024787202856529925, 0.20086468578666303, 0.6952814749755762], [-0.1323396108683173, -0.6827008978294065, 0.20194818237355727], [0.7115118964821391, -0.13397842726568468, 0.013340129596149216]]	0.8557387965743901	0.2216107240307739	[[0.009249608717118583, 0.20475581158589237, 0.7604690174645643], [-0.16941261170234154, -0.8227132793135775, 0.2585953938074704], [0.7887098787531238, -0.14040765462722943, 0.0]]	[[-0.020042239694897074, -0.03261255794919986, -0.06116784436884003], [-0.013022564672945611, -0.015943297008058327, 0.019946620914163635], [-0.05210700307628851, 0.017919035345085942, -0.015764467503202186]]	0.3829876807464751	[[0.0, 0.0, 0.9012], [0.0, -1.0, 0.0], [0.9012, 0.0, 0.0]]
7	[[-0.8305561570912853, 0.32773595720904825, 0.4502950280316503], [-0.5100865793185324, -0.772219296347621, -0.37879947194723407], [0.22358030216652452, -0.5443036842615101, 0.808545204538665]]	0.499227437304236	0.500772562695764	[[-0.4146364218419368, 0.16361478202992388, 0.22479963287507995], [-0.25464921579647487, -0.3855130603525032, -0.1891070896324155], [0.11161742128230083, -0.27173133340912775, 0.403647950406467]]	0.7017575986488395	0.4551212229280028	[[-0.4739856138824453, 0.15538730603370363, 0.2491663520520103], [-0.43593530665048935, -0.669701665231765, -0.2695449421986782], [0.1458682627860635, -0.341422211371724, 0.43958761349573383]]	[[0.10886348046094352, -0.07460389228819689, -0.06683160550299247], [-0.07797817364491527, -0.127790906196562, -0.0037195343955387927], [-0.011030913167498727, 0.04054703503134935, -0.1278151276403544]]	0.5822576606010242	[[-0.4203305126056417, 0.29721855580306683, 0.2972185558030668], [-0.7071067811865475, -0.5000000000000001, -0.5], [0.0, -0.42033051260564164, 0.4203305126056417]]
7	[[0.3802729664721569, 0.7767473726770865, -0.5020517802076895], [0.4287143634067757, 0.332951791095048, 0.839849450446521], [0.8195098935212374, -0.5346088512602871, -0.20639019011321075]]	0.5147883815115537	0.4852116184884466	[[0.195760104942799, 0.399860522823789, -0.2584504233681107], [0.22069717326893012, 0.1713997136591927, 0.43234473930873235], [0.4218741717185035, -0.2752104252820341, -0.10624727192824165]]	0.721691484584605	0.4372591333808048	[[0.2827200424130562, 0.3904561460755931, -0.3270124936407147], [0.42228148024949236, 0.31657422181699385, 0.6993193528754061], [0.5009496169369377, -0.3683516084897707, -0.03147490984547005]]	[[0.008280280692373614, -0.17011581845892493, 0.03531400095571659], [0.11288197485971259, 0.07628574940650534, 0.0932071561550918], [-0.09048369475017572, 0.017471047048336123, 0.11747513286103188]]	0.49204298919011524	[[0.3298031023114367, 0.3298031023114368, -0.46641202020155537], [0.5, 0.5000000000000001, 0.7071067811865475], [0.46641202020155537, -0.4664120202015553, 0.0]]
7	[[-0.42203838922340475, -0.825029846081567, 0.3757783270710803], [0.2588054115689476, 0.28760896992378115, 0.9221175843470338], [-0.8688517462515349, 0.4864224845687207, 0.09214016247897017]]	0.4993368135742874	0.5006631864257127	[[-0.2107393044808398, -0.4119677744460545, 0.1876399524499496], [0.1292310695486203, 0.14361374659712392, 0.460447256308667], [-0.43384966244169676, 0.242888653495433, 0.04600897513446607]]	0.7134242701353333	0.44486354532666883	[[-0.20274208563120238, -0.4600935979374531, 0.24782946084858634], [0.27034679656137894, 0.23559185055332427, 0.8272385431223834], [-0.5288881618543886, 0.26459297474090826, 0.02212763242254555]]	[[0.09835034416959684, 0.1285027178431551, -0.020259917874775678], [0.0857087347057279, 0.0304046311010756, 0.16937747853064397], [0.09097176107092246, -0.08243263128994667, -0.04360739574416476]]	0.6011782422549338	[[-0.3298031023114367, -0.3298031023114368, 0.46641202020155537], [0.5, 0.5000000000000001, 0.7071067811865475], [-0.46641202020155537, 0.4664120202015553, 0.0]]
7	[[-0.3195682178843842, -0.5708200961323295, -0.7563336379995778], [0.910087742671785, 0.03735879733279218, -0.41272826520656647], [0.2638493031197415, -0.8202248094963509, 0.507557688474819]]	0.47188697062768725	0.5281130293723126	[[-0.15080007824635072, -0.2693625659372902, -0.35690398921943867], [0.42945854789477883, 0.017629129699665014, -0.19476109076074732], [0.12450704835140121, -0.38705340058690496, 0.23950986003317376]]	0.6617747012302465	0.5285653871698731	[[-0.22600728006184956, -0.3563771508221309, -0.35357754976997363], [0.7784809219263364, 0.01187888874987636, -0.2264394748997834], [0.14936088261544256, -0.3535775497699736, 0.30063154880336085]]	[[-0.014525118148728923, 0.02137714775206208, 0.14694491754758235], [0.17620787792640663, -0.012844218193353515, 0.046693649496570046], [-0.02524791112643305, 0.1892264784761099, -0.03525728884417701]]	0.5768246150827279	[[-0.24138945027573908, -0.24138945027573913, -0.34137623439373616], [0.8535533905932738, -0.14644660940672602, -0.5], [0.07070133307887114, -0.41207756747260715, 0.24138945027573908]]
7	[[0.22433838825039393, -0.7661379269479729, -0.6022499185961573], [-0.9416906372873723, -0.011392912655017143, -0.3362869982418849], [0.2507808429735371, 0.642575192824231, -0.724020780340167]]	0.4529554675357658	0.5470445324642343	[[0.10161529953617739, -0.3470263628976014, -0.2727923934510993], [-0.42654392288655507, -0.005160482078247458, -0.15232303451485224], [0.11359255397809198, 0.29105794689258446, -0.32794917106459043]]	0.668273197304085	0.5245940039041272	[[0.1605224658140302, -0.4054244180310727, -0.3061688305600911], [-0.8258195398710804, 0.05444005104387799, -0.19673026760757756], [0.12976450515107646, 0.3061688305600911, -0.34215049528573904]]	[[0.010603133819894226, 0.1065650239863727, 0.09629864811628785], [-0.1965129268197264, 0.06205362921045258, 0.028001319919320113], [-0.037825610605462814, -0.12324694805684672, 0.14169318650678303]]	0.5584900196251811	[[0.07845243350962176, -0.457254291469826, -0.2678533624897238], [-0.8535533905932738, 0.14644660940672602, -0.5], [0.2678533624897238, 0.26785336248972386, -0.3788018579602044]]
7	[[0.08740825448676931, -0.06334395238859675, -0.994156597696443], [0.7119981850616444, -0.6940087028176986, 0.10681996481098455], [-0.6967197295301035, -0.717174639895393, -0.015561310176609944]]	0.5796070383497501	0.4203929616502498	[[0.050662439510397624, -0.03671460064132214, -0.5762201612466995], [0.4126791593539771, -0.4022523288291182, 0.06191360344071928], [-0.4038236589927823, -0.41567946900931724, -0.009019444904306716]]	0.8201060637088526	0.302253338638387	[[0.04538642400791571, -0.04538642400791572, -0.6953934711555843], [0.6785005065482939, -0.6634514867895188, 0.09730972196707628], [-0.4994053191976926, -0.5104319019178943, 0.0]]	[[-0.02629761551489031, 0.00656233544525733, 0.11992038289143087], [0.09458647762954132, -0.09429074134200935, 0.009706021100421599], [0.07197875569553697, 0.07772736899853028, 0.012761924835092092]]	0.3017308306736013	[[0.0, 0.0, -0.731919889728], [0.7071067811865475, -0.7071067811865476, 0.0], [-0.517545517311979, -0.5175455173119788, 0.0]]
