7	[[0.8489524140446696, -0.5135124485683378, 0.12483895166604869], [0.522794976890395, 0.7815435453534784, -0.34040431673891397], [0.0772347773085365, 0.35425224329800037, 0.9319550081910795]]	0.8867370685653485	0.1132629314346517	[[0.7527975749814461, -0.45535052331530196, 0.11069932604312321], [0.463581685268478, 0.6930236323629128, -0.301849125952055], [0.06848694002186916, 0.3141285957547675, 0.826399051998153]]	0.9234203972828978	0.1338414442175228	[[0.7786675866173342, -0.49041632156689835, 0.06720514409935965], [0.5105173765038636, 0.6682405244450133, -0.2904208488267706], [0.025431010274774898, 0.30461392974800816, 0.8627967654815998]]	[[-0.005272388834069648, -0.016228452300210305, -0.04807369024448349], [0.027757831246231737, -0.05345272669918012, 0.02391544057309068], [-0.04588915847153002, -0.0225098174965891, 0.002210501568006865]]	0.42797851118349634	[[0.7048440394867506, -0.7048440394867505, 0.0], [0.7071067811865475, 0.7071067811865476, 0.0], [0.0, 0.0, 0.9967999999999999]]
7	[[-0.42203838922340475, -0.825029846081567, 0.3757783270710803], [0.2588054115689476, 0.28760896992378115, 0.9221175843470338], [-0.8688517462515349, 0.4864224845687207, 0.09214016247897017]]	0.8744091271026018	0.12559087289739848	[[-0.3690342195246254, -0.7214136275457769, 0.3285839989582993], [0.22630181401943306, 0.251487908337932, 0.8063080320148497], [-0.7597318970213757, 0.42533226013481384, 0.08056819904432819]]	0.8823655129769897	0.19103385400344253	[[-0.30130949784044664, -0.6867172894757955, 0.3583168480603514], [0.25793267585177587, 0.2346415460008994, 0.8287260152237466], [-0.7977320555277643, 0.4038589502142309, 0.022257028103555572]]	[[0.07108262196264539, 0.0412605938832933, 0.026743011728642595], [0.029571706111520477, -0.019134690282681405, 0.015081259886273471], [-0.031087238745575285, -0.025343474905790198, -0.05904427362798414]]	0.4789115673339315	[[-0.4936306545164285, -0.4936306545164286, 0.6980991664202412], [0.5, 0.5000000000000001, 0.7071067811865475], [-0.6980991664202412, 0.6980991664202411, 0.0]]
7	[[0.8592155572171323, 0.2624339665249735, -0.4391776855101157], [-0.4266000482917053, 0.8413623931712975, -0.33184593135155627], [0.2824199444684594, 0.4724804086637203, 0.8348660002631537]]	0.8987997005859802	0.10120029941401991	[[0.7722626855655748, 0.2358755705362374, -0.3947327722405358], [-0.3834279956745494, 0.7562162670666658, -0.2982630237394545], [0.2538389615277605, 0.42466524983969334, 0.7503773110659376]]	0.8987997005859804	0.10120029941401962	[[0.7722626855655749, 0.2358755705362374, -0.3947327722405358], [-0.38342799567454955, 0.756216267066666, -0.29826302373945457], [0.2538389615277605, 0.42466524983969345, 0.7503773110659376]]	[[0.0, 0.0, 0.0], [0.0, 0.0, 0.0], [0.0, 0.0, 0.0]]	0.4165962788864619	[[0.8399836609658242, -0.14411841187812788, -0.4920510364219759], [-0.14644660940672619, 0.8535533905932737, -0.5], [0.4920510364219759, 0.492051036421976, 0.6958652490876963]]
7	[[0.04673222253661188, -0.9725397674033924, -0.22799671093185395], [-0.8377629715199755, -0.16246744520517667, 0.5213036857710898], [-0.5440306084466285, 0.16664552219444034, -0.8223502702654952]]	0.9088523977100991	0.09114760228990099	[[0.042472692502721586, -0.8838950994729954, -0.20721535740043187], [-0.761402885378667, -0.14765892712455891, 0.47378810474816696], [-0.4944435229144026, 0.15145618241406877, -0.7473950148883434]]	0.9088523977100993	0.09114760228990093	[[0.04247269250272159, -0.8838950994729954, -0.20721535740043184], [-0.7614028853786671, -0.14765892712455894, 0.473788104748167], [-0.49444352291440247, 0.15145618241406872, -0.7473950148883433]]	[[0.0, 0.0, 0.0], [0.0, 0.0, 0.0], [0.0, 0.0, 0.0]]	0.32254447842062545	[[1.9587027058797473e-16, -0.9809529462108513, 0.0], [-0.7071067811865476, -1.3401577416544657e-16, 0.7071067811865475], [-0.6936384802906155, -1.0890765469571698e-16, -0.6936384802906156]]
7	[[0.034229894132735264, 0.2773841392786001, 0.9601491309293217], [-0.1827544195208179, -0.9427759796974285, 0.2788803941677556], [0.9825625356654255, -0.18501754344446375, 0.018422055382213542]]	0.8964277625434842	0.10357223745651596	[[0.03068462740950821, 0.2486548433385657, 0.8607043371470426], [-0.16382613538598, -0.8451305620599071, 0.24999612776104613], [0.8807963354056096, -0.16585486250121248, 0.01651404188772984]]	0.9356153613399872	0.12222187852734426	[[0.012499502842092048, 0.24516482545244345, 0.8912094148564136], [-0.1629961031783923, -0.8280991269240595, 0.25200931598531917], [0.9256928409984514, -0.16709193398336028, 0.0]]	[[-0.019526511925536564, -0.014360036248685381, -0.007120861218298572], [0.007991739078057327, 0.053976561983210776, -0.008915464774583527], [0.006392239152710208, 0.0060133217806684685, -0.01723595800305498]]	0.33972866313122196	[[0.0, 0.0, 0.9967999999999999], [0.0, -1.0, 0.0], [0.9967999999999999, 0.0, 0.0]]
7	[[0.5319609947059123, -0.8460851799387872, 0.03402011756955908], [-0.703274286200726, -0.4190807785627857, 0.5742617690636116], [-0.47161719485230363, -0.3294103357928521, -0.8179645788128509]]	0.8968893092523339	0.10311069074766616	[[0.47711012909097006, -0.7588447526039354, 0.030512279747645046], [-0.6307591887654973, -0.3758690700061072, 0.5150492413854859], [-0.422988420122606, -0.29544460852983057, -0.733623686084334]]	0.9000657726104321	0.14466624059487	[[0.5423356784843032, -0.7467421203449391, -0.0024224533255644254], [-0.5875503926792718, -0.39265023928790316, 0.5832918284684311], [-0.4066075150461079, -0.38227800927287575, -0.7450291871713247]]	[[0.06353579478571231, 0.01479019083090191, -0.03304279673010736], [0.04544272108703481, -0.015449974544607961, 0.06641846561555777], [0.017878979814995442, -0.08578704088162038, -0.008807266574169274]]	0.2872935948581954	[[0.6958652490876963, -0.6958652490876962, 0.0], [-0.5, -0.5000000000000001, 0.7071067811865475], [-0.4920510364219759, -0.492051036421976, -0.6958652490876963]]
7	[[-0.3195682178843842, -0.5708200961323295, -0.7563336379995778], [0.910087742671785, 0.03735879733279218, -0.41272826520656647], [0.2638493031197415, -0.8202248094963509, 0.507557688474819]]	0.9168876957538109	0.08311230424618905	[[-0.2930081669321648, -0.5233779226327404, -0.69347300656653], [0.8344482533121202, 0.03425382160259744, -0.37842546805771654], [0.24192017956370854, -0.7520540355792178, 0.4653733994478073]]	0.916887695753811	0.08311230424618912	[[-0.29300816693216486, -0.5233779226327404, -0.6934730065665299], [0.8344482533121201, 0.03425382160259746, -0.3784254680577165], [0.24192017956370857, -0.7520540355792179, 0.4653733994478074]]	[[0.0, 0.0, 0.0], [0.0, 0.0, 0.0], [0.0, 0.0, 0.0]]	0.23209849229301732	[[-0.4889069483914881, -0.48890694839148824, -0.6914188371536856], [0.8535533905932738, -0.14644660940672602, -0.5], [0.14319752981464562, -0.834616366968331, 0.4889069483914881]]
7	[[-0.30792515101507295, 0.09349718223056193, 0.9468053539599837], [0.3027085282091916, -0.9338174967034747, 0.1906631317268273], [0.9019698710720718, 0.34531602882779927, 0.2592434992682147]]	0.9011858811380598	0.09881411886194032	[[-0.2774977985420886, 0.08425834055237467, 0.8532476171746605], [0.2727966517222056, -0.841543143588858, 0.1718229223657828], [0.8128425130220673, 0.31119392971027593, 0.23362658131734002]]	0.9011858811380595	0.09881411886194036	[[-0.27749779854208856, 0.08425834055237466, 0.8532476171746604], [0.27279665172220546, -0.8415431435888582, 0.17182292236578278], [0.8128425130220672, 0.3111939297102759, 0.23362658131734002]]	[[0.0, 0.0, 0.0], [0.0, 0.0, 0.0], [0.0, 0.0, 0.0]]	0.36855643765603296	[[-0.4904764731054255, -0.14365723296011784, 0.8372957132507335], [0.5, -0.8535533905932737, 0.14644660940672619], [0.6936384802906156, 0.49047647310542564, 0.4904764731054255]]
7	[[0.8787972042104137, -0.3840163418041313, 0.28327887866788265], [-0.395223040501579, -0.9183905790867732, -0.018907472103605397], [0.2674214316928388, -0.09534250611366366, -0.9588511794847616]]	0.871939380969621	0.12806061903037916	[[0.7662578902370616, -0.3348389713549128, 0.247002010107442], [-0.34461053327987834, -0.8007809130172527, -0.016486169521718066], [0.23317527760826362, -0.08313288576084017, -0.8360601038819339]]	0.8719393809696208	0.12806061903037927	[[0.7662578902370617, -0.3348389713549125, 0.24700201010744188], [-0.3446105332798782, -0.8007809130172527, -0.01648616952171808], [0.23317527760826356, -0.08313288576084019, -0.8360601038819337]]	[[0.0, 0.0, 0.0], [0.0, 0.0, 0.0], [0.0, 0.0, 0.0]]	0.46942932591233183	[[0.7025885385603929, -0.7025885385603928, 0.0], [-0.7071067811865475, -0.7071067811865476, 0.0], [0.0, 0.0, -0.9936102399999999]]
7	[[-0.5446221603179724, 0.8109226453022452, -0.2139887049042392], [-0.8354447797583356, -0.5021691245819775, 0.22328947644507607], [0.07361197229480154, 0.30038414347728, 0.9509735242804028]]	0.8857919161223469	0.1142080838776532	[[-0.48242190695074877, 0.7183087238092779, -0.18954946494566555], [-0.7400302322765482, -0.4448173510809513, 0.19778801319023953], [0.06520488998855736, 0.26607784602350987, 0.8423646602539593]]	0.8857919161223468	0.11420808387765334	[[-0.4824219069507486, 0.7183087238092779, -0.1895494649456654], [-0.7400302322765482, -0.44481735108095133, 0.19778801319023948], [0.06520488998855736, 0.26607784602350976, 0.842364660253959]]	[[0.0, 0.0, 0.0], [0.0, 0.0, 0.0], [0.0, 0.0, 0.0]]	0.3820265389708664	[[-0.7025885385603929, 0.7025885385603928, 0.0], [-0.7071067811865475, -0.7071067811865476, 0.0], [0.0, 0.0, 0.9936102399999999]]
7	[[0.3802729664721569, 0.7767473726770865, -0.5020517802076895], [0.4287143634067757, 0.332951791095048, 0.839849450446521], [0.8195098935212374, -0.5346088512602871, -0.20639019011321075]]	0.8886339171821682	0.11136608281783192	[[0.3379234557946361, 0.6902440604429968, -0.44614024007424], [0.3809701241064227, 0.2958722543536115, 0.7463187069935833], [0.7282442868493186, -0.47507155765568804, -0.18340532310827487]]	0.8886339171821682	0.11136608281783204	[[0.3379234557946361, 0.6902440604429968, -0.44614024007424], [0.38097012410642267, 0.29587225435361136, 0.7463187069935833], [0.7282442868493185, -0.4750715576556881, -0.18340532310827487]]	[[0.0, 0.0, 0.0], [0.0, 0.0, 0.0], [0.0, 0.0, 0.0]]	0.36715317188612134	[[0.4936306545164285, 0.4936306545164286, -0.6980991664202412], [0.5, 0.5000000000000001, 0.7071067811865475], [0.6980991664202412, -0.6980991664202411, 0.0]]
7	[[-0.8305561570912853, 0.32773595720904825, 0.4502950280316503], [-0.5100865793185324, -0.772219296347621, -0.37879947194723407], [0.22358030216652452, -0.5443036842615101, 0.808545204538665]]	0.8892837412578803	0.11071625874211972	[[-0.7386000867029059, 0.29145025817159503, 0.40044004719780807], [-0.45361170162181896, -0.6867220649275402, -0.33686021159974583], [0.1988263275822143, -0.4840404167205238, 0.719026104468262]]	0.8892837412578805	0.11071625874211954	[[-0.7386000867029061, 0.29145025817159503, 0.4004400471978081], [-0.4536117016218191, -0.6867220649275403, -0.3368602115997459], [0.19882632758221433, -0.48404041672052384, 0.7190261044682622]]	[[0.0, 0.0, 0.0], [0.0, 0.0, 0.0], [0.0, 0.0, 0.0]]	0.36816007144020463	[[-0.6958652490876963, 0.492051036421976, 0.4920510364219759], [-0.7071067811865475, -0.5000000000000001, -0.5], [0.0, -0.6958652490876962, 0.6958652490876963]]
7	[[0.08740825448676931, -0.06334395238859675, -0.994156597696443], [0.7119981850616444, -0.6940087028176986, 0.10681996481098455], [-0.6967197295301035, -0.717174639895393, -0.015561310176609944]]	0.9413290251912694	0.05867097480873077	[[0.08227992698970096, -0.05962750095371995, -0.9358284609970619], [0.6702245574820305, -0.6532905356976415, 0.10055273334648976], [-0.6558425038300972, -0.6750973046646298, -0.014648312939247215]]	0.9680391170729505	0.05336782287865129	[[0.06882195418521606, -0.05692869521058823, -0.9447379310678305], [0.6791159127466657, -0.6725695311985265, 0.09006646580072337], [-0.6810945821575031, -0.704377179516882, -0.008409804071367108]]	[[-0.015792655313043864, 0.004390728531579983, 0.01764454399848276], [-0.0101261816779517, -0.0007419592819378549, -0.013339438620665736], [-0.006642630335876863, -0.010124074325434353, 0.0066541528924967015]]	0.11348801973413972	[[0.0, 0.0, -0.9904306872319997], [0.7071067811865475, -0.7071067811865476, 0.0], [-0.7003402552369995, -0.7003402552369994, 0.0]]
7	[[0.22433838825039393, -0.7661379269479729, -0.6022499185961573], [-0.9416906372873723, -0.011392912655017143, -0.3362869982418849], [0.2507808429735371, 0.642575192824231, -0.724020780340167]]	0.9203804007677535	0.07961959923224655	[[0.2064766556854894, -0.7051383322477512, -0.5542990214398781], [-0.8667136061457932, -0.010485813515336641, -0.3095119622148508], [0.23081377276085913, 0.5914136134949822, -0.6663745359736646]]	0.9189823153016042	0.07929008611384733	[[0.19792407308112972, -0.7144406217229757, -0.5525728950891906], [-0.8722252253426686, -0.005817624380462101, -0.31959961006060505], [0.23842344630795512, 0.5838052997773405, -0.6736012314077287]]	[[-0.008238938364247593, -0.010373415775956036, 0.0008841294925086584], [-0.006828183190475915, 0.00465226086927454, -0.010557805810450986], [0.007960286598845918, -0.006709938679646133, -0.008238938364247593]]	0.2938524506649512	[[0.143657232960118, -0.8372957132507334, -0.4904764731054255], [-0.8535533905932738, 0.14644660940672602, -0.5], [0.4904764731054255, 0.49047647310542564, -0.6936384802906156]]
