7	[[-0.30792515101507295, 0.09349718223056193, 0.9468053539599837], [0.3027085282091916, -0.9338174967034747, 0.1906631317268273], [0.9019698710720718, 0.34531602882779927, 0.2592434992682147]]	0.9035034514788658	0.09649654852113446	[[-0.27821143673926946, 0.08447502684886116, 0.8554419051815144], [0.27349820002909214, -0.8437073313229435, 0.17226479758495808], [0.8149328916435645, 0.3119942238968922, 0.23422739636229079]]	0.9035034514788657	0.09649654852113454	[[-0.2782114367392694, 0.08447502684886118, 0.8554419051815143], [0.2734982000290922, -0.8437073313229434, 0.17226479758495808], [0.8149328916435644, 0.3119942238968921, 0.23422739636229073]]	[[0.0, 0.0, 0.0], [0.0, 0.0, 0.0], [0.0, 0.0, 0.0]]	0.36811627138598585	[[-0.49402992011990393, -0.14469801349407146, 0.8433618267457367], [0.5, -0.8535533905932737, 0.14644660940672619], [0.6986638132516652, 0.49402992011990404, 0.49402992011990393]]
7	[[0.8787972042104137, -0.3840163418041313, 0.28327887866788265], [-0.395223040501579, -0.9183905790867732, -0.018907472103605397], [0.2674214316928388, -0.09534250611366366, -0.9588511794847616]]	0.874652687049455	0.12534731295054527	[[0.7686423360341867, -0.3358809252298855, 0.2477706324112201], [-0.34568289435856164, -0.8032727877591512, -0.01653747128073109], [0.2339008738047537, -0.08339157916234498, -0.8386617606168858]]	0.8746526870494548	0.12534731295054533	[[0.7686423360341871, -0.33588092522988533, 0.24777063241122], [-0.34568289435856164, -0.8032727877591509, -0.016537471280731082], [0.23390087380475366, -0.08339157916234499, -0.8386617606168859]]	[[0.0, 0.0, 0.0], [0.0, 0.0, 0.0], [0.0, 0.0, 0.0]]	0.4690129655805972	[[0.7042811824889261, -0.704281182488926, 0.0], [-0.7071067811865475, -0.7071067811865476, 0.0], [0.0, 0.0, -0.996004]]
7	[[-0.8305561570912853, 0.32773595720904825, 0.4502950280316503], [-0.5100865793185324, -0.772219296347621, -0.37879947194723407], [0.22358030216652452, -0.5443036842615101, 0.808545204538665]]	0.892199138643453	0.107800861356547	[[-0.7410214879518612, 0.2924057387244004, 0.4017528361452679], [-0.4550988067015799, -0.6889733910452008, -0.33796456258991703], [0.19947815301061614, -0.4856272782585774, 0.7213833350436915]]	0.8921991386434529	0.10780086135654708	[[-0.7410214879518611, 0.2924057387244004, 0.4017528361452679], [-0.4550988067015799, -0.6889733910452007, -0.33796456258991703], [0.19947815301061617, -0.4856272782585772, 0.7213833350436915]]	[[0.0, 0.0, 0.0], [0.0, 0.0, 0.0], [0.0, 0.0, 0.0]]	0.3657562978361944	[[-0.700063941133933, 0.495019960039984, 0.4950199600399839], [-0.7071067811865475, -0.5000000000000001, -0.5], [0.0, -0.7000639411339329, 0.700063941133933]]
7	[[-0.5446221603179724, 0.8109226453022452, -0.2139887049042392], [-0.8354447797583356, -0.5021691245819775, 0.22328947644507607], [0.07361197229480154, 0.30038414347728, 0.9509735242804028]]	0.8877976422821924	0.11220235771780765	[[-0.4835142698649301, 0.719935212572572, -0.1899786676890034], [-0.7417059057264158, -0.44582456483079197, 0.19823587073436366], [0.06535253544706687, 0.266680334358085, 0.8442720527289291]]	0.8877976422821925	0.11220235771780768	[[-0.4835142698649301, 0.7199352125725718, -0.18997866768900343], [-0.741705905726416, -0.44582456483079214, 0.19823587073436366], [0.06535253544706689, 0.266680334358085, 0.8442720527289289]]	[[0.0, 0.0, 0.0], [0.0, 0.0, 0.0], [0.0, 0.0, 0.0]]	0.3813957181627686	[[-0.7042811824889261, 0.704281182488926, 0.0], [-0.7071067811865475, -0.7071067811865476, 0.0], [0.0, 0.0, 0.996004]]
7	[[0.3802729664721569, 0.7767473726770865, -0.5020517802076895], [0.4287143634067757, 0.332951791095048, 0.839849450446521], [0.8195098935212374, -0.5346088512602871, -0.20639019011321075]]	0.8903959292218318	0.10960407077816842	[[0.3385935013399186, 0.6916126986654308, -0.4470248613555004], [0.38172552397632215, 0.29645891941814845, 0.7477985318367749], [0.7296882731483264, -0.47601354488811937, -0.18376898510812278]]	0.8903959292218319	0.10960407077816829	[[0.33859350133991867, 0.6916126986654308, -0.4470248613555005], [0.3817255239763222, 0.2964589194181485, 0.7477985318367748], [0.7296882731483265, -0.47601354488811953, -0.1837689851081228]]	[[0.0, 0.0, 0.0], [0.0, 0.0, 0.0], [0.0, 0.0, 0.0]]	0.36684203832374057	[[0.4960119840079999, 0.496011984008, -0.7014668748837004], [0.5, 0.5000000000000001, 0.7071067811865475], [0.7014668748837004, -0.7014668748837003, 0.0]]
7	[[0.8592155572171323, 0.2624339665249735, -0.4391776855101157], [-0.4266000482917053, 0.8413623931712975, -0.33184593135155627], [0.2824199444684594, 0.4724804086637203, 0.8348660002631537]]	0.9005071077785545	0.09949289222144571	[[0.7737297163879387, 0.2363236521782579, -0.395482627379594], [-0.3841563756653552, 0.757652815268328, -0.29882961986947076], [0.25432116737227245, 0.4254719662877964, 0.7518027672796221]]	0.9005071077785546	0.09949289222144563	[[0.773729716387939, 0.23632365217825793, -0.39548262737959394], [-0.38415637566535515, 0.757652815268328, -0.29882961986947065], [0.2543211673722724, 0.42547196628779627, 0.7518027672796226]]	[[0.0, 0.0, 0.0], [0.0, 0.0, 0.0], [0.0, 0.0, 0.0]]	0.4154521613337936	[[0.8450519306069505, -0.1449879894730175, -0.4950199600399839], [-0.14644660940672619, 0.8535533905932737, -0.5], [0.4950199600399839, 0.495019960039984, 0.700063941133933]]
7	[[0.22433838825039393, -0.7661379269479729, -0.6022499185961573], [-0.9416906372873723, -0.011392912655017143, -0.3362869982418849], [0.2507808429735371, 0.642575192824231, -0.724020780340167]]	0.9275196664245774	0.0724803335754228	[[0.20807826703623267, -0.7106079944380009, -0.5585986436005367], [-0.8734365857719312, -0.010567150545385814, -0.3119128044322355], [0.23260416382048946, 0.5960011285010393, -0.6715435126655737]]	0.9275196664245772	0.07248033357542272	[[0.2080782670362326, -0.7106079944380009, -0.5585986436005366], [-0.8734365857719314, -0.010567150545385814, -0.31191280443223546], [0.23260416382048937, 0.5960011285010393, -0.671543512665574]]	[[0.0, 0.0, 0.0], [0.0, 0.0, 0.0], [0.0, 0.0, 0.0]]	0.29173610709205544	[[0.14469801349407163, -0.8433618267457366, -0.49402992011990393], [-0.8535533905932738, 0.14644660940672602, -0.5], [0.49402992011990393, 0.49402992011990404, -0.6986638132516652]]
7	[[0.034229894132735264, 0.2773841392786001, 0.9601491309293217], [-0.1827544195208179, -0.9427759796974285, 0.2788803941677556], [0.9825625356654255, -0.18501754344446375, 0.018422055382213542]]	0.8977931674389725	0.10220683256102753	[[0.030731365074529112, 0.24903358500026754, 0.8620153294708126], [-0.16407566916506594, -0.8464178329979348, 0.25037691241649845], [0.8821379311019307, -0.16610748636078287, 0.01653919545233366]]	0.9365102242579499	0.12209638529157682	[[0.01274339665096218, 0.24570242579510324, 0.8928542188181956], [-0.1628858580483493, -0.8281386608005821, 0.25202411789448853], [0.9274381507477653, -0.1674879160140765, 0.0]]	[[-0.01931324917961161, -0.014070656686297003, -0.0063352591094994045], [0.008265524361223376, 0.054780683370865134, -0.009150222588701786], [0.007258290124277671, 0.005782905088753257, -0.017252443217289182]]	0.33922832649611817	[[0.0, 0.0, 0.998], [0.0, -1.0, 0.0], [0.998, 0.0, 0.0]]
7	[[0.08740825448676931, -0.06334395238859675, -0.994156597696443], [0.7119981850616444, -0.6940087028176986, 0.10681996481098455], [-0.6967197295301035, -0.717174639895393, -0.015561310176609944]]	0.9432900259652446	0.05670997403475539	[[0.08245133464440133, -0.05975171849338066, -0.937778002854597], [0.6716207864740055, -0.6546514873010127, 0.1007622073801601], [-0.6572087717589497, -0.6765036846885402, -0.014678828680547602]]	0.9699121014784068	0.05076031666158732	[[0.07002920311313739, -0.05645229030001492, -0.9470807662781725], [0.678551403008742, -0.6722044882326269, 0.09015500085739779], [-0.6818299295562208, -0.7073268753725568, -0.009600327117737435]]	[[-0.01474912068268442, 0.004985775677157099, 0.017163748592207644], [-0.012024252913208926, 0.0009229511615903302, -0.013450975692273713], [-0.006073032546211002, -0.011730513264596622, 0.005492775937415633]]	0.11176565457923245	[[0.0, 0.0, -0.994011992], [0.7071067811865475, -0.7071067811865476, 0.0], [-0.7028726201239482, -0.7028726201239481, 0.0]]
7	[[-0.3195682178843842, -0.5708200961323295, -0.7563336379995778], [0.910087742671785, 0.03735879733279218, -0.41272826520656647], [0.2638493031197415, -0.8202248094963509, 0.507557688474819]]	0.9224789941005618	0.07752100589943828	[[-0.29479496818049594, -0.5265695480925373, -0.6977018935862689], [0.8395368254031191, 0.03446270578436088, -0.3807331549246234], [0.24339543973603334, -0.7566401572005186, 0.4682113059122573]]	0.9224789941005619	0.07752100589943824	[[-0.294794968180496, -0.5265695480925375, -0.697701893586269], [0.8395368254031191, 0.03446270578436089, -0.3807331549246234], [0.24339543973603334, -0.7566401572005186, 0.46821130591225724]]	[[0.0, 0.0, 0.0], [0.0, 0.0, 0.0], [0.0, 0.0, 0.0]]	0.22864410938948412	[[-0.4930418602796641, -0.49304186027966423, -0.6972664856251618], [0.8535533905932738, -0.14644660940672602, -0.5], [0.1444086174670835, -0.841675103092245, 0.4930418602796641]]
7	[[0.8489524140446696, -0.5135124485683378, 0.12483895166604869], [0.522794976890395, 0.7815435453534784, -0.34040431673891397], [0.0772347773085365, 0.35425224329800037, 0.9319550081910795]]	0.8883431111104374	0.11165688888956275	[[0.7541610286771578, -0.4561752461551357, 0.1108998227107832], [0.4644213162437226, 0.6942788245475903, -0.30239582976726964], [0.06861098236018716, 0.31469753992919725, 0.8278958113914167]]	0.9243949720108102	0.13271904890360214	[[0.7799446775052457, -0.4921886190661856, 0.06773191719155074], [0.5105903902181594, 0.6678444694629507, -0.291303996421616], [0.026625020198678205, 0.305992410032751, 0.8639639760036346]]	[[-0.004822665514086533, -0.017500293544654356, -0.047668582039645246], [0.027321342188170582, -0.054610454269307315, 0.02336404242261139], [-0.04477041960970757, -0.02147658249547074, 0.0024694522915073595]]	0.42761080564627557	[[0.7056925676241744, -0.7056925676241743, 0.0], [0.7071067811865475, 0.7071067811865476, 0.0], [0.0, 0.0, 0.998]]
7	[[0.04673222253661188, -0.9725397674033924, -0.22799671093185395], [-0.8377629715199755, -0.16246744520517667, 0.5213036857710898], [-0.5440306084466285, 0.16664552219444034, -0.8223502702654952]]	0.9161493905047496	0.08385060949525036	[[0.04281369719384939, -0.8909917151482489, -0.2088790477573056], [-0.7675160357454734, -0.1488444509015865, 0.4775920539870634], [-0.49841331034430686, 0.1526721935887822, -0.7533956988851497]]	0.9161493905047497	0.08385060949525032	[[0.042813697193849407, -0.890991715148249, -0.20887904775730556], [-0.7675160357454737, -0.14884445090158657, 0.47759205398706345], [-0.4984133103443069, 0.15267219358878217, -0.7533956988851496]]	[[0.0, 0.0, 0.0], [0.0, 0.0, 0.0], [0.0, 0.0, 0.0]]	0.3202791964576018	[[-1.9728932872105733e-16, -0.9880598402398081, 0.0], [-0.7071067811865476, 1.3401577416544657e-16, 0.7071067811865475], [-0.698663813251665, 1.0969667843416887e-16, -0.6986638132516652]]
7	[[-0.42203838922340475, -0.825029846081567, 0.3757783270710803], [0.2588054115689476, 0.28760896992378115, 0.9221175843470338], [-0.8688517462515349, 0.4864224845687207, 0.09214016247897017]]	0.8773964197262265	0.12260358027377358	[[-0.37029497169163894, -0.7238782331192467, 0.32970655878287686], [0.22707494151636715, 0.25234708049227356, 0.809062667072684], [-0.7623274114339768, 0.4267853464349311, 0.08084344867204121]]	0.8840899545033671	0.18901439776288384	[[-0.30255022998463343, -0.6898636693594519, 0.35904851619300554], [0.2565888610728719, 0.23409632663773455, 0.8310163266523435], [-0.7999166347023356, 0.40246677677250436, 0.021932196812193296]]	[[0.07056967034256086, 0.039536929726720925, 0.026826672109382672], [0.0277815965336558, -0.020175874496941495, 0.01578143346021968], [-0.03177353388864514, -0.027574455479270787, -0.05952799524177229]]	0.47803415909040714	[[-0.4960119840079999, -0.496011984008, 0.7014668748837004], [0.5, 0.5000000000000001, 0.7071067811865475], [-0.7014668748837004, 0.7014668748837003, 0.0]]
7	[[0.5319609947059123, -0.8460851799387872, 0.03402011756955908], [-0.703274286200726, -0.4190807785627857, 0.5742617690636116], [-0.47161719485230363, -0.3294103357928521, -0.8179645788128509]]	0.8991711977913456	0.1008288022086545	[[0.47832400478799075, -0.7607754246790653, 0.030589909864022824], [-0.6323639822989603, -0.37682536563162966, 0.5163596427347048], [-0.4240645979943402, -0.2961962861997081, -0.7354901900820447]]	0.9026226134222015	0.1416275156738375	[[0.5426411865629133, -0.7503888983711074, -0.004321469675622738], [-0.5877400671804827, -0.3928282271763834, 0.5830235882163827], [-0.4094256315851304, -0.38154452793193894, -0.7473331578587827]]	[[0.06248116328278876, 0.013306717923034313, -0.035028797105188705], [0.04705120698264975, -0.014556439595030696, 0.06468192943572874], [0.016266713367303565, -0.08421130975030983, -0.009019832043936948]]	0.2852037280213637	[[0.700063941133933, -0.7000639411339329, 0.0], [-0.5, -0.5000000000000001, 0.7071067811865475], [-0.4950199600399839, -0.495019960039984, -0.700063941133933]]
7	[[0.50607966, 0.26960331, 0.8192664], [-0.59451586, 0.79721188, 0.10490047], [-0.62484739, -0.54015486, 0.56373616]]	0.9491652326446888	0.050834767548650996	[[ 0.48035322  0.25589809  0.77761918]
 [-0.56429378  0.7566858   0.09956788]
 [-0.59308342 -0.51269621  0.53507876]]	0.9651315926027945	0.04037933483939284	[[ 0.49473468  0.26668315  0.7865699 ]
 [-0.58137109  0.78467732  0.10272307]
 [-0.60826263 -0.50538465  0.56158311]]	[[0.006301210933966296, 0.006480479864061893, -0.004129982519173155], [-0.007585046389791446, 0.015262946614486878, 0.001480311296419093], [-0.005202669989853298, 0.015935867168692372, 0.017503533908579935]]	0.1503082579105313	WordDict: (word: THRHRHZ, matrix: [[ 0.49304186  0.14440862  0.8416751 ]
 [-0.5         0.85355339  0.14644661]
 [-0.69726649 -0.49304186  0.49304186]])
7	[[0.50607966, 0.26960331, 0.8192664], [-0.59451586, 0.79721188, 0.10490047], [-0.62484739, -0.54015486, 0.56373616]]	0.9491652326446888	0.050834767548650996	[[ 0.48035322  0.25589809  0.77761918]
 [-0.56429378  0.7566858   0.09956788]
 [-0.59308342 -0.51269621  0.53507876]]	0.9651315926027945	0.04037933483939284	[[ 0.49473468  0.26668315  0.7865699 ]
 [-0.58137109  0.78467732  0.10272307]
 [-0.60826263 -0.50538465  0.56158311]]	[[0.006301210933966296, 0.006480479864061893, -0.004129982519173155], [-0.007585046389791446, 0.015262946614486878, 0.001480311296419093], [-0.005202669989853298, 0.015935867168692372, 0.017503533908579935]]	0.1503082579105313	WordDict: (word: THRHRHZ, matrix: [[ 0.49304186  0.14440862  0.8416751 ]
 [-0.5         0.85355339  0.14644661]
 [-0.69726649 -0.49304186  0.49304186]])
7	[[0.50607966, 0.26960331, 0.8192664], [-0.59451586, 0.79721188, 0.10490047], [-0.62484739, -0.54015486, 0.56373616]]	0.9491652326446888	0.050834767548650996	[[ 0.48035322  0.25589809  0.77761918]
 [-0.56429378  0.7566858   0.09956788]
 [-0.59308342 -0.51269621  0.53507876]]	0.9651315926027945	0.04037933483939284	[[ 0.49473468  0.26668315  0.7865699 ]
 [-0.58137109  0.78467732  0.10272307]
 [-0.60826263 -0.50538465  0.56158311]]	[[0.006301210933966296, 0.006480479864061893, -0.004129982519173155], [-0.007585046389791446, 0.015262946614486878, 0.001480311296419093], [-0.005202669989853298, 0.015935867168692372, 0.017503533908579935]]	0.1503082579105313	WordDict: (word: THRHRHZ, matrix: [[ 0.49304186  0.14440862  0.8416751 ]
 [-0.5         0.85355339  0.14644661]
 [-0.69726649 -0.49304186  0.49304186]])
7	[[0.50607966, 0.26960331, 0.8192664], [-0.59451586, 0.79721188, 0.10490047], [-0.62484739, -0.54015486, 0.56373616]]	0.9491652326446888	0.050834767548650996	[[ 0.48035322  0.25589809  0.77761918]
 [-0.56429378  0.7566858   0.09956788]
 [-0.59308342 -0.51269621  0.53507876]]	0.9651315926027945	0.04037933483939284	[[ 0.49473468  0.26668315  0.7865699 ]
 [-0.58137109  0.78467732  0.10272307]
 [-0.60826263 -0.50538465  0.56158311]]	[[0.006301210933966296, 0.006480479864061893, -0.004129982519173155], [-0.007585046389791446, 0.015262946614486878, 0.001480311296419093], [-0.005202669989853298, 0.015935867168692372, 0.017503533908579935]]	0.1503082579105313	WordDict: (word: THRHRHZ, matrix: [[ 0.49304186  0.14440862  0.8416751 ]
 [-0.5         0.85355339  0.14644661]
 [-0.69726649 -0.49304186  0.49304186]])
7	[[0.50607966, 0.26960331, 0.8192664], [-0.59451586, 0.79721188, 0.10490047], [-0.62484739, -0.54015486, 0.56373616]]	0.9491652319215907	0.05083476827177351	[[ 0.48035322  0.25589809  0.77761918]
 [-0.56429378  0.7566858   0.09956788]
 [-0.59308342 -0.51269621  0.53507876]]	0.9685314050499441	0.0405083968757436	[[ 0.4926501   0.25857049  0.79204492]
 [-0.57612933  0.78762335  0.10741084]
 [-0.61168409 -0.50543267  0.55587735]]	[[0.0024960550319576124, -0.0025487837939698636, -0.0014403141689368513], [-0.00032204428958389116, 0.015498607786182863, 0.005811437263726258], [-0.006499768314199453, 0.017724272091860692, 0.009881173410594517]]	0.1503082579105313	WordDict: (word: THRHRHZ, matrix: [[ 0.49304186  0.14440862  0.8416751 ]
 [-0.5         0.85355339  0.14644661]
 [-0.69726649 -0.49304186  0.49304186]])
