7	[[0.22433838825039393, -0.7661379269479729, -0.6022499185961573], [-0.9416906372873723, -0.011392912655017143, -0.3362869982418849], [0.2507808429735371, 0.642575192824231, -0.724020780340167]]	0.9387584213940225	0.06124157860597769	[[0.21059955121201904, -0.7192184308717681, -0.5653671828660071], [-0.8840200161014246, -0.01069519269910383, -0.31569225160488634], [0.2354226282656999, 0.6032228736426346, -0.6796806048086034]]	0.9387584213940224	0.06124157860597765	[[0.21059955121201904, -0.7192184308717681, -0.5653671828660072], [-0.8840200161014246, -0.010695192699103833, -0.31569225160488623], [0.2354226282656999, 0.6032228736426347, -0.6796806048086036]]	[[0.0, 0.0, 0.0], [0.0, 0.0, 0.0], [0.0, 0.0, 0.0]]	0.2887382828225178	[[0.14627096131997602, -0.8525296385200481, -0.49940029992001195], [-0.8535533905932738, 0.14644660940672602, -0.5], [0.49940029992001195, 0.49940029992001206, -0.7062586772000724]]
7	[[0.8787972042104137, -0.3840163418041313, 0.28327887866788265], [-0.395223040501579, -0.9183905790867732, -0.018907472103605397], [0.2674214316928388, -0.09534250611366366, -0.9588511794847616]]	0.8783639479019797	0.12163605209802052	[[0.771903781695481, -0.3373061100459528, 0.24882195422396727], [-0.347149670156791, -0.8066811747626433, -0.01660764184176941], [0.23489334449532143, -0.08374542007286623, -0.8422203074627048]]	0.8783639479019795	0.12163605209802048	[[0.7719037816954812, -0.33730611004595284, 0.2488219542239673], [-0.347149670156791, -0.8066811747626436, -0.01660764184176939], [0.23489334449532145, -0.08374542007286626, -0.8422203074627047]]	[[0.0, 0.0, 0.0], [0.0, 0.0, 0.0], [0.0, 0.0, 0.0]]	0.46840371618423093	[[0.7068239667583442, -0.7068239667583441, 0.0], [-0.7071067811865475, -0.7071067811865476, 0.0], [0.0, 0.0, -0.99960004]]
7	[[0.034229894132735264, 0.2773841392786001, 0.9601491309293217], [-0.1827544195208179, -0.9427759796974285, 0.2788803941677556], [0.9825625356654255, -0.18501754344446375, 0.018422055382213542]]	0.8999509190103544	0.10004908098964574	[[0.03080522468238225, 0.24963211106267233, 0.864087092766836], [-0.16447000780096388, -0.8484521093495879, 0.2509786670252416], [0.8842580569572437, -0.1665067082558833, 0.016578945671282718]]	0.9370369414719192	0.12226703037022647	[[0.011773841347496462, 0.25177370516918124, 0.891817581928181], [-0.1635486634708326, -0.8262261435823022, 0.25597853747864857], [0.928389505754863, -0.16758092182143555, -0.0018764079239783375]]	[[-0.02030083395754939, -0.008145480313259084, -0.007877623074752002], [0.00769897883743062, 0.057189776926568424, -0.00534269410878845], [0.00769211253003916, 0.00578735120641269, -0.01913855435495402]]	0.33847976900226967	[[0.0, 0.0, 0.9998], [0.0, -1.0, 0.0], [0.9998, 0.0, 0.0]]
7	[[0.04673222253661188, -0.9725397674033924, -0.22799671093185395], [-0.8377629715199755, -0.16246744520517667, 0.5213036857710898], [-0.5440306084466285, 0.16664552219444034, -0.8223502702654952]]	0.9229776357571308	0.07702236424286935	[[0.04313279627051824, -0.8976324551977731, -0.21043586521628455], [-0.7732364867783755, -0.1499538184629752, 0.4811516434044786], [-0.5021280847635824, 0.15381009008453697, -0.7590109082138842]]	0.9229776357571307	0.07702236424286943	[[0.04313279627051823, -0.897632455197773, -0.2104358652162845], [-0.7732364867783752, -0.14995381846297523, 0.4811516434044786], [-0.5021280847635825, 0.15381009008453694, -0.7590109082138843]]	[[0.0, 0.0, 0.0], [0.0, 0.0, 0.0], [0.0, 0.0, 0.0]]	0.3170183284840055	[[-1.994339733723029e-16, -0.9988005998400241, 0.0], [-0.7071067811865476, 1.3401577416544657e-16, 0.7071067811865475], [-0.7062586772000723, 1.1088914229518122e-16, -0.7062586772000724]]
7	[[-0.5446221603179724, 0.8109226453022452, -0.2139887049042392], [-0.8354447797583356, -0.5021691245819775, 0.22328947644507607], [0.07361197229480154, 0.30038414347728, 0.9509735242804028]]	0.8907231921605259	0.10927680783947423	[[-0.48510758915978597, 0.7223076072188737, -0.19060470231860072], [-0.7441500411001922, -0.4472936856521157, 0.19888911523501066], [0.06556789094365784, 0.26755912315248825, 0.8470541732071858]]	0.8907231921605258	0.10927680783947429	[[-0.4851075891597859, 0.7223076072188737, -0.19060470231860072], [-0.7441500411001921, -0.44729368565211586, 0.19888911523501074], [0.06556789094365781, 0.26755912315248825, 0.8470541732071858]]	[[0.0, 0.0, 0.0], [0.0, 0.0, 0.0], [0.0, 0.0, 0.0]]	0.3804648529651067	[[-0.7068239667583442, 0.7068239667583441, 0.0], [-0.7071067811865475, -0.7071067811865476, 0.0], [0.0, 0.0, 0.99960004]]
7	[[-0.8305561570912853, 0.32773595720904825, 0.4502950280316503], [-0.5100865793185324, -0.772219296347621, -0.37879947194723407], [0.22358030216652452, -0.5443036842615101, 0.808545204538665]]	0.8965481967024692	0.10345180329753088	[[-0.7446336249003246, 0.29383108143032977, 0.4037111953658638], [-0.4573172028501613, -0.6923318175993092, -0.3396119834861403], [0.20045051672559072, -0.4879944865831671, 0.7248997450815691]]	0.8965481967024691	0.10345180329753088	[[-0.7446336249003246, 0.2938310814303298, 0.4037111953658638], [-0.4573172028501613, -0.6923318175993092, -0.33961198348614025], [0.20045051672559075, -0.48799448658316713, 0.7248997450815692]]	[[0.0, 0.0, 0.0], [0.0, 0.0, 0.0], [0.0, 0.0, 0.0]]	0.3621807457861428	[[-0.7063999571915107, 0.49950019996000405, 0.49950019996000394], [-0.7071067811865475, -0.5000000000000001, -0.5], [0.0, -0.7063999571915106, 0.7063999571915107]]
7	[[-0.42203838922340475, -0.825029846081567, 0.3757783270710803], [0.2588054115689476, 0.28760896992378115, 0.9221175843470338], [-0.8688517462515349, 0.4864224845687207, 0.09214016247897017]]	0.879223943776593	0.12077605622340713	[[-0.3710662569981227, -0.7253859950052309, 0.3303933027132057], [0.22754791463037444, 0.25287269280191055, 0.8107478591353445], [-0.7639152588964541, 0.42767429522411965, 0.08101183703497623]]	0.8861153200241714	0.18649544762280065	[[-0.3060674728311117, -0.6931327671368899, 0.3575498631595117], [0.25302829476953426, 0.23309478354693297, 0.8343903297871366], [-0.8003756008131031, 0.39949735414183296, 0.019917569197028074]]	[[0.06790720949807143, 0.037938818953170576, 0.024566930608773758], [0.023696854673128848, -0.021759930878900654, 0.017287811433549065], [-0.030472757629864185, -0.03152906143873153, -0.06172924036510372]]	0.47677408517341124	[[-0.4996001199840007, -0.49960011998400083, 0.7065412654445996], [0.5, 0.5000000000000001, 0.7071067811865475], [-0.7065412654445996, 0.7065412654445995, 0.0]]
7	[[0.8489524140446696, -0.5135124485683378, 0.12483895166604869], [0.522794976890395, 0.7815435453534784, -0.34040431673891397], [0.0772347773085365, 0.35425224329800037, 0.9319550081910795]]	0.8903303615535296	0.10966963844647049	[[0.7558481097381323, -0.45719572399608643, 0.11114790897279672], [0.46546024079319465, 0.6958319473043898, -0.30307229839653954], [0.06876446720561566, 0.31540152785665754, 0.8297478393943863]]	0.9250868066434766	0.13109059451695304	[[0.7809182051841868, -0.49392558219430105, 0.06873251818192894], [0.5091656827306463, 0.6682851386329677, -0.2916648344223539], [0.026860969949734456, 0.3065327779572332, 0.8647787596135847]]	[[-0.004436472516667296, -0.018881990976544936, -0.04675434895953539], [0.025534947029860755, -0.05471048399090263, 0.02323870791730266], [-0.04458790355243963, -0.021181298541601872, 0.0026394771507039436]]	0.4270621848518992	[[0.7069653598303103, -0.7069653598303102, 0.0], [0.7071067811865475, 0.7071067811865476, 0.0], [0.0, 0.0, 0.9998]]
7	[[0.8592155572171323, 0.2624339665249735, -0.4391776855101157], [-0.4266000482917053, 0.8413623931712975, -0.33184593135155627], [0.2824199444684594, 0.4724804086637203, 0.8348660002631537]]	0.9029247474001613	0.09707525259983874	[[0.775806989962568, 0.2369581229337841, -0.3965444007530087], [-0.3851877408446845, 0.759686926326189, -0.29963190374137516], [0.25500395701995127, 0.4266142536442146, 0.7538211724005911]]	0.9029247474001613	0.09707525259983882	[[0.7758069899625681, 0.23695812293378407, -0.39654440075300873], [-0.38518774084468466, 0.7596869263261891, -0.2996319037413752], [0.2550039570199512, 0.4266142536442146, 0.7538211724005909]]	[[0.0, 0.0, 0.0], [0.0, 0.0, 0.0], [0.0, 0.0, 0.0]]	0.4138410879812797	[[0.8527001785557594, -0.14630022136424872, -0.49950019996000394], [-0.14644660940672619, 0.8535533905932737, -0.5], [0.49950019996000394, 0.49950019996000405, 0.7063999571915107]]
7	[[0.08740825448676931, -0.06334395238859675, -0.994156597696443], [0.7119981850616444, -0.6940087028176986, 0.10681996481098455], [-0.6967197295301035, -0.717174639895393, -0.015561310176609944]]	0.9456018807489565	0.05439811925104357	[[0.08265340983567246, -0.05989816051272943, -0.9400763485407403], [0.6732668228841344, -0.6562559346405594, 0.10100915962680435], [-0.6588194865985701, -0.6781616883105394, -0.014714804169920237]]	0.9724242661353856	0.045805376947753114	[[0.07061895553408903, -0.05644478051633795, -0.9521324372721462], [0.6788102567083664, -0.6713155708589807, 0.08991954346111024], [-0.6842571042648393, -0.7117911067095836, -0.010022655272776756]]	[[-0.014378952189382642, 0.005152415899258038, 0.014609562666469228], [-0.013554055889929742, 0.0035553326700904983, -0.013954782428819099], [-0.006749932574484253, -0.014393083818396747, 0.005109540355818276]]	0.10923614931390851	[[0.0, 0.0, -0.9994001199920001], [0.7071067811865475, -0.7071067811865476, 0.0], [-0.7066826019649926, -0.7066826019649924, 0.0]]
7	[[-0.30792515101507295, 0.09349718223056193, 0.9468053539599837], [0.3027085282091916, -0.9338174967034747, 0.1906631317268273], [0.9019698710720718, 0.34531602882779927, 0.2592434992682147]]	0.907136295334789	0.0928637046652111	[[-0.27933008073221877, 0.0848146875128736, 0.8588815011944031], [0.27459789284593256, -0.8470997444783965, 0.17295744697160303], [0.8182096073479166, 0.31324870311057096, 0.23516918751579535]]	0.9071362953347891	0.09286370466521089	[[-0.27933008073221866, 0.08481468751287366, 0.8588815011944033], [0.2745978928459325, -0.8470997444783966, 0.17295744697160303], [0.8182096073479167, 0.31324870311057107, 0.2351691875157954]]	[[0.0, 0.0, 0.0], [0.0, 0.0, 0.0], [0.0, 0.0, 0.0]]	0.36768833318727784	[[-0.49940029992001195, -0.14627096131997586, 0.8525296385200483], [0.5, -0.8535533905932737, 0.14644660940672619], [0.7062586772000724, 0.49940029992001206, 0.49940029992001195]]
7	[[0.3802729664721569, 0.7767473726770865, -0.5020517802076895], [0.4287143634067757, 0.332951791095048, 0.839849450446521], [0.8195098935212374, -0.5346088512602871, -0.20639019011321075]]	0.8923148285129407	0.10768517148705942	[[0.33932320686571, 0.6931031986482317, -0.44798824816064103], [0.3825481836643516, 0.2970978203740542, 0.749410118351875], [0.7312608301020611, -0.47703940543382334, -0.18416502709762286]]	0.8923148285129406	0.10768517148705944	[[0.33932320686570994, 0.6931031986482318, -0.447988248160641], [0.3825481836643516, 0.2970978203740542, 0.7494101183518749], [0.7312608301020611, -0.47703940543382334, -0.18416502709762292]]	[[0.0, 0.0, 0.0], [0.0, 0.0, 0.0], [0.0, 0.0, 0.0]]	0.36647868184386484	[[0.4996001199840007, 0.49960011998400083, -0.7065412654445996], [0.5, 0.5000000000000001, 0.7071067811865475], [0.7065412654445996, -0.7065412654445995, 0.0]]
7	[[0.5319609947059123, -0.8460851799387872, 0.03402011756955908], [-0.703274286200726, -0.4190807785627857, 0.5742617690636116], [-0.47161719485230363, -0.3294103357928521, -0.8179645788128509]]	0.9026083679894037	0.0973916320105965	[[0.4801524452655233, -0.7636835634445694, 0.030706842798267363], [-0.63478125571655, -0.3782658175942846, 0.5183334781732142], [-0.4256856265613783, -0.2973285255888276, -0.7383016735554073]]	0.9064543909732299	0.13756146107728928	[[0.5428233166457646, -0.7556204177310413, -0.007557097423157075], [-0.5877685036376974, -0.39334839408319655, 0.5829833729929235], [-0.41403392104968567, -0.3800554994748141, -0.7502767428970397]]	[[0.06062493716810333, 0.011317208761847676, -0.03839478237550944], [0.049717561147514605, -0.013470782182479471, 0.06244127085715795], [0.013465556082662311, -0.08146005416341717, -0.008829158771562394]]	0.28216403822978825	[[0.7063999571915107, -0.7063999571915106, 0.0], [-0.5, -0.5000000000000001, 0.7071067811865475], [-0.49950019996000394, -0.49950019996000405, -0.7063999571915107]]
7	[[-0.3195682178843842, -0.5708200961323295, -0.7563336379995778], [0.910087742671785, 0.03735879733279218, -0.41272826520656647], [0.2638493031197415, -0.8202248094963509, 0.507557688474819]]	0.9284558178961475	0.07154418210385277	[[-0.29670497110946015, -0.5299812392260994, -0.7022223664712668], [0.8449762594795909, 0.034685992733233986, -0.38319995904122073], [0.2449724205293681, -0.761542496359646, 0.4712448887823661]]	0.9284558178961476	0.07154418210385266	[[-0.2967049711094603, -0.5299812392260995, -0.7022223664712667], [0.8449762594795909, 0.034685992733234, -0.38319995904122073], [0.24497242052936807, -0.761542496359646, 0.4712448887823661]]	[[0.0, 0.0, 0.0], [0.0, 0.0, 0.0], [0.0, 0.0, 0.0]]	0.22363731441116957	[[-0.499300419860028, -0.4993004198600281, -0.7061174254646324], [0.8535533905932738, -0.14644660940672602, -0.5], [0.14624170712771203, -0.8523591325923443, 0.499300419860028]]
7	[[0.50607966, 0.26960331, 0.8192664], [-0.59451586, 0.79721188, 0.10490047], [-0.62484739, -0.54015486, 0.56373616]]	0.9638761825581014	0.0361238175792883	[[ 0.48779813  0.25986421  0.78967137]
 [-0.57303968  0.76841354  0.10111106]
 [-0.60227552 -0.5206424   0.54337186]]	0.9739017606511494	0.030259652036442746	[[ 0.49660524  0.26413945  0.79791103]
 [-0.58156171  0.78485809  0.10387559]
 [-0.61672314 -0.514369    0.56304891]]	[[0.003733371897232897, 0.0015723155728091564, 2.6036550902525312e-05], [-0.0025616675315932045, 0.008452034312846541, 0.0017128416724603917], [-0.008183164816257442, 0.01168876488001923, 0.014025270523481001]]	0.1464290258200203	WordDict: (word: THRHRHZ, matrix: [[ 0.49930042  0.14624171  0.85235913]
 [-0.5         0.85355339  0.14644661]
 [-0.70611743 -0.49930042  0.49930042]])
