7	[[0.5319609947059123, -0.8460851799387872, 0.03402011756955908], [-0.703274286200726, -0.4190807785627857, 0.5742617690636116], [-0.47161719485230363, -0.3294103357928521, -0.8179645788128509]]	0.8103015810123106	0.1896984189876895	[[0.4310488350470821, -0.6855841589754847, 0.02756655505283841], [-0.5698642659937524, -0.33958181744129534, 0.465325219387171], [-0.38215215862141255, -0.2669217158947442, -0.6627979914241219]]	0.8535658037379952	0.1914211066061443	[[0.5113536800058965, -0.7011504393255962, 0.006890136338118698], [-0.5940696831027146, -0.3902119585859976, 0.5687286772180502], [-0.3696386141409236, -0.3625043958034936, -0.6948008322014656]]	[[0.057289966002481194, 0.0210389373196608, -0.02214827265840309], [0.006221198246472815, -0.0324989370009086, 0.07855846875126558], [0.03291769583984157, -0.08133099777286486, 0.0033857609421360005]]	0.3185530417388734	[[0.6424362510032354, -0.6424362510032353, 0.0], [-0.5, -0.5000000000000001, 0.7071067811865475], [-0.4542710295644506, -0.4542710295644507, -0.6424362510032354]]
7	[[0.04673222253661188, -0.9725397674033924, -0.22799671093185395], [-0.8377629715199755, -0.16246744520517667, 0.5213036857710898], [-0.5440306084466285, 0.16664552219444034, -0.8223502702654952]]	0.7906352148798281	0.20936478512017181	[[0.03694814080704607, -0.7689241879801594, -0.18026222853950036], [-0.6623649070060591, -0.12845248345077157, 0.41216105161727196], [-0.43012975701040385, 0.13175581824896257, -0.6501790826378446]]	0.8064022387887922	0.18148691154808533	[[0.07212398958571131, -0.8186972664538384, -0.13515292797096182], [-0.7428140480022969, -0.14255069092530395, 0.4597688050825517], [-0.4487944562491184, 0.07559223639262944, -0.6975841197192754]]	[[0.034439020708611524, -0.03443902070861153, 0.048704130160966315], [-0.0672401121942377, -0.011536579381554108, 0.039388345787895906], [-0.010086955628128388, -0.05879108578909469, -0.034439020708611524]]	0.3532625272956301	[[-0.1305248988856393, -0.7607548611198132, -0.4456398800027261], [-0.8535533905932738, -0.14644660940672602, 0.5], [-0.4456398800027261, 0.4456398800027262, -0.630229962234174]]
7	[[-0.30792515101507295, 0.09349718223056193, 0.9468053539599837], [0.3027085282091916, -0.9338174967034747, 0.1906631317268273], [0.9019698710720718, 0.34531602882779927, 0.2592434992682147]]	0.8267458664550243	0.1732541335449757	[[-0.2545758457792507, 0.0772984089343092, 0.7827674127239027], [0.2502630244376334, -0.772029755422976, 0.15762995604052432], [0.7456998625758068, 0.28548859945404703, 0.2143284914253326]]	0.8512111479848957	0.25996430472981896	[[-0.25822569908990944, 0.07957660240392066, 0.7453148450994032], [0.24349309713243908, -0.8497656546124628, 0.11920469703639718], [0.6818530116282446, 0.2657487294263302, 0.17864909668598883]]	[[0.0038836221990531865, -9.241415908953221e-06, -0.06061642716312015], [-0.014175776669325058, -0.05488979123511623, -0.0430898861991909], [-0.08591379777480215, -0.028188123889766176, -0.0420218599337297]]	0.3841033563176339	[[-0.4456398800027261, -0.13052489888563917, 0.7607548611198133], [0.5, -0.8535533905932737, 0.14644660940672619], [0.630229962234174, 0.4456398800027262, 0.4456398800027261]]
7	[[0.3802729664721569, 0.7767473726770865, -0.5020517802076895], [0.4287143634067757, 0.332951791095048, 0.839849450446521], [0.8195098935212374, -0.5346088512602871, -0.20639019011321075]]	0.7912867934336373	0.2087132065663628	[[0.30090497626925017, 0.6146299378336543, -0.3972669432981919], [0.3392360139190907, 0.26346035514358684, 0.6645617786108301], [0.6484673558315616, -0.42302892365499306, -0.16331383173084132]]	0.8599327885447843	0.2297702022413945	[[0.34294558792139607, 0.6118159344549293, -0.4317307873478715], [0.4061066522262822, 0.3013172936246801, 0.7187030573706163], [0.6655461486887081, -0.4421530241535905, -0.08400546760408534]]	[[0.01593639545479688, -0.056134599726112455, 4.313470556449964e-18], [0.037441114212691556, 0.015001131457335119, -0.0035110225096649517], [-0.0391772792870488, 0.017574656091392016, 0.09347622410825615]]	0.3758547028884535	[[0.4630693471605001, 0.4630693471605002, -0.6548789510736345], [0.5, 0.5000000000000001, 0.7071067811865475], [0.6548789510736345, -0.6548789510736344, 0.0]]
7	[[0.08740825448676931, -0.06334395238859675, -0.994156597696443], [0.7119981850616444, -0.6940087028176986, 0.10681996481098455], [-0.6967197295301035, -0.717174639895393, -0.015561310176609944]]	0.8812870674110648	0.11871293258893534	[[0.07703176426416497, -0.05582420603877254, -0.8761373525312601], [0.6274747925149773, -0.6116208944639668, 0.0941390535292257], [-0.6140100872450152, -0.632036735214997, -0.013713981410618536]]	0.9386158016616394	0.09763624307178492	[[0.07119124182205767, -0.05890214019076112, -0.8995638779989651], [0.6761114301617283, -0.6584096766061561, 0.10870900905479394], [-0.6448461158363417, -0.6663584800851472, 0.0]]	[[-0.010851527034885868, 0.0005534944608783276, 0.03356721392508975], [0.007818682908460772, -0.0070021416507674, 0.008446102150263592], [0.00910603163003687, 0.006792969471664776, 0.01460609162632417]]	0.13860703466630236	[[0.0, 0.0, -0.9440761410000003], [0.7071067811865475, -0.7071067811865476, 0.0], [-0.6675626412575274, -0.6675626412575273, 0.0]]
7	[[0.8489524140446696, -0.5135124485683378, 0.12483895166604869], [0.522794976890395, 0.7815435453534784, -0.34040431673891397], [0.0772347773085365, 0.35425224329800037, 0.9319550081910795]]	0.8413283885076736	0.1586716114923267	[[0.714247766427901, -0.4320326008326292, 0.10503055402818409], [0.4398422554271025, 0.6575347715608159, -0.2863918152430061], [0.06497981072974007, 0.29804246897913494, 0.7840802052030563]]	0.907757928059151	0.15546267055459348	[[0.7530056379790093, -0.4754296220711316, 0.0634470177362668], [0.5081896907561068, 0.668031738829013, -0.2932525876403038], [0.02392073647779822, 0.29134105134686883, 0.8360392583744838]]	[[-0.017637646414994556, -0.009284625726156013, -0.04987653036918203], [0.03361840573435008, -0.04142061058906364, 0.015752129625003684], [-0.0461897449459088, -0.03023423103963016, -0.009950288905399498]]	0.43296337973616655	[[0.6936717523440032, -0.6936717523440031, 0.0], [0.7071067811865475, 0.7071067811865476, 0.0], [0.0, 0.0, 0.9810000000000001]]
7	[[-0.42203838922340475, -0.825029846081567, 0.3757783270710803], [0.2588054115689476, 0.28760896992378115, 0.9221175843470338], [-0.8688517462515349, 0.4864224845687207, 0.09214016247897017]]	0.7747013875990062	0.22529861240099383	[[-0.32695372575142123, -0.6391517665699845, 0.2911159914115991], [0.20049691146059556, 0.2228110680858741, 0.7143657721230907], [-0.6731006534388839, 0.3768321737547442, 0.07138111172605609]]	0.8563726334890268	0.23495406083630088	[[-0.2839167209913546, -0.6422219733296457, 0.33693156171507155], [0.25724720664994083, 0.23277159582463022, 0.830559665524592], [-0.7465456339321703, 0.3788510671580095, 0.0226678102524622]]	[[0.07750540582135948, 0.06431100866627233, 0.015125286153109662], [0.035613334783429706, -0.013528855164064596, 0.040883401430782666], [-0.0024847758832038823, -0.03770783694038133, -0.05623850333976031]]	0.49290787869000485	[[-0.4630693471605001, -0.4630693471605002, 0.6548789510736345], [0.5, 0.5000000000000001, 0.7071067811865475], [-0.6548789510736345, 0.6548789510736344, 0.0]]
7	[[0.8787972042104137, -0.3840163418041313, 0.28327887866788265], [-0.395223040501579, -0.9183905790867732, -0.018907472103605397], [0.2674214316928388, -0.09534250611366366, -0.9588511794847616]]	0.8021961441527763	0.19780385584722376	[[0.7049677287098339, -0.3080564286869288, 0.22724522418729765], [-0.3170463991707031, -0.7367293813696448, -0.015167501217188434], [0.2145244413678103, -0.07648339077824348, -0.7691867189990174]]	0.8490270661663846	0.24625558603099137	[[0.6938777291177864, -0.314644240985348, 0.14664231838898548], [-0.3596815997117162, -0.8405022775311399, -0.02537996504022555], [0.13359487988323202, -0.055923991530895445, -0.8140906038081245]]	[[-0.05224488292820229, 0.011396027056561174, -0.09386911687331012], [-0.024126541153302466, -0.060763818574249936, -0.009327009471478707], [-0.09345315369695309, 0.02502437671573899, 0.0]]	0.4756308871370938	[[0.6804919890494672, -0.6804919890494671, 0.0], [-0.7071067811865475, -0.7071067811865476, 0.0], [0.0, 0.0, -0.9623610000000001]]
7	[[0.034229894132735264, 0.2773841392786001, 0.9601491309293217], [-0.1827544195208179, -0.9427759796974285, 0.2788803941677556], [0.9825625356654255, -0.18501754344446375, 0.018422055382213542]]	0.878589034895398	0.12141096510460195	[[0.03007400965065152, 0.24370666322407594, 0.8435764982988481], [-0.16056602906966402, -0.8283126381249273, 0.24502125636309663], [0.8632686699346613, -0.16255438493358876, 0.01618541585904857]]	0.9236145634662076	0.12489538418562886	[[0.009402112869522528, 0.2392768739025634, 0.8691705841771239], [-0.1644651999406771, -0.827101105092549, 0.2529496570642118], [0.9027981310243197, -0.16198727690024559, 0.0]]	[[-0.022213115857378257, -0.01691915680969059, -0.01763713624862027], [0.004329443466563301, 0.04366051984211755, -0.004628336454323801], [-0.004710936432552328, 0.008897620721802916, -0.01701487863999346]]	0.3464137054117939	[[0.0, 0.0, 0.9810000000000001], [0.0, -1.0, 0.0], [0.9810000000000001, 0.0, 0.0]]
7	[[-0.5446221603179724, 0.8109226453022452, -0.2139887049042392], [-0.8354447797583356, -0.5021691245819775, 0.22328947644507607], [0.07361197229480154, 0.30038414347728, 0.9509735242804028]]	0.8164785416715622	0.1835214583284379	[[-0.44467230721843387, 0.6621009388448226, -0.1747171857143995], [-0.6821227354242052, -0.41001031451117803, 0.18231106609848236], [0.060102595788826985, 0.2452572074075909, 0.7764494762727294]]	0.862392251850258	0.1656657492106377	[[-0.4855427056286091, 0.6881153166093387, -0.12521684338659048], [-0.7566280430873085, -0.4460360438309075, 0.20491046743875743], [0.0628838746823796, 0.2262079442727859, 0.8359769734385935]]	[[-0.01586477438444067, -0.011218089549232632, 0.059325357706296745], [-0.03614693817497463, -0.012969281672983248, 0.012347353032823152], [-0.0005985198680730872, -0.03284101364069654, 0.01586477438444067]]	0.39104506185114374	[[-0.6804919890494672, 0.6804919890494671, 0.0], [-0.7071067811865475, -0.7071067811865476, 0.0], [0.0, 0.0, 0.9623610000000001]]
7	[[-0.3195682178843842, -0.5708200961323295, -0.7563336379995778], [0.910087742671785, 0.03735879733279218, -0.41272826520656647], [0.2638493031197415, -0.8202248094963509, 0.507557688474819]]	0.7915230513760055	0.20847694862399443	[[-0.25294561094263995, -0.45181726427740637, -0.598655509007741], [0.7203554270994722, 0.02957034926058944, -0.3266839358654267], [0.20884280550877043, -0.6492268440268546, 0.4017436103309408]]	0.819709887415417	0.1960559142531168	[[-0.29483769189757736, -0.4891351720268986, -0.6171286881823494], [0.7834952839474126, 0.007527257329237744, -0.3120602425188884], [0.18624514331541575, -0.658648956918407, 0.43286977988106845]]	[[-0.032884463994023415, -0.02122829529180923, 0.002845473070777229], [0.03748736286377264, -0.023096118226400772, 0.026257197286746425], [-0.03003473923950372, 0.01369742932917863, 0.01681972420454534]]	0.2839120258828218	[[-0.43717272228267434, -0.43717272228267445, -0.6182555929517248], [0.8535533905932738, -0.14644660940672602, -0.5], [0.12804492580681218, -0.7463005187585369, 0.43717272228267434]]
7	[[0.8592155572171323, 0.2624339665249735, -0.4391776855101157], [-0.4266000482917053, 0.8413623931712975, -0.33184593135155627], [0.2824199444684594, 0.4724804086637203, 0.8348660002631537]]	0.815531217239792	0.18446878276020803	[[0.700717109248654, 0.21402309216517848, -0.3581631124486193], [-0.3479056566578884, 0.6861572966427726, -0.2706307163312071], [0.2303222810851572, 0.38532252279947815, 0.6808592854267262]]	0.8423797177363805	0.19612399513333872	[[0.7389018906015136, 0.16274093915045185, -0.3385558268057381], [-0.3537860392908216, 0.7510082041202654, -0.38884090982148906], [0.2596861355650761, 0.39278436221909035, 0.7119874746285219]]	[[0.015116132038238854, -0.05832811149529413, 0.031398547950390064], [0.005573188975471407, 0.042261588846622365, -0.10930062783759872], [0.021781302460610927, -0.005223551067024131, 0.008713288979145441]]	0.43603310166799353	[[0.7754891550660685, -0.133052904062833, -0.4542710295644506], [-0.14644660940672619, 0.8535533905932737, -0.5], [0.4542710295644506, 0.4542710295644507, 0.6424362510032354]]
7	[[0.22433838825039393, -0.7661379269479729, -0.6022499185961573], [-0.9416906372873723, -0.011392912655017143, -0.3362869982418849], [0.2507808429735371, 0.642575192824231, -0.724020780340167]]	0.7994476374825779	0.20055236251742217	[[0.17934679448342675, -0.6124871556843567, -0.48146727459577277], [-0.752832355218853, -0.00910803710609884, -0.26884384626058266], [0.2004861524410835, 0.5137052198082435, -0.5788167023312389]]	0.8108839565345108	0.18194903230010415	[[0.16997969217152525, -0.6907978706590113, -0.4476139843639289], [-0.8431458105370089, -0.022885919575177147, -0.31928551677896594], [0.2440949746233519, 0.48031310227832846, -0.6447130444842003]]	[[-0.011932707695529404, -0.06954891720429111, 0.04074081244991024], [-0.07954398074191946, -0.013647589485024782, -0.04659578511347213], [0.04074081244991024, -0.040740812449910256, -0.05761620950876173]]	0.3283589921204556	[[0.1305248988856393, -0.7607548611198132, -0.4456398800027261], [-0.8535533905932738, 0.14644660940672602, -0.5], [0.4456398800027261, 0.4456398800027262, -0.630229962234174]]
7	[[-0.8305561570912853, 0.32773595720904825, 0.4502950280316503], [-0.5100865793185324, -0.772219296347621, -0.37879947194723407], [0.22358030216652452, -0.5443036842615101, 0.808545204538665]]	0.810297985615887	0.18970201438411305	[[-0.6729979810319408, 0.2655637859403863, 0.3648731541468956], [-0.413322127711505, -0.625727740284195, -0.30694044907120543], [0.18116666846892612, -0.4410481789204074, 0.6551625505170654]]	0.8170419548563007	0.17742794097559322	[[-0.6893321664522057, 0.2785069673991868, 0.3640736578793734], [-0.4337923326462119, -0.6606917280504773, -0.3094950610583025], [0.1832839444771934, -0.4339860059801056, 0.675794024163736]]	[[-0.010732940244405183, 0.010732940244405196, -0.00383627208567878], [-0.01703019673383469, -0.0297561645848601, 4.852020470769325e-19], [0.0006094573276938502, 0.010732940244405187, 0.015178669657777819]]	0.40110418091383454	[[-0.6424362510032354, 0.4542710295644507, 0.4542710295644506], [-0.7071067811865475, -0.5000000000000001, -0.5], [0.0, -0.6424362510032353, 0.6424362510032354]]
