7	[[-0.42203838922340475, -0.825029846081567, 0.3757783270710803], [0.2588054115689476, 0.28760896992378115, 0.9221175843470338], [-0.8688517462515349, 0.4864224845687207, 0.09214016247897017]]	0.878597138834341	0.12140286116565904	[[-0.3708017212499375, -0.7248688622202015, 0.3301577630006064], [0.22738569411932147, 0.2526924180781262, 0.8101698712761379], [-0.7633706583278197, 0.4273694032067694, 0.08095408312575447]]	0.8852741557708415	0.18788894236138926	[[-0.30410832635205104, -0.6918976696489494, 0.35814214079738454], [0.25426025285318005, 0.2331787787595973, 0.8336794930523879], [-0.8002051525386081, 0.3999294982730093, 0.020997274601748283]]	[[0.0695113523705844, 0.038479930826657176, 0.025475299542554695], [0.025146510617554744, -0.02143400928179947, 0.017352627048119768], [-0.03103315638575916, -0.030687756101520185, -0.0605720299494102]]	0.4773256840177464	[[-0.49800299800050013, -0.49800299800050024, 0.7042825938747688], [0.5, 0.5000000000000001, 0.7071067811865475], [-0.7042825938747688, 0.7042825938747687, 0.0]]
7	[[0.08740825448676931, -0.06334395238859675, -0.994156597696443], [0.7119981850616444, -0.6940087028176986, 0.10681996481098455], [-0.6967197295301035, -0.717174639895393, -0.015561310176609944]]	0.9445716994446949	0.055428300555305225	[[0.08256336348606205, -0.05983290475724068, -0.939052187000285], [0.6725333356652157, -0.6555409798499218, 0.10089911569613418], [-0.658101738958898, -0.6774228684046286, -0.014698773199106476]]	0.9713969496165408	0.047462608821949775	[[0.07029194840668761, -0.057452089075371034, -0.9503629251971251], [0.6792946185503672, -0.6706690390404151, 0.09069089495684264], [-0.6833107283002562, -0.7100601604164626, -0.009079151602655332]]	[[-0.014616163373066399, 0.004080033051567239, 0.015357761246358154], [-0.012338246551027634, 0.0034888978840295947, -0.013073693018693976], [-0.006519308297052238, -0.013398902879736614, 0.006037057634940402]]	0.11035226657179079	[[0.0, 0.0, -0.9970029990000003], [0.7071067811865475, -0.7071067811865476, 0.0], [-0.704987581456225, -0.7049875814562249, 0.0]]
7	[[0.8489524140446696, -0.5135124485683378, 0.12483895166604869], [0.522794976890395, 0.7815435453534784, -0.34040431673891397], [0.0772347773085365, 0.35425224329800037, 0.9319550081910795]]	0.8894370331092103	0.1105629668907898	[[0.755089716398793, -0.45673698871926827, 0.11103638678631444], [0.46499321316979114, 0.6951337722248513, -0.30276820553782746], [0.06869547118215528, 0.31508506425125565, 0.8289152974767434]]	0.9247794743012171	0.1317861732170236	[[0.7804852753695225, -0.4931523828528639, 0.06828651286052194], [0.5097985777441334, 0.6680893931492811, -0.2915045108103568], [0.026755775140784435, 0.30629175138518844, 0.8644167318636814]]	[[-0.004608491797456081, -0.018266610618705763, -0.04716198723352162], [0.02632851384811704, -0.05466603586621799, 0.02329441427332094], [-0.04466936161637552, -0.021313451941963192, 0.0025638693163486308]]	0.42730558014534453	[[0.7063996744053611, -0.706399674405361, 0.0], [0.7071067811865475, 0.7071067811865476, 0.0], [0.0, 0.0, 0.9990000000000001]]
7	[[-0.30792515101507295, 0.09349718223056193, 0.9468053539599837], [0.3027085282091916, -0.9338174967034747, 0.1906631317268273], [0.9019698710720718, 0.34531602882779927, 0.2592434992682147]]	0.9054976849817767	0.09450231501822333	[[-0.2788255113918125, 0.08466148206209312, 0.8573300561391171], [0.2741018715176639, -0.8455695814604742, 0.17264502439001764], [0.8167316301790727, 0.31268286469067275, 0.2347443884339433]]	0.9054976849817767	0.09450231501822337	[[-0.27882551139181255, 0.08466148206209313, 0.8573300561391171], [0.27410187151766385, -0.8455695814604741, 0.17264502439001775], [0.8167316301790726, 0.31268286469067275, 0.23474438843394338]]	[[0.0, 0.0, 0.0], [0.0, 0.0, 0.0], [0.0, 0.0, 0.0]]	0.3678434572580988	[[-0.4970074900074972, -0.1455701235226907, 0.8484448564923041], [0.5, -0.8535533905932737, 0.14644660940672619], [0.7028747329696133, 0.49700749000749733, 0.4970074900074972]]
7	[[0.034229894132735264, 0.2773841392786001, 0.9601491309293217], [-0.1827544195208179, -0.9427759796974285, 0.2788803941677556], [0.9825625356654255, -0.18501754344446375, 0.018422055382213542]]	0.8989749100042237	0.10102508999577636	[[0.030771815997429786, 0.2493613816445786, 0.8631499785678208], [-0.1642916378416014, -0.8475319515026396, 0.2507064772489006], [0.8832990670733477, -0.16632612946718933, 0.016560965579318243]]	0.9368981949596036	0.12237845264855454	[[0.012367197120725678, 0.251014188465564, 0.8916284893532549], [-0.16315243518324296, -0.8262458377556944, 0.256327219825735], [0.9281619005709004, -0.16759901395936258, -0.0008169178208835035]]	[[-0.019702728905892322, -0.008866510934979794, -0.007933498306458666], [0.008069850586701463, 0.05703927587409842, -0.004955318079658087], [0.007600834471032252, 0.0057435885296155354, -0.018076508255925227]]	0.3388121728565814	[[0.0, 0.0, 0.9990000000000001], [0.0, -1.0, 0.0], [0.9990000000000001, 0.0, 0.0]]
7	[[0.5319609947059123, -0.8460851799387872, 0.03402011756955908], [-0.703274286200726, -0.4190807785627857, 0.5742617690636116], [-0.47161719485230363, -0.3294103357928521, -0.8179645788128509]]	0.9010785400840905	0.09892145991590962	[[0.47933863649128394, -0.7623891987260273, 0.03065479787306741], [-0.6337053670884311, -0.37762469612465904, 0.5174549564939462], [-0.4249641334160678, -0.2968245844648332, -0.7370503285171816]]	0.9047517371935835	0.13927362127468604	[[0.5427975948640144, -0.753345141076084, -0.006041224137119889], [-0.587808259343667, -0.39306539120291545, 0.5829271499343595], [-0.41190860512424965, -0.38079524807153287, -0.7490733505220589]]	[[0.06150496078461358, 0.012151895287279297, -0.03682098460770841], [0.04848037282001715, -0.013901328773795614, 0.06336281677019642], [0.014787871208736762, -0.08276067451342825, -0.009018476878314433]]	0.28350047893486	[[0.7035783112808941, -0.703578311280894, 0.0], [-0.5, -0.5000000000000001, 0.7071067811865475], [-0.4975049950024997, -0.4975049950024998, -0.7035783112808941]]
7	[[-0.3195682178843842, -0.5708200961323295, -0.7563336379995778], [0.910087742671785, 0.03735879733279218, -0.41272826520656647], [0.2638493031197415, -0.8202248094963509, 0.507557688474819]]	0.9261989701741226	0.07380102982587756	[[-0.2959837543048964, -0.5286929851924572, -0.7005154366232564], [0.8429223300306992, 0.03460167961657589, -0.38226849419607395], [0.24437695283066446, -0.7596913738667859, 0.4700994083693355]]	0.9261989701741223	0.07380102982587779	[[-0.29598375430489626, -0.5286929851924571, -0.7005154366232562], [0.8429223300306988, 0.03460167961657591, -0.3822684941960739], [0.2443769528306644, -0.7596913738667859, 0.4700994083693353]]	[[0.0, 0.0, 0.0], [0.0, 0.0, 0.0], [0.0, 0.0, 0.0]]	0.22583547101132997	[[-0.49651048251748975, -0.49651048251748986, -0.7021718582366437], [0.8535533905932738, -0.14644660940672602, -0.5], [0.14542455339916815, -0.8475964116358117, 0.49651048251748975]]
7	[[-0.5446221603179724, 0.8109226453022452, -0.2139887049042392], [-0.8354447797583356, -0.5021691245819775, 0.22328947644507607], [0.07361197229480154, 0.30038414347728, 0.9509735242804028]]	0.8894320125794598	0.11056798742054015	[[-0.48440438414698733, 0.7212605604574355, -0.19032840447224955], [-0.7430713318594601, -0.44664529513221374, 0.19860080842235792], [0.06547284466810879, 0.26717127327995427, 0.8458262956105006]]	0.8894320125794599	0.11056798742054015	[[-0.4844043841469874, 0.7212605604574355, -0.1903284044722496], [-0.7430713318594601, -0.44664529513221374, 0.1986008084223579], [0.06547284466810878, 0.2671712732799544, 0.8458262956105006]]	[[0.0, 0.0, 0.0], [0.0, 0.0, 0.0], [0.0, 0.0, 0.0]]	0.3808762750603262	[[-0.7056932747309559, 0.7056932747309558, 0.0], [-0.7071067811865475, -0.7071067811865476, 0.0], [0.0, 0.0, 0.9980010000000002]]
7	[[0.8592155572171323, 0.2624339665249735, -0.4391776855101157], [-0.4266000482917053, 0.8413623931712975, -0.33184593135155627], [0.2824199444684594, 0.4724804086637203, 0.8348660002631537]]	0.9018490006903537	0.0981509993096465	[[0.7748826916538759, 0.2366758104577531, -0.3960719568028002], [-0.38472882724633106, 0.7587818334999792, -0.2992749215725607], [0.2547001446939053, 0.42610598439914604, 0.7529230680476777]]	0.9018490006903537	0.09815099930964641	[[0.774882691653876, 0.23667581045775302, -0.3960719568028003], [-0.38472882724633106, 0.758781833499979, -0.29927492157256075], [0.25470014469390534, 0.42610598439914604, 0.7529230680476777]]	[[0.0, 0.0, 0.0], [0.0, 0.0, 0.0], [0.0, 0.0, 0.0]]	0.41454121017393025	[[0.8492941506429469, -0.14571583936205273, -0.4975049950024997], [-0.14644660940672619, 0.8535533905932737, -0.5], [0.4975049950024997, 0.4975049950024998, 0.7035783112808941]]
7	[[0.3802729664721569, 0.7767473726770865, -0.5020517802076895], [0.4287143634067757, 0.332951791095048, 0.839849450446521], [0.8195098935212374, -0.5346088512602871, -0.20639019011321075]]	0.8914862487124451	0.10851375128755499	[[0.33900812036701655, 0.6924596014651434, -0.44757225819675805], [0.38219295960265043, 0.2968219432454141, 0.7487142360617776], [0.7305818007579833, -0.476596439338503, -0.18399401635507467]]	0.8914862487124452	0.108513751287555	[[0.3390081203670166, 0.6924596014651435, -0.4475722581967581], [0.3821929596026503, 0.29682194324541405, 0.7487142360617776], [0.7305818007579833, -0.47659643933850293, -0.18399401635507465]]	[[0.0, 0.0, 0.0], [0.0, 0.0, 0.0], [0.0, 0.0, 0.0]]	0.36662467250049574	[[0.49800299800050013, 0.49800299800050024, -0.7042825938747688], [0.5, 0.5000000000000001, 0.7071067811865475], [0.7042825938747688, -0.7042825938747687, 0.0]]
7	[[-0.8305561570912853, 0.32773595720904825, 0.4502950280316503], [-0.5100865793185324, -0.772219296347621, -0.37879947194723407], [0.22358030216652452, -0.5443036842615101, 0.808545204538665]]	0.8946189296801083	0.1053810703198919	[[-0.7430312602962295, 0.2931987912560445, 0.40284245601794927], [-0.456333109634133, -0.690842000376835, -0.3388811781568246], [0.20001917062177135, -0.4869443794349717, 0.7233398454823645]]	0.8946189296801081	0.10538107031989175	[[-0.7430312602962296, 0.29319879125604453, 0.4028424560179493], [-0.456333109634133, -0.690842000376835, -0.33888117815682467], [0.20001917062177133, -0.48694437943497176, 0.7233398454823646]]	[[0.0, 0.0, 0.0], [0.0, 0.0, 0.0], [0.0, 0.0, 0.0]]	0.3637653391520456	[[-0.7035783112808941, 0.4975049950024998, 0.4975049950024997], [-0.7071067811865475, -0.5000000000000001, -0.5], [0.0, -0.703578311280894, 0.7035783112808941]]
7	[[0.22433838825039393, -0.7661379269479729, -0.6022499185961573], [-0.9416906372873723, -0.011392912655017143, -0.3362869982418849], [0.2507808429735371, 0.642575192824231, -0.724020780340167]]	0.9336861925935802	0.06631380740641989	[[0.2094616555780906, -0.7153324040135915, -0.5623124334838396], [-0.8792435457298688, -0.010637405239414154, -0.31398652700718943], [0.23415061045137034, 0.5999635852431419, -0.6760082057544434]]	0.9336861925935802	0.0663138074064199	[[0.20946165557809063, -0.7153324040135914, -0.56231243348384], [-0.8792435457298692, -0.010637405239414147, -0.31398652700718943], [0.23415061045137034, 0.5999635852431419, -0.6760082057544433]]	[[0.0, 0.0, 0.0], [0.0, 0.0, 0.0], [0.0, 0.0, 0.0]]	0.29004350690373204	[[0.14557012352269086, -0.848444856492304, -0.4970074900074972], [-0.8535533905932738, 0.14644660940672602, -0.5], [0.4970074900074972, 0.49700749000749733, -0.7028747329696133]]
7	[[0.8787972042104137, -0.3840163418041313, 0.28327887866788265], [-0.395223040501579, -0.9183905790867732, -0.018907472103605397], [0.2674214316928388, -0.09534250611366366, -0.9588511794847616]]	0.87673318930655	0.12326681069344997	[[0.7704706756010756, -0.33667987209577027, 0.24835999475767598], [-0.3465051567863811, -0.805183501431836, -0.016576808319118584], [0.23445724469698623, -0.08358993946151153, -0.8406566526600223]]	0.8767331893065499	0.12326681069345014	[[0.7704706756010754, -0.3366798720957702, 0.2483599947576759], [-0.3465051567863811, -0.805183501431836, -0.016576808319118584], [0.2344572446969862, -0.08358993946151161, -0.8406566526600222]]	[[0.0, 0.0, 0.0], [0.0, 0.0, 0.0], [0.0, 0.0, 0.0]]	0.46867221338355747	[[0.7056932747309559, -0.7056932747309558, 0.0], [-0.7071067811865475, -0.7071067811865476, 0.0], [0.0, 0.0, -0.9980010000000002]]
7	[[0.04673222253661188, -0.9725397674033924, -0.22799671093185395], [-0.8377629715199755, -0.16246744520517667, 0.5213036857710898], [-0.5440306084466285, 0.16664552219444034, -0.8223502702654952]]	0.9202470381078768	0.07975296189212322	[[0.043005189373515336, -0.8949768403950953, -0.20981329793337639], [-0.7709488931777111, -0.14951018523901766, 0.4797281727855647], [-0.500642556063036, 0.15335504821337415, -0.7567654004990341]]	0.9202470381078768	0.07975296189212322	[[0.04300518937351534, -0.8949768403950953, -0.20981329793337633], [-0.7709488931777111, -0.14951018523901766, 0.4797281727855647], [-0.500642556063036, 0.15335504821337412, -0.756765400499034]]	[[0.0, 0.0, 0.0], [0.0, 0.0, 0.0], [0.0, 0.0, 0.0]]	0.31844657285741124	[[-1.984784120951994e-16, -0.9940149800149947, 0.0], [-0.7071067811865476, 1.3401577416544657e-16, 0.7071067811865475], [-0.7028747329696132, 1.1035783176349619e-16, -0.7028747329696133]]
