7	[[0.3802729664721569, 0.7767473726770865, -0.5020517802076895], [0.4287143634067757, 0.332951791095048, 0.839849450446521], [0.8195098935212374, -0.5346088512602871, -0.20639019011321075]]	0.8857755652875875	0.11422443471241271	[[0.3368365018404626, 0.6880238431186946, -0.44470519941710573], [0.37974470759354495, 0.2949205609707308, 0.7439181217257368], [0.7259018391925447, -0.4735434574328285, -0.18281538731734187]]	0.8857755652875874	0.1142244347124128	[[0.33683650184046254, 0.6880238431186946, -0.4447051994171056], [0.37974470759354484, 0.29492056097073077, 0.7439181217257368], [0.7259018391925445, -0.47354345743282855, -0.18281538731734187]]	[[0.0, 0.0, 0.0], [0.0, 0.0, 0.0], [0.0, 0.0, 0.0]]	0.3675181128356074	[[0.49125790981940476, 0.49125790981940487, -0.6947435986896613], [0.5, 0.5000000000000001, 0.7071067811865475], [0.6947435986896613, -0.6947435986896612, 0.0]]
7	[[0.034229894132735264, 0.2773841392786001, 0.9601491309293217], [-0.1827544195208179, -0.9427759796974285, 0.2788803941677556], [0.9825625356654255, -0.18501754344446375, 0.018422055382213542]]	0.8951159135473373	0.10488408645266287	[[0.030639722957251956, 0.24829095723390604, 0.8594447664734816], [-0.16358638918419022, -0.8438937823373497, 0.2496302787959121], [0.8795073617295457, -0.16561214742257532, 0.016489874932869724]]	0.934718155609027	0.12235334020316731	[[0.012256752957639637, 0.24462659762117137, 0.8895664198624162], [-0.16310655746241454, -0.8280602271961577, 0.25199277395197], [0.9239487916076587, -0.16669712275296428, 0.0]]	[[-0.01973855055280293, -0.014649393440519187, -0.007902404909449606], [0.007717316481482715, 0.05316959769911597, -0.008681793720032933], [0.00552975049994346, 0.00624213421075791, -0.017219429629389993]]	0.3402300394167887	[[0.0, 0.0, 0.9956], [0.0, -1.0, 0.0], [0.9956, 0.0, 0.0]]
7	[[0.8489524140446696, -0.5135124485683378, 0.12483895166604869], [0.522794976890395, 0.7815435453534784, -0.34040431673891397], [0.0772347773085365, 0.35425224329800037, 0.9319550081910795]]	0.8845565132919394	0.11544348670806062	[[0.7509463873181278, -0.4542307810376151, 0.11042710780874099], [0.4624417019247078, 0.6913194334636938, -0.3011068555240987], [0.06831852532091845, 0.31335612915752703, 0.8243668725904623]]	0.9222270862332933	0.13509743621189013	[[0.7771270659351923, -0.4883893095982118, 0.066741779134867], [0.509993955749654, 0.6689354494396866, -0.28926657223400754], [0.02380073493228688, 0.30280807513204555, 0.8613648485932571]]	[[-0.005799845219943688, -0.014814220410509768, -0.048388083508532034], [0.027858267514623114, -0.051825177156089405, 0.02466350893335617], [-0.04742726870084203, -0.02389293899627703, 0.001890696888672865]]	0.4283477766883958	[[0.7039955113493268, -0.7039955113493267, 0.0], [0.7071067811865475, 0.7071067811865476, 0.0], [0.0, 0.0, 0.9956]]
7	[[0.8787972042104137, -0.3840163418041313, 0.28327887866788265], [-0.395223040501579, -0.9183905790867732, -0.018907472103605397], [0.2674214316928388, -0.09534250611366366, -0.9588511794847616]]	0.8690177203742894	0.1309822796257106	[[0.7636903430742327, -0.3337170059411001, 0.24617436537014825], [-0.34345582569607763, -0.7980976874512113, -0.016430928305515645], [0.2323939629489395, -0.08285432731766776, -0.8332586661740462]]	0.8690177203742894	0.13098227962571077	[[0.7636903430742324, -0.3337170059411001, 0.24617436537014825], [-0.34345582569607763, -0.7980976874512111, -0.016430928305515645], [0.2323939629489395, -0.08285432731766773, -0.8332586661740461]]	[[0.0, 0.0, 0.0], [0.0, 0.0, 0.0], [0.0, 0.0, 0.0]]	0.4698537395076142	[[0.7008979310993898, -0.7008979310993897, 0.0], [-0.7071067811865475, -0.7071067811865476, 0.0], [0.0, 0.0, -0.9912193600000001]]
7	[[-0.5446221603179724, 0.8109226453022452, -0.2139887049042392], [-0.8354447797583356, -0.5021691245819775, 0.22328947644507607], [0.07361197229480154, 0.30038414347728, 0.9509735242804028]]	0.8825766485060609	0.11742335149393904	[[-0.48067080095556663, 0.7157013904885249, -0.18886143399253594], [-0.7373440537309962, -0.4432027429567842, 0.19707007776756824], [0.06496820779786694, 0.26511203061454147, 0.8393070258773951]]	0.8826218692768146	0.11692115006867265	[[-0.4819165419359171, 0.7160957166784211, -0.1867865408765756], [-0.7386356856497146, -0.44536591147188814, 0.19671293020632413], [0.06669845079526554, 0.2639045014705404, 0.8405711423796207]]	[[-0.0012211127464913226, 0.0003576556428539789, 0.0020845698501286668], [-0.001253852461855814, -0.002140460040241507, -0.00036724488347012087], [0.0017269142072746878, -0.0012211127464913229, 0.0012211127464913226]]	0.38266542401504194	[[-0.7008979310993898, 0.7008979310993897, 0.0], [-0.7071067811865475, -0.7071067811865476, 0.0], [0.0, 0.0, 0.9912193600000001]]
7	[[0.8592155572171323, 0.2624339665249735, -0.4391776855101157], [-0.4266000482917053, 0.8413623931712975, -0.33184593135155627], [0.2824199444684594, 0.4724804086637203, 0.8348660002631537]]	0.8970377018524273	0.1029622981475727	[[0.7707487488419091, 0.23541316221957911, -0.39395894171486223], [-0.38267632692972575, 0.7547337875954391, -0.2976783116286784], [0.253341337943277, 0.42383273995799936, 0.7489062782307874]]	0.8970377018524273	0.10296229814757286	[[0.770748748841909, 0.23541316221957903, -0.3939589417148623], [-0.38267632692972586, 0.7547337875954391, -0.29767831162867836], [0.25334133794327696, 0.42383273995799925, 0.748906278230787]]	[[0.0, 0.0, 0.0], [0.0, 0.0, 0.0], [0.0, 0.0, 0.0]]	0.4177941752922936	[[0.834939738443913, -0.1432530115884861, -0.4890963750161994], [-0.14644660940672619, 0.8535533905932737, -0.5], [0.4890963750161994, 0.4890963750161995, 0.6916867268554268]]
7	[[-0.42203838922340475, -0.825029846081567, 0.3757783270710803], [0.2588054115689476, 0.28760896992378115, 0.9221175843470338], [-0.8688517462515349, 0.4864224845687207, 0.09214016247897017]]	0.8696651407061484	0.13033485929385158	[[-0.3670320751473685, -0.7174996971792982, 0.32680131168659216], [0.2250740446676214, 0.25012349529711564, 0.8019335187387768], [-0.755610076156624, 0.42302467848509084, 0.08013108736696094]]	0.880481371395899	0.19429643209835473	[[-0.2997824757069255, -0.6833947146124858, 0.35571181573059635], [0.2571176135856527, 0.23384382233290732, 0.8290645559064738], [-0.7938939451999375, 0.40171780092899, 0.02223864197752697]]	[[0.07181446401821406, 0.043028695707959856, 0.024845998970194863], [0.029244269882745727, -0.01939051793134538, 0.017157200652323804], [-0.028886168120664267, -0.026568135361877757, -0.05888905464259764]]	0.47981797229602374	[[-0.49125790981940476, -0.49125790981940487, 0.6947435986896613], [0.5, 0.5000000000000001, 0.7071067811865475], [-0.6947435986896613, 0.6947435986896612, 0.0]]
7	[[-0.30792515101507295, 0.09349718223056193, 0.9468053539599837], [0.3027085282091916, -0.9338174967034747, 0.1906631317268273], [0.9019698710720718, 0.34531602882779927, 0.2592434992682147]]	0.8989463886875341	0.10105361131246607	[[-0.27680820249106336, 0.08404895431862393, 0.8511272537323499], [0.2721187382585713, -0.8394518663548216, 0.17139593372168696], [0.8108225583051996, 0.31042059707067055, 0.233046007457881]]	0.898946388687534	0.10105361131246628	[[-0.27680820249106336, 0.08404895431862391, 0.8511272537323494], [0.2721187382585713, -0.8394518663548215, 0.17139593372168696], [0.8108225583051996, 0.31042059707067055, 0.23304600745788095]]	[[0.0, 0.0, 0.0], [0.0, 0.0, 0.0], [0.0, 0.0, 0.0]]	0.369116020956105	[[-0.48694435096612815, -0.14262269833749677, 0.8312660035947598], [0.5, -0.8535533905932737, 0.14644660940672619], [0.6886433052572629, 0.48694435096612826, 0.48694435096612815]]
7	[[0.08740825448676931, -0.06334395238859675, -0.994156597696443], [0.7119981850616444, -0.6940087028176986, 0.10681996481098455], [-0.6967197295301035, -0.717174639895393, -0.015561310176609944]]	0.9393994311194896	0.060600568880510436	[[0.08211126454001866, -0.05950527283870782, -0.9339101423197259], [0.6688506900050177, -0.6519513806189209, 0.10034661417564278], [-0.6544981175703041, -0.673713448731057, -0.014618285927381302]]	0.9661714051482245	0.05578255949089098	[[0.06750101211208417, -0.057710444614497626, -0.9426458491899361], [0.6799275119294557, -0.6726451183041364, 0.09011342958952054], [-0.6805010409663395, -0.7015020612464685, -0.006922976669208063]]	[[-0.016950343946951343, 0.003490670872435127, 0.017879827743814455], [-0.007984774994539022, -0.002113754717663997, -0.013092965909792302], [-0.007350360891748246, -0.008588431682064692, 0.00811191625007453]]	0.11523854948628058	[[0.0, 0.0, -0.9868579948160001], [0.7071067811865475, -0.7071067811865476, 0.0], [-0.6978139802025525, -0.6978139802025524, 0.0]]
7	[[0.04673222253661188, -0.9725397674033924, -0.22799671093185395], [-0.8377629715199755, -0.16246744520517667, 0.5213036857710898], [-0.5440306084466285, 0.16664552219444034, -0.8223502702654952]]	0.9006001705766116	0.0993998294233887	[[0.042087047587896796, -0.8758694804160331, -0.20533387675613407], [-0.7544894750536588, -0.14631820886492838, 0.4694861883276597], [-0.48995405876593157, 0.15008098571414152, -0.7406087936748275]]	0.9006555774085514	0.09924673895819844	[[0.042230384008789354, -0.8760641128999729, -0.20514746282228694], [-0.7547836955491273, -0.1463697268936614, 0.4696602315761672], [-0.49002542566026985, 0.1498499486234447, -0.7407951046345405]]	[[0.00014074713649229833, -0.00014074713649229835, 0.0001990465092925855], [-0.0002478027032998757, -4.2516222300826365e-05, 0.00014515946280035103], [-4.122388184600565e-05, -0.0002402703911385911, -0.00014074713649229833]]	0.32487813237125535	[[1.944597284781899e-16, -0.9738887019322565, 0.0], [-0.7071067811865476, -1.3401577416544657e-16, 0.7071067811865475], [-0.6886433052572628, -1.0812336603074974e-16, -0.6886433052572629]]
7	[[0.22433838825039393, -0.7661379269479729, -0.6022499185961573], [-0.9416906372873723, -0.011392912655017143, -0.3362869982418849], [0.2507808429735371, 0.642575192824231, -0.724020780340167]]	0.9135100721013406	0.08648992789865959	[[0.20493537722571578, -0.6998747128858143, -0.550161366559802], [-0.8602438819655448, -0.01040754046092894, -0.30720156001068755], [0.22909082594639082, 0.5869989107273961, -0.6614002752514151]]	0.9158766095646159	0.0822204407830268	[[0.19624182387600275, -0.71468912143552, -0.5500221886201613], [-0.870763951078431, -0.006021097879023508, -0.3213297493086685], [0.2399838412933981, 0.5804324868664829, -0.6723381561022382]]	[[-0.009224458549958611, -0.013001314443547228, 0.0015644249342531616], [-0.008291522940929885, 0.004413404336519444, -0.013332353518228918], [0.010299533087038577, -0.008087102127703121, -0.009224458549958611]]	0.29605673842339664	[[0.14262269833749694, -0.8312660035947597, -0.48694435096612815], [-0.8535533905932738, 0.14644660940672602, -0.5], [0.48694435096612815, 0.48694435096612826, -0.6886433052572629]]
7	[[0.5319609947059123, -0.8460851799387872, 0.03402011756955908], [-0.703274286200726, -0.4190807785627857, 0.5742617690636116], [-0.47161719485230363, -0.3294103357928521, -0.8179645788128509]]	0.8945407522246785	0.10545924777532155	[[0.475860788358415, -0.7568576733085953, 0.030432381561445385], [-0.6291075089982712, -0.37488483489845825, 0.5137005548720378], [-0.42188080024527247, -0.2946709695707219, -0.7317026496243902]]	0.897455412126537	0.14789693881986626	[[0.5421125502491415, -0.743040221479839, -0.0007086813284382221], [-0.5873356420125098, -0.39274949602028136, 0.5835955317738948], [-0.40387505603437807, -0.3829771197832818, -0.7425391081068001]]	[[0.06470127651010439, 0.016283502376280345, -0.031240219962420105], [0.043821672347758994, -0.016643183180906507, 0.06822119915039704], [0.01938034793775734, -0.08734603111556671, -0.008452369923403633]]	0.2894313089566035	[[0.6916867268554268, -0.6916867268554266, 0.0], [-0.5, -0.5000000000000001, 0.7071067811865475], [-0.4890963750161994, -0.4890963750161995, -0.6916867268554268]]
7	[[-0.8305561570912853, 0.32773595720904825, 0.4502950280316503], [-0.5100865793185324, -0.772219296347621, -0.37879947194723407], [0.22358030216652452, -0.5443036842615101, 0.808545204538665]]	0.88624386458878	0.11375613541121996	[[-0.7360752984185865, 0.29045398128165, 0.39907120584788286], [-0.4520611013301274, -0.684374613505144, -0.3357087079227059], [0.1981466710379879, -0.48238580064983183, 0.716568226765072]]	0.88624386458878	0.11375613541122005	[[-0.7360752984185864, 0.2904539812816499, 0.39907120584788275], [-0.45206110133012745, -0.6843746135051441, -0.33570870792270585], [0.19814667103798791, -0.48238580064983183, 0.7165682267650719]]	[[0.0, 0.0, 0.0], [0.0, 0.0, 0.0], [0.0, 0.0, 0.0]]	0.3705793665413325	[[-0.6916867268554268, 0.4890963750161995, 0.4890963750161994], [-0.7071067811865475, -0.5000000000000001, -0.5], [0.0, -0.6916867268554266, 0.6916867268554268]]
7	[[-0.3195682178843842, -0.5708200961323295, -0.7563336379995778], [0.910087742671785, 0.03735879733279218, -0.41272826520656647], [0.2638493031197415, -0.8202248094963509, 0.507557688474819]]	0.9103739064028896	0.08962609359711043	[[-0.29092656687761664, -0.5196597207692619, -0.6885464085695847], [0.8285201334655008, 0.0340104742663679, -0.3757370430789898], [0.24020152078279916, -0.7467112639497588, 0.46206727558164185]]	0.9103739064028895	0.08962609359711037	[[-0.29092656687761653, -0.5196597207692618, -0.6885464085695846], [0.8285201334655008, 0.034010474266367885, -0.3757370430789897], [0.24020152078279916, -0.7467112639497591, 0.4620672755816418]]	[[0.0, 0.0, 0.0], [0.0, 0.0, 0.0], [0.0, 0.0, 0.0]]	0.23563862277123207	[[-0.4848017958218772, -0.4848017958218773, -0.685613274714131], [0.8535533905932738, -0.14644660940672602, -0.5], [0.14199515846481198, -0.8276084331789428, 0.4848017958218772]]
