7	[[0.034229894132735264, 0.2773841392786001, 0.9601491309293217], [-0.1827544195208179, -0.9427759796974285, 0.2788803941677556], [0.9825625356654255, -0.18501754344446375, 0.018422055382213542]]	0.8326541719184093	0.16734582808159076	[[0.028501664153947493, 0.23096506079432347, 0.7994721795321348], [-0.15217122985053622, -0.7850063526795293, 0.2322109236700321], [0.8181347944925473, -0.15405562942712825, 0.015339201269312092]]	0.9009109631686666	0.15088584749971737	[[0.00911411108814813, 0.22688574999597735, 0.8302532959672421], [-0.16614215995448892, -0.8256469300362762, 0.2547833861933182], [0.8619442655115188, -0.1541521699391178, 0.0]]	[[-0.02172397580413588, -0.023012662089217824, -0.03475558236385122], [-0.0014966998406582954, 0.023710285885217362, 0.0035369816747881436], [-0.023257094868266853, 0.012532163328534622, -0.01659663165793652]]	0.3587987178661073	[[0.0, 0.0, 0.9528000000000001], [0.0, -1.0, 0.0], [0.9528000000000001, 0.0, 0.0]]
7	[[-0.8305561570912853, 0.32773595720904825, 0.4502950280316503], [-0.5100865793185324, -0.772219296347621, -0.37879947194723407], [0.22358030216652452, -0.5443036842615101, 0.808545204538665]]	0.6501692704061248	0.3498307295938752	[[-0.5400020906873558, 0.21308384818445983, 0.2927679898428436], [-0.3316426191194861, -0.5020732564998638, -0.2462837763061585], [0.14536504193679017, -0.35388952927567174, 0.5256912457252747]]	0.7654918182337971	0.39018734738288857	[[-0.6005400780639489, 0.23827302507748882, 0.19684463083190332], [-0.5687736582183559, -0.6240418337241945, -0.30333733893254783], [0.17613771592237973, -0.26688667381609865, 0.5801108316970066]]	[[0.03524386477313397, -0.012606168707059329, -0.14785252891768325], [-0.17830655515915453, -0.03291428048783085, -0.013369442405657463], [0.004988823895665157, 0.14977334312059928, -0.03882390704951315]]	0.464021634441246	[[-0.5552566192981896, 0.39262572080446706, 0.39262572080446695], [-0.7071067811865475, -0.5000000000000001, -0.5], [0.0, -0.5552566192981895, 0.5552566192981896]]
7	[[0.8592155572171323, 0.2624339665249735, -0.4391776855101157], [-0.4266000482917053, 0.8413623931712975, -0.33184593135155627], [0.2824199444684594, 0.4724804086637203, 0.8348660002631537]]	0.6746135446266052	0.3253864553733948	[[0.5796384526525733, 0.17704150838783217, -0.2962752151428877], [-0.28779017071594826, 0.5675944663728125, -0.22386776001899047], [0.19052431981111642, 0.31874168325525937, 0.5632119117257625]]	0.77592692437142	0.3961127497826336	[[0.5286512311075009, 0.2087929975945121, -0.28353462306037025], [-0.3387601743344299, 0.7513726746660357, -0.2614792864633744], [0.2406750651303133, 0.3296460519674434, 0.5214518148620767]]	[[-0.1380372535760644, 0.005163417098197218, 0.05723516771005258], [-0.007749710926747845, 0.09853694065085356, -0.003991093584591951], [0.021537826237754416, -0.03696421835274871, -0.12634319298438124]]	0.48405417653625127	[[0.6702540304535619, -0.11499741115537225, -0.39262572080446695], [-0.14644660940672619, 0.8535533905932737, -0.5], [0.39262572080446695, 0.39262572080446706, 0.5552566192981896]]
7	[[-0.30792515101507295, 0.09349718223056193, 0.9468053539599837], [0.3027085282091916, -0.9338174967034747, 0.1906631317268273], [0.9019698710720718, 0.34531602882779927, 0.2592434992682147]]	0.7041274868207207	0.2958725131792795	[[-0.21681856271313418, 0.06583393594882456, 0.6666716743922463], [0.21314539520713738, -0.6575265671030343, 0.13425115177217894], [0.6351017785059873, 0.24314650753742983, 0.1825404736143374]]	0.8275817648663459	0.283506132308934	[[-0.23221160884536501, 0.07248833429339367, 0.7254753190433323], [0.2476265827809036, -0.8483386761490402, 0.11851624214754153], [0.6638722231267427, 0.25123701511755336, 0.15972327455197136]]	[[0.022621631078425207, -0.004888228787005127, -0.058083526771776424], [-0.00288947523455317, -0.07552834416410556, -0.03927308890189078], [-0.08258159463135306, -0.03454023345639476, -0.05482191810254507]]	0.44061474252475963	[[-0.37409378678249616, -0.10956953334883868, 0.6386180402161538], [0.5, -0.8535533905932737, 0.14644660940672619], [0.5290485068673151, 0.3740937867824962, 0.37409378678249616]]
7	[[-0.5446221603179724, 0.8109226453022452, -0.2139887049042392], [-0.8354447797583356, -0.5021691245819775, 0.22328947644507607], [0.07361197229480154, 0.30038414347728, 0.9509735242804028]]	0.7003582849706447	0.2996417150293554	[[-0.38143064215730266, 0.5679363931077388, -0.14986876236982236], [-0.5851106731392258, -0.3516983068574437, 0.15638263477506667], [0.051554754669693836, 0.21037652355812392, 0.6660221865175127]]	0.8075113479025295	0.2864932428201452	[[-0.48209886620865344, 0.6202008121283832, -0.11318177175338552], [-0.7352163782977384, -0.4065040109376911, 0.09640414721280895], [0.07518816834703317, 0.11744521505196329, 0.7464705086063461]]	[[-0.042310291432700084, -0.034628426224317756, 0.059616535779753316], [-0.06058523809695288, -0.0009967442714652157, -0.08390463888380455], [0.01574566537749433, -0.1251183895359219, -0.021451403804940997]]	0.4099540262840793	[[-0.6419312218139362, 0.6419312218139361, 0.0], [-0.7071067811865475, -0.7071067811865476, 0.0], [0.0, 0.0, 0.9078278400000002]]
7	[[0.22433838825039393, -0.7661379269479729, -0.6022499185961573], [-0.9416906372873723, -0.011392912655017143, -0.3362869982418849], [0.2507808429735371, 0.642575192824231, -0.724020780340167]]	0.6398788432385303	0.3601211567614697	[[0.14354938836765838, -0.4902354504566345, -0.38536698125180824], [-0.6025679156759982, -0.00729008377081003, -0.21518293543117498], [0.1604693557082904, 0.4111702710781446, -0.46328557940472415]]	0.7476913710573375	0.42555529606047293	[[0.21094252734171742, -0.49977536183377025, -0.36199722994483374], [-0.8127953328791495, 0.045752788647329276, -0.20615609269496396], [0.169903829749355, 0.36199722994483374, -0.41724678779061203]]	[[0.043206650249987134, 0.0730593551849859, 0.08829983740949686], [-0.10870136917389614, 0.054271171130695524, 0.04528279408926742], [-0.017602842568443737, -0.11845069698534855, 0.12409730213593087]]	0.40661595009147233	[[0.1095695333488388, -0.6386180402161538, -0.37409378678249616], [-0.8535533905932738, 0.14644660940672602, -0.5], [0.37409378678249616, 0.3740937867824962, -0.5290485068673151]]
7	[[0.04673222253661188, -0.9725397674033924, -0.22799671093185395], [-0.8377629715199755, -0.16246744520517667, 0.5213036857710898], [-0.5440306084466285, 0.16664552219444034, -0.8223502702654952]]	0.6462985448494523	0.3537014551505478	[[0.030202967422993013, -0.6285510364810373, -0.14735394250571837], [-0.5414449894221133, -0.10500247342151378, 0.33691781353851136], [-0.35160619059261816, 0.10770275849994392, -0.5314837830291432]]	0.754885452161757	0.4016426666520665	[[-0.009072285889077675, -0.7961174019376143, -0.12370188702336464], [-0.6869301230243479, -0.14534503534262092, 0.2710897068823665], [-0.2686664084181438, 0.025639207124074182, -0.5793311214442157]]	[[-0.0443497608291519, -0.06196127987601439, 0.0484095131998213], [-0.054515043464114094, -0.022700724507345588, -0.12243486166453302], [0.14201438342892514, -0.10015907324840803, 0.04144913416049568]]	0.3982702208288123	[[-0.1095695333488388, -0.6386180402161538, -0.37409378678249616], [-0.8535533905932738, -0.14644660940672602, 0.5], [-0.37409378678249616, 0.3740937867824962, -0.5290485068673151]]
7	[[0.8489524140446696, -0.5135124485683378, 0.12483895166604869], [0.522794976890395, 0.7815435453534784, -0.34040431673891397], [0.0772347773085365, 0.35425224329800037, 0.9319550081910795]]	0.7496359693330419	0.2503640306669581	[[0.6364052658200018, -0.38494740214710976, 0.09358376854269917], [0.3919059192636765, 0.5858731531970371, -0.25517931994372767], [0.05789796715390639, 0.26556022379310107, 0.698626995940103]]	0.8775199151513288	0.20463930019120924	[[0.708541460191513, -0.4529820363260223, 0.052789828406706533], [0.5042140629596161, 0.6687228486066523, -0.295559728838529], [0.02358181692531223, 0.2634839270621906, 0.7920454496029599]]	[[-0.03643119014848121, -0.0023646360291834844, -0.056758837866865336], [0.04545105919721589, -0.017097176999000655, 0.0031518383033487646], [-0.04419323830520649, -0.0473794714188386, -0.025763630109732025]]	0.44249608683543185	[[0.6737313411145426, -0.6737313411145425, 0.0], [0.7071067811865475, 0.7071067811865476, 0.0], [0.0, 0.0, 0.9528000000000001]]
7	[[0.08740825448676931, -0.06334395238859675, -0.994156597696443], [0.7119981850616444, -0.6940087028176986, 0.10681996481098455], [-0.6967197295301035, -0.717174639895393, -0.015561310176609944]]	0.7503154748210848	0.24968452517891546	[[0.06558376596852253, -0.047527947713494154, -0.7459310796471209], [0.5342232562962782, -0.5207254693846265, 0.08014867261752545], [-0.5227595946795972, -0.5381072304627521, -0.011675891834001272]]	0.899735185735728	0.16996536058747103	[[0.052827720295206264, -0.05282772029520628, -0.828363240492301], [0.6836793251394173, -0.670485565558023, 0.09065043107616072], [-0.5992204767642284, -0.6101974106718464, 0.0]]	[[-0.025816561790282903, 0.00416506247238293, 0.06611443058650779], [0.04306950585947751, -0.04606151642612918, -0.005459249803334409], [0.0276427784902857, 0.035069847159388885, 0.014001058302043424]]	0.19207138144543529	[[0.0, 0.0, -0.8649783659520003], [0.7071067811865475, -0.7071067811865476, 0.0], [-0.6116320681443186, -0.6116320681443185, 0.0]]
7	[[0.8787972042104137, -0.3840163418041313, 0.28327887866788265], [-0.395223040501579, -0.9183905790867732, -0.018907472103605397], [0.2674214316928388, -0.09534250611366366, -0.9588511794847616]]	0.672841026006345	0.32715897399365496	[[0.5912908125324424, -0.258381949422695, 0.19060165136882504], [-0.26592227607242963, -0.6179308595073058, -0.012721722929376171], [0.1799321104762953, -0.06415034963553366, -0.6451544113919212]]	0.824821894142852	0.2847396520196107	[[0.6535530957687518, -0.26642447893986326, 0.16656891878844968], [-0.31695455240446196, -0.8546262197692359, -0.03400879944209463], [0.15773967183206458, -0.052189822686156254, -0.7511212428757603]]	[[-0.07129807877552455, 0.05032060748882918, -0.06708570248505649], [0.009034064470947593, -0.09711756276393284, -0.018413502488145703], [-0.06283537999121606, 0.02645076379884224, 0.03976020318796869]]	0.4896157705618517	[[0.6419312218139362, -0.6419312218139361, 0.0], [-0.7071067811865475, -0.7071067811865476, 0.0], [0.0, 0.0, -0.9078278400000002]]
7	[[0.3802729664721569, 0.7767473726770865, -0.5020517802076895], [0.4287143634067757, 0.332951791095048, 0.839849450446521], [0.8195098935212374, -0.5346088512602871, -0.20639019011321075]]	0.659232327476852	0.3407676725231481	[[0.2506882327639669, 0.5120569783514456, -0.33096876358021204], [0.2826223676114058, 0.21949258418117507, 0.5536559079480152], [0.5402474144963125, -0.3524314373060453, -0.1360590853967219]]	0.8092259783576253	0.3007852235802144	[[0.3460397493286297, 0.5253682926782354, -0.4112894354088219], [0.4073727571353086, 0.2983848339274213, 0.7162222878838729], [0.5963610438231416, -0.4170325004735359, -0.06996275070780257]]	[[0.03831298599224206, -0.10319585991309496, -0.0050160923840669586], [0.06044595697149407, 0.028951595032607504, 0.036594294673173], [-0.06680765153533516, 0.015586870226216177, 0.09705355280997673]]	0.40738872294417	[[0.41207569353953283, 0.41207569353953294, -0.5827630345279067], [0.5, 0.5000000000000001, 0.7071067811865475], [0.5827630345279067, -0.5827630345279066, 0.0]]
7	[[-0.42203838922340475, -0.825029846081567, 0.3757783270710803], [0.2588054115689476, 0.28760896992378115, 0.9221175843470338], [-0.8688517462515349, 0.4864224845687207, 0.09214016247897017]]	0.6514395389745025	0.34856046102549765	[[-0.2749324937052364, -0.5374570625715807, 0.24479686014379431], [0.16859607799658155, 0.18735985477207956, 0.6007038540273136], [-0.5660043810152913, 0.3168748390942795, 0.060023744966336084]]	0.8096894598512664	0.31462965991229364	[[-0.2593642089957706, -0.5647871780832953, 0.3095387887987613], [0.26557860610489564, 0.23633910387636875, 0.8277617286258202], [-0.6581032004987931, 0.3426986056368468, 0.02409777631914196]]	[[0.08235582641102648, 0.10323079235166227, 0.005275038128765818], [0.056026592205049804, 0.003465152370403275, 0.08113283983651588], [0.04539690061444173, -0.05115255315311168, -0.05050714206906333]]	0.5261901232131907	[[-0.41207569353953283, -0.41207569353953294, 0.5827630345279067], [0.5, 0.5000000000000001, 0.7071067811865475], [-0.5827630345279067, 0.5827630345279066, 0.0]]
7	[[0.5319609947059123, -0.8460851799387872, 0.03402011756955908], [-0.703274286200726, -0.4190807785627857, 0.5742617690636116], [-0.47161719485230363, -0.3294103357928521, -0.8179645788128509]]	0.6782155482431415	0.32178445175685855	[[0.36078421766843727, -0.5738281241725817, 0.023072972688734636], [-0.4769715555809293, -0.2842270999911223, 0.38947326054055365], [-0.3198581143676476, -0.22341121148670656, -0.5547562952630279]]	0.7628758618471851	0.2841284756107547	[[0.42661290811606234, -0.6263357854789592, 0.005397752486711387], [-0.6103060866528827, -0.3794068119142819, 0.5400916914894474], [-0.3040580756516677, -0.2964245008786275, -0.6240054330223234]]	[[0.020792705810703492, 0.019122175362973816, -0.020555374024308553], [-0.07379510945254002, -0.05970020178460735, 0.1020012494891554], [0.0557272983332352, -0.045125307059284664, 7.906770309569064e-18]]	0.3849059698395723	[[0.5552566192981896, -0.5552566192981895, 0.0], [-0.5, -0.5000000000000001, 0.7071067811865475], [-0.39262572080446695, -0.39262572080446706, -0.5552566192981896]]
7	[[-0.3195682178843842, -0.5708200961323295, -0.7563336379995778], [0.910087742671785, 0.03735879733279218, -0.41272826520656647], [0.2638493031197415, -0.8202248094963509, 0.507557688474819]]	0.6542639057285378	0.34573609427146224	[[-0.20908195037974556, -0.3734669855638773, -0.4948418000314777], [0.5954375610761105, 0.02444251265627346, -0.27003320679861187], [0.17262707558287485, -0.5366434874365283, 0.3320766756440835]]	0.7335998135172115	0.2966173262624304	[[-0.28485392764403883, -0.43332625851199114, -0.5292028117871712], [0.7577709903777433, 0.015480795883118521, -0.3454435873591005], [0.1900874123295429, -0.5658410734951078, 0.3757536611655651]]	[[-0.05041874259802699, -0.014572742437437513, 0.02564340400611327], [0.09013079206942186, -0.011925610873445182, -0.04266620897028116], [-0.003472387235745676, 0.035875693793605515, 0.0034094355512109403]]	0.3904042194621282	[[-0.35643656004636237, -0.3564365600463624, -0.5040774173431778], [0.8535533905932738, -0.14644660940672602, -0.5], [0.10439785137477363, -0.6084752687179513, 0.35643656004636237]]
