7	[[0.8592155572171323, 0.2624339665249735, -0.4391776855101157], [-0.4266000482917053, 0.8413623931712975, -0.33184593135155627], [0.2824199444684594, 0.4724804086637203, 0.8348660002631537]]	0.6972794455336424	0.30272055446635765	[[0.5991133473302418, 0.1829898106677279, -0.30622957304324183], [-0.29745944513746525, 0.5866647030033407, -0.2313893470154083], [0.19692562228660945, 0.3294508773785476, 0.5821349017583816]]	0.7843382660301378	0.28030678891662114	[[0.6827721411477033, 0.16391583207845525, -0.27690621315279623], [-0.339414474712247, 0.7419516610967651, -0.4057242892773022], [0.2072355000555328, 0.3743732406929403, 0.6518980588704781]]	[[0.008856500853899168, -0.04192117017315372, 0.06755765117933699], [-0.004815732546757861, 0.08203894053382275, -0.14544482689186655], [-0.01427726948118642, 0.0037887762284271468, -0.0029192921434403863]]	0.47508046532012616	[[0.6873079681503751, -0.11792340428041383, -0.40261568621539434], [-0.14644660940672619, 0.8535533905932737, -0.5], [0.40261568621539434, 0.40261568621539445, 0.5693845638699613]]
7	[[-0.30792515101507295, 0.09349718223056193, 0.9468053539599837], [0.3027085282091916, -0.9338174967034747, 0.1906631317268273], [0.9019698710720718, 0.34531602882779927, 0.2592434992682147]]	0.7226865099450325	0.27731349005496775	[[-0.2225333527113802, 0.0675691523158995, 0.6842434568506116], [0.21876336978209807, -0.6748573076182413, 0.13778967324285085], [0.6518414582006467, 0.2495552357016405, 0.18735177971208367]]	0.8316320153258316	0.2795570532271238	[[-0.2367921159204459, 0.07358059130053299, 0.7286069609879684], [0.24677929536463009, -0.8486955131444907, 0.11850204884984218], [0.6666996310989941, 0.25351618557291244, 0.16321152461991295]]	[[0.01928829798773025, -0.0041746587851557585, -0.05878668364706022], [-0.004962808006296272, -0.07210298641445696, -0.040059515636473725], [-0.08340739054385354, -0.03365967940546321, -0.05238366913663324]]	0.42940163210224425	[[-0.3855447811198616, -0.11292345193892428, 0.6581661103007992], [0.5, -0.8535533905932737, 0.14644660940672619], [0.5452426583618749, 0.38554478111986173, 0.3855447811198616]]
7	[[0.8787972042104137, -0.3840163418041313, 0.28327887866788265], [-0.395223040501579, -0.9183905790867732, -0.018907472103605397], [0.2674214316928388, -0.09534250611366366, -0.9588511794847616]]	0.691983575639989	0.30801642436001103	[[0.6081132316319476, -0.265733001305811, 0.19602433136388803], [-0.2734878527415909, -0.6355111967505456, -0.013083660152566234], [0.1850512385055757, -0.06597544829101049, -0.6635092676864862]]	0.8290043105694755	0.28026911384058706	[[0.6562654474731626, -0.2687189047461107, 0.16985763016867156], [-0.31795091165968775, -0.8544999205856489, -0.033317353388801], [0.16039642533088228, -0.053393307462439726, -0.7549174350319358]]	[[-0.07226122293367396, 0.049632297938635245, -0.06498178134029063], [0.009690692552495694, -0.09315017173631715, -0.01764297751294], [-0.06129709428114165, 0.025646041086284023, 0.039974325955557624]]	0.4870002913354657	[[0.6484153344288742, -0.6484153344288741, 0.0], [-0.7071067811865475, -0.7071067811865476, 0.0], [0.0, 0.0, -0.91699776]]
7	[[0.22433838825039393, -0.7661379269479729, -0.6022499185961573], [-0.9416906372873723, -0.011392912655017143, -0.3362869982418849], [0.2507808429735371, 0.642575192824231, -0.724020780340167]]	0.6618719828095395	0.33812801719046054	[[0.1484832938515845, -0.5070852288146449, -0.3986123477681224], [-0.6232786492945719, -0.007540649688952128, -0.2225789423194245], [0.16598481378954275, 0.42530251697879595, -0.4792090694790564]]	0.7547575082784608	0.41624893964566273	[[0.20357091843259045, -0.5112944964772436, -0.3681138612649304], [-0.8189454454714457, 0.05342068393941536, -0.2031821263275068], [0.17085278032174625, 0.36811386126493034, -0.42476355147502337]]	[[0.03424983550551714, 0.06695385626363387, 0.08643878665561117], [-0.1081973665032726, 0.06201957030695035, 0.05063301053198142], [-0.018425943844932527, -0.11687459015263775, 0.12169656863634787]]	0.39251877745517044	[[0.11292345193892442, -0.6581661103007992, -0.3855447811198616], [-0.8535533905932738, 0.14644660940672602, -0.5], [0.3855447811198616, 0.38554478111986173, -0.5452426583618749]]
7	[[0.3802729664721569, 0.7767473726770865, -0.5020517802076895], [0.4287143634067757, 0.332951791095048, 0.839849450446521], [0.8195098935212374, -0.5346088512602871, -0.20639019011321075]]	0.6781535650736031	0.321846434926397	[[0.25788346791420796, 0.5267539999425208, -0.3404682045993937], [0.2907341739425652, 0.22579244412874833, 0.5695468989454148], [0.5557535559045161, -0.36254689840206733, -0.13996424322149262]]	0.8173938162297029	0.29094304923669867	[[0.34734337724402636, 0.5380684058984793, -0.41792931596109295], [0.40803268641415097, 0.29492661132433334, 0.7141299159011263], [0.6085848518160608, -0.4179293159610929, -0.07335789173736848]]	[[0.03651060597036011, -0.09684009330043979, -0.007555295392213716], [0.05760421683659889, 0.02277387618063722, 0.02764216854222577], [-0.06127746748726082, 0.01905665316073079, 0.09534417339164274]]	0.4009320282303889	[[0.4204424459225087, 0.4204424459225088, -0.5945954092209286], [0.5, 0.5000000000000001, 0.7071067811865475], [0.5945954092209286, -0.5945954092209285, 0.0]]
7	[[0.034229894132735264, 0.2773841392786001, 0.9601491309293217], [-0.1827544195208179, -0.9427759796974285, 0.2788803941677556], [0.9825625356654255, -0.18501754344446375, 0.018422055382213542]]	0.8437699898672162	0.15623001013278393	[[0.02888215742553392, 0.23404841238843085, 0.8101450224752502], [-0.15420269470726947, -0.795486078836354, 0.2353109073610924], [0.8290567807623223, -0.1561122507573924, 0.015543977483183615]]	0.9048754460148529	0.1445261102109643	[[0.009097631587598099, 0.22900889871628305, 0.8368343243572793], [-0.16586137488078376, -0.8258937153551983, 0.25446837880308687], [0.8688601607599392, -0.15546005251569647, 0.0]]	[[-0.021876159132801918, -0.021989198030886264, -0.03198104873316406], [-0.0004913880056981457, 0.02720111976560238, 0.0021163577457410385], [-0.020236551937797463, 0.011957779629185103, -0.0166696655804908]]	0.3566492877894418	[[0.0, 0.0, 0.9576], [0.0, -1.0, 0.0], [0.9576, 0.0, 0.0]]
7	[[-0.5446221603179724, 0.8109226453022452, -0.2139887049042392], [-0.8354447797583356, -0.5021691245819775, 0.22328947644507607], [0.07361197229480154, 0.30038414347728, 0.9509735242804028]]	0.7170928623648737	0.2829071376351264	[[-0.390544663849756, 0.5815068408762822, -0.15344977291353315], [-0.5990914884646964, -0.36010189493775296, 0.1601192897999536], [0.052786619917203, 0.2154033252551436, 0.6819363265594459]]	0.8141787317012097	0.21958035220774735	[[-0.45389170024989334, 0.649764050354138, -0.10206892135002851], [-0.7557204916912699, -0.43265487056617913, 0.19480240179015745], [0.054364120517464545, 0.17726400152185354, 0.7847343383858817]]	[[-0.010471920505833874, -0.010471920505833872, 0.07215613100728938], [-0.07551912050123176, -0.023799449614518, 0.013004859055878318], [-0.005569181723541547, -0.06730237943763247, 0.010471920505833874]]	0.40651324561679286	[[-0.6484153344288742, 0.6484153344288741, 0.0], [-0.7071067811865475, -0.7071067811865476, 0.0], [0.0, 0.0, 0.91699776]]
7	[[-0.8305561570912853, 0.32773595720904825, 0.4502950280316503], [-0.5100865793185324, -0.772219296347621, -0.37879947194723407], [0.22358030216652452, -0.5443036842615101, 0.808545204538665]]	0.6704260494859099	0.3295739505140901	[[-0.5568264832749091, 0.21972272306614543, 0.30188951674640635], [-0.34197533026830484, -0.5177159321871246, -0.25395703352493293], [0.1498940587243691, -0.3649153687600703, 0.5420697673096342]]	0.7717903837942913	0.38263873187635145	[[-0.6091091982348571, 0.24183727414150924, 0.19747034335626748], [-0.5672962592978334, -0.6252459291293632, -0.303919693857897], [0.17753926306362952, -0.27134486742312425, 0.5886310291346654]]	[[0.031906057009337456, -0.011106186056051568, -0.1500630291489411], [-0.17361634247726596, -0.02925450202787509, -0.01156590402266632], [0.004982135845683952, 0.14874348195371337, -0.035396384591264554]]	0.4530709157518318	[[-0.5693845638699613, 0.40261568621539445, 0.40261568621539434], [-0.7071067811865475, -0.5000000000000001, -0.5], [0.0, -0.5693845638699612, 0.5693845638699613]]
7	[[0.08740825448676931, -0.06334395238859675, -0.994156597696443], [0.7119981850616444, -0.6940087028176986, 0.10681996481098455], [-0.6967197295301035, -0.717174639895393, -0.015561310176609944]]	0.7699713285719486	0.2300286714280516	[[0.06730184983533274, -0.0487730271776461, -0.7654720763368983], [0.5482181884927305, -0.534366802949038, 0.08224831022352257], [-0.5364542157885828, -0.5522039102983647, -0.011981762671004544]]	0.9070863243527005	0.15691530914903637	[[0.054176710837757575, -0.05417671083775759, -0.8413488101354578], [0.6822657264643915, -0.6705232134075528, 0.09111525248528723], [-0.6088397961112486, -0.6189164381641884, 0.0]]	[[-0.025110121442731427, 0.0032817221043870922, 0.06043704389999503], [0.03642190983103059, -0.040997410099860944, -0.005779676762593551], [0.02314514245222059, 0.03162286985749522, 0.014115451650213388]]	0.18240193226137838	[[0.0, 0.0, -0.878117054976], [0.7071067811865475, -0.7071067811865476, 0.0], [-0.62092252424909, -0.6209225242490899, 0.0]]
7	[[-0.42203838922340475, -0.825029846081567, 0.3757783270710803], [0.2588054115689476, 0.28760896992378115, 0.9221175843470338], [-0.8688517462515349, 0.4864224845687207, 0.09214016247897017]]	0.6683746419711948	0.33162535802880533	[[-0.2820797572952929, -0.5514290279903173, 0.2511607048166678], [0.17297897429760312, 0.1922305423005113, 0.6163200102932916], [-0.5807184748269171, 0.3251124539703577, 0.06158414810804943]]	0.8177887235008622	0.30118319895427254	[[-0.2627294449187386, -0.578155446926279, 0.31348932252512757], [0.2636156600467857, 0.23531326957515364, 0.8286977722426918], [-0.6730403840338091, 0.34775649168814127, 0.023799052550693894]]	[[0.08240879067262953, 0.09654465775087848, 0.006182044110379361], [0.05196751288470076, 0.00010989719378673782, 0.07460041002183233], [0.03749677644472875, -0.05003433104943063, -0.051552133306145165]]	0.5199630128229807	[[-0.4204424459225087, -0.4204424459225088, 0.5945954092209286], [0.5, 0.5000000000000001, 0.7071067811865475], [-0.5945954092209286, 0.5945954092209285, 0.0]]
7	[[0.8489524140446696, -0.5135124485683378, 0.12483895166604869], [0.522794976890395, 0.7815435453534784, -0.34040431673891397], [0.0772347773085365, 0.35425224329800037, 0.9319550081910795]]	0.7612822647004807	0.23871773529951934	[[0.6462924163868663, -0.39092791979799335, 0.09503767984716341], [0.3979945439811553, 0.5949752401687388, -0.25914376916082016], [0.05879746618307996, 0.26968595005312745, 0.7094808192346601]]	0.8824185277945826	0.19648619577792842	[[0.7160949486579351, -0.45707261977597896, 0.0543147555070765], [0.5053350142028683, 0.6690420786420029, -0.29366808811441647], [0.022959472547898596, 0.26702015808461477, 0.800196971904594]]	[[-0.03303639071101918, -0.003939720906115063, -0.055845448433497244], [0.044011040356843195, -0.020606426056172043, 0.00671098791725684], [-0.045193925939242624, -0.045578584914335044, -0.022177394394166373]]	0.44081786827307373	[[0.6771254536642379, -0.6771254536642378, 0.0], [0.7071067811865475, 0.7071067811865476, 0.0], [0.0, 0.0, 0.9576]]
7	[[0.5319609947059123, -0.8460851799387872, 0.03402011756955908], [-0.703274286200726, -0.4190807785627857, 0.5742617690636116], [-0.47161719485230363, -0.3294103357928521, -0.8179645788128509]]	0.6983079500031792	0.30169204999682087	[[0.3714725916947377, -0.5908280075311254, 0.023756518558865958], [-0.49110202508677814, -0.2926474393639152, 0.40101155872000976], [-0.329334036523562, -0.23002985629736547, -0.5711911682060158]]	0.7776968078159385	0.26824623785060003	[[0.4391783684496646, -0.6389227543968565, 0.005195284761531017], [-0.6084441856216503, -0.3809752111662444, 0.5441243203604093], [-0.31379452870349667, -0.30644728653334935, -0.6361284418492628]]	[[0.02547400098428526, 0.019074989181912104, -0.021262052073838012], [-0.0615100182243129, -0.05505742746094776, 0.09752277570890484], [0.05298065824424732, -0.050265919925671865, 8.343662719580814e-18]]	0.37302972749901253	[[0.5693845638699613, -0.5693845638699612, 0.0], [-0.5, -0.5000000000000001, 0.7071067811865475], [-0.40261568621539434, -0.40261568621539445, -0.5693845638699613]]
7	[[-0.3195682178843842, -0.5708200961323295, -0.7563336379995778], [0.910087742671785, 0.03735879733279218, -0.41272826520656647], [0.2638493031197415, -0.8202248094963509, 0.507557688474819]]	0.6752355700374327	0.3247644299625674	[[-0.21578382776900865, -0.38543803300073565, -0.51070337519313], [0.6145236157070632, 0.02522598881292088, -0.27868880542731655], [0.17816043459603803, -0.553844966799113, 0.3427210051041761]]	0.7483390530446586	0.28019223959133505	[[-0.28888529725332446, -0.44204581634243684, -0.5422586339991995], [0.7603402315949346, 0.013204816967071535, -0.33998659770834816], [0.19127683377620447, -0.5790947596939134, 0.38781792591770897]]	[[-0.049739919698555346, -0.014878846143908352, 0.023735364447226296], [0.07928603205637999, -0.014752230051837546, -0.031125918558901622], [-0.006171903866915917, 0.034711497528321464, 0.007992685958927083]]	0.37187428874141576	[[-0.36919768240037953, -0.3691976824003796, -0.5221243696473314], [0.8535533905932738, -0.14644660940672602, -0.5], [0.10813549757671402, -0.6302598672240453, 0.36919768240037953]]
7	[[0.04673222253661188, -0.9725397674033924, -0.22799671093185395], [-0.8377629715199755, -0.16246744520517667, 0.5213036857710898], [-0.5440306084466285, 0.16664552219444034, -0.8223502702654952]]	0.6662758348642958	0.33372416513570413	[[0.03113655058564517, -0.6479797454654234, -0.1519086989224345], [-0.5581812232678649, -0.10824813269234831, 0.3473320484549674], [-0.3624744478345082, 0.11103188442649725, -0.5479121128720221]]	0.76178227551879	0.39187539001919114	[[-0.009982201101603546, -0.8055480858103767, -0.1267286817242814], [-0.6876501333601249, -0.14818501545600643, 0.2726863740109192], [-0.2729294305515333, 0.031173967565133225, -0.5863252381403031]]	[[-0.045581979925594346, -0.06468452876530549, 0.04695517154018607], [-0.049457150570254786, -0.024420195349882517, -0.12443353397211385], [0.14150344430281128, -0.09577363753716454, 0.0401266220160379]]	0.3878971913756161	[[-0.11292345193892442, -0.6581661103007992, -0.3855447811198616], [-0.8535533905932738, -0.14644660940672602, 0.5], [-0.3855447811198616, 0.38554478111986173, -0.5452426583618749]]
