7	[[-0.42203838922340475, -0.825029846081567, 0.3757783270710803], [0.2588054115689476, 0.28760896992378115, 0.9221175843470338], [-0.8688517462515349, 0.4864224845687207, 0.09214016247897017]]	0.5371787024033912	0.46282129759660884	[[-0.2267100342874459, -0.44318846216216573, 0.20186011412736005], [0.1390247551615828, 0.1544974132632327, 0.4953419274228893], [-0.4667286536323201, 0.26129579908045897, 0.049495732919690845]]	0.7413333143785261	0.41050468596761647	[[-0.2198800293335464, -0.48527689569720606, 0.2663918551174704], [0.26923499406805224, 0.23564769751133813, 0.8283734781831367], [-0.5618973294594038, 0.28768185599099516, 0.023275463587500177]]	[[0.09299108854441462, 0.12634521455964715, -0.012185137561751411], [0.07737392053054579, 0.02243358659274755, 0.14477699313242984], [0.0822114152928169, -0.07291933668257207, -0.04503110845041069]]	0.5786493818824908	[[-0.3520074855679998, -0.3520074855679999, 0.497813760147117], [0.5, 0.5000000000000001, 0.7071067811865475], [-0.497813760147117, 0.4978137601471169, 0.0]]
7	[[-0.30792515101507295, 0.09349718223056193, 0.9468053539599837], [0.3027085282091916, -0.9338174967034747, 0.1906631317268273], [0.9019698710720718, 0.34531602882779927, 0.2592434992682147]]	0.600782019834989	0.39921798016501103	[[-0.18499589418482953, 0.05617142598935705, 0.5688236329426608], [0.18186184099879488, -0.5610207618267667, 0.11454698138690785], [0.541887280972984, 0.20745966128056262, 0.1557488331194485]]	0.796461029316644	0.305271325522005	[[-0.17643391246644427, 0.07118868315255543, 0.7234154247737961], [0.2610545242018442, -0.8376096668485271, 0.13099042049072698], [0.664877744406027, 0.24199846305555434, 0.10524522931388887]]	[[0.06881647026350378, -0.0032781788450037645, -0.03067814200368204], [0.01995897824142512, -0.09386042223018584, -0.02086533365715676], [-0.05350610752063592, -0.03303229670417053, -0.10123211495692205]]	0.4835182726289128	[[0.0, 0.0, 0.9159999999999999], [0.0, -1.0, 0.0], [0.9159999999999999, 0.0, 0.0]]
7	[[0.8592155572171323, 0.2624339665249735, -0.4391776855101157], [-0.4266000482917053, 0.8413623931712975, -0.33184593135155627], [0.2824199444684594, 0.4724804086637203, 0.8348660002631537]]	0.543275014627081	0.4567249853729191	[[0.4667903444149531, 0.14257381700249783, -0.2385942635193957], [-0.2317611474755896, 0.4570911664568124, -0.18028360320895398], [0.1534316994620817, 0.2566868009277919, 0.4535618385046175]]	0.7395555733612482	0.45854009181062366	[[0.4592476964170573, 0.1847142143418602, -0.28508210644982407], [-0.3519662803880126, 0.7495899503466805, -0.25257705763955157], [0.2372292486484403, 0.30965150514053924, 0.45534983392347694]]	[[-0.1761899576415632, -0.009370288240983193, 0.03971419856507546], [-0.03647183707770428, 0.12735570326028978, -0.00715854961125399], [0.028364004688416954, -0.03977401439071534, -0.1620799695809516]]	0.5580353433333819	[[0.5504375589276675, -0.09444015463290831, -0.32243885678028783], [-0.14644660940672619, 0.8535533905932737, -0.5], [0.32243885678028783, 0.3224388567802879, 0.45599740429475916]]
7	[[0.22433838825039393, -0.7661379269479729, -0.6022499185961573], [-0.9416906372873723, -0.011392912655017143, -0.3362869982418849], [0.2507808429735371, 0.642575192824231, -0.724020780340167]]	0.4975716974317385	0.5024283025682614	[[0.11162443264084887, -0.38120854877833604, -0.29966251427401625], [-0.46855860885065354, -0.005668790888448447, -0.16732689253943878], [0.12478144972170513, 0.3197272294210793, -0.3602522486497088]]	0.6911230962659208	0.49822316810648043	[[0.1808127790987607, -0.4218431351187504, -0.3292706866967239], [-0.8172748739966824, 0.04795007254299369, -0.20258669636739937], [0.14262406719563228, 0.3292706866967239, -0.3541141732761953]]	[[0.025767337599842198, 0.10765248112028657, 0.08695814176935115], [-0.1664507250300054, 0.05582397761261624, 0.029829015091504377], [-0.030696365484416385, -0.11482787015162976, 0.14627331019336917]]	0.5160923454599827	[[0.08650718164374409, -0.5042008039777433, -0.2953539928107436], [-0.8535533905932738, 0.14644660940672602, -0.5], [0.2953539928107436, 0.29535399281074365, -0.4176936223339993]]
7	[[0.8787972042104137, -0.3840163418041313, 0.28327887866788265], [-0.395223040501579, -0.9183905790867732, -0.018907472103605397], [0.2674214316928388, -0.09534250611366366, -0.9588511794847616]]	0.5854857630633395	0.4145142369366606	[[0.5145232516850636, -0.22483610090998404, 0.16585575043659245], [-0.23139746344828016, -0.5377046089868017, -0.011070055732178218], [0.15657144099417247, -0.055821679944329496, -0.5613937144848189]]	0.7930299790356505	0.36491080522504493	[[0.5533071877667024, -0.2343394875920531, 0.225429649369497], [-0.3455189705705559, -0.8469886872084217, -0.02388301596738451], [0.20241168664859688, -0.07560946562452507, -0.642073278342332]]	[[-0.14360534066487027, 0.07019698389822436, 0.0007810061582634235], [-0.032095251047182624, -0.118677425528699, -0.008888823761445178], [-0.009661525720458657, 0.0, 0.11832445242277735]]	0.5123338617704681	[[0.5933021873952598, -0.5933021873952598, 0.0], [-0.7071067811865475, -0.7071067811865476, 0.0], [0.0, 0.0, -0.8390559999999999]]
7	[[-0.8305561570912853, 0.32773595720904825, 0.4502950280316503], [-0.5100865793185324, -0.772219296347621, -0.37879947194723407], [0.22358030216652452, -0.5443036842615101, 0.808545204538665]]	0.5283623532015712	0.4716376467984286	[[-0.43883460562680543, 0.17316334157974214, 0.23791894064577024], [-0.2695105453852797, -0.40801160460589064, -0.20014338038955318], [0.11813141458222329, -0.28758957547269653, 0.42720484693989474]]	0.7211000785364039	0.42444888261214314	[[-0.51074640138872, 0.17642184843614506, 0.24022752420144727], [-0.4395385790819347, -0.6708335768990403, -0.26185468795571337], [0.13702957198749932, -0.34061462632592066, 0.48025959935101054]]	[[0.0881677087186997, -0.05990857604650313, -0.08448025587672796], [-0.07171510667497535, -0.11398618165544433, 0.01129764101498544], [-0.024194201463974437, 0.05188280314270822, -0.1027824111420535]]	0.5487255875540028	[[-0.45599740429475916, 0.3224388567802879, 0.32243885678028783], [-0.7071067811865475, -0.5000000000000001, -0.5], [0.0, -0.4559974042947591, 0.45599740429475916]]
7	[[-0.3195682178843842, -0.5708200961323295, -0.7563336379995778], [0.910087742671785, 0.03735879733279218, -0.41272826520656647], [0.2638493031197415, -0.8202248094963509, 0.507557688474819]]	0.5136584555432676	0.4863415444567322	[[-0.16414891723920727, -0.29320656897239195, -0.388497168370284], [0.4674742643096479, 0.019189662138915944, -0.21200136326505709], [0.13552842553665384, -0.4213154088441666, 0.2607112983610865]]	0.6844832611805288	0.501847531008163	[[-0.23639107862469066, -0.3732045524162074, -0.37689655029807434], [0.7781368852513213, 0.014692042633977775, -0.22794875806663595], [0.16047933833076977, -0.37689655029807434, 0.31064160487578923]]	[[-0.01765198267753761, 0.01751224853183245, 0.14080116478041016], [0.15519705918691193, -0.010879428798154355, 0.05455683088333682], [-0.02012109312884081, 0.18453360220716597, -0.036773136968705745]]	0.5269626633147108	[[-0.2705442574146411, -0.27054425741464116, -0.3826073580579433], [0.8535533905932738, -0.14644660940672602, -0.5], [0.07924057838566959, -0.4618479364436128, 0.2705442574146411]]
7	[[0.034229894132735264, 0.2773841392786001, 0.9601491309293217], [-0.1827544195208179, -0.9427759796974285, 0.2788803941677556], [0.9825625356654255, -0.18501754344446375, 0.018422055382213542]]	0.7570728706642564	0.24292712933574356	[[0.02591452421360348, 0.21000000660038373, 0.7269028588184527], [-0.13835841301320545, -0.7137501173428391, 0.21113278058456214], [0.7438714394833745, -0.14007176273874894, 0.013946838351748325]]	0.8691767484101868	0.2013389274039719	[[0.009218736410522626, 0.21097463748002285, 0.7803057955082364], [-0.16842586071167492, -0.8236094000040767, 0.25741871807361083], [0.809508387980551, -0.1442918683260877, 0.0]]	[[-0.02053309167019314, -0.030121206758709187, -0.05423350410177816], [-0.009579968594979265, -0.004170439491437555, 0.015022363875529812], [-0.04451212187879169, 0.01652107848381174, -0.016012022196144747]]	0.37584633064049916	[[0.0, 0.0, 0.9159999999999999], [0.0, -1.0, 0.0], [0.9159999999999999, 0.0, 0.0]]
7	[[0.8489524140446696, -0.5135124485683378, 0.12483895166604869], [0.522794976890395, 0.7815435453534784, -0.34040431673891397], [0.0772347773085365, 0.35425224329800037, 0.9319550081910795]]	0.6734875394459643	0.32651246055403577	[[0.5717588724416559, -0.3458442354611621, 0.0840774783845808], [0.35209590262062196, 0.5263598393299894, -0.22925806569727583], [0.05201666012918323, 0.23858447168198338, 0.6276600853409536]]	0.8223842285550759	0.26745077457172206	[[0.6543316586241213, -0.4052162732415591, 0.050045566644457695], [0.47650428815247386, 0.6260982057917988, -0.264157343631102], [0.02687363026993805, 0.2261967449463675, 0.7223398973444667]]	[[-0.04383341747997363, 0.017088265627741392, -0.05262001831505017], [0.04656594438999763, -0.016630879835920633, 0.01578579778704751], [-0.03664303248456584, -0.06513471287216359, -0.04408520311479372]]	0.45608477102819006	[[0.6477098115668776, -0.6477098115668775, 0.0], [0.7071067811865475, 0.7071067811865476, 0.0], [0.0, 0.0, 0.9159999999999999]]
7	[[0.5319609947059123, -0.8460851799387872, 0.03402011756955908], [-0.703274286200726, -0.4190807785627857, 0.5742617690636116], [-0.47161719485230363, -0.3294103357928521, -0.8179645788128509]]	0.5680769971435872	0.43192300285641294	[[0.30219480447005026, -0.4806415283473178, 0.01932604623138691], [-0.399513944673208, -0.23807015024654382, 0.3262249013440206], [-0.2679148798529787, -0.18713043438526414, -0.46466686170182336]]	0.7087295978811056	0.4816582558430275	[[0.42826146383387154, -0.5521012478037169, 0.08071234147033922], [-0.5282048957694113, -0.3452811143804767, 0.32877498382289927], [-0.2460991034626938, -0.11009049136786396, -0.4955626790277519]]	[[0.05124496196751741, 0.04754436154746261, 0.05660127722539769], [-0.029773593710249256, -0.048266162709973, -0.07822132884404645], [0.08814996139879433, 0.12337236345648409, 0.08415302799526769]]	0.47849536170292556	[[0.45599740429475916, -0.4559974042947591, 0.0], [-0.5, -0.5000000000000001, 0.7071067811865475], [-0.32243885678028783, -0.3224388567802879, -0.45599740429475916]]
7	[[0.3802729664721569, 0.7767473726770865, -0.5020517802076895], [0.4287143634067757, 0.332951791095048, 0.839849450446521], [0.8195098935212374, -0.5346088512602871, -0.20639019011321075]]	0.5503419978681152	0.4496580021318851	[[0.20928018410352167, 0.42747670091791723, -0.27630017975274357], [0.2359395192720421, 0.183237353905016, 0.4622044244671771], [0.4510107120731642, -0.2942177032805644, -0.11358518956728453]]	0.7468393450927509	0.3922584208732314	[[0.29559402627877474, 0.42737676800600854, -0.34878358473552673], [0.41397414150185374, 0.3134393331238833, 0.7094521337132842], [0.5323025344633736, -0.3815667761773472, -0.03646630474256517]]	[[0.011591213042231516, -0.1527287311066618, 0.026168437997433867], [0.0937933871032818, 0.06477783551499917, 0.08221952016529771], [-0.07973969771105739, 0.01770014817867349, 0.11767400967515354]]	0.4658632109238132	[[0.3520074855679998, 0.3520074855679999, -0.497813760147117], [0.5, 0.5000000000000001, 0.7071067811865475], [0.497813760147117, -0.4978137601471169, 0.0]]
7	[[-0.5446221603179724, 0.8109226453022452, -0.2139887049042392], [-0.8354447797583356, -0.5021691245819775, 0.22328947644507607], [0.07361197229480154, 0.30038414347728, 0.9509735242804028]]	0.5929167348544128	0.4070832651455873	[[-0.3229155930250887, 0.4808096070721103, -0.12687748420754597], [-0.4953491909654763, -0.29774447769184487, 0.13239206730116573], [0.04364577025922722, 0.1781027855525883, 0.5638481169493299]]	0.7630300030346151	0.33695499726800915	[[-0.43645597619403637, 0.5854383529971177, -0.08449524161427954], [-0.7314816647901536, -0.3919324326248554, 0.10617460608275184], [0.068536533565117, 0.09070722028588721, 0.7002608899653117]]	[[-0.020892927553895373, -0.033319955508692545, 0.07878456053817547], [-0.09401223195589754, -0.008762323971179221, -0.06420196380673221], [0.012368390121630605, -0.138494893623132, -0.02536044115220274]]	0.43880147885706083	[[-0.5933021873952598, 0.5933021873952598, 0.0], [-0.7071067811865475, -0.7071067811865476, 0.0], [0.0, 0.0, 0.8390559999999999]]
7	[[0.08740825448676931, -0.06334395238859675, -0.994156597696443], [0.7119981850616444, -0.6940087028176986, 0.10681996481098455], [-0.6967197295301035, -0.717174639895393, -0.015561310176609944]]	0.6232597756030138	0.3767402243969862	[[0.054478049077274965, -0.039479737551524806, -0.6196178179945407], [0.44375982905127354, -0.4325477083846975, 0.06657658729801606], [-0.4342373822851248, -0.4469861051293748, -0.009698738688762809]]	0.8426072646559348	0.2650935576105229	[[0.047377486601421194, -0.0473774866014212, -0.7326317871245919], [0.6742265214011224, -0.6651213304461339, 0.09517110693649752], [-0.5259766596703689, -0.5334735854150142, 0.0]]	[[-0.026273343620025338, 0.00599658785323007, 0.10505178430005876], [0.07429167824634018, -0.08034455571749935, 0.005163828576470629], [0.061084445860814296, 0.07082297618784789, 0.013112073002375867]]	0.269863209387011	[[0.0, 0.0, -0.7685752959999999], [0.7071067811865475, -0.7071067811865476, 0.0], [-0.5434648036540579, -0.5434648036540578, 0.0]]
7	[[0.04673222253661188, -0.9725397674033924, -0.22799671093185395], [-0.8377629715199755, -0.16246744520517667, 0.5213036857710898], [-0.5440306084466285, 0.16664552219444034, -0.8223502702654952]]	0.5320986757128343	0.4679013242871656	[[0.024866153724848645, -0.517487122313413, -0.12131674795372141], [-0.4457725677070279, -0.08644871244012202, 0.27738500084301637], [-0.28947796630169853, 0.08867186167313544, -0.4375714897803614]]	0.7015844977413899	0.46687789445598743	[[-0.0015113103649823378, -0.7039521868456303, -0.10920310953037214], [-0.6717778947561983, -0.14981462488167743, 0.2806903522804244], [-0.24332048462310815, 0.017454755377739294, -0.5082338685601967]]	[[-0.03429791324167014, -0.021633362598392936, 0.050755848395441505], [-0.08401638115602209, -0.035829983938076654, -0.08504823227202093], [0.1383629565598624, -0.09946115961189878, 0.06871433277151685]]	0.4929561945248657	[[-0.08650718164374409, -0.5042008039777433, -0.2953539928107436], [-0.8535533905932738, -0.14644660940672602, 0.5], [-0.2953539928107436, 0.29535399281074365, -0.4176936223339993]]
