7	[[-0.5446221603179724, 0.8109226453022452, -0.2139887049042392], [-0.8354447797583356, -0.5021691245819775, 0.22328947644507607], [0.07361197229480154, 0.30038414347728, 0.9509735242804028]]	0.6046838914245612	0.3953161085754387	[[-0.3293242472571229, 0.4903518608056609, -0.12939552280239747], [-0.5051800004946059, -0.3036535804054955, 0.13501954953096154], [0.04451197386265759, 0.1816374528000754, 0.5750383713036035]]	0.7689591592224014	0.33060341425219114	[[-0.4427732782795509, 0.5899227116744937, -0.08812882384229784], [-0.7321204826949154, -0.3943816439974739, 0.104521291610333], [0.06946822856478284, 0.09379969898850446, 0.7062061334255807]]	[[-0.023981079787555058, -0.03364368385152649, 0.07641975076395656], [-0.08969756727520145, -0.008234096171467307, -0.06717919646008291], [0.012863628240269539, -0.13718343942352598, -0.025053668247841627]]	0.4348178200049262	[[-0.5995364933265405, 0.5995364933265404, 0.0], [-0.7071067811865475, -0.7071067811865476, 0.0], [0.0, 0.0, 0.8478726400000001]]
7	[[0.04673222253661188, -0.9725397674033924, -0.22799671093185395], [-0.8377629715199755, -0.16246744520517667, 0.5213036857710898], [-0.5440306084466285, 0.16664552219444034, -0.8223502702654952]]	0.540526220030145	0.45947377996985483	[[0.0252599916013224, -0.5256832443035522, -0.12323820033930065], [-0.4528328522769144, -0.0878179140347088, 0.2817783107576296], [-0.29406280836435605, 0.09007627419671049, -0.4445018831273764]]	0.7086091545849692	0.4584218042389352	[[-0.0032462071222148607, -0.7139510511386916, -0.11242531657259473], [-0.6729527435236674, -0.15114735055195327, 0.28110084686502207], [-0.24746360862219483, 0.020446533170653453, -0.5152189808637221]]	[[-0.03636108782575994, -0.02480046875871111, 0.049135240008979966], [-0.07930623253230605, -0.03602143155753329, -0.08829971719125837], [0.138041460897517, -0.09764000942691964, 0.06750594892183134]]	0.47991669003540455	[[-0.08926293960110175, -0.5202625384056419, -0.3047627390033717], [-0.8535533905932738, -0.14644660940672602, 0.5], [-0.3047627390033717, 0.30476273900337175, -0.4309995988045402]]
7	[[0.08740825448676931, -0.06334395238859675, -0.994156597696443], [0.7119981850616444, -0.6940087028176986, 0.10681996481098455], [-0.6967197295301035, -0.717174639895393, -0.015561310176609944]]	0.638051052410028	0.3619489475899722	[[0.05577092876460671, -0.04041667548535486, -0.6343226634205882], [0.4542911912926121, -0.4428129832145509, 0.06815659096605085], [-0.4445427566615126, -0.45759403374703844, -0.009928910335064855]]	0.8476805433844281	0.2528163459231261	[[0.047946609248257055, -0.04794660924825706, -0.7449694906090112], [0.6733434831943196, -0.664984991452317, 0.09432170766545016], [-0.5343426907729627, -0.5414296272326725, 0.0]]	[[-0.026147667411371922, 0.005748826732625973, 0.09775771433552399], [0.06979647479253828, -0.07668731713428828, 0.0037725018501692876], [0.056253068141767316, 0.06650536121538568, 0.013191019866282348]]	0.2595291750399921	[[0.0, 0.0, -0.7807211269120001], [0.7071067811865475, -0.7071067811865476, 0.0], [-0.5520532030550785, -0.5520532030550784, 0.0]]
7	[[0.034229894132735264, 0.2773841392786001, 0.9601491309293217], [-0.1827544195208179, -0.9427759796974285, 0.2788803941677556], [0.9825625356654255, -0.18501754344446375, 0.018422055382213542]]	0.7676392866493327	0.2323607133506675	[[0.026276211514135075, 0.21293096280366378, 0.7370481939435612], [-0.14028947223297356, -0.7237118805250597, 0.21407954683942063], [0.7542536039665666, -0.14202673506732005, 0.014141493452216904]]	0.8734514032399018	0.1947433475612268	[[0.009207318030679692, 0.21301357176665842, 0.7867701047508806], [-0.16811445674848005, -0.8238902951174532, 0.25705198124448775], [0.8162893925033072, -0.14556150292454603, 0.0]]	[[-0.020690831032311206, -0.029267993922727234, -0.05187350097890771], [-0.008487352569727965, -0.0004212927098608196, 0.013463509622564651], [-0.04193123304461491, 0.016042330021020297, -0.0160907701241576]]	0.3735654454126076	[[0.0, 0.0, 0.9208000000000001], [0.0, -1.0, 0.0], [0.9208000000000001, 0.0, 0.0]]
7	[[0.8787972042104137, -0.3840163418041313, 0.28327887866788265], [-0.395223040501579, -0.9183905790867732, -0.018907472103605397], [0.2674214316928388, -0.09534250611366366, -0.9588511794847616]]	0.5935896774857929	0.4064103225142072	[[0.5216449490226759, -0.2279481364807883, 0.16815141822700555], [-0.2346003171462867, -0.5451471676461083, -0.011223280268050742], [0.15873860139134122, -0.05659432745469685, -0.5691641623872317]]	0.7967727056693922	0.35994906985038067	[[0.5574604418459992, -0.23674803788801002, 0.22723687225461237], [-0.345502952598415, -0.8472287976887753, -0.023319355961387553], [0.20396036369081919, -0.07596630656148436, -0.6473349241070665]]	[[-0.14274118428742955, 0.06922570179252983, 0.0015279936394120095], [-0.030600021275088107, -0.11548025112852692, -0.008254398256029326], [-0.009113733993066487, 0.0, 0.11665152450529505]]	0.5091296618461547	[[0.5995364933265405, -0.5995364933265404, 0.0], [-0.7071067811865475, -0.7071067811865476, 0.0], [0.0, 0.0, -0.8478726400000001]]
7	[[-0.42203838922340475, -0.825029846081567, 0.3757783270710803], [0.2588054115689476, 0.28760896992378115, 0.9221175843470338], [-0.8688517462515349, 0.4864224845687207, 0.09214016247897017]]	0.5503766645818743	0.44962333541812577	[[-0.23228008098628433, -0.45407717486686994, 0.20681962227553785], [0.1424404591950566, 0.1582932655704793, 0.5075120004252156], [-0.4781957261180567, 0.26771558463456074, 0.050711795299207565]]	0.750383729950738	0.3990739184906624	[[-0.22568958689042068, -0.49365760352312776, 0.27263614590881224], [0.2688443191252213, 0.2356884493444844, 0.8287810330879481], [-0.5729375752506327, 0.29549932129432954, 0.023673953372484426]]	[[0.09100115379743917, 0.12543136970024185, -0.009341796793433377], [0.07464094906067853, 0.01987135772578779, 0.13683900069245686], [0.07903463887580636, -0.06950419700825236, -0.04546652542675224]]	0.5714629611003842	[[-0.3594440068302848, -0.3594440068302849, 0.5083305893731164], [0.5, 0.5000000000000001, 0.7071067811865475], [-0.5083305893731164, 0.5083305893731163, 0.0]]
7	[[-0.30792515101507295, 0.09349718223056193, 0.9468053539599837], [0.3027085282091916, -0.9338174967034747, 0.1906631317268273], [0.9019698710720718, 0.34531602882779927, 0.2592434992682147]]	0.6104191957124899	0.38958080428751024	[[-0.18796342302226782, 0.05707247477856371, 0.5779481626605327], [0.18477909632476633, -0.5700201252799857, 0.11638443552071445], [0.5505797232567123, 0.21078753258369617, 0.15824720831699512]]	0.8004897001122601	0.29967100809645647	[[-0.17767414062036646, 0.07290736551284037, 0.7298725332673595], [0.26103032480609767, -0.8371742405768614, 0.132065831896942], [0.6709953125090031, 0.24524876997480988, 0.10476677510752612]]	[[0.06881677117271162, -0.0019361658522434877, -0.02803540058875], [0.0187152658384983, -0.08966295268111572, -0.020558041241530364], [-0.051022279095773476, -0.031173154385511694, -0.10275497587773998]]	0.4822652246488605	[[0.0, 0.0, 0.9208000000000001], [0.0, -1.0, 0.0], [0.9208000000000001, 0.0, 0.0]]
7	[[0.22433838825039393, -0.7661379269479729, -0.6022499185961573], [-0.9416906372873723, -0.011392912655017143, -0.3362869982418849], [0.2507808429735371, 0.642575192824231, -0.724020780340167]]	0.5135946989361097	0.48640530106389046	[[0.11521900697327317, -0.3934843779343793, -0.3093123656256899], [-0.48364731934856126, -0.0058513395450589464, -0.17271521961816888], [0.12879971154593758, 0.33002321270237356, -0.3718532347022952]]	0.6986523281234798	0.4896358425999569	[[0.18783893454472614, -0.4270020752259089, -0.3371778727732418], [-0.8144298775653769, 0.045627379583641506, -0.20446960187371266], [0.14699074594496087, 0.33717787277324174, -0.35781676351108577]]	[[0.03110439730611938, 0.10826197109998892, 0.0835854349661397], [-0.15651552145247075, 0.05358706453417658, 0.03047809236563682], [-0.02821787384726967, -0.11175878168780126, 0.14802204028335056]]	0.5020172123317853	[[0.08926293960110175, -0.5202625384056419, -0.3047627390033717], [-0.8535533905932738, 0.14644660940672602, -0.5], [0.3047627390033717, 0.30476273900337175, -0.4309995988045402]]
7	[[0.3802729664721569, 0.7767473726770865, -0.5020517802076895], [0.4287143634067757, 0.332951791095048, 0.839849450446521], [0.8195098935212374, -0.5346088512602871, -0.20639019011321075]]	0.5626507078608995	0.4373492921391008	[[0.21396085376592322, 0.43703745906585656, -0.28247978951668123], [0.2412164400409573, 0.1873355609431831, 0.4725418877903225], [0.46109782168873453, -0.3007980485903029, -0.11612558656274365]]	0.7550114757544564	0.37711768980487986	[[0.29985053812370344, 0.44002601281915676, -0.3565484433736125], [0.4112928541829304, 0.3127067288512335, 0.712123799590761], [0.5424554817610147, -0.385221945914251, -0.0388307517851612]]	[[0.012740084518035353, -0.14642716731416705, 0.022506412106147147], [0.08760858999004843, 0.06132430570147187, 0.078027826597564], [-0.07628389234183218, 0.018413871827172988, 0.11699621023345688]]	0.4575926937440425	[[0.3594440068302848, 0.3594440068302849, -0.5083305893731164], [0.5, 0.5000000000000001, 0.7071067811865475], [0.5083305893731164, -0.5083305893731163, 0.0]]
7	[[0.8489524140446696, -0.5135124485683378, 0.12483895166604869], [0.522794976890395, 0.7815435453534784, -0.34040431673891397], [0.0772347773085365, 0.35425224329800037, 0.9319550081910795]]	0.682199138701469	0.3178008612985311	[[0.5791546056598065, -0.35031775012580246, 0.08516502530297272], [0.3566502829520818, 0.5331683334978354, -0.23222353168954918], [0.05268949855768337, 0.2416705752609591, 0.635778903896475]]	0.8272993348565587	0.2598278057040149	[[0.6620399729573841, -0.41026119600246735, 0.04915542687563442], [0.4764940107040119, 0.6267109028240161, -0.2639138336591937], [0.028008625078395046, 0.22718990741931122, 0.7302228029673778]]	[[-0.040297794506640956, 0.014567311138681283, -0.054123754801877755], [0.0439860740562381, -0.019859552408353194, 0.017702431161211164], [-0.03588765481675164, -0.06588273783256836, -0.040782955425340946]]	0.454241637062563	[[0.651103924116573, -0.6511039241165729, 0.0], [0.7071067811865475, 0.7071067811865476, 0.0], [0.0, 0.0, 0.9208000000000001]]
7	[[0.8592155572171323, 0.2624339665249735, -0.4391776855101157], [-0.4266000482917053, 0.8413623931712975, -0.33184593135155627], [0.2824199444684594, 0.4724804086637203, 0.8348660002631537]]	0.5568518677131659	0.44314813228683414	[[0.4784557878045687, 0.14613684441080596, -0.24455691443425331], [-0.2375530336577629, 0.4685142200610559, -0.1847890266661292], [0.1572660735567102, 0.2631015980222725, 0.46489669153675756]]	0.7443562245469656	0.4511554156407451	[[0.4662546903589526, 0.18867654141787868, -0.28663707880732214], [-0.35323343164750887, 0.7495504570185363, -0.2514052517084842], [0.23866985364313284, 0.31208051696623273, 0.4631063152002559]]	[[-0.17330775788320918, -0.006667815097535348, 0.04026756508426219], [-0.035691030309541905, 0.12327712256174979, -0.004393667116368261], [0.02844881004182669, -0.03961321619910152, -0.15833138875825106]]	0.5481013463042133	[[0.5650114448367092, -0.09694063814194358, -0.3309760414893263], [-0.14644660940672619, 0.8535533905932737, -0.5], [0.3309760414893263, 0.33097604148932636, 0.4680708066947656]]
7	[[-0.3195682178843842, -0.5708200961323295, -0.7563336379995778], [0.910087742671785, 0.03735879733279218, -0.41272826520656647], [0.2638493031197415, -0.8202248094963509, 0.507557688474819]]	0.5289390475301471	0.47106095246985286	[[-0.16903210878867275, -0.3019290379593013, -0.40005439409850774], [0.48138094377767554, 0.019760526678078878, -0.21830809548713132], [0.13956019908364914, -0.4338489294955963, 0.2684670803084739]]	0.6875468502524874	0.49078781143131045	[[-0.22838734418163242, -0.363846056064293, -0.39740645171609823], [0.7895004153634892, 0.012386827319554344, -0.21563037650704373], [0.15501409305202943, -0.3974064517160982, 0.30343309844666766]]	[[-0.008669222534423454, 0.028619503092312294, 0.12260835883051649], [0.1637724544361072, -0.013299096115827934, 0.06813964224590435], [-0.02639466424926254, 0.16653653255206455, -0.04553659158562732]]	0.510063058948731	[[-0.28062553007430463, -0.2806255300743047, -0.39686443057922055], [0.8535533905932738, -0.14644660940672602, -0.5], [0.0821933147846945, -0.47905774536391493, 0.28062553007430463]]
7	[[-0.8305561570912853, 0.32773595720904825, 0.4502950280316503], [-0.5100865793185324, -0.772219296347621, -0.37879947194723407], [0.22358030216652452, -0.5443036842615101, 0.808545204538665]]	0.537845446317662	0.4621545536823381	[[-0.44671084700264435, 0.17627129217944665, 0.24218913032630698], [-0.27434774391422556, -0.41533463209919713, -0.2037355710543548], [0.12025164740659217, -0.29275125799397955, 0.4348723564031036]]	0.7273954796284088	0.4348527959217528	[[-0.4893008645072805, 0.17842001145215108, 0.2591658919350477], [-0.4455381368561936, -0.6755638760403131, -0.27073899376872385], [0.1591820550093379, -0.3679164108661637, 0.4626409135144486]]	[[0.11484192973846326, -0.05997364233340023, -0.06837667595432238], [-0.0745034648407753, -0.11385505059522301, 0.004798029811322428], [-0.003449246120545771, 0.028007628610747366, -0.1254912133422036]]	0.5377278842520044	[[-0.4680708066947656, 0.33097604148932636, 0.3309760414893263], [-0.7071067811865475, -0.5000000000000001, -0.5], [0.0, -0.4680708066947655, 0.4680708066947656]]
7	[[0.5319609947059123, -0.8460851799387872, 0.03402011756955908], [-0.703274286200726, -0.4190807785627857, 0.5742617690636116], [-0.47161719485230363, -0.3294103357928521, -0.8179645788128509]]	0.5795678932986942	0.42043210670130593	[[0.3083075130187834, -0.49036380528836937, 0.019716967869563257], [-0.40759519646449766, -0.24288576395361014, 0.3328236836981785], [-0.2733341840639893, -0.19091565434627872, -0.47406600773551766]]	0.7148504446074888	0.4738624454432253	[[0.4367950881051142, -0.561853402329441, 0.08752876901297613], [-0.5217833346626457, -0.34567428306765746, 0.3350336891271341], [-0.24367001733877347, -0.10950772249530048, -0.5082138150809029]]	[[0.05652253452575092, 0.04297096472560816, 0.0632094728427778], [-0.0190473984910425, -0.046094202185597566, -0.07547759180907175], [0.09346574408593245, 0.12597140250452205, 0.07650852775664077]]	0.46626256482111744	[[0.4680708066947656, -0.4680708066947655, 0.0], [-0.5, -0.5000000000000001, 0.7071067811865475], [-0.3309760414893263, -0.33097604148932636, -0.4680708066947656]]
