7	[[0.08740825448676931, -0.06334395238859675, -0.994156597696443], [0.7119981850616444, -0.6940087028176986, 0.10681996481098455], [-0.6967197295301035, -0.717174639895393, -0.015561310176609944]]	0.9378388628253522	0.06216113717464807	[[0.08197485798942071, -0.05940642027498483, -0.932358693053953], [0.6677395682119271, -0.6508683326414479, 0.10017991432537787], [-0.6534108388504991, -0.6725942487266768, -0.014594001440104448]]	0.9646105083108625	0.05780919834113975	[[0.06638882062029536, -0.05835988185272688, -0.9409218363769756], [0.6806168182167726, -0.6727124721926727, 0.09014200625236958], [-0.680021732278748, -0.6991113564977874, -0.005677317048279248]]	[[-0.0179261001707524, 0.002742360259256514, 0.01805206466758825], [-0.006184112991951752, -0.003264384595530267, -0.012897654301702683], [-0.007958559826508078, -0.0073171625606327, 0.009333286271163466]]	0.1167184591309582	[[0.0, 0.0, -0.9838873225359998], [0.7071067811865475, -0.7071067811865476, 0.0], [-0.6957133976886813, -0.6957133976886812, 0.0]]
7	[[0.034229894132735264, 0.2773841392786001, 0.9601491309293217], [-0.1827544195208179, -0.9427759796974285, 0.2788803941677556], [0.9825625356654255, -0.18501754344446375, 0.018422055382213542]]	0.8940608651958287	0.10593913480417134	[[0.03060360876387491, 0.2479983035550255, 0.8584317627156923], [-0.16339357443514393, -0.842899108094128, 0.24933604649577734], [0.8784707107460377, -0.1654169449683641, 0.01647043877370732]]	0.9339686953434281	0.12246785210050246	[[0.012055333071806616, 0.24417760392951443, 0.8881986395369972], [-0.16319876197799585, -0.8280282948653912, 0.25197766090240364], [0.9224963848716218, -0.1663690044411125, 0.0]]	[[-0.0199143164930878, -0.01489049874147953, -0.00855059161218769], [0.007488144790107967, 0.05249495689373844, -0.008487896995316041], [0.00481373534285372, 0.006431589225359359, -0.017205623030870358]]	0.3406486477816112	[[0.0, 0.0, 0.9945999999999999], [0.0, -1.0, 0.0], [0.9945999999999999, 0.0, 0.0]]
7	[[0.8489524140446696, -0.5135124485683378, 0.12483895166604869], [0.522794976890395, 0.7815435453534784, -0.34040431673891397], [0.0772347773085365, 0.35425224329800037, 0.9319550081910795]]	0.8825308105668436	0.11746918943315651	[[0.7492266620995208, -0.4531905574711796, 0.11017422120415295], [0.46138267471535443, 0.68973625857409, -0.30041729757204627], [0.06816207062205239, 0.312638519422907, 0.8224790087907028]]	0.9211015698439303	0.13596039590423725	[[0.776071263783326, -0.48674939963565694, 0.06499973106123232], [0.5085429423335437, 0.6696117152786578, -0.2890849354899042], [0.023581890521093343, 0.3010488633703085, 0.8600971224326655]]	[[-0.005900137516013714, -0.013752277124960374, -0.04998962329603568], [0.026995668413279415, -0.050269271247822, 0.02446201503995997], [-0.04755918410434601, -0.025253434052213652, 0.001671901363949312]]	0.4286566854910936	[[0.7032884045681401, -0.70328840456814, 0.0], [0.7071067811865475, 0.7071067811865476, 0.0], [0.0, 0.0, 0.9945999999999999]]
7	[[-0.30792515101507295, 0.09349718223056193, 0.9468053539599837], [0.3027085282091916, -0.9338174967034747, 0.1906631317268273], [0.9019698710720718, 0.34531602882779927, 0.2592434992682147]]	0.8967810397334091	0.10321896026659087	[[-0.27614143708736416, 0.08384650029286735, 0.8490770897493927], [0.2714632686636088, -0.8374298256149916, 0.17098308150881208], [0.8088694787882216, 0.3096728673688057, 0.23248465481787683]]	0.8967810397334092	0.10321896026659094	[[-0.27614143708736416, 0.08384650029286733, 0.8490770897493924], [0.2714632686636088, -0.8374298256149915, 0.1709830815088121], [0.8088694787882215, 0.3096728673688058, 0.23248465481787695]]	[[0.0, 0.0, 0.0], [0.0, 0.0, 0.0], [0.0, 0.0, 0.0]]	0.3696708099996722	[[-0.4840171317235291, -0.14176533567135927, 0.8262689277756993], [0.5, -0.8535533905932737, 0.14644660940672619], [0.6845035921043399, 0.4840171317235292, 0.4840171317235291]]
7	[[0.8787972042104137, -0.3840163418041313, 0.28327887866788265], [-0.395223040501579, -0.9183905790867732, -0.018907472103605397], [0.2674214316928388, -0.09534250611366366, -0.9588511794847616]]	0.866483273605339	0.13351672639466097	[[0.7614630783394589, -0.3327437369643905, 0.24545641013139663], [-0.3424541539380637, -0.7957700754154106, -0.01638300832393364], [0.23171619756543754, -0.08261268681110431, -0.8308285089002968]]	0.8664832736053392	0.13351672639466114	[[0.7614630783394587, -0.3327437369643906, 0.24545641013139669], [-0.3424541539380638, -0.7957700754154103, -0.016383008323933634], [0.23171619756543754, -0.08261268681110431, -0.830828508900297]]	[[0.0, 0.0, 0.0], [0.0, 0.0, 0.0], [0.0, 0.0, 0.0]]	0.4702135070217586	[[0.6994906471834721, -0.699490647183472, 0.0], [-0.7071067811865475, -0.7071067811865476, 0.0], [0.0, 0.0, -0.9892291599999998]]
7	[[0.3802729664721569, 0.7767473726770865, -0.5020517802076895], [0.4287143634067757, 0.332951791095048, 0.839849450446521], [0.8195098935212374, -0.5346088512602871, -0.20639019011321075]]	0.8824884244654837	0.11751157553451655	[[0.3355864910488294, 0.6854705651215057, -0.4430548845155751], [0.37833546310856836, 0.29382610154642974, 0.7411574183127526], [0.723207994767433, -0.47178612285399285, -0.18213695369813893]]	0.8824884244654835	0.11751157553451659	[[0.3355864910488293, 0.6854705651215058, -0.44305488451557506], [0.37833546310856825, 0.2938261015464297, 0.7411574183127526], [0.7232079947674329, -0.4717861228539928, -0.18213695369813893]]	[[0.0, 0.0, 0.0], [0.0, 0.0, 0.0], [0.0, 0.0, 0.0]]	0.3678625270112796	[[0.48928716549715257, 0.4892871654971527, -0.6919565453411625], [0.5, 0.5000000000000001, 0.7071067811865475], [0.6919565453411625, -0.6919565453411624, 0.0]]
7	[[-0.5446221603179724, 0.8109226453022452, -0.2139887049042392], [-0.8354447797583356, -0.5021691245819775, 0.22328947644507607], [0.07361197229480154, 0.30038414347728, 0.9509735242804028]]	0.8785604624058493	0.12143953759415074	[[-0.47848349700543025, 0.712444574232115, -0.18800201553029722], [-0.7339887520190365, -0.44118593829868263, 0.19617330567594599], [0.06467256841792741, 0.26390563199278416, 0.8354877392275109]]	0.8787713217529557	0.11994749636150466	[[-0.48247281755689836, 0.7137503743202339, -0.18143298276083072], [-0.738167335613497, -0.4481243875228202, 0.19504810601224057], [0.07016743500983888, 0.26009448891883513, 0.8395627427622799]]	[[-0.0038744818783237, 0.0011348094685766199, 0.006614154288070783], [-0.004002422253657756, -0.006832562170391098, -0.0011722823369244122], [0.005479344819494162, -0.0038744818783237015, 0.0038744818783237]]	0.38320390911544816	[[-0.6994906471834721, 0.699490647183472, 0.0], [-0.7071067811865475, -0.7071067811865476, 0.0], [0.0, 0.0, 0.9892291599999998]]
7	[[-0.8305561570912853, 0.32773595720904825, 0.4502950280316503], [-0.5100865793185324, -0.772219296347621, -0.37879947194723407], [0.22358030216652452, -0.5443036842615101, 0.808545204538665]]	0.8835069601694385	0.11649303983056164	[[-0.733802145601732, 0.2895569992919874, 0.3978387913956554], [-0.4506650431169437, -0.6822611231002694, -0.3346719699738893], [0.19753475312091062, -0.4808960934909126, 0.7143553158215326]]	0.8835069601694385	0.11649303983056164	[[-0.7338021456017318, 0.2895569992919874, 0.3978387913956555], [-0.4506650431169438, -0.6822611231002693, -0.3346719699738892], [0.19753475312091062, -0.4808960934909127, 0.7143553158215327]]	[[0.0, 0.0, 0.0], [0.0, 0.0, 0.0], [0.0, 0.0, 0.0]]	0.3726069847872565	[[-0.6882199799963201, 0.486645014803468, 0.4866450148034679], [-0.7071067811865475, -0.5000000000000001, -0.5], [0.0, -0.68821997999632, 0.6882199799963201]]
7	[[-0.42203838922340475, -0.825029846081567, 0.3757783270710803], [0.2588054115689476, 0.28760896992378115, 0.9221175843470338], [-0.8688517462515349, 0.4864224845687207, 0.09214016247897017]]	0.8654357312826796	0.13456426871732052	[[-0.36524710200692145, -0.7140103081736374, 0.32521199128894224], [0.2239794506210871, 0.2489070792094457, 0.798033505937993], [-0.7519353463934303, 0.4209673986450688, 0.07974138889549245]]	0.8789092768974899	0.19708024299773189	[[-0.2985149650105653, -0.6806335811965976, 0.35355141744762025], [0.2564380748219324, 0.23317970658403284, 0.829345221382506], [-0.7907061285093122, 0.3999429512149896, 0.022220960874281867]]	[[0.07241849048475879, 0.044492804241799924, 0.023276359727828638], [0.028971597682711417, -0.019602485200909618, 0.018887522109594247], [-0.027064268480254283, -0.027578282963985144, -0.05876188270332702]]	0.4805949250673659	[[-0.48928716549715257, -0.4892871654971527, 0.6919565453411625], [0.5, 0.5000000000000001, 0.7071067811865475], [-0.6919565453411625, 0.6919565453411624, 0.0]]
7	[[0.04673222253661188, -0.9725397674033924, -0.22799671093185395], [-0.8377629715199755, -0.16246744520517667, 0.5213036857710898], [-0.5440306084466285, 0.16664552219444034, -0.8223502702654952]]	0.8925099667414909	0.10749003325850924	[[0.04170897438190738, -0.8680014354599791, -0.20348933689095827], [-0.7477118018485458, -0.1450038141166472, 0.46526873524977197], [-0.48555274025105344, 0.14873278947137838, -0.733955812364513]]	0.8935905275448143	0.10469135815744157	[[0.044393471273244084, -0.8716863236957197, -0.20001066284166824], [-0.7532872747670231, -0.14598065298691304, 0.46856778658231335], [-0.48691207910655576, 0.14441634102809475, -0.737478411716576]]	[[0.0026339998834114596, -0.0026339998834114605, 0.0037250383584096387], [-0.004670219088977086, -0.0008012829171610259, 0.002735751003069056], [-0.000771480704206642, -0.004496519062616279, -0.0026339998834114596]]	0.32687238367017596	[[1.9329075247922295e-16, -0.9680342634470585, 0.0], [-0.7071067811865476, -1.3401577416544657e-16, 0.7071067811865475], [-0.6845035921043398, -1.0747339279049788e-16, -0.6845035921043399]]
7	[[0.8592155572171323, 0.2624339665249735, -0.4391776855101157], [-0.4266000482917053, 0.8413623931712975, -0.33184593135155627], [0.2824199444684594, 0.4724804086637203, 0.8348660002631537]]	0.8955789989285396	0.10442100107146025	[[0.7694954085963469, 0.2350303490252816, -0.3933183119409024], [-0.3820540441919522, 0.7535064898124711, -0.2971942469983357], [0.25292937114451663, 0.42314353140440186, 0.7476884567551493]]	0.8955789989285396	0.10442100107146043	[[0.7694954085963466, 0.23503034902528164, -0.39331831194090255], [-0.38205404419195216, 0.753506489812471, -0.29719424699833563], [0.25292937114451663, 0.423143531404402, 0.7476884567551493]]	[[0.0, 0.0, 0.0], [0.0, 0.0, 0.0], [0.0, 0.0, 0.0]]	0.41883214958022663	[[0.8307550048016281, -0.14253502480530794, -0.4866450148034679], [-0.14644660940672619, 0.8535533905932737, -0.5], [0.4866450148034679, 0.486645014803468, 0.6882199799963201]]
7	[[0.22433838825039393, -0.7661379269479729, -0.6022499185961573], [-0.9416906372873723, -0.011392912655017143, -0.3362869982418849], [0.2507808429735371, 0.642575192824231, -0.724020780340167]]	0.907979336963362	0.09202066303663796	[[0.2036946210190219, -0.6956374069327051, -0.5468304817731776], [-0.8550356404687942, -0.010344529278583914, -0.3053416456930659], [0.2277038235262252, 0.5834449975296498, -0.6573959080809608]]	0.9132289479412682	0.08478643304442215	[[0.19484682430839703, -0.7147174451930127, -0.5479074775258932], [-0.8694442759496638, -0.006138021667359734, -0.32264614874360825], [0.24114204072317644, 0.5776445961660723, -0.671222221494017]]	[[-0.01002548597635003, -0.015058112188411061, 0.0020845820313900166], [-0.0094651259735743, 0.004266315970568383, -0.015539127132844584], [0.012121715330628773, -0.009173671149957758, -0.01002548597635003]]	0.29795724106059124	[[0.14176533567135943, -0.8262689277756992, -0.4840171317235291], [-0.8535533905932738, 0.14644660940672602, -0.5], [0.4840171317235291, 0.4840171317235292, -0.6845035921043399]]
7	[[0.5319609947059123, -0.8460851799387872, 0.03402011756955908], [-0.703274286200726, -0.4190807785627857, 0.5742617690636116], [-0.47161719485230363, -0.3294103357928521, -0.8179645788128509]]	0.8924263157485275	0.10757368425147264	[[0.4747359906273193, -0.7550686799422016, 0.030360448183933367], [-0.6276204801947893, -0.37399871521381134, 0.5124863148406705], [-0.4208835956456968, -0.2939744523411003, -0.7299731154827487]]	0.8950533218065573	0.15085695760577267	[[0.5411119433403719, -0.7398586487419273, 0.0], [-0.5873256212574054, -0.39312426191351313, 0.5836097032616685], [-0.4016518583044037, -0.3826239245170079, -0.7398586487419274]]	[[0.06497848795732473, 0.017432702093582993, -0.030449819238883475], [0.04214236474768989, -0.018024618955613424, 0.06961479927477272], [0.02047067856924101, -0.08778410922820208, -0.007736735355383696]]	0.29124764739876996	[[0.6882199799963201, -0.68821997999632, 0.0], [-0.5, -0.5000000000000001, 0.7071067811865475], [-0.4866450148034679, -0.486645014803468, -0.6882199799963201]]
7	[[-0.3195682178843842, -0.5708200961323295, -0.7563336379995778], [0.910087742671785, 0.03735879733279218, -0.41272826520656647], [0.2638493031197415, -0.8202248094963509, 0.507557688474819]]	0.903370871789562	0.09662912821043802	[[-0.28868861958645287, -0.5156622478780643, -0.6832497779234494], [0.822146757502405, 0.03374884931553404, -0.3728466927518495], [0.23835377498034935, -0.740967201218146, 0.45851283152099215]]	0.903370871789562	0.09662912821043804	[[-0.28868861958645287, -0.5156622478780641, -0.6832497779234495], [0.822146757502405, 0.03374884931553406, -0.37284669275184956], [0.23835377498034926, -0.740967201218146, 0.45851283152099204]]	[[0.0, 0.0, 0.0], [0.0, 0.0, 0.0], [0.0, 0.0, 0.0]]	0.2386502003508097	[[-0.48140343921222206, -0.4814034392122222, -0.6808072727069765], [0.8535533905932738, -0.14644660940672602, -0.5], [0.1409998028587341, -0.8218070755657103, 0.48140343921222206]]
