7	[[-0.5446221603179724, 0.8109226453022452, -0.2139887049042392], [-0.8354447797583356, -0.5021691245819775, 0.22328947644507607], [0.07361197229480154, 0.30038414347728, 0.9509735242804028]]	0.6800939302328494	0.3199060697671508	[[-0.37039422550255474, 0.5515035689584225, -0.14553241934376143], [-0.5681809237583637, -0.3415221735785464, 0.151857817615167], [0.050063055550163195, 0.20428943271709146, 0.6467513216752431]]	0.8001100494768569	0.2959311985508292	[[-0.475919911146761, 0.6139842909634411, -0.10848998874297999], [-0.7348534999086862, -0.40592224057165155, 0.09700800277766136], [0.07438496021589713, 0.11192776356950711, 0.7381557855054632]]	[[-0.0401622475085555, -0.03484306689124208, 0.06272452452543943], [-0.06640573584106245, -0.004131677456615736, -0.08164815126846996], [0.015487281421014479, -0.12841260833016266, -0.02272768805771106]]	0.4146683091418679	[[-0.6333364237414273, 0.6333364237414272, 0.0], [-0.7071067811865475, -0.7071067811865476, 0.0], [0.0, 0.0, 0.8956729599999999]]
7	[[-0.42203838922340475, -0.825029846081567, 0.3757783270710803], [0.2588054115689476, 0.28760896992378115, 0.9221175843470338], [-0.8688517462515349, 0.4864224845687207, 0.09214016247897017]]	0.629946470098664	0.370053529901336	[[-0.2658615935374099, -0.5197246392651274, 0.23672023067800835], [0.16303355546029052, 0.18117825537219878, 0.5808847172753211], [-0.5473300905902145, 0.3064201271306875, 0.05804337010794462]]	0.798844225306893	0.3323838561518275	[[-0.25491645606979263, -0.5473135952053687, 0.3043146587464771], [0.2682309874481344, 0.23774059434745756, 0.8264901564237505], [-0.6385749309456855, 0.33604599982543026, 0.024460309620555887]]	[[0.08222647401914718, 0.11175673304272604, 0.0041263121702596545], [0.06148577893810682, 0.007985829577380994, 0.0898618491141805], [0.0555022691951631, -0.05252979303172367, -0.04914532709460829]]	0.5347688826638418	[[-0.40111502563758056, -0.40111502563758067, 0.5672623093282984], [0.5, 0.5000000000000001, 0.7071067811865475], [-0.5672623093282984, 0.5672623093282982, 0.0]]
7	[[0.8489524140446696, -0.5135124485683378, 0.12483895166604869], [0.522794976890395, 0.7815435453534784, -0.34040431673891397], [0.0772347773085365, 0.35425224329800037, 0.9319550081910795]]	0.7315758694738153	0.2684241305261849	[[0.6210731004466234, -0.3756733160470096, 0.09132916460928915], [0.38246418977513386, 0.5717583987236189, -0.249031583990911], [0.05650309936310911, 0.2591623929037842, 0.6817957954278654]]	0.8712454370626443	0.21553311850423218	[[0.6970528998897513, -0.446986625883135, 0.05228497901796416], [0.5024490044489335, 0.6659876026885919, -0.30392825514101873], [0.027352781961709097, 0.26280455069327296, 0.7776213021147493]]	[[-0.04259301712998393, 0.0004087518068952387, -0.056480387988764764], [0.04696626631390621, -0.014928645066387962, -0.007352547425812779], [-0.0399376653509028, -0.04583609984931563, -0.03434024631940806]]	0.44476825837596723	[[0.6692058577149486, -0.6692058577149484, 0.0], [0.7071067811865475, 0.7071067811865476, 0.0], [0.0, 0.0, 0.9463999999999999]]
7	[[0.22433838825039393, -0.7661379269479729, -0.6022499185961573], [-0.9416906372873723, -0.011392912655017143, -0.3362869982418849], [0.2507808429735371, 0.642575192824231, -0.724020780340167]]	0.6128351706130276	0.3871648293869724	[[0.13748245443848173, -0.4695162671742723, -0.369079931614558], [-0.5771011423666975, -0.00698197757071678, -0.20608849994250844], [0.1536873206901665, 0.39379267792613676, -0.44370539844714363]]	0.7371874163837404	0.4389488838283567	[[0.207222943410143, -0.4816678898593286, -0.3595640829160015], [-0.8125601523888766, 0.04472515278633829, -0.2059656124744334], [0.16523180385628478, 0.3595640829160015, -0.4022706395983976]]	[[0.04184350658014273, 0.08311934910104227, 0.08440697859121761], [-0.11835766445424056, 0.053123864631575896, 0.04194093092294514], [-0.019640677853913536, -0.11413426331437716, 0.1314683688687097]]	0.4256344401552419	[[0.10522712646703156, -0.6133086381595438, -0.3592678823132876], [-0.8535533905932738, 0.14644660940672602, -0.5], [0.3592678823132876, 0.35926788231328766, -0.5080815116925125]]
7	[[-0.30792515101507295, 0.09349718223056193, 0.9468053539599837], [0.3027085282091916, -0.9338174967034747, 0.1906631317268273], [0.9019698710720718, 0.34531602882779927, 0.2592434992682147]]	0.6802756034941447	0.3197243965058553	[[-0.2094739679378044, 0.06360385206689756, 0.6440885835566152], [0.20592522671033206, -0.6352532611233478, 0.1297034769995511], [0.6135880983770897, 0.23491006990703267, 0.17635702791661864]]	0.8221329379317445	0.2880238985521711	[[-0.22496065444275987, 0.07154209226833946, 0.7225926468687657], [0.2490811488015373, -0.8473874044029232, 0.11935824927788628], [0.661495598378743, 0.24867712025201205, 0.15341856217442043]]	[[0.028194754624338132, -0.005325020847212088, -0.055807220431860975], [0.00021449716792032447, -0.07966528234602846, -0.03739219136395746], [-0.08004354165165596, -0.03521856104310954, -0.059714057518663016]]	0.4561762758991776	[[-0.3592678823132876, -0.10522712646703143, 0.613308638159544], [0.5, -0.8535533905932737, 0.14644660940672619], [0.5080815116925125, 0.35926788231328766, 0.3592678823132876]]
7	[[0.034229894132735264, 0.2773841392786001, 0.9601491309293217], [-0.1827544195208179, -0.9427759796974285, 0.2788803941677556], [0.9825625356654255, -0.18501754344446375, 0.018422055382213542]]	0.8200861627395163	0.17991383726048368	[[0.028071462530294754, 0.22747889438579075, 0.787405016441509], [-0.1498743706285153, -0.7731575355130526, 0.22870595231631852], [0.805785939525468, -0.1517303272428621, 0.015107672708174359]]	0.8955626612737781	0.15955904760772294	[[0.009135086199204326, 0.22407216422309031, 0.8215024512343936], [-0.16652252751297764, -0.8253112713160472, 0.25521337046953513], [0.8527506440291356, -0.1524162299755326, 0.0]]	[[-0.021519928885427746, -0.024342713744389156, -0.03837125968037511], [-0.0028544932073694736, 0.019003694046775425, 0.005458502491579696], [-0.027195675279304554, 0.013278573613928162, -0.01649810494422808]]	0.36169115143833946	[[0.0, 0.0, 0.9463999999999999], [0.0, -1.0, 0.0], [0.9463999999999999, 0.0, 0.0]]
7	[[0.3802729664721569, 0.7767473726770865, -0.5020517802076895], [0.4287143634067757, 0.332951791095048, 0.839849450446521], [0.8195098935212374, -0.5346088512602871, -0.20639019011321075]]	0.6354832419761848	0.3645167580238155	[[0.24165709756962733, 0.4936099385853187, -0.31904549292629747], [0.2724407935394941, 0.21158528362685852, 0.5337102515416724], [0.5207848039664338, -0.3397349659880512, -0.1311575071252243]]	0.7983410902597188	0.3143391110252154	[[0.34414704119401296, 0.5086689202628243, -0.40235548042952274], [0.4063460159444117, 0.3029475045539912, 0.7191389491289364], [0.5802104866547345, -0.4156886075859232, -0.06548604342419614]]	[[0.04055950654433375, -0.11144042409657308, -0.0015469148516832933], [0.06408572365224519, 0.03713840864724456, 0.04865262320543521], [-0.07403793521763607, 0.011111605591710216, 0.09928372596969512]]	0.4165279311514462	[[0.40111502563758056, 0.40111502563758067, -0.5672623093282984], [0.5, 0.5000000000000001, 0.7071067811865475], [0.5672623093282984, -0.5672623093282982, 0.0]]
7	[[-0.3195682178843842, -0.5708200961323295, -0.7563336379995778], [0.910087742671785, 0.03735879733279218, -0.41272826520656647], [0.2638493031197415, -0.8202248094963509, 0.507557688474819]]	0.6273903642168506	0.3726096357831493	[[-0.20049402061061372, -0.35812702801475993, -0.4745164366140108], [0.5709802803441426, 0.023438549465324008, -0.25894173663053666], [0.1655365103826568, -0.5146011419696125, 0.3184368030332795]]	0.7297906364428318	0.33297600386908643	[[-0.255806002498136, -0.37825590552494964, -0.5495419223421204], [0.7535413526746298, 0.0804956164446531, -0.342116836496253], [0.21623195982023788, -0.5714881346934745, 0.29166994617362957]]	[[-0.022588109381389786, 0.03832325572582161, 0.0024232846967137435], [0.08936783973136787, 0.053231515962415904, -0.04091161315320703], [0.02367720897148409, 0.027104251055067842, -0.07874090232986115]]	0.4150285127301323	[[-0.3400111238212954, -0.34001112382129545, -0.4808483426657938], [0.8535533905932738, -0.14644660940672602, -0.5], [0.09958695248839866, -0.5804352951541923, 0.3400111238212954]]
7	[[0.08740825448676931, -0.06334395238859675, -0.994156597696443], [0.7119981850616444, -0.6940087028176986, 0.10681996481098455], [-0.6967197295301035, -0.717174639895393, -0.015561310176609944]]	0.7254775212340437	0.27452247876595637	[[0.06341272380045589, -0.04595461356404645, -0.721238264215286], [0.5165386784216597, -0.5034877134350378, 0.07749548328938084], [-0.5054545023743527, -0.5202940800432277, -0.011289380734081082]]	0.8851524355394577	0.1859570512281303	[[0.04963078492248584, -0.049630784922485856, -0.812970102933671], [0.6814810343157605, -0.6689568787434924, 0.08749177251218088], [-0.5847981299651465, -0.59541441691244, 0.0]]	[[-0.02773884442273072, 0.006438268810975992, 0.06701003082495648], [0.05125410670877253, -0.054653385158826895, -0.0070601795045012496], [0.03190503551681705, 0.03939446229810056, 0.01377413160301124]]	0.20521387836753707	[[0.0, 0.0, -0.8476648893439998], [0.7071067811865475, -0.7071067811865476, 0.0], [-0.5993895914288867, -0.5993895914288866, 0.0]]
7	[[-0.8305561570912853, 0.32773595720904825, 0.4502950280316503], [-0.5100865793185324, -0.772219296347621, -0.37879947194723407], [0.22358030216652452, -0.5443036842615101, 0.808545204538665]]	0.6231214365304651	0.37687856346953486	[[-0.5175373457259443, 0.20421930045878917, 0.280588484729608], [-0.3178458820598749, -0.4811863972566746, -0.2360380711167421], [0.13931767906592027, -0.33916729364585685, 0.5038218493519517]]	0.7571025528654729	0.4001862046631096	[[-0.5893332847173627, 0.23360688643416572, 0.19594526514779464], [-0.5707852494522904, -0.6224057123254034, -0.3025767204014126], [0.17425810066865258, -0.26105948977481186, 0.5689789264345413]]	[[0.03948290211458623, -0.01452284343461405, -0.14497425011759754], [-0.1845973980678129, -0.03775651168864053, -0.01578667316606859], [0.004984883127943028, 0.15103421911365972, -0.043172712028817783]]	0.4787093416779127	[[-0.5368570495483015, 0.3796152602634063, 0.3796152602634062], [-0.7071067811865475, -0.5000000000000001, -0.5], [0.0, -0.5368570495483014, 0.5368570495483015]]
7	[[0.04673222253661188, -0.9725397674033924, -0.22799671093185395], [-0.8377629715199755, -0.16246744520517667, 0.5213036857710898], [-0.5440306084466285, 0.16664552219444034, -0.8223502702654952]]	0.6209877500567706	0.3790122499432293	[[0.029020137728162962, -0.6039352820005677, -0.14158316454191588], [-0.520240542765064, -0.10089029325543433, 0.3237232029232909], [-0.3378363435012878, 0.10348482788456112, -0.510669444090747]]	0.7461093385309111	0.4122977386296887	[[-0.014062509457580964, -0.7718583451882784, -0.12991625741805368], [-0.6802216591674661, -0.1544556127649392, 0.28091306301864133], [-0.2700448433713829, 0.03439114652689977, -0.5557022833667729]]	[[-0.0489298571024519, -0.04623734263592716, 0.040194217762535185], [-0.05515888264100656, -0.03323713469009772, -0.10803648514575234], [0.13586147403730015, -0.08994463380673239, 0.05786093282173173]]	0.41319472481974584	[[-0.10522712646703156, -0.6133086381595438, -0.3592678823132876], [-0.8535533905932738, -0.14644660940672602, 0.5], [-0.3592678823132876, 0.35926788231328766, -0.5080815116925125]]
7	[[0.5319609947059123, -0.8460851799387872, 0.03402011756955908], [-0.703274286200726, -0.4190807785627857, 0.5742617690636116], [-0.47161719485230363, -0.3294103357928521, -0.8179645788128509]]	0.6533110783237692	0.34668892167623067	[[0.3475360110775044, -0.5527568212595694, 0.022225719694070063], [-0.45945688227517556, -0.2737901153476183, 0.37517157558706343], [-0.3081127381249896, -0.21520742168782314, -0.5343853210148715]]	0.7657013012120356	0.3144552566520319	[[0.4297525819349428, -0.5886936290518616, 0.025933180736477567], [-0.6018310723786372, -0.3760622855145842, 0.5654071680284695], [-0.3015060823411727, -0.3159701617455572, -0.5818245715714778]]	[[0.02242935609457693, 0.059154894163486994, -0.0001160675539202613], [-0.06333303632577565, -0.05517158805610619, 0.12569418422013662], [0.05961181743120628, -0.06374023899627682, 0.044491970770876826]]	0.40095912521406857	[[0.5368570495483015, -0.5368570495483014, 0.0], [-0.5, -0.5000000000000001, 0.7071067811865475], [-0.3796152602634062, -0.3796152602634063, -0.5368570495483015]]
7	[[0.8787972042104137, -0.3840163418041313, 0.28327887866788265], [-0.395223040501579, -0.9183905790867732, -0.018907472103605397], [0.2674214316928388, -0.09534250611366366, -0.9588511794847616]]	0.6504774607775736	0.3495225392224263	[[0.571637773933221, -0.2497939749138442, 0.1842665256878027], [-0.25708367982625935, -0.5973923718864098, -0.01229888444367605], [0.17395161384506114, -0.06201815128098624, -0.6237110804948293]]	0.8191414626442511	0.290805195744859	[[0.6483343202306892, -0.26554153458458685, 0.16285721652370638], [-0.3182237943845809, -0.8543961602003849, -0.0332949703932495], [0.15478712961095992, -0.04930431795951624, -0.7459727949593488]]	[[-0.07152490699390768, 0.049022173320143976, -0.06918825848452631], [0.005519785082590627, -0.10210435796854465, -0.017807076039396796], [-0.06426885308833172, 0.02879468195059866, 0.03946196266196419]]	0.49323873562292336	[[0.6333364237414273, -0.6333364237414272, 0.0], [-0.7071067811865475, -0.7071067811865476, 0.0], [0.0, 0.0, -0.8956729599999999]]
7	[[0.8592155572171323, 0.2624339665249735, -0.4391776855101157], [-0.4266000482917053, 0.8413623931712975, -0.33184593135155627], [0.2824199444684594, 0.4724804086637203, 0.8348660002631537]]	0.6443049931277877	0.3556950068722124	[[0.5535968736880726, 0.16908751499837116, -0.28296437564447274], [-0.27486054118290104, 0.5420939909502119, -0.21380999051894878], [0.18196458037990085, 0.30442148645709255, 0.5379083325621747]]	0.7696788394518923	0.41092546617636644	[[0.5058256374923142, 0.20613421215301767, -0.2936907936669416], [-0.35662983259428155, 0.7487268605633416, -0.2499971884937652], [0.2449487314648016, 0.32958758674731803, 0.5034316376167691]]	[[-0.155494395425579, 0.004144341365319301, 0.0443349776296524], [-0.0282848025150006, 0.10114803022879074, 0.005417602825732914], [0.027576076368249897, -0.03407058585672996, -0.13914705656361828]]	0.49636446773725723	[[0.6480437850375571, -0.11118673548925556, -0.3796152602634062], [-0.14644660940672619, 0.8535533905932737, -0.5], [0.3796152602634062, 0.3796152602634063, 0.5368570495483015]]
