7	[[-0.3195682178843842, -0.5708200961323295, -0.7563336379995778], [0.910087742671785, 0.03735879733279218, -0.41272826520656647], [0.2638493031197415, -0.8202248094963509, 0.507557688474819]]	0.8715644273144337	0.12843557268556638	[[-0.2785242908082975, -0.4975064901851438, -0.6591934940617442], [0.7932001022476199, 0.03256059880251104, -0.3597192741012408], [0.22996166677086996, -0.7148787663577776, 0.4423692260845934]]	0.8744640452864793	0.11696013408753338	[[-0.29385318697151463, -0.48475937997934876, -0.6817544588216962], [0.8220314556145325, 0.037162838414413535, -0.3762592083785376], [0.22650840161193544, -0.7418433184470287, 0.42943867906459987]]	[[-0.01440227041534498, 0.014402270415344984, -0.020367886150345665], [0.026192446592122737, 0.004493913371742346, -0.015343179981932544], [-0.004218327340172155, -0.024586213490517816, -0.01440227041534498]]	0.24991019047524318	[[-0.46933785669934336, -0.46933785669934347, -0.6637439622793317], [0.8535533905932738, -0.14644660940672602, -0.5], [0.13746587555967774, -0.8012098378390093, 0.46933785669934336]]
7	[[0.8489524140446696, -0.5135124485683378, 0.12483895166604869], [0.522794976890395, 0.7815435453534784, -0.34040431673891397], [0.0772347773085365, 0.35425224329800037, 0.9319550081910795]]	0.8752696795308732	0.12473032046912691	[[0.7430623073778391, -0.44946187629352297, 0.10926774921771262], [0.45758659188320616, 0.6840613684809614, -0.297945577222995], [0.06760125878348111, 0.3100662474645337, 0.8157119613565984]]	0.9168258474349387	0.1402284808614285	[[0.7727276775232101, -0.48103412621498076, 0.05628826182679946], [0.5014014479399198, 0.6722170172226728, -0.28993667459621053], [0.024951442600144723, 0.29432710384858163, 0.8554408065536955]]	[[-0.005613838915230998, -0.010232640387924041, -0.05816731582731499], [0.02208950021765419, -0.04432230605333658, 0.022154801568455576], [-0.04585939755720302, -0.03046050931883565, 0.0010003663976737175]]	0.4297776445198244	[[0.7007428201558688, -0.7007428201558686, 0.0], [0.7071067811865475, 0.7071067811865476, 0.0], [0.0, 0.0, 0.9910000000000001]]
7	[[0.034229894132735264, 0.2773841392786001, 0.9601491309293217], [-0.1827544195208179, -0.9427759796974285, 0.2788803941677556], [0.9825625356654255, -0.18501754344446375, 0.018422055382213542]]	0.8899583037677268	0.11004169623227339	[[0.030463178520517938, 0.24686031808445386, 0.854492691925916], [-0.16264381320280263, -0.8390313117244805, 0.24819192254761085], [0.8744396875865185, -0.16465789913110668, 0.01639486115986989]]	0.9312571738398512	0.12292894967585447	[[0.011336988129536244, 0.24263116288451866, 0.8832536652584771], [-0.16353184383660685, -0.8278860128310533, 0.251988078260773], [0.9172741044468861, -0.16519449143768927, 0.0]]	[[-0.020539846341352096, -0.01568480672807015, -0.01089210087555211], [0.0066595203930925155, 0.05008088158607074, -0.007721289451234676], [0.002255694362184054, 0.007104423181193923, -0.017155671231561396]]	0.34216162833067404	[[0.0, 0.0, 0.9910000000000001], [0.0, -1.0, 0.0], [0.9910000000000001, 0.0, 0.0]]
7	[[-0.5446221603179724, 0.8109226453022452, -0.2139887049042392], [-0.8354447797583356, -0.5021691245819775, 0.22328947644507607], [0.07361197229480154, 0.30038414347728, 0.9509735242804028]]	0.8629971098951551	0.13700289010484493	[[-0.470007350339266, 0.6998238992443716, -0.18467163388256563], [-0.7209864304084381, -0.43337050319282666, 0.19269817284210303], [0.06352691934409598, 0.2592306476792242, 0.8206874030407977]]	0.8674801705118974	0.1374510012565761	[[-0.4727008719665487, 0.7032073671493945, -0.16808055566831778], [-0.7371116765503997, -0.4485147433506954, 0.1936991931000869], [0.07626693493340983, 0.24816727934734278, 0.8253069825232325]]	[[-0.000251947469356028, -0.0002519474693560279, 0.01755040254963177], [-0.01237989655236408, -0.012892985532511397, 0.0], [0.0124100086553983, -0.012410008655398298, 0.0003563075281688745]]	0.38518723854202336	[[-0.694436134774466, 0.6944361347744659, 0.0], [-0.7071067811865475, -0.7071067811865476, 0.0], [0.0, 0.0, 0.9820810000000002]]
7	[[0.8592155572171323, 0.2624339665249735, -0.4391776855101157], [-0.4266000482917053, 0.8413623931712975, -0.33184593135155627], [0.2824199444684594, 0.4724804086637203, 0.8348660002631537]]	0.8817949657603158	0.11820503423968418	[[0.7576519528570118, 0.23141295052623287, -0.3872646721570874], [-0.3761737749767334, 0.7419091226785016, -0.2926200716738456], [0.24903648526259548, 0.41663084578004533, 0.7361806361164994]]	0.882809428070562	0.11519439701342613	[[0.7594131657210872, 0.23293722335887931, -0.39159744065985364], [-0.377554231960586, 0.7491917678106794, -0.29390440417732183], [0.25284175654545876, 0.4171101593469644, 0.7382856196725508]]	[[0.000889571064901557, 0.0012580434646784595, -0.0038872392933151207], [-0.0009476873133115006, 0.006429114695046907, -0.0009476873133115001], [0.0035187668935382187, -1.9752445565880569e-19, 0.0012580434646784593]]	0.42285140093947754	[[0.8158286718091575, -0.13997407093679398, -0.4779013713729756], [-0.14644660940672619, 0.8535533905932737, -0.5], [0.4779013713729756, 0.4779013713729757, 0.6758546008723635]]
7	[[-0.8305561570912853, 0.32773595720904825, 0.4502950280316503], [-0.5100865793185324, -0.772219296347621, -0.37879947194723407], [0.22358030216652452, -0.5443036842615101, 0.808545204538665]]	0.8734710530464455	0.12652894695355457	[[-0.7254667611487339, 0.2862678716645722, 0.3933196723163843], [-0.4455458615822177, -0.6745112019635418, -0.3308703736551879], [0.19529092197383668, -0.47543351226896113, 0.7062408312440414]]	0.8734710530464453	0.12652894695355466	[[-0.7254667611487339, 0.2862678716645722, 0.3933196723163842], [-0.4455458615822176, -0.6745112019635416, -0.33087037365518795], [0.19529092197383657, -0.47543351226896113, 0.7062408312440412]]	[[0.0, 0.0, 0.0], [0.0, 0.0, 0.0], [0.0, 0.0, 0.0]]	0.37998938913978253	[[-0.6758546008723635, 0.4779013713729757, 0.4779013713729756], [-0.7071067811865475, -0.5000000000000001, -0.5], [0.0, -0.6758546008723634, 0.6758546008723635]]
7	[[0.3802729664721569, 0.7767473726770865, -0.5020517802076895], [0.4287143634067757, 0.332951791095048, 0.839849450446521], [0.8195098935212374, -0.5346088512602871, -0.20639019011321075]]	0.8646888671242382	0.135311132875762	[[0.3288178005767828, 0.6716448057218786, -0.434118585065494], [0.3707045372140938, 0.2878997070489631, 0.7262084698615163], [0.7086210814259837, -0.462270321950848, -0.17846329967454835]]	0.8762077282227255	0.20925232263165203	[[0.3431226554416149, 0.6433593748503009, -0.43990164978595464], [0.40436770691160306, 0.30188135939504346, 0.7206756463774504], [0.6923558713971831, -0.4517058350759429, -0.08824010725462712]]	[[0.00992454338452959, -0.03723267596605988, 1.7935586210009546e-18], [0.028724868494500105, 0.010146426911964004, -0.015206932647400362], [-0.02570503066110806, 0.016722571974594282, 0.09260057235192566]]	0.3693954817421178	[[0.4822415452805001, 0.48224154528050023, -0.6819925336754425], [0.5, 0.5000000000000001, 0.7071067811865475], [0.6819925336754425, -0.6819925336754424, 0.0]]
7	[[0.22433838825039393, -0.7661379269479729, -0.6022499185961573], [-0.9416906372873723, -0.011392912655017143, -0.3362869982418849], [0.2507808429735371, 0.642575192824231, -0.724020780340167]]	0.8788676285466751	0.12113237145332505	[[0.19716374727360708, -0.6733338229964307, -0.5292979577490328], [-0.82762141721736, -0.010012862127354364, -0.2955517566559252], [0.22040316474908864, 0.5647385358803544, -0.6363184262360756]]	0.8885017899201373	0.10795750942012337	[[0.182772152469709, -0.7185569935989703, -0.5210068355402827], [-0.8706523037553562, -0.006515883696797982, -0.329236081711308], [0.24790051779133734, 0.5477687577306535, -0.6741267448630908]]	[[-0.016552907038564733, -0.037842074179993065, 0.014093295111660088], [-0.03395848697449101, 0.003606739589588586, -0.030444481846523173], [0.025081289931668756, -0.023160451251953335, -0.03083298559147791]]	0.3052363742942289	[[0.138714304298363, -0.8084862137628751, -0.4736002590306189], [-0.8535533905932738, 0.14644660940672602, -0.5], [0.4736002590306189, 0.47360025903061903, -0.6697719094645124]]
7	[[-0.30792515101507295, 0.09349718223056193, 0.9468053539599837], [0.3027085282091916, -0.9338174967034747, 0.1906631317268273], [0.9019698710720718, 0.34531602882779927, 0.2592434992682147]]	0.8787638566000313	0.12123614339996877	[[-0.2705934932501526, 0.0821619444381645, 0.832018324295433], [0.26600931367482855, -0.8206050647637323, 0.16754786894770657], [0.7926185224403268, 0.30345124523852446, 0.22781381721542376]]	0.8793897718988695	0.11785449678523956	[[-0.28528047133204537, 0.0822204657549209, 0.8326109442514984], [0.2661987835737235, -0.8366307166360087, 0.1676672079187788], [0.7931830791817219, 0.3036673838239018, 0.24247032470671542]]	[[-0.0144942430189754, 0.0, 0.0], [0.0, -0.015441161214766842, 0.0], [0.0, 0.0, 0.0144942430189754]]	0.3722992059921084	[[-0.4736002590306189, -0.13871430429836284, 0.8084862137628752], [0.5, -0.8535533905932737, 0.14644660940672619], [0.6697719094645124, 0.47360025903061903, 0.4736002590306189]]
7	[[-0.42203838922340475, -0.825029846081567, 0.3757783270710803], [0.2588054115689476, 0.28760896992378115, 0.9221175843470338], [-0.8688517462515349, 0.4864224845687207, 0.09214016247897017]]	0.8487312208660146	0.15126877913398545	[[-0.35819715733790664, -0.7002285885157085, 0.3189347983100265], [0.21965623292764422, 0.24410271217542767, 0.7826299831448782], [-0.737421603347634, 0.41284194918469047, 0.0782022325915693]]	0.8732349707167414	0.20750882846000998	[[-0.2939894621083209, -0.670751223635331, 0.34585236978353207], [0.25398943049080397, 0.2307939911718578, 0.8303445068321371], [-0.7793095370310045, 0.39362408313287334, 0.02213980137548522]]	[[0.07454921834651977, 0.04969368984814391, 0.017709593347631083], [0.02799149449805975, -0.020356219257407528, 0.02511918506746296], [-0.020597807835855693, -0.031137040935458115, -0.05832021070867409]]	0.48354805166263776	[[-0.4822415452805001, -0.48224154528050023, 0.6819925336754425], [0.5, 0.5000000000000001, 0.7071067811865475], [-0.6819925336754425, 0.6819925336754424, 0.0]]
7	[[0.8787972042104137, -0.3840163418041313, 0.28327887866788265], [-0.395223040501579, -0.9183905790867732, -0.018907472103605397], [0.2674214316928388, -0.09534250611366366, -0.9588511794847616]]	0.8557275860282223	0.1442724139717778	[[0.7520110101673282, -0.328613377167438, 0.24240955101524886], [-0.33820325839115056, -0.7858921532729856, -0.016179645461114202], [0.228839896194724, -0.08158721260252647, -0.8205154051808087]]	0.8575838366258738	0.23617173051105866	[[0.7007551206158945, -0.3181898353716053, 0.15359485485689367], [-0.3594120531444362, -0.8406810864174108, -0.025217828769197786], [0.13918771468726165, -0.05954786368801834, -0.8222952732557862]]	[[-0.05288715738696362, 0.011136372359814503, -0.08934053274618453], [-0.020475161748148965, -0.053084170083117985, -0.009003086301691183], [-0.09014858269986706, 0.022216328498463167, 0.0]]	0.4715537213156201	[[0.694436134774466, -0.6944361347744659, 0.0], [-0.7071067811865475, -0.7071067811865476, 0.0], [0.0, 0.0, -0.9820810000000002]]
7	[[0.08740825448676931, -0.06334395238859675, -0.994156597696443], [0.7119981850616444, -0.6940087028176986, 0.10681996481098455], [-0.6967197295301035, -0.717174639895393, -0.015561310176609944]]	0.9322937706289353	0.06770622937106484	[[0.08149017115956372, -0.05905517221890461, -0.9268460030620503], [0.6637914726320787, -0.6470199903992082, 0.099587587772083], [-0.6495474637151922, -0.6686174492275248, -0.014507712540478106]]	0.959042095075637	0.06465798789613934	[[0.06390692919347375, -0.06390692919347377, -0.9345677075767961], [0.6822683776495541, -0.6690447543226671, 0.09370620063692195], [-0.6770333670639248, -0.6898251769006661, 0.0]]	[[-0.019921266316421948, -0.003157412384342536, 0.018870318711267986], [-0.0005678534420162904, -0.0034611939716563, -0.008738642211310503], [-0.008849817974843351, -0.002024507720272796, 0.014923951513897832]]	0.12220062947668524	[[0.0, 0.0, -0.9732422710000003], [0.7071067811865475, -0.7071067811865476, 0.0], [-0.6881862095614958, -0.6881862095614957, 0.0]]
7	[[0.04673222253661188, -0.9725397674033924, -0.22799671093185395], [-0.8377629715199755, -0.16246744520517667, 0.5213036857710898], [-0.5440306084466285, 0.16664552219444034, -0.8223502702654952]]	0.8634193976498014	0.13658060235019862	[[0.04034950743339786, -0.839709700161915, -0.19685678281891722], [-0.7233408002430851, -0.14027754367675577, 0.45010371436109575], [-0.4697265802480429, 0.1438849763941603, -0.7100331750097852]]	0.8689443919314372	0.12397201986254695	[[0.0551132431921126, -0.8595885173119141, -0.17760253124344144], [-0.7543496928563764, -0.1457013119235364, 0.46843711100765045], [-0.47698092069537423, 0.12004318540511, -0.7290821960469357]]	[[0.014505540496431829, -0.014505540496431832, 0.020513932099606055], [-0.026380256986277644, -0.004526136541070054, 0.01545319676367385], [-0.004248574446628808, -0.02476250654623486, -0.014505540496431829]]	0.33439352083249707	[[1.8913080641672906e-16, -0.9472005180612381, 0.0], [-0.7071067811865476, -1.3401577416544657e-16, 0.7071067811865475], [-0.6697719094645123, -1.0516038240884629e-16, -0.6697719094645124]]
7	[[0.5319609947059123, -0.8460851799387872, 0.03402011756955908], [-0.703274286200726, -0.4190807785627857, 0.5742617690636116], [-0.47161719485230363, -0.3294103357928521, -0.8179645788128509]]	0.8768117724853023	0.12318822751469775	[[0.46642966266113545, -0.741857446295674, 0.02982923958632348], [-0.6166391734269943, -0.36745496026615654, 0.5035194796032106], [-0.4135195085529945, -0.28883086040150935, -0.7172009721790896]]	0.8831508125342997	0.16057235623605423	[[0.5333330096875135, -0.7302975628294297, 0.0009912742028508415], [-0.5907852659630408, -0.39354341580942787, 0.5776984991071867], [-0.3911536853344239, -0.3771233877806714, -0.7293062886265789]]	[[0.06353122497643278, 0.01692325130673936, -0.029053620271217672], [0.0303119913296098, -0.0234318857041967, 0.0705387511512737], [0.025355423504535124, -0.08620438206801748, -0.006920206223733519]]	0.2980302532023922	[[0.6758546008723635, -0.6758546008723634, 0.0], [-0.5, -0.5000000000000001, 0.7071067811865475], [-0.4779013713729756, -0.4779013713729757, -0.6758546008723635]]
