7	[[-0.5446221603179724, 0.8109226453022452, -0.2139887049042392], [-0.8354447797583356, -0.5021691245819775, 0.22328947644507607], [0.07361197229480154, 0.30038414347728, 0.9509735242804028]]	0.8465942754741592	0.15340572452584078	[[-0.46107400322156517, 0.686522469365243, -0.18116161258805807], [-0.7072827680181767, -0.425133506190972, 0.1890355925320235], [0.06231947435114138, 0.25430349631107374, 0.8050887417832755]]	0.8593145536046579	0.1480287864154496	[[-0.46812787769463027, 0.69671150183802, -0.15914237356544872], [-0.7357245251666652, -0.44959464165088037, 0.19187589677601827], [0.08075053406098541, 0.24062977121357684, 0.8173637630158477]]	[[-0.0001261291177873127, -0.00012612911778731267, 0.024741234865776462], [-0.017814667187289298, -0.018073404526676478, 0.0], [0.017494694948519577, -0.017494694948519577, 0.00017837350898497118]]	0.38723855495275755	[[-0.6893999505732279, 0.6893999505732278, 0.0], [-0.7071067811865475, -0.7071067811865476, 0.0], [0.0, 0.0, 0.9749587600000001]]
7	[[0.8592155572171323, 0.2624339665249735, -0.4391776855101157], [-0.4266000482917053, 0.8413623931712975, -0.33184593135155627], [0.2824199444684594, 0.4724804086637203, 0.8348660002631537]]	0.8543852703324729	0.1456147296675273	[[0.7341011161268258, 0.2242197154338626, -0.37522694555854996], [-0.36448079758355456, 0.7188476357372353, -0.2835242757665306], [0.2412954406019667, 0.40368030168295, 0.7132972133262248]]	0.8628484351143487	0.17644096391120792	[[0.7534288168567833, 0.1500289655299405, -0.3589608784162719], [-0.3577385176406951, 0.755694349951705, -0.38369268506638593], [0.29070113440092105, 0.39915408923632717, 0.7337180399448863]]	[[0.012056017886077663, -0.0764117718069843, 0.01998290026327306], [0.010352666447508468, 0.029726125639787472, -0.09735994250063204], [0.0470155272712296, -0.00852489200135182, 0.01335521808764881]]	0.42727888822149357	[[0.801117661368506, -0.1374500605776026, -0.4692838609730542], [-0.14644660940672619, 0.8535533905932737, -0.5], [0.4692838609730542, 0.4692838609730543, 0.6636676007909035]]
7	[[0.034229894132735264, 0.2773841392786001, 0.9601491309293217], [-0.1827544195208179, -0.9427759796974285, 0.2788803941677556], [0.9825625356654255, -0.18501754344446375, 0.018422055382213542]]	0.8858390888957524	0.1141609111042477	[[0.030322178231540278, 0.24571771321268757, 0.850537631346479], [-0.1618910084799934, -0.8351478148879705, 0.2470431542804529], [0.8703923013769607, -0.16389577211457404, 0.016318976755367122]]	0.9285245393363765	0.12350465529174987	[[0.010630523931703308, 0.24142432750041098, 0.878174899457409], [-0.16386642912747126, -0.8276023385769034, 0.25233834320157356], [0.9120563141207341, -0.1640306638954681, 0.0]]	[[-0.021152772749427638, -0.016133652642468452, -0.013347130032961596], [0.0058255340697830164, 0.04778829366905259, -0.006608946322988854], [-0.0002771116771869795, 0.00776266540045061, -0.017105330487399043]]	0.34368400218296835	[[0.0, 0.0, 0.9874], [0.0, -1.0, 0.0], [0.9874, 0.0, 0.0]]
7	[[-0.8305561570912853, 0.32773595720904825, 0.4502950280316503], [-0.5100865793185324, -0.772219296347621, -0.37879947194723407], [0.22358030216652452, -0.5443036842615101, 0.808545204538665]]	0.8536565203584309	0.14634347964156905	[[-0.7090096790248173, 0.27977393682741575, 0.3843972867642007], [-0.43543873438259323, -0.6592100374737461, -0.323364639136087], [0.19086078276816187, -0.4646483891249547, 0.6902198858589726]]	0.8548764224723675	0.14314525075056697	[[-0.7108670968393044, 0.281017963217137, 0.392072582821914], [-0.4373492758414085, -0.6704179244621402, -0.32382673741267337], [0.19860919667580856, -0.4644681657373, 0.6924001400891883]]	[[-0.0008442206027088515, 0.0008442206027088496, 0.00712598020112236], [-0.0012882857624140153, -0.01026585503635688, -2.7284562270388236e-18], [0.007475667824399155, 0.0008442206027088518, 0.0011939082259856467]]	0.38749357509911003	[[-0.6636676007909035, 0.4692838609730543, 0.4692838609730542], [-0.7071067811865475, -0.5000000000000001, -0.5], [0.0, -0.6636676007909034, 0.6636676007909035]]
7	[[-0.30792515101507295, 0.09349718223056193, 0.9468053539599837], [0.3027085282091916, -0.9338174967034747, 0.1906631317268273], [0.9019698710720718, 0.34531602882779927, 0.2592434992682147]]	0.8596707613911498	0.14032923860885035	[[-0.26471424902461255, 0.08037679383607428, 0.8139408795279964], [0.26022967092519, -0.8027755983914536, 0.16390751962082273], [0.7753971258164051, 0.2968580934229624, 0.22286405640161214]]	0.8611679802325254	0.13693235244282903	[[-0.252478170792335, 0.07833829998256882, 0.8227962489262942], [0.26303357858719983, -0.8178745339581629, 0.15616723747081537], [0.7841853666849612, 0.304812901670786, 0.2127335706794664]]	[[0.012697109570110774, -0.002178479596356571, 0.007437794583233671], [0.0023506867501299385, -0.013700806416238808, -0.008025746583184374], [0.007437794583233671, 0.0074377945832336725, -0.010518629973754202]]	0.375840760840279	[[-0.46337088432479373, -0.1357181898143248, 0.791023578835263], [0.5, -0.8535533905932737, 0.14644660940672619], [0.655305389020938, 0.46337088432479384, 0.46337088432479373]]
7	[[0.04673222253661188, -0.9725397674033924, -0.22799671093185395], [-0.8377629715199755, -0.16246744520517667, 0.5213036857710898], [-0.5440306084466285, 0.16664552219444034, -0.8223502702654952]]	0.8355396129095518	0.16446038709044827	[[0.03904662312864371, -0.8125955007953758, -0.19050028359665222], [-0.6999841489337563, -0.13574798627713716, 0.4355698798174989], [-0.45455912399244397, 0.13923893510745283, -0.6871062264936972]]	0.8455889482346987	0.14502877143860923	[[0.06187381691503498, -0.8447264450466847, -0.16117312592253594], [-0.7501124529641556, -0.14453686801801421, 0.46524140281764464], [-0.4665746494778488, 0.10274685929113693, -0.717727866125952]]	[[0.02235756601163152, -0.022357566011631528, 0.031618373075301055], [-0.041709343006603644, -0.0071561919045903645, 0.02443276745559701], [-0.006548379473981006, -0.038166752549282056, -0.02235756601163152]]	0.3423895712749666	[[1.8504573709854163e-16, -0.9267417686495877, 0.0], [-0.7071067811865476, -1.3401577416544657e-16, 0.7071067811865475], [-0.6553053890209379, -1.0288900494366123e-16, -0.655305389020938]]
7	[[0.8489524140446696, -0.5135124485683378, 0.12483895166604869], [0.522794976890395, 0.7815435453534784, -0.34040431673891397], [0.0772347773085365, 0.35425224329800037, 0.9319550081910795]]	0.8654827191316342	0.13451728086836584	[[0.7347536437207458, -0.4444361502948684, 0.10804595534147447], [0.45247001814745896, 0.6764124327523061, -0.2946140536553414], [0.06684536507651843, 0.3065991947880346, 0.80659095459756]]	0.9121506247330003	0.1461757019360062	[[0.7677958964846403, -0.47633805221139564, 0.05451569674925732], [0.49943037978737803, 0.6731706050100499, -0.289605578179553], [0.023361638486396497, 0.29058301641029105, 0.8500833429445414]]	[[-0.006576578354793775, -0.007937351441613739, -0.059356231003941835], [0.02256261500952987, -0.0397148281401692, 0.020894431995657443], [-0.04708811188669924, -0.03254838862704682, 0.0]]	0.43091240244766904	[[0.6981972357435972, -0.698197235743597, 0.0], [0.7071067811865475, 0.7071067811865476, 0.0], [0.0, 0.0, 0.9874]]
7	[[0.22433838825039393, -0.7661379269479729, -0.6022499185961573], [-0.9416906372873723, -0.011392912655017143, -0.3362869982418849], [0.2507808429735371, 0.642575192824231, -0.724020780340167]]	0.849927774755848	0.150072225244152	[[0.19067142711797083, -0.6511619034069493, -0.5118689331593228], [-0.8003690278580728, -0.009683152900866502, -0.28581966009504906], [0.21314560381989417, 0.5461425037504085, -0.6153653707115109]]	0.8611763690895994	0.13403413520997995	[[0.17973609172854763, -0.7122998435870216, -0.4911086098679826], [-0.8657326192740524, -0.014517308367985978, -0.32535729265443897], [0.24751179962719524, 0.5219965228211628, -0.6677079765628707]]	[[-0.013458826912339534, -0.05251996543613374, 0.02753478831316298], [-0.05477089544924214, -0.004706001214383332, -0.0357548765364519], [0.03154526383801561, -0.03137404860225765, -0.04419838980410743]]	0.31312009275691816	[[0.13571818981432496, -0.7910235788352629, -0.46337088432479373], [-0.8535533905932738, 0.14644660940672602, -0.5], [0.46337088432479373, 0.46337088432479384, -0.655305389020938]]
7	[[-0.3195682178843842, -0.5708200961323295, -0.7563336379995778], [0.910087742671785, 0.03735879733279218, -0.41272826520656647], [0.2638493031197415, -0.8202248094963509, 0.507557688474819]]	0.8406120014191094	0.15938799858089073	[[-0.26863287922573026, -0.47983822346004595, -0.6357831331794214], [0.7650306788343285, 0.031404253396529316, -0.3469443330575288], [0.22179489076852313, -0.6894908187243354, 0.4266590843444743]]	0.844736614218913	0.1434617639792357	[[-0.29153027830444966, -0.4606133314181154, -0.6694204608493785], [0.8090418880769836, 0.03846543036394155, -0.37222894538505796], [0.21656273519743796, -0.7297121045219945, 0.4071732593661733]]	[[-0.02157930391682316, 0.021579303916823167, -0.030517744265742174], [0.040257449690286835, 0.0069070863937481, -0.02358226804201747], [-0.006320431783952085, -0.036838176049694256, -0.02157930391682316]]	0.2617421951166687	[[-0.4575324111823013, -0.4575324111823014, -0.6470485411192742], [0.8535533905932738, -0.14644660940672602, -0.5], [0.13400814062266445, -0.7810566817419385, 0.4575324111823013]]
7	[[0.8787972042104137, -0.3840163418041313, 0.28327887866788265], [-0.395223040501579, -0.9183905790867732, -0.018907472103605397], [0.2674214316928388, -0.09534250611366366, -0.9588511794847616]]	0.8360335993166874	0.16396640068331264	[[0.7347039897054741, -0.3210505644349351, 0.23683066054310514], [-0.33041974108342, -0.7678053814124518, -0.015807281956757076], [0.22357330207258566, -0.07970953855407954, -0.8016318027936965]]	0.8545599508707592	0.23992779062305597	[[0.6978577961114787, -0.3175940947442401, 0.15121652966112184], [-0.3602027628030181, -0.8405281722626319, -0.024796286536961882], [0.13730361625931495, -0.057764101001445675, -0.8193958168328673]]	[[-0.05312709954393301, 0.010570891441467056, -0.09086225497602768], [-0.02246098072899666, -0.055708364118070945, -0.008638718105014598], [-0.09122402926990547, 0.023711786338941797, 0.0]]	0.47296275035414864	[[0.6893999505732279, -0.6893999505732278, 0.0], [-0.7071067811865475, -0.7071067811865476, 0.0], [0.0, 0.0, -0.9749587600000001]]
7	[[0.08740825448676931, -0.06334395238859675, -0.994156597696443], [0.7119981850616444, -0.6940087028176986, 0.10681996481098455], [-0.6967197295301035, -0.717174639895393, -0.015561310176609944]]	0.9144357422188599	0.08556425778114007	[[0.07992923206766389, -0.057923974117542604, -0.9090923262963234], [0.6510765888153258, -0.6346263632674504, 0.09767999380572516], [-0.6371054229913838, -0.6558101241332873, -0.01422981822124621]]	0.9520855844515602	0.07456978055425288	[[0.06281819335077078, -0.0628181933507708, -0.9242730148906483], [0.6797328440816082, -0.6702079199826582, 0.09346046731923162], [-0.6704104647011466, -0.6795798641465769, 0.0]]	[[-0.0204019457081557, -0.0025093294194018538, 0.022249150463544337], [0.0018496359287423917, -0.009452238546000417, -0.008241281308929701], [-0.0070736538125450756, 0.0032317720320656903, 0.01481569909432969]]	0.12791487306468932	[[0.0, 0.0, -0.9626742796240002], [0.7071067811865475, -0.7071067811865476, 0.0], [-0.6807135111960052, -0.6807135111960051, 0.0]]
7	[[-0.42203838922340475, -0.825029846081567, 0.3757783270710803], [0.2588054115689476, 0.28760896992378115, 0.9221175843470338], [-0.8688517462515349, 0.4864224845687207, 0.09214016247897017]]	0.8248767188515865	0.17512328114841375	[[-0.3481296417320109, -0.6805479123903923, 0.30997079344993095], [0.21348255871602792, 0.23724194342301325, 0.7606333273715321], [-0.7166955776164375, 0.40123858304668275, 0.07600427490010495]]	0.8675236166434335	0.21832075214410415	[[-0.2897328699170405, -0.6608117137836973, 0.3384452770475517], [0.25176825428761607, 0.22858725528658724, 0.8310499375942366], [-0.7679154439198376, 0.38770958105675823, 0.02203457304520027]]	[[0.07639539986441667, 0.05492116212775904, 0.012448703690628955], [0.027248447636430313, -0.020920318480784, 0.03109115585099139], [-0.014166034684743145, -0.0342734119729832, -0.05789919394666953]]	0.48673162471094417	[[-0.4752722918503688, -0.4752722918503689, 0.6721365209549356], [0.5, 0.5000000000000001, 0.7071067811865475], [-0.6721365209549356, 0.6721365209549355, 0.0]]
7	[[0.5319609947059123, -0.8460851799387872, 0.03402011756955908], [-0.703274286200726, -0.4190807785627857, 0.5742617690636116], [-0.47161719485230363, -0.3294103357928521, -0.8179645788128509]]	0.8522077020997236	0.14779229790027654	[[0.45334125690500876, -0.7210403069762649, 0.028992206219116384], [-0.5993357633889439, -0.35714386729315467, 0.48939030261742267], [-0.4019158058957993, -0.2807260253139248, -0.6970757141090678]]	0.871394086365689	0.16961583331283187	[[0.5247189121344961, -0.721662366803978, 0.004828424819066301], [-0.5932302711368649, -0.3903019221172559, 0.570243630234609], [-0.3819519299765095, -0.3710323009871303, -0.7168339419849119]]	[[0.06117124717055459, 0.015611255556331, -0.024816504448512952], [0.01959878295149869, -0.025117409968115574, 0.06983532064667898], [0.02901250464616274, -0.0839860823895031, -0.004064445150792225]]	0.305157526865934	[[0.6636676007909035, -0.6636676007909034, 0.0], [-0.5, -0.5000000000000001, 0.7071067811865475], [-0.4692838609730542, -0.4692838609730543, -0.6636676007909035]]
7	[[0.3802729664721569, 0.7767473726770865, -0.5020517802076895], [0.4287143634067757, 0.332951791095048, 0.839849450446521], [0.8195098935212374, -0.5346088512602871, -0.20639019011321075]]	0.8370253490366996	0.16297465096330058	[[0.3182981124905783, 0.6501572407283776, -0.42023006656283773], [0.35884478966760297, 0.27868908915372675, 0.7029752793982798], [0.6859505546636421, -0.44748116032425095, -0.17275382091726102]]	0.8703630764461856	0.21632706592178974	[[0.34308144465125284, 0.6318840693900982, -0.4369673319568487], [0.405004555222583, 0.30167506991230514, 0.7199533501649453], [0.6826195403832142, -0.4482683668457804, -0.08669247446014038]]	[[0.012105895663229243, -0.04416816351462258, 2.718788615906284e-18], [0.03186740297119375, 0.011886124706551478, -0.011020601277327081], [-0.030651611720015952, 0.017035437632484315, 0.09294192635510684]]	0.3713647994265028	[[0.4752722918503688, 0.4752722918503689, -0.6721365209549356], [0.5, 0.5000000000000001, 0.7071067811865475], [0.6721365209549356, -0.6721365209549355, 0.0]]
