7	[[-0.3195682178843842, -0.5708200961323295, -0.7563336379995778], [0.910087742671785, 0.03735879733279218, -0.41272826520656647], [0.2638493031197415, -0.8202248094963509, 0.507557688474819]]	0.5590372685557501	0.44096273144424986	[[-0.17865054364331492, -0.3191097073785482, -0.42281869110411735], [0.508772965809303, 0.02088496001745199, -0.23073048203683216], [0.14750159372639843, -0.45853623710250035, 0.28374366379943305]]	0.7001413543018518	0.47626503944904763	[[-0.23508434886285046, -0.3789292890799868, -0.4070292504247338], [0.7884809065087259, 0.014157933417648594, -0.2173835015280394], [0.1620553542108596, -0.4070292504247338, 0.3142490604697679]]	[[-0.011341424001448462, 0.020725466088815682, 0.12251120718833702], [0.1512908418209871, -0.011998505542020928, 0.07158462503233987], [-0.022676454206995933, 0.1672440585280197, -0.04111306692530921]]	0.47970777303774637	[[-0.29904353111918613, -0.2990435311191862, -0.4229114174486938], [0.8535533905932738, -0.14644660940672602, -0.5], [0.08758782239483937, -0.5104992398435331, 0.29904353111918613]]
7	[[0.08740825448676931, -0.06334395238859675, -0.994156597696443], [0.7119981850616444, -0.6940087028176986, 0.10681996481098455], [-0.6967197295301035, -0.717174639895393, -0.015561310176609944]]	0.664708527422074	0.3352914725779262	[[0.05810101212443432, -0.04210526531331811, -0.660824368081742], [0.4732712651195149, -0.46131350286805606, 0.07100414150878731], [-0.46311554544186073, -0.47671209878932286, -0.010343735572252533]]	0.8605381856174114	0.23177523493210195	[[0.04985416085904584, -0.04985416085904585, -0.7659032674286887], [0.6745321047515598, -0.6658135865325984, 0.09457570861650096], [-0.5506012243430408, -0.5580173104401431, 0.0]]	[[-0.025363979864983573, 0.00465572899927288, 0.08960644737258674], [0.061830478415722416, -0.06859259660716277, 0.0026530499103406056], [0.048952707590648015, 0.059138852946258716, 0.013391101625209682]]	0.24150851807888	[[0.0, 0.0, -0.8022830250880001], [0.7071067811865475, -0.7071067811865476, 0.0], [-0.567299767470582, -0.5672997674705819, 0.0]]
7	[[0.034229894132735264, 0.2773841392786001, 0.9601491309293217], [-0.1827544195208179, -0.9427759796974285, 0.2788803941677556], [0.9825625356654255, -0.18501754344446375, 0.018422055382213542]]	0.7862244739402043	0.21377552605979572	[[0.02691238050753867, 0.21808619898367373, 0.7548927453690503], [-0.14368599734800244, -0.7412335486810715, 0.21926259119678046], [0.7725147127169025, -0.1454653207643324, 0.01448387080177815]]	0.8808338947094267	0.1831851776692639	[[0.009185704767120934, 0.21660784748459339, 0.7981190320575527], [-0.1675794464414379, -0.8243706895150213, 0.2564272168816328], [0.8281982003773903, -0.14779515487643508, 0.0]]	[[-0.02096514619730762, -0.027721504246798027, -0.047612866440792934], [-0.006603159319555397, 0.0060583485203598506, 0.010779913128748476], [-0.037276184708356724, 0.015174568505322545, -0.016226770790867904]]	0.369615339095136	[[0.0, 0.0, 0.9292], [0.0, -1.0, 0.0], [0.9292, 0.0, 0.0]]
7	[[0.3802729664721569, 0.7767473726770865, -0.5020517802076895], [0.4287143634067757, 0.332951791095048, 0.839849450446521], [0.8195098935212374, -0.5346088512602871, -0.20639019011321075]]	0.5852853264503267	0.4147146735496735	[[0.22256818732189054, 0.4546188395867422, -0.2938435400738253], [0.25092022614047876, 0.19487179774328614, 0.4915515597737196], [0.47964711555884987, -0.3128987160331113, -0.12079714979655554]]	0.7693245251132498	0.35141316572653647	[[0.3073662125293759, 0.4626704916042997, -0.3703583302159728], [0.40672964648678117, 0.3115831724423931, 0.7167535997448529], [0.5605790043102592, -0.3916419963943692, -0.04303946997992536]]	[[0.01481289318477707, -0.1349003120134644, 0.015882417174569577], [0.07690917244963424, 0.055435193872589335, 0.07063682011345929], [-0.06989005534857655, 0.01964570422279119, 0.11574156501695382]]	0.44347873211756217	[[0.3727406934558848, 0.37274069345588484, -0.5271349439336648], [0.5, 0.5000000000000001, 0.7071067811865475], [0.5271349439336648, -0.5271349439336647, 0.0]]
7	[[-0.30792515101507295, 0.09349718223056193, 0.9468053539599837], [0.3027085282091916, -0.9338174967034747, 0.1906631317268273], [0.9019698710720718, 0.34531602882779927, 0.2592434992682147]]	0.6272495610808441	0.37275043891915616	[[-0.19314591581995716, 0.05864606651641564, 0.5938832427003928], [0.18987379145464373, -0.5857366149368671, 0.11959336568995162], [0.5657602057381024, 0.21659932751641717, 0.16261037112904983]]	0.8075080195888549	0.3007717030894918	[[-0.20557404473457655, 0.06915024497289145, 0.714851356214318], [0.25321239397978657, -0.8446259851142284, 0.12189365999780236], [0.6551185864018627, 0.2420008772814245, 0.13642379976168512]]	[[0.04307798414320408, -0.00634947948724787, -0.049701560098033226], [0.00877282985292527, -0.09056086769378366, -0.032068347911536926], [-0.07322931791636088, -0.03684458528959963, -0.07291740492367574]]	0.48014599093066446	[[0.0, 0.0, 0.9292], [0.0, -1.0, 0.0], [0.9292, 0.0, 0.0]]
7	[[-0.8305561570912853, 0.32773595720904825, 0.4502950280316503], [-0.5100865793185324, -0.772219296347621, -0.37879947194723407], [0.22358030216652452, -0.5443036842615101, 0.808545204538665]]	0.5587983477167923	0.44120165228320773	[[-0.46411340826861874, 0.1831383113757975, 0.25162411764917286], [-0.28503553771570633, -0.43151486687407464, -0.21167251904010775], [0.1249363034326751, -0.3041559994214944, 0.45181372435054185]]	0.7386018251035685	0.41819625545242106	[[-0.5082076790928397, 0.19092539808077638, 0.25526008282726814], [-0.4482483515428775, -0.6763169134411356, -0.26757865477509757], [0.1560394664334383, -0.36984075817145085, 0.4844057886203206]]	[[0.10524261438578973, -0.0511409780658917, -0.07732864671197132], [-0.07149747309737328, -0.10595433177858932, 0.012203326553397526], [-0.009097352803964023, 0.03218293643469706, -0.1127871751306754]]	0.5183915505701413	[[-0.48981378990316127, 0.3463506523592082, 0.34635065235920814], [-0.7071067811865475, -0.5000000000000001, -0.5], [0.0, -0.4898137899031612, 0.48981378990316127]]
7	[[-0.5446221603179724, 0.8109226453022452, -0.2139887049042392], [-0.8354447797583356, -0.5021691245819775, 0.22328947644507607], [0.07361197229480154, 0.30038414347728, 0.9509735242804028]]	0.6266616928830007	0.3733383071169994	[[-0.3412938449664574, 0.508174157702266, -0.1340985240731314], [-0.5235412399936242, -0.3146901537241163, 0.13992696131203025], [0.04612980317471687, 0.18823923586668243, 0.5959386786124704]]	0.779307882559964	0.31945157749038955	[[-0.45405128938879086, 0.597758703508797, -0.09472805301498782], [-0.7331695902886393, -0.3987510390199857, 0.1016623213389194], [0.07114777379275415, 0.09936764753064133, 0.7166069147661666]]	[[-0.02962294683615872, -0.034199706121620446, 0.07203503149568383], [-0.08210088797939533, -0.007406681855014208, -0.07234892774741578], [0.01378138353262964, -0.13472408327722618, -0.02449424881138048]]	0.42799444970385664	[[-0.6105249327061795, 0.6105249327061794, 0.0], [-0.7071067811865475, -0.7071067811865476, 0.0], [0.0, 0.0, 0.8634126400000001]]
7	[[0.8787972042104137, -0.3840163418041313, 0.28327887866788265], [-0.395223040501579, -0.9183905790867732, -0.018907472103605397], [0.2674214316928388, -0.09534250611366366, -0.9588511794847616]]	0.608065994950935	0.391934005049065	[[0.5343666963383051, -0.2335072789565475, 0.17225225320577128], [-0.24032169135012632, -0.558442081225964, -0.011496990836685874], [0.16260987893350956, -0.05797453584112049, -0.5830447964632793]]	0.8039169412121151	0.32004369703970303	[[0.6196171071233518, -0.23800729987201985, 0.17917233205398855], [-0.3218299029833692, -0.8583125765125702, -0.020233796417683955], [0.16265983004707862, -0.05733482187600992, -0.7109665998637636]]	[[-0.0868628532312425, 0.0707099430066235, -0.04856035759469354], [-0.004103405166787866, -0.12000283133510838, -0.005033759278100118], [-0.05232478933399289, 0.019312634006383948, 0.05987010742525463]]	0.5036847417956298	[[0.6105249327061795, -0.6105249327061794, 0.0], [-0.7071067811865475, -0.7071067811865476, 0.0], [0.0, 0.0, -0.8634126400000001]]
7	[[0.22433838825039393, -0.7661379269479729, -0.6022499185961573], [-0.9416906372873723, -0.011392912655017143, -0.3362869982418849], [0.2507808429735371, 0.642575192824231, -0.724020780340167]]	0.543340477586097	0.456659522413903	[[0.12189212701286424, -0.41627374712473403, -0.32722675839622406], [-0.511658640602077, -0.006190230603073683, -0.1827183382307407], [0.13625938299068568, 0.3491371121540961, -0.393389796572285]]	0.7117635257907192	0.47149158145841186	[[0.185035249093109, -0.45872646422339763, -0.3321310900702757], [-0.8204864830547902, 0.04893199640619987, -0.1997818134906494], [0.14893362340075783, 0.33213109007027564, -0.3864369505140895]]	[[0.025359366901801274, 0.08658256790308409, 0.09652843539689883], [-0.1502254348550205, 0.057041056086560696, 0.03957500605557195], [-0.02956303359485565, -0.1252304947599502, 0.12889463284657568]]	0.4771081249888418	[[0.09426153938316764, -0.549396512961185, -0.32182902617217624], [-0.8535533905932738, 0.14644660940672602, -0.5], [0.32182902617217624, 0.3218290261721763, -0.4551349735780175]]
7	[[0.8489524140446696, -0.5135124485683378, 0.12483895166604869], [0.522794976890395, 0.7815435453534784, -0.34040431673891397], [0.0772347773085365, 0.35425224329800037, 0.9319550081910795]]	0.6971904627698604	0.30280953723013965	[[0.5918815264173932, -0.3580159816554435, 0.0870365264837567], [0.36448767187197295, 0.5448847060597889, -0.23732664311606155], [0.05384735013366567, 0.246981285442194, 0.6497501434414278]]	0.8534826467956648	0.24596800679161357	[[0.6719843033581138, -0.42093105257704294, 0.053907280343267965], [0.4932760789792222, 0.6649136307392091, -0.315693978256538], [0.02202989596127564, 0.2599986821423769, 0.7441139683109926]]	[[-0.05258184998430006, 0.017342911189584642, -0.05264059854786736], [0.047079638371329544, -0.002120222935145275, -0.025164801025539942], [-0.04388864620068783, -0.04234946010090228, -0.05129345877440522]]	0.45106641327765823	[[0.65704362107854, -0.65704362107854, 0.0], [0.7071067811865475, 0.7071067811865476, 0.0], [0.0, 0.0, 0.9292]]
7	[[0.8592155572171323, 0.2624339665249735, -0.4391776855101157], [-0.4266000482917053, 0.8413623931712975, -0.33184593135155627], [0.2824199444684594, 0.4724804086637203, 0.8348660002631537]]	0.5813770306114647	0.4186229693885352	[[0.4995281893100715, 0.15257308018987767, -0.25532781871268684], [-0.24801546933453916, 0.48914876981008476, -0.19292760218966382], [0.1641924687005277, 0.2746892570110051, 0.4853719161914627]]	0.7527055266831084	0.4379170683688045	[[0.47963869640271806, 0.19262958228610125, -0.2888259150668663], [-0.35278925335601197, 0.7490901460500093, -0.252960718983108], [0.2404797310190358, 0.3196641040714617, 0.4753654586374719]]	[[-0.16709760212672412, -0.0049059147066162, 0.04174555601249392], [-0.03168503932356451, 0.11579202276664734, -0.003178452447488233], [0.027900677972089827, -0.035974510779214236, -0.15304279380042535]]	0.5308274138495058	[[0.5912575473107888, -0.10144375740762757, -0.34635065235920814], [-0.14644660940672619, 0.8535533905932737, -0.5], [0.34635065235920814, 0.3463506523592082, 0.48981378990316127]]
7	[[-0.42203838922340475, -0.825029846081567, 0.3757783270710803], [0.2588054115689476, 0.28760896992378115, 0.9221175843470338], [-0.8688517462515349, 0.4864224845687207, 0.09214016247897017]]	0.5746886186939504	0.4253113813060496	[[-0.24254065893861831, -0.47413526262589833, 0.2159555277196027], [0.14873252448507787, 0.16528560164948772, 0.5299304808217993], [-0.49931920990312134, 0.27954146575847755, 0.05295190270127555]]	0.7661068117041903	0.37814858397798257	[[-0.2369554752764353, -0.5085259116353343, 0.2846319155331733], [0.26998012445271663, 0.2361270114391131, 0.8278268861279908], [-0.5918926695528841, 0.3098687811738353, 0.025236865640662128]]	[[0.08637100950827928, 0.1235350733070137, -0.0032544205267864626], [0.07170753574383941, 0.015787820473278733, 0.12138632356751515], [0.07374057161149741, -0.06278279762033805, -0.045352340466007765]]	0.5590813468719927	[[-0.3727406934558848, -0.37274069345588484, 0.5271349439336648], [0.5, 0.5000000000000001, 0.7071067811865475], [-0.5271349439336648, 0.5271349439336647, 0.0]]
7	[[0.04673222253661188, -0.9725397674033924, -0.22799671093185395], [-0.8377629715199755, -0.16246744520517667, 0.5213036857710898], [-0.5440306084466285, 0.16664552219444034, -0.8223502702654952]]	0.5570612877472616	0.44293871225273834	[[0.02603271206553662, -0.541764255215156, -0.12700814139383867], [-0.4666853197418899, -0.09050432424300338, 0.29039810250303716], [-0.3030583913152051, 0.09283176919094978, -0.45809950053340526]]	0.7209295886631809	0.44626888646665397	[[-0.008636761449433716, -0.7421952749209624, -0.11592866199825004], [-0.6792780368151442, -0.1408596082847349, 0.27197373087378074], [-0.2530542625676596, 0.012214225176770423, -0.5356784024259836]]	[[-0.042327403420069645, -0.041062580448249016, 0.04844091303040961], [-0.07530992236000408, -0.02373201984180888, -0.10384952087777102], [0.13915350019994835, -0.10792546259142845, 0.05717823965357542]]	0.4572886089074045	[[-0.09426153938316764, -0.549396512961185, -0.32182902617217624], [-0.8535533905932738, -0.14644660940672602, 0.5], [-0.32182902617217624, 0.3218290261721763, -0.4551349735780175]]
7	[[0.5319609947059123, -0.8460851799387872, 0.03402011756955908], [-0.703274286200726, -0.4190807785627857, 0.5742617690636116], [-0.47161719485230363, -0.3294103357928521, -0.8179645788128509]]	0.6012202197861716	0.39877978021382837	[[0.319825706154759, -0.5086835178406203, 0.020453582562321708], [-0.4228227209195634, -0.25195983779567793, 0.34525778701122023], [-0.28354579354403975, -0.19804815448521512, -0.4917768438511655]]	0.7257682395691202	0.4607676197147544	[[0.4470359896885167, -0.5802339152057218, 0.09091832795923846], [-0.5155105086599301, -0.3505603812472309, 0.339282626996784], [-0.24731820061528342, -0.10732458211784388, -0.5248797773685354]]	[[0.06095559504136864, 0.03382783636397405, 0.06622760712084509], [-0.005096368029799632, -0.046404862352461516, -0.07749832618836203], [0.0949665806431997, 0.13175097738640718, 0.0687729350263643]]	0.44478138126114386	[[0.48981378990316127, -0.4898137899031612, 0.0], [-0.5, -0.5000000000000001, 0.7071067811865475], [-0.34635065235920814, -0.3463506523592082, -0.48981378990316127]]
