7	[[0.5319609947059123, -0.8460851799387872, 0.03402011756955908], [-0.703274286200726, -0.4190807785627857, 0.5742617690636116], [-0.47161719485230363, -0.3294103357928521, -0.8179645788128509]]	0.8920032807095764	0.1079967192904236	[[0.4745109524872034, -0.7547107562651506, 0.030346056482172208], [-0.6273229705297331, -0.3738214293603284, 0.5122433819908266], [-0.4206840850473025, -0.2938351002268673, -0.7296270878052901]]	0.8944141109515121	0.1514455619353951	[[0.5403203074001062, -0.7392005616166546, 0.0], [-0.5873533965138782, -0.39294404759739504, 0.5835704231172661], [-0.4012211819167173, -0.38206415337541494, -0.7392005616166546]]	[[0.06452688725933559, 0.017549962387546022, -0.03042807321044311], [0.04166504893340326, -0.018112285622293514, 0.06994259348679348], [0.020599892126551902, -0.08743490074901208, -0.007601500067930691]]	0.2916146039301538	[[0.6875283016803845, -0.6875283016803844, 0.0], [-0.5, -0.5000000000000001, 0.7071067811865475], [-0.48615592437587013, -0.48615592437587024, -0.6875283016803845]]
7	[[0.034229894132735264, 0.2773841392786001, 0.9601491309293217], [-0.1827544195208179, -0.9427759796974285, 0.2788803941677556], [0.9825625356654255, -0.18501754344446375, 0.018422055382213542]]	0.8938445428753539	0.10615545712464643	[[0.030596204073746504, 0.24793829917435378, 0.8582240610276876], [-0.1633540405750361, -0.8426951646065121, 0.24927571844177604], [0.8782581605383107, -0.16537692154403763, 0.016466453671939125]]	0.9338186082108432	0.12249132971573908	[[0.012015144022873899, 0.24408775454163148, 0.8879252342779067], [-0.16321722021889248, -0.8280219611876224, 0.25197449351227613], [0.9222060094795801, -0.16630347772922832, 0.0]]	[[-0.01994936807536145, -0.01493871633927358, -0.00867989084136309], [0.007442257462418214, 0.0523597920280446, -0.008449208026748783], [0.0046708299443756415, 0.006469347184670045, -0.01720285811740172]]	0.340732456206449	[[0.0, 0.0, 0.9944], [0.0, -1.0, 0.0], [0.9944, 0.0, 0.0]]
7	[[-0.8305561570912853, 0.32773595720904825, 0.4502950280316503], [-0.5100865793185324, -0.772219296347621, -0.37879947194723407], [0.22358030216652452, -0.5443036842615101, 0.808545204538665]]	0.8829568974303251	0.11704310256967498	[[-0.7333452876069749, 0.28937672395365904, 0.39759110087912725], [-0.45038446349593875, -0.6818363540389241, -0.3344636064987752], [0.1974117699274891, -0.4805966923154382, 0.7139105652316271]]	0.8829568974303251	0.11704310256967483	[[-0.7333452876069751, 0.289376723953659, 0.3975911008791273], [-0.4503844634959388, -0.6818363540389242, -0.3344636064987752], [0.1974117699274891, -0.4805966923154382, 0.7139105652316274]]	[[0.0, 0.0, 0.0], [0.0, 0.0, 0.0], [0.0, 0.0, 0.0]]	0.3730137434335759	[[-0.6875283016803845, 0.48615592437587024, 0.48615592437587013], [-0.7071067811865475, -0.5000000000000001, -0.5], [0.0, -0.6875283016803844, 0.6875283016803845]]
7	[[0.8592155572171323, 0.2624339665249735, -0.4391776855101157], [-0.4266000482917053, 0.8413623931712975, -0.33184593135155627], [0.2824199444684594, 0.4724804086637203, 0.8348660002631537]]	0.8952882842630112	0.10471171573698893	[[0.7692456220330134, 0.23495405562247998, -0.39319063654695185], [-0.3819300253015985, 0.753261893425752, -0.29709777451939584], [0.2528472675248219, 0.42300617442042854, 0.7474457489651214]]	0.8952882842630112	0.10471171573698881	[[0.7692456220330135, 0.23495405562248, -0.3931906365469518], [-0.3819300253015985, 0.7532618934257521, -0.2970977745193959], [0.25284726752482195, 0.42300617442042854, 0.7474457489651217]]	[[0.0, 0.0, 0.0], [0.0, 0.0, 0.0], [0.0, 0.0, 0.0]]	0.4190439768656372	[[0.8299200752160626, -0.142391773535678, -0.48615592437587013], [-0.14644660940672619, 0.8535533905932737, -0.5], [0.48615592437587013, 0.48615592437587024, 0.6875283016803845]]
7	[[-0.42203838922340475, -0.825029846081567, 0.3757783270710803], [0.2588054115689476, 0.28760896992378115, 0.9221175843470338], [-0.8688517462515349, 0.4864224845687207, 0.09214016247897017]]	0.8645696275105774	0.13543037248942275	[[-0.3648815729660432, -0.7132957467118494, 0.32488652826239167], [0.22375529827788673, 0.2486579799957043, 0.7972348564198684], [-0.7511828306186042, 0.4205461062963484, 0.07966158595320733]]	0.8785946430424693	0.1976435785820344	[[-0.29826200821662474, -0.6800821917449336, 0.3531204769160063], [0.2563021327674706, 0.2330469558432577, 0.8294011950124637], [-0.7900697206394526, 0.39958900837804096, 0.022217168782545368]]	[[0.0725386597133313, 0.04478461137248434, 0.022963651779894248], [0.02891708457259179, -0.019644744422739144, 0.019233625149897397], [-0.02670123078475911, -0.02777918081944531, -0.05873668438054054]]	0.4807526332775735	[[-0.4888937292597246, -0.4888937292597247, 0.6914001424782628], [0.5, 0.5000000000000001, 0.7071067811865475], [-0.6914001424782628, 0.6914001424782626, 0.0]]
7	[[-0.5446221603179724, 0.8109226453022452, -0.2139887049042392], [-0.8354447797583356, -0.5021691245819775, 0.22328947644507607], [0.07361197229480154, 0.30038414347728, 0.9509735242804028]]	0.8777557907952672	0.12224420920473286	[[-0.47804525501452877, 0.7117920478010622, -0.18782982489447553], [-0.7333164933225556, -0.44078185706042067, 0.1959936309733089], [0.06461333495362281, 0.2636639214002589, 0.8347225178301073]]	0.8780028113624371	0.12061336960606686	[[-0.4824445299608995, 0.7132414764055476, -0.18060231439556929], [-0.7379337538354983, -0.4484357607799148, 0.19475686874473291], [0.0706627747022173, 0.25947338039031365, 0.8392221699208741]]	[[-0.004264742071435844, 0.0012491140327119956, 0.007280370110159697], [-0.00441088846960767, -0.0075298576175248065, -0.0012919193216905335], [0.006031256077447701, -0.004264742071435846, 0.004264742071435844]]	0.38331226349004355	[[-0.6992093601059162, 0.6992093601059161, 0.0], [-0.7071067811865475, -0.7071067811865476, 0.0], [0.0, 0.0, 0.9888313599999999]]
7	[[0.8489524140446696, -0.5135124485683378, 0.12483895166604869], [0.522794976890395, 0.7815435453534784, -0.34040431673891397], [0.0772347773085365, 0.35425224329800037, 0.9319550081910795]]	0.882126222421723	0.11787377757827697	[[0.748883186017027, -0.4529827964221171, 0.11012371284425959], [0.46117115806537606, 0.6894200553207445, -0.3002795740209459], [0.0681308223467623, 0.3124951931648862, 0.8221019508426032]]	0.9208623255486221	0.13611835730652297	[[0.7758843586010749, -0.4864269661748611, 0.0645063643416304], [0.5081435667374155, 0.6697574294330345, -0.2891325259983067], [0.023660057634485483, 0.3006696413089773, 0.8598356801559127]]	[[-0.005883935676216324, -0.013552698588054309, -0.05045312300861923], [0.02672136853298806, -0.04993657725868471, 0.02433298474067938], [-0.04746253901108339, -0.025547903285235686, 0.0016334240063900387]]	0.4287185964899711	[[0.7031469832119028, -0.7031469832119027, 0.0], [0.7071067811865475, 0.7071067811865476, 0.0], [0.0, 0.0, 0.9944]]
7	[[0.8787972042104137, -0.3840163418041313, 0.28327887866788265], [-0.395223040501579, -0.9183905790867732, -0.018907472103605397], [0.2674214316928388, -0.09534250611366366, -0.9588511794847616]]	0.865957391328368	0.13404260867163204	[[0.761000934464713, -0.33254178957616837, 0.24530743878966493], [-0.3422463131456134, -0.7952871100865314, -0.016373065219452036], [0.23157556537402804, -0.08256254787689717, -0.830324266058753]]	0.865957391328368	0.13404260867163206	[[0.7610009344647128, -0.3325417895761685, 0.24530743878966493], [-0.3422463131456134, -0.7952871100865316, -0.016373065219452018], [0.23157556537402807, -0.08256254787689715, -0.8303242660587529]]	[[0.0, 0.0, 0.0], [0.0, 0.0, 0.0], [0.0, 0.0, 0.0]]	0.47028612008153153	[[0.6992093601059162, -0.6992093601059161, 0.0], [-0.7071067811865475, -0.7071067811865476, 0.0], [0.0, 0.0, -0.9888313599999999]]
7	[[-0.30792515101507295, 0.09349718223056193, 0.9468053539599837], [0.3027085282091916, -0.9338174967034747, 0.1906631317268273], [0.9019698710720718, 0.34531602882779927, 0.2592434992682147]]	0.8962131528218239	0.10378684717817611	[[-0.2759665704243548, 0.08379340446680851, 0.8485394113810601], [0.27129136445241364, -0.8368995228808042, 0.17087480641178265], [0.8083572619037955, 0.30947676691567383, 0.23233743382772892]]	0.8962131528218239	0.10378684717817631	[[-0.27596657042435485, 0.08379340446680852, 0.8485394113810597], [0.27129136445241364, -0.8368995228808044, 0.17087480641178263], [0.8083572619037955, 0.3094767669156738, 0.23233743382772892]]	[[0.0, 0.0, 0.0], [0.0, 0.0, 0.0], [0.0, 0.0, 0.0]]	0.3697912086303217	[[-0.4834334511993652, -0.1415943796038782, 0.8252725227948525], [0.5, -0.8535533905932737, 0.14644660940672619], [0.6836781431909743, 0.4834334511993653, 0.4834334511993652]]
7	[[0.04673222253661188, -0.9725397674033924, -0.22799671093185395], [-0.8377629715199755, -0.16246744520517667, 0.5213036857710898], [-0.5440306084466285, 0.16664552219444034, -0.8223502702654952]]	0.890895877722193	0.10910412227780687	[[0.04163354441466365, -0.866431669700583, -0.2031213299034072], [-0.7463595778354413, -0.1447415771973482, 0.46442730469484933], [-0.4846746264197978, 0.14846380876388923, -0.7326284658232612]]	0.8921878286880353	0.10579847136469431	[[0.04481791889414064, -0.8708121421318343, -0.19899788908815916], [-0.7529887421122063, -0.1459031602705039, 0.4683500528436625], [-0.48629248533619035, 0.1433461071747341, -0.7368149007886259]]	[[0.003123998739434869, -0.00312399873943487, 0.004418001386145246], [-0.005546815596563211, -0.0009516831004050255, 0.003249249348484119], [-0.0009149980463622479, -0.005332999432507492, -0.003123998739434869]]	0.3272764424838643	[[1.9305766145758624e-16, -0.9668669023987306, 0.0], [-0.7071067811865476, -1.3401577416544657e-16, 0.7071067811865475], [-0.6836781431909742, -1.0734378967910747e-16, -0.6836781431909743]]
7	[[0.22433838825039393, -0.7661379269479729, -0.6022499185961573], [-0.9416906372873723, -0.011392912655017143, -0.3362869982418849], [0.2507808429735371, 0.642575192824231, -0.724020780340167]]	0.9068211523925184	0.09317884760748187	[[0.2034347957591025, -0.6947500778065758, -0.5461329652096678], [-0.8539449889021797, -0.01033133418293, -0.3049521632803269], [0.22741337302323011, 0.5827007768557139, -0.6565573583842007]]	0.9126861099947358	0.0853194354369309	[[0.19456652727448123, -0.7147179798172565, -0.5474737253700107], [-0.869171356475103, -0.006166591851522676, -0.32291364716635024], [0.2413759019856525, 0.5770768650201885, -0.6709877131842799]]	[[-0.010184003620259605, -0.015474535551679939, 0.002191410078162229], [-0.009703391910827641, 0.00423156128109475, -0.01598917489915771], [0.012491709950934252, -0.009392588097676145, -0.010184003620259605]]	0.298344018453788	[[0.14159437960387833, -0.8252725227948524, -0.4834334511993652], [-0.8535533905932738, 0.14644660940672602, -0.5], [0.4834334511993652, 0.4834334511993653, -0.6836781431909743]]
7	[[-0.3195682178843842, -0.5708200961323295, -0.7563336379995778], [0.910087742671785, 0.03735879733279218, -0.41272826520656647], [0.2638493031197415, -0.8202248094963509, 0.507557688474819]]	0.9017408557128488	0.09825914428715143	[[-0.2881677182536948, -0.5147318019444573, -0.682016941934151], [0.8206632998506305, 0.033687953875274915, -0.3721739390442489], [0.2379236963744345, -0.739630221592148, 0.4576855043289188]]	0.9017408557128486	0.09825914428715157	[[-0.28816771825369464, -0.5147318019444573, -0.6820169419341509], [0.82066329985063, 0.033687953875274915, -0.3721739390442488], [0.23792369637443445, -0.7396302215921479, 0.45768550432891864]]	[[0.0, 0.0, 0.0], [0.0, 0.0, 0.0], [0.0, 0.0, 0.0]]	0.23925893651728075	[[-0.48072622387264874, -0.48072622387264885, -0.6798495455891048], [0.8535533905932738, -0.14644660940672602, -0.5], [0.1408014510780966, -0.8206509966672012, 0.48072622387264874]]
7	[[0.3802729664721569, 0.7767473726770865, -0.5020517802076895], [0.4287143634067757, 0.332951791095048, 0.839849450446521], [0.8195098935212374, -0.5346088512602871, -0.20639019011321075]]	0.8817935080074046	0.11820649199259549	[[0.33532223310586534, 0.6849307905884628, -0.44270600047070097], [0.378037542441622, 0.29359472786705093, 0.7405737931073288], [0.7226385038548666, -0.4714146143646173, -0.18199352975824323]]	0.8817124856000909	0.20291586641489937	[[0.34313829752617553, 0.6543213694372039, -0.4426653230268723], [0.40375526493933833, 0.3020794293560276, 0.7213701316138535], [0.7016394261032999, -0.45495053003001135, -0.08972578058159898]]	[[0.007846875051490069, -0.030546487209250316, 9.009086985419161e-19], [0.025752457967489446, 0.008511678044610707, -0.019135614869218862], [-0.020932679087176068, 0.01642076903850566, 0.09225102694659533]]	0.3679357440211712	[[0.4888937292597246, 0.4888937292597247, -0.6914001424782628], [0.5, 0.5000000000000001, 0.7071067811865475], [0.6914001424782628, -0.6914001424782626, 0.0]]
7	[[0.08740825448676931, -0.06334395238859675, -0.994156597696443], [0.7119981850616444, -0.6940087028176986, 0.10681996481098455], [-0.6967197295301035, -0.717174639895393, -0.015561310176609944]]	0.9375317246397985	0.062468275360201594	[[0.08194801157673527, -0.0593869649283824, -0.9320533496003807], [0.6675208863812497, -0.6506551760677062, 0.10014710583520495], [-0.653196849616932, -0.6723739770090542, -0.014589221967531964]]	0.9642987250796816	0.05821678599368384	[[0.06616709504267422, -0.05848946682827159, -0.9405771459628871], [0.6807549770519489, -0.6727257075889801, 0.09014791450875712], [-0.6799253563977936, -0.6986340813274241, -0.005428902973833276]]	[[-0.01812057332035779, 0.0025930257015603086, 0.01808679372534703], [-0.005823965062042238, -0.0034940002676697524, -0.012858441371531764], [-0.00807940947405415, -0.007063490416816804, 0.009576848590041166]]	0.11701671849217608	[[0.0, 0.0, -0.9832939043839999], [0.7071067811865475, -0.7071067811865476, 0.0], [-0.695293787689323, -0.6952937876893229, 0.0]]
