7	[[0.04673222253661188, -0.9725397674033924, -0.22799671093185395], [-0.8377629715199755, -0.16246744520517667, 0.5213036857710898], [-0.5440306084466285, 0.16664552219444034, -0.8223502702654952]]	0.9074952227249017	0.09250477727509833	[[0.04240926869929238, -0.8825751928285658, -0.20690592596764784], [-0.7602658944301955, -0.14743843037201762, 0.4730806044261472], [-0.49370517818143694, 0.1512300152799511, -0.7462789416724689]]	0.907495222724902	0.09250477727509805	[[0.04240926869929239, -0.8825751928285659, -0.2069059259676479], [-0.7602658944301958, -0.1474384303720177, 0.4730806044261474], [-0.49370517818143717, 0.1512300152799512, -0.7462789416724689]]	[[0.0, 0.0, 0.0], [0.0, 0.0, 0.0], [0.0, 0.0, 0.0]]	0.3229287765100522	[[-1.9563458995314225e-16, -0.979772615921779, 0.0], [-0.7071067811865476, 1.3401577416544657e-16, 0.7071067811865475], [-0.6928038607391726, 1.0877661170935793e-16, -0.6928038607391727]]
7	[[0.8489524140446696, -0.5135124485683378, 0.12483895166604869], [0.522794976890395, 0.7815435453534784, -0.34040431673891397], [0.0772347773085365, 0.35425224329800037, 0.9319550081910795]]	0.8863798898356402	0.11362011016435979	[[0.7524943472366152, -0.45516710759123313, 0.11065473622494906], [0.4633949540227345, 0.692744481632172, -0.30172754077061503], [0.06845935340222081, 0.3140020643885099, 0.826066177492182]]	0.9232210883406524	0.13403771514449606	[[0.778409922808607, -0.4900772429715287, 0.06712759182989998], [0.5104304148531246, 0.6683565484427634, -0.29022770376858054], [0.025157921441638517, 0.30431144892516104, 0.8625574911495884]]	[[-0.00536084883513702, -0.015991721327794663, -0.0481263609945356], [0.02777506730934794, -0.05318093408408687, 0.024040740006975807], [-0.04614685372289649, -0.022741692679536445, 0.0021569742028982484]]	0.4280399472572091	[[0.7047026181305133, -0.7047026181305132, 0.0], [0.7071067811865475, 0.7071067811865476, 0.0], [0.0, 0.0, 0.9965999999999999]]
7	[[0.8787972042104137, -0.3840163418041313, 0.28327887866788265], [-0.395223040501579, -0.9183905790867732, -0.018907472103605397], [0.2674214316928388, -0.09534250611366366, -0.9588511794847616]]	0.8714558499837601	0.12854415001624	[[0.765832964558538, -0.33465328755457346, 0.2468650359919661], [-0.34441943069346953, -0.8003368427151415, -0.0164770271730917], [0.23304597105975683, -0.08308678470486461, -0.8355964696258241]]	0.87145584998376	0.12854415001624	[[0.765832964558538, -0.3346532875545733, 0.24686503599196616], [-0.34441943069346953, -0.8003368427151415, -0.016477027173091685], [0.23304597105975683, -0.08308678470486466, -0.835596469625824]]	[[0.0, 0.0, 0.0], [0.0, 0.0, 0.0], [0.0, 0.0, 0.0]]	0.4694995045998071	[[0.7023066292288694, -0.7023066292288693, 0.0], [-0.7071067811865475, -0.7071067811865476, 0.0], [0.0, 0.0, -0.9932115599999999]]
7	[[0.034229894132735264, 0.2773841392786001, 0.9601491309293217], [-0.1827544195208179, -0.9427759796974285, 0.2788803941677556], [0.9825625356654255, -0.18501754344446375, 0.018422055382213542]]	0.8962055088317167	0.10379449116828357	[[0.030677019688483798, 0.24859319368402555, 0.8604909404388433], [-0.16378551753789963, -0.8449210265990543, 0.24993414555830312], [0.8805779572350142, -0.16581374166543988, 0.016509947517542756]]	0.9354659897162818	0.12224336011789019	[[0.012458965169358327, 0.24507516405817023, 0.890935456722508], [-0.1630144977194784, -0.8280925996096722, 0.25200667977515306], [0.9254020783880614, -0.1670260509302908, 0.0]]	[[-0.019561936623404413, -0.014408264323684387, -0.007251400317517871], [0.00794604621258805, 0.05384226531872012, -0.008876444167453321], [0.006248243503664853, 0.006051568462859638, -0.017233206270730547]]	0.3398121536243875	[[0.0, 0.0, 0.9965999999999999], [0.0, -1.0, 0.0], [0.9965999999999999, 0.0, 0.0]]
7	[[-0.42203838922340475, -0.825029846081567, 0.3757783270710803], [0.2588054115689476, 0.28760896992378115, 0.9221175843470338], [-0.8688517462515349, 0.4864224845687207, 0.09214016247897017]]	0.8737073344625229	0.1262926655374772	[[-0.3687380360892377, -0.7208346276719514, 0.3283202804940597], [0.22612018628638136, 0.25128606647961876, 0.8056608966808676], [-0.759122143260537, 0.4249908924151745, 0.08050353575644478]]	0.882051669521971	0.19157134080399635	[[-0.3010545382386444, -0.6861628285806307, 0.3578817233992614], [0.257796861687028, 0.2345085333422889, 0.8287825698923128], [-0.7970914047836263, 0.4035012317079754, 0.022254179283085172]]	[[0.0712051275782231, 0.04155612456107045, 0.026425822636041756], [0.029517116331316953, -0.019177438748476598, 0.01542721512344477], [-0.03071927143538003, -0.02554853289888992, -0.059018204861516155]]	0.47906064141508065	[[-0.49323460145881654, -0.49323460145881665, 0.6975390628147469], [0.5, 0.5000000000000001, 0.7071067811865475], [-0.6975390628147469, 0.6975390628147468, 0.0]]
7	[[-0.30792515101507295, 0.09349718223056193, 0.9468053539599837], [0.3027085282091916, -0.9338174967034747, 0.1906631317268273], [0.9019698710720718, 0.34531602882779927, 0.2592434992682147]]	0.9008073282380992	0.09919267176190077	[[-0.2773812325832011, 0.08422294692290316, 0.8528892012622208], [0.2726820605310092, -0.8411896442674471, 0.17175074628435208], [0.8125010697116959, 0.31106320932616033, 0.2335284439388961]]	0.9008073282380994	0.09919267176190083	[[-0.27738123258320113, 0.0842229469229032, 0.8528892012622208], [0.2726820605310092, -0.8411896442674472, 0.17175074628435208], [0.8125010697116958, 0.31106320932616033, 0.2335284439388962]]	[[0.0, 0.0, 0.0], [0.0, 0.0, 0.0], [0.0, 0.0, 0.0]]	0.36864151205369616	[[-0.4898863079608894, -0.14348437759130314, 0.8362882383304759], [0.5, -0.8535533905932737, 0.14644660940672619], [0.6928038607391727, 0.4898863079608895, 0.4898863079608894]]
7	[[-0.8305561570912853, 0.32773595720904825, 0.4502950280316503], [-0.5100865793185324, -0.772219296347621, -0.37879947194723407], [0.22358030216652452, -0.5443036842615101, 0.808545204538665]]	0.8887966393871509	0.11120336061284905	[[-0.738195521245041, 0.2912906173737332, 0.4002207076472737], [-0.453363237494799, -0.686345915463676, -0.336675697668329], [0.19871742119877076, -0.48377528537767495, 0.7186322605865622]]	0.8887966393871507	0.11120336061284938	[[-0.738195521245041, 0.29129061737373313, 0.4002207076472736], [-0.4533632374947989, -0.6863459154636758, -0.3366756976683288], [0.19871742119877067, -0.48377528537767495, 0.7186322605865617]]	[[0.0, 0.0, 0.0], [0.0, 0.0, 0.0], [0.0, 0.0, 0.0]]	0.36856222148852946	[[-0.6951674300011768, 0.49155760381385666, 0.49155760381385655], [-0.7071067811865475, -0.5000000000000001, -0.5], [0.0, -0.6951674300011766, 0.6951674300011768]]
7	[[0.3802729664721569, 0.7767473726770865, -0.5020517802076895], [0.4287143634067757, 0.332951791095048, 0.839849450446521], [0.8195098935212374, -0.5346088512602871, -0.20639019011321075]]	0.8881889706839787	0.11181102931602131	[[0.3377542546698482, 0.6898984494195463, -0.44591685389272684], [0.3807793691517013, 0.29572410862009774, 0.7459450189216008], [0.7278796487919649, -0.4748336853194187, -0.1833134905159233]]	0.8881889706839787	0.11181102931602147	[[0.3377542546698482, 0.6898984494195463, -0.4459168538927268], [0.3807793691517013, 0.2957241086200977, 0.7459450189216006], [0.727879648791965, -0.47483368531941866, -0.18331349051592333]]	[[0.0, 0.0, 0.0], [0.0, 0.0, 0.0], [0.0, 0.0, 0.0]]	0.36721028899069696	[[0.49323460145881654, 0.49323460145881665, -0.6975390628147469], [0.5, 0.5000000000000001, 0.7071067811865475], [0.6975390628147469, -0.6975390628147468, 0.0]]
7	[[0.5319609947059123, -0.8460851799387872, 0.03402011756955908], [-0.703274286200726, -0.4190807785627857, 0.5742617690636116], [-0.47161719485230363, -0.3294103357928521, -0.8179645788128509]]	0.896509701347186	0.10349029865281387	[[0.47690819249214944, -0.7585235719812025, 0.030499365442081563], [-0.6304922202869684, -0.3757099836296693, 0.5148312470783252], [-0.42280939050723637, -0.2953195617623261, -0.7333131802640859]]	0.8996394607762705	0.14517965637008232	[[0.5422837501331438, -0.7461352473663518, -0.002107215047304193], [-0.5875188008029996, -0.3926203984396467, 0.5833365061283161], [-0.406138794877592, -0.3823989095227652, -0.7446452213169849]]	[[0.06371064770190817, 0.015036367684572461, -0.03271305527312765], [0.04517449881243796, -0.015598792791722521, 0.06670795786350131], [0.01814664399215175, -0.08604837265595358, -0.00877200869970239]]	0.2876466211031092	[[0.6951674300011768, -0.6951674300011766, 0.0], [-0.5, -0.5000000000000001, 0.7071067811865475], [-0.49155760381385655, -0.49155760381385666, -0.6951674300011768]]
7	[[-0.5446221603179724, 0.8109226453022452, -0.2139887049042392], [-0.8354447797583356, -0.5021691245819775, 0.22328947644507607], [0.07361197229480154, 0.30038414347728, 0.9509735242804028]]	0.8854565493188847	0.11454345068111522	[[-0.4822392587577482, 0.718036767273868, -0.18947770023772476], [-0.7397500518312916, -0.4446489402268428, 0.1977131293122774], [0.06518020297671233, 0.2659771071535011, 0.8420457353029442]]	0.8854565493188846	0.11454345068111547	[[-0.4822392587577482, 0.718036767273868, -0.18947770023772476], [-0.7397500518312914, -0.44464894022684287, 0.19771312931227744], [0.06518020297671231, 0.26597710715350115, 0.8420457353029439]]	[[0.0, 0.0, 0.0], [0.0, 0.0, 0.0], [0.0, 0.0, 0.0]]	0.38213246278728485	[[-0.7023066292288694, 0.7023066292288693, 0.0], [-0.7071067811865475, -0.7071067811865476, 0.0], [0.0, 0.0, 0.9932115599999999]]
7	[[0.22433838825039393, -0.7661379269479729, -0.6022499185961573], [-0.9416906372873723, -0.011392912655017143, -0.3362869982418849], [0.2507808429735371, 0.642575192824231, -0.724020780340167]]	0.9192170909031321	0.08078290909686776	[[0.20621568062542447, -0.7042470764396722, -0.5535984181686079], [-0.8656181281380151, -0.010472560027658296, -0.30912075623245205], [0.23052203693236997, 0.5906660994344088, -0.6655322754577041]]	0.9184738079854228	0.07976231195589283	[[0.1976438424292477, -0.7145124987255249, -0.5521443248595105], [-0.8719992187106715, -0.0058630098725293445, -0.3199121223452797], [0.2387087210886938, 0.5832387359799895, -0.6733992144840143]]	[[-0.008405091304403924, -0.010834879519562645, 0.0010064512324130593], [-0.007081033137119174, 0.0046010819977696064, -0.01104132249406844], [0.00837308527299482, -0.0069497482902491576, -0.008405091304403924]]	0.29421386306482866	[[0.1434843775913033, -0.8362882383304758, -0.4898863079608894], [-0.8535533905932738, 0.14644660940672602, -0.5], [0.4898863079608894, 0.4898863079608895, -0.6928038607391727]]
7	[[0.08740825448676931, -0.06334395238859675, -0.994156597696443], [0.7119981850616444, -0.6940087028176986, 0.10681996481098455], [-0.6967197295301035, -0.717174639895393, -0.015561310176609944]]	0.9410029724936262	0.058997027506373936	[[0.08225142729252925, -0.05960684748716428, -0.9355043135565029], [0.6699924085530743, -0.6530642522879, 0.10051790440880098], [-0.6556153364827829, -0.6748634679386107, -0.014643239132085267]]	0.967725067034999	0.05376468303188427	[[0.06859557461696124, -0.05705956363438786, -0.9443949478812941], [0.6792543821731252, -0.6725838535915799, 0.09007032362051437], [-0.6810019571390966, -0.703896611339213, -0.008157191593620128]]	[[-0.015991584315659824, 0.004239966937128711, 0.017675312267782687], [-0.009764109194452258, -0.0009742351344498895, -0.013302033986871893], [-0.006768810174970736, -0.009868734870642406, 0.00690187834019214]]	0.11377783335746645	[[0.0, 0.0, -0.9898346406959998], [0.7071067811865475, -0.7071067811865476, 0.0], [-0.6999187866894913, -0.6999187866894911, 0.0]]
7	[[0.8592155572171323, 0.2624339665249735, -0.4391776855101157], [-0.4266000482917053, 0.8413623931712975, -0.33184593135155627], [0.2824199444684594, 0.4724804086637203, 0.8348660002631537]]	0.8985051413688866	0.1014948586311133	[[0.7720095957037264, 0.23579826819251898, -0.394603408405327], [-0.3833023366983126, 0.7559684360188416, -0.29816527546171984], [0.2537557721300262, 0.4245260763804254, 0.7501313935905219]]	0.8985051413688868	0.10149485863111335	[[0.7720095957037262, 0.23579826819251906, -0.394603408405327], [-0.3833023366983125, 0.7559684360188416, -0.29816527546171995], [0.25375577213002626, 0.4245260763804255, 0.7501313935905222]]	[[0.0, 0.0, 0.0], [0.0, 0.0, 0.0], [0.0, 0.0, 0.0]]	0.41679224508322865	[[0.8391413188144451, -0.14397388881326828, -0.49155760381385655], [-0.14644660940672619, 0.8535533905932737, -0.5], [0.49155760381385655, 0.49155760381385666, 0.6951674300011768]]
7	[[-0.3195682178843842, -0.5708200961323295, -0.7563336379995778], [0.910087742671785, 0.03735879733279218, -0.41272826520656647], [0.2638493031197415, -0.8202248094963509, 0.507557688474819]]	0.9158022914902437	0.08419770850975632	[[-0.29266130622597253, -0.5227583520666685, -0.6926520788111658], [0.8334604401960041, 0.034213272204690705, -0.3779774910389666], [0.24163379640516314, -0.7511637600739068, 0.46482249416873045]]	0.9158022914902438	0.08419770850975629	[[-0.29266130622597253, -0.5227583520666688, -0.6926520788111658], [0.833460440196004, 0.034213272204690705, -0.37797749103896666], [0.2416337964051632, -0.7511637600739067, 0.46482249416873056]]	[[0.0, 0.0, 0.0], [0.0, 0.0, 0.0], [0.0, 0.0, 0.0]]	0.2326827177527802	[[-0.48822069451382233, -0.48822069451382244, -0.6904483276126595], [0.8535533905932738, -0.14644660940672602, -0.5], [0.14299653070749288, -0.8334448583201521, 0.48822069451382233]]
