7	[[0.5319609947059123, -0.8460851799387872, 0.03402011756955908], [-0.703274286200726, -0.4190807785627857, 0.5742617690636116], [-0.47161719485230363, -0.3294103357928521, -0.8179645788128509]]	0.5492914470573345	0.45070855294266554	[[0.2922016245600696, -0.4647473528223416, 0.018686959608843756], [-0.3863025503454107, -0.2301974872906669, 0.31543707811865607], [-0.25905529141754274, -0.1809422800232982, -0.449300947137754]]	0.6979386479491878	0.49413889188148347	[[0.4208270542416355, -0.5341924940806887, 0.08177174853770965], [-0.5314968968264412, -0.33829898185801993, 0.32837507675095723], [-0.2382674547005226, -0.11226945232962196, -0.48286987519241714]]	[[0.04955091683488602, 0.05632305245563397, 0.058027793678139206], [-0.040654592378076435, -0.04580630988641621, -0.07242440591820856], [0.09089241262428283, 0.11763875205412921, 0.0880192170145509]]	0.4997622438562952	[[0.43546919470247797, -0.4354691947024779, 0.0], [-0.5, -0.5000000000000001, 0.7071067811865475], [-0.3079232205719671, -0.30792322057196714, -0.43546919470247797]]
7	[[-0.30792515101507295, 0.09349718223056193, 0.9468053539599837], [0.3027085282091916, -0.9338174967034747, 0.1906631317268273], [0.9019698710720718, 0.34531602882779927, 0.2592434992682147]]	0.583892554466183	0.41610744553381696	[[-0.17979520301057617, 0.05459230856799301, 0.5528325967059536], [0.17674925579476347, -0.5452490835554084, 0.11132678302649957], [0.5266534920718059, 0.2016274581703818, 0.15137034901646998]]	0.7893217427661685	0.31509634738555253	[[-0.1743104514876883, 0.06824157637245522, 0.7122089272947296], [0.26111672362057436, -0.8383725621263943, 0.12908642894549918], [0.6542593477081161, 0.23641082379546705, 0.10606887511523312]]	[[0.06874156535306467, -0.0055577824494979795, -0.03512512475330366], [0.022182300584313447, -0.10129010820286691, -0.02140812647037568], [-0.057685082849067905, -0.03615462588398396, -0.09855765552795404]]	0.4857834953718786	[[0.0, 0.0, 0.9076], [0.0, -1.0, 0.0], [0.9076, 0.0, 0.0]]
7	[[0.04673222253661188, -0.9725397674033924, -0.22799671093185395], [-0.8377629715199755, -0.16246744520517667, 0.5213036857710898], [-0.5440306084466285, 0.16664552219444034, -0.8223502702654952]]	0.5172282564465364	0.4827717435534636	[[0.024171225982483283, -0.5030250482189766, -0.1179263412708278], [-0.43331468107474613, -0.08403275341279672, 0.26963299647053396], [-0.2813880030603981, 0.08619377288925296, -0.4253427964777602]]	0.6892887715301733	0.48142705367018623	[[0.001396038774461584, -0.6866523360911122, -0.10371083895571241], [-0.6696920899626313, -0.1474579520762405, 0.28002921917688217], [-0.23621539498326904, 0.012510601356984742, -0.496120115208344]]	[[-0.03081595748867419, -0.016291594553387273, 0.05344473383542526], [-0.09223148049015971, -0.0354709663571186, -0.07929955798242383], [0.13877879478772023, -0.10235628591742528, 0.0707166923504654]]	0.5157754723937288	[[-0.08185519443513296, -0.47708703554710186, -0.2794711149911173], [-0.8535533905932738, -0.14644660940672602, 0.5], [-0.2794711149911173, 0.2794711149911174, -0.395231841111969]]
7	[[0.8592155572171323, 0.2624339665249735, -0.4391776855101157], [-0.4266000482917053, 0.8413623931712975, -0.33184593135155627], [0.2824199444684594, 0.4724804086637203, 0.8348660002631537]]	0.5200635235984234	0.47993647640157666	[[0.4468466702169246, 0.13648233334288845, -0.22840029461219102], [-0.22185912428184187, 0.43756189081586705, -0.17258096435049092], [0.14687631145473806, 0.2457198261608774, 0.434183353829378]]	0.7310721396879867	0.47146213818905863	[[0.44702243123643176, 0.177781202862107, -0.2823216296567552], [-0.3498647569006389, 0.7496019291002776, -0.25464966185753096], [0.23463639675925332, 0.3055046343445498, 0.4418028865810752]]	[[-0.18112612463150277, -0.01407695857211087, 0.03874894059234278], [-0.037989346805023506, 0.13450532407153198, -0.012046346777596022], [0.028167043666134286, -0.03991262897789064, -0.16854438658405974]]	0.575460695513729	[[0.5256578179232062, -0.09018862322072815, -0.3079232205719671], [-0.14644660940672619, 0.8535533905932737, -0.5], [0.3079232205719671, 0.30792322057196714, 0.43546919470247797]]
7	[[0.034229894132735264, 0.2773841392786001, 0.9601491309293217], [-0.1827544195208179, -0.9427759796974285, 0.2788803941677556], [0.9825625356654255, -0.18501754344446375, 0.018422055382213542]]	0.7375205677036694	0.26247943229633086	[[0.025245250953211413, 0.2045765078727469, 0.7081297321231779], [-0.13478514323534818, -0.6953166757638304, 0.2056800266280262], [0.7246600791083215, -0.1364542436762992, 0.013586644743758572]]	0.8615976486638507	0.21285783362126046	[[0.009237067569490992, 0.20743249629052682, 0.7690295354548906], [-0.16898093107975154, -0.8231064266457059, 0.25807793280882513], [0.7976835541044812, -0.1420816945140334, 0.0]]	[[-0.020255328729286252, -0.03156102588856109, -0.05823269812045277], [-0.011520152937687924, -0.010812859321643345, 0.017795240935439063], [-0.048890016290040424, 0.017328985879278388, -0.01587239960087042]]	0.3798793845586072	[[0.0, 0.0, 0.9076], [0.0, -1.0, 0.0], [0.9076, 0.0, 0.0]]
7	[[0.3802729664721569, 0.7767473726770865, -0.5020517802076895], [0.4287143634067757, 0.332951791095048, 0.839849450446521], [0.8195098935212374, -0.5346088512602871, -0.20639019011321075]]	0.5298062986110651	0.4701937013889351	[[0.2014710128284631, 0.4115256504739168, -0.265990195382932], [0.22713557003794285, 0.1763999560559921, 0.4449575287316085], [0.43418150336163486, -0.28323913669092615, -0.10934682269351424]]	0.732564702653333	0.4167063089093294	[[0.28833554789870053, 0.4070780115307149, -0.3381952441543329], [0.4183028790248441, 0.3156930031471251, 0.7016630265066456], [0.5131782368099289, -0.3716735431154431, -0.03609449923717636]]	[[0.009760995287924108, -0.1619396965712327, 0.029590168930089582], [0.10424186887254648, 0.0717842733056866, 0.08641896356672481], [-0.08716578465892072, 0.019962031043889064, 0.11509966901367272]]	0.4806169752141792	[[0.33927194862490867, 0.3392719486249087, -0.4798029910780939], [0.5, 0.5000000000000001, 0.7071067811865475], [0.4798029910780939, -0.4798029910780938, 0.0]]
7	[[-0.8305561570912853, 0.32773595720904825, 0.4502950280316503], [-0.5100865793185324, -0.772219296347621, -0.37879947194723407], [0.22358030216652452, -0.5443036842615101, 0.808545204538665]]	0.5116121562103062	0.48838784378969374	[[-0.4249226263832182, 0.1676736997353698, 0.23037641022205288], [-0.2609664946990937, -0.3950767792716118, -0.19379841461424982], [0.11438640047756744, -0.27847238153824483, 0.4136615554875294]]	0.7101150929640284	0.4416882025003706	[[-0.4896942325592047, 0.1643701774029966, 0.24546417217842523], [-0.43756351238140334, -0.6701859211318852, -0.26616923534895515], [0.1421837145572444, -0.34117652239286766, 0.4569677719150399]]	[[0.10009623014551947, -0.06836007231816152, -0.07429712351350985], [-0.07534333368892046, -0.1218213437173777, 0.002821986887579876], [-0.016584032500662756, 0.04534173895715778, -0.11719238117155348]]	0.5678386534069252	[[-0.43546919470247797, 0.30792322057196714, 0.3079232205719671], [-0.7071067811865475, -0.5000000000000001, -0.5], [0.0, -0.4354691947024779, 0.43546919470247797]]
7	[[0.8787972042104137, -0.3840163418041313, 0.28327887866788265], [-0.395223040501579, -0.9183905790867732, -0.018907472103605397], [0.2674214316928388, -0.09534250611366366, -0.9588511794847616]]	0.571681439753361	0.42831856024663895	[[0.5023920509542378, -0.2195350151714046, 0.16194527720857285], [-0.2259416768176436, -0.5250268485082497, -0.01080905087428563], [0.15287986909106716, -0.05450554116475287, -0.5481574227970569]]	0.7864255397795834	0.37358145702083534	[[0.5460412175810049, -0.2301588479248879, 0.22229098617498025], [-0.34555157444116447, -0.8465621402978665, -0.0248801874332263], [0.19972254698677808, -0.07497978183437617, -0.6328869305402879]]	[[-0.1450673480969585, 0.07184141096260711, -0.00048675888956448837], [-0.03473808148138205, -0.12431633341106683, -0.01001086847828101], [-0.01058449678089166, 0.0, 0.12117812585430598]]	0.5151880159414807	[[0.9076, 0.0, 0.0], [0.0, -1.0, 0.0], [0.0, 0.0, -0.9076]]
7	[[0.22433838825039393, -0.7661379269479729, -0.6022499185961573], [-0.9416906372873723, -0.011392912655017143, -0.3362869982418849], [0.2507808429735371, 0.642575192824231, -0.724020780340167]]	0.4710433442955366	0.5289566557044634	[[0.10567310465533604, -0.36088417130122263, -0.28368581575724866], [-0.44357710707963904, -0.005366555678286214, -0.1584057522949647], [0.11812864695950874, 0.30268076778927505, -0.3410451697108964]]	0.677974883421539	0.5132159792661003	[[0.16892876724891182, -0.41273646540080805, -0.3158599589562363], [-0.8222020849790873, 0.05196693717648995, -0.19932332519440535], [0.1352496258902046, 0.3158599589562363, -0.34745942598007074]]	[[0.01683297462787507, 0.10668580630656338, 0.09245035939462468], [-0.18375948494502625, 0.05969104580560688, 0.028670813234815806], [-0.03477348688913455, -0.11978988248834459, 0.14340847816582566]]	0.5403615008112418	[[0.08185519443513296, -0.47708703554710186, -0.2794711149911173], [-0.8535533905932738, 0.14644660940672602, -0.5], [0.2794711149911173, 0.2794711149911174, -0.395231841111969]]
7	[[-0.42203838922340475, -0.825029846081567, 0.3757783270710803], [0.2588054115689476, 0.28760896992378115, 0.9221175843470338], [-0.8688517462515349, 0.4864224845687207, 0.09214016247897017]]	0.5151986775059928	0.48480132249400726	[[-0.21743361998465757, -0.42505428560419617, 0.19360049714243505], [0.133336205771716, 0.14817576094359283, 0.47507375996061263], [-0.44763127061756325, 0.25060422075898414, 0.04747048985435273]]	0.7254922329310494	0.4301726446155209	[[-0.2100115856313564, -0.47086335554964215, 0.25572977402815233], [0.2698833478902328, 0.2356029676630036, 0.827706596651133], [-0.5429733996997668, 0.2743916341994282, 0.022609598455914686]]	[[0.0961739877489548, 0.12768938971883395, -0.016894483565739814], [0.0821220319564378, 0.02694489386200061, 0.1587174513582181], [0.08737179377430089, -0.07850410027820189, -0.04423737376358308]]	0.59137856053594	[[-0.33927194862490867, -0.3392719486249087, 0.4798029910780939], [0.5, 0.5000000000000001, 0.7071067811865475], [-0.4798029910780939, 0.4798029910780938, 0.0]]
7	[[0.8489524140446696, -0.5135124485683378, 0.12483895166604869], [0.522794976890395, 0.7815435453534784, -0.34040431673891397], [0.0772347773085365, 0.35425224329800037, 0.9319550081910795]]	0.6585513988167819	0.3414486011832184	[[0.559078799798001, -0.33817434131450963, 0.08221286624649701], [0.34428736332555676, 0.51468659502876, -0.2241737389516827], [0.05086307063383937, 0.23329331035788112, 0.6137402742785407]]	0.813697369696218	0.28090267051929146	[[0.6408604798005785, -0.3963946716185766, 0.051609093201345733], [0.47654154218037653, 0.6248917998834932, -0.2646197992921465], [0.02497278555223912, 0.224472523935089, 0.7084773658369248]]	[[-0.04992986650482371, 0.021449057087744264, -0.04997203340495138], [0.05114464459426696, -0.01104812727368909, 0.012366297871546035], [-0.037872949592790195, -0.06378159464547851, -0.049851973003374024]]	0.459359872331051	[[0.6417701146049105, -0.6417701146049104, 0.0], [0.7071067811865475, 0.7071067811865476, 0.0], [0.0, 0.0, 0.9076]]
7	[[-0.5446221603179724, 0.8109226453022452, -0.2139887049042392], [-0.8354447797583356, -0.5021691245819775, 0.22328947644507607], [0.07361197229480154, 0.30038414347728, 0.9509735242804028]]	0.5735374401698133	0.42646255983018644	[[-0.31236119968852355, 0.46509449816238335, -0.12273053403603093], [-0.47915886038582944, -0.2880127942450635, 0.12806487473716677], [0.0422192221558117, 0.17228155271756113, 0.5454189207850482]]	0.7526271680290467	0.34802753621375804	[[-0.4256162402412032, 0.5775775417630541, -0.07837072415460483], [-0.7302935897630927, -0.3877259841228929, 0.10910504912874983], [0.06695147524223127, 0.08545181415782827, 0.6898551691106944]]	[[-0.01571880607522622, -0.032744872261397814, 0.08268298880767615], [-0.10151515112892567, -0.009779858017133628, -0.05894867717879629], [0.011549105000962161, -0.14062545306830782, -0.02587334133906712]]	0.44591147612108356	[[-0.5824705560154169, 0.5824705560154168, 0.0], [-0.7071067811865475, -0.7071067811865476, 0.0], [0.0, 0.0, 0.82373776]]
7	[[0.08740825448676931, -0.06334395238859675, -0.994156597696443], [0.7119981850616444, -0.6940087028176986, 0.10681996481098455], [-0.6967197295301035, -0.717174639895393, -0.015561310176609944]]	0.5978918858942701	0.40210811410572994	[[0.05226068611782081, -0.03787283515361496, -0.5943981630709576], [0.4256979376198041, -0.41494217215470985, 0.0638667902119991], [-0.41656307302849943, -0.42879289796260056, -0.009303981088479019]]	0.8300319894305481	0.2867182284255195	[[0.04654265951424355, -0.04654265951424356, -0.7108835985921961], [0.6786950588531062, -0.6638851608982678, 0.0970036877212134], [-0.5108769730596474, -0.5219492139985504, 0.0]]	[[-0.026008987850061217, 0.006034847305257321, 0.11429817999928753], [0.08771378883545006, -0.08783573661637925, 0.008339699818250758], [0.06742269011773774, 0.07332867912295953, 0.012916385244037386]]	0.2879618590086484	[[0.0, 0.0, -0.7476243909759999], [0.7071067811865475, -0.7071067811865476, 0.0], [-0.5286502766395922, -0.5286502766395922, 0.0]]
7	[[-0.3195682178843842, -0.5708200961323295, -0.7563336379995778], [0.910087742671785, 0.03735879733279218, -0.41272826520656647], [0.2638493031197415, -0.8202248094963509, 0.507557688474819]]	0.48911835488891925	0.5108816451110808	[[-0.1563066810063937, -0.2791985863577797, -0.36993666476550485], [0.4451406195001935, 0.018272873492043845, -0.20187297009399335], [0.1290535370805157, -0.40118700945993235, 0.248255781598026]]	0.6717183623353358	0.5172999851395452	[[-0.23156066913693174, -0.3622304096782629, -0.3640045915202535], [0.7781937619621857, 0.010575753300840512, -0.22618685848733447], [0.15347771246468886, -0.36400459152025344, 0.3046682668822802]]	[[-0.01690082916521144, 0.021199930483844318, 0.1440386011759494], [0.1668711138732318, -0.01451883686236034, 0.051050295906724504], [-0.02375470933022339, 0.18695547426144818, -0.036267552410733726]]	0.5556916671082099	[[-0.2536479839659381, -0.25364798396593813, -0.3587124189932231], [0.8535533905932738, -0.14644660940672602, -0.5], [0.07429177446932668, -0.43300419346254965, 0.2536479839659381]]
