7	[[0.8489524140446696, -0.5135124485683378, 0.12483895166604869], [0.522794976890395, 0.7815435453534784, -0.34040431673891397], [0.0772347773085365, 0.35425224329800037, 0.9319550081910795]]	0.8853114987324758	0.11468850126752426	[[0.75158733403044, -0.4546184754598185, 0.11052135939966068], [0.4628364045206457, 0.6919094874615805, -0.30136385582713227], [0.06837683645328946, 0.31362358444349436, 0.8250704850528814]]	0.9226241804568436	0.13465754826724183	[[0.7776391199084836, -0.4890629955308784, 0.06689571554098545], [0.5101688695087714, 0.6687041318785778, -0.28965010846813444], [0.02434196276103097, 0.30340762393005405, 0.8618411624702583]]	[[-0.005624905346338551, -0.015283993516128615, -0.048283719928994245], [0.02782558240831611, -0.05236684114451102, 0.024415145287077833], [-0.046916710356024356, -0.023434061717761905, 0.0019969368153126433]]	0.4282245152084649	[[0.7042783540618014, -0.7042783540618013, 0.0], [0.7071067811865475, 0.7071067811865476, 0.0], [0.0, 0.0, 0.996]]
7	[[0.034229894132735264, 0.2773841392786001, 0.9601491309293217], [-0.1827544195208179, -0.9427759796974285, 0.2788803941677556], [0.9825625356654255, -0.18501754344446375, 0.018422055382213542]]	0.8955474875657141	0.104452512434286	[[0.03065449569021144, 0.2484106690215284, 0.8598591418921578], [-0.16366526124339897, -0.8443006599553369, 0.24975063632826958], [0.8799314101913692, -0.1656919961872699, 0.016497825413337795]]	0.9350174844284805	0.12230882346492511	[[0.01233754266703688, 0.2448060758623778, 0.8901138838363727], [-0.16306971617035504, -0.8280731233378344, 0.25199848120389157], [0.9245300009376198, -0.16682859669136968, 0.0]]	[[-0.019668006837206452, -0.014552944266258139, -0.007642341241353559], [0.007808861438187335, 0.053438901578451714, -0.008759563407266427], [0.005816850546064489, 0.006166041355209929, -0.017224943881479455]]	0.34006279841869974	[[0.0, 0.0, 0.996], [0.0, -1.0, 0.0], [0.996, 0.0, 0.0]]
7	[[-0.30792515101507295, 0.09349718223056193, 0.9468053539599837], [0.3027085282091916, -0.9338174967034747, 0.1906631317268273], [0.9019698710720718, 0.34531602882779927, 0.2592434992682147]]	0.899684477691445	0.10031552230855507	[[-0.27703547865905526, 0.08411796356072498, 0.8518260803529516], [0.2723421640946326, -0.8401411067807982, 0.1715366600826658], [0.8114882923488969, 0.31067547103442256, 0.23323735223402628]]	0.899684477691445	0.1003155223085553	[[-0.27703547865905526, 0.08411796356072496, 0.8518260803529513], [0.2723421640946325, -0.8401411067807983, 0.17153666008266577], [0.8114882923488969, 0.31067547103442256, 0.23323735223402628]]	[[0.0, 0.0, 0.0], [0.0, 0.0, 0.0], [0.0, 0.0, 0.0]]	0.3689164606640392	[[-0.48811936191692995, -0.14296685107701818, 0.833271872756842], [0.5, -0.8535533905932737, 0.14644660940672619], [0.6903050216798238, 0.48811936191693006, 0.48811936191692995]]
7	[[0.5319609947059123, -0.8460851799387872, 0.03402011756955908], [-0.703274286200726, -0.4190807785627857, 0.5742617690636116], [-0.47161719485230363, -0.3294103357928521, -0.8179645788128509]]	0.895372050887106	0.10462794911289404	[[0.4763030068217777, -0.757561022786978, 0.03046066243967658], [-0.6296921399717095, -0.37523321618912653, 0.5141779379125435], [-0.422272854988531, -0.2949448079422563, -0.7323826224846703]]	0.8983602337870223	0.14673008669714382	[[0.542126236948037, -0.7443162118580029, -0.0011636660404079032], [-0.5874240605820242, -0.3925305735251918, 0.5834704890337218], [-0.40473429049578835, -0.38275930538489794, -0.7434933757097942]]	[[0.06423363337845653, 0.015773068195540654, -0.03172598681365898], [0.04436959158566118, -0.016045067319880188, 0.06757655192278661], [0.01894784292970683, -0.08683015911016985, -0.008666525457978299]]	0.2887135645521106	[[0.6930773310038391, -0.693077331003839, 0.0], [-0.5, -0.5000000000000001, 0.7071067811865475], [-0.49007968063948787, -0.490079680639488, -0.6930773310038391]]
7	[[0.08740825448676931, -0.06334395238859675, -0.994156597696443], [0.7119981850616444, -0.6940087028176986, 0.10681996481098455], [-0.6967197295301035, -0.717174639895393, -0.015561310176609944]]	0.9400355728628376	0.05996442713716245	[[0.0821668685794109, -0.05954556857101084, -0.9345425668309455], [0.6693036217717233, -0.6523928685250301, 0.10041456681428203], [-0.6549413300736723, -0.6741696734567652, -0.014628185126365824]]	0.9667835805877827	0.054961294552681755	[[0.06791736523090361, -0.05745165187757053, -0.9433667717693958], [0.6796708494106684, -0.672626158186505, 0.09008196881810046], [-0.6807233138874191, -0.7024567183049089, -0.00740037688209643]]	[[-0.016587500014743326, 0.0037882412212590618, 0.01776750341653917], [-0.008677305315230883, -0.0016699395173279986, -0.013189819240124134], [-0.007146119106154246, -0.009104052040087303, 0.007644042289083631]]	0.11465194316290574	[[0.0, 0.0, -0.988047936], [0.7071067811865475, -0.7071067811865476, 0.0], [-0.698655395682972, -0.6986553956829719, 0.0]]
7	[[-0.42203838922340475, -0.825029846081567, 0.3757783270710803], [0.2588054115689476, 0.28760896992378115, 0.9221175843470338], [-0.8688517462515349, 0.4864224845687207, 0.09214016247897017]]	0.8713089353450657	0.12869106465493443	[[-0.3677258195889912, -0.7188558768172337, 0.3274190140860529], [0.22549946761568138, 0.2505962653799808, 0.803449290680378], [-0.7570382899991259, 0.4238242571574737, 0.08028254687207285]]	0.8811097065971473	0.1931990428769468	[[-0.30029075394247945, -0.6845011222565948, 0.3565786363983208], [0.25738934807262354, 0.23410963592623357, 0.8289519193293695], [-0.7951717708172888, 0.4024301418439711, 0.022245115036725396]]	[[0.0715713673588873, 0.04244068335822449, 0.025476704887154318], [0.02935338781935409, -0.019305419178017084, 0.016465165137284368], [-0.02961806360117976, -0.026161430816629826, -0.058940476490933494]]	0.47951266157956934	[[-0.4920478721279999, -0.492047872128, 0.69586077410024], [0.5, 0.5000000000000001, 0.7071067811865475], [-0.69586077410024, 0.6958607741002399, 0.0]]
7	[[-0.5446221603179724, 0.8109226453022452, -0.2139887049042392], [-0.8354447797583356, -0.5021691245819775, 0.22328947644507607], [0.07361197229480154, 0.30038414347728, 0.9509735242804028]]	0.8841798218490345	0.11582017815096556	[[-0.48154392468498114, 0.717001440056687, -0.18920449497993586], [-0.738683416531431, -0.4440078071109784, 0.19742804950397153], [0.06508622054957369, 0.26559359846601627, 0.8408316012813951]]	0.8841833209323685	0.1157710378973523	[[-0.48166198319140785, 0.7170382979182975, -0.18900695846373936], [-0.7388053197657317, -0.4442126757107889, 0.19739398239386188], [0.0652507430288094, 0.26547849670706414, 0.8409510816451073]]	[[-0.00011615282810231667, 3.402037569717317e-05, 0.00019828528050746023], [-0.00011897994339557054, -0.00020311146819577004, -3.484841859537102e-05], [0.00016426490481028706, -0.0001161528281023167, 0.00011615282810231667]]	0.3824515731297997	[[-0.7014612406455542, 0.701461240645554, 0.0], [-0.7071067811865475, -0.7071067811865476, 0.0], [0.0, 0.0, 0.992016]]
7	[[0.3802729664721569, 0.7767473726770865, -0.5020517802076895], [0.4287143634067757, 0.332951791095048, 0.839849450446521], [0.8195098935212374, -0.5346088512602871, -0.20639019011321075]]	0.8868170705971953	0.11318292940280485	[[0.3372325581541436, 0.6888328296315617, -0.4452280890118901], [0.38019121587933824, 0.29526733202899974, 0.7447928293876483], [0.7267553630979231, -0.4741002553899795, -0.1830303437961958]]	0.8868170705971954	0.11318292940280479	[[0.33723255815414366, 0.688832829631562, -0.4452280890118901], [0.3801912158793383, 0.29526733202899985, 0.7447928293876482], [0.7267553630979231, -0.47410025538997946, -0.18303034379619576]]	[[0.0, 0.0, 0.0], [0.0, 0.0, 0.0], [0.0, 0.0, 0.0]]	0.36739055632855017	[[0.4920478721279999, 0.492047872128, -0.69586077410024], [0.5, 0.5000000000000001, 0.7071067811865475], [0.69586077410024, -0.6958607741002399, 0.0]]
7	[[0.8592155572171323, 0.2624339665249735, -0.4391776855101157], [-0.4266000482917053, 0.8413623931712975, -0.33184593135155627], [0.2824199444684594, 0.4724804086637203, 0.8348660002631537]]	0.8976236147777776	0.1023763852222226	[[0.7712521743425448, 0.23556692567261703, -0.39421626159732814], [-0.38292627741197494, 0.7552267526965015, -0.29787274444908224], [0.2535068114391178, 0.42410957233641017, 0.7493954370112772]]	0.8976236147777775	0.10237638522222249	[[0.7712521743425446, 0.23556692567261703, -0.39421626159732803], [-0.382926277411975, 0.7552267526965019, -0.2978727444490822], [0.2535068114391178, 0.42410957233641033, 0.749395437011277]]	[[0.0, 0.0, 0.0], [0.0, 0.0, 0.0], [0.0, 0.0, 0.0]]	0.41738901810968015	[[0.8366183461414076, -0.14354101513756845, -0.49007968063948787], [-0.14644660940672619, 0.8535533905932737, -0.5], [0.49007968063948787, 0.490079680639488, 0.6930773310038391]]
7	[[0.8787972042104137, -0.3840163418041313, 0.28327887866788265], [-0.395223040501579, -0.9183905790867732, -0.018907472103605397], [0.2674214316928388, -0.09534250611366366, -0.9588511794847616]]	0.8699970780787549	0.13000292192124516	[[0.7645509998868388, -0.3340930953040865, 0.24645179672248407], [-0.34384289042577515, -0.7989971203405484, -0.01644944548399229], [0.2326558641884071, -0.08294770173559321, -0.8341977244641106]]	0.8699970780787549	0.13000292192124524	[[0.7645509998868386, -0.33409309530408654, 0.24645179672248405], [-0.34384289042577526, -0.7989971203405485, -0.016449445483992277], [0.2326558641884071, -0.0829477017355932, -0.8341977244641104]]	[[0.0, 0.0, 0.0], [0.0, 0.0, 0.0], [0.0, 0.0, 0.0]]	0.4697113788490358	[[0.7014612406455542, -0.701461240645554, 0.0], [-0.7071067811865475, -0.7071067811865476, 0.0], [0.0, 0.0, -0.992016]]
7	[[-0.8305561570912853, 0.32773595720904825, 0.4502950280316503], [-0.5100865793185324, -0.772219296347621, -0.37879947194723407], [0.22358030216652452, -0.5443036842615101, 0.808545204538665]]	0.8873323378284708	0.11266766217152933	[[-0.7369793365696408, 0.2908107131007564, 0.399561339935861], [-0.4526163169216411, -0.6852151535443911, -0.3361210210111294], [0.19839003221381812, -0.4829782606444155, 0.7174483065832925]]	0.8873323378284708	0.11266766217152933	[[-0.7369793365696407, 0.29081071310075646, 0.39956133993586107], [-0.452616316921641, -0.6852151535443911, -0.33612102101112945], [0.19839003221381812, -0.4829782606444155, 0.7174483065832926]]	[[0.0, 0.0, 0.0], [0.0, 0.0, 0.0], [0.0, 0.0, 0.0]]	0.3697712377092309	[[-0.6930773310038391, 0.490079680639488, 0.49007968063948787], [-0.7071067811865475, -0.5000000000000001, -0.5], [0.0, -0.693077331003839, 0.6930773310038391]]
7	[[0.04673222253661188, -0.9725397674033924, -0.22799671093185395], [-0.8377629715199755, -0.16246744520517667, 0.5213036857710898], [-0.5440306084466285, 0.16664552219444034, -0.8223502702654952]]	0.9034077137587032	0.09659228624129669	[[0.042218250320663425, -0.8785999278093196, -0.20597398736745012], [-0.7568415307725588, -0.14677434323302604, 0.47094977093644563], [-0.49148144819152495, 0.15054885021380465, -0.742917577569403]]	0.903407713758703	0.09659228624129718	[[0.042218250320663425, -0.8785999278093196, -0.20597398736745012], [-0.7568415307725582, -0.146774343233026, 0.4709497709364455], [-0.49148144819152484, 0.15054885021380462, -0.7429175775694027]]	[[0.0, 0.0, 0.0], [0.0, 0.0, 0.0], [0.0, 0.0, 0.0]]	0.32409288591303853	[[1.9492896548648146e-16, -0.9762387238338601, 0.0], [-0.7071067811865476, -1.3401577416544657e-16, 0.7071067811865475], [-0.6903050216798237, -1.0838427087310311e-16, -0.6903050216798238]]
7	[[-0.3195682178843842, -0.5708200961323295, -0.7563336379995778], [0.910087742671785, 0.03735879733279218, -0.41272826520656647], [0.2638493031197415, -0.8202248094963509, 0.507557688474819]]	0.9125454830324564	0.08745451696754371	[[-0.2916205337511266, -0.5208993003497099, -0.6901888450220197], [0.8304964587383419, 0.03409160175756449, -0.37663331413407397], [0.24077448976318147, -0.748492444977052, 0.4631694759960907]]	0.9125454830324564	0.08745451696754372	[[-0.2916205337511266, -0.52089930034971, -0.6901888450220195], [0.8304964587383421, 0.034091601757564496, -0.376633314134074], [0.2407744897631815, -0.7484924449770521, 0.46316947599609065]]	[[0.0, 0.0, 0.0], [0.0, 0.0, 0.0], [0.0, 0.0, 0.0]]	0.23444940847765988	[[-0.4861668844692622, -0.4861668844692623, -0.6875438015931045], [0.8535533905932738, -0.14644660940672602, -0.5], [0.14239498367271025, -0.8299387852658144, 0.4861668844692622]]
7	[[0.22433838825039393, -0.7661379269479729, -0.6022499185961573], [-0.9416906372873723, -0.011392912655017143, -0.3362869982418849], [0.2507808429735371, 0.642575192824231, -0.724020780340167]]	0.9157712530833252	0.08422874691667483	[[0.20544264692275674, -0.7016070893958062, -0.5515231626221336], [-0.862373214925492, -0.010433301898353878, -0.3079619657756009], [0.2296578868191687, 0.5884518895329054, -0.6630374172704817]]	0.916930342599486	0.08121410899789624	[[0.19680350632055402, -0.7146697459968365, -0.5508644820443953], [-0.8712879445146386, -0.005978470314815989, -0.3208052293277765], [0.23951669221020064, 0.5815472868985492, -0.6727757910425528]]	[[-0.00889916887609632, -0.012174634161971704, 0.0013567421444918516], [-0.007823225843999842, 0.004468036989154934, -0.012453476818092096], [0.009568127945087357, -0.007649404803703825, -0.00889916887609632]]	0.29531251752646337	[[0.14296685107701834, -0.8332718727568419, -0.48811936191692995], [-0.8535533905932738, 0.14644660940672602, -0.5], [0.48811936191692995, 0.48811936191693006, -0.6903050216798238]]
