7	[[-0.42203838922340475, -0.825029846081567, 0.3757783270710803], [0.2588054115689476, 0.28760896992378115, 0.9221175843470338], [-0.8688517462515349, 0.4864224845687207, 0.09214016247897017]]	0.6764395209364908	0.3235604790635092	[[-0.28548344582308816, -0.5580827938417219, 0.2541913115422776], [0.17506620861747024, 0.19455007383228018, 0.6237567770028218], [-0.5877256589992218, 0.32903539243440305, 0.06232724736628502]]	0.8214905584079265	0.2949890124856108	[[-0.26428025354810125, -0.5843587388051803, 0.31530979612348176], [0.26272384019876166, 0.23485057256393502, 0.8291218758481991], [-0.6799708114986656, 0.35009437707591246, 0.023654341759212705]]	[[0.08242029848461535, 0.09339549015557194, 0.006611448380263464], [0.05011763812999359, -0.0014174807418805865, 0.07161098656518576], [0.03378269470321001, -0.049497101394617, -0.05203793176743357]]	0.517174415681871	[[-0.42431949617664066, -0.4243194961766408, 0.6000783862723241], [0.5, 0.5000000000000001, 0.7071067811865475], [-0.6000783862723241, 0.600078386272324, 0.0]]
7	[[0.8787972042104137, -0.3840163418041313, 0.28327887866788265], [-0.395223040501579, -0.9183905790867732, -0.018907472103605397], [0.2674214316928388, -0.09534250611366366, -0.9588511794847616]]	0.7019489911419403	0.29805100885805974	[[0.6168708109138578, -0.2695598837114285, 0.19884732309274034], [-0.2774264145561336, -0.6446633404642228, -0.013272080968170188], [0.1877162041865215, -0.06692557597943048, -0.6730646180945881]]	0.8309133631658104	0.27822186780117525	[[0.6575020895425921, -0.2697713246494313, 0.17137998030991852], [-0.3184094405349512, -0.8544414784722981, -0.032999916256203084], [0.1616241908363309, -0.053952611432662924, -0.7566529170444748]]	[[-0.07270225094859431, 0.04931298542967078, -0.06400022547785142], [0.009986665248833205, -0.0913384737035112, -0.017289445021632585], [-0.06057985035418179, 0.0252687509748982, 0.040069341276712536]]	0.4858318086521694	[[0.6513981088218178, -0.6513981088218178, 0.0], [-0.7071067811865475, -0.7071067811865476, 0.0], [0.0, 0.0, -0.92121604]]
7	[[0.034229894132735264, 0.2773841392786001, 0.9601491309293217], [-0.1827544195208179, -0.9427759796974285, 0.2788803941677556], [0.9825625356654255, -0.18501754344446375, 0.018422055382213542]]	0.8488391189042713	0.15116088109572876	[[0.029055673175817497, 0.2354545083832666, 0.8150121423147473], [-0.15512910044191264, -0.8002651319304764, 0.23672458806503355], [0.8340375170425864, -0.15705012855923128, 0.015637361259043834]]	0.9066791546584088	0.14169253015377697	[[0.0090898660334435, 0.2299857323623015, 0.8398557672000339], [-0.16573395437113725, -0.8260054234175236, 0.25432611219364115], [0.8720358832801136, -0.15606120547423943, 0.0]]	[[-0.021945665442871735, -0.021512684554469984, -0.030691435176969224], [-3.433176991389682e-05, 0.02878990488679386, 0.0014710721588167127], [-0.01883308595603705, 0.011690344412962388, -0.016702893601015758]]	0.35566982037402783	[[0.0, 0.0, 0.9598], [0.0, -1.0, 0.0], [0.9598, 0.0, 0.0]]
7	[[0.3802729664721569, 0.7767473726770865, -0.5020517802076895], [0.4287143634067757, 0.332951791095048, 0.839849450446521], [0.8195098935212374, -0.5346088512602871, -0.20639019011321075]]	0.6870442264460432	0.312955773553957	[[0.2612643460882052, 0.5336597978049252, -0.34493177696865096], [0.2945457281731161, 0.2287526057567219, 0.5770137160131645], [0.5630395408591777, -0.3672999246653318, -0.14179918851238268]]	0.8211266365765262	0.2849834527546967	[[0.3472347273208785, 0.5446116585453191, -0.41951635655358177], [0.4074900989633834, 0.2946327279520358, 0.7145507728733324], [0.614222848867503, -0.41951635655358177, -0.07421814306104754]]	[[0.03498246538061821, -0.09319629905067064, -0.007268266884384363], [0.055461315687130995, 0.02123714358802885, 0.024928018397536604], [-0.05869855364077779, 0.01946521136581815, 0.09525433956900298]]	0.3980991254380014	[[0.42431949617664066, 0.4243194961766408, -0.6000783862723241], [0.5, 0.5000000000000001, 0.7071067811865475], [0.6000783862723241, -0.600078386272324, 0.0]]
7	[[-0.30792515101507295, 0.09349718223056193, 0.9468053539599837], [0.3027085282091916, -0.9338174967034747, 0.1906631317268273], [0.9019698710720718, 0.34531602882779927, 0.2592434992682147]]	0.7313405705103926	0.2686594294896073	[[-0.22519815561786227, 0.06837828259361331, 0.6924371677273887], [0.22138302771887144, -0.6829386207917061, 0.13943968353239602], [0.6596471600930344, 0.2525436215293059, 0.1895952886559267]]	0.8334879680042847	0.2777919854241306	[[-0.238941166471118, 0.07406986051759097, 0.729997170566742], [0.24638707380640798, -0.8488705851098407, 0.11847160929492492], [0.6679465116979038, 0.25455414350239614, 0.16487130595352703]]	[[0.017710741945847666, -0.0038589159138864015, -0.059153700000942236], [-0.005916842268238854, -0.07054493729561387, -0.04044381694140164], [-0.08383452334304413, -0.03326261168459533, -0.0512050314698575]]	0.4244225757069087	[[-0.39088992596264005, -0.11448900861694979, 0.6672908433083306], [0.5, -0.8535533905932737, 0.14644660940672619], [0.5528018346913808, 0.39088992596264016, 0.39088992596264005]]
7	[[0.08740825448676931, -0.06334395238859675, -0.994156597696443], [0.7119981850616444, -0.6940087028176986, 0.10681996481098455], [-0.6967197295301035, -0.717174639895393, -0.015561310176609944]]	0.7792936293182746	0.22070637068172536	[[0.06811669587136981, -0.04936353855227356, -0.774739903129569], [0.5548556497047133, -0.5408365607972725, 0.08324411806120253], [-0.5429492466431611, -0.5588896279791075, -0.012126829884477764]]	0.9107487467808276	0.1510166104818857	[[0.054165501210692274, -0.05416550121069229, -0.847489099413182], [0.6841903975080499, -0.6721677825489832, 0.09026404291473883], [-0.614486863007536, -0.6246897228518498, 0.0]]	[[-0.025441457021432537, 0.0035249240433666163, 0.057937776042744894], [0.035738942752933316, -0.040100226202776555, -0.007022106168037443], [0.02004975751948293, 0.028476181655870673, 0.014172443741615245]]	0.1780327126074566	[[0.0, 0.0, -0.884183155192], [0.7071067811865475, -0.7071067811865476, 0.0], [-0.6252119048471808, -0.6252119048471807, 0.0]]
7	[[-0.5446221603179724, 0.8109226453022452, -0.2139887049042392], [-0.8354447797583356, -0.5021691245819775, 0.22328947644507607], [0.07361197229480154, 0.30038414347728, 0.9509735242804028]]	0.7250557142190687	0.2749442857809314	[[-0.39488140942887956, 0.587964097766036, -0.1551537332691567], [-0.6057440114782725, -0.3641005932825502, 0.16189731082148656], [0.053372781147281625, 0.21779523968900244, 0.6895087878505523]]	0.8185561436874477	0.21488492278202304	[[-0.4562523316919748, 0.653337196992061, -0.10472257013138304], [-0.7564468037817194, -0.431381759159577, 0.19560273494418715], [0.05426521834195894, 0.18083519193723466, 0.7888737371591965]]	[[-0.010448516375368587, -0.010448516375368587, 0.07043919894770224], [-0.0725883465989273, -0.020328137062852088, 0.012827762179316507], [-0.00599031382890104, -0.06504609417238467, 0.010448516375368587]]	0.4049645956501762	[[-0.6513981088218178, 0.6513981088218178, 0.0], [-0.7071067811865475, -0.7071067811865476, 0.0], [0.0, 0.0, 0.92121604]]
7	[[0.8592155572171323, 0.2624339665249735, -0.4391776855101157], [-0.4266000482917053, 0.8413623931712975, -0.33184593135155627], [0.2824199444684594, 0.4724804086637203, 0.8348660002631537]]	0.707983570044964	0.29201642995503596	[[0.6083104976367584, 0.18579893652141127, -0.31093058567153625], [-0.30202582517091553, 0.5956707508189898, -0.23494146718317094], [0.19994868053668038, 0.3345083665020443, 0.5910714113754676]]	0.7897618677018755	0.2729394731118665	[[0.6877103938195963, 0.16378210269038967, -0.2820014594141021], [-0.3407298915911904, 0.7430827406977303, -0.404219510491652], [0.2118975502599151, 0.3761543771777267, 0.6573892503969714]]	[[0.009134710593286213, -0.043478236860784884, 0.06484432974735374], [-0.0038174406906229023, 0.07860680565264669, -0.1421402479581786], [-0.0111469525597553, 0.0030073671789214583, -0.001956081251651411]]	0.47105377219324857	[[0.6952394700024281, -0.11928423485825149, -0.4072618524303397], [-0.14644660940672619, 0.8535533905932737, -0.5], [0.4072618524303397, 0.4072618524303398, 0.5759552351441766]]
7	[[0.04673222253661188, -0.9725397674033924, -0.22799671093185395], [-0.8377629715199755, -0.16246744520517667, 0.5213036857710898], [-0.5440306084466285, 0.16664552219444034, -0.8223502702654952]]	0.6757860087017229	0.32421399129827705	[[0.03158098214577758, -0.6572287677172406, -0.154076987277758], [-0.5661484947615794, -0.10979322633917218, 0.35228973712874184], [-0.36764827349371687, 0.11261671231179524, -0.555732806897502]]	0.7649318763525811	0.3873626747017638	[[-0.01039143130303368, -0.8098722208784905, -0.12812375173476115], [-0.6879768760757178, -0.1495058241062134, 0.2734264599815007], [-0.27490254934817554, 0.03379955585709059, -0.5895350823634943]]	[[-0.0461383979740907, -0.06594555177111092, 0.04627820016055894], [-0.04714527433222891, -0.025229296399207374, -0.12533534652489534], [0.14124380476414042, -0.09367291612085839, 0.03950685288974321]]	0.38342572842904477	[[-0.11448900861694991, -0.6672908433083306, -0.39088992596264005], [-0.8535533905932738, -0.14644660940672602, 0.5], [-0.39088992596264005, 0.39088992596264016, -0.5528018346913808]]
7	[[-0.3195682178843842, -0.5708200961323295, -0.7563336379995778], [0.910087742671785, 0.03735879733279218, -0.41272826520656647], [0.2638493031197415, -0.8202248094963509, 0.507557688474819]]	0.6849114497405625	0.3150885502594376	[[-0.21887593140220146, -0.39096121958304103, -0.5180215684898446], [0.6233295152244482, 0.02558746804176658, -0.28268231447153674], [0.18071340871277924, -0.5617813633853223, 0.347632072240257]]	0.7551485011110577	0.2726557441266588	[[-0.29073047292221726, -0.44607252779831713, -0.5483273203986837], [0.761533800955461, 0.012134175239315224, -0.3374472548321108], [0.19177585413690612, -0.5852503797909951, 0.3934745256540891]]	[[-0.04940901218409266, -0.015018587799918687, 0.022816892676570666], [0.07428240619731663, -0.016077264569854633, -0.025776123995205166], [-0.00746955163316371, 0.03414115567427696, 0.010193097974936413]]	0.3633875547016067	[[-0.3751761509389419, -0.375176150938942, -0.5305792009367872], [0.8535533905932738, -0.14644660940672602, -0.5], [0.10988655047054853, -0.6404657514073356, 0.3751761509389419]]
7	[[0.8489524140446696, -0.5135124485683378, 0.12483895166604869], [0.522794976890395, 0.7815435453534784, -0.34040431673891397], [0.0772347773085365, 0.35425224329800037, 0.9319550081910795]]	0.7671098081160306	0.23289019188396948	[[0.6512397234374474, -0.39392043588645076, 0.095765184257949], [0.40104115440641547, 0.5995297191104292, -0.2611274900954568], [0.0592475552010358, 0.27175037038100247, 0.7149118275062327]]	0.8847745968410909	0.1925628710603483	[[0.7183895747081723, -0.46035979916979003, 0.05509638078360735], [0.5064822929626966, 0.6676929224939278, -0.29577796042503024], [0.02565456598411751, 0.26988986264451775, 0.8023362224591213]]	[[-0.03274195516547096, -0.0060170295148576445, -0.0553579523467853], [0.04392657805394997, -0.02379695275995302, 0.00540313168060939], [-0.04268080297115431, -0.04354352309952261, -0.022233894187176584]]	0.4400561824917112	[[0.6786810885828484, -0.6786810885828483, 0.0], [0.7071067811865475, 0.7071067811865476, 0.0], [0.0, 0.0, 0.9598]]
7	[[-0.8305561570912853, 0.32773595720904825, 0.4502950280316503], [-0.5100865793185324, -0.772219296347621, -0.37879947194723407], [0.22358030216652452, -0.5443036842615101, 0.808545204538665]]	0.6797650240126565	0.3202349759873436	[[-0.5645830260690171, 0.22278344082201962, 0.30609481054271453], [-0.3467390158389959, -0.5249276685247773, -0.2574946321441932], [0.15198206947098453, -0.3699986070022029, 0.549620750378544]]	0.7746792576822839	0.3791674036654341	[[-0.6130846848852957, 0.2434896637094037, 0.19774277750012448], [-0.5666279903355831, -0.6257913007294664, -0.3041900139404245], [0.1781791943768519, -0.27341381198655484, 0.5925861953681634]]	[[0.03032994235363157, -0.010400584337094551, -0.15109144055345755], [-0.17147449771540713, -0.027569029466955795, -0.010741920201900075], [0.004976171862107994, 0.14824696209088398, -0.03377700348642008]]	0.448075860127717	[[-0.5759552351441766, 0.4072618524303398, 0.4072618524303397], [-0.7071067811865475, -0.5000000000000001, -0.5], [0.0, -0.5759552351441766, 0.5759552351441766]]
7	[[0.22433838825039393, -0.7661379269479729, -0.6022499185961573], [-0.9416906372873723, -0.011392912655017143, -0.3362869982418849], [0.2507808429735371, 0.642575192824231, -0.724020780340167]]	0.672500128598418	0.32749987140158204	[[0.1508675949479518, -0.5152278543966372, -0.4050131477043025], [-0.633287074675684, -0.007661735225609589, -0.22615304956364357], [0.16865014914972337, 0.43213189980844857, -0.4869040678866893]]	0.7579732928086987	0.4119267267497829	[[0.20517308054486622, -0.5147086373335045, -0.3716980623129803], [-0.8188682344707466, 0.05339390295976022, -0.20324824428321897], [0.17248438522608459, 0.37169806231298025, -0.4272097247029709]]	[[0.03513057369931891, 0.06600344990088076, 0.08479129157911987], [-0.10509188131891495, 0.062029426479565414, 0.05164831910293558], [-0.01760079609590854, -0.11535677246918666, 0.12157869023338914]]	0.38612481566497303	[[0.11448900861694991, -0.6672908433083306, -0.39088992596264005], [-0.8535533905932738, 0.14644660940672602, -0.5], [0.39088992596264005, 0.39088992596264016, -0.5528018346913808]]
7	[[0.5319609947059123, -0.8460851799387872, 0.03402011756955908], [-0.703274286200726, -0.4190807785627857, 0.5742617690636116], [-0.47161719485230363, -0.3294103357928521, -0.8179645788128509]]	0.7078819907632915	0.29211800923670855	[[0.37656560794084193, -0.5989284615303863, 0.024082228551140727], [-0.4978352017684028, -0.2966597358196548, 0.406509564303999], [-0.33384931877024787, -0.23318364427904856, -0.579022394423898]]	0.7845813496178147	0.2609299259413357	[[0.4450568433506683, -0.644784880463556, 0.005099714751030948], [-0.6075751115859924, -0.3816852199497774, 0.5460200636438355], [-0.3183732553702133, -0.31116116960507134, -0.6417597531845539]]	[[0.02769016818026849, 0.019037771904449295, -0.02159183500585043], [-0.05579922296712158, -0.05288225710610249, 0.0954649898379934], [0.05164879986997493, -0.05271196377065787, 8.551869658872007e-18]]	0.36764473901154116	[[0.5759552351441766, -0.5759552351441766, 0.0], [-0.5, -0.5000000000000001, 0.7071067811865475], [-0.4072618524303397, -0.4072618524303398, -0.5759552351441766]]
