7	[[-0.30792515101507295, 0.09349718223056193, 0.9468053539599837], [0.3027085282091916, -0.9338174967034747, 0.1906631317268273], [0.9019698710720718, 0.34531602882779927, 0.2592434992682147]]	0.8387578322545504	0.16124216774544978	[[-0.2582746321620576, 0.07842149388961478, 0.794140406254478], [0.25389914892570703, -0.7832467392563771, 0.15992019505805746], [0.7565342938193272, 0.28963652378235477, 0.21744251547229188]]	0.8531903806313379	0.25780959786891916	[[-0.2602066279782359, 0.08031167363563452, 0.747324432359391], [0.24327148636867785, -0.8497653064582302, 0.11942714831882832], [0.6837034836444689, 0.26717241531100444, 0.17989495434260142]]	[[0.002512148822276416, 0.0005407771403838236, -0.060480787969516045], [-0.014996518034474382, -0.053041201005589504, -0.04324480161154638], [-0.08584853397351078, -0.027447898762687703, -0.04128910547424672]]	0.38073279888796047	[[-0.4522215227688351, -0.1324526174204851, 0.7719904281171853], [0.5, -0.8535533905932737, 0.14644660940672619], [0.6395378106967002, 0.4522215227688352, 0.4522215227688351]]
7	[[0.8787972042104137, -0.3840163418041313, 0.28327887866788265], [-0.395223040501579, -0.9183905790867732, -0.018907472103605397], [0.2674214316928388, -0.09534250611366366, -0.9588511794847616]]	0.8146035583637542	0.18539644163624613	[[0.7158713296299216, -0.312821078503477, 0.23075998257215138], [-0.32195009513992845, -0.7481242336918343, -0.015402094055260374], [0.21784244983971618, -0.0776663447435084, -0.7810835827495692]]	0.8511103668597252	0.24389176241413582	[[0.6953446771030876, -0.31580074549985865, 0.14835692180366536], [-0.35992648372411035, -0.8405054373160875, -0.025127452632156967], [0.13498802983424876, -0.056575505632082974, -0.8160881791351556]]	[[-0.052608733767738405, 0.011039544053185168, -0.09274466854296776], [-0.02354805673139538, -0.05885369462902852, -0.00903510711366736], [-0.09261712299999618, 0.02457148972364289, 0.0]]	0.47460640389397096	[[0.683825686395778, -0.6838256863957779, 0.0], [-0.7071067811865475, -0.7071067811865476, 0.0], [0.0, 0.0, -0.9670755600000001]]
7	[[0.8489524140446696, -0.5135124485683378, 0.12483895166604869], [0.522794976890395, 0.7815435453534784, -0.34040431673891397], [0.0772347773085365, 0.35425224329800037, 0.9319550081910795]]	0.8514547883679789	0.14854521163202114	[[0.722844598034889, -0.4372326332200766, 0.10629472317089585], [0.4451362864080536, 0.6654489940093059, -0.2898388854684785], [0.06576192096788792, 0.3016297688461807, 0.7935175542678137]]	0.906318217046492	0.15327615551439588	[[0.761269397510232, -0.47288065162141274, 0.05508162030821808], [0.5006534890352486, 0.6737177303708689, -0.28706159146527477], [0.02030609368503441, 0.28599187292873557, 0.8446478013912879]]	[[-0.008151640744048052, -0.007474964803778348, -0.05806219578370833], [0.026834877699083926, -0.03460942219808979, 0.021453041956466974], [-0.04969319197922125, -0.035073388601828195, 0.0]]	0.4321892547797401	[[0.6953688086188509, -0.6953688086188509, 0.0], [0.7071067811865475, 0.7071067811865476, 0.0], [0.0, 0.0, 0.9834]]
7	[[0.3802729664721569, 0.7767473726770865, -0.5020517802076895], [0.4287143634067757, 0.332951791095048, 0.839849450446521], [0.8195098935212374, -0.5346088512602871, -0.20639019011321075]]	0.8072431934556971	0.1927568065443031	[[0.30697276383985517, 0.6270240296281737, -0.4052778823349731], [0.34607675179681185, 0.26877306711036075, 0.677962752400462], [0.661543783514622, -0.4315593563410358, -0.16660707616491668]]	0.8654770251521605	0.22474951620702574	[[0.3339146243848612, 0.6299304533828906, -0.41570184891397316], [0.40052199317507287, 0.3080217501526789, 0.7270647932440637], [0.6695880887439077, -0.4495981021938913, -0.0846140429117345]]	[[0.004797108616751505, -0.04232655201643093, 0.018812432292524207], [0.029479561293774388, 0.019859624476653168, 0.00019438929593188284], [-0.039678895983616576, 0.013093576014875815, 0.09401192484803597]]	0.37402986009480627	[[0.46761756937465676, 0.46761756937465687, -0.6613111086135814], [0.5, 0.5000000000000001, 0.7071067811865475], [0.6613111086135814, -0.6613111086135813, 0.0]]
7	[[-0.8305561570912853, 0.32773595720904825, 0.4502950280316503], [-0.5100865793185324, -0.772219296347621, -0.37879947194723407], [0.22358030216652452, -0.5443036842615101, 0.808545204538665]]	0.824952501543635	0.17504749845636497	[[-0.6851693794649241, 0.27036659774540206, 0.37147200980737105], [-0.4207971996126591, -0.6370442402622356, -0.3124915719662788], [0.18444312956815617, -0.4490246859309496, 0.6670113890952819]]	0.8308868169870115	0.16416736400993404	[[-0.6968834503766879, 0.2790967749797631, 0.37776618780964877], [-0.43443388984136594, -0.6668508424905153, -0.31473948752259806], [0.19220246946825292, -0.44546946700820383, 0.6814053986681505]]	[[-0.006785288682145627, 0.006785288682145632, 0.0036219852633537428], [-0.01060967556359782, -0.02522400933229086, -1.9031677301771796e-18], [0.006432543860115128, 0.006785288682145633, 0.009595847278907015]]	0.39596219869790555	[[-0.6503333442105961, 0.4598551177230376, 0.4598551177230375], [-0.7071067811865475, -0.5000000000000001, -0.5], [0.0, -0.650333344210596, 0.6503333442105961]]
7	[[0.04673222253661188, -0.9725397674033924, -0.22799671093185395], [-0.8377629715199755, -0.16246744520517667, 0.5213036857710898], [-0.5440306084466285, 0.16664552219444034, -0.8223502702654952]]	0.8067989184741488	0.19320108152585125	[[0.037703506600431695, -0.7846440325141572, -0.18394749979548292], [-0.6759062593600053, -0.13107855907879454, 0.42058724987670276], [-0.43892330651157296, 0.13444942707503427, -0.6634713086571254]]	0.8207690359537432	0.16802555999101368	[[0.06852968177146865, -0.8284038478504782, -0.14446112151381024], [-0.7455224135498805, -0.1432844637239643, 0.46179428481283585], [-0.4553610389970098, 0.08526840450624512, -0.7051329590742288]]	[[0.030173320532117954, -0.03017332053211796, 0.04267151911835179], [-0.057912507057687, -0.009936215349043901, 0.033924361203365457], [-0.008837560972942072, -0.05150908009129386, -0.030173320532117954]]	0.35174911262132347	[[1.8059327386208507e-16, -0.9044430455376704, 0.0], [-0.7071067811865476, -1.3401577416544657e-16, 0.7071067811865475], [-0.6395378106967001, -1.0041334936180206e-16, -0.6395378106967002]]
7	[[0.5319609947059123, -0.8460851799387872, 0.03402011756955908], [-0.703274286200726, -0.4190807785627857, 0.5742617690636116], [-0.47161719485230363, -0.3294103357928521, -0.8179645788128509]]	0.8257792673977906	0.17422073260220944	[[0.4392823604924482, -0.6986796000459794, 0.028093107763377215], [-0.5807493248385396, -0.34606821830207285, 0.47421346295190836], [-0.3894517016573364, -0.2720202257642816, -0.6754581906494185]]	0.8614492810077856	0.18428847247105465	[[0.5160696463084375, -0.7084694497183689, 0.0054920179347035065], [-0.5991947828785779, -0.38963506735348336, 0.5668241739230082], [-0.37029770057329375, -0.36766235543659104, -0.7045860065943421]]	[[0.057812229894843026, 0.020390020211242168, -0.023814587885393496], [0.006640345320301212, -0.02861823197638859, 0.07212678585290101], [0.03597659284313189, -0.08389205851130538, 4.899171382463815e-05]]	0.31343028291113595	[[0.6503333442105961, -0.650333344210596, 0.0], [-0.5, -0.5000000000000001, 0.7071067811865475], [-0.4598551177230375, -0.4598551177230376, -0.6503333442105961]]
7	[[0.034229894132735264, 0.2773841392786001, 0.9601491309293217], [-0.1827544195208179, -0.9427759796974285, 0.2788803941677556], [0.9825625356654255, -0.18501754344446375, 0.018422055382213542]]	0.8811778150211611	0.11882218497883906	[[0.030162623320289322, 0.2444247497710423, 0.8460621132867663], [-0.16103914007881492, -0.8307532778442145, 0.245743216384983], [0.8658123082993112, -0.16303335467297533, 0.016233106509897746]]	0.9254635894101654	0.12430101324946219	[[0.009858655820819963, 0.2400824606410502, 0.872543507725469], [-0.16424007480026284, -0.8272885988173325, 0.2527221323113936], [0.906267249399998, -0.16274973506418777, 0.0]]	[[-0.021819864868391173, -0.016626460541172314, -0.016039553353432028], [0.004892486270044497, 0.045216243363134886, -0.0053715182912192185], [-0.00305860167688061, 0.00847726479577688, -0.017048941498336204]]	0.34538657205155	[[0.0, 0.0, 0.9834], [0.0, -1.0, 0.0], [0.9834, 0.0, 0.0]]
7	[[0.08740825448676931, -0.06334395238859675, -0.994156597696443], [0.7119981850616444, -0.6940087028176986, 0.10681996481098455], [-0.6967197295301035, -0.717174639895393, -0.015561310176609944]]	0.8940997834689641	0.10590021653103582	[[0.07815170141002056, -0.05663581411471273, -0.888875198734632], [0.6365974230939118, -0.6205130309148812, 0.09550770740766366], [-0.6229369593114208, -0.6412256902399032, -0.013913364059400338]]	0.9436258981271041	0.08906221964672227	[[0.06958707781405724, -0.06152670526672794, -0.9078316362777141], [0.6777341979658438, -0.660241759857493, 0.10522593210318884], [-0.652351120704516, -0.6721114570367994, 0.0]]	[[-0.012893614829742928, -0.0017537113031178232, 0.030280276102577986], [0.005874271122181611, -0.005357174353115597, 0.004427846870517903], [0.00509165981620084, 0.004633106648473422, 0.014684055291438002]]	0.13452079861767482	[[0.0, 0.0, -0.9510221057040001], [0.7071067811865475, -0.7071067811865476, 0.0], [-0.6724741800016082, -0.6724741800016081, 0.0]]
7	[[-0.42203838922340475, -0.825029846081567, 0.3757783270710803], [0.2588054115689476, 0.28760896992378115, 0.9221175843470338], [-0.8688517462515349, 0.4864224845687207, 0.09214016247897017]]	0.7936950107777845	0.20630498922221555	[[-0.3349697638833092, -0.6548220725777032, 0.2982533833547389], [0.20541256392456475, 0.22827380448344298, 0.7318801260467037], [-0.6896032961054088, 0.3860710991323275, 0.07313118725181306]]	0.8604279541199276	0.22796768576592943	[[-0.28670240012823933, -0.6485327386210744, 0.3411214653897911], [0.2579130011175389, 0.23346022581256878, 0.8305520377944061], [-0.7538923556000271, 0.38258932792112427, 0.02286909470514963]]	[[0.07643122767132446, 0.061346003930767015, 0.017791288225412434], [0.03522959032610344, -0.014006571765490063, 0.037136291236677985], [-0.006308025139292402, -0.03594217531427212, -0.05641087678890837]]	0.4905184266942855	[[-0.46761756937465676, -0.46761756937465687, 0.6613111086135814], [0.5, 0.5000000000000001, 0.7071067811865475], [-0.6613111086135814, 0.6613111086135813, 0.0]]
7	[[0.8592155572171323, 0.2624339665249735, -0.4391776855101157], [-0.4266000482917053, 0.8413623931712975, -0.33184593135155627], [0.2824199444684594, 0.4724804086637203, 0.8348660002631537]]	0.8277889056353086	0.17221109436469156	[[0.7112491058136017, 0.217239925951241, -0.36354641566786644], [-0.3531347871193604, 0.6964704546859725, -0.2746983803530346], [0.23378409676113066, 0.39111404042186454, 0.6910928127099631]]	0.850327714484585	0.18802919470359727	[[0.7443504116617234, 0.16118002095723363, -0.34476888516125886], [-0.35581538494715803, 0.7545090868126322, -0.3867197534463264], [0.2681218464789187, 0.3952462375261312, 0.7199014362218121]]	[[0.013735610643680134, -0.06197485400107117, 0.02867607241118769], [0.006934459115741296, 0.03907532597400204, -0.1045419610791492], [0.027972340574190117, -0.00651694851163285, 0.00999173831715777]]	0.43262741578855357	[[0.7850217898283357, -0.13468844561773957, -0.4598551177230375], [-0.14644660940672619, 0.8535533905932737, -0.5], [0.4598551177230375, 0.4598551177230376, 0.6503333442105961]]
7	[[-0.3195682178843842, -0.5708200961323295, -0.7563336379995778], [0.910087742671785, 0.03735879733279218, -0.41272826520656647], [0.2638493031197415, -0.8202248094963509, 0.507557688474819]]	0.8089495528346031	0.19105044716539687	[[-0.25851456695772357, -0.4617646615152531, -0.611835758253527], [0.736215072474594, 0.03022138239680079, -0.33387634558105345], [0.21344077577443651, -0.6635204928659205, 0.4105885651294696]]	0.8259275368244418	0.18885466990519997	[[-0.2909312561351387, -0.49789646354883843, -0.6251356448473764], [0.7889600310963141, 0.0070898484046981215, -0.30493163010383817], [0.18297225333743872, -0.66657468724286, 0.4417790897776983]]	[[-0.02699106509051288, -0.02644042758037251, -0.00045886619691606206], [0.03729350349729001, -0.023765811055098493, 0.03595200935604622], [-0.03494815168109488, 0.010871569306758025, 0.022573218339383735]]	0.2754485314376297	[[-0.4447146454908725, -0.4447146454908726, -0.628921483039135], [0.8535533905932738, -0.14644660940672602, -0.5], [0.1302539039713052, -0.7591753870104401, 0.4447146454908725]]
7	[[0.22433838825039393, -0.7661379269479729, -0.6022499185961573], [-0.9416906372873723, -0.011392912655017143, -0.3362869982418849], [0.2507808429735371, 0.642575192824231, -0.724020780340167]]	0.8180162246478195	0.18198377535218047	[[0.18351244140016398, -0.6267132545614877, -0.4926502047044853], [-0.7703182199000155, -0.0093195873977995, -0.27508822069997463], [0.20514279838321053, 0.5256369332864222, -0.5922607453004316]]	0.8302949266976648	0.16344049558214802	[[0.17534950143762268, -0.6997524280208629, -0.4627702928567184], [-0.8534234576186658, -0.021734229827226483, -0.3211260141594864], [0.2454968207916442, 0.49625216346598017, -0.6538652506752095]]	[[-0.01091752419021039, -0.06363199412529486, 0.037274759157752614], [-0.07154249896026964, -0.012274752249456148, -0.0419086256048629], [0.037274759157752614, -0.03727475915775262, -0.05271446993508448]]	0.32248042507432756	[[0.13245261742048525, -0.7719904281171852, -0.4522215227688351], [-0.8535533905932738, 0.14644660940672602, -0.5], [0.4522215227688351, 0.4522215227688352, -0.6395378106967002]]
7	[[-0.5446221603179724, 0.8109226453022452, -0.2139887049042392], [-0.8354447797583356, -0.5021691245819775, 0.22328947644507607], [0.07361197229480154, 0.30038414347728, 0.9509735242804028]]	0.8279904717114688	0.17200952828853133	[[-0.4509419594261972, 0.671436223605318, -0.17718060871458735], [-0.6917403172809884, -0.4157912503415668, 0.18488155892996544], [0.06095001166398431, 0.24871520865239857, 0.7873970169540487]]	0.8666509121812606	0.15852272301716844	[[-0.48588591075536214, 0.6910239318910493, -0.13497282069226105], [-0.7585987196213886, -0.4476420130386607, 0.1990939322245125], [0.06379588293675144, 0.22223699593686258, 0.8407973509677761]]	[[-0.013888618721662777, -0.011762918368582488, 0.050480685609484495], [-0.03455973916675475, -0.012436683150424935, 0.005579903782911199], [9.054950082852489e-18, -0.0380911960125088, 0.016635278689936958]]	0.38959431655355015	[[-0.683825686395778, 0.6838256863957779, 0.0], [-0.7071067811865475, -0.7071067811865476, 0.0], [0.0, 0.0, 0.9670755600000001]]
