7	[[-0.42203838922340475, -0.825029846081567, 0.3757783270710803], [0.2588054115689476, 0.28760896992378115, 0.9221175843470338], [-0.8688517462515349, 0.4864224845687207, 0.09214016247897017]]	0.8555175103639648	0.14448248963603527	[[-0.36106123202642526, -0.7058274798956672, 0.32148493882458634], [0.22141256137418724, 0.24605450990753774, 0.7888877400234077], [-0.7433178828284964, 0.4161429529832861, 0.07882752240853978]]	0.8754443800723218	0.2033855126123827	[[-0.2957424149579601, -0.6745836349023199, 0.34883190217906296], [0.254942098845046, 0.23172080215691843, 0.8299579810126597], [-0.7837267808168754, 0.3960683403974732, 0.022174593805045644]]	[[0.07372872106244467, 0.047684107241720626, 0.019858877591706955], [0.028372355754706598, -0.020064854221245158, 0.022695324030183935], [-0.023095402444946053, -0.029767490059029032, -0.058488993616119415]]	0.482371242638299	[[-0.4849724037161086, -0.4849724037161087, 0.685854550712001], [0.5, 0.5000000000000001, 0.7071067811865475], [-0.685854550712001, 0.6858545507120009, 0.0]]
7	[[0.8592155572171323, 0.2624339665249735, -0.4391776855101157], [-0.4266000482917053, 0.8413623931712975, -0.33184593135155627], [0.2824199444684594, 0.4724804086637203, 0.8348660002631537]]	0.8915669287292621	0.108433071270738	[[0.7660481754644801, 0.23397744552890862, -0.3915563002366796], [-0.3803424948511905, 0.7501308848280356, -0.29586285782640853], [0.2517962825016331, 0.4212479068370597, 0.7443389157551032]]	0.8917253990519906	0.10811968358017573	[[0.7661843356311256, 0.2340190335242787, -0.3921898523680312], [-0.38041009829851924, 0.7508591070035607, -0.29591544555824595], [0.25240499318317167, 0.4213227809599035, 0.7444712172395997]]	[[0.0, 0.0, -0.0005639555017936946], [0.0, 0.0005948912055477448, 0.0], [0.0005639555017936946, 0.0, 0.0]]	0.42123744518215883	[[0.8216076415111612, -0.14096558538457138, -0.48128661344786616], [-0.14644660940672619, 0.8535533905932737, -0.5], [0.48128661344786616, 0.4812866134478663, 0.6806420561265898]]
7	[[0.08740825448676931, -0.06334395238859675, -0.994156597696443], [0.7119981850616444, -0.6940087028176986, 0.10681996481098455], [-0.6967197295301035, -0.717174639895393, -0.015561310176609944]]	0.9345445344681288	0.0654554655318715	[[0.08168690649800957, -0.059197744496372454, -0.9290836147826409], [0.6653940124005873, -0.6485820400915961, 0.09982801428618346], [-0.6511156152884711, -0.6702316399733877, -0.014542737374714095]]	0.961582358265585	0.0609138121525682	[[0.06461015195242392, -0.06336856633477798, -0.938450169299942], [0.682879568225517, -0.6688872513369215, 0.09420386856856264], [-0.6795150634650593, -0.6936102215189073, 0.0]]	[[-0.01944008352884214, -0.002458139215088209, 0.017513276398294066], [-0.0017653256468756462, -0.0015407262246395392, -0.008512325104230663], [-0.009561662893341814, -0.003987740000023547, 0.014963481337326837]]	0.12004039830856474	[[0.0, 0.0, -0.9773728410239998], [0.7071067811865475, -0.7071067811865476, 0.0], [-0.6911069636356317, -0.6911069636356316, 0.0]]
7	[[0.8489524140446696, -0.5135124485683378, 0.12483895166604869], [0.522794976890395, 0.7815435453534784, -0.34040431673891397], [0.0772347773085365, 0.35425224329800037, 0.9319550081910795]]	0.8780887882140432	0.12191121178595676	[[0.7454555964998707, -0.4509095236961978, 0.10961968379035222], [0.45906040774207557, 0.6862646246759431, -0.2989052139881024], [0.0678189920148343, 0.3110649230396476, 0.8183392438125138]]	0.9184809639955166	0.13820002206816887	[[0.7740227874738467, -0.48323461311486954, 0.05963379351326489], [0.5041668936275412, 0.6712082284416712, -0.2896066604652527], [0.024428192844056007, 0.2969150686522038, 0.8572391958573133]]	[[-0.005723844164222281, -0.011583204330124492, -0.0550284071571572], [0.02398965928123731, -0.04662464049906534, 0.02304822452134019], [-0.04651047987226766, -0.028458873269717935, 0.0012562615335210293]]	0.42934006829369536	[[0.7017327696495298, -0.7017327696495297, 0.0], [0.7071067811865475, 0.7071067811865476, 0.0], [0.0, 0.0, 0.9924]]
7	[[-0.30792515101507295, 0.09349718223056193, 0.9468053539599837], [0.3027085282091916, -0.9338174967034747, 0.1906631317268273], [0.9019698710720718, 0.34531602882779927, 0.2592434992682147]]	0.8863095691647344	0.11369043083526573	[[-0.2729170079311551, 0.082867447300886, 0.8391626453511369], [0.2682934652195795, -0.8276513831817474, 0.1689865581364033], [0.7994245278294589, 0.30605690073604375, 0.22976999414516952]]	0.8863722737108369	0.11142180587590589	[[-0.2831332337085487, 0.08287330999925961, 0.8392220143511047], [0.2683124464204421, -0.8353157678390775, 0.17660434363659355], [0.7994810854408226, 0.31328886311152987, 0.23699655938175773]]	[[-0.010196917470565671, 0.0, 0.0], [0.0, -0.0076058300550568185, 0.007605830055056817], [0.0, 0.007210309490636563, 0.007210309490636565]]	0.3711631889868469	[[-0.47762883518566235, -0.13989424693564864, 0.8153634234356764], [0.5, -0.8535533905932737, 0.14644660940672619], [0.6754691765000277, 0.47762883518566246, 0.47762883518566235]]
7	[[-0.5446221603179724, 0.8109226453022452, -0.2139887049042392], [-0.8354447797583356, -0.5021691245819775, 0.22328947644507607], [0.07361197229480154, 0.30038414347728, 0.9509735242804028]]	0.8693427098763649	0.13065729012363506	[[-0.47346330470954606, 0.7049696899671642, -0.18602952060438507], [-0.7262878287871745, -0.4365570675803382, 0.1941150785396372], [0.06399403147410665, 0.26113676529442936, 0.8267219006186025]]	0.8706892391561216	0.1333425553838935	[[-0.4744965198121192, 0.7057617556353809, -0.17163644442294165], [-0.7376491040810349, -0.4480785291740857, 0.19441574435753206], [0.07447434112240661, 0.2511600523665318, 0.8284264880533524]]	[[-0.00029986541730052347, -0.0002998654173005234, 0.014681218238134229], [-0.010236324436296067, -0.01084527616410806, 0.0], [0.010381188972264331, -0.01038118897226433, 0.000424073740033068]]	0.38440771428416104	[[-0.6963996006001933, 0.6963996006001932, 0.0], [-0.7071067811865475, -0.7071067811865476, 0.0], [0.0, 0.0, 0.9848577599999999]]
7	[[0.22433838825039393, -0.7661379269479729, -0.6022499185961573], [-0.9416906372873723, -0.011392912655017143, -0.3362869982418849], [0.2507808429735371, 0.642575192824231, -0.724020780340167]]	0.8904863295925509	0.10951367040744911	[[0.199770267939802, -0.6822353505295463, -0.5362953195081047], [-0.8385626392097023, -0.010145232973534783, -0.29945897475411276], [0.22331691239163093, 0.5722044249452752, -0.6447306072338499]]	0.8986299096699963	0.09786746713354764	[[0.1877484150220141, -0.7169317668772803, -0.532173230370429], [-0.8696919222775252, -0.00647532903942203, -0.3266703314865412], [0.24529700995309744, 0.560105920383355, -0.6725305062598699]]	[[-0.013848770546950065, -0.02845731078926511, 0.009026559576398498], [-0.0234605499548927, 0.0037626830306342236, -0.024472776633241853], [0.019937843684822276, -0.017331367100464186, -0.021903777823585234]]	0.3023282355736718	[[0.1398942469356488, -0.8153634234356762, -0.47762883518566235], [-0.8535533905932738, 0.14644660940672602, -0.5], [0.47762883518566235, 0.47762883518566246, -0.6754691765000277]]
7	[[0.034229894132735264, 0.2773841392786001, 0.9601491309293217], [-0.1827544195208179, -0.9427759796974285, 0.2788803941677556], [0.9825625356654255, -0.18501754344446375, 0.018422055382213542]]	0.8915600537637701	0.1084399462362298	[[0.03051800625330961, 0.2473046181284458, 0.8560306107925834], [-0.162936540093547, -0.8405414031462305, 0.24863861921786562], [0.8760135071241332, -0.16495425098058678, 0.016424368687005458]]	0.9323141620528591	0.12273759790651517	[[0.011614989880271515, 0.24318834857539381, 0.8851939470251715], [-0.16340211954833733, -0.8279595916321691, 0.2519401676094855], [0.9193042073450884, -0.1656499818302082, 0.0]]	[[-0.020298025185247644, -0.015420812802887802, -0.009966685422979906], [0.006982413948670657, 0.05100380588300248, -0.008063973391996588], [0.003247240241644827, 0.006844494151295462, -0.017175143126959787]]	0.3415721320483161	[[0.0, 0.0, 0.9924], [0.0, -1.0, 0.0], [0.9924, 0.0, 0.0]]
7	[[-0.3195682178843842, -0.5708200961323295, -0.7563336379995778], [0.910087742671785, 0.03735879733279218, -0.41272826520656647], [0.2638493031197415, -0.8202248094963509, 0.507557688474819]]	0.8841541925317453	0.1158458074682547	[[-0.28254757964237653, -0.5046929811767731, -0.6687155569901141], [0.8046578932550109, 0.033030937289732, -0.3649154260587398], [0.23328346754989873, -0.7252052041347508, 0.4487592582167326]]	0.8855944098521641	0.10805323098000338	[[-0.29273924488955494, -0.4957836686013402, -0.6835671444967274], [0.823492466550221, 0.03609135926349333, -0.37577507763085977], [0.2308132016720819, -0.742999075027326, 0.43975883402606003]]	[[-0.009731417564725856, 0.009731417564725859, -0.013762302701151067], [0.017523849165113566, 0.0030066171867726057, -0.010265233175943087], [-0.0028502662141503287, -0.01661256891530139, -0.009731417564725856]]	0.2454576669919764	[[-0.47399885603825126, -0.47399885603825137, -0.6703356107586274], [0.8535533905932738, -0.14644660940672602, -0.5], [0.13883105065893786, -0.809166661417565, 0.47399885603825126]]
7	[[0.3802729664721569, 0.7767473726770865, -0.5020517802076895], [0.4287143634067757, 0.332951791095048, 0.839849450446521], [0.8195098935212374, -0.5346088512602871, -0.20639019011321075]]	0.8736059741200021	0.12639402587999818	[[0.3322087353064116, 0.6785711451527184, -0.43859543450701977], [0.37452742906321285, 0.29086867379458886, 0.7336974972714813], [0.7159287388305995, -0.4670374862784184, -0.18030370308266386]]	0.8784761972021483	0.20660142420765004	[[0.3431318350067199, 0.6478584991002998, -0.4410405386754198], [0.4041168067621768, 0.30196254029585756, 0.7209601727569994], [0.6961681212463692, -0.4530421070550027, -0.08884902520310986]]	[[0.009071085521479439, -0.03449557903582675, -1.4282183456267425e-18], [0.02750144311065274, 0.009472317003035712, -0.016827578693574558], [-0.023751813583704873, 0.016599043590743243, 0.09245984414737193]]	0.36874587160289035	[[0.4849724037161086, 0.4849724037161087, -0.685854550712001], [0.5, 0.5000000000000001, 0.7071067811865475], [0.685854550712001, -0.6858545507120009, 0.0]]
7	[[0.8787972042104137, -0.3840163418041313, 0.28327887866788265], [-0.395223040501579, -0.9183905790867732, -0.018907472103605397], [0.2674214316928388, -0.09534250611366366, -0.9588511794847616]]	0.8606442899021989	0.13935571009780112	[[0.7563317957857092, -0.33050147180285666, 0.243802349375411], [-0.3401464530454695, -0.7904076077910053, -0.016272607902453103], [0.23015472818391258, -0.08205598347169013, -0.8252297924895488]]	0.8606442899021991	0.13935571009780118	[[0.7563317957857091, -0.3305014718028566, 0.2438023493754111], [-0.34014645304546953, -0.7904076077910052, -0.016272607902453114], [0.2301547281839127, -0.08205598347169013, -0.8252297924895488]]	[[0.0, 0.0, 0.0], [0.0, 0.0, 0.0], [0.0, 0.0, 0.0]]	0.4710242275855689	[[0.6963996006001933, -0.6963996006001932, 0.0], [-0.7071067811865475, -0.7071067811865476, 0.0], [0.0, 0.0, -0.9848577599999999]]
7	[[-0.8305561570912853, 0.32773595720904825, 0.4502950280316503], [-0.5100865793185324, -0.772219296347621, -0.37879947194723407], [0.22358030216652452, -0.5443036842615101, 0.808545204538665]]	0.8774075980761407	0.12259240192385931	[[-0.7287362828608144, 0.2875580190179759, 0.3950922789708787], [-0.4475538403707484, -0.6775510779964137, -0.33236153483373304], [0.19617105590106806, -0.47757618823188563, 0.7094237058502518]]	0.8774075980761407	0.12259240192385944	[[-0.7287362828608143, 0.28755801901797584, 0.39509227897087873], [-0.44755384037074825, -0.6775510779964135, -0.3323615348337331], [0.19617105590106804, -0.47757618823188563, 0.7094237058502518]]	[[0.0, 0.0, 0.0], [0.0, 0.0, 0.0], [0.0, 0.0, 0.0]]	0.37710340732300907	[[-0.6806420561265898, 0.4812866134478663, 0.48128661344786616], [-0.7071067811865475, -0.5000000000000001, -0.5], [0.0, -0.6806420561265897, 0.6806420561265898]]
7	[[0.5319609947059123, -0.8460851799387872, 0.03402011756955908], [-0.703274286200726, -0.4190807785627857, 0.5742617690636116], [-0.47161719485230363, -0.3294103357928521, -0.8179645788128509]]	0.8845923650230754	0.11540763497692468	[[0.47056863440693064, -0.7484404903330261, 0.03009393625921935], [-0.6221110640902153, -0.3707156570445663, 0.5079875764383153], [-0.41718896977994785, -0.2913938680020445, -0.7235652212771635]]	0.8877827729811925	0.15694519966335327	[[0.5363396282673676, -0.7338271869048871, 0.00010789797887408518], [-0.5895376769826616, -0.39388496730567674, 0.5803709881292664], [-0.39510235335220734, -0.37924938816692766, -0.7337192889260131]]	[[0.0640738212695193, 0.017312660319460597, -0.03009457633417526], [0.0348171189869877, -0.021832271610089642, 0.07055128237288817], [0.02359126767938219, -0.08680456680808364, -0.007544426947147157]]	0.295349059112907	[[0.6806420561265898, -0.6806420561265897, 0.0], [-0.5, -0.5000000000000001, 0.7071067811865475], [-0.48128661344786616, -0.4812866134478663, -0.6806420561265898]]
7	[[0.04673222253661188, -0.9725397674033924, -0.22799671093185395], [-0.8377629715199755, -0.16246744520517667, 0.5213036857710898], [-0.5440306084466285, 0.16664552219444034, -0.8223502702654952]]	0.8746890868100399	0.1253109131899599	[[0.0408761650551527, -0.8506699210365221, -0.19942623488067598], [-0.732782128522073, -0.14210850128287628, 0.4559786448578226], [-0.4758576360988919, 0.14576301962923724, -0.7193008069365157]]	0.8783444732203081	0.11710750150106676	[[0.048916268629375, -0.862094208928774, -0.18913080952779335], [-0.7500150796796716, -0.14513367380820325, 0.46618515877165884], [-0.48015113671901355, 0.13293847344755416, -0.7301760941819648]]	[[0.007869279243040329, -0.00786927924304033, 0.01112884143160872], [-0.014170603776478947, -0.002431291234012986, 0.008300947505245968], [-0.0023048585272359735, -0.01343369995884469, -0.007869279243040329]]	0.3314080417194877	[[-1.9073960591036557e-16, -0.9552576703713249, 0.0], [-0.7071067811865476, 1.3401577416544657e-16, 0.7071067811865475], [-0.6754691765000276, 1.0605490600960331e-16, -0.6754691765000277]]
