7	[[-0.30792515101507295, 0.09349718223056193, 0.9468053539599837], [0.3027085282091916, -0.9338174967034747, 0.1906631317268273], [0.9019698710720718, 0.34531602882779927, 0.2592434992682147]]	0.8993143982000459	0.10068560179995413	[[-0.2769215218757786, 0.0840833621710778, 0.8514756871091043], [0.27223013787647077, -0.8397955200765588, 0.17146609956784778], [0.8111544917977532, 0.31054767665410193, 0.23314141153166854]]	0.8993143982000457	0.10068560179995428	[[-0.27692152187577856, 0.08408336217107781, 0.851475687109104], [0.2722301378764707, -0.8397955200765587, 0.17146609956784772], [0.8111544917977531, 0.3105476766541019, 0.23314141153166854]]	[[0.0, 0.0, 0.0], [0.0, 0.0, 0.0], [0.0, 0.0, 0.0]]	0.36901462644205607	[[-0.48753156144985393, -0.14279468830619624, 0.832268434593512], [0.5, -0.8535533905932737, 0.14644660940672619], [0.6894737462873156, 0.48753156144985405, 0.48753156144985393]]
7	[[0.8489524140446696, -0.5135124485683378, 0.12483895166604869], [0.522794976890395, 0.7815435453534784, -0.34040431673891397], [0.0772347773085365, 0.35425224329800037, 0.9319550081910795]]	0.8849259655302218	0.11507403446977849	[[0.7512600346876918, -0.45442049936112466, 0.11047322983885882], [0.46263484969908275, 0.6916081764758395, -0.3012326186608389], [0.06834705988226833, 0.31348700844173, 0.8247111854542164]]	0.9224255492244029	0.13487478095148084	[[0.7773829120667701, -0.48872590540984223, 0.06681868273509547], [0.510081467640329, 0.6688198309724764, -0.28945818801493206], [0.024071075174072677, 0.3031075502989168, 0.8616028821185671]]	[[-0.005712484723767027, -0.015048903005625294, -0.048335955820058174], [0.027842023950447367, -0.05209590309299281, 0.024539450811318284], [-0.047172256703978566, -0.02366376978921809, 0.0019437718354777113]]	0.42828612434798924	[[0.7041369327055641, -0.704136932705564, 0.0], [0.7071067811865475, 0.7071067811865476, 0.0], [0.0, 0.0, 0.9958]]
7	[[0.08740825448676931, -0.06334395238859675, -0.994156597696443], [0.7119981850616444, -0.6940087028176986, 0.10681996481098455], [-0.6967197295301035, -0.717174639895393, -0.015561310176609944]]	0.9397166342925866	0.060283365707413564	[[0.08213899071569673, -0.05952536574140198, -0.9342254919470704], [0.6690765380885586, -0.6521715223816115, 0.10038049780743091], [-0.65471911927927, -0.6739409388024966, -0.014623222024346865]]	0.9664839819567437	0.05537971021677899	[[0.06772416315914964, -0.05758025489169873, -0.9429907654595732], [0.6797899486844604, -0.672631412045039, 0.09010790619529759], [-0.6805963882479559, -0.7019810696594315, -0.0071728263236488345]]	[[-0.01675451469311154, 0.0036406604457106468, 0.01784566177065346], [-0.008344892359892005, -0.0018831174331554188, -0.013131878747701992], [-0.007227929743876133, -0.00884326793493848, 0.007866930700305141]]	0.11494486128350456	[[0.0, 0.0, -0.9874528459120001], [0.7071067811865475, -0.7071067811865476, 0.0], [-0.6982346034463304, -0.6982346034463303, 0.0]]
7	[[0.5319609947059123, -0.8460851799387872, 0.03402011756955908], [-0.703274286200726, -0.4190807785627857, 0.5742617690636116], [-0.47161719485230363, -0.3294103357928521, -0.8179645788128509]]	0.894963506128971	0.10503649387102912	[[0.47608567694585824, -0.7572153591217782, 0.030446763698972413], [-0.629404820948551, -0.37506200293380954, 0.5139433262769952], [-0.42208017825572774, -0.29481022907629256, -0.7320484473436562]]	0.8979115169627447	0.14730344870076356	[[0.5421128344928948, -0.7436826921706997, -0.0009236510719852587], [-0.5873816429103472, -0.39261991412455954, 0.5835304766802918], [-0.40429912664897194, -0.38286983590219387, -0.7430295722342487]]	[[0.06445893077149857, 0.01602693522783377, -0.031470706446118976], [0.04409643825303832, -0.016322456515320456, 0.06789422048667505], [0.019171384206574486, -0.08708850158722689, -0.008569756450609072]]	0.2890717987807266	[[0.6923817496357859, -0.6923817496357858, 0.0], [-0.5, -0.5000000000000001, 0.7071067811865475], [-0.4895878303372705, -0.4895878303372706, -0.6923817496357859]]
7	[[0.034229894132735264, 0.2773841392786001, 0.9601491309293217], [-0.1827544195208179, -0.9427759796974285, 0.2788803941677556], [0.9825625356654255, -0.18501754344446375, 0.018422055382213542]]	0.8953310014119448	0.10466899858805534	[[0.030647085392086725, 0.2483506191960994, 0.859651282899758], [-0.1636256974420325, -0.8440965620096261, 0.2496902625843745], [0.879718699007185, -0.16565194245090972, 0.016493837293423554]]	0.9348678525446269	0.1223309926233271	[[0.012297131958962707, 0.24471634531509537, 0.8898401267196933], [-0.16308813391934385, -0.8280666664643617, 0.25199565172641086], [0.9242393786876538, -0.16676284351424978, 0.0]]	[[-0.01970329566173744, -0.014601169302229211, -0.007772429434791442], [0.007763097801122952, 0.05330428910602988, -0.008720663485997853], [0.005673250979314325, 0.006204110008758278, -0.01722218735462816]]	0.34014640446825867	[[0.0, 0.0, 0.9958], [0.0, -1.0, 0.0], [0.9958, 0.0, 0.0]]
7	[[-0.8305561570912853, 0.32773595720904825, 0.4502950280316503], [-0.5100865793185324, -0.772219296347621, -0.37879947194723407], [0.22358030216652452, -0.5443036842615101, 0.808545204538665]]	0.8867885520288545	0.11321144797114555	[[-0.7365276919256306, 0.2906324949412026, 0.3993164758939796], [-0.45233893908323275, -0.6847952316568477, -0.33591503523738225], [0.198268452420426, -0.48268227603023534, 0.7170086311827167]]	0.8867885520288545	0.1132114479711454	[[-0.7365276919256307, 0.29063249494120263, 0.3993164758939796], [-0.45233893908323286, -0.6847952316568477, -0.3359150352373824], [0.19826845242042607, -0.48268227603023534, 0.717008631182717]]	[[0.0, 0.0, 0.0], [0.0, 0.0, 0.0], [0.0, 0.0, 0.0]]	0.37017509167148477	[[-0.6923817496357859, 0.4895878303372706, 0.4895878303372705], [-0.7071067811865475, -0.5000000000000001, -0.5], [0.0, -0.6923817496357858, 0.6923817496357859]]
7	[[0.8787972042104137, -0.3840163418041313, 0.28327887866788265], [-0.395223040501579, -0.9183905790867732, -0.018907472103605397], [0.2674214316928388, -0.09534250611366366, -0.9588511794847616]]	0.8695080853641266	0.1304919146358735	[[0.7641212744563441, -0.33390531411064617, 0.24631327541460737], [-0.34364962923831677, -0.7985480340381916, -0.016440199867881575], [0.23252509705657382, -0.08290107994470923, -0.8337288532229296]]	0.8695080853641265	0.1304919146358735	[[0.7641212744563443, -0.33390531411064617, 0.24631327541460735], [-0.34364962923831666, -0.7985480340381916, -0.01644019986788156], [0.23252509705657376, -0.08290107994470922, -0.8337288532229294]]	[[0.0, 0.0, 0.0], [0.0, 0.0, 0.0], [0.0, 0.0, 0.0]]	0.46978244832820787	[[0.7011795575882007, -0.7011795575882006, 0.0], [-0.7071067811865475, -0.7071067811865476, 0.0], [0.0, 0.0, -0.9916176400000001]]
7	[[-0.5446221603179724, 0.8109226453022452, -0.2139887049042392], [-0.8354447797583356, -0.5021691245819775, 0.22328947644507607], [0.07361197229480154, 0.30038414347728, 0.9509735242804028]]	0.8833784685089228	0.11662153149107757	[[-0.4811074898977114, 0.7163516044863018, -0.18903301441651466], [-0.7380139300666926, -0.4436053922056938, 0.19724911573621048], [0.06502723134970306, 0.2653528846293241, 0.8400695354713548]]	0.883400981571062	0.11634186220369704	[[-0.48179027780085215, 0.716566253588206, -0.18789317112631915], [-0.7387204137510835, -0.44479063267708496, 0.19705272724445336], [0.06597715666181511, 0.26468912040560855, 0.8407614715880032]]	[[-0.0006705267906032525, 0.00019639275000044048, 0.001144660831206065], [-0.0006876752641502789, -0.0011739351066851914, -0.0002014154216153663], [0.0009482680812056243, -0.0006705267906032526, 0.0006705267906032525]]	0.38255838784451285	[[-0.7011795575882007, 0.7011795575882006, 0.0], [-0.7071067811865475, -0.7071067811865476, 0.0], [0.0, 0.0, 0.9916176400000001]]
7	[[0.04673222253661188, -0.9725397674033924, -0.22799671093185395], [-0.8377629715199755, -0.16246744520517667, 0.5213036857710898], [-0.5440306084466285, 0.16664552219444034, -0.8223502702654952]]	0.9020400077237875	0.09795999227621267	[[0.04215433437787525, -0.8772697793002464, -0.20566215488996767], [-0.7556957173005817, -0.14655213552774166, 0.47023678073939273], [-0.4907373742451735, 0.1503209281274075, -0.7417928441419459]]	0.9020400077237875	0.09795999227621266	[[0.042154334377875226, -0.8772697793002464, -0.20566215488996764], [-0.7556957173005818, -0.14655213552774166, 0.47023678073939273], [-0.49073737424517355, 0.15032092812740752, -0.741792844141946]]	[[0.0, 0.0, 0.0], [0.0, 0.0, 0.0], [0.0, 0.0, 0.0]]	0.3244846031064718	[[-1.9469422917831776e-16, -0.9750631228997081, 0.0], [-0.7071067811865476, 1.3401577416544657e-16, 0.7071067811865475], [-0.6894737462873155, 1.0825375295061647e-16, -0.6894737462873156]]
7	[[-0.42203838922340475, -0.825029846081567, 0.3757783270710803], [0.2588054115689476, 0.28760896992378115, 0.9221175843470338], [-0.8688517462515349, 0.4864224845687207, 0.09214016247897017]]	0.8704912598142965	0.1295087401857035	[[-0.367380729125078, -0.7181812700999386, 0.3271117493430135], [0.22528784876341068, 0.2503610945628445, 0.8026952976951655], [-0.7563278511863502, 0.4234265213942259, 0.08020720611581271]]	0.8807955749516673	0.193746541571216	[[-0.30003652374822676, -0.6839477788037335, 0.35614503578577666], [0.25725348666864706, 0.23397671726880298, 0.829008263983199], [-0.7945326650744382, 0.4020737996460015, 0.022241921446017995]]	[[0.07169302193947755, 0.04273485882796577, 0.025161148138828738], [0.029298825385173016, -0.019347990756470666, 0.016811176105210837], [-0.029251891687057368, -0.026364972319123374, -0.05891472594078656]]	0.479664922819578	[[-0.49165277197958474, -0.49165277197958485, 0.6953020181118558], [0.5, 0.5000000000000001, 0.7071067811865475], [-0.6953020181118558, 0.6953020181118557, 0.0]]
7	[[-0.3195682178843842, -0.5708200961323295, -0.7563336379995778], [0.910087742671785, 0.03735879733279218, -0.41272826520656647], [0.2638493031197415, -0.8202248094963509, 0.507557688474819]]	0.9114597234807531	0.08854027651924694	[[-0.2912735595061378, -0.52027952697803, -0.6893676485502872], [0.829508322278848, 0.034051039086520275, -0.376185190477868], [0.24048801286210897, -0.7476018780555975, 0.4626183903877886]]	0.9114597234807531	0.08854027651924697	[[-0.2912735595061377, -0.5202795269780299, -0.6893676485502872], [0.829508322278848, 0.03405103908652028, -0.37618519047786786], [0.2404880128621089, -0.7476018780555975, 0.4626183903877886]]	[[0.0, 0.0, 0.0], [0.0, 0.0, 0.0], [0.0, 0.0, 0.0]]	0.23504289037444645	[[-0.48548392889176456, -0.48548392889176467, -0.6865779565529089], [0.8535533905932738, -0.14644660940672602, -0.5], [0.14219495061531037, -0.828772907168219, 0.48548392889176456]]
7	[[0.22433838825039393, -0.7661379269479729, -0.6022499185961573], [-0.9416906372873723, -0.011392912655017143, -0.3362869982418849], [0.2507808429735371, 0.642575192824231, -0.724020780340167]]	0.9146371040249269	0.08536289597507325	[[0.20518821375095994, -0.7007381747873547, -0.5508401214440374], [-0.86130519737591, -0.010420380637193766, -0.30758056619319313], [0.22937346396224584, 0.5877231134830139, -0.662216269784198]]	0.916403858709245	0.08171586989391366	[[0.19652240252528558, -0.7146800076518857, -0.5504435937787855], [-0.8710262255795647, -0.005999488746850672, -0.32106734294077593], [0.23975054145066438, 0.5809899143948167, -0.6725575990133958]]	[[-0.00906216212398823, -0.012588255093261981, 0.0014605555300616058], [-0.00805729185904844, 0.0044410203721444745, -0.012892640118163372], [0.009934009259357715, -0.00786847182014557, -0.00906216212398823]]	0.29568346459860245	[[0.1427946883061964, -0.8322684345935119, -0.48753156144985393], [-0.8535533905932738, 0.14644660940672602, -0.5], [0.48753156144985393, 0.48753156144985405, -0.6894737462873156]]
7	[[0.3802729664721569, 0.7767473726770865, -0.5020517802076895], [0.4287143634067757, 0.332951791095048, 0.839849450446521], [0.8195098935212374, -0.5346088512602871, -0.20639019011321075]]	0.886346946079582	0.1136530539204182	[[0.3370537825092196, 0.6884676616476746, -0.44499206216090303], [0.3799896667460477, 0.29511080322882277, 0.744397995569889], [0.7263700914045522, -0.4738489226616689, -0.18293331470762864]]	0.886346946079582	0.11365305392041812	[[0.3370537825092195, 0.6884676616476748, -0.4449920621609031], [0.3799896667460477, 0.2951108032288227, 0.7443979955698893], [0.7263700914045521, -0.4738489226616689, -0.1829333147076287]]	[[0.0, 0.0, 0.0], [0.0, 0.0, 0.0], [0.0, 0.0, 0.0]]	0.36745360019952394	[[0.49165277197958474, 0.49165277197958485, -0.6953020181118558], [0.5, 0.5000000000000001, 0.7071067811865475], [0.6953020181118558, -0.6953020181118557, 0.0]]
7	[[0.8592155572171323, 0.2624339665249735, -0.4391776855101157], [-0.4266000482917053, 0.8413623931712975, -0.33184593135155627], [0.2824199444684594, 0.4724804086637203, 0.8348660002631537]]	0.8973304825619776	0.10266951743802241	[[0.7710003105824077, 0.23548999782250837, -0.39408752446924467], [-0.38280122719455895, 0.7549801222739007, -0.29777546971592095], [0.25342402505500966, 0.42397107310729654, 0.7491507108907239]]	0.8973304825619777	0.10266951743802236	[[0.7710003105824079, 0.2354899978225084, -0.39408752446924455], [-0.38280122719455884, 0.754980122273901, -0.2977754697159209], [0.2534240250550096, 0.42397107310729654, 0.7491507108907238]]	[[0.0, 0.0, 0.0], [0.0, 0.0, 0.0], [0.0, 0.0, 0.0]]	0.41759087159878966	[[0.8357787051551636, -0.14339695551937762, -0.4895878303372705], [-0.14644660940672619, 0.8535533905932737, -0.5], [0.4895878303372705, 0.4895878303372706, 0.6923817496357859]]
