7	[[-0.5446221603179724, 0.8109226453022452, -0.2139887049042392], [-0.8354447797583356, -0.5021691245819775, 0.22328947644507607], [0.07361197229480154, 0.30038414347728, 0.9509735242804028]]	0.5762312533109337	0.42376874668906633	[[-0.3138283100209335, 0.4672789722407305, -0.1233069796213533], [-0.4814093925122227, -0.28936554403192727, 0.12866637486308838], [0.0424175190541232, 0.17309073147064435, 0.5479806657616121]]	0.7541153544559142	0.34644928467310643	[[-0.4271482806653308, 0.578701603084966, -0.07922766783849804], [-0.7304688400495014, -0.3883208459687363, 0.10868339899805435], [0.06717452439565295, 0.0861903956852964, 0.691341745990499]]	[[-0.016440347192597453, -0.032827615013464186, 0.08214450020992435], [-0.1004471038337011, -0.00962739858778233, -0.05970262367759969], [0.011662605816359767, -0.14033389914600877, -0.025801990350406815]]	0.44488535412367625	[[-0.5840118225242336, 0.5840118225242336, 0.0], [-0.7071067811865475, -0.7071067811865476, 0.0], [0.0, 0.0, 0.8259174400000001]]
7	[[0.8787972042104137, -0.3840163418041313, 0.28327887866788265], [-0.395223040501579, -0.9183905790867732, -0.018907472103605397], [0.2674214316928388, -0.09534250611366366, -0.9588511794847616]]	0.5736601520769726	0.4263398479230274	[[0.5041309378121643, -0.22029487303940065, 0.1625058046168118], [-0.22672370951845933, -0.5268440792649773, -0.01084646332234538], [0.15340901917355568, -0.05469419655656399, -0.550054713442413]]	0.787373294321051	0.3723437989259413	[[0.547079022955888, -0.23075341284463316, 0.22273751315587825], [-0.34554655302910375, -0.8466235746555473, -0.02473689318577866], [0.20010508639563768, -0.07507014312754028, -0.634197571467537]]	[[-0.1448624267633949, 0.07161079927480445, -0.00030871075242581677], [-0.03435848563779331, -0.1235073589265771, -0.009849654588279504], [-0.01045540724840463, 0.0, 0.12077624048700508]]	0.5148458450645191	[[0.9088, 0.0, 0.0], [0.0, -1.0, 0.0], [0.0, 0.0, -0.9088]]
7	[[-0.30792515101507295, 0.09349718223056193, 0.9468053539599837], [0.3027085282091916, -0.9338174967034747, 0.1906631317268273], [0.9019698710720718, 0.34531602882779927, 0.2592434992682147]]	0.5863067879034655	0.41369321209653465	[[-0.18053860620633694, 0.05481803259162573, 0.5551184058500817], [0.1774800648453167, -0.5475035369802693, 0.11178708833437143], [0.5288310578939693, 0.20246113167360746, 0.15199622334080137]]	0.7903485531057682	0.3136914555878504	[[-0.174610179797933, 0.06865788799454078, 0.7138026300077775], [0.26110627396256436, -0.8382635149881227, 0.1293601416836628], [0.6557694984588384, 0.2372012896182033, 0.10595229180339223]]	[[0.06875801777170511, -0.005237474700850179, -0.03450361156729025], [0.021861026679653138, -0.10022220760368082, -0.021330188607249667], [-0.05710108408796982, -0.035718734130077597, -0.09894043274531758]]	0.4854543027105016	[[0.0, 0.0, 0.9088], [0.0, -1.0, 0.0], [0.9088, 0.0, 0.0]]
7	[[0.034229894132735264, 0.2773841392786001, 0.9601491309293217], [-0.1827544195208179, -0.9427759796974285, 0.2788803941677556], [0.9825625356654255, -0.18501754344446375, 0.018422055382213542]]	0.7400749471959005	0.25992505280409955	[[0.025332687092805325, 0.20528505222959023, 0.7105823173727076], [-0.13525196737668677, -0.6977248833921378, 0.20639239298767367], [0.7271699166992599, -0.1369268486949768, 0.013633701664231643]]	0.8626880603915229	0.21121431309157718	[[0.00923457832953774, 0.2079364974090586, 0.7706376069426909], [-0.1689008399874674, -0.8231791791234215, 0.25798238388271216], [0.7993695545047855, -0.14239652751814832, 0.0]]	[[-0.020295142647238813, -0.031359487688569054, -0.05767158450533212], [-0.01124078428307432, -0.00985759781452921, 0.017395597556907644], [-0.048275413601797226, 0.017215898174360426, -0.015892487226107012]]	0.37929999760781635	[[0.0, 0.0, 0.9088], [0.0, -1.0, 0.0], [0.9088, 0.0, 0.0]]
7	[[-0.8305561570912853, 0.32773595720904825, 0.4502950280316503], [-0.5100865793185324, -0.772219296347621, -0.37879947194723407], [0.22358030216652452, -0.5443036842615101, 0.808545204538665]]	0.5139768441199556	0.4860231558800443	[[-0.42688663248617686, 0.16844869299093948, 0.23144121743061458], [-0.26217269026608275, -0.39690283690528305, -0.194694157145745], [0.1149150981149364, -0.2797594898795957, 0.41557351255710706]]	0.7116832894152928	0.43919528778361117	[[-0.4926713514639736, 0.16607358481218695, 0.2447424974376596], [-0.437856842187948, -0.6702776074698007, -0.26554487658652287], [0.14146968738449434, -0.3411130055029836, 0.4602616751206692]]	[[0.098421586458877, -0.06717061927401817, -0.07572494931925675], [-0.07483674753194008, -0.12070203849516303, 0.00404037763766061], [-0.01764867750984295, 0.04625883095311091, -0.11516643568636858]]	0.5651202839133118	[[-0.43835563528467725, 0.3099642422811323, 0.30996424228113223], [-0.7071067811865475, -0.5000000000000001, -0.5], [0.0, -0.4383556352846772, 0.43835563528467725]]
7	[[0.04673222253661188, -0.9725397674033924, -0.22799671093185395], [-0.8377629715199755, -0.16246744520517667, 0.5213036857710898], [-0.5440306084466285, 0.16664552219444034, -0.8223502702654952]]	0.5194482128175881	0.4805517871824118	[[0.02427496947763686, -0.505184044071725, -0.11843248402183978], [-0.4351744783208033, -0.08439342405286848, 0.2707902679090141], [-0.28259572727566634, 0.08656371867795576, -0.4271683781994721]]	0.691045425526219	0.4793678481304562	[[0.00099077544232006, -0.6891082617683928, -0.1044840369159943], [-0.669992371334411, -0.14779674462962147, 0.28011924176611125], [-0.23721924312414927, 0.013194815432028438, -0.4978419888339311]]	[[-0.031303313166278754, -0.017039104361945258, 0.05307204720848707], [-0.09106010219027978, -0.035524359823652575, -0.08012528559595784], [0.13873062018913895, -0.10196481036486757, 0.07043940361328926]]	0.5125224827621365	[[-0.08250670271173577, -0.48088430405845034, -0.28169550338509297], [-0.8535533905932738, -0.14644660940672602, 0.5], [-0.28169550338509297, 0.281695503385093, -0.3983776013467147]]
7	[[0.08740825448676931, -0.06334395238859675, -0.994156597696443], [0.7119981850616444, -0.6940087028176986, 0.10681996481098455], [-0.6967197295301035, -0.717174639895393, -0.015561310176609944]]	0.6014180668207049	0.3985819331792951	[[0.052568903437604994, -0.038096197390332626, -0.597903739103644], [0.4282085720396247, -0.41738937240536533, 0.06424345673447804], [-0.41901983284983924, -0.43132178549872247, -0.00935885308361412]]	0.8318935265190094	0.283778554983423	[[0.0467632843845331, -0.04676328438453311, -0.7138148829333324], [0.6787108544426891, -0.6639696931257391, 0.09694975820503438], [-0.51304870700794, -0.5241133308472244, 0.0]]	[[-0.025951076687336455, 0.0059321395516688654, 0.11321755503650162], [0.08640417339662337, -0.08662834590384062, 0.008086920975787967], [0.06654792578622824, 0.07249960946535458, 0.012945353200076195]]	0.2853771399357697	[[0.0, 0.0, -0.7505937694720002], [0.7071067811865475, -0.7071067811865476, 0.0], [-0.5307499443100235, -0.5307499443100235, 0.0]]
7	[[0.3802729664721569, 0.7767473726770865, -0.5020517802076895], [0.4287143634067757, 0.332951791095048, 0.839849450446521], [0.8195098935212374, -0.5346088512602871, -0.20639019011321075]]	0.5326652830668345	0.46733471693316575	[[0.20255820732855634, 0.41374635913846025, -0.26742555361853715], [0.22836125773888793, 0.17735186005125325, 0.4473586452556215], [0.4365244694085613, -0.2847675750865961, -0.10993688903887118]]	0.7346048679985733	0.4128775445767708	[[0.289393155652615, 0.4102354035609645, -0.340313281787323], [0.41757146536601886, 0.3155456347598913, 0.7020970420494274], [0.5154931269008711, -0.37229132674057747, -0.03697239884129882]]	[[0.010042783313910305, -0.16036699761272516, 0.02849639994059541], [0.10263580702649194, 0.07095762821262502, 0.08513954736548655], [-0.08652283025282234, 0.020434937870354702, 0.11464283952301682]]	0.4784905862561796	[[0.3410698088480768, 0.34106980884807686, -0.48234554938894936], [0.5, 0.5000000000000001, 0.7071067811865475], [0.48234554938894936, -0.4823455493889493, 0.0]]
7	[[0.8592155572171323, 0.2624339665249735, -0.4391776855101157], [-0.4266000482917053, 0.8413623931712975, -0.33184593135155627], [0.2824199444684594, 0.4724804086637203, 0.8348660002631537]]	0.5233379940356703	0.47666200596432984	[[0.4496601461582546, 0.1373416656080039, -0.2298383689600924], [-0.22325601352850108, 0.4403169070993178, -0.1736675840424221], [0.14780108721378896, 0.24726694929122509, 0.43691709786630223]]	0.7322905704908924	0.4696162129827822	[[0.44876609502163445, 0.17877154472183787, -0.28271908271943025], [-0.3501556216268522, 0.7496047716336852, -0.25435193464861333], [0.235012412036994, 0.3060890687776031, 0.44373612051240996]]	[[-0.18042935554754932, -0.013406374340922771, 0.038886595149642045], [-0.03776042889187702, 0.1334830247486932, -0.01134428826410069], [0.02819894978417971, -0.03990387922852266, -0.1676283791037445]]	0.5729709159141619	[[0.529142059923471, -0.09078642463879366, -0.30996424228113223], [-0.14644660940672619, 0.8535533905932737, -0.5], [0.30996424228113223, 0.3099642422811323, 0.43835563528467725]]
7	[[0.8489524140446696, -0.5135124485683378, 0.12483895166604869], [0.522794976890395, 0.7815435453534784, -0.34040431673891397], [0.0772347773085365, 0.35425224329800037, 0.9319550081910795]]	0.6606710905250663	0.33932890947493377	[[0.5608783171907794, -0.3392628293938408, 0.08247748633721444], [0.34539552750320407, 0.5163432264015091, -0.22489529115933837], [0.05102678455089147, 0.23404421590064106, 0.6157157315818975]]	0.8149445436390882	0.27897508813888194	[[0.6427786950580345, -0.39765131247539737, 0.051391998008097614], [0.47653652034812427, 0.6250644563774792, -0.26455330446295794], [0.02524082754443343, 0.22472323248678955, 0.710454286132427]]	[[-0.049070442576901, 0.02083285557611745, -0.05034482448577261], [0.050487606489373685, -0.011850191524686292, 0.012857336094611942], [-0.037701232802338454, -0.06397270026082255, -0.04903736271001494]]	0.4588881612114003	[[0.6426186427423345, -0.6426186427423344, 0.0], [0.7071067811865475, 0.7071067811865476, 0.0], [0.0, 0.0, 0.9088]]
7	[[-0.3195682178843842, -0.5708200961323295, -0.7563336379995778], [0.910087742671785, 0.03735879733279218, -0.41272826520656647], [0.2638493031197415, -0.8202248094963509, 0.507557688474819]]	0.4924802072620888	0.5075197927379111	[[-0.15738102217807792, -0.2811175992526151, -0.3724793468013217], [0.4482002001376872, 0.018398468253515834, -0.20326050159185222], [0.12994055948636796, -0.4039444841822702, 0.24996211561754555]]	0.6735689161175221	0.5151212814616886	[[-0.23235911881914828, -0.3636441783383728, -0.3658791122004877], [0.7781641025033419, 0.010924080902881522, -0.2263607999630925], [0.15440966954821952, -0.36587911220048763, 0.3054808071461061]]	[[-0.017107900673155523, 0.020842495111580147, 0.1435637165701102], [0.1651572881000654, -0.014239643724021596, 0.051640130283159766], [-0.023311019572508307, 0.18659882370467046, -0.036394274946992655]]	0.5516554864296026	[[-0.2560048734763725, -0.2560048734763726, -0.3620455641038944], [0.8535533905932738, -0.14644660940672602, -0.5], [0.07498209142442548, -0.43702765552831974, 0.2560048734763725]]
7	[[0.22433838825039393, -0.7661379269479729, -0.6022499185961573], [-0.9416906372873723, -0.011392912655017143, -0.3362869982418849], [0.2507808429735371, 0.642575192824231, -0.724020780340167]]	0.4747037897442677	0.5252962102557324	[[0.1064942830875829, -0.36368857738901955, -0.28589031873077264], [-0.44702411428701033, -0.005408258813562064, -0.15963671250714667], [0.11904661655480016, 0.30503287922931605, -0.3436954082810792]]	0.6798510062150592	0.5110780063346942	[[0.17059492171806567, -0.41404308551368113, -0.3177431227734919], [-0.8215021836226838, 0.05139674163817133, -0.1997870438256326], [0.1362826576958618, 0.3177431227734919, -0.3484231580654187]]	[[0.018078242733370786, 0.10681655502141782, 0.09169709037704316], [-0.18129285631956346, 0.05914222477040492, 0.028838010306154675], [-0.03421095073915822, -0.11911226863689732, 0.14380309796945626]]	0.5369258351913225	[[0.08250670271173577, -0.48088430405845034, -0.28169550338509297], [-0.8535533905932738, 0.14644660940672602, -0.5], [0.28169550338509297, 0.281695503385093, -0.3983776013467147]]
7	[[-0.42203838922340475, -0.825029846081567, 0.3757783270710803], [0.2588054115689476, 0.28760896992378115, 0.9221175843470338], [-0.8688517462515349, 0.4864224845687207, 0.09214016247897017]]	0.5182556459523558	0.48174435404764415	[[-0.21872377802366738, -0.42757637581097524, 0.1947492396311184], [0.13412736574863027, 0.14905497248954092, 0.47789264431979805], [-0.4502873229904217, 0.2520911989459122, 0.04775215942369369]]	0.7277552521606069	0.4273895632565119	[[-0.21139842832082456, -0.47290296042401014, 0.25723244519714356], [0.26979349885903897, 0.23560727179771268, 0.8277982285132977], [-0.5456462429265578, 0.27626016939819986, 0.022702354997466784]]	[[0.09574222604991073, 0.12751684325110726, -0.016242205976961382], [0.08144650130214988, 0.026298333367178982, 0.15672231339509224], [0.08666517875691163, -0.07773634851569833, -0.04435313218153544]]	0.5895498715058499	[[-0.3410698088480768, -0.34106980884807686, 0.48234554938894936], [0.5, 0.5000000000000001, 0.7071067811865475], [-0.48234554938894936, 0.4823455493889493, 0.0]]
7	[[0.5319609947059123, -0.8460851799387872, 0.03402011756955908], [-0.703274286200726, -0.4190807785627857, 0.5742617690636116], [-0.47161719485230363, -0.3294103357928521, -0.8179645788128509]]	0.5518802406576279	0.44811975934237236	[[0.2935787617787699, -0.4669376927214702, 0.018775030671489043], [-0.3881231823167781, -0.23128240092821614, 0.3169237233113011], [-0.2602762109933647, -0.1817950553924692, -0.4514184886046514]]	0.6994745288412644	0.4923637829263955	[[0.42190558935112704, -0.5367142189082662, 0.0816604792819343], [-0.5310418935408414, -0.3392705603908003, 0.32842763903136885], [-0.23936297069936055, -0.1119910198746223, -0.48467358662675525]]	[[0.04981242321727867, 0.05510081368899321, 0.057864273573842565], [-0.03911944355441215, -0.046134230259165514, -0.07325384131595175], [0.09052124446339326, 0.1184231195495256, 0.08747180174720683]]	0.49673765133921155	[[0.43835563528467725, -0.4383556352846772, 0.0], [-0.5, -0.5000000000000001, 0.7071067811865475], [-0.30996424228113223, -0.3099642422811323, -0.43835563528467725]]
