7	[[-0.5446221603179724, 0.8109226453022452, -0.2139887049042392], [-0.8354447797583356, -0.5021691245819775, 0.22328947644507607], [0.07361197229480154, 0.30038414347728, 0.9509735242804028]]	0.8910448668869696	0.10895513311303028	[[-0.4852827803442216, 0.7225684605389685, -0.1906735370767128], [-0.74441878257118, -0.44745522076789424, 0.19896094181626395], [0.06559157005470874, 0.2676557491396694, 0.847360077355464]]	0.9097597252483467	0.13296525233788037	[[-0.5587605418156356, 0.6930575702704278, -0.18226403490524826], [-0.752101599020985, -0.46681210018499864, 0.23843538126379454], [0.039719139918506334, 0.29747941001435163, 0.8699652668068822]]	[[-0.06328523488059595, -0.0446871927174052, 0.012414270474681887], [0.007952414272124031, -0.009958855377096051, 0.03529560852227498], [-0.027250067771401237, 0.02420201417550146, 0.004807854639091292]]	0.3803625758337577	[[-0.7071067811865474, 0.7071067811865477, 0.0], [-0.7071067811865477, -0.7071067811865474, 0.0], [0.0, 0.0, 1.0]]
7	[[-0.30792515101507295, 0.09349718223056193, 0.9468053539599837], [0.3027085282091916, -0.9338174967034747, 0.1906631317268273], [0.9019698710720718, 0.34531602882779927, 0.2592434992682147]]	0.9075521504466055	0.09244784955339436	[[-0.27945813298032524, 0.08485356879404457, 0.859275235040743], [0.2747237757347788, -0.8474880772579045, 0.17303673520956644], [0.8185846961295065, 0.31339230454635136, 0.23527699525017134]]	0.9075521504466056	0.09244784955339438	[[-0.27945813298032535, 0.08485356879404457, 0.8592752350407428], [0.2747237757347789, -0.8474880772579045, 0.17303673520956653], [0.8185846961295064, 0.31339230454635136, 0.23527699525017132]]	[[0.0, 0.0, 0.0], [0.0, 0.0, 0.0], [0.0, 0.0, 0.0]]	0.36765846871022445	[[-0.4999999999999999, -0.1464466094067262, 0.8535533905932738], [0.5, -0.8535533905932737, 0.14644660940672619], [0.7071067811865476, 0.5, 0.4999999999999999]]
7	[[0.8787972042104137, -0.3840163418041313, 0.28327887866788265], [-0.395223040501579, -0.9183905790867732, -0.018907472103605397], [0.2674214316928388, -0.09534250611366366, -0.9588511794847616]]	0.8787670380704747	0.12123296192952532	[[0.7722580162085995, -0.33746090325787553, 0.24893614115490062], [-0.34730898067877986, -0.807051368975912, -0.016615263257885392], [0.23500113944528167, -0.08378385169972043, -0.842606810946205]]	0.8787670380704748	0.12123296192952528	[[0.7722580162085994, -0.33746090325787564, 0.24893614115490065], [-0.34730898067877997, -0.807051368975912, -0.0166152632578854], [0.23500113944528173, -0.08378385169972047, -0.8426068109462052]]	[[0.0, 0.0, 0.0], [0.0, 0.0, 0.0], [0.0, 0.0, 0.0]]	0.4683371653885622	[[0.7071067811865478, -0.7071067811865472, 0.0], [-0.7071067811865472, -0.7071067811865478, 0.0], [0.0, 0.0, -1.0]]
7	[[0.5319609947059123, -0.8460851799387872, 0.03402011756955908], [-0.703274286200726, -0.4190807785627857, 0.5742617690636116], [-0.47161719485230363, -0.3294103357928521, -0.8179645788128509]]	0.902991390906639	0.09700860909336098	[[0.48035619851757094, -0.7640076334584194, 0.030719873282943545], [-0.6350506258852673, -0.378426335136647, 0.5185534335912579], [-0.4258662667551691, -0.29745469729661056, -0.7386149727345794]]	0.9090545078951231	0.13494991065979553	[[0.5399232767692089, -0.7580296823955317, -0.007765381879750919], [-0.590813520911425, -0.39115705544951934, 0.5786770682667576], [-0.41146090678265074, -0.37790071938409325, -0.7525387282098568]]	[[0.056341736507425765, 0.011107864491079433, -0.038691523115480686], [0.04850113924606997, -0.010189784524821121, 0.05664181838765319], [0.01726483019868856, -0.0784487686843549, -0.008964340541498902]]	0.281833667055925	[[0.7071067811865476, -0.7071067811865475, 0.0], [-0.5, -0.5000000000000001, 0.7071067811865475], [-0.4999999999999999, -0.5, -0.7071067811865476]]
7	[[0.3802729664721569, 0.7767473726770865, -0.5020517802076895], [0.4287143634067757, 0.332951791095048, 0.839849450446521], [0.8195098935212374, -0.5346088512602871, -0.20639019011321075]]	0.8932467278997308	0.10675327210026926	[[0.33967758300997825, 0.6938270490485202, -0.4484561099067535], [0.3829477023167185, 0.29740809794400636, 0.7501927735397421], [0.7320245308693022, -0.4775376070944854, -0.18435736198922884]]	0.8932467278997309	0.1067532721002693	[[0.33967758300997825, 0.6938270490485204, -0.44845610990675355], [0.3829477023167185, 0.29740809794400636, 0.7501927735397419], [0.7320245308693023, -0.47753760709448545, -0.18435736198922886]]	[[0.0, 0.0, 0.0], [0.0, 0.0, 0.0], [0.0, 0.0, 0.0]]	0.366446102898462	[[0.5000000000000001, 0.5000000000000001, -0.7071067811865474], [0.49999999999999983, 0.4999999999999999, 0.7071067811865477], [0.7071067811865476, -0.7071067811865475, 0.0]]
7	[[-0.3195682178843842, -0.5708200961323295, -0.7563336379995778], [0.910087742671785, 0.03735879733279218, -0.41272826520656647], [0.2638493031197415, -0.8202248094963509, 0.507557688474819]]	0.9290049016159578	0.0709950983840423	[[-0.29688044081526926, -0.5302946672478265, -0.7026376569586372], [0.8454759738426907, 0.034706505840641076, -0.3834265814123512], [0.24511729588619444, -0.7619928684491253, 0.47152358044597215]]	0.929928821144884	0.0690842954166892	[[-0.3024749554480741, -0.5383163434766265, -0.7086357076926458], [0.8516160809966586, 0.02724673796859421, -0.37850864980123816], [0.23786678701556052, -0.7627506901687284, 0.4794868073008905]]	[[-0.0052992593154772135, -0.007494284394479843, -0.005299259315477214], [0.005299259315477218, -0.00749428439447984, 0.005299259315477215], [-0.0074942843944798415, -1.1766719411004301e-18, 0.007494284394479842]]	0.22309484430938875	[[-0.4999999999999999, -0.5, -0.7071067811865476], [0.8535533905932738, -0.14644660940672602, -0.5], [0.14644660940672638, -0.8535533905932737, 0.4999999999999999]]
7	[[-0.8305561570912853, 0.32773595720904825, 0.4502950280316503], [-0.5100865793185324, -0.772219296347621, -0.37879947194723407], [0.22358030216652452, -0.5443036842615101, 0.808545204538665]]	0.8970295819394123	0.10297041806058775	[[-0.7450334423728006, 0.29398884868174563, 0.4039279607446272], [-0.45756275099900795, -0.6927035525682536, -0.3397943319596975], [0.20055814498232502, -0.48825650634118434, 0.7252889668064351]]	0.8981937016679934	0.10430811744227168	[[-0.7326462695598538, 0.3107843709279172, 0.42639758074659184], [-0.4840132831742179, -0.6875274830679332, -0.3290449778462562], [0.20166976814028104, -0.5138506301610055, 0.7417479674207998]]	[[0.013354039621111282, 0.01641399835261907, 0.02194542267615103], [-0.025856730324940694, 0.006075025217989796, 0.011190322051911146], [0.000851348917281882, -0.02496048916263305, 0.015517757190311421]]	0.3617857514843032	[[-0.7071067811865476, 0.5, 0.4999999999999999], [-0.7071067811865475, -0.5000000000000001, -0.5], [0.0, -0.7071067811865475, 0.7071067811865476]]
7	[[0.08740825448676931, -0.06334395238859675, -0.994156597696443], [0.7119981850616444, -0.6940087028176986, 0.10681996481098455], [-0.6967197295301035, -0.717174639895393, -0.015561310176609944]]	0.9458601133325417	0.05413988666745825	[[0.08267598149505528, -0.05991451798520926, -0.9403330721674519], [0.673450684014971, -0.6564351503009186, 0.10103674402229598], [-0.6589994023343617, -0.6783468861706813, -0.014718822607251108]]	0.9731101536048262	0.046105622835563964	[[0.07368111951528565, -0.05825634220971407, -0.9504494475222262], [0.6774574779990516, -0.6699678798728527, 0.09329387387828787], [-0.6831914822793024, -0.7124950096676254, -0.010906964631062043]]	[[-0.011376740434664174, 0.0033843010290901115, 0.01697443196941102], [-0.015395185232642945, 0.005379035529164123, -0.01065371848699144], [-0.005206439256750411, -0.014605085677533318, 0.004235904305191205]]	0.10895917119193599	[[0.0, 0.0, -1.0], [0.7071067811865477, -0.7071067811865474, 0.0], [-0.7071067811865474, -0.7071067811865477, 0.0]]
7	[[0.8489524140446696, -0.5135124485683378, 0.12483895166604869], [0.522794976890395, 0.7815435453534784, -0.34040431673891397], [0.0772347773085365, 0.35425224329800037, 0.9319550081910795]]	0.8905563121662875	0.10944368783371261	[[0.756039931056288, -0.45731175244849925, 0.11117611641042174], [0.4655783666385697, 0.6960085375473593, -0.3031492129604921], [0.06878191845087472, 0.3154815713681016, 0.82995841519955]]	0.9270470946375061	0.12928726190898243	[[0.7919358718582142, -0.4760502235054693, 0.06191069112126028], [0.48754496772433636, 0.6676588271464802, -0.31479759911361255], [0.03354315515261569, 0.3262923433324796, 0.8587288958495758]]	[[0.004917002932606227, 1.8847599625514463e-18, -0.05382089631834221], [0.0028894033070136146, -0.056868845906158136, 0.0007732337212630058], [-0.038057120756237864, -0.002116169585750609, -0.005237286826837582]]	0.4270014452965958	[[0.7071067811865478, -0.7071067811865472, 0.0], [0.7071067811865472, 0.7071067811865478, 0.0], [0.0, 0.0, 1.0]]
7	[[0.04673222253661188, -0.9725397674033924, -0.22799671093185395], [-0.8377629715199755, -0.16246744520517667, 0.5213036857710898], [-0.5440306084466285, 0.16664552219444034, -0.8223502702654952]]	0.9235717002480175	0.0764282997519827	[[0.04316055822450744, -0.8982102065395626, -0.21057130996628814], [-0.7737341720115352, -0.15005033460309675, 0.4814613314131636], [-0.5024512740300162, 0.153909088271838, -0.7594994373085199]]	0.9235717002480174	0.07642829975198265	[[0.04316055822450744, -0.8982102065395625, -0.21057130996628806], [-0.773734172011535, -0.15005033460309666, 0.48146133141316355], [-0.5024512740300161, 0.15390908827183794, -0.7594994373085202]]	[[0.0, 0.0, 0.0], [0.0, 0.0, 0.0], [0.0, 0.0, 0.0]]	0.3166666987868864	[[-1.9967346175427393e-16, -1.0, 0.0], [-0.7071067811865476, 1.3401577416544657e-16, 0.7071067811865475], [-0.7071067811865475, 1.1102230246251565e-16, -0.7071067811865476]]
7	[[0.8592155572171323, 0.2624339665249735, -0.4391776855101157], [-0.4266000482917053, 0.8413623931712975, -0.33184593135155627], [0.2824199444684594, 0.4724804086637203, 0.8348660002631537]]	0.9031939977029831	0.09680600229701691	[[0.7760383340115379, 0.2370287833587417, -0.39666264947782487], [-0.38530260303687097, 0.7599134634053332, -0.2997212533588819], [0.25507999867552233, 0.42674146913732475, 0.7540459603239776]]	0.903193997702983	0.09680600229701704	[[0.7760383340115378, 0.23702878335874167, -0.3966626494778248], [-0.3853026030368709, 0.7599134634053332, -0.2997212533588819], [0.2550799986755224, 0.4267414691373246, 0.7540459603239775]]	[[0.0, 0.0, 0.0], [0.0, 0.0, 0.0], [0.0, 0.0, 0.0]]	0.41367011405028853	[[0.8535533905932738, -0.1464466094067262, -0.4999999999999999], [-0.14644660940672619, 0.8535533905932737, -0.5], [0.4999999999999999, 0.5, 0.7071067811865476]]
7	[[0.034229894132735264, 0.2773841392786001, 0.9601491309293217], [-0.1827544195208179, -0.9427759796974285, 0.2788803941677556], [0.9825625356654255, -0.18501754344446375, 0.018422055382213542]]	0.9001993584654586	0.09980064153454138	[[0.03081372873862886, 0.24970102422708917, 0.8643256316937432], [-0.16451541120936752, -0.8486863321002693, 0.2510479519184077], [0.8845021642582104, -0.16655267391356138, 0.016583522436683776]]	0.937071423965839	0.12219699692149719	[[0.013139465905937722, 0.25085763017876733, 0.8918646401921835], [-0.16254212946492672, -0.8265098369290231, 0.25630017515934567], [0.9284461183556271, -0.167984674445505, 1.0842021724855044e-19]]	[[-0.018936389731224426, -0.009071120200569036, -0.007863673147318864], [0.008711814671496435, 0.05693859284683514, -0.005030672919587537], [0.007714843924141352, 0.005389978448660137, -0.017262781669388397]]	0.33839674009633136	[[0.0, 3.133961632045815e-16, 1.0], [0.0, -1.0, 2.7817808468846267e-16], [1.0, 0.0, 0.0]]
7	[[0.22433838825039393, -0.7661379269479729, -0.6022499185961573], [-0.9416906372873723, -0.011392912655017143, -0.3362869982418849], [0.2507808429735371, 0.642575192824231, -0.724020780340167]]	0.9401188789641052	0.05988112103589482	[[0.21090475407057455, -0.7202607290142118, -0.566186518326843], [-0.8853011462575983, -0.010710692273370712, -0.3161497557973648], [0.23576380496195498, 0.6040970699280598, -0.6806656043601146]]	0.94173421346348	0.0573804183322465	[[0.20914531106156126, -0.7236201225859789, -0.573214504667547], [-0.8911039301558388, -0.015010734162322684, -0.3136922587358476], [0.23100837288092038, 0.6102955708339435, -0.6818351401048625]]	[[-0.002121824547088351, -0.002121824547088351, -0.006055151269949946], [-0.004281638524091941, -0.004281638524091942, 0.003000713051468496], [-0.005160527028472087, 0.0051605270284720865, 0.0]]	0.28841899337425675	[[0.14644660940672638, -0.8535533905932737, -0.4999999999999999], [-0.8535533905932738, 0.14644660940672602, -0.5], [0.4999999999999999, 0.5, -0.7071067811865476]]
7	[[-0.42203838922340475, -0.825029846081567, 0.3757783270710803], [0.2588054115689476, 0.28760896992378115, 0.9221175843470338], [-0.8688517462515349, 0.4864224845687207, 0.09214016247897017]]	0.8799606644764816	0.12003933552351853	[[-0.37137718141561127, -0.725993811570865, 0.33067014638532843], [0.2277385819343204, 0.25308458028352687, 0.8114272022474638], [-0.764555359963052, 0.4280326527373926, 0.08107971859996557]]	0.8956666058348798	0.18650810691203126	[[-0.3215273555653177, -0.6836345218889107, 0.3365720987540638], [0.24680428939295437, 0.2166863323734244, 0.8095289078460967], [-0.7970347028381018, 0.4297522673491273, 0.02495607956530143]]	[[0.05647833604242917, 0.05531716006343971, -2.473322500101915e-18], [0.015000924841295952, -0.04091541752587467, -0.016381019106669573], [-0.018833208299281298, -0.005920108406307958, -0.05757078702331213]]	0.47663832450058136	[[-0.5000000000000001, -0.5000000000000001, 0.7071067811865474], [0.49999999999999983, 0.4999999999999999, 0.7071067811865477], [-0.7071067811865476, 0.7071067811865475, 0.0]]
7	[[-0.0862647130891118, -0.8979697215877016, 0.43151915181989225], [0.27922630325144876, -0.43756605256879577, -0.8547330701522506], [0.9563425489060831, 0.04675819448040952, 0.2884832757730489]]	0.9031445837031675	0.09685541629683263	[[-0.07790950839113903, -0.810996490381374, 0.3897241847303206], [0.2521817234090041, -0.39518541038988336, -0.7719475428199847], [0.8637155932094104, 0.04222941008872122, 0.26054210800337635]]	0.9041582894950085	0.09347892074600458	[[-0.08366543853445532, -0.8236681594021368, 0.37605226370094874], [0.264226168642936, -0.38565215339161774, -0.785138773503514], [0.8787943976830824, 0.029952026321444038, 0.26514288230691796]]	[[-0.005668483104026336, -0.011761391913091515, -0.014109354492861964], [0.011761391913091519, 0.009976820240067576, -0.012324782819838023], [0.014109354492861964, -0.012324782819838027, 0.00430833713604124]]	0.36812341851995656	[[-0.24999999999999994, -0.9571067811865475, 0.14644660940672638], [0.4571067811865474, -0.2500000000000001, -0.8535533905932738], [0.8535533905932738, -0.1464466094067262, 0.4999999999999999]]
7	[[0.50607966, 0.26960331, 0.8192664], [-0.59451586, 0.79721188, 0.10490047], [-0.62484739, -0.54015486, 0.56373616]]	0.9648326955229628	0.03516730461078673	[[ 0.4882822   0.26012209  0.79045501]
 [-0.57360834  0.76917609  0.1012114 ]
 [-0.60287319 -0.52115907  0.54391108]]	0.9812430033110126	0.027669376911564736	[[ 0.49375791  0.25947121  0.79780033]
 [-0.58325672  0.78390095  0.10912511]
 [-0.6175043  -0.52098133  0.55603331]]	[[-0.0028292130240106144, -0.005075151378628223, -0.006099093078655193], [0.00010780657324716887, 0.001642369519255066, 0.0061922533399057615], [-0.004377173768188419, 0.009041851268070337, 0.0028711453531389216]]	0.14603963035381626	WordDict: (word: THRHRHZ, matrix: [[ 0.5         0.14644661  0.85355339]
 [-0.5         0.85355339  0.14644661]
 [-0.70710678 -0.5         0.5       ]])
