8	[[0.034229894132735264, 0.2773841392786001, 0.9601491309293217], [-0.1827544195208179, -0.9427759796974285, 0.2788803941677556], [0.9825625356654255, -0.18501754344446375, 0.018422055382213542]]	0.7253765811638536	0.27462341883614655	[[0.024829563579604152, 0.20120795861898916, 0.6964696940009566], [-0.13256577602459552, -0.6838676169563233, 0.20229330687503444], [0.7127278529006733, -0.13420739311907987, 0.013362927551161231]]	0.8562911656273321	0.22079106759309275	[[0.00924848574934057, 0.20500594232962974, 0.7612704319770793], [-0.16937181594982664, -0.8227505066687546, 0.2585463147742254], [0.7895498507432824, -0.140564234237025, 0.0]]	[[-0.020062270196879485, -0.03251564561977699, -0.060896786522459535], [-0.012880821034799029, -0.015459764088193544, 0.019743496981708134], [-0.05180976822341185, 0.01786465370054044, -0.0157746432764869]]	0.38269497315781575	[[0.0, 0.0, 0.9017999999999999], [0.0, -1.0, 0.0], [0.9017999999999999, 0.0, 0.0]]
8	[[0.3802729664721569, 0.7767473726770865, -0.5020517802076895], [0.4287143634067757, 0.332951791095048, 0.839849450446521], [0.8195098935212374, -0.5346088512602871, -0.20639019011321075]]	0.5161730725043105	0.48382692749568973	[[0.1962866654942619, 0.4009360779143825, -0.2591456099460619], [0.22129081018640498, 0.17186074900534432, 0.43350767127803747], [0.42300893968653747, -0.27595069334302236, -0.10653305856548477]]	0.7227102687968097	0.43532924578869736	[[0.28324470285579384, 0.39199894765005067, -0.3280527729697001], [0.42190288533293363, 0.31648472989492593, 0.6995411520781478], [0.5020876951259259, -0.36866496978945223, -0.031903530459548725]]	[[0.008417525040541059, -0.1693643548446221, 0.03478520405411597], [0.1120666125181697, 0.0758570514562446, 0.09257332999708984], [-0.09018052030245226, 0.017702336806023483, 0.11725677931419448]]	0.4909663377967418	[[0.33068228370284863, 0.3306822837028487, -0.4676553704490761], [0.5, 0.5000000000000001, 0.7071067811865475], [0.4676553704490761, -0.46765537044907607, 0.0]]
8	[[-0.8305561570912853, 0.32773595720904825, 0.4502950280316503], [-0.5100865793185324, -0.772219296347621, -0.37879947194723407], [0.22358030216652452, -0.5443036842615101, 0.808545204538665]]	0.5003680953644541	0.49963190463554574	[[-0.41558380241698684, 0.16398861669113768, 0.22531326552828035], [-0.25523105016458364, -0.38639389851713823, -0.18953917030329845], [0.11187244995607305, -0.272352197793787, 0.4045702240110748]]	0.7025406651562848	0.453853045032551	[[-0.47544622839377765, 0.15622218254017262, 0.24882970569600787], [-0.4360925434405074, -0.6697467241651883, -0.26922516635804583], [0.14553161776459672, -0.34140579433590135, 0.441203643802757]]	[[0.10805324665878144, -0.07402565483310386, -0.06752086281391559], [-0.07773597871877173, -0.12723126606261242, -0.0031031333753865978], [-0.011542636435316545, 0.04098967805219643, -0.12683224200276097]]	0.5809118804206602	[[-0.42173161307097684, 0.29820928344322895, 0.2982092834432289], [-0.7071067811865475, -0.5000000000000001, -0.5], [0.0, -0.4217316130709768, 0.42173161307097684]]
8	[[-0.5446221603179724, 0.8109226453022452, -0.2139887049042392], [-0.8354447797583356, -0.5021691245819775, 0.22328947644507607], [0.07361197229480154, 0.30038414347728, 0.9509735242804028]]	0.5608462434389209	0.439153756561079	[[-0.30544929270792454, 0.4548029193373167, -0.12001476128390236], [-0.4685560663281192, -0.2816396670928135, 0.12523106406366438], [0.04128499813366937, 0.16846931845785032, 0.5333499287025353]]	0.7454246812018093	0.3556381851994427	[[-0.41828724526543914, 0.5721391552844239, -0.07431188902760927], [-0.7294202394901297, -0.38487850023046866, 0.11115786584859375], [0.06588852767069807, 0.08193923521760693, 0.6826702278071639]]	[[-0.012312445034974043, -0.03234259906932993, 0.08520057310642128], [-0.10665908087705671, -0.010549240629556525, -0.05528762094619598], [0.011016346690209226, -0.141974519172023, -0.0262089083609163]]	0.45091787734248306	[[-0.5750498097581189, 0.5750498097581188, 0.0], [-0.7071067811865475, -0.7071067811865476, 0.0], [0.0, 0.0, 0.8132432399999999]]
8	[[0.8489524140446696, -0.5135124485683378, 0.12483895166604869], [0.522794976890395, 0.7815435453534784, -0.34040431673891397], [0.0772347773085365, 0.35425224329800037, 0.9319550081910795]]	0.6482665428702473	0.35173345712975257	[[0.550347446514089, -0.33289293975423206, 0.08092891561209528], [0.3389104922986673, 0.506648532248856, -0.22067272959044448], [0.05006872207515838, 0.22964987706682446, 0.6041552512706442]]	0.807640278426961	0.2902421008960408	[[0.6316184434453539, -0.3903379065373749, 0.05262922413721745], [0.47656440528652416, 0.624055782563908, -0.2649432258981497], [0.02369368880235573, 0.2232403279531804, 0.6989385763470845]]	[[-0.054029720604923615, 0.024395430400067922, -0.04819574154488004], [0.05433412459054896, -0.007150264008169349, 0.009981011250606188], [-0.038684228247355026, -0.06286805245739217, -0.05374582594975952]]	0.46165770825993097	[[0.6376688952740286, -0.6376688952740285, 0.0], [0.7071067811865475, 0.7071067811865476, 0.0], [0.0, 0.0, 0.9017999999999999]]
8	[[-0.42203838922340475, -0.825029846081567, 0.3757783270710803], [0.2588054115689476, 0.28760896992378115, 0.9221175843470338], [-0.8688517462515349, 0.4864224845687207, 0.09214016247897017]]	0.500793059425011	0.499206940574989	[[-0.21135389613399239, -0.41316922073613394, 0.18818717807953866], [0.1296079538553624, 0.14403257596620633, 0.4617900862147517], [-0.43511492419206954, 0.24359700422028482, 0.046143153863761076]]	0.7145554843724732	0.4434972225070095	[[-0.2034145866984332, -0.46109557564212705, 0.24856201034498016], [0.27030447929594387, 0.2355920426359884, 0.8272809399510629], [-0.5301965692326802, 0.26549974208601324, 0.022171925207428823]]	[[0.09815525893687511, 0.12843402564643416, -0.019952454171973288], [0.0853736530740772, 0.030079475822232814, 0.16837676281959327], [0.09064621115795445, -0.08207611198465087, -0.043667333222890084]]	0.6002565361594235	[[-0.33068228370284863, -0.3306822837028487, 0.4676553704490761], [0.5, 0.5000000000000001, 0.7071067811865475], [-0.4676553704490761, 0.46765537044907607, 0.0]]
8	[[0.8787972042104137, -0.3840163418041313, 0.28327887866788265], [-0.395223040501579, -0.9183905790867732, -0.018907472103605397], [0.2674214316928388, -0.09534250611366366, -0.9588511794847616]]	0.5620932077980091	0.437906792201991	[[0.49396593951855344, -0.21585297741154086, 0.15922913361185317], [-0.22215218663121503, -0.5162211066103556, -0.010627761646066925], [0.15031577037416394, -0.05359137510093048, -0.5389637352774942]]	0.7818246765638766	0.3795585231907122	[[0.541026149072046, -0.22729763140597273, 0.22014139899114316], [-0.3455775957139139, -0.8462628399578414, -0.02557674110058866], [0.19788114288066266, -0.07454112400510451, -0.6265602222887122]]	[[-0.1460391908749996, 0.07293582082028531, -0.0013330187007518203], [-0.036582469903174986, -0.1282424225040135, -0.010794412838546852], [-0.011195531458839857, 0.0, 0.12309329098485305]]	0.5168645649176975	[[0.9017999999999999, 0.0, 0.0], [0.0, -1.0, 0.0], [0.0, 0.0, -0.9017999999999999]]
8	[[0.5319609947059123, -0.8460851799387872, 0.03402011756955908], [-0.703274286200726, -0.4190807785627857, 0.5742617690636116], [-0.47161719485230363, -0.3294103357928521, -0.8179645788128509]]	0.537184016797061	0.46281598320293904	[[0.2857609439154822, -0.4545034355119819, 0.018275063407924], [-0.37778770597139194, -0.22512349599079684, 0.3084842437985771], [-0.25334521912132263, -0.17695396735567298, -0.4393974980444034]]	0.6904102431692959	0.5030155893180892	[[0.4153770035743007, -0.5190809301163241, 0.08047315269662972], [-0.5340286791211161, -0.33403506689257845, 0.3276094658637738], [-0.23513175755394117, -0.11650355126654902, -0.4709282406861246]]	[[0.048105683862811346, 0.06506494470715143, 0.056985315052782384], [-0.04848090817055992, -0.04469740465746787, -0.06886674175826435], [0.09047758462685897, 0.11092471877067343, 0.09380288307592638]]	0.5143045906382588	[[0.42173161307097684, -0.4217316130709768, 0.0], [-0.5, -0.5000000000000001, 0.7071067811865475], [-0.2982092834432289, -0.29820928344322895, -0.42173161307097684]]
8	[[-0.3195682178843842, -0.5708200961323295, -0.7563336379995778], [0.910087742671785, 0.03735879733279218, -0.41272826520656647], [0.2638493031197415, -0.8202248094963509, 0.507557688474819]]	0.47345551955200904	0.5265444804479908	[[-0.15130133663076079, -0.27025792518505987, -0.3580903355337512], [0.4308860650445851, 0.017687728801035266, -0.1954084752371743], [0.12492090889199274, -0.3883399633295424, 0.24030598909946216]]	0.6627067571856115	0.5275166577023865	[[-0.2265235617109465, -0.35692444344240787, -0.3545441001804872], [0.7784545421685787, 0.01175598577952891, -0.2264149465803675], [0.14974282319930882, -0.3545441001804872, 0.3010107517008318]]	[[-0.0147435443372013, 0.021361891401827288, 0.1466833124086091], [0.1753332454681866, -0.013001941653240263, 0.047102863653519206], [-0.025111892856858466, 0.18902442348402546, -0.03535115811294022]]	0.5748718256836048	[[-0.24251668386544978, -0.24251668386544983, -0.34297038342426756], [0.8535533905932738, -0.14644660940672602, -0.5], [0.07103149215331615, -0.41400187557758356, 0.24251668386544978]]
8	[[0.04673222253661188, -0.9725397674033924, -0.22799671093185395], [-0.8377629715199755, -0.16246744520517667, 0.5213036857710898], [-0.5440306084466285, 0.16664552219444034, -0.8223502702654952]]	0.5063422092963166	0.49365779070368326	[[0.023662496804515168, -0.4924379344555595, -0.11544435832552861], [-0.42419475386607153, -0.08226412514391744, 0.2639580599676463], [-0.2754656602056853, 0.08437966187727128, -0.41639065266165387]]	0.6807981402669095	0.4912903935519394	[[0.0033073448181803735, -0.6748549421509916, -0.10002721887311784], [-0.668229953660083, -0.145809283881166, 0.27961471927521897], [-0.2314150292289482, 0.009304090546980497, -0.48783882023165287]]	[[-0.028507865375284255, -0.01275167716714929, 0.05519251791626052], [-0.09788248066480357, -0.03520174933156579, -0.07528786051202435], [0.1389599972497918, -0.10414787104680248, 0.0720157144130867]]	0.5314332069256676	[[-0.07876634747540047, -0.45908391614280725, -0.26892513180910377], [-0.8535533905932738, -0.14644660940672602, 0.5], [-0.26892513180910377, 0.2689251318091038, -0.3803175686674069]]
8	[[-0.30792515101507295, 0.09349718223056193, 0.9468053539599837], [0.3027085282091916, -0.9338174967034747, 0.1906631317268273], [0.9019698710720718, 0.34531602882779927, 0.2592434992682147]]	0.5722194483191504	0.4277805516808497	[[-0.17620076003743612, 0.05350090603536721, 0.5417804373085999], [0.1732157070133656, -0.5343485327944323, 0.10910115205152669], [0.5161247020253561, 0.19759654751160313, 0.1483441721315839]]	0.7843392198456378	0.31923656990049387	[[-0.16535337899275626, 0.07029447645909592, 0.7127500731017374], [0.2597613883069847, -0.8362558880057068, 0.13555186762837682], [0.6575353566246315, 0.2327115193299842, 0.09505890253366037]]	[[0.07616439372525621, -0.0030390305093884445, -0.02986649956890903], [0.022335217450766127, -0.10382620116309715, -0.013992704363568967], [-0.049914988376307895, -0.03813338532100563, -0.10827594143242433]]	0.48740057914780727	[[0.0, 0.0, 0.9017999999999999], [0.0, -1.0, 0.0], [0.9017999999999999, 0.0, 0.0]]
8	[[0.22433838825039393, -0.7661379269479729, -0.6022499185961573], [-0.9416906372873723, -0.011392912655017143, -0.3362869982418849], [0.2507808429735371, 0.642575192824231, -0.724020780340167]]	0.4545899115399809	0.5454100884600193	[[0.10198196806976847, -0.3482785724387033, -0.27377673721958773], [-0.42808306350249475, -0.005179103156026987, -0.15287267678282412], [0.11400244122326206, 0.2921082000637534, -0.3291325424879445]]	0.669229195124717	0.5235307645794363	[[0.16134816130981483, -0.40606019187248443, -0.3070930307043964], [-0.8254666168693482, 0.05412143555332809, -0.19695121575194174], [0.13025655560580912, 0.3070930307043964, -0.34263623294516243]]	[[0.011214362305427359, 0.10666167633342682, 0.09595019758163631], [-0.19525974962103812, 0.061745905319571526, 0.02810186141238205], [-0.03757330609006917, -0.12293704839647354, 0.1418996111354571]]	0.5568049797942155	[[0.07876634747540047, -0.45908391614280725, -0.26892513180910377], [-0.8535533905932738, 0.14644660940672602, -0.5], [0.26892513180910377, 0.2689251318091038, -0.3803175686674069]]
8	[[0.8592155572171323, 0.2624339665249735, -0.4391776855101157], [-0.4266000482917053, 0.8413623931712975, -0.33184593135155627], [0.2824199444684594, 0.4724804086637203, 0.8348660002631537]]	0.5047810853559762	0.4952189146440237	[[0.4337157615268039, 0.13247170245675013, -0.22168858875592176], [-0.21533963538959897, 0.4247038220027092, -0.1675095493986033], [0.14256024609496346, 0.23849917349470792, 0.4214245657396375]]	0.7251513965916765	0.4802607500475752	[[0.4387337836647223, 0.17329303250423836, -0.2802102174066552], [-0.3487105599456841, 0.749549506338711, -0.25593041855443666], [0.23265480420317755, 0.3025038786689215, 0.4327683119810847]]	[[-0.1843275776245767, -0.017011324834439456, 0.03826009459290528], [-0.039360939140877356, 0.1394343918908293, -0.015291877981590058], [0.027857587046530515, -0.0401159495357813, -0.17263593407664818]]	0.5874827827236904	[[0.5090750899787174, -0.08734347690774051, -0.2982092834432289], [-0.14644660940672619, 0.8535533905932737, -0.5], [0.2982092834432289, 0.29820928344322895, 0.42173161307097684]]
8	[[0.08740825448676931, -0.06334395238859675, -0.994156597696443], [0.7119981850616444, -0.6940087028176986, 0.10681996481098455], [-0.6967197295301035, -0.717174639895393, -0.015561310176609944]]	0.5812859171450513	0.41871408285494877	[[0.05080918737538974, -0.03682094745979792, -0.5778892296777807], [0.4138745180091699, -0.4034174853240333, 0.06209294121455525], [-0.4049933669729583, -0.41688351830476544, -0.009045570457989332]]	0.8210364225519188	0.30080708911953313	[[0.04549340777953253, -0.045493407779532535, -0.6968354864540236], [0.6785255579019497, -0.6634910167194747, 0.09727977193086976], [-0.5004729163419879, -0.5115090002861508, 0.0]]	[[-0.026271952785792238, 0.006514284279900009, 0.11940328997505104], [0.09394911517547834, -0.09368459413813361, 0.00957669016533717], [0.07155935791274884, 0.07731750039852334, 0.012776402437624594]]	0.30044150964608995	[[0.0, 0.0, -0.7333827538319998], [0.7071067811865475, -0.7071067811865476, 0.0], [-0.5185799184398716, -0.5185799184398715, 0.0]]
