8	[[-0.3195682178843842, -0.5708200961323295, -0.7563336379995778], [0.910087742671785, 0.03735879733279218, -0.41272826520656647], [0.2638493031197415, -0.8202248094963509, 0.507557688474819]]	0.6249070787508572	0.3750929212491428	[[-0.19970044149974792, -0.3567095187663375, -0.4726382442833244], [0.568720272679987, 0.023345776906880465, -0.25791681452814436], [0.16488129724300704, -0.512564289621343, 0.31717639240233686]]	0.7282753692869138	0.3352927904094624	[[-0.2549494964301351, -0.37619779769399786, -0.5486372411947755], [0.7534674257144767, 0.08110079406056617, -0.34224389334983907], [0.2159946306470713, -0.5704241455677382, 0.28939076117281737]]	[[-0.02221583453802421, 0.03951641861316603, 0.002181918323481913], [0.09067293883668864, 0.05389330213691193, -0.041664063591379634], [0.023839681981446727, 0.026925380466505215, -0.08025100183559382]]	0.41732712604597477	[[-0.3385050655764395, -0.33850506557643956, -0.47871845467019475], [0.8535533905932738, -0.14644660940672602, -0.5], [0.0991458382413423, -0.5778642929115368, 0.3385050655764395]]
8	[[-0.30792515101507295, 0.09349718223056193, 0.9468053539599837], [0.3027085282091916, -0.9338174967034747, 0.1906631317268273], [0.9019698710720718, 0.34531602882779927, 0.2592434992682147]]	0.678007206152315	0.32199279384768503	[[-0.20877547134375932, 0.06339176330725717, 0.6419408528084621], [0.2052385634895933, -0.6331349919960717, 0.12927097725835707], [0.6115420723191393, 0.23412675594514848, 0.17576896065199196]]	0.8216222075366438	0.28845205486542985	[[-0.22427905480429877, 0.07145616393893489, 0.7223256776652178], [0.24922049754566206, -0.8472950277840919, 0.11944191741979013], [0.661276361954398, 0.248440362120255, 0.15282289086536388]]	[[0.02871908752875995, -0.005363197323795255, -0.05559062736289752], [0.000508448358257578, -0.08004983470624032, -0.03721114576545564], [-0.0798021146473797, -0.035278955783028754, -0.060177325292911005]]	0.4576645963472171	[[-0.3579034315673922, -0.1048274880961537, 0.6109793750386308], [0.5, -0.8535533905932737, 0.14644660940672619], [0.506151886942477, 0.35790343156739224, 0.3579034315673922]]
8	[[-0.5446221603179724, 0.8109226453022452, -0.2139887049042392], [-0.8354447797583356, -0.5021691245819775, 0.22328947644507607], [0.07361197229480154, 0.30038414347728, 0.9509735242804028]]	0.6782371934770244	0.32176280652297556	[[-0.36938300551945563, 0.5499978990767594, -0.14513509865003438], [-0.5666297227283243, -0.3405897777072947, 0.15144322783706254], [0.04992637749553467, 0.20373169843703023, 0.6449856141788953]]	0.7994136773059926	0.2968110880422208	[[-0.4753414150270552, 0.6133996020610825, -0.10805759493195793], [-0.7348183796782916, -0.4058658488818425, 0.0970664812107801], [0.07430812201100356, 0.1114218371951061, 0.7373778556844082]]	[[-0.039963011104931105, -0.03486305183068832, 0.0630079025574868], [-0.0669523961055853, -0.00442498237023294, -0.08143418025790794], [0.015461704545069437, -0.12870935554647717, -0.02284338638122823]]	0.4151174180908716	[[-0.6325336312706106, 0.6325336312706105, 0.0], [-0.7071067811865475, -0.7071067811865476, 0.0], [0.0, 0.0, 0.8945376399999999]]
8	[[0.034229894132735264, 0.2773841392786001, 0.9601491309293217], [-0.1827544195208179, -0.9427759796974285, 0.2788803941677556], [0.9825625356654255, -0.18501754344446375, 0.018422055382213542]]	0.8188884844845975	0.18111151551540244	[[0.0280304661304238, 0.22714667743391742, 0.7862550667059158], [-0.14965548963426495, -0.772028393222909, 0.2283719433325006], [0.8046091457424037, -0.15150873575430013, 0.01508560901303217]]	0.8950575959235983	0.16037826579118544	[[0.009136993719163135, 0.22380940022171722, 0.8206834547447596], [-0.16655854111010696, -0.825279411408639, 0.25525427349296664], [0.8518903543863453, -0.15225394658517968, 0.0]]	[[-0.021500733032002173, -0.024465380628323184, -0.038705318112971204], [-0.00298280972939095, 0.01855939047385665, 0.0056402583389498035], [-0.02755970663094513, 0.01334741105391196, -0.016488800602375436]]	0.3619638739224842	[[0.0, 0.0, 0.9458], [0.0, -1.0, 0.0], [0.9458, 0.0, 0.0]]
8	[[0.04673222253661188, -0.9725397674033924, -0.22799671093185395], [-0.8377629715199755, -0.16246744520517667, 0.5213036857710898], [-0.5440306084466285, 0.16664552219444034, -0.8223502702654952]]	0.618739798054235	0.381260201945765	[[0.028915085934928808, -0.6017490592828876, -0.14107063887900506], [-0.5183572918155854, -0.1005250742366385, 0.32255133725893237], [-0.3366133888055895, 0.10311021674923052, -0.508820840153918]]	0.745238047410577	0.41350619656187537	[[-0.013871171887210744, -0.770845678460953, -0.12940451941130893], [-0.6801993554313823, -0.1539465121686614, 0.28057897202517884], [-0.26942795872604686, 0.033529110821162084, -0.5550258851340419]]	[[-0.04869780216155204, -0.04607204117211189, 0.040507304259579636], [-0.05586651434295293, -0.03286959053617057, -0.10791636886680511], [0.13600434964430674, -0.09066147274873862, 0.05782082456617611]]	0.41464742644839475	[[-0.10482748809615383, -0.6109793750386308, -0.3579034315673922], [-0.8535533905932738, -0.14644660940672602, 0.5], [-0.3579034315673922, 0.35790343156739224, -0.506151886942477]]
8	[[-0.8305561570912853, 0.32773595720904825, 0.4502950280316503], [-0.5100865793185324, -0.772219296347621, -0.37879947194723407], [0.22358030216652452, -0.5443036842615101, 0.808545204538665]]	0.6206845562030265	0.3793154437969734	[[-0.5155133797658957, 0.2034206471520722, 0.27949116963425436], [-0.31660286210944316, -0.4793045912449366, -0.23511498213550971], [0.13877284062596787, -0.33784089070552775, 0.5018515214491668]]	0.7563165442561247	0.40111919090346515	[[-0.5882952286324262, 0.23317442511843384, 0.19585722327840438], [-0.5709763032063113, -0.6222505096271067, -0.3025063412249273], [0.17408127385272446, -0.26051994364785824, 0.5679484504017468]]	[[0.03986813390950163, -0.014697701466386688, -0.14470835621820813], [-0.18518938426469128, -0.038208280005577896, -0.016014033635750387], [0.004983792354398507, 0.15114593785868385, -0.04356766456979791]]	0.48009013894739233	[[-0.5351574190552728, 0.3784134400162743, 0.3784134400162742], [-0.7071067811865475, -0.5000000000000001, -0.5], [0.0, -0.5351574190552728, 0.5351574190552728]]
8	[[0.8489524140446696, -0.5135124485683378, 0.12483895166604869], [0.522794976890395, 0.7815435453534784, -0.34040431673891397], [0.0772347773085365, 0.35425224329800037, 0.9319550081910795]]	0.7302003576904541	0.2697996423095458	[[0.6199053563975923, -0.37496697362310116, 0.09115744716025007], [0.3817450791241392, 0.5706833763677757, -0.24856335384212958], [0.056396862016835934, 0.25867511476884564, 0.6805138803325365]]	0.8705783080780313	0.2165650312360979	[[0.6961071918680408, -0.446473992332258, 0.05218409220025262], [0.5024104262337268, 0.665968499842371, -0.30401295170665193], [0.027288809107267827, 0.2623212215026496, 0.77665712239477]]	[[-0.042972364389728034, 0.0005788063193726267, -0.05649799112341117], [0.047276459780793284, -0.01442635756076648, -0.007664337577629909], [-0.03995011264678141, -0.046083097100570646, -0.034682691841067564]]	0.44498328110544705	[[0.6687815936462367, -0.6687815936462366, 0.0], [0.7071067811865475, 0.7071067811865476, 0.0], [0.0, 0.0, 0.9458]]
8	[[0.3802729664721569, 0.7767473726770865, -0.5020517802076895], [0.4287143634067757, 0.332951791095048, 0.839849450446521], [0.8195098935212374, -0.5346088512602871, -0.20639019011321075]]	0.6333732523009353	0.36662674769906495	[[0.24085472553659462, 0.491971009648693, -0.3179861688536186], [0.2715362106590745, 0.21088275878529217, 0.5319381778724662], [0.5190556465523393, -0.33860694683159503, -0.13072202595501267]]	0.7973208997152381	0.3156342973848464	[[0.34396207728094885, 0.5071156457856374, -0.4015166388746169], [0.406242979405594, 0.30336960097870297, 0.7194168237314988], [0.5787050919743735, -0.41555152346968505, -0.06507087161743709]]	[[0.0407624935159861, -0.11220126824870469, -0.0012202617757849955], [0.064420057453258, 0.03790017934099932, 0.04978730427613068], [-0.07470727365351842, 0.010703286812897082, 0.09948834045602711]]	0.41741297828180757	[[0.40009879468838466, 0.4000987946883848, -0.5658251417374422], [0.5, 0.5000000000000001, 0.7071067811865475], [0.5658251417374422, -0.5658251417374421, 0.0]]
8	[[0.8787972042104137, -0.3840163418041313, 0.28327887866788265], [-0.395223040501579, -0.9183905790867732, -0.018907472103605397], [0.2674214316928388, -0.09534250611366366, -0.9588511794847616]]	0.6486416161683624	0.35135838383163776	[[0.570024438823281, -0.249088980582894, 0.1837464696854968], [-0.25635811173791834, -0.5957063494926428, -0.012264173262940839], [0.17346066965130025, -0.061843117255108784, -0.6219507787259363]]	0.8185992746943936	0.2913811217192546	[[0.6477489711536629, -0.26558739853290597, 0.16254916617664755], [-0.31850223292495655, -0.8543488384573026, -0.03313077664681827], [0.15454455650014517, -0.04896156399552686, -0.7454829394559377]]	[[-0.07163378281644278, 0.0487681003387503, -0.06934271843712231], [0.0050270613721490245, -0.10255497653070596, -0.017653133696502413], [-0.06436643352134892, 0.029085742356663995, 0.03943194061015198]]	0.4642884712803024	[[0.45277191442707015, -0.3201580910221965, 0.32015809102219644], [-0.5, -0.8535533905932737, -0.14644660940672619], [0.32015809102219644, -0.09377213380866142, -0.5465440482357317]]
8	[[0.22433838825039393, -0.7661379269479729, -0.6022499185961573], [-0.9416906372873723, -0.011392912655017143, -0.3362869982418849], [0.2507808429735371, 0.642575192824231, -0.724020780340167]]	0.6104210565688573	0.3895789434311428	[[0.13694087598476, -0.4676667228450556, -0.3676260316279746], [-0.5748277937739583, -0.006954473780272294, -0.20527666477718082], [0.1530819071351352, 0.39224142812870416, -0.44195752971305324]]	0.7362836090588267	0.4400578563963822	[[0.20735469838739068, -0.4810269914613954, -0.35845000681739947], [-0.8120246421772382, 0.044974802931635416, -0.2066045311621023], [0.16532444779023195, 0.3584500068173994, -0.4015916719650033]]	[[0.042178020235950416, 0.08306780642870568, 0.08497673680196383], [-0.11867326113838522, 0.05336321777896336, 0.040998073582992], [-0.019321376357138795, -0.1146675752468969, 0.13149296121744294]]	0.42742617339726113	[[0.10482748809615383, -0.6109793750386308, -0.3579034315673922], [-0.8535533905932738, 0.14644660940672602, -0.5], [0.3579034315673922, 0.35790343156739224, -0.506151886942477]]
8	[[0.5319609947059123, -0.8460851799387872, 0.03402011756955908], [-0.703274286200726, -0.4190807785627857, 0.5742617690636116], [-0.47161719485230363, -0.3294103357928521, -0.8179645788128509]]	0.6512807909964123	0.34871920900358777	[[0.34645597741130485, -0.5510390252408752, 0.02215664908049337], [-0.458029033404246, -0.27293926095376353, 0.37400565919474804], [-0.3071552197109174, -0.21453862405756252, -0.5327246178962808]]	0.7639953790780479	0.3165901834915108	[[0.42851937325590916, -0.5867151081072145, 0.026493373774206318], [-0.6019898674375268, -0.376024569949917, 0.5653039163261843], [-0.30016001463485, -0.31533511725448243, -0.5800136998168681]]	[[0.022103631450830302, 0.05969005967243757, 0.0005021611553712654], [-0.06469156255575965, -0.05584879166751809, 0.1265705783804], [0.06015334292606133, -0.06366714288819546, 0.04490745864567161]]	0.40247432041543796	[[0.5351574190552728, -0.5351574190552728, 0.0], [-0.5, -0.5000000000000001, 0.7071067811865475], [-0.3784134400162742, -0.3784134400162743, -0.5351574190552728]]
8	[[0.08740825448676931, -0.06334395238859675, -0.994156597696443], [0.7119981850616444, -0.6940087028176986, 0.10681996481098455], [-0.6967197295301035, -0.717174639895393, -0.015561310176609944]]	0.7232249338319572	0.276775066168043	[[0.06321582906756061, -0.04581192577489754, -0.7189988395876138], [0.5149348402796812, -0.5019243981741326, 0.07725486198235632], [-0.5038850802888282, -0.5186785814843033, -0.01125432752281729]]	0.8841497360370202	0.1875416411042507	[[0.04950396187839947, -0.04950396187839948, -0.8113812039053159], [0.6814815947657734, -0.6689422873245017, 0.0874898590161457], [-0.5836294363549654, -0.5942383638099873, 0.0]]	[[-0.027778023253534297, 0.006501576905519914, 0.06760208952745622], [0.051968587384683115, -0.055334675920838766, -0.0069549846749700755], [0.032375128600859754, 0.03985140474596939, 0.01375852828503988]]	0.20645859568872715	[[0.0, 0.0, -0.846053699912], [0.7071067811865475, -0.7071067811865476, 0.0], [-0.5982503084557436, -0.5982503084557435, 0.0]]
8	[[-0.42203838922340475, -0.825029846081567, 0.3757783270710803], [0.2588054115689476, 0.28760896992378115, 0.9221175843470338], [-0.8688517462515349, 0.4864224845687207, 0.09214016247897017]]	0.627881330918898	0.37211866908110214	[[-0.2649900255244592, -0.5180208378055079, 0.23594419613186673], [0.16249908626492393, 0.18058430281995697, 0.5789804161235348], [-0.5455357908076224, 0.30541559699988546, 0.0578530878483793]]	0.797796688579378	0.33408245606220877	[[-0.2545613673069028, -0.5456362220698666, 0.30370317664063684], [0.26837193528381864, 0.23802824593711325, 0.8262165485432041], [-0.6368555433794355, 0.3357231910336297, 0.024280947068031317]]	[[0.08213946206890418, 0.11256985711316143, 0.003908471663430486], [0.061897834947689204, 0.008574762126194633, 0.0905541932703251], [0.056311502646449234, -0.05234305640584934, -0.04922816944285695]]	0.5355879066169021	[[-0.40009879468838466, -0.4000987946883848, 0.5658251417374422], [0.5, 0.5000000000000001, 0.7071067811865475], [-0.5658251417374422, 0.5658251417374421, 0.0]]
8	[[0.8592155572171323, 0.2624339665249735, -0.4391776855101157], [-0.4266000482917053, 0.8413623931712975, -0.33184593135155627], [0.2824199444684594, 0.4724804086637203, 0.8348660002631537]]	0.6417285992341514	0.3582714007658487	[[0.5513831959731411, 0.16841138172953343, -0.28183288093730324], [-0.27376145142345754, 0.5399263100181101, -0.21295502468778651], [0.1812369553595313, 0.3032041908173487, 0.5357573888970922]]	0.7690950980271738	0.41196277289446986	[[0.5046826557121762, 0.20569982688483343, -0.29373079959518134], [-0.35682640065169824, 0.748693546119214, -0.24988104861918387], [0.2448999667952018, 0.32930084452983444, 0.5023162706804802]]	[[-0.15613581749220684, 0.0038631496746489103, 0.04403860549356843], [-0.02873039469239213, 0.10160585386675754, 0.0053400304835600305], [0.027692171919403007, -0.03408152168730872, -0.1397750776314645]]	0.4969430612694908	[[0.5465440482357317, 0.09377213380866142, -0.32015809102219644], [-0.2499999999999999, 0.9571067811865475, -0.14644660940672619], [0.29269286891597185, 0.1600790455110982, 0.5465440482357317]]
