8	[[0.034229894132735264, 0.2773841392786001, 0.9601491309293217], [-0.1827544195208179, -0.9427759796974285, 0.2788803941677556], [0.9825625356654255, -0.18501754344446375, 0.018422055382213542]]	0.8708559895311306	0.12914401046886959	[[0.029809308326509, 0.24156163909170622, 0.8361516215129093], [-0.15915278085298926, -0.8210221087055853, 0.24286466162379255], [0.8556704692731308, -0.1611236358769474, 0.01604295726907487]]	0.9178030243006327	0.12788705958031907	[[0.009038150835575194, 0.23616678489673473, 0.8588824016627923], [-0.16495262464953966, -0.8266864451287578, 0.25346331006370726], [0.892041759192625, -0.15985673888350338, 0.0]]	[[-0.022378149520939708, -0.01841721702619235, -0.022345374483763298], [0.002779934290973597, 0.03859620027553405, -0.0024939591216113647], [-0.009757107605600711, 0.00995292203849914, -0.016907818143629332]]	0.34960717204129044	[[0.0, 0.0, 0.9736], [0.0, -1.0, 0.0], [0.9736, 0.0, 0.0]]
8	[[-0.5446221603179724, 0.8109226453022452, -0.2139887049042392], [-0.8354447797583356, -0.5021691245819775, 0.22328947644507607], [0.07361197229480154, 0.30038414347728, 0.9509735242804028]]	0.7796413952695943	0.22035860473040578	[[-0.42460998096504454, 0.6322288626391528, -0.16683445246347456], [-0.6513473337614879, -0.3915118369504036, 0.17408571896465636], [0.05739094078846581, 0.23419191273748857, 0.7414183253344165]]	0.8468630480058249	0.18098249936921065	[[-0.4785470845878665, 0.6694137212081345, -0.1266572239670104], [-0.7615680190102025, -0.45153715837419534, 0.2089023500986108], [0.04524112104047677, 0.20530716434268748, 0.8226710392344146]]	[[-0.017326701889471368, -0.017326701889471365, 0.05456190290701261], [-0.05406070638350333, -0.026268682916285067, 0.019806743488708818], [-0.017098138186819208, -0.049077066975100864, 0.017326701889471368]]	0.395685868526499	[[-0.6702643682821137, 0.6702643682821136, 0.0], [-0.7071067811865475, -0.7071067811865476, 0.0], [0.0, 0.0, 0.94789696]]
8	[[0.5319609947059123, -0.8460851799387872, 0.03402011756955908], [-0.703274286200726, -0.4190807785627857, 0.5742617690636116], [-0.47161719485230363, -0.3294103357928521, -0.8179645788128509]]	0.7713343765434931	0.22866562345650693	[[0.4103198021969413, -0.6526145847707735, 0.02624088617545218], [-0.5424596330857071, -0.32325141105408794, 0.4429478436134443], [-0.3637745549585927, -0.25408551598576223, -0.6309241984332713]]	0.8291064449525096	0.21494766062879556	[[0.48498268869104066, -0.6821985337726597, 0.005039384840169499], [-0.6002574558313477, -0.3865596272571202, 0.5598607844444397], [-0.3500613143185041, -0.3429345479315191, -0.6771591489324902]]	[[0.04393039951702084, 0.019296141893392783, -0.023166913894794038], [-0.017168212572950026, -0.03909705279499895, 0.08373665062396957], [0.04095954148396442, -0.06981831549169501, 0.001020555104109525]]	0.3349919383480482	[[0.6185685399837353, -0.6185685399837352, 0.0], [-0.5, -0.5000000000000001, 0.7071067811865475], [-0.4373940092511611, -0.43739400925116123, -0.6185685399837353]]
8	[[0.8592155572171323, 0.2624339665249735, -0.4391776855101157], [-0.4266000482917053, 0.8413623931712975, -0.33184593135155627], [0.2824199444684594, 0.4724804086637203, 0.8348660002631537]]	0.7800297268120101	0.21997027318799003	[[0.6702136763687087, 0.20470629521466732, -0.3425716500503865], [-0.3327607191269692, 0.656287677695306, -0.2588496911758314], [0.22029595212999545, 0.3685487640939887, 0.6512202981099033]]	0.8184194046308759	0.22165741489019797	[[0.7222037559665435, 0.16754955694273735, -0.32028858410238387], [-0.3479103462523127, 0.7400606841404365, -0.3948637357326288], [0.23474197968351454, 0.38539141610208427, 0.6880493184201689]]	[[0.019005071179311682, -0.047231493695550714, 0.03914295579997115], [0.001227411286087601, 0.05147337524237421, -0.12327458616670947], [0.0036040168757528745, -0.0012957186562306214, 0.004778783538237932]]	0.38900167194250396	[[0.6890888355182962, 0.11822895281517375, -0.4036588941667349], [-0.2499999999999999, 0.9571067811865475, -0.14644660940672619], [0.3690304356197549, 0.20182944708336745, 0.6890888355182962]]
8	[[0.04673222253661188, -0.9725397674033924, -0.22799671093185395], [-0.8377629715199755, -0.16246744520517667, 0.5213036857710898], [-0.5440306084466285, 0.16664552219444034, -0.8223502702654952]]	0.7451973169900509	0.2548026830099491	[[0.03482472685126514, -0.7247340253351362, -0.16990253726897372], [-0.6242987186502981, -0.12107030426512576, 0.3884741079736407], [-0.4054101497748925, 0.12418379602770296, -0.6128132150278904]]	0.7843362593273113	0.3625112209728656	[[-0.028828394522191922, -0.8419601031418346, -0.14925585157915383], [-0.6855677958849605, -0.14763578403356364, 0.2712863625145403], [-0.29109625164216607, 0.036918073293205504, -0.6125274265749606]]	[[-0.06548217113660969, -0.07916189992960425, 0.0295702358120668], [-0.0284799206000501, -0.02020667579887037, -0.13759102035669643], [0.1356066807464237, -0.09378805221842829, 0.03247170826188154]]	0.36065381128033025	[[-0.1247276421428484, -0.7269659726710129, -0.4258468074069305], [-0.8535533905932738, -0.14644660940672602, 0.5], [-0.4258468074069305, 0.4258468074069306, -0.6022383305281647]]
8	[[-0.42203838922340475, -0.825029846081567, 0.3757783270710803], [0.2588054115689476, 0.28760896992378115, 0.9221175843470338], [-0.8688517462515349, 0.4864224845687207, 0.09214016247897017]]	0.7315309622922228	0.2684690377077773	[[-0.3087341489928569, -0.6035348772238532, 0.274893481210869], [0.18932417177146701, 0.2103948665322186, 0.6745575638239656], [-0.6355919540246635, 0.35583310821713016, 0.0674033817240028]]	0.8438317706278035	0.25682340604883996	[[-0.27545809889458295, -0.6230505478826587, 0.3242460041493306], [0.2551745596761912, 0.23066372776328883, 0.8305666693357363], [-0.7242481397096867, 0.36753338490878207, 0.022023194413446415]]	[[0.08067130235670883, 0.07313584795713418, 0.007152313053386979], [0.03678633098390871, -0.012029858575934192, 0.052454555409145794], [0.008916567742805123, -0.04292536151801696, -0.055727602037116464]]	0.5007779856081639	[[-0.4492543233886207, -0.4492543233886208, 0.635341557090936], [0.5, 0.5000000000000001, 0.7071067811865475], [-0.635341557090936, 0.6353415570909359, 0.0]]
8	[[-0.30792515101507295, 0.09349718223056193, 0.9468053539599837], [0.3027085282091916, -0.9338174967034747, 0.1906631317268273], [0.9019698710720718, 0.34531602882779927, 0.2592434992682147]]	0.7913712269331288	0.20862877306687122	[[-0.24368310456236725, 0.07399097981659011, 0.7492745146301676], [0.23955481937202955, -0.7389962980978517, 0.15088531648557207], [0.7137930035270216, 0.27327316941313123, 0.20515784609032478]]	0.8450860619167432	0.2666777018137181	[[-0.2521736119413325, 0.07733630297130924, 0.7391276749967636], [0.24420223980548877, -0.8497594776368496, 0.11851046690164767], [0.6761484838125723, 0.2614152660299828, 0.17483730897002328]]	[[0.008049641295113971, -0.0016768625602284412, -0.06100433298296709], [-0.011612518207430367, -0.06060332679875889, -0.04261628824209008], [-0.08609368249927744, -0.030406496888830695, -0.044245758904068386]]	0.39626602891467455	[[-0.4258468074069305, -0.12472764214284826, 0.7269659726710129], [0.5, -0.8535533905932737, 0.14644660940672619], [0.6022383305281647, 0.4258468074069306, 0.4258468074069305]]
8	[[0.22433838825039393, -0.7661379269479729, -0.6022499185961573], [-0.9416906372873723, -0.011392912655017143, -0.3362869982418849], [0.2507808429735371, 0.642575192824231, -0.724020780340167]]	0.7482806323721612	0.25171936762783875	[[0.16786807102535622, -0.5732861724609257, -0.45065194993321533], [-0.7046488655683387, -0.008525095886057064, -0.25163704770297357], [0.187654447767062, 0.48082657163317916, -0.5417707273635259]]	0.7744052987250392	0.24363158539775281	[[0.15373062940595902, -0.694501972793138, -0.39827595767108687], [-0.8680776392439128, -0.005938381927019475, -0.30050618465294937], [0.2190869926222483, 0.4139545562258318, -0.6477453633966391]]	[[-0.01999820716258112, -0.10120070261041081, 0.06810957044650082], [-0.1388274199688127, 0.0028843500009373842, -0.04008375132209578], [0.024880979004809137, -0.0836590779265164, -0.08705983471417628]]	0.34750250295878526	[[0.1247276421428484, -0.7269659726710129, -0.4258468074069305], [-0.8535533905932738, 0.14644660940672602, -0.5], [0.4258468074069305, 0.4258468074069306, -0.6022383305281647]]
8	[[0.8489524140446696, -0.5135124485683378, 0.12483895166604869], [0.522794976890395, 0.7815435453534784, -0.34040431673891397], [0.0772347773085365, 0.35425224329800037, 0.9319550081910795]]	0.8115962532593282	0.18840374674067215	[[0.6890065984341157, -0.4167647792600863, 0.10131882543298747], [0.4242984444670416, 0.6342978131678946, -0.2762708680586042], [0.06268345588492683, 0.2875097933693691, 0.7563711928541467]]	0.9002356151521815	0.16793312072885916	[[0.7406819241005075, -0.4671133769586027, 0.06562775802388722], [0.5082292146606896, 0.6667551542767401, -0.296295011475334], [0.021902658610163085, 0.28893457358794994, 0.8219880420112121]]	[[-0.023575274591925106, -0.004831181933382285, -0.04675671242415158], [0.0375905570412944, -0.03681818004276524, 0.010149078004580224], [-0.04762683865132903, -0.029975912576465737, -0.016991048081840567]]	0.4353876263380971	[[0.6884391621632228, -0.6884391621632227, 0.0], [0.7071067811865475, 0.7071067811865476, 0.0], [0.0, 0.0, 0.9736]]
8	[[0.3802729664721569, 0.7767473726770865, -0.5020517802076895], [0.4287143634067757, 0.332951791095048, 0.839849450446521], [0.8195098935212374, -0.5346088512602871, -0.20639019011321075]]	0.7484708155491225	0.2515291844508777	[[0.2846232173466994, 0.5813727395032572, -0.3757711053799382], [0.32088018921669226, 0.24920469861945166, 0.62860280311419], [0.6133792383544151, -0.40013912290256665, -0.15447703391537332]]	0.844416389750137	0.24951361561791913	[[0.3462764005397839, 0.5866984326918192, -0.4294084524063439], [0.4038690223959175, 0.2929526245909782, 0.7174759278424596], [0.6504950101452822, -0.42940845240634384, -0.07963580397985373]]	[[0.02516767507179028, -0.06919977949207048, -0.005467700695737548], [0.04185558741393958, 0.011802675193655965, 0.008293286962771736], [-0.04151257550644025, 0.022024023703335817, 0.09464345523538813]]	0.3824538316003601	[[0.4492543233886207, 0.4492543233886208, -0.635341557090936], [0.5, 0.5000000000000001, 0.7071067811865475], [0.635341557090936, -0.6353415570909359, 0.0]]
8	[[0.08740825448676931, -0.06334395238859675, -0.994156597696443], [0.7119981850616444, -0.6940087028176986, 0.10681996481098455], [-0.6967197295301035, -0.717174639895393, -0.015561310176609944]]	0.8444056405724626	0.15559435942753738	[[0.07380802312122126, -0.05348799069308461, -0.8394714387072051], [0.6012152835434086, -0.5860248632656426, 0.09019938081214733], [-0.5883140695133401, -0.6055863112031945, -0.013140058087827098]]	0.9321857854764863	0.11344846675833731	[[0.058619952066346695, -0.05546849638271109, -0.8851362097280885], [0.682708883447963, -0.6702358303269318, 0.09226525702923047], [-0.6400139306679294, -0.6525264524342675, 0.0]]	[[-0.022860780299530967, 0.0035798356298381174, 0.04160243918220154], [0.01899429604844152, -0.023290782563298033, -0.007310795772667766], [0.009458297661055201, 0.016013552580435658, 0.014506032150026379]]	0.15173799332300014	[[0.0, 0.0, -0.9228724802560001], [0.7071067811865475, -0.7071067811865476, 0.0], [-0.6525693889594659, -0.6525693889594658, 0.0]]
8	[[0.8787972042104137, -0.3840163418041313, 0.28327887866788265], [-0.395223040501579, -0.9183905790867732, -0.018907472103605397], [0.2674214316928388, -0.09534250611366366, -0.9588511794847616]]	0.768461657017854	0.23153834298214615	[[0.6753219557301918, -0.29510183434473736, 0.2176889564992807], [-0.30371375259547784, -0.7057479461946082, -0.014529667342755452], [0.20550311652076572, -0.07326706023234086, -0.7368403662203836]]	0.8425599136885281	0.25354271546293433	[[0.6893086112671369, -0.31106629111126943, 0.14144579561846585], [-0.35893699673315727, -0.8404921653956292, -0.026148980873479034], [0.12936360149188322, -0.05395553640068921, -0.807889567026824]]	[[-0.051130685262108885, 0.012490484694203732, -0.09723363194172835], [-0.02593790584042925, -0.06669307834792026, -0.010218302809797018], [-0.09595497691369766, 0.026376237321287205, 0.0]]	0.36276440825661016	[[0.5708598827031225, -0.403658894166735, 0.4036588941667349], [-0.5, -0.8535533905932737, -0.14644660940672619], [0.4036588941667349, -0.11822895281517375, -0.6890888355182962]]
8	[[-0.8305561570912853, 0.32773595720904825, 0.4502950280316503], [-0.5100865793185324, -0.772219296347621, -0.37879947194723407], [0.22358030216652452, -0.5443036842615101, 0.808545204538665]]	0.7589882988678053	0.2410117011321948	[[-0.6303824047848963, 0.24874775663990736, 0.34176865731437295], [-0.3871497451122708, -0.5861054100877746, -0.28750436682525415], [0.1696948332017203, -0.4131201273851225, 0.6136763493505227]]	0.7945688555774311	0.2555615898365125	[[-0.665816996730869, 0.32945914659154607, 0.3505715792137844], [-0.49531660648365994, -0.6222660772281992, -0.3679336167858567], [0.053740993262733, -0.4710631064085806, 0.6501737768102906]]	[[-0.005882941498057493, 0.06905036214037863, -0.00721882588153114], [-0.0900176969091272, -0.0086846746744609, -0.0669513538674077], [-0.12390895155937867, -0.03857635091833313, 0.007728938957383671]]	0.4172136171008114	[[-0.6185685399837353, 0.43739400925116123, 0.4373940092511611], [-0.7071067811865475, -0.5000000000000001, -0.5], [0.0, -0.6185685399837352, 0.6185685399837353]]
8	[[-0.3195682178843842, -0.5708200961323295, -0.7563336379995778], [0.910087742671785, 0.03735879733279218, -0.41272826520656647], [0.2638493031197415, -0.8202248094963509, 0.507557688474819]]	0.7498996348355177	0.2501003651644825	[[-0.23964408989653685, -0.42805778164640906, -0.567174318949702], [0.682474465897852, 0.028015348477754987, -0.3095047753647009], [0.19786049606109998, -0.6150862851243456, 0.38061732524522623]]	0.7976864257797336	0.2243896526231392	[[-0.2936972880438916, -0.47632995526467803, -0.5887983071341093], [0.7749592521239601, 0.007524113545311524, -0.31318233612705615], [0.19051345290541435, -0.6248970516721448, 0.43438359876673055]]	[[-0.03878205852689798, -0.020994513017636208, 0.014518769258756812], [0.048994613526157756, -0.02227649197051296, 0.016045398563839863], [-0.019955554644645736, 0.02938514495086229, 0.02951172037022866]]	0.31089556781971234	[[-0.41460445169138754, -0.41460445169138765, -0.5863392386022211], [0.8535533905932738, -0.14644660940672602, -0.5], [0.1214348323902772, -0.7077740709924982, 0.41460445169138754]]
