8	[[-0.30792515101507295, 0.09349718223056193, 0.9468053539599837], [0.3027085282091916, -0.9338174967034747, 0.1906631317268273], [0.9019698710720718, 0.34531602882779927, 0.2592434992682147]]	0.9035034514788658	0.09649654852113446	[[-0.27821143673926946, 0.08447502684886116, 0.8554419051815144], [0.27349820002909214, -0.8437073313229435, 0.17226479758495808], [0.8149328916435645, 0.3119942238968922, 0.23422739636229079]]	0.9035034514788657	0.09649654852113454	[[-0.2782114367392694, 0.08447502684886118, 0.8554419051815143], [0.2734982000290922, -0.8437073313229434, 0.17226479758495808], [0.8149328916435644, 0.3119942238968921, 0.23422739636229073]]	[[0.0, 0.0, 0.0], [0.0, 0.0, 0.0], [0.0, 0.0, 0.0]]	0.36811627138598585	[[-0.49402992011990393, -0.14469801349407146, 0.8433618267457367], [0.5, -0.8535533905932737, 0.14644660940672619], [0.6986638132516652, 0.49402992011990404, 0.49402992011990393]]
8	[[0.8787972042104137, -0.3840163418041313, 0.28327887866788265], [-0.395223040501579, -0.9183905790867732, -0.018907472103605397], [0.2674214316928388, -0.09534250611366366, -0.9588511794847616]]	0.9000011738158639	0.09999882618413622	[[0.7909185153354719, -0.34561515838819223, 0.25495132331833614], [-0.3557012003704959, -0.8265525991995267, -0.017016747087135548], [0.2406796024270738, -0.08580836741684347, -0.8629671870510112]]	0.9000011738158639	0.09999882618413626	[[0.7909185153354718, -0.34561515838819223, 0.2549513233183361], [-0.35570120037049585, -0.8265525991995267, -0.01701674708713557], [0.24067960242707379, -0.08580836741684349, -0.862967187051011]]	[[0.0, 0.0, 0.0], [0.0, 0.0, 0.0], [0.0, 0.0, 0.0]]	0.3085054033892086	[[0.6958719526539114, -0.4920557765591049, 0.49205577655910476], [-0.5, -0.8535533905932737, -0.14644660940672619], [0.49205577655910476, -0.14411980023214915, -0.8399917528860606]]
8	[[-0.8305561570912853, 0.32773595720904825, 0.4502950280316503], [-0.5100865793185324, -0.772219296347621, -0.37879947194723407], [0.22358030216652452, -0.5443036842615101, 0.808545204538665]]	0.9030031060789433	0.09699689392105683	[[-0.7499947896264215, 0.2959465873335262, 0.406617808964485], [-0.46060976549381816, -0.6973164231759976, -0.3420570997494159], [0.20189370731444037, -0.49150791753835604, 0.730118831103649]]	0.9030031060789432	0.09699689392105704	[[-0.7499947896264212, 0.29594658733352613, 0.40661780896448496], [-0.46060976549381794, -0.6973164231759975, -0.34205709974941584], [0.20189370731444034, -0.49150791753835604, 0.7301188311036486]]	[[0.0, 0.0, 0.0], [0.0, 0.0, 0.0], [0.0, 0.0, 0.0]]	0.3657562978361944	[[-0.700063941133933, 0.495019960039984, 0.4950199600399839], [-0.7071067811865475, -0.5000000000000001, -0.5], [0.0, -0.7000639411339329, 0.700063941133933]]
8	[[-0.5446221603179724, 0.8109226453022452, -0.2139887049042392], [-0.8354447797583356, -0.5021691245819775, 0.22328947644507607], [0.07361197229480154, 0.30038414347728, 0.9509735242804028]]	0.8877976422821924	0.11220235771780765	[[-0.4835142698649301, 0.719935212572572, -0.1899786676890034], [-0.7417059057264158, -0.44582456483079197, 0.19823587073436366], [0.06535253544706687, 0.266680334358085, 0.8442720527289291]]	0.8877976422821925	0.11220235771780768	[[-0.4835142698649301, 0.7199352125725718, -0.18997866768900343], [-0.741705905726416, -0.44582456483079214, 0.19823587073436366], [0.06535253544706689, 0.266680334358085, 0.8442720527289289]]	[[0.0, 0.0, 0.0], [0.0, 0.0, 0.0], [0.0, 0.0, 0.0]]	0.3813957181627686	[[-0.7042811824889261, 0.704281182488926, 0.0], [-0.7071067811865475, -0.7071067811865476, 0.0], [0.0, 0.0, 0.996004]]
8	[[0.3802729664721569, 0.7767473726770865, -0.5020517802076895], [0.4287143634067757, 0.332951791095048, 0.839849450446521], [0.8195098935212374, -0.5346088512602871, -0.20639019011321075]]	0.8949414227443839	0.10505857725561613	[[0.3403220296458195, 0.695143398816594, -0.44930693447042047], [0.3836742423382127, 0.29797234962789315, 0.7516160620736986], [0.7334133500609948, -0.478443605958622, -0.18470713038040068]]	0.8949414227443838	0.10505857725561624	[[0.34032202964581953, 0.6951433988165939, -0.44930693447042014], [0.3836742423382126, 0.2979723496278931, 0.7516160620736985], [0.7334133500609947, -0.478443605958622, -0.1847071303804007]]	[[0.0, 0.0, 0.0], [0.0, 0.0, 0.0], [0.0, 0.0, 0.0]]	0.36684203832374057	[[0.4960119840079999, 0.496011984008, -0.7014668748837004], [0.5, 0.5000000000000001, 0.7071067811865475], [0.7014668748837004, -0.7014668748837003, 0.0]]
8	[[0.8592155572171323, 0.2624339665249735, -0.4391776855101157], [-0.4266000482917053, 0.8413623931712975, -0.33184593135155627], [0.2824199444684594, 0.4724804086637203, 0.8348660002631537]]	0.9160831903860741	0.0839168096139261	[[0.7871129288848191, 0.2404113453198699, -0.4023232952884786], [-0.3908011332579187, 0.7707579454072244, -0.3039984795091718], [0.2587201637573242, 0.43283136016357693, 0.7648067090659311]]	0.9160831903860741	0.08391680961392596	[[0.7871129288848189, 0.2404113453198699, -0.40232329528847877], [-0.39080113325791865, 0.7707579454072246, -0.30399847950917175], [0.25872016375732415, 0.4328313601635771, 0.7648067090659308]]	[[0.0, 0.0, 0.0], [0.0, 0.0, 0.0], [0.0, 0.0, 0.0]]	0.30304502090935675	[[0.8399917528860606, 0.14411980023214915, -0.49205577655910476], [-0.2499999999999999, 0.9571067811865475, -0.14644660940672619], [0.44984406437435887, 0.24602788827955235, 0.8399917528860606]]
8	[[0.22433838825039393, -0.7661379269479729, -0.6022499185961573], [-0.9416906372873723, -0.011392912655017143, -0.3362869982418849], [0.2507808429735371, 0.642575192824231, -0.724020780340167]]	0.9275196664245774	0.0724803335754228	[[0.20807826703623267, -0.7106079944380009, -0.5585986436005367], [-0.8734365857719312, -0.010567150545385814, -0.3119128044322355], [0.23260416382048946, 0.5960011285010393, -0.6715435126655737]]	0.9275196664245772	0.07248033357542272	[[0.2080782670362326, -0.7106079944380009, -0.5585986436005366], [-0.8734365857719314, -0.010567150545385814, -0.31191280443223546], [0.23260416382048937, 0.5960011285010393, -0.671543512665574]]	[[0.0, 0.0, 0.0], [0.0, 0.0, 0.0], [0.0, 0.0, 0.0]]	0.29173610709205544	[[0.14469801349407163, -0.8433618267457366, -0.49402992011990393], [-0.8535533905932738, 0.14644660940672602, -0.5], [0.49402992011990393, 0.49402992011990404, -0.6986638132516652]]
8	[[0.034229894132735264, 0.2773841392786001, 0.9601491309293217], [-0.1827544195208179, -0.9427759796974285, 0.2788803941677556], [0.9825625356654255, -0.18501754344446375, 0.018422055382213542]]	0.8998910541519084	0.10010894584809167	[[0.030803175514615352, 0.24961550550043926, 0.864029613575026], [-0.1644590672335089, -0.8483956701990172, 0.25096197188992136], [0.8841992359901318, -0.16649563220683494, 0.016577842837544987]]	0.9365102242579499	0.12209638529157682	[[0.01274339665096218, 0.24570242579510324, 0.8928542188181956], [-0.1628858580483493, -0.8281386608005821, 0.25202411789448853], [0.9274381507477653, -0.1674879160140765, 0.0]]	[[-0.01931324917961161, -0.014070656686297003, -0.0063352591094994045], [0.008265524361223376, 0.054780683370865134, -0.009150222588701786], [0.007258290124277671, 0.005782905088753257, -0.017252443217289182]]	0.33922832649611817	[[0.0, 0.0, 0.998], [0.0, -1.0, 0.0], [0.998, 0.0, 0.0]]
8	[[0.08740825448676931, -0.06334395238859675, -0.994156597696443], [0.7119981850616444, -0.6940087028176986, 0.10681996481098455], [-0.6967197295301035, -0.717174639895393, -0.015561310176609944]]	0.9487593835128022	0.05124061648719777	[[0.08292940164079736, -0.06009816921746934, -0.9432154007456622], [0.6755149591213199, -0.6584472690378395, 0.10134644396092894], [-0.6610193810701874, -0.680426169218169, -0.014763939049811948]]	0.9699121014784068	0.05076031666158732	[[0.07002920311313739, -0.05645229030001492, -0.9470807662781725], [0.678551403008742, -0.6722044882326269, 0.09015500085739779], [-0.6818299295562208, -0.7073268753725568, -0.009600327117737435]]	[[-0.01474912068268442, 0.004985775677157099, 0.017163748592207644], [-0.012024252913208926, 0.0009229511615903302, -0.013450975692273713], [-0.006073032546211002, -0.011730513264596622, 0.005492775937415633]]	0.11176565457923245	[[0.0, 0.0, -0.994011992], [0.7071067811865475, -0.7071067811865476, 0.0], [-0.7028726201239482, -0.7028726201239481, 0.0]]
8	[[-0.3195682178843842, -0.5708200961323295, -0.7563336379995778], [0.910087742671785, 0.03735879733279218, -0.41272826520656647], [0.2638493031197415, -0.8202248094963509, 0.507557688474819]]	0.9224789941005618	0.07752100589943828	[[-0.29479496818049594, -0.5265695480925373, -0.6977018935862689], [0.8395368254031191, 0.03446270578436088, -0.3807331549246234], [0.24339543973603334, -0.7566401572005186, 0.4682113059122573]]	0.9224789941005619	0.07752100589943824	[[-0.294794968180496, -0.5265695480925375, -0.697701893586269], [0.8395368254031191, 0.03446270578436089, -0.3807331549246234], [0.24339543973603334, -0.7566401572005186, 0.46821130591225724]]	[[0.0, 0.0, 0.0], [0.0, 0.0, 0.0], [0.0, 0.0, 0.0]]	0.22864410938948412	[[-0.4930418602796641, -0.49304186027966423, -0.6972664856251618], [0.8535533905932738, -0.14644660940672602, -0.5], [0.1444086174670835, -0.841675103092245, 0.4930418602796641]]
8	[[0.8489524140446696, -0.5135124485683378, 0.12483895166604869], [0.522794976890395, 0.7815435453534784, -0.34040431673891397], [0.0772347773085365, 0.35425224329800037, 0.9319550081910795]]	0.8933536011882219	0.10664639881177825	[[0.7584146963242399, -0.458748195183506, 0.11152532703942698], [0.4670407752881476, 0.6981947407269402, -0.30410142221872494], [0.06899796644555146, 0.3164725172792747, 0.8325653627128995]]	0.9243949720108102	0.13271904890360214	[[0.7799446775052457, -0.4921886190661856, 0.06773191719155074], [0.5105903902181594, 0.6678444694629507, -0.291303996421616], [0.026625020198678205, 0.305992410032751, 0.8639639760036346]]	[[-0.004822665514086533, -0.017500293544654356, -0.047668582039645246], [0.027321342188170582, -0.054610454269307315, 0.02336404242261139], [-0.04477041960970757, -0.02147658249547074, 0.0024694522915073595]]	0.42761080564627557	[[0.7056925676241744, -0.7056925676241743, 0.0], [0.7071067811865475, 0.7071067811865476, 0.0], [0.0, 0.0, 0.998]]
8	[[0.04673222253661188, -0.9725397674033924, -0.22799671093185395], [-0.8377629715199755, -0.16246744520517667, 0.5213036857710898], [-0.5440306084466285, 0.16664552219444034, -0.8223502702654952]]	0.9175033551645471	0.08249664483545302	[[0.0428769709716377, -0.8923084996235606, -0.2091877472464574], [-0.7686503372021984, -0.1490644260807618, 0.47829788075461965], [-0.4991499085619917, 0.15289782573654695, -0.7545091320890639]]	0.9175033551645466	0.08249664483545344	[[0.04287697097163769, -0.8923084996235603, -0.20918774724645725], [-0.7686503372021979, -0.14906442608076179, 0.4782978807546194], [-0.4991499085619915, 0.15289782573654687, -0.7545091320890639]]	[[0.0, 0.0, 0.0], [0.0, 0.0, 0.0], [0.0, 0.0, 0.0]]	0.3202791964576018	[[-1.9728932872105733e-16, -0.9880598402398081, 0.0], [-0.7071067811865476, 1.3401577416544657e-16, 0.7071067811865475], [-0.698663813251665, 1.0969667843416887e-16, -0.6986638132516652]]
8	[[-0.42203838922340475, -0.825029846081567, 0.3757783270710803], [0.2588054115689476, 0.28760896992378115, 0.9221175843470338], [-0.8688517462515349, 0.4864224845687207, 0.09214016247897017]]	0.8803342426686683	0.11966575733133178	[[-0.3715348457540907, -0.7263020247292644, 0.3308105289734186], [0.22783526599210246, 0.25319202472256774, 0.811771685267608], [-0.7648799440276949, 0.42821436956981673, 0.08111414015529227]]	0.8840899545033671	0.18901439776288384	[[-0.30255022998463343, -0.6898636693594519, 0.35904851619300554], [0.2565888610728719, 0.23409632663773455, 0.8310163266523435], [-0.7999166347023356, 0.40246677677250436, 0.021932196812193296]]	[[0.07056967034256086, 0.039536929726720925, 0.026826672109382672], [0.0277815965336558, -0.020175874496941495, 0.01578143346021968], [-0.03177353388864514, -0.027574455479270787, -0.05952799524177229]]	0.47803415909040714	[[-0.4960119840079999, -0.496011984008, 0.7014668748837004], [0.5, 0.5000000000000001, 0.7071067811865475], [-0.7014668748837004, 0.7014668748837003, 0.0]]
8	[[0.5319609947059123, -0.8460851799387872, 0.03402011756955908], [-0.703274286200726, -0.4190807785627857, 0.5742617690636116], [-0.47161719485230363, -0.3294103357928521, -0.8179645788128509]]	0.8997772903368397	0.10022270966316046	[[0.4786464223813757, -0.7612882305994793, 0.03061052920367859], [-0.6327902316012642, -0.3770793673674765, 0.5167076985120964], [-0.4243504416604671, -0.29639593934864095, -0.7359859523157412]]	0.9026226134222015	0.1416275156738375	[[0.5426411865629133, -0.7503888983711074, -0.004321469675622738], [-0.5877400671804827, -0.3928282271763834, 0.5830235882163827], [-0.4094256315851304, -0.38154452793193894, -0.7473331578587827]]	[[0.06248116328278876, 0.013306717923034313, -0.035028797105188705], [0.04705120698264975, -0.014556439595030696, 0.06468192943572874], [0.016266713367303565, -0.08421130975030983, -0.009019832043936948]]	0.2852037280213637	[[0.700063941133933, -0.7000639411339329, 0.0], [-0.5, -0.5000000000000001, 0.7071067811865475], [-0.4950199600399839, -0.495019960039984, -0.700063941133933]]
8	[[0.50607966, 0.26960331, 0.8192664], [-0.59451586, 0.79721188, 0.10490047], [-0.62484739, -0.54015486, 0.56373616]]	0.9520408241864406	0.04795917599596187	[[ 0.4818085   0.25667336  0.77997506]
 [-0.56600337  0.75897826  0.09986953]
 [-0.59488022 -0.51424948  0.53669984]]	0.9566308475817451	0.04167032231170842	[[ 0.48107577  0.27416529  0.78805686]
 [-0.59274518  0.76702859  0.10035104]
 [-0.60080395 -0.51978445  0.55427617]]	[[-0.003055647196880846, 0.016254448252241687, 0.004321346878042423], [-0.024012971542097323, 0.004391115131973813, 1.1708595811338278e-08], [-0.003055662165573891, -0.003055645460873466, 0.014988769343893475]]	0.1503082579105313	WordDict: (word: THRHRHZ, matrix: [[ 0.49304186  0.14440862  0.8416751 ]
 [-0.5         0.85355339  0.14644661]
 [-0.69726649 -0.49304186  0.49304186]])
8	[[0.50607966, 0.26960331, 0.8192664], [-0.59451586, 0.79721188, 0.10490047], [-0.62484739, -0.54015486, 0.56373616]]	0.9520408241864406	0.04795917599596187	[[ 0.4818085   0.25667336  0.77997506]
 [-0.56600337  0.75897826  0.09986953]
 [-0.59488022 -0.51424948  0.53669984]]	0.9566308475817451	0.04167032231170842	[[ 0.48107577  0.27416529  0.78805686]
 [-0.59274518  0.76702859  0.10035104]
 [-0.60080395 -0.51978445  0.55427617]]	[[-0.003055647196880846, 0.016254448252241687, 0.004321346878042423], [-0.024012971542097323, 0.004391115131973813, 1.1708595811338278e-08], [-0.003055662165573891, -0.003055645460873466, 0.014988769343893475]]	0.1503082579105313	WordDict: (word: THRHRHZ, matrix: [[ 0.49304186  0.14440862  0.8416751 ]
 [-0.5         0.85355339  0.14644661]
 [-0.69726649 -0.49304186  0.49304186]])
8	[[0.50607966, 0.26960331, 0.8192664], [-0.59451586, 0.79721188, 0.10490047], [-0.62484739, -0.54015486, 0.56373616]]	0.9520408241864406	0.04795917599596187	[[ 0.4818085   0.25667336  0.77997506]
 [-0.56600337  0.75897826  0.09986953]
 [-0.59488022 -0.51424948  0.53669984]]	0.9566308475817451	0.04167032231170842	[[ 0.48107577  0.27416529  0.78805686]
 [-0.59274518  0.76702859  0.10035104]
 [-0.60080395 -0.51978445  0.55427617]]	[[-0.003055647196880846, 0.016254448252241687, 0.004321346878042423], [-0.024012971542097323, 0.004391115131973813, 1.1708595811338278e-08], [-0.003055662165573891, -0.003055645460873466, 0.014988769343893475]]	0.1503082579105313	WordDict: (word: THRHRHZ, matrix: [[ 0.49304186  0.14440862  0.8416751 ]
 [-0.5         0.85355339  0.14644661]
 [-0.69726649 -0.49304186  0.49304186]])
8	[[0.50607966, 0.26960331, 0.8192664], [-0.59451586, 0.79721188, 0.10490047], [-0.62484739, -0.54015486, 0.56373616]]	0.9520408241864406	0.04795917599596187	[[ 0.4818085   0.25667336  0.77997506]
 [-0.56600337  0.75897826  0.09986953]
 [-0.59488022 -0.51424948  0.53669984]]	0.9566308475817451	0.04167032231170842	[[ 0.48107577  0.27416529  0.78805686]
 [-0.59274518  0.76702859  0.10035104]
 [-0.60080395 -0.51978445  0.55427617]]	[[-0.003055647196880846, 0.016254448252241687, 0.004321346878042423], [-0.024012971542097323, 0.004391115131973813, 1.1708595811338278e-08], [-0.003055662165573891, -0.003055645460873466, 0.014988769343893475]]	0.1503082579105313	WordDict: (word: THRHRHZ, matrix: [[ 0.49304186  0.14440862  0.8416751 ]
 [-0.5         0.85355339  0.14644661]
 [-0.69726649 -0.49304186  0.49304186]])
8	[[0.50607966, 0.26960331, 0.8192664], [-0.59451586, 0.79721188, 0.10490047], [-0.62484739, -0.54015486, 0.56373616]]	0.9520408243580568	0.04795917582434528	[[ 0.4818085   0.25667336  0.77997506]
 [-0.56600337  0.75897826  0.09986953]
 [-0.59488022 -0.51424948  0.53669984]]	0.9598865741447071	0.038630715171979864	[[ 0.47986047  0.25816792  0.79477299]
 [-0.57780924  0.77547926  0.10669469]
 [-0.60988631 -0.51675388  0.54050209]]	[[-0.00591860592858204, -0.0006206778311901597, 0.008370172874390985], [-0.00714144721025853, 0.010246282551662263, 0.006002133405319688], [-0.010103692470771905, 0.0017335195535589305, -0.0006206777086002823]]	0.1503082579105313	WordDict: (word: THRHRHZ, matrix: [[ 0.49304186  0.14440862  0.8416751 ]
 [-0.5         0.85355339  0.14644661]
 [-0.69726649 -0.49304186  0.49304186]])
