8	[[0.034229894132735264, 0.2773841392786001, 0.9601491309293217], [-0.1827544195208179, -0.9427759796974285, 0.2788803941677556], [0.9825625356654255, -0.18501754344446375, 0.018422055382213542]]	0.8875178787336074	0.11248212126639279	[[0.03037964302996115, 0.2461833828868907, 0.8521495199503084], [-0.1621978147423081, -0.8367305376220601, 0.24751133585215876], [0.872041817376893, -0.16420637768633353, 0.016349903514735198]]	0.928676904962806	0.12346968362282451	[[0.010669478405719943, 0.2414913950467505, 0.878456791987778], [-0.16384779864336707, -0.8276180660257584, 0.2523190042653505], [0.912346002336314, -0.16409504646429646, 0.0]]	[[-0.021119033734673155, -0.016108848904271757, -0.013211531226392225], [0.005872010045500294, 0.04791621287292669, -0.006670777045168155], [-0.0001371322178597877, 0.007726473145529623, -0.017108137375407475]]	0.3435991790545285	[[0.0, 0.0, 0.9876], [0.0, -1.0, 0.0], [0.9876, 0.0, 0.0]]
8	[[0.8489524140446696, -0.5135124485683378, 0.12483895166604869], [0.522794976890395, 0.7815435453534784, -0.34040431673891397], [0.0772347773085365, 0.35425224329800037, 0.9319550081910795]]	0.8660718567996784	0.1339281432003217	[[0.7352537935662363, -0.4447386798213296, 0.10811950267034008], [0.45277801636100923, 0.6768728694940906, -0.2948145986606971], [0.06689086699311386, 0.3068078981285506, 0.8071400043978078]]	0.9124436582217262	0.14582502766797603	[[0.7681248611697429, -0.4765117225694015, 0.05448767192839685], [0.49936877446390904, 0.673142997724698, -0.28973383338573877], [0.02351618439977253, 0.2908159471936814, 0.8503564369719274]]	[[-0.006496385157341056, -0.007960545455311252, -0.0594208378183379], [0.022347813250094113, -0.03997145385720738, 0.02086592665398309], [-0.0469561983495689, -0.032419265614398965, 0.0]]	0.4308490007857081	[[0.6983386570998344, -0.6983386570998343, 0.0], [0.7071067811865475, 0.7071067811865476, 0.0], [0.0, 0.0, 0.9876]]
8	[[0.8787972042104137, -0.3840163418041313, 0.28327887866788265], [-0.395223040501579, -0.9183905790867732, -0.018907472103605397], [0.2674214316928388, -0.09534250611366366, -0.9588511794847616]]	0.8371299823259464	0.16287001767405354	[[0.7356674880287548, -0.3214715934273671, 0.23714124269255854], [-0.3308530569098937, -0.7688122892392263, -0.015828011787919503], [0.22386649838660538, -0.0798140704578427, -0.8026830709352915]]	0.8547287787372951	0.23971920147224135	[[0.6980191583449387, -0.3176278603263558, 0.15134771427530247], [-0.360158614296373, -0.8405368108088742, -0.024819579748109603], [0.1374076888987072, -0.05786206875293998, -0.8195576976318253]]	[[-0.05311410276757787, 0.010601958519053007, -0.0907788957305673], [-0.022350107559617825, -0.055561952742199106, -0.008658819207985488], [-0.09116510482029194, 0.023629915059344843, 0.0]]	0.3238677896346693	[[0.6399317414063963, -0.4525000738449789, 0.4525000738449788], [-0.5, -0.8535533905932737, -0.14644660940672619], [0.4525000738449788, -0.1325342031417808, -0.7724659445481771]]
8	[[0.3802729664721569, 0.7767473726770865, -0.5020517802076895], [0.4287143634067757, 0.332951791095048, 0.839849450446521], [0.8195098935212374, -0.5346088512602871, -0.20639019011321075]]	0.8385749366980875	0.16142506330191272	[[0.31888737878738294, 0.6513608788730935, -0.42100803980682533], [0.35950912015539777, 0.2792050271410448, 0.7042766997441148], [0.6872204570830283, -0.44830958360383266, -0.17307364060929195]]	0.8706882077313652	0.21592452491073713	[[0.3430843992502398, 0.6325180461502744, -0.43713056469737444], [0.40496949136144444, 0.30168643652181765, 0.7199931222299023], [0.6831579368998673, -0.4484593858164517, -0.08677776910526173]]	[[0.011985211623907891, -0.0437867316259848, 2.667922339851544e-18], [0.031692950658105665, 0.011789238272322458, -0.011253890543551174], [-0.030379663508260983, 0.01701823672469175, 0.09292373561774546]]	0.37124443736969454	[[0.4756574785730687, 0.47565747857306884, -0.6726812572422238], [0.5, 0.5000000000000001, 0.7071067811865475], [0.6726812572422238, -0.6726812572422237, 0.0]]
8	[[0.5319609947059123, -0.8460851799387872, 0.03402011756955908], [-0.703274286200726, -0.4190807785627857, 0.5742617690636116], [-0.47161719485230363, -0.3294103357928521, -0.8179645788128509]]	0.8549777713153037	0.14502222868469622	[[0.454814825680333, -0.7233840214869721, 0.029086444299506235], [-0.6012838818392578, -0.35830475005669277, 0.49098104746559035], [-0.40322221816879783, -0.2816385147443986, -0.6993415326082726]]	0.872040775517956	0.16904625197177997	[[0.5251157250489642, -0.722158459119682, 0.004755925061535203], [-0.5930251703526216, -0.39027876673237305, 0.5706119981377697], [-0.3825262112079232, -0.3713128900898131, -0.7174025340581469]]	[[0.06122404668031711, 0.015662317348387318, -0.024911004647035145], [0.020258683587696388, -0.024823239589812484, 0.06983231969322454], [0.028743213138682736, -0.08405364540138405, -0.004104068403970006]]	0.30475326880562725	[[0.6643400096524203, -0.6643400096524202, 0.0], [-0.5, -0.5000000000000001, 0.7071067811865475], [-0.46975932583876273, -0.46975932583876284, -0.6643400096524203]]
8	[[0.08740825448676931, -0.06334395238859675, -0.994156597696443], [0.7119981850616444, -0.6940087028176986, 0.10681996481098455], [-0.6967197295301035, -0.717174639895393, -0.015561310176609944]]	0.9156580176908679	0.0843419823091321	[[0.0800360690331741, -0.058001397876847216, -0.9103074595210229], [0.6519468467330409, -0.6354746330822644, 0.0978105572286344], [-0.6379570064276525, -0.6566867091047777, -0.01424883842898739]]	0.9525028568663436	0.07398201882654269	[[0.06270031830375328, -0.06270031830375329, -0.9249558856891267], [0.6798063356175675, -0.6703277701453394, 0.0932095515204398], [-0.6708835842384333, -0.680013901275715, 0.0]]	[[-0.020556293808594882, -0.002365022688409246, 0.021981113789259484], [0.0016260302626997158, -0.00928249802137643, -0.008536770132385267], [-0.007256051425863459, 0.003096992096737761, 0.014822192399804278]]	0.1275915419203856	[[0.0, 0.0, -0.9632593733760001], [0.7071067811865475, -0.7071067811865476, 0.0], [-0.6811272349556742, -0.6811272349556741, 0.0]]
8	[[0.8592155572171323, 0.2624339665249735, -0.4391776855101157], [-0.4266000482917053, 0.8413623931712975, -0.33184593135155627], [0.2824199444684594, 0.4724804086637203, 0.8348660002631537]]	0.8558653892514094	0.14413461074859046	[[0.7353728573285077, 0.22460814891268782, -0.37587698075964837], [-0.3651122163858505, 0.7200929521330501, -0.2840154472076962], [0.24171345570485947, 0.4043796288746401, 0.7145329142879916]]	0.8634235397797285	0.1759661550257629	[[0.7537860344631263, 0.14992561373415234, -0.3594758911885888], [-0.35776535905170587, 0.7557841279527905, -0.3836631026788447], [0.2913322708262715, 0.3995226328815759, 0.7343702942998143]]	[[0.0119190966168979, -0.07666605060127506, 0.01972046062682372], [0.010571164714521403, 0.029332032203285018, -0.09713951396978321], [0.04748424266891996, -0.008428074043426142, 0.013527337110858424]]	0.33737328200897865	[[0.7724659445481771, 0.1325342031417808, -0.4525000738449788], [-0.2499999999999999, 0.9571067811865475, -0.14644660940672619], [0.4136817044839067, 0.22625003692248938, 0.7724659445481771]]
8	[[-0.30792515101507295, 0.09349718223056193, 0.9468053539599837], [0.3027085282091916, -0.9338174967034747, 0.1906631317268273], [0.9019698710720718, 0.34531602882779927, 0.2592434992682147]]	0.8607259996500697	0.13927400034993034	[[-0.26503918342484734, 0.08047545563986513, 0.8149399847612451], [0.2605491005454577, -0.803760998340824, 0.16410871465198634], [0.7763489189327535, 0.2972224841079999, 0.22313762006041618]]	0.8619936179275636	0.13614346532146582	[[-0.25313117344416547, 0.07848391255976353, 0.8233443742068536], [0.263206914868645, -0.8181991221312582, 0.15658615516068466], [0.7846964741007733, 0.30486441469135356, 0.21327796214539269]]	[[0.012298341530208638, -0.0021100618171912356, 0.007204201673699935], [0.0022740954600760682, -0.013254399663769525, -0.0077642475619227975], [0.007204201673699935, 0.0072042016736999365, -0.010188279713017402]]	0.3756216752443398	[[-0.46393431019836207, -0.135883213431997, 0.7919854069647274], [0.5, -0.8535533905932737, 0.14644660940672619], [0.6561021935327304, 0.4639343101983622, 0.46393431019836207]]
8	[[-0.42203838922340475, -0.825029846081567, 0.3757783270710803], [0.2588054115689476, 0.28760896992378115, 0.9221175843470338], [-0.8688517462515349, 0.4864224845687207, 0.09214016247897017]]	0.8262158151637056	0.17378418483629446	[[-0.34869479178259255, -0.6816527068146685, 0.3104739968218862], [0.21382912408821636, 0.23762707953397055, 0.7618681316280715], [-0.7178590537856211, 0.40188994960190066, 0.0761276594518786]]	0.8678447037486398	0.21773250887715317	[[-0.28991997771562955, -0.6613949794305081, 0.33881495628721725], [0.2518391531200447, 0.22867072296680946, 0.8310741080790363], [-0.7685727553741046, 0.3879682903499804, 0.022040474138368356]]	[[0.0763438031505093, 0.05460280292593526, 0.012697725355056139], [0.027236247388446582, -0.020929198332145873, 0.03081924626997329], [-0.014544369046953023, -0.03417088666723836, -0.05792287787154503]]	0.48654901110098014	[[-0.4756574785730687, -0.47565747857306884, 0.6726812572422238], [0.5, 0.5000000000000001, 0.7071067811865475], [-0.6726812572422238, 0.6726812572422237, 0.0]]
8	[[0.22433838825039393, -0.7661379269479729, -0.6022499185961573], [-0.9416906372873723, -0.011392912655017143, -0.3362869982418849], [0.2507808429735371, 0.642575192824231, -0.724020780340167]]	0.8515566998701415	0.14844330012985846	[[0.191036857552692, -0.6524098847171674, -0.5128499531768052], [-0.8019029713870454, -0.00970171110241521, -0.28636744643209566], [0.21355410703319738, 0.547189210619822, -0.6165447463438773]]	0.862691151238996	0.1326111428350593	[[0.1797319079719717, -0.7128339174338217, -0.4927553188455627], [-0.8661306921405391, -0.013938102193997557, -0.32575976258582884], [0.2476631394992262, 0.5232948400005412, -0.6682487362159074]]	[[-0.013802834454861527, -0.051893507227217174, 0.026800356761747954], [-0.053742512148111855, -0.0041095372596754425, -0.03564794492583072], [0.031316725365699544, -0.03104909285461453, -0.04364241570329241]]	0.31266784588064694	[[0.13588321343199716, -0.7919854069647273, -0.46393431019836207], [-0.8535533905932738, 0.14644660940672602, -0.5], [0.46393431019836207, 0.4639343101983622, -0.6561021935327304]]
8	[[-0.3195682178843842, -0.5708200961323295, -0.7563336379995778], [0.910087742671785, 0.03735879733279218, -0.41272826520656647], [0.2638493031197415, -0.8202248094963509, 0.507557688474819]]	0.8422786180619871	0.157721381938013	[[-0.26916547693619114, -0.48078956173234916, -0.6370436514080795], [0.7665474462127443, 0.031466516189922064, -0.34763219285330815], [0.22223462640831423, -0.6908578190427435, 0.4275049884353072]]	0.8464594250807784	0.14189644770700202	[[-0.29174081431509585, -0.46193676606613543, -0.6702426203457962], [0.8099193360078746, 0.03841132810660347, -0.3725355353650529], [0.21711688707381954, -0.7305447469915732, 0.4083877048511331]]	[[-0.021239284330590958, 0.021239284330590965, -0.030036883955420108], [0.039566988572852166, 0.006788621994578877, -0.023177805283715526], [-0.006220842352880918, -0.036257726308301014, -0.021239284330590958]]	0.26107148949160075	[[-0.4581815247519024, -0.4581815247519025, -0.6479665263329245], [0.8535533905932738, -0.14644660940672602, -0.5], [0.1341982615854404, -0.7821647879183646, 0.4581815247519024]]
8	[[-0.5446221603179724, 0.8109226453022452, -0.2139887049042392], [-0.8354447797583356, -0.5021691245819775, 0.22328947644507607], [0.07361197229480154, 0.30038414347728, 0.9509735242804028]]	0.8475301904913682	0.15246980950863184	[[-0.46158372328011166, 0.6872814240467761, -0.18136188783049106], [-0.7080646733336015, -0.425603493815847, 0.18924457250621318], [0.06238836890145846, 0.2545846303418856, 0.8059787721856175]]	0.85976500757687	0.1474414030875759	[[-0.46838029490949235, 0.6970696951653608, -0.15963129229601009], [-0.7358017989267392, -0.44953622359801276, 0.19197647840763618], [0.08050613459726548, 0.24104263871323814, 0.817802159590626]]	[[-0.00013321911717941503, -0.000133219117179415, 0.02434870819734775], [-0.017515611527757532, -0.01778878239691872, 0.0], [0.017217136679477073, -0.01721713667947707, 0.0001884002822824993]]	0.38712285503913596	[[-0.6896792577517965, 0.6896792577517964, 0.0], [-0.7071067811865475, -0.7071067811865476, 0.0], [0.0, 0.0, 0.9753537600000001]]
8	[[-0.8305561570912853, 0.32773595720904825, 0.4502950280316503], [-0.5100865793185324, -0.772219296347621, -0.37879947194723407], [0.22358030216652452, -0.5443036842615101, 0.808545204538665]]	0.8550111948941144	0.1449888051058857	[[-0.7101348123012836, 0.2802179123830747, 0.38500728997221995], [-0.43612973568258984, -0.6602561432904718, -0.3238777891348642], [0.19116366131018728, -0.4653857434657025, 0.6913152014585099]]	0.8561097111407476	0.14208966779697016	[[-0.7115793443909539, 0.28111008831403883, 0.3928078780221972], [-0.4375011560436741, -0.6706004885651117, -0.3242939065090143], [0.1989356243983837, -0.46545151724860195, 0.6929559790071306]]	[[-0.0005321526573641973, 0.0005321526573642002, 0.007305931645906191], [-0.000811081966513271, -0.009496049831638383, 2.2704755276055734e-18], [0.007526356493839325, 0.0005321526573641974, 0.0007525775052973308]]	0.38707365464299803	[[-0.6643400096524203, 0.46975932583876284, 0.46975932583876273], [-0.7071067811865475, -0.5000000000000001, -0.5], [0.0, -0.6643400096524202, 0.6643400096524203]]
8	[[0.04673222253661188, -0.9725397674033924, -0.22799671093185395], [-0.8377629715199755, -0.16246744520517667, 0.5213036857710898], [-0.5440306084466285, 0.16664552219444034, -0.8223502702654952]]	0.8370410134117231	0.16295898658827693	[[0.03911678691102776, -0.8140556724905371, -0.19084259797293873], [-0.7012419666798968, -0.1359919149809547, 0.4363525654330994], [-0.4553759318211622, 0.1394891367781602, -0.6883409036024344]]	0.8468602837455852	0.1438642634407809	[[0.06151802167444122, -0.8455476618141267, -0.1620501784207185], [-0.7503449438832647, -0.14460056932277138, 0.46541643659332876], [-0.4671446834263738, 0.10366752532744496, -0.7183581416523203]]	[[0.02194235843702431, -0.021942358437024318, 0.0310311808920915], [-0.04087675611031339, -0.0070133425768952, 0.023945049343604297], [-0.006426767990978575, -0.037457948883070066, -0.02194235843702431]]	0.3419340931659579	[[1.8527073948777626e-16, -0.9278686203967244, 0.0], [-0.7071067811865476, -1.3401577416544657e-16, 0.7071067811865475], [-0.6561021935327302, -1.0301411061916225e-16, -0.6561021935327304]]
