8	[[-0.42203838922340475, -0.825029846081567, 0.3757783270710803], [0.2588054115689476, 0.28760896992378115, 0.9221175843470338], [-0.8688517462515349, 0.4864224845687207, 0.09214016247897017]]	0.6705546184225023	0.32944538157749775	[[-0.28299979104534767, -0.553227573626401, 0.25197989272059446], [0.1735431640002943, 0.19285752308213008, 0.6183302049125049], [-0.5826125511734228, 0.326172843532104, 0.0617850114924732]]	0.8187989679382692	0.2994956273530799	[[-0.2631518666882803, -0.5798424876313372, 0.3139852020095236], [0.2633719483357107, 0.23518661652395212, 0.8288137420499339], [-0.6749252297386725, 0.348392863242425, 0.023760075591937692]]	[[0.08241273083817315, 0.09569109885851912, 0.006298295630153637], [0.051462344446217355, -0.00030731121942874823, 0.07378481566885273], [0.03648968338344732, -0.049889365104412324, -0.05168419435150752]]	0.5191982392430052	[[-0.4214971771598086, -0.4214971771598087, 0.5960870244413767], [0.5, 0.5000000000000001, 0.7071067811865475], [-0.5960870244413767, 0.5960870244413766, 0.0]]
8	[[-0.30792515101507295, 0.09349718223056193, 0.9468053539599837], [0.3027085282091916, -0.9338174967034747, 0.1906631317268273], [0.9019698710720718, 0.34531602882779927, 0.2592434992682147]]	0.7250271771677815	0.2749728228322186	[[-0.22325410301942117, 0.06778799810576597, 0.6864596131089491], [0.219471909712124, -0.6770430636248046, 0.1382359521858705], [0.6539526695137721, 0.25036350561180765, 0.1879585824735316]]	0.8321381878928156	0.2790726752407056	[[-0.237374988164901, 0.07371479796685645, 0.728989092862496], [0.24667259928565083, -0.8487424975794945, 0.11849531446861489], [0.6670429270414996, 0.25379974069438327, 0.16366019019804454]]	[[0.018861289007403425, -0.0040877778275676905, -0.05888379866898068], [-0.0052227268380470315, -0.07167729805005953, -0.040162758464516383], [-0.08352064700633058, -0.03355091378472487, -0.05206622550600011]]	0.4280329265512195	[[-0.38699646987706926, -0.11334864173173813, 0.6606442980224007], [0.5, -0.8535533905932737, 0.14644660940672619], [0.5472956562906625, 0.38699646987706937, 0.38699646987706926]]
8	[[0.8787972042104137, -0.3840163418041313, 0.28327887866788265], [-0.395223040501579, -0.9183905790867732, -0.018907472103605397], [0.2674214316928388, -0.09534250611366366, -0.9588511794847616]]	0.6944757644721403	0.3055242355278597	[[0.6103033602100068, -0.26669004254421885, 0.19673031582168848], [-0.2744728231893377, -0.6377999994952985, -0.01313078114338704], [0.18571770321111847, -0.0662130598199763, -0.6658989058876933]]	0.8295254539081505	0.2797106561807017	[[0.6566031188225698, -0.2690058798167704, 0.17027187914203804], [-0.31807585079277995, -0.8544840156360095, -0.033230812200837026], [0.16073064175596768, -0.053545363204429146, -0.7553910243453854]]	[[-0.07238153089328714, 0.04954545042644897, -0.06471516126752916], [0.009771721274251693, -0.09265565365408471, -0.017546582821838075], [-0.06110224275380188, 0.025543672456248306, 0.04000043554707677]]	0.4172958237567534	[[0.5024979962872603, -0.3553197407073743, 0.35531974070737427], [-0.5, -0.8535533905932737, -0.14644660940672619], [0.35531974070737427, -0.10407074256374417, -0.6065687388510045]]
8	[[0.8489524140446696, -0.5135124485683378, 0.12483895166604869], [0.522794976890395, 0.7815435453534784, -0.34040431673891397], [0.0772347773085365, 0.35425224329800037, 0.9319550081910795]]	0.7628333270840635	0.23716667291593654	[[0.6476091945417427, -0.39172440964046923, 0.09523131284909853], [0.39880543160413606, 0.5961874629630688, -0.25967175749172317], [0.058917262140867635, 0.27023541738200674, 0.7109263395910569]]	0.8830257452166594	0.19546808176201608	[[0.7170413460249432, -0.45758332923694267, 0.0545064976779416], [0.5054734941995399, 0.669082076863434, -0.2934330438690954], [0.022880179101571876, 0.2674639469080424, 0.8012175910674102]]	[[-0.03260549204033329, -0.004138616661854639, -0.05572951064903758], [0.0438320701353725, -0.02104099469159135, 0.007152731594251867], [-0.0453201176879413, -0.04534990422484767, -0.02172267454891569]]	0.44060966644658545	[[0.6775497177329498, -0.6775497177329497, 0.0], [0.7071067811865475, 0.7071067811865476, 0.0], [0.0, 0.0, 0.9581999999999999]]
8	[[0.8592155572171323, 0.2624339665249735, -0.4391776855101157], [-0.4266000482917053, 0.8413623931712975, -0.33184593135155627], [0.2824199444684594, 0.4724804086637203, 0.8348660002631537]]	0.7001786141047945	0.29982138589520557	[[0.6016043580695705, 0.18375065097548002, -0.3075028231862241], [-0.2986962305899246, 0.5891039544105722, -0.23235142431004746], [0.19774440531347892, 0.3308206777298306, 0.5845553190274679]]	0.7858125379479927	0.27830646405180837	[[0.6841143378130998, 0.1638818840334911, -0.2782847706226554], [-0.33977118409689355, 0.7422593175251477, -0.4053160224130389], [0.20849631910390967, 0.37485837718183745, 0.6533895320079797]]	[[0.008931980151906431, -0.042342017245256866, 0.066826561038174], [-0.004543517460052331, 0.08110620001321353, -0.1445473288899571], [-0.013432814225981596, 0.0035773481190945595, -0.002658638505298886]]	0.44878876516418986	[[0.6065687388510045, 0.10407074256374417, -0.35531974070737427], [-0.2499999999999999, 0.9571067811865475, -0.14644660940672619], [0.3248381259335731, 0.1776598703536871, 0.6065687388510045]]
8	[[0.08740825448676931, -0.06334395238859675, -0.994156597696443], [0.7119981850616444, -0.6940087028176986, 0.10681996481098455], [-0.6967197295301035, -0.717174639895393, -0.015561310176609944]]	0.7724937341738477	0.22750626582615233	[[0.06752232890610241, -0.048932806317997526, -0.7679797425080929], [0.5500141367032719, -0.536117374388792, 0.08251775350115648], [-0.5382116255373028, -0.5540129156275768, -0.012021014606966912]]	0.9080826934858006	0.15528976838199587	[[0.054291975197498246, -0.05429197519749826, -0.842988046152489], [0.6823440106352701, -0.6705551935246312, 0.09108061905621585], [-0.6100535296847452, -0.6201846330312393, 0.0]]	[[-0.02508194796973957, 0.003229571703574993, 0.0597883548303766], [0.03579078098749052, -0.040337901367348994, -0.005920742307401442], [0.022625598911649687, 0.031069245664678415, 0.014130956459343959]]	0.1812061907505387	[[0.0, 0.0, -0.8797686853679998], [0.7071067811865475, -0.7071067811865476, 0.0], [-0.6220904032992869, -0.6220904032992868, 0.0]]
8	[[0.5319609947059123, -0.8460851799387872, 0.03402011756955908], [-0.703274286200726, -0.4190807785627857, 0.5742617690636116], [-0.47161719485230363, -0.3294103357928521, -0.8179645788128509]]	0.700914113513931	0.299085886486069	[[0.37285896902828347, -0.5930330438540697, 0.023845180547907213], [-0.49293487286952453, -0.29373963239706297, 0.40250817878816314], [-0.33056314804782927, -0.23088835349457332, -0.5733229176444053]]	0.7795686220400414	0.2662527467017483	[[0.4407740470394714, -0.6405156277195794, 0.005169396137184779], [-0.6082081533739043, -0.38116940557333, 0.544638349060025], [-0.3150359181269806, -0.30772528800049487, -0.6376595195826971]]	[[0.026073947417533487, 0.01906583013380137, -0.02135162003815659], [-0.05995758716421061, -0.05446718050567146, 0.09696189306082881], [0.052622048594419435, -0.05092732644071385, 8.399941097505243e-18]]	0.37155715788059573	[[0.5711705868197271, -0.571170586819727, 0.0], [-0.5, -0.5000000000000001, 0.7071067811865475], [-0.40387859515452856, -0.4038785951545287, -0.5711705868197271]]
8	[[0.034229894132735264, 0.2773841392786001, 0.9601491309293217], [-0.1827544195208179, -0.9427759796974285, 0.2788803941677556], [0.9825625356654255, -0.18501754344446375, 0.018422055382213542]]	0.8451534606536821	0.154846539346318	[[0.02892951348409039, 0.2344321652417518, 0.8114733607485415], [-0.15445553010777407, -0.7967903818624474, 0.2356967302393416], [0.8304161273262912, -0.1563682171237315, 0.015569463858631566]]	0.9053681973712281	0.14374665130540265	[[0.009095526905630704, 0.22927507547231205, 0.8376580336147205], [-0.16582654484195944, -0.8259242681162525, 0.2544294479518061], [0.8697258964474264, -0.15562389670651502, 0.0]]	[[-0.0218951306415318, -0.02185970268572376, -0.0316304542623107], [-0.00036650547877136244, 0.02763512114730196, 0.001940008201967605], [-0.01985497527248289, 0.011885103083851968, -0.016678743073267603]]	0.356381806023326	[[0.0, 0.0, 0.9581999999999999], [0.0, -1.0, 0.0], [0.9581999999999999, 0.0, 0.0]]
8	[[-0.8305561570912853, 0.32773595720904825, 0.4502950280316503], [-0.5100865793185324, -0.772219296347621, -0.37879947194723407], [0.22358030216652452, -0.5443036842615101, 0.808545204538665]]	0.6729497850244378	0.32705021497556225	[[-0.5589225873653038, 0.22054984194860733, 0.3030259423114722], [-0.3432626538962572, -0.5196648094688543, -0.2549130232142618], [0.15045831627866152, -0.36628904731179274, 0.5441103215768346]]	0.7725781283796941	0.3816926511303131	[[-0.610190406239467, 0.24228674891157814, 0.1975455475416551], [-0.5671134533725017, -0.6253950703294269, -0.3039932050701856], [0.17771394486283346, -0.2719075173141211, 0.5897065634460585]]	[[0.03147911512034948, -0.010914883511715866, -0.1503425424337192], [-0.17303171861098954, -0.028795331658497483, -0.011341018001975088], [0.004980693472453404, 0.14860960434280832, -0.03495777738680006]]	0.45170699192390334	[[-0.5711705868197271, 0.4038785951545287, 0.40387859515452856], [-0.7071067811865475, -0.5000000000000001, -0.5], [0.0, -0.571170586819727, 0.5711705868197271]]
8	[[-0.5446221603179724, 0.8109226453022452, -0.2139887049042392], [-0.8354447797583356, -0.5021691245819775, 0.22328947644507607], [0.07361197229480154, 0.30038414347728, 0.9509735242804028]]	0.719245511947534	0.28075448805246594	[[-0.3917170445158721, 0.5832524731702621, -0.1539104156098393], [-0.600889908321179, -0.3611828890942095, 0.1605999537982356], [0.05294508069864223, 0.21604994705623778, 0.6839834393196091]]	0.8153690530356045	0.2183013189653282	[[-0.45453364180627503, 0.6507356426996143, -0.10278805163150498], [-0.7559182640878401, -0.43230909329430217, 0.19501968120625474], [0.054337785389055065, 0.17823190143309822, 0.7858599686400484]]	[[-0.010465586685604829, -0.010465586685604827, 0.07169171604657998], [-0.07472244515274712, -0.022855929720176707, 0.012956352244417126], [-0.0056831387530404094, -0.06669203318088271, 0.010465586685604829]]	0.4060890869655172	[[-0.6492281395317125, 0.6492281395317124, 0.0], [-0.7071067811865475, -0.7071067811865476, 0.0], [0.0, 0.0, 0.9181472399999999]]
8	[[0.3802729664721569, 0.7767473726770865, -0.5020517802076895], [0.4287143634067757, 0.332951791095048, 0.839849450446521], [0.8195098935212374, -0.5346088512602871, -0.20639019011321075]]	0.6805647327018635	0.31943526729813676	[[0.25880036978086823, 0.5286268680628561, -0.3416787355995409], [0.29176787613738187, 0.226595246709208, 0.5715719167529436], [0.5577295316308136, -0.3638359299580076, -0.14046188456668407]]	0.818411497369038	0.2893111940550291	[[0.3473145647239925, 0.5398484603907988, -0.4183626034575798], [0.40788539860468137, 0.29484645811132937, 0.7142440031627018], [0.6101190831228072, -0.4183626034575798, -0.07359178038637756]]	[[0.03609479682454856, -0.09585051995932159, -0.007477654261013548], [0.057020634505328086, 0.022354884209528095, 0.026901556858200865], [-0.060577235942649604, 0.019167427009093116, 0.09532032414645566]]	0.4001512082048653	[[0.4214971771598086, 0.4214971771598087, -0.5960870244413767], [0.5, 0.5000000000000001, 0.7071067811865475], [0.5960870244413767, -0.5960870244413766, 0.0]]
8	[[0.04673222253661188, -0.9725397674033924, -0.22799671093185395], [-0.8377629715199755, -0.16246744520517667, 0.5213036857710898], [-0.5440306084466285, 0.16664552219444034, -0.8223502702654952]]	0.6688454867117457	0.33115451328825424	[[0.03125663612762182, -0.6504788340754498, -0.15249457109189302], [-0.5603339824353564, -0.10866561746307027, 0.3486716174341915], [-0.36387241709257245, 0.11146010540047345, -0.5500252667632608]]	0.7626419864324179	0.3906468511494616	[[-0.010094341638218722, -0.8067273203654955, -0.1271086996898299], [-0.6877394503510451, -0.14854401382076693, 0.2728876966749052], [-0.2734663508240776, 0.03188441965335025, -0.5872004051945011]]	[[-0.045734296663942325, -0.06502766026845087, 0.04677116483529698], [-0.04882623359152591, -0.024639518678890877, -0.12468038177609969], [0.14143423308169611, -0.09520645242308533, 0.03995843846401192]]	0.38665878646451374	[[-0.11334864173173825, -0.6606442980224005, -0.38699646987706926], [-0.8535533905932738, -0.14644660940672602, 0.5], [-0.38699646987706926, 0.38699646987706937, -0.5472956562906625]]
8	[[-0.3195682178843842, -0.5708200961323295, -0.7563336379995778], [0.910087742671785, 0.03735879733279218, -0.41272826520656647], [0.2638493031197415, -0.8202248094963509, 0.507557688474819]]	0.6779212242278253	0.32207877577217464	[[-0.21664207749248618, -0.38697105838387374, -0.5127346257973586], [0.6169677966667947, 0.02532632162352568, -0.27979725082226203], [0.17886904258259373, -0.5560478069958009, 0.3440841295370945]]	0.7501928222735261	0.27813695358165696	[[-0.2893886917368408, -0.4431421356100144, -0.5439084213652495], [0.7606647541888578, 0.012914542380195189, -0.33929643443066976], [0.19141586892335302, -0.5807684891445487, 0.38935262022119577]]	[[-0.0496509084532335, -0.014916996682056545, 0.023487645106057137], [0.07792346199736865, -0.015111759227636894, -0.029670652323299324], [-0.006521984438948882, 0.03455827559028399, 0.008586485437644169]]	0.3695586847496884	[[-0.3708200174362078, -0.37082001743620785, -0.5244186978577128], [0.8535533905932738, -0.14644660940672602, -0.5], [0.1086106685073516, -0.6330293663650642, 0.3708200174362078]]
8	[[0.22433838825039393, -0.7661379269479729, -0.6022499185961573], [-0.9416906372873723, -0.011392912655017143, -0.3362869982418849], [0.2507808429735371, 0.642575192824231, -0.724020780340167]]	0.6647348023465579	0.33526519765344204	[[0.149125534172371, -0.5092785434399624, -0.4003364806012473], [-0.6259745396488258, -0.00757326554188445, -0.22354167130803668], [0.16670275408631735, 0.4271420937948166, -0.4812818103142217]]	0.7556353502484946	0.41507137796121535	[[0.20400693235045964, -0.5122242130387711, -0.3690885830775287], [-0.8189243790316986, 0.05341330538114303, -0.20320013646834673], [0.1712965678397921, 0.3690885830775287, -0.4254300833966699]]	[[0.03448891577069042, 0.06669668772921594, 0.08599274509800599], [-0.107349644499327, 0.06202219292556753, 0.050910207232174855], [-0.01820230227612929, -0.1164639478132031, 0.12166561254286055]]	0.39077024983738073	[[0.11334864173173825, -0.6606442980224005, -0.38699646987706926], [-0.8535533905932738, 0.14644660940672602, -0.5], [0.38699646987706926, 0.38699646987706937, -0.5472956562906625]]
