8	[[0.8787972042104137, -0.3840163418041313, 0.28327887866788265], [-0.395223040501579, -0.9183905790867732, -0.018907472103605397], [0.2674214316928388, -0.09534250611366366, -0.9588511794847616]]	0.8252373289898333	0.174762671010167	[[0.7252162575263348, -0.3169046201988882, 0.23377230519111852], [-0.3261528062987637, -0.7578901884549949, -0.015603151776729104], [0.22068614800483544, -0.07868019508443665, -0.7912797862567557]]	0.8528411476366802	0.2419218661007713	[[0.6965615359604554, -0.3167630013307865, 0.14979672842212277], [-0.3601318039012003, -0.8405080374869502, -0.024915855087305924], [0.13615679196204852, -0.05712334277424544, -0.8177477403245685]]	[[-0.0529128802182597, 0.010741936324688563, -0.09179515556222617], [-0.023069332467375542, -0.057266762039871244, -0.008790784879558585], [-0.09191120874551617, 0.024188669558288668, 0.0]]	0.32888271848792716	[[0.6286160504753225, -0.4444986720538056, 0.4444986720538055], [-0.5, -0.8535533905932737, -0.14644660940672619], [0.4444986720538055, -0.1301906468161443, -0.758806697291467]]
8	[[-0.8305561570912853, 0.32773595720904825, 0.4502950280316503], [-0.5100865793185324, -0.772219296347621, -0.37879947194723407], [0.22358030216652452, -0.5443036842615101, 0.808545204538665]]	0.8392278465684001	0.16077215343159995	[[-0.697025855169845, 0.27504514161158283, 0.3779001266954593], [-0.42807886152493346, -0.6480679371523792, -0.3178990651235243], [0.18763481552232458, -0.45679480882203355, 0.6785536508581903]]	0.8427230205092172	0.15370060177499797	[[-0.7038138370363485, 0.2800756794185414, 0.3848257634218349], [-0.43586286760783394, -0.6686148211545587, -0.3192230351666696], [0.19537728260875312, -0.4548122012453025, 0.6868739383788154]]	[[-0.003885043629852582, 0.003885043629852589, 0.005351777278719933], [-0.0060011647633059, -0.017847843240989102, 2.2189950589121867e-18], [0.006961015040616072, 0.003885043629852583, 0.005494281391748722]]	0.3917114676755376	[[-0.656973409025639, 0.4645503525812727, 0.4645503525812726], [-0.7071067811865475, -0.5000000000000001, -0.5], [0.0, -0.6569734090256389, 0.656973409025639]]
8	[[0.8489524140446696, -0.5135124485683378, 0.12483895166604869], [0.522794976890395, 0.7815435453534784, -0.34040431673891397], [0.0772347773085365, 0.35425224329800037, 0.9319550081910795]]	0.85876718812019	0.14123281187981	[[0.7290524774569882, -0.44098764152174513, 0.10720759549012493], [0.44895917226752424, 0.6711639528366911, -0.2923280579098516], [0.06632669253434097, 0.30422020286229323, 0.8003323818387821]]	0.9092277477862262	0.14971058167747478	[[0.7645201604321352, -0.4746055619927591, 0.054797399209853076], [0.5000440611907346, 0.6734453587465622, -0.2883285825791956], [0.021825464837095822, 0.2882714818667209, 0.8473593531356692]]	[[-0.007370930967379427, -0.0077057949207790235, -0.05870963964946194], [0.02470436179872871, -0.037155718792043345, 0.021176467666036404], [-0.04839853778591557, -0.03382448745533825, 0.0]]	0.4315487331825451	[[0.696783022181224, -0.6967830221812239, 0.0], [0.7071067811865475, 0.7071067811865476, 0.0], [0.0, 0.0, 0.9854]]
8	[[0.3802729664721569, 0.7767473726770865, -0.5020517802076895], [0.4287143634067757, 0.332951791095048, 0.839849450446521], [0.8195098935212374, -0.5346088512602871, -0.20639019011321075]]	0.8216735467217187	0.17832645327828145	[[0.31246023708356635, 0.6382327686143583, -0.412522666881205], [0.35226325151098914, 0.2735776790764169, 0.6900820766606793], [0.6733696007831331, -0.4392739509238639, -0.16958535951889167]]	0.8679246985189573	0.21890966979835286	[[0.34487013235952235, 0.6276567035706037, -0.42768732778727225], [0.40345900112784966, 0.30403357380572704, 0.7224758285592439], [0.6735436185487645, -0.4539089336206625, -0.08610162633916606]]	[[0.014821832579266019, -0.046501525685548835, 0.008055812190392411], [0.03136721651727718, 0.015056490898210715, -0.006450252520864768], [-0.037729258718958256, 0.010091292434988299, 0.09302951719211261]]	0.3726368160808135	[[0.4714332784465928, 0.4714332784465929, -0.6667073361331834], [0.5, 0.5000000000000001, 0.7071067811865475], [0.6667073361331834, -0.6667073361331833, 0.0]]
8	[[0.08740825448676931, -0.06334395238859675, -0.994156597696443], [0.7119981850616444, -0.6940087028176986, 0.10681996481098455], [-0.6967197295301035, -0.717174639895393, -0.015561310176609944]]	0.9056928423588506	0.09430715764114939	[[0.07916503045174787, -0.05737016428507191, -0.9004005147174958], [0.6448516599828238, -0.6285587146767404, 0.09674607755033303], [-0.6310140721656091, -0.6495399380745438, -0.014093767244681567]]	0.9477890624186082	0.08219519406280304	[[0.06822044177330146, -0.06375138511510844, -0.9147594104020409], [0.679082234951709, -0.6617640434381227, 0.10232442044056576], [-0.6586620312305618, -0.6769248392597261, 0.0]]	[[-0.014624145794360707, -0.0037146798708314046, 0.02749133922594421], [0.004258142688382523, -0.003990185684181813, 0.0010816261447740023], [0.001681307989321472, 0.0028054402771311203, 0.014748839582294285]]	0.1311850714907564	[[0.0, 0.0, -0.9568363678640002], [0.7071067811865475, -0.7071067811865476, 0.0], [-0.6765854842025405, -0.6765854842025404, 0.0]]
8	[[-0.30792515101507295, 0.09349718223056193, 0.9468053539599837], [0.3027085282091916, -0.9338174967034747, 0.1906631317268273], [0.9019698710720718, 0.34531602882779927, 0.2592434992682147]]	0.8491701070560671	0.15082989294393293	[[-0.2614808334527251, 0.07939501224416691, 0.803998803783457], [0.2570510333061837, -0.7929699036465183, 0.16190543198011498], [0.7659258519796183, 0.29323204916787826, 0.22014183002717932]]	0.8548370337164604	0.2560234469625803	[[-0.26186420225719165, 0.08092742485000588, 0.7490002265806321], [0.24308992396823903, -0.8497641387297794, 0.11961152986513038], [0.6852456995147584, 0.26836570569592233, 0.18093677740718578]]	[[0.0013616204432264107, 0.0010025709311849724, -0.06036405370538374], [-0.015676536366781818, -0.0515023598152506, -0.043374376099321446], [-0.0857915495741097, -0.026823224081981283, -0.040674166517530246]]	0.37816804998908277	[[-0.457767917433586, -0.13407711880665377, 0.7814587160605185], [0.5, -0.8535533905932737, 0.14644660940672619], [0.6473815972538647, 0.45776791743358614, 0.457767917433586]]
8	[[0.034229894132735264, 0.2773841392786001, 0.9601491309293217], [-0.1827544195208179, -0.9427759796974285, 0.2788803941677556], [0.9825625356654255, -0.18501754344446375, 0.018422055382213542]]	0.8834508731623439	0.11654912683765616	[[0.03024042985981956, 0.2450552600470644, 0.8482445880855749], [-0.16145455149994387, -0.8328962624601776, 0.24637712773536233], [0.8680457300702269, -0.1634539103063634, 0.01627498091286162]]	0.926997310309686	0.12387778421544289	[[0.010242872624199744, 0.24075351647489782, 0.875357665232092], [-0.16405300611822746, -0.8274452751356175, 0.2525309509009229], [0.9091606607619814, -0.1633886029764056, 0.0]]	[[-0.02148814716903115, -0.016380834558931787, -0.01469799663557195], [0.005359849224778677, 0.046505522268477914, -0.005990424390691654], [-0.0016721670109333493, 0.008122162156717802, -0.01707719578968803]]	0.34453383233032187	[[0.0, 0.0, 0.9854], [0.0, -1.0, 0.0], [0.9854, 0.0, 0.0]]
8	[[-0.42203838922340475, -0.825029846081567, 0.3757783270710803], [0.2588054115689476, 0.28760896992378115, 0.9221175843470338], [-0.8688517462515349, 0.4864224845687207, 0.09214016247897017]]	0.8094024991568394	0.1905975008431607	[[-0.34159892697755073, -0.6677812192974028, 0.3041559170603086], [0.20947774691922064, 0.23279141903623266, 0.746364277286957], [-0.7032507748127763, 0.3937115746560018, 0.07457847778319567]]	0.8638027056166863	0.2222119110968473	[[-0.28903979452144507, -0.6538267623717405, 0.3446416136606206], [0.25846544276795985, 0.2340358648238651, 0.8305437129235226], [-0.760058058910982, 0.38573016543525795, 0.02303383204250243]]	[[0.07551810796384001, 0.05883625088803527, 0.020043278024509434], [0.03490862802646287, -0.01440154155592525, 0.03401604866783185], [-0.00954156971912356, -0.03444289280799383, -0.05655708960279307]]	0.488593495189007	[[-0.4714332784465928, -0.4714332784465929, 0.6667073361331834], [0.5, 0.5000000000000001, 0.7071067811865475], [-0.6667073361331834, 0.6667073361331833, 0.0]]
8	[[-0.3195682178843842, -0.5708200961323295, -0.7563336379995778], [0.910087742671785, 0.03735879733279218, -0.41272826520656647], [0.2638493031197415, -0.8202248094963509, 0.507557688474819]]	0.8242452956658551	0.17575470433414503	[[-0.2634026002355246, -0.4704957789086039, -0.6234044430749937], [0.750135540540376, 0.030792812953288045, -0.34018933098484183], [0.2174765468611611, -0.6760664406157896, 0.41835203700440504]]	0.8311500234927985	0.18445485271336337	[[-0.2875690435423696, -0.5052910968185258, -0.6319102690144789], [0.7935129741109354, 0.006734623565852093, -0.29899706762108336], [0.1801910957258192, -0.6732681720825973, 0.44928528225193176]]	[[-0.02195991174021203, -0.030853960507978624, -0.0032835480227359423], [0.03709352540877311, -0.02431614171496089, 0.04404203970149626], [-0.03910725876071241, 0.008461697599671006, 0.0274286975521355]]	0.26852826486865644	[[-0.4510845058390557, -0.4510845058390558, -0.6379298259339583], [0.8535533905932738, -0.14644660940672602, -0.5], [0.13211959287207678, -0.770049418806035, 0.4510845058390557]]
8	[[0.8592155572171323, 0.2624339665249735, -0.4391776855101157], [-0.4266000482917053, 0.8413623931712975, -0.33184593135155627], [0.2824199444684594, 0.4724804086637203, 0.8348660002631537]]	0.840186744735775	0.15981325526422518	[[0.7219015220445973, 0.22049354004271482, -0.3689912699493361], [-0.35842370587833217, 0.7069015302616938, -0.2788125528160754], [0.23728549379141325, 0.39697177650659976, 0.7014433470516757]]	0.8569236898306333	0.1817817531767591	[[0.748853820070503, 0.15784830453700044, -0.3505953090512784], [-0.3570740728347589, 0.7569226753691485, -0.38487501480805614], [0.27728762782510735, 0.39686746706781345, 0.7269602706010619]]	[[0.012571654420114474, -0.06703757839446871, 0.025746453707327446], [0.008489614629295546, 0.03593930892806812, -0.10050837485899758], [0.035275286929432666, -0.00801218809698725, 0.011543817141418012]]	0.3451696468593162	[[0.758806697291467, 0.1301906468161443, -0.4444986720538055], [-0.2499999999999999, 0.9571067811865475, -0.14644660940672619], [0.4063667144484197, 0.22224933602690272, 0.758806697291467]]
8	[[0.22433838825039393, -0.7661379269479729, -0.6022499185961573], [-0.9416906372873723, -0.011392912655017143, -0.3362869982418849], [0.2507808429735371, 0.642575192824231, -0.724020780340167]]	0.8338136044121189	0.16618639558788117	[[0.18705640011506638, -0.6388162263453181, -0.5021641753815672], [-0.7851944645177291, -0.009499565565632319, -0.280400674120998], [0.20910447859727455, 0.5357879376345845, -0.6036983765247097]]	0.8465888672088274	0.1477303129833443	[[0.18004590950578836, -0.7061681397681775, -0.4761376900898591], [-0.8610313686561123, -0.020592587767698425, -0.32207384566001185], [0.24602865604171187, 0.5102766183184891, -0.6606357598568403]]	[[-0.009876472474566729, -0.05756430006757379, 0.03372038627107025], [-0.06380655877383692, -0.010947474748878394, -0.03737701676135766], [0.03372038627107025, -0.033720386271070255, -0.04768782759300707]]	0.31772753849040647	[[0.13407711880665393, -0.7814587160605184, -0.457767917433586], [-0.8535533905932738, 0.14644660940672602, -0.5], [0.457767917433586, 0.45776791743358614, -0.6473815972538647]]
8	[[0.04673222253661188, -0.9725397674033924, -0.22799671093185395], [-0.8377629715199755, -0.16246744520517667, 0.5213036857710898], [-0.5440306084466285, 0.16664552219444034, -0.8223502702654952]]	0.820871616475916	0.179128383524084	[[0.038361155055140816, -0.7983302909555341, -0.18715602865382314], [-0.6876958446552691, -0.1333649143702857, 0.4279233992137673], [-0.44657928496796, 0.13679457918222343, -0.6750439956622435]]	0.8330371735694289	0.15660471003299384	[[0.06530936733052893, -0.8365414677756043, -0.1526232220506926], [-0.7478040051430834, -0.14390570570374797, 0.4635056447560438], [-0.46092415234609585, 0.0937889692392933, -0.7114280335800363]]	[[0.026379688754012264, -0.02637968875401227, 0.037306513607105164], [-0.04991630722695709, -0.008564284352981545, 0.029240295789969322], [-0.007726431950459695, -0.04503294555756485, -0.026379688754012264]]	0.3470116283172498	[[1.8280820950801756e-16, -0.9155358348671723, 0.0], [-0.7071067811865476, -1.3401577416544657e-16, 0.7071067811865475], [-0.6473815972538647, -1.0164489637389499e-16, -0.6473815972538647]]
8	[[-0.5446221603179724, 0.8109226453022452, -0.2139887049042392], [-0.8354447797583356, -0.5021691245819775, 0.22328947644507607], [0.07361197229480154, 0.30038414347728, 0.9509735242804028]]	0.8371346292832377	0.1628653707167623	[[-0.4559220702772219, 0.6788514280524776, -0.17913735515081047], [-0.6993797559896107, -0.42038316394442166, 0.18692335308669705], [0.061623131137816645, 0.25146196859241565, 0.7960928687066491]]	0.8548301583601448	0.15389716937829534	[[-0.4656140150722836, 0.6931465657803189, -0.15430179569139696], [-0.7349503270808317, -0.45016863894802356, 0.19087457850969816], [0.0831646876328329, 0.2365384712386946, 0.8129980184855062]]	[[-5.456752122711892e-05, -5.4567521227118915e-05, 0.028622202809176153], [-0.020786933698857372, -0.02089932665803646, 0.0], [0.02023895369886511, -0.020238953698865105, 7.717012858447333e-05]]	0.38840657115860266	[[-0.6866099900573782, 0.6866099900573781, 0.0], [-0.7071067811865475, -0.7071067811865476, 0.0], [0.0, 0.0, 0.9710131600000002]]
8	[[0.5319609947059123, -0.8460851799387872, 0.03402011756955908], [-0.703274286200726, -0.4190807785627857, 0.5742617690636116], [-0.47161719485230363, -0.3294103357928521, -0.8179645788128509]]	0.8390269583710719	0.16097304162892814	[[0.4463296153601514, -0.7098882750468817, 0.02854379576781342], [-0.5900660852515819, -0.3516200709493148, 0.48182110540623296], [-0.39569954051242545, -0.2763841520962701, -0.6862943326166211]]	0.8649607986563879	0.17536971181635097	[[0.5207652209904552, -0.7167346642137966, 0.00553561099463785], [-0.5952892123107382, -0.3905512782713319, 0.5665621580803835], [-0.37624400275364117, -0.3682366191684618, -0.7111990532191588]]	[[0.060639814155582866, 0.015095848757390522, -0.023890457068712186], [0.013015475955942919, -0.028062833344123825, 0.06984823967329176], [0.03168638276589271, -0.08330959203540758, -0.0036917578565595654]]	0.3092503662056928	[[0.656973409025639, -0.6569734090256389, 0.0], [-0.5, -0.5000000000000001, 0.7071067811865475], [-0.4645503525812726, -0.4645503525812727, -0.656973409025639]]
