8	[[0.22433838825039393, -0.7661379269479729, -0.6022499185961573], [-0.9416906372873723, -0.011392912655017143, -0.3362869982418849], [0.2507808429735371, 0.642575192824231, -0.724020780340167]]	0.5522717490818385	0.4477282509181615	[[0.12389575406524563, -0.4231163329534908, -0.33260561592749466], [-0.5200691353486884, -0.006291983799122899, -0.18572180871252691], [0.13849917478521323, 0.3548761256576377, -0.39985622273006166]]	0.7155111755433393	0.46691688112057383	[[0.18954721974543134, -0.4615896170256074, -0.33588359281500746], [-0.8184121606815008, 0.04733026576249455, -0.20119267730804732], [0.15154097926722296, 0.33588359281500746, -0.38856166688705557]]	[[0.029030595848893954, 0.08659063171327369, 0.09503295441060944], [-0.14462198579785676, 0.05548202208914832, 0.03942442812394459], [-0.027895516492522143, -0.12388613877764601, 0.1294832927719432]]	0.4699434289963766	[[0.09573179460325124, -0.5579657883662198, -0.32684879148473545], [-0.8535533905932738, 0.14644660940672602, -0.5], [0.32684879148473545, 0.3268487914847355, -0.46223399376296875]]
8	[[0.034229894132735264, 0.2773841392786001, 0.9601491309293217], [-0.1827544195208179, -0.9427759796974285, 0.2788803941677556], [0.9825625356654255, -0.18501754344446375, 0.018422055382213542]]	0.7909373389417523	0.2090626610582478	[[0.027073701377603534, 0.2193934729856643, 0.7594177986044739], [-0.1445472942556403, -0.7456767246000875, 0.22057691684607159], [0.7771453973030724, -0.14633728346950423, 0.014570691461845564]]	0.8829202899554501	0.17988113351471924	[[0.00917915167675015, 0.2176409186478137, 0.8013701074064862], [-0.167428883585462, -0.8245053725001008, 0.25625262624840883], [0.8316105690251275, -0.14843611519125655, 0.0]]	[[-0.02104311637606883, -0.027267166033090873, -0.04636504167410408], [-0.006071298511501537, 0.007890668857386169, 0.010023467766923824], [-0.03591382986395236, 0.014919627913574431, -0.01626520647963934]]	0.3684964128171656	[[0.0, 0.0, 0.9316], [0.0, -1.0, 0.0], [0.9316, 0.0, 0.0]]
8	[[-0.30792515101507295, 0.09349718223056193, 0.9468053539599837], [0.3027085282091916, -0.9338174967034747, 0.1906631317268273], [0.9019698710720718, 0.34531602882779927, 0.2592434992682147]]	0.6325228422585226	0.3674771577414774	[[-0.19476969172293876, 0.05913910344763809, 0.5988760135523554], [0.19147005863877206, -0.5906608971656206, 0.120598785993764], [0.5705165464820601, 0.21842027603158556, 0.16397743499417644]]	0.8095468260226034	0.2989367672810691	[[-0.20826037711652653, 0.06947529164276878, 0.7159427716157627], [0.2526187163197122, -0.8450256059805383, 0.1215225675426239], [0.6560201290355887, 0.24291895610132094, 0.13878508547375779]]	[[0.04101945154025665, -0.0062150554740396, -0.05054049754374983], [0.007561988097987492, -0.08905661543986743, -0.03282816558635866], [-0.07416671725882377, -0.03663053901095382, -0.07108466652581855]]	0.4795579108370886	[[0.0, 0.0, 0.9316], [0.0, -1.0, 0.0], [0.9316, 0.0, 0.0]]
8	[[0.8787972042104137, -0.3840163418041313, 0.28327887866788265], [-0.395223040501579, -0.9183905790867732, -0.018907472103605397], [0.2674214316928388, -0.09534250611366366, -0.9588511794847616]]	0.6122610770914764	0.38773892290852363	[[0.5380533227948461, -0.23511825905372596, 0.17344063137046348], [-0.24197968446886492, -0.5622948051423327, -0.011576309235230498], [0.1637317338056022, -0.05837450548575238, -0.5870672559217728]]	0.8060508909780919	0.317425666365182	[[0.6220189887846745, -0.23948334140853575, 0.17964459268558833], [-0.3217079983088595, -0.8587085507205752, -0.01939973478887826], [0.16319197493739043, -0.05655674679719322, -0.7142422829396157]]	[[-0.08633628065818559, 0.07005337305283178, -0.04869259985993328], [-0.0031381143774912336, -0.11843900618179591, -0.0041593500536237], [-0.05236330834525922, 0.02029416520380955, 0.058640564599470785]]	0.5021687197235994	[[0.613682815022416, -0.6136828150224158, 0.0], [-0.7071067811865475, -0.7071067811865476, 0.0], [0.0, 0.0, -0.86787856]]
8	[[0.08740825448676931, -0.06334395238859675, -0.994156597696443], [0.7119981850616444, -0.6940087028176986, 0.10681996481098455], [-0.6967197295301035, -0.717174639895393, -0.015561310176609944]]	0.6726690706981473	0.3273309293018529	[[0.058796829316962264, -0.042609517587585063, -0.6687383947008982], [0.47893915748418386, -0.4668381891808078, 0.07185448646141376], [-0.46866181300007925, -0.4824211985467124, -0.010467612055345833]]	0.8642208633502056	0.22580495993524255	[[0.050661977447811486, -0.0506619774478115, -0.7717776646261558], [0.6747376246409984, -0.6659760855513478, 0.09512161508550994], [-0.5553387577167053, -0.5628011112199618, 0.0]]	[[-0.024878059708678776, 0.004081187773475901, 0.08739320854036733], [0.05941393844324461, -0.06619928522968008, 0.0028055728735222715], [0.046780968450922514, 0.0569961752433077, 0.013448408915690185]]	0.23638439562236307	[[0.0, 0.0, -0.8085156664959999], [0.7071067811865475, -0.7071067811865476, 0.0], [-0.5717069104748826, -0.5717069104748826, 0.0]]
8	[[-0.5446221603179724, 0.8109226453022452, -0.2139887049042392], [-0.8354447797583356, -0.5021691245819775, 0.22328947644507607], [0.07361197229480154, 0.30038414347728, 0.9509735242804028]]	0.6344367342723776	0.36556326572762254	[[-0.3455283048045017, 0.514479114833074, -0.135762295110621], [-0.5300368577347843, -0.31859453945220856, 0.14166304623320305], [0.04670213930606264, 0.19057473501493077, 0.6033325371239523]]	0.7822582005589446	0.31625815087924936	[[-0.45732690227460326, 0.5999951281577001, -0.09667081984637678], [-0.7334534584817002, -0.4000195473731687, 0.10085301978198635], [0.07163977700250024, 0.1009948680899533, 0.7195774359422604]]	[[-0.031291751159741185, -0.03435576114893362, 0.0707235993919524], [-0.07991992840158096, -0.007193631601410647, -0.07381700426568769], [0.014056208015573921, -0.13398309146302356, -0.024329401940525207]]	0.42608119998251986	[[-0.613682815022416, 0.6136828150224158, 0.0], [-0.7071067811865475, -0.7071067811865476, 0.0], [0.0, 0.0, 0.86787856]]
8	[[0.8592155572171323, 0.2624339665249735, -0.4391776855101157], [-0.4266000482917053, 0.8413623931712975, -0.33184593135155627], [0.2824199444684594, 0.4724804086637203, 0.8348660002631537]]	0.5883603460263912	0.4116396539736089	[[0.5055283625555304, 0.1544057393537118, -0.25839473501380134], [-0.2509945520277829, 0.49502426877985717, -0.19524498699745166], [0.16616469625221697, 0.27798873673207714, 0.49120204880049834]]	0.7550947263838903	0.4341826331171829	[[0.48321701598279027, 0.1945085570115435, -0.2895727165035929], [-0.3533776658640443, 0.7490385327359496, -0.2524969120378779], [0.24115049963927299, 0.321049281798499, 0.4792243484478319]]	[[-0.165572120098862, -0.003653947135470439, 0.04204803777057817], [-0.03125421912386474, 0.11373022667457397, -0.0019217993023672398], [0.027896688945508178, -0.03571818310318152, -0.15117856558808718]]	0.5259310031292074	[[0.5989327912904895, -0.10276062108549928, -0.3508467061879943], [-0.14644660940672619, 0.8535533905932737, -0.5], [0.3508467061879943, 0.35084670618799435, 0.49617217020499016]]
8	[[0.5319609947059123, -0.8460851799387872, 0.03402011756955908], [-0.703274286200726, -0.4190807785627857, 0.5742617690636116], [-0.47161719485230363, -0.3294103357928521, -0.8179645788128509]]	0.6078110931106694	0.39218890688933067	[[0.32333179368443954, -0.5142599580833317, 0.020677804847707208], [-0.427457912652289, -0.25472194611991716, 0.34904267358622054], [-0.28665416273296623, -0.2002192562802061, -0.49716794477404724]]	0.7289111564543634	0.45700656470067635	[[0.45000092047560386, -0.5855972922315298, 0.09189216058650443], [-0.5136750722552118, -0.351961885454459, 0.34053754135114556], [-0.2483467358187959, -0.1066411377080112, -0.5297562671089643]]	[[0.06224861663590382, 0.031123634736549874, 0.06709451734616373], [-0.0010505989960236939, -0.04648923050446373, -0.07804826884454007], [0.0954202990847595, 0.13346973110277682, 0.06646723997221711]]	0.4386394052344839	[[0.49617217020499016, -0.49617217020499005, 0.0], [-0.5, -0.5000000000000001, 0.7071067811865475], [-0.3508467061879943, -0.35084670618799435, -0.49617217020499016]]
8	[[0.04673222253661188, -0.9725397674033924, -0.22799671093185395], [-0.8377629715199755, -0.16246744520517667, 0.5213036857710898], [-0.5440306084466285, 0.16664552219444034, -0.8223502702654952]]	0.5623510527206015	0.43764894727939857	[[0.026279914539437132, -0.5469087620119464, -0.12821419040936272], [-0.47111688896459747, -0.09136373884395775, 0.2931556764805019], [-0.30593618537219086, 0.09371328483721787, -0.4624495401888723]]	0.7244668140585351	0.4416676469117088	[[-0.009414852098461329, -0.746557546473101, -0.11776311356138759], [-0.6795081508959683, -0.14245735804943765, 0.27300145447094987], [-0.2553152441464567, 0.014809217766102972, -0.5386624817565246]]	[[-0.04327079647343511, -0.041984759637136625, 0.04741293722323746], [-0.07257667998268019, -0.02475508563341359, -0.10466576591660323], [0.1388168775051988, -0.10591993277522413, 0.057102998582893916]]	0.45090741643919346	[[-0.09573179460325124, -0.5579657883662198, -0.32684879148473545], [-0.8535533905932738, -0.14644660940672602, 0.5], [-0.32684879148473545, 0.3268487914847355, -0.46223399376296875]]
8	[[-0.42203838922340475, -0.825029846081567, 0.3757783270710803], [0.2588054115689476, 0.28760896992378115, 0.9221175843470338], [-0.8688517462515349, 0.4864224845687207, 0.09214016247897017]]	0.5819374431925769	0.41806255680742305	[[-0.24559994115378178, -0.4801157591862725, 0.21867947886292838], [0.1506085594928359, 0.16737042859669596, 0.5366147493578284], [-0.5056173637270239, 0.2830674569813021, 0.053619810568360494]]	0.7705702598707495	0.37199637779949146	[[-0.2403933795931552, -0.5128198153145183, 0.28827738165711847], [0.2706310680835023, 0.23631794371334225, 0.8272550292346856], [-0.5972543055391858, 0.3141224796912311, 0.025845098034112685]]	[[0.0848168516661563, 0.12292364758167942, -0.001286221487839359], [0.07120331483486203, 0.01469502501801559, 0.116698642633004], [0.07225701035901401, -0.060700220649863565, -0.04515537091184045]]	0.5555968825294734	[[-0.3766065974538367, -0.3766065974538368, 0.5326021577984007], [0.5, 0.5000000000000001, 0.7071067811865475], [-0.5326021577984007, 0.5326021577984007, 0.0]]
8	[[0.8489524140446696, -0.5135124485683378, 0.12483895166604869], [0.522794976890395, 0.7815435453534784, -0.34040431673891397], [0.0772347773085365, 0.35425224329800037, 0.9319550081910795]]	0.7014563271872163	0.29854367281278393	[[0.5955030423124946, -0.36020655613766056, 0.0875690725255689], [0.36671784436146204, 0.5482186648605264, -0.23877876177835244], [0.05417682322196857, 0.24849247748164746, 0.6537257371494468]]	0.8561418110043639	0.24169354747347743	[[0.6758810753337721, -0.42344880283682385, 0.05398401303639762], [0.49374476459424693, 0.6652718374895537, -0.3143605050466981], [0.022089381133184954, 0.261119324850809, 0.7485924003893203]]	[[-0.05094258188295808, 0.016190674853758205, -0.05289583312685957], [0.0461581262953195, -0.0038402688081446076, -0.022926136840141234], [-0.04403454098426424, -0.04217083227869951, -0.04929324809797728]]	0.4501710698821758	[[0.6587406773533877, -0.6587406773533876, 0.0], [0.7071067811865475, 0.7071067811865476, 0.0], [0.0, 0.0, 0.9316]]
8	[[-0.3195682178843842, -0.5708200961323295, -0.7563336379995778], [0.910087742671785, 0.03735879733279218, -0.41272826520656647], [0.2638493031197415, -0.8202248094963509, 0.507557688474819]]	0.5681582698447055	0.4318417301552945	[[-0.18156532577054757, -0.3243161582111328, -0.4297172111911919], [0.5170738772832749, 0.021225709656078198, -0.2344949770757695], [0.1499081635602436, -0.4660175086471499, 0.2883730981302311]]	0.7037317557321939	0.47210986815207434	[[-0.23700617062905274, -0.3833053201987153, -0.4098026022830261], [0.7882014676609895, 0.014692747180477861, -0.21788446748968351], [0.1641134558786616, -0.4098026022830261, 0.31736303456071924]]	[[-0.012115867581066753, 0.018398908259708642, 0.12245339670573419], [0.14774382264022523, -0.011597824858571172, 0.07256551922443613], [-0.021565677454509834, 0.16741564299894512, -0.03982142868503908]]	0.4708668134788443	[[-0.3044923341471795, -0.3044923341471796, -0.4306171885895817], [0.8535533905932738, -0.14644660940672602, -0.5], [0.08918373985238884, -0.5198009284419703, 0.3044923341471795]]
8	[[0.3802729664721569, 0.7767473726770865, -0.5020517802076895], [0.4287143634067757, 0.332951791095048, 0.839849450446521], [0.8195098935212374, -0.5346088512602871, -0.20639019011321075]]	0.5919343299405653	0.40806567005943506	[[0.2250966236032072, 0.4597834355787056, -0.2971816841127066], [0.2537707494390858, 0.1970855953643583, 0.49713572170101344], [0.48509603970115744, -0.31645333215105337, -0.12216943889096928]]	0.7729380018336115	0.34699855678627356	[[0.33967815395063317, 0.4707364851387532, -0.38146062537680475], [0.40290742920860345, 0.31331314893106366, 0.7268711263484644], [0.5435852380802042, -0.41252690689208427, -0.05498247013062795]]	[[0.04575072709430429, -0.12964107702778158, 0.006594274433934226], [0.07153780579960152, 0.055962056815135344, 0.07771957027927377], [-0.08984510150097652, 0.000692590363604411, 0.10454435101353636]]	0.43954496398192466	[[0.3766065974538367, 0.3766065974538368, -0.5326021577984007], [0.5, 0.5000000000000001, 0.7071067811865475], [0.5326021577984007, -0.5326021577984007, 0.0]]
8	[[-0.8305561570912853, 0.32773595720904825, 0.4502950280316503], [-0.5100865793185324, -0.772219296347621, -0.37879947194723407], [0.22358030216652452, -0.5443036842615101, 0.808545204538665]]	0.5688154351593566	0.4311845648406434	[[-0.4724331619201623, 0.186421271117233, 0.25613476231991794], [-0.2901451195840186, -0.4392502550904242, -0.21546698647380041], [0.12717592686991208, -0.3096083370220518, 0.4599129923656718]]	0.7418147514911297	0.41347498044996656	[[-0.5137068795528775, 0.19457020982447507, 0.2540619225991325], [-0.4490064159348618, -0.6765271785791573, -0.2666984107582356], [0.15508374655134, -0.37035444719235067, 0.49074251691188786]]	[[0.10241192971922211, -0.0485491578272626, -0.07997357171785746], [-0.07061666685872423, -0.10368351316239179, 0.014300625389272983], [-0.010771419738632108, 0.03341805508380777, -0.10904824306230657]]	0.51285355189939	[[-0.49617217020499016, 0.35084670618799435, 0.3508467061879943], [-0.7071067811865475, -0.5000000000000001, -0.5], [0.0, -0.49617217020499005, 0.49617217020499016]]
