8	[[0.8592155572171323, 0.2624339665249735, -0.4391776855101157], [-0.4266000482917053, 0.8413623931712975, -0.33184593135155627], [0.2824199444684594, 0.4724804086637203, 0.8348660002631537]]	0.8942599326906016	0.10574006730939856	[[0.7683620463637104, 0.2346841812403504, -0.39273900748349017], [-0.38149133047114764, 0.7523966770857679, -0.29675652023409266], [0.2525568405308479, 0.42252029844924643, 0.7465872132009995]]	0.8942599326906017	0.10574006730939844	[[0.7683620463637104, 0.2346841812403504, -0.39273900748349033], [-0.3814913304711478, 0.7523966770857681, -0.2967565202340927], [0.2525568405308479, 0.42252029844924643, 0.7465872132009996]]	[[0.0, 0.0, 0.0], [0.0, 0.0, 0.0], [0.0, 0.0, 0.0]]	0.31895339311444215	[[0.8069092235745855, 0.13844373555751094, -0.4726764795660481], [-0.2499999999999999, 0.9571067811865475, -0.14644660940672619], [0.4321272482340503, 0.236338239783024, 0.8069092235745855]]
8	[[0.034229894132735264, 0.2773841392786001, 0.9601491309293217], [-0.1827544195208179, -0.9427759796974285, 0.2788803941677556], [0.9825625356654255, -0.18501754344446375, 0.018422055382213542]]	0.8932955949867151	0.10670440501328494	[[0.03057741364563402, 0.24778602973675493, 0.8576969891894858], [-0.16325371792230076, -0.8421776297229977, 0.24912262763821486], [0.8777187849089018, -0.16527535655420267, 0.01645634092353267]]	0.9327661782109201	0.12266142607338223	[[0.011734705019782063, 0.24345834292148474, 0.8860128052203998], [-0.1633465893365437, -0.8279781179006303, 0.2519509714527005], [0.9201743744896771, -0.16584569304928906, 0.0]]	[[-0.0201937825109738, -0.01527620056974073, -0.009581830149079849], [0.007120552111044785, 0.051411429590796184, -0.00817922799311186], [0.0036732732438072273, 0.006732413851376242, -0.017183470193657235]]	0.3413199253375732	[[0.0, 0.0, 0.9930000000000001], [0.0, -1.0, 0.0], [0.9930000000000001, 0.0, 0.0]]
8	[[-0.8305561570912853, 0.32773595720904825, 0.4502950280316503], [-0.5100865793185324, -0.772219296347621, -0.37879947194723407], [0.22358030216652452, -0.5443036842615101, 0.808545204538665]]	0.8932113358857227	0.10678866411427756	[[-0.7418621746036188, 0.29273747215647994, 0.4022086235308493], [-0.4556151149304849, -0.6897550292873911, -0.3383479823707952], [0.19970446037589487, -0.48617822094674384, 0.7222017422699759]]	0.8932113358857228	0.10678866411427743	[[-0.7418621746036189, 0.29273747215648, 0.4022086235308493], [-0.45561511493048495, -0.6897550292873914, -0.33834798237079533], [0.1997044603758949, -0.4861782209467441, 0.7222017422699759]]	[[0.0, 0.0, 0.0], [0.0, 0.0, 0.0], [0.0, 0.0, 0.0]]	0.37587234630841215	[[-0.6827021092684733, 0.48274329099409674, 0.48274329099409663], [-0.7071067811865475, -0.5000000000000001, -0.5], [0.0, -0.6827021092684732, 0.6827021092684733]]
8	[[0.8787972042104137, -0.3840163418041313, 0.28327887866788265], [-0.395223040501579, -0.9183905790867732, -0.018907472103605397], [0.2674214316928388, -0.09534250611366366, -0.9588511794847616]]	0.8710721861260569	0.12892781387394325	[[0.7654958018330318, -0.33450595436345565, 0.24675635212457053], [-0.34426779789709755, -0.7999844894426908, -0.016469773059404984], [0.2329433711216411, -0.08305020523116596, -0.8352285930833394]]	0.8724092097482955	0.1177966206041254	[[0.7778029980978493, -0.34289106411187, 0.23926343184893417], [-0.35312292080143676, -0.8154269659961884, -0.014056218724790383], [0.22542924906481068, -0.08087212140776218, -0.8499483824104338]]	[[0.011132223643630777, -0.007871670828096538, -0.007871670828096537], [-0.008326700363135597, -0.014214566654817266, 0.002438834071453928], [-0.007871670828096537, 0.00230555900628115, -0.013437782649911929]]	0.3139601859244106	[[0.6684654880170745, -0.4726764795660482, 0.4726764795660481], [-0.5, -0.8535533905932737, -0.14644660940672619], [0.4726764795660481, -0.13844373555751094, -0.8069092235745855]]
8	[[-0.42203838922340475, -0.825029846081567, 0.3757783270710803], [0.2588054115689476, 0.28760896992378115, 0.9221175843470338], [-0.8688517462515349, 0.4864224845687207, 0.09214016247897017]]	0.8592192879202215	0.14078071207977852	[[-0.36262352426353117, -0.708881556863134, 0.3228759866018658], [0.22237060143817103, 0.24711917433737968, 0.7923012142013733], [-0.7465341787224848, 0.4179435808195211, 0.0791686047940343]]	0.8763902065921084	0.2016432989186831	[[-0.29649639090322455, -0.6762302749568055, 0.3501145029490992], [0.25535022463814805, 0.23211838731310958, 0.8297915110118959], [-0.7856256314240588, 0.3971209659316958, 0.022188251278319273]]	[[0.07337392021807579, 0.04681780229527446, 0.020786057254438224], [0.028535696526082458, -0.019939297256136454, 0.021656690763782856], [-0.024172470028761828, -0.029174935810532064, -0.05856248475205583]]	0.48187782250473316	[[-0.4861463152005001, -0.4861463152005002, 0.687514712254253], [0.5, 0.5000000000000001, 0.7071067811865475], [-0.687514712254253, 0.6875147122542529, 0.0]]
8	[[-0.5446221603179724, 0.8109226453022452, -0.2139887049042392], [-0.8354447797583356, -0.5021691245819775, 0.22328947644507607], [0.07361197229480154, 0.30038414347728, 0.9509735242804028]]	0.8721094058779071	0.1278905941220929	[[-0.47497010866284917, 0.7072132664074818, -0.18662156229861887], [-0.7285992505188411, -0.4379464168894171, 0.19473285264130422], [0.06419769342352036, 0.26196783690311465, 0.8293529552658017]]	0.8726821388121911	0.1253508670857917	[[-0.48221477993798795, 0.7097082634570862, -0.17490917916659804], [-0.7363089300009443, -0.45057844385151224, 0.19274277056029024], [0.07404423999181231, 0.2552071285678371, 0.8368303573499728]]	[[-0.006932748227183663, 0.0020305549434830794, 0.011834941510884251], [-0.007231192741959791, -0.012344418165866504, -0.002117967318053078], [0.009804386567401171, -0.006932748227183665, 0.006932748227183663]]	0.38407681952576345	[[-0.6972419344822142, 0.697241934482214, 0.0], [-0.7071067811865475, -0.7071067811865476, 0.0], [0.0, 0.0, 0.9860490000000002]]
8	[[0.08740825448676931, -0.06334395238859675, -0.994156597696443], [0.7119981850616444, -0.6940087028176986, 0.10681996481098455], [-0.6967197295301035, -0.717174639895393, -0.015561310176609944]]	0.9387120833178155	0.061287916682184494	[[0.082051184668449, -0.05946173351228416, -0.9332268109677795], [0.6683612996177198, -0.6514743552626969, 0.10027319170765504], [-0.6540192287958283, -0.6732205003189085, -0.014607589895040246]]	0.9620790254162068	0.061022435201424204	[[0.06470523621339651, -0.05901312934273576, -0.9382399007106724], [0.6814124743658253, -0.6727637992070618, 0.0905202114548391], [-0.6792429347599814, -0.6949522439075415, -0.0034948881096598045]]	[[-0.019388412076566306, 0.001928758637295999, 0.018217309912213542], [-0.0035860456163895006, -0.005072582769844581, -0.012249036185506431], [-0.008943496385416243, -0.004973565303762669, 0.011476322019252392]]	0.11912551331099898	[[0.0, 0.0, -0.9791466570000004], [0.7071067811865475, -0.7071067811865476, 0.0], [-0.6923612409408388, -0.6923612409408387, 0.0]]
8	[[-0.30792515101507295, 0.09349718223056193, 0.9468053539599837], [0.3027085282091916, -0.9338174967034747, 0.1906631317268273], [0.9019698710720718, 0.34531602882779927, 0.2592434992682147]]	0.8895658030849346	0.11043419691506579	[[-0.2739196842527731, 0.08317189599710831, 0.8422456650605287], [0.2692791549970681, -0.8306921113897894, 0.1696074018932638], [0.8023615527186424, 0.3071813305023016, 0.23061415162107804]]	0.8896080452226406	0.10869853761712003	[[-0.28136599821062797, 0.0831758455179552, 0.8422856601426714], [0.2692919420524015, -0.8362526157882741, 0.17513651386272594], [0.802399653854143, 0.3124520588514803, 0.23588124408261027]]	[[-0.007433306541222548, 0.0, 0.0], [0.0, -0.005521057951196317, 0.005521057951196316], [0.0, 0.005256141461936785, 0.0052561414619367855]]	0.3707200054019802	[[-0.47936408795713803, -0.1404024907053411, 0.8183256852089352], [0.5, -0.8535533905932737, 0.14644660940672619], [0.6779231945035941, 0.47936408795713814, 0.47936408795713803]]
8	[[0.8489524140446696, -0.5135124485683378, 0.12483895166604869], [0.522794976890395, 0.7815435453534784, -0.34040431673891397], [0.0772347773085365, 0.35425224329800037, 0.9319550081910795]]	0.8827195821399973	0.11728041786000284	[[0.7493869201822527, -0.45328749402393004, 0.11019778724944984], [0.461481363545579, 0.6898837917786342, -0.30048155623042544], [0.06817665035246707, 0.31270539217616755, 0.8226549354037077]]	0.9191932688758392	0.13747395684550665	[[0.7745798387977083, -0.4841862480264447, 0.06108396619556363], [0.505356654404747, 0.670774192412921, -0.2894647553552142], [0.024200320744727527, 0.29803429195259423, 0.85801473676562]]	[[-0.005771505788046284, -0.01216906181847808, -0.05366715786938456], [0.024807030644995884, -0.04761537380935562, 0.02343260128747463], [-0.04679336668040364, -0.027591985571093866, 0.0013679663412522107]]	0.42915317657714663	[[0.7021570337182418, -0.7021570337182417, 0.0], [0.7071067811865475, 0.7071067811865476, 0.0], [0.0, 0.0, 0.9930000000000001]]
8	[[0.04673222253661188, -0.9725397674033924, -0.22799671093185395], [-0.8377629715199755, -0.16246744520517667, 0.5213036857710898], [-0.5440306084466285, 0.16664552219444034, -0.8223502702654952]]	0.8796409129523173	0.12035908704768288	[[0.041107574896396215, -0.8554857688811544, -0.20055523495422162], [-0.7369305851054772, -0.14291301182531227, 0.4585600500770892], [-0.478551581087997, 0.1465882192825331, -0.7233729425029249]]	0.8824629296705463	0.11367721421581863	[[0.04771431893489768, -0.8647051572891326, -0.19204180369238813], [-0.7509051522790093, -0.1453635249913115, 0.4668323844843355], [-0.48198328858959266, 0.13600520991106851, -0.7321684936390774]]	[[0.006474864925223117, -0.006474864925223119, 0.009156841791784392], [-0.01161038606198917, -0.001992027319462238, 0.006801206690725705], [-0.0018964440293309252, -0.011053285821115314, -0.006474864925223117]]	0.330151598453064	[[-1.9143257376616405e-16, -0.9587281759142763, 0.0], [-0.7071067811865476, 1.3401577416544657e-16, 0.7071067811865475], [-0.677923194503594, 1.064402095256907e-16, -0.6779231945035941]]
8	[[0.3802729664721569, 0.7767473726770865, -0.5020517802076895], [0.4287143634067757, 0.332951791095048, 0.839849450446521], [0.8195098935212374, -0.5346088512602871, -0.20639019011321075]]	0.8766210491626206	0.12337895083737944	[[0.3333552868370042, 0.6809130967704966, -0.44010915829962616], [0.37582003504073275, 0.29187254843031474, 0.7362297063890797], [0.7183996226577346, -0.4686493720834164, -0.18092598499391555]]	0.8794476269903212	0.20548308207142693	[[0.34313459536401514, 0.6497929656576418, -0.44152824672991875], [0.40400872766082213, 0.3019974942939031, 0.7210827302784039], [0.6978063929727188, -0.45361470135740734, -0.08911120237638953]]	[[0.008704437391506796, -0.0333156680141883, -1.2706927439323508e-18], [0.026976898106066984, 0.009183831713185974, -0.017520875945914487], [-0.022909638179624277, 0.01654578425147375, 0.0923981605527549]]	0.36848809337706623	[[0.4861463152005001, 0.4861463152005002, -0.687514712254253], [0.5, 0.5000000000000001, 0.7071067811865475], [0.687514712254253, -0.6875147122542529, 0.0]]
8	[[0.5319609947059123, -0.8460851799387872, 0.03402011756955908], [-0.703274286200726, -0.4190807785627857, 0.5742617690636116], [-0.47161719485230363, -0.3294103357928521, -0.8179645788128509]]	0.8905194547538154	0.10948054524618464	[[0.4737216149558064, -0.7534553131143725, 0.030295576548704455], [-0.6262794338898493, -0.37319958642353646, 0.511391277472489], [-0.4199842872123974, -0.29334631262052185, -0.7284133707323541]]	0.8905194547538153	0.1094805452461848	[[0.47372161495580617, -0.7534553131143724, 0.030295576548704455], [-0.6262794338898493, -0.3731995864235364, 0.5113912774724888], [-0.41998428721239733, -0.29334631262052197, -0.728413370732354]]	[[0.0, 0.0, 0.0], [0.0, 0.0, 0.0], [0.0, 0.0, 0.0]]	0.29421658630641245	[[0.6827021092684733, -0.6827021092684732, 0.0], [-0.5, -0.5000000000000001, 0.7071067811865475], [-0.48274329099409663, -0.48274329099409674, -0.6827021092684733]]
8	[[0.22433838825039393, -0.7661379269479729, -0.6022499185961573], [-0.9416906372873723, -0.011392912655017143, -0.3362869982418849], [0.2507808429735371, 0.642575192824231, -0.724020780340167]]	0.8955513587182412	0.10444864128175899	[[0.20090654841030064, -0.6861158614438337, -0.5393457328867387], [-0.8433323297149525, -0.010202938407958887, -0.30116227819479885], [0.22458712466545702, 0.5754590870123759, -0.6483977935738778]]	0.9029930676049905	0.09375195225406757	[[0.1899019718221929, -0.7161804924167717, -0.5370121494592988], [-0.8692813552665818, -0.0064500299585089176, -0.325562846548109], [0.2441441995269211, 0.5654504543161659, -0.6718023106964333]]	[[-0.012674037565589748, -0.024363255553493363, 0.006815351998700991], [-0.018941237967558915, 0.003837691188800771, -0.021898018409995293], [0.017690836833681507, -0.014790490219054656, -0.018016565247306854]]	0.30111128802288334	[[0.14040249070534128, -0.8183256852089351, -0.47936408795713803], [-0.8535533905932738, 0.14644660940672602, -0.5], [0.47936408795713803, 0.47936408795713814, -0.6779231945035941]]
8	[[-0.3195682178843842, -0.5708200961323295, -0.7563336379995778], [0.910087742671785, 0.03735879733279218, -0.41272826520656647], [0.2638493031197415, -0.8202248094963509, 0.507557688474819]]	0.8895350711227437	0.11046492887725635	[[-0.2842671374243542, -0.5077644948113631, -0.6727852964704779], [0.8095549649054836, 0.033231960442485484, -0.36713626674488964], [0.2347032086163055, -0.7296187342519753, 0.45149036451634345]]	0.8904025966531316	0.10436444195685096	[[-0.29223034335525166, -0.5005737234748342, -0.6843110415386864], [0.8241265692227804, 0.03562900123963837, -0.37556767457822826], [0.2326809354436312, -0.7434510757219294, 0.44424471142605787]]	[[-0.00768597234318221, 0.007685972343182212, -0.010869606327752801], [0.013782079965636032, 0.0023646310866820997, -0.008073355526159067], [-0.0022511691793058136, -0.01312077550705861, -0.00768597234318221]]	0.24357736121572138	[[-0.4760085393414381, -0.4760085393414382, -0.673177732142069], [0.8535533905932738, -0.14644660940672602, -0.5], [0.1394196732704039, -0.8125974054124726, 0.4760085393414381]]
