8	[[-0.5446221603179724, 0.8109226453022452, -0.2139887049042392], [-0.8354447797583356, -0.5021691245819775, 0.22328947644507607], [0.07361197229480154, 0.30038414347728, 0.9509735242804028]]	0.5835370528932468	0.4164629471067533	[[-0.3178072103723029, 0.47320341056406773, -0.1248703382122624], [-0.4875129846352268, -0.29303429101254874, 0.1302976830268357], [0.04295531337056782, 0.17528527782059417, 0.5549282877380908]]	0.7580804951427493	0.3422347428157327	[[-0.4312604376039676, 0.5816972946675626, -0.08154201993472338], [-0.7309271370773952, -0.38991693956610474, 0.1075639783553137], [0.06777476304351193, 0.08817981075979725, 0.6953059167785112]]	[[-0.01839300064440535, -0.03304734580563151, 0.08067864343403795], [-0.09759274477377095, -0.009232320957598175, -0.06170741850833483], [0.01197096263783444, -0.1395355494604898, -0.025608563375621948]]	0.44216578126047745	[[-0.5881318226112237, 0.5881318226112237, 0.0], [-0.7071067811865475, -0.7071067811865476, 0.0], [0.0, 0.0, 0.8317439999999998]]
8	[[0.08740825448676931, -0.06334395238859675, -0.994156597696443], [0.7119981850616444, -0.6940087028176986, 0.10681996481098455], [-0.6967197295301035, -0.717174639895393, -0.015561310176609944]]	0.6109790746358118	0.38902092536418814	[[0.05340461444185786, -0.03870182941415977, -0.60740887810366], [0.4350159922513411, -0.4240247950367576, 0.0652647632528453], [-0.4256811756288157, -0.43817869783555874, -0.009507634891825986]]	0.8368597414303712	0.275900114932396	[[0.047355449823072444, -0.04735544982307245, -0.7216715767274349], [0.6787527424973343, -0.664193785482445, 0.0968067434407631], [-0.5188704307317786, -0.5299141352625522, 0.0]]	[[-0.025792999425605413, 0.0056545537940263626, 0.11029805656210805], [0.08291012544775292, -0.0834058418919984, 0.0074134153094412205], [0.0641862619722221, 0.07026044844072596, 0.013022634010715604]]	0.2784822718346404	[[0.0, 0.0, -0.7585505279999998], [0.7071067811865475, -0.7071067811865476, 0.0], [-0.536376222221436, -0.5363762222214359, 0.0]]
8	[[-0.8305561570912853, 0.32773595720904825, 0.4502950280316503], [-0.5100865793185324, -0.772219296347621, -0.37879947194723407], [0.22358030216652452, -0.5443036842615101, 0.808545204538665]]	0.5203283787135876	0.4796716212864124	[[-0.4321619386498963, 0.17053031926072978, 0.23430128187849805], [-0.2654125228203717, -0.40180761447990504, -0.19710011509586736], [0.11633517613860178, -0.283216653559624, 0.42070901539424954]]	0.715866925803621	0.43259396667886857	[[-0.5006596565271976, 0.1706456960969743, 0.24277513463116146], [-0.43862077362840535, -0.6705234691140762, -0.26389300927225784], [0.13952945186793916, -0.34091642223067525, 0.4690999109842616]]	[[0.09390802635701015, -0.06396963606557417, -0.07957618279051137], [-0.07346666219796257, -0.11771721539146948, 0.00727700420664365], [-0.02052429171425544, 0.04873258292519676, -0.10971085896209243]]	0.5578507322234594	[[-0.446127704575346, 0.3154599251804159, 0.3154599251804158], [-0.7071067811865475, -0.5000000000000001, -0.5], [0.0, -0.44612770457534595, 0.446127704575346]]
8	[[0.034229894132735264, 0.2773841392786001, 0.9601491309293217], [-0.1827544195208179, -0.9427759796974285, 0.2788803941677556], [0.9825625356654255, -0.18501754344446375, 0.018422055382213542]]	0.7469586856949061	0.25304131430509413	[[0.02556831673286371, 0.2071944921081559, 0.7171917329100722], [-0.13651000101020566, -0.7042147066995186, 0.20831213269362403], [0.7339336202537006, -0.1382004610817768, 0.013760514276096997]]	0.8655832983672229	0.20682817091873928	[[0.009227728867440839, 0.20928378718043977, 0.7749303954317791], [-0.16868856378448158, -0.8233717148449274, 0.25772983773559727], [0.803870867958211, -0.14323755635243757, 0.0]]	[[-0.020401095798732997, -0.030815291011084073, -0.05615865624244573], [-0.010499390544464816, -0.007320572717037288, 0.01633562630192011], [-0.046618852515130114, 0.01691053915802232, -0.015945823460440045]]	0.37776024098096533	[[0.0, 0.0, 0.9119999999999999], [0.0, -1.0, 0.0], [0.9119999999999999, 0.0, 0.0]]
8	[[0.8787972042104137, -0.3840163418041313, 0.28327887866788265], [-0.395223040501579, -0.9183905790867732, -0.018907472103605397], [0.2674214316928388, -0.09534250611366366, -0.9588511794847616]]	0.578926552314072	0.4210734476859281	[[0.5087590356167803, -0.22231725679292796, 0.1639976645705936], [-0.228805112232664, -0.5316806916284298, -0.010946037637914765], [0.15481736746482827, -0.05519630835336664, -0.5551044075213944]]	0.7898936905604391	0.36904171526814605	[[0.5498468235033789, -0.23234326644279937, 0.22393126416098572], [-0.34553375938411013, -0.846786584106795, -0.02435614720277524], [0.20112782805226664, -0.075310444021403, -0.6376953843967662]]	[[-0.14430954338458082, 0.07098881902038498, 0.00017106523218903382], [-0.03334957332779998, -0.12135566021600475, -0.009421254283689819], [-0.010106673562546131, 0.0, 0.1196951124646823]]	0.5139413264994969	[[0.9119999999999999, 0.0, 0.0], [0.0, -1.0, 0.0], [0.0, 0.0, -0.9119999999999999]]
8	[[-0.42203838922340475, -0.825029846081567, 0.3757783270710803], [0.2588054115689476, 0.28760896992378115, 0.9221175843470338], [-0.8688517462515349, 0.4864224845687207, 0.09214016247897017]]	0.5265408011965592	0.47345919880344084	[[-0.22222043159739685, -0.43441187616686217, 0.19786262140830924], [0.1362716087615189, 0.1514378574549848, 0.4855325316595231], [-0.4574858945923128, 0.2561212847448352, 0.0485155549740581]]	0.7337900752832958	0.4199244066429605	[[-0.21513388438742817, -0.47837352174909936, 0.26127284029223835], [0.26954937177262245, 0.2356221562641395, 0.8280485209475767], [-0.5528234779316741, 0.28129174057081985, 0.02295351645588649]]	[[0.09455369701325483, 0.12702519111805952, -0.014469566619080623], [0.07964052933372005, 0.024577548571616925, 0.15140778930951598], [0.08473131036026266, -0.0756402510003495, -0.044658020306172136]]	0.584689159380959	[[-0.3458990407679998, -0.3458990407679999, 0.4891751146659496], [0.5, 0.5000000000000001, 0.7071067811865475], [-0.4891751146659496, 0.4891751146659495, 0.0]]
8	[[-0.3195682178843842, -0.5708200961323295, -0.7563336379995778], [0.910087742671785, 0.03735879733279218, -0.41272826520656647], [0.2638493031197415, -0.8202248094963509, 0.507557688474819]]	0.5016694649636605	0.49833053503633945	[[-0.16031761688544954, -0.28636301221721094, -0.3794294915092671], [0.45656323093613993, 0.018741767869627668, -0.20705316798155798], [0.13236513872711542, -0.41148174132995474, 0.2546261940153547]]	0.678465843136287	0.5092078439982923	[[-0.23406250140517856, -0.36796002984120774, -0.3707333475096138], [0.7781343570632724, 0.012852869137058187, -0.22718947564870362], [0.157169243398943, -0.37073334750961373, 0.3077426489672614]]	[[-0.01724638101868919, 0.01932190796034963, 0.14241319188810497], [0.1606709094034595, -0.012493798793892407, 0.052832554790846586], [-0.02184349650311418, 0.18576116942662826, -0.036617906084111564]]	0.5407805893487556	[[-0.2623819000092597, -0.26238190000925976, -0.3710640415143165], [0.8535533905932738, -0.14644660940672602, -0.5], [0.0768498792521016, -0.447913920766418, 0.2623819000092597]]
8	[[0.04673222253661188, -0.9725397674033924, -0.22799671093185395], [-0.8377629715199755, -0.16246744520517667, 0.5213036857710898], [-0.5440306084466285, 0.16664552219444034, -0.8223502702654952]]	0.5251107728745567	0.47488922712544324	[[0.024539593494346045, -0.510691108912437, -0.11972352909028272], [-0.4399183614605396, -0.08531340571864496, 0.2737421813376121], [-0.28567633326882447, 0.08750735895560666, -0.43182498599271485]]	0.6957296806000909	0.4738453589850731	[[-0.00010635913187821179, -0.6956826452452293, -0.10656448690378142], [-0.6707893659903646, -0.1486966097342248, 0.28036649468651614], [-0.2399142775307121, 0.015055061785020026, -0.5024478083000671]]	[[-0.03261935339100746, -0.019057863498780407, 0.05205959197070861], [-0.08793280139618907, -0.035663185973714664, -0.08231995211065425], [0.13858396392053396, -0.10088517414475331, 0.06968568257314436]]	0.5038331123875227	[[-0.0842652184781816, -0.491133685050897, -0.2876994517645392], [-0.8535533905932738, -0.14644660940672602, 0.5], [-0.2876994517645392, 0.28769945176453926, -0.4068684665727155]]
8	[[0.3802729664721569, 0.7767473726770865, -0.5020517802076895], [0.4287143634067757, 0.332951791095048, 0.839849450446521], [0.8195098935212374, -0.5346088512602871, -0.20639019011321075]]	0.5404090694438746	0.4595909305561256	[[0.20550295994588003, 0.41976132486139883, -0.27131333535467816], [0.2316811301858788, 0.17993016759534625, 0.45386225998875396], [0.4428705789578606, -0.28890747182603055, -0.1115351305814246]]	0.740047330335734	0.40276386899648225	[[0.2922207031039742, 0.41871851294610873, -0.34599430667442516], [0.41564328174366955, 0.3151798381299656, 0.7032461081403821], [0.5217004766769495, -0.3739308587606675, -0.03933162277517447]]	[[0.010800709467404438, -0.1561113065488646, 0.025547772958578095], [0.09837436162790153, 0.06877975399957438, 0.08171776445350094], [-0.08477563220716383, 0.021704994388361484, 0.11340688642559173]]	0.47284906208745453	[[0.3458990407679998, 0.3458990407679999, -0.4891751146659496], [0.5, 0.5000000000000001, 0.7071067811865475], [0.4891751146659496, -0.4891751146659495, 0.0]]
8	[[0.8592155572171323, 0.2624339665249735, -0.4391776855101157], [-0.4266000482917053, 0.8413623931712975, -0.33184593135155627], [0.2824199444684594, 0.4724804086637203, 0.8348660002631537]]	0.5321506281884119	0.4678493718115882	[[0.45723209852235325, 0.1396544001442413, -0.2337086812305409], [-0.2270154836836378, 0.4477315260602115, -0.17659202083049927], [0.1502899508618271, 0.2514307462771164, 0.4442744664931841]]	0.7355290536558452	0.4646936178247596	[[0.4534203901516811, 0.18141260372456772, -0.2837738857728084], [-0.350946676525159, 0.7496048747824204, -0.253560630727231], [0.23600597331341522, 0.30766049242387167, 0.44889471489085364]]	[[-0.17855761553461608, -0.011615203320695829, 0.039254061637211415], [-0.037169946715623084, 0.13075838995151873, -0.00947830688067826], [0.028277898824992917, -0.039862575431481494, -0.16517348421214448]]	0.5663307991431122	[[0.5385237774680889, -0.09239607289274288, -0.3154599251804158], [-0.14644660940672619, 0.8535533905932737, -0.5], [0.3154599251804158, 0.3154599251804159, 0.446127704575346]]
8	[[0.5319609947059123, -0.8460851799387872, 0.03402011756955908], [-0.703274286200726, -0.4190807785627857, 0.5742617690636116], [-0.47161719485230363, -0.3294103357928521, -0.8179645788128509]]	0.5589340339582353	0.4410659660417648	[[0.297331104679411, -0.4729058026954658, 0.019015001548887085], [-0.39308393376527023, -0.2342385101164557, 0.3209744471307169], [-0.26360290120286506, -0.18411864781223566, -0.45718824167081556]]	0.7035793238626993	0.4876167196219151	[[0.4247555290488313, -0.5434980617085965, 0.08129978602972793], [-0.5298040100054036, -0.34190304805326593, 0.3285751104742336], [-0.24232189604253979, -0.11119596188176843, -0.48949906799204795]]	[[0.05047877207231652, 0.05178997712298556, 0.057363934712408], [-0.03499476323027438, -0.04704647722820757, -0.07546359672373985], [0.0894982110336669, 0.12057033944875117, 0.0860038973127352]]	0.4886486804141739	[[0.446127704575346, -0.44612770457534595, 0.0], [-0.5, -0.5000000000000001, 0.7071067811865475], [-0.3154599251804158, -0.3154599251804159, -0.446127704575346]]
8	[[-0.30792515101507295, 0.09349718223056193, 0.9468053539599837], [0.3027085282091916, -0.9338174967034747, 0.1906631317268273], [0.9019698710720718, 0.34531602882779927, 0.2592434992682147]]	0.5927426212745283	0.40725737872547185	[[-0.18252036116902934, 0.05541976487712552, 0.5612118873429983], [0.17942824649287073, -0.5535134307880358, 0.11301416448017029], [0.5346359856899081, 0.20468352809550033, 0.15366467130462283]]	0.7930754670518837	0.3099469193716266	[[-0.17541534117429036, 0.06977570790356122, 0.7180642484379788], [0.261080966346391, -0.8379728194737798, 0.13008725035308374], [0.6598075648470201, 0.23932182806557073, 0.10563963327072917]]	[[0.0687925417840104, -0.004374613561976772, -0.03282384986105918], [0.021010258956298117, -0.09738507213445059, -0.02112300189074465], [-0.055522611920190604, -0.034539842777537924, -0.09996002599157486]]	0.48458553670564214	[[0.0, 0.0, 0.9119999999999999], [0.0, -1.0, 0.0], [0.9119999999999999, 0.0, 0.0]]
8	[[0.8489524140446696, -0.5135124485683378, 0.12483895166604869], [0.522794976890395, 0.7815435453534784, -0.34040431673891397], [0.0772347773085365, 0.35425224329800037, 0.9319550081910795]]	0.6663124180899953	0.33368758191000475	[[0.5656675358454426, -0.3421597213248835, 0.08318174375642495], [0.34834478521714235, 0.5207521695471042, -0.2268156234145784], [0.05146249122909325, 0.23604266884569597, 0.6209731950588795]]	0.8182602485531866	0.27384392486169024	[[0.64790410452331, -0.401008215249319, 0.05080289406642969], [0.47652263974019, 0.625524359985592, -0.26437668675902765], [0.025961317779229037, 0.22538465161915164, 0.7157316964021093]]	[[-0.04675990880270903, 0.019178608551364457, -0.05134785755295057], [0.048740292007497875, -0.013981655690484002, 0.014162634064333735], [-0.03723683029820407, -0.0644858770323941, -0.04685004024071043]]	0.45763650758835006	[[0.6448813844421313, -0.6448813844421313, 0.0], [0.7071067811865475, 0.7071067811865476, 0.0], [0.0, 0.0, 0.9119999999999999]]
8	[[0.22433838825039393, -0.7661379269479729, -0.6022499185961573], [-0.9416906372873723, -0.011392912655017143, -0.3362869982418849], [0.2507808429735371, 0.642575192824231, -0.724020780340167]]	0.48468270330456753	0.5153172966954324	[[0.1087329364721906, -0.3713338015373009, -0.29190011861014126], [-0.45642116375704467, -0.0055219477041465945, -0.16299249139405503], [0.12154913690941223, 0.31144508153450207, -0.35092034906395464]]	0.6848575841702623	0.5053698968740714	[[0.17508915216869833, -0.4175184125920167, -0.3228177812100157], [-0.8196293000071627, 0.04987033093743726, -0.2010276674271583], [0.13907055466176516, 0.32281778121001564, -0.35097215938293314]]	[[0.02144930555488327, 0.10717695719878492, 0.0896376431064857], [-0.174705325118778, 0.05767285357501503, 0.029281033776648233], [-0.03267860761327336, -0.11725471299532768, 0.1448789631299018]]	0.5277113815075948	[[0.0842652184781816, -0.491133685050897, -0.2876994517645392], [-0.8535533905932738, 0.14644660940672602, -0.5], [0.2876994517645392, 0.28769945176453926, -0.4068684665727155]]
