8	[[-0.8305561570912853, 0.32773595720904825, 0.4502950280316503], [-0.5100865793185324, -0.772219296347621, -0.37879947194723407], [0.22358030216652452, -0.5443036842615101, 0.808545204538665]]	0.5034242986669378	0.4965757013330621	[[-0.41812215088718735, 0.16499024440590265, 0.22668945868004267], [-0.25678997845284945, -0.38875395768087734, -0.19069685850044266], [0.11255575681392467, -0.27401570051118107, 0.40704130253539317]]	0.7046292984562261	0.45047958134364197	[[-0.47935337871489375, 0.15845585434677092, 0.2479214694914877], [-0.4365071784015763, -0.6698672259407683, -0.26837578854625155], [0.1446250526437435, -0.3413553489046987, 0.44552654509471773]]	[[0.10588082358483776, -0.07247650326032046, -0.06936960020878072], [-0.07708522986442264, -0.12573888490098342, -0.0014625823724831108], [-0.012916178820485676, 0.04217697428362832, -0.12419809514950755]]	0.5773168535125554	[[-0.4254861552554244, 0.30086414568210273, 0.3008641456821027], [-0.7071067811865475, -0.5000000000000001, -0.5], [0.0, -0.4254861552554243, 0.4254861552554244]]
8	[[-0.42203838922340475, -0.825029846081567, 0.3757783270710803], [0.2588054115689476, 0.28760896992378115, 0.9221175843470338], [-0.8688517462515349, 0.4864224845687207, 0.09214016247897017]]	0.5047070537069626	0.49529294629303755	[[-0.21300575197617685, -0.41639838283613645, 0.18965797230297624], [0.13062091675638138, 0.14515827582992602, 0.465399249167173], [-0.43851560495876163, 0.24550085904349953, 0.04650378993284187]]	0.7175722463737303	0.43984258746832827	[[-0.20521699781773226, -0.4637752617079058, 0.25052364543831795], [0.27019048651979727, 0.23559341667725164, 0.827395501873736], [-0.5336978334541995, 0.26792973231277956, 0.022290929230547287]]	[[0.0976260371932571, 0.1282432582702172, -0.019124452856639503], [0.08447890596658973, 0.029213202051809307, 0.16570951545311713], [0.08976606586925283, -0.08111354262588856, -0.04382629414072783]]	0.5978014628060413	[[-0.3330353616140167, -0.33303536161401676, 0.4709831251443706], [0.5, 0.5000000000000001, 0.7071067811865475], [-0.4709831251443706, 0.4709831251443705, 0.0]]
8	[[0.8489524140446696, -0.5135124485683378, 0.12483895166604869], [0.522794976890395, 0.7815435453534784, -0.34040431673891397], [0.0772347773085365, 0.35425224329800037, 0.9319550081910795]]	0.6511041475377612	0.34889585246223886	[[0.5527564378466792, -0.33435008507511604, 0.08128315920403043], [0.34039397776524416, 0.508866243861016, -0.22163866246846467], [0.05028788383974348, 0.2306551048858841, 0.6067997711518001]]	0.8093160123029087	0.28766220280497173	[[0.6341631133741114, -0.39200591580150945, 0.052352617929925106], [0.4765583313369205, 0.624286660736597, -0.2648536669773698], [0.024043824728814465, 0.22358361444664246, 0.7015672544448832]]	[[-0.052907668995448486, 0.023587931341720124, -0.048681544612516975], [0.053451985387994706, -0.008229044829957616, 0.010640997216464282], [-0.03846351725363349, -0.06311839844865502, -0.05267885643004571]]	0.46102086871826203	[[0.638800266123927, -0.6388002661239269, 0.0], [0.7071067811865475, 0.7071067811865476, 0.0], [0.0, 0.0, 0.9034]]
8	[[-0.30792515101507295, 0.09349718223056193, 0.9468053539599837], [0.3027085282091916, -0.9338174967034747, 0.1906631317268273], [0.9019698710720718, 0.34531602882779927, 0.2592434992682147]]	0.5754401701869245	0.42455982981307555	[[-0.17719250130494807, 0.05380203445475243, 0.5448298340166241], [0.17419064698973064, -0.5373560992265756, 0.10971522496925752], [0.5190296961131914, 0.19870871439694174, 0.14917912333875533]]	0.7857098520598409	0.32001545081337623	[[-0.17327081829611296, 0.06679678349900751, 0.7066497802907417], [0.26115745040806576, -0.8387543680333408, 0.12812394115926354], [0.6489914531352636, 0.23366443254969566, 0.10647403479710546]]	[[0.06866900655344417, -0.0066648737193792836, -0.037264514298622396], [0.023316377491569645, -0.10504476084756258, -0.021681959863087904], [-0.05969516082720762, -0.03765377337448619, -0.09721613666039898]]	0.4869502032808802	[[0.0, 0.0, 0.9034], [0.0, -1.0, 0.0], [0.9034, 0.0, 0.0]]
8	[[0.5319609947059123, -0.8460851799387872, 0.03402011756955908], [-0.703274286200726, -0.4190807785627857, 0.5742617690636116], [-0.47161719485230363, -0.3294103357928521, -0.8179645788128509]]	0.5404593112215162	0.4595406887784839	[[0.28750327279547, -0.4572746135844496, 0.018386489309318896], [-0.3800911363198478, -0.22649610892822, 0.31036512016896894], [-0.2548899042900997, -0.17803288319185323, -0.442076572868791]]	0.692491052677514	0.5005512842834885	[[0.41689988719804444, -0.5233845217186088, 0.08094264712579563], [-0.5333105192958676, -0.3351813080912821, 0.32785283703876844], [-0.23587105393873348, -0.11519756701998982, -0.47438790760729804]]	[[0.048521657990769795, 0.06252189519204582, 0.0573840200978389], [-0.046299368523699744, -0.04497161858742645, -0.0698182999325433], [0.09071963378535444, 0.1129161431760557, 0.09204524462773235]]	0.5103063297625339	[[0.4254861552554244, -0.4254861552554243, 0.0], [-0.5, -0.5000000000000001, 0.7071067811865475], [-0.3008641456821027, -0.30086414568210273, -0.4254861552554244]]
8	[[0.8787972042104137, -0.3840163418041313, 0.28327887866788265], [-0.395223040501579, -0.9183905790867732, -0.018907472103605397], [0.2674214316928388, -0.09534250611366366, -0.9588511794847616]]	0.5647418731078852	0.43525812689211474	[[0.49629357918776174, -0.21687010817450303, 0.15997944455080135], [-0.2231990001882553, -0.5186536158780998, -0.010677841211525214], [0.15102408024340613, -0.053843905489430396, -0.5415034111339294]]	0.7830971996906023	0.3779105096332285	[[0.5424094461278339, -0.2280848631080179, 0.22073296596308806], [-0.34557012491980943, -0.8463457988628897, -0.025383931381005677], [0.1983878748439934, -0.07466244954909414, -0.6283041817150488]]	[[-0.14577418358527136, 0.07263725879422647, -0.0011019306532247652], [-0.0360720686498174, -0.12715670815780705, -0.010577542923444112], [-0.011029099451920366, 0.0, 0.12256949185949906]]	0.5163983217838513	[[0.9034, 0.0, 0.0], [0.0, -1.0, 0.0], [0.0, 0.0, -0.9034]]
8	[[0.04673222253661188, -0.9725397674033924, -0.22799671093185395], [-0.8377629715199755, -0.16246744520517667, 0.5213036857710898], [-0.5440306084466285, 0.16664552219444034, -0.8223502702654952]]	0.509370124479756	0.4906298755202439	[[0.023803998010689654, -0.4953827023837789, -0.11613471302833342], [-0.42673142908766015, -0.0827560627880688, 0.26553652331297567], [-0.2771129387452566, 0.08488425038417602, -0.41888065953109627]]	0.683140378833339	0.4885842213151822	[[0.0027879492806464545, -0.6780973191974647, -0.10103454444072575], [-0.6686350807346908, -0.1462660101930884, 0.27972566413721484], [-0.23273078876503123, 0.010172208812655157, -0.4901164905248908]]	[[-0.029136718926738386, -0.013716134063023994, 0.05471921503801627], [-0.09632536699799103, -0.03527793812753938, -0.07639793324766334], [0.13891848718613042, -0.10367007635013442, 0.07166418463797825]]	0.5271264302480053	[[-0.0796085728803365, -0.4639927655380867, -0.27180066920921153], [-0.8535533905932738, -0.14644660940672602, 0.5], [-0.27180066920921153, 0.2718006692092116, -0.38438419265775037]]
8	[[-0.5446221603179724, 0.8109226453022452, -0.2139887049042392], [-0.8354447797583356, -0.5021691245819775, 0.22328947644507607], [0.07361197229480154, 0.30038414347728, 0.9509735242804028]]	0.5642948042077495	0.43570519579225053	[[-0.3073274553238317, 0.45759943535846076, -0.12075271433660753], [-0.4714371484201164, -0.2833714278351638, 0.1260010913922251], [0.04153885349344132, 0.16950521143062422, 0.5366294186905634]]	0.7474131524610568	0.35354165363502704	[[-0.42029658084231725, 0.573640315773328, -0.0754179115313534], [-0.7296655401433152, -0.385659479619217, 0.11058907294065488], [0.0661792998584312, 0.08289875546762195, 0.6846522269352237]]	[[-0.013238815098910513, -0.03245393495408261, 0.08452006099218284], [-0.10524312359700425, -0.010331671146792077, -0.05630041856053832], [0.011160743586697622, -0.14161230415804626, -0.0261178927541936]]	0.44952918188677427	[[-0.5770921604163557, 0.5770921604163556, 0.0], [-0.7071067811865475, -0.7071067811865476, 0.0], [0.0, 0.0, 0.81613156]]
8	[[0.08740825448676931, -0.06334395238859675, -0.994156597696443], [0.7119981850616444, -0.6940087028176986, 0.10681996481098455], [-0.6967197295301035, -0.717174639895393, -0.015561310176609944]]	0.5857995913184652	0.41420040868153507	[[0.05120371975620985, -0.03710686142173628, -0.582376528637132], [0.41708824582860016, -0.40655001448206585, 0.06257509173092757], [-0.40813813282224626, -0.42012061095468856, -0.009115809141837976]]	0.8235178907085102	0.2969406142759044	[[0.04577969141543502, -0.04577969141543503, -0.7006907778848419], [0.6785923031998671, -0.6635963013853963, 0.0972002795246691], [-0.5033274129652268, -0.5143889006778611, 0.0]]	[[-0.02620256995002192, 0.00638518664476246, 0.11801496648408183], [0.0922490596496145, -0.09206771830761593, 0.009232127417969797], [0.07043374911240782, 0.07621724603842837, 0.012815017333302694]]	0.2970015708455826	[[0.0, 0.0, -0.7372932513039999], [0.7071067811865475, -0.7071067811865476, 0.0], [-0.5213450577201357, -0.5213450577201356, 0.0]]
8	[[0.3802729664721569, 0.7767473726770865, -0.5020517802076895], [0.4287143634067757, 0.332951791095048, 0.839849450446521], [0.8195098935212374, -0.5346088512602871, -0.20639019011321075]]	0.5198942341181125	0.4801057658818877	[[0.19770172265986474, 0.40382648042121, -0.2610138257587117], [0.22288612561879986, 0.17309971642961383, 0.4366328868144118], [0.42605846844443973, -0.27794005927873094, -0.10730106981839937]]	0.7254276325969614	0.4301827897499109	[[0.2846456109675042, 0.39612872090987533, -0.33083503974206874], [0.420898988609329, 0.3162530796681175, 0.7001305065601554], [0.5051309916899275, -0.3694986528308617, -0.03305103066935855]]	[[0.008785093158983782, -0.16734528677717325, 0.03336719461508545], [0.10989774290283835, 0.07472065008511874, 0.09088050798487649], [-0.08936413025697161, 0.018321380504269454, 0.1166701163357047]]	0.4881004142468421	[[0.3330353616140167, 0.33303536161401676, -0.4709831251443706], [0.5, 0.5000000000000001, 0.7071067811865475], [0.4709831251443706, -0.4709831251443705, 0.0]]
8	[[0.8592155572171323, 0.2624339665249735, -0.4391776855101157], [-0.4266000482917053, 0.8413623931712975, -0.33184593135155627], [0.2824199444684594, 0.4724804086637203, 0.8348660002631537]]	0.5089130891608039	0.49108691083919626	[[0.4372660434783922, 0.13355608060494722, -0.22350327262344497], [-0.21710234841227974, 0.42818033461253174, -0.16888073804956455], [0.14372720638006636, 0.24045146434101294, 0.42487423522924606]]	0.7267902643589771	0.4779226903834101	[[0.44092675219508315, 0.17431525708810092, -0.28092230061800816], [-0.34887217870017107, 0.7495797391235791, -0.25569581140069275], [0.23330558517248337, 0.3034797163566774, 0.43504179683497635]]	[[-0.18354274977610202, -0.016419194819359495, 0.03826776553445255], [-0.0388234168266902, 0.13808574296891019, -0.014513419227244218], [0.028045519072004137, -0.039914444760465344, -0.17173068420060303]]	0.5841691314341909	[[0.513607223309815, -0.08812106805439054, -0.3008641456821027], [-0.14644660940672619, 0.8535533905932737, -0.5], [0.3008641456821027, 0.30086414568210273, 0.4254861552554244]]
8	[[0.034229894132735264, 0.2773841392786001, 0.9601491309293217], [-0.1827544195208179, -0.9427759796974285, 0.2788803941677556], [0.9825625356654255, -0.18501754344446375, 0.018422055382213542]]	0.728693662150321	0.271306337849679	[[0.02494310691060065, 0.20212806427333785, 0.6996545864273356], [-0.1331719872347809, -0.6869948812330761, 0.2032183757280269], [0.7159870924057443, -0.13482111129460242, 0.013424035000801228]]	0.8577610112402637	0.21860436326451674	[[0.009245437680886908, 0.20567377444594198, 0.7634086838885247], [-0.16926335776232754, -0.8228494040706071, 0.25841601351288895], [0.7917911005032605, -0.14098214499922204, 0.0]]	[[-0.020115630925055264, -0.03225552536368022, -0.06016980559887071], [-0.012503742065523404, -0.01417292635231044, 0.019203284596471533], [-0.05101273369591256, 0.017718690162890655, -0.01580172085377163]]	0.3819157396098647	[[0.0, 0.0, 0.9034], [0.0, -1.0, 0.0], [0.9034, 0.0, 0.0]]
8	[[-0.3195682178843842, -0.5708200961323295, -0.7563336379995778], [0.910087742671785, 0.03735879733279218, -0.41272826520656647], [0.2638493031197415, -0.8202248094963509, 0.507557688474819]]	0.4776840088795042	0.5223159911204958	[[-0.15265262742949154, -0.2726716318694751, -0.361288484250058], [0.43473436135155685, 0.017845700076845106, -0.19715369230175583], [0.1260365928543016, -0.3918082751826446, 0.24245219136826604]]	0.6651924184722755	0.5247124931771597	[[-0.22790469629783483, -0.35838535524692544, -0.35713262851460764], [0.7783836472417947, 0.01142898890392191, -0.22635039496642134], [0.15076537127823536, -0.3571326285146076, 0.30202120010377465]]	[[-0.015330340576446194, 0.02131984501191566, 0.14597477331826597], [0.1730001806719758, -0.013421799845093837, 0.04819331793820125], [-0.02474518477621001, 0.1884746962052315, -0.03560232620698799]]	0.5696354822481241	[[-0.2455447245636017, -0.24554472456360177, -0.3472526796470117], [0.8535533905932738, -0.14644660940672602, -0.5], [0.071918384740096, -0.4191710643871076, 0.2455447245636017]]
8	[[0.22433838825039393, -0.7661379269479729, -0.6022499185961573], [-0.9416906372873723, -0.011392912655017143, -0.3362869982418849], [0.2507808429735371, 0.642575192824231, -0.724020780340167]]	0.458997518866619	0.541002481133381	[[0.10297076359346707, -0.3516554075787345, -0.2764312183732595], [-0.43223366605482916, -0.0052293186413169546, -0.15435489782012823], [0.1151077847041327, 0.2949404191915613, -0.33232374178401003]]	0.6717785472575482	0.5206935306975674	[[0.16356170016275062, -0.40775422096768954, -0.3095700404874203], [-0.8245240146791055, 0.05327251365069345, -0.19754218297671747], [0.13157706468334673, 0.30957004048742026, -0.34392663077655583]]	[[0.012855983609801232, 0.10692080259632912, 0.09500853491308286], [-0.19191644639615973, 0.060926027963113, 0.028368208163817642], [-0.03689212568943927, -0.1220981890517805, 0.14245499722463792]]	0.5522965432048281	[[0.0796085728803365, -0.4639927655380867, -0.27180066920921153], [-0.8535533905932738, 0.14644660940672602, -0.5], [0.27180066920921153, 0.2718006692092116, -0.38438419265775037]]
