8	[[0.8489524140446696, -0.5135124485683378, 0.12483895166604869], [0.522794976890395, 0.7815435453534784, -0.34040431673891397], [0.0772347773085365, 0.35425224329800037, 0.9319550081910795]]	0.8017701888337679	0.19822981116623203	[[0.6806647373194779, -0.41171897285712683, 0.10009214985109749], [0.41916142734275746, 0.6266183159398709, -0.2729260333115888], [0.06192454198719933, 0.2840288880038237, 0.7472137429019376]]	0.8972373194255892	0.17317157267387698	[[0.7357729359078463, -0.46460227089466793, 0.06481947256330126], [0.5079622499676856, 0.6666501155434752, -0.29681556210276094], [0.02186212751715265, 0.2862921368508725, 0.8170017269401886]]	[[-0.025938852389475884, -0.0038597380495418356, -0.04719069378944496], [0.03889108629338477, -0.03457992010385111, 0.008607894568961362], [-0.047435797041590955, -0.031556196326326905, -0.019183086434428384]]	0.43638632136431155	[[0.686317841819663, -0.6863178418196629, 0.0], [0.7071067811865475, 0.7071067811865476, 0.0], [0.0, 0.0, 0.9705999999999999]]
8	[[0.034229894132735264, 0.2773841392786001, 0.9601491309293217], [-0.1827544195208179, -0.9427759796974285, 0.2788803941677556], [0.9825625356654255, -0.18501754344446375, 0.018422055382213542]]	0.8663900616280138	0.1336099383719864	[[0.029656440087180894, 0.24032286152421992, 0.8318636647179389], [-0.15833661279143327, -0.816811739151466, 0.2416192018898466], [0.8512824158285456, -0.16029736086711263, 0.015960685697910672]]	0.9154126167161445	0.12994866082780474	[[0.00904983019401169, 0.23481518383475894, 0.854735299666406], [-0.16511987335405567, -0.8265412496479698, 0.25364659425810443], [0.8876800902685203, -0.159027985957126, 0.0]]	[[-0.0222846467639521, -0.019105756937819927, -0.024197328715336273], [0.0021758280359362517, 0.03648777690398001, -0.0016440371178305106], [-0.01177005159221668, 0.010339407625763502, -0.016863781922721827]]	0.3509132376466652	[[0.0, 0.0, 0.9705999999999999], [0.0, -1.0, 0.0], [0.9705999999999999, 0.0, 0.0]]
8	[[0.22433838825039393, -0.7661379269479729, -0.6022499185961573], [-0.9416906372873723, -0.011392912655017143, -0.3362869982418849], [0.2507808429735371, 0.642575192824231, -0.724020780340167]]	0.7301003109952037	0.26989968900479644	[[0.1637895270297754, -0.5593575387299355, -0.4397028528638905], [-0.6875286271447822, -0.00831796907256925, -0.24552324200004375], [0.1830951714466188, 0.469144348118774, -0.528607796893346]]	0.7604223785197414	0.3946605499949991	[[0.19113888126119294, -0.5197806826182371, -0.39410771059568156], [-0.842092007390918, 0.03235985300891572, -0.1713118826017745], [0.15203677039477861, 0.3941077105956815, -0.4469162291386653]]	[[0.020546950474543246, 0.06280774206572448, 0.06385660496652903], [-0.1260093731550835, 0.04102327874831139, 0.08440827646658372], [-0.03866259470634431, -0.09452084590950174, 0.10364537474532365]]	0.3556266957796729	[[0.12243935780135423, -0.7136288741459162, -0.4180341159736351], [-0.8535533905932738, 0.14644660940672602, -0.5], [0.4180341159736351, 0.4180341159736352, -0.5911895163445623]]
8	[[-0.5446221603179724, 0.8109226453022452, -0.2139887049042392], [-0.8354447797583356, -0.5021691245819775, 0.22328947644507607], [0.07361197229480154, 0.30038414347728, 0.9509735242804028]]	0.7671222150787481	0.232877784921252	[[-0.41779175800409607, 0.6220767759217762, -0.16415548930797252], [-0.6408882500241913, -0.3852250911934823, 0.17129031777432066], [0.0564693792431036, 0.23043134951882355, 0.7295129164272262]]	0.8408506229490085	0.18822843231260794	[[-0.4751247700477055, 0.6646859241933472, -0.12126033806038805], [-0.7601744694452371, -0.45375633994964215, 0.20769623798311193], [0.0462953648185042, 0.19889518697820893, 0.8168055675716943]]	[[-0.017178887272503624, -0.01717888727250362, 0.05867219776239306], [-0.05769020594594349, -0.031507118719128105, 0.01994314261631173], [-0.01560130794208481, -0.05368300718866631, 0.017178887272503624]]	0.3976362785535803	[[-0.6661400972701649, 0.6661400972701648, 0.0], [-0.7071067811865475, -0.7071067811865476, 0.0], [0.0, 0.0, 0.9420643599999998]]
8	[[0.3802729664721569, 0.7767473726770865, -0.5020517802076895], [0.4287143634067757, 0.332951791095048, 0.839849450446521], [0.8195098935212374, -0.5346088512602871, -0.20639019011321075]]	0.7326658984670807	0.26733410153291964	[[0.27861303464306497, 0.5690963116844018, -0.3678362186228641], [0.31410439425116793, 0.24394242316887718, 0.6153290521884844], [0.6004269524393991, -0.3916896743370721, -0.15121505407408714]]	0.8392515414168011	0.2568270482378424	[[0.3464737666938482, 0.5774013012561942, -0.4272947090199123], [0.40465124666700475, 0.29339139507520406, 0.7168754482567076], [0.6425447434357933, -0.42729470901991223, -0.07837069099148447]]	[[0.027329093422950996, -0.07448512855450116, -0.005946978609559915], [0.04485205635034559, 0.013961091181200282, 0.012030502411411388], [-0.04523019790822376, 0.021376593455348997, 0.09484259419433422]]	0.3855123598388288	[[0.4437426291911045, 0.44374262919110463, -0.6275468444051555], [0.5, 0.5000000000000001, 0.7071067811865475], [0.6275468444051555, -0.6275468444051554, 0.0]]
8	[[-0.42203838922340475, -0.825029846081567, 0.3757783270710803], [0.2588054115689476, 0.28760896992378115, 0.9221175843470338], [-0.8688517462515349, 0.4864224845687207, 0.09214016247897017]]	0.7188267652456506	0.2811732347543494	[[-0.303372490134945, -0.5930535354899299, 0.27011951929792677], [0.18603625682617592, 0.20674102550594523, 0.6628428003323117], [-0.6245538902360256, 0.3496535011252859, 0.0662328149439668]]	0.8395015346537897	0.26419164999907785	[[-0.2742461997850449, -0.6132390585971643, 0.3274491489224013], [0.2608961799758443, 0.23443111203653896, 0.8299454318896862], [-0.7130769784055353, 0.3643553375070747, 0.02348735765821721]]	[[0.08005567565081685, 0.07937476332349115, 0.011982666656595631], [0.043628639787007144, -0.0070170595946709175, 0.05582630469910584], [0.016325395959253468, -0.043997084778475665, -0.05386445014612777]]	0.5041660225019731	[[-0.4437426291911045, -0.44374262919110463, 0.6275468444051555], [0.5, 0.5000000000000001, 0.7071067811865475], [-0.6275468444051555, 0.6275468444051554, 0.0]]
8	[[0.08740825448676931, -0.06334395238859675, -0.994156597696443], [0.7119981850616444, -0.6940087028176986, 0.10681996481098455], [-0.6967197295301035, -0.717174639895393, -0.015561310176609944]]	0.829798402038165	0.17020159796183498	[[0.07253122989806646, -0.05256271047083919, -0.8249495561442073], [0.5908149562182264, -0.5758873125987062, 0.08863903610592799], [-0.5781369182325423, -0.5951103701674936, -0.012912750318171167]]	0.9274061665123753	0.12177381000289104	[[0.05783758412549407, -0.0548071730657189, -0.8767477586789735], [0.6826790565662596, -0.6705013523764752, 0.09216456849578723], [-0.6341264932651349, -0.6461892635750323, 0.0]]	[[-0.023225370089618773, 0.003938398990732028, 0.04523920050367034], [0.02236754919447122, -0.02687340177008722, -0.006900925576554758], [0.012015680231917234, 0.018922919930247577, 0.01443165501679984]]	0.15727066798655676	[[0.0, 0.0, -0.9143676678159998], [0.7071067811865475, -0.7071067811865476, 0.0], [-0.646555578410422, -0.6465555784104219, 0.0]]
8	[[0.04673222253661188, -0.9725397674033924, -0.22799671093185395], [-0.8377629715199755, -0.16246744520517667, 0.5213036857710898], [-0.5440306084466285, 0.16664552219444034, -0.8223502702654952]]	0.7284107525048543	0.2715892474951458	[[0.03404025338411782, -0.708408423815201, -0.1660752557785035], [-0.6102355565055683, -0.11834303401944399, 0.37972321003607357], [-0.39627774488428247, 0.12138639022321669, -0.5990087791866598]]	0.780088371240832	0.3682282378630967	[[-0.02844185315019158, -0.8336477247267541, -0.14847689013788276], [-0.684315045993078, -0.14847406131009358, 0.27242205751174103], [-0.289377563150251, 0.036534420031742114, -0.6054748513453956]]	[[-0.06489711651324136, -0.07498076160610406, 0.02938069274121397], [-0.03078589405418107, -0.0217350966003281, -0.13424088564327083], [0.13501438809803828, -0.09346381395149676, 0.03603103157547253]]	0.3647099725570407	[[-0.12243935780135423, -0.7136288741459162, -0.4180341159736351], [-0.8535533905932738, -0.14644660940672602, 0.5], [-0.4180341159736351, 0.4180341159736352, -0.5911895163445623]]
8	[[-0.30792515101507295, 0.09349718223056193, 0.9468053539599837], [0.3027085282091916, -0.9338174967034747, 0.1906631317268273], [0.9019698710720718, 0.34531602882779927, 0.2592434992682147]]	0.7771116976452968	0.22288830235470347	[[-0.23929223685300774, 0.07265775400824365, 0.7357735159554991], [0.235238338248354, -0.7256805001541183, 0.14816654997460363], [0.7009313377337273, 0.2683491253865033, 0.2014611558198296]]	0.8425931952509336	0.26942585315007445	[[-0.24974393798125358, 0.07643927046608796, 0.7366231098169211], [0.24450093645613535, -0.849753845728584, 0.11822536688031741], [0.673836220044214, 0.259682413819541, 0.17330466751516563]]	[[0.00971169891066301, -0.0023408190565200222, -0.061148638656912634], [-0.010559209557354739, -0.06292557739997519, -0.042426090497939675], [-0.08615745564247557, -0.03127852228183785, -0.04513214088127245]]	0.40185551745791304	[[-0.4180341159736351, -0.12243935780135409, 0.7136288741459164], [0.5, -0.8535533905932737, 0.14644660940672619], [0.5911895163445623, 0.4180341159736352, 0.4180341159736351]]
8	[[0.8787972042104137, -0.3840163418041313, 0.28327887866788265], [-0.395223040501579, -0.9183905790867732, -0.018907472103605397], [0.2674214316928388, -0.09534250611366366, -0.9588511794847616]]	0.7535350829363975	0.24646491706360255	[[0.6622045241589684, -0.2893697859703081, 0.21346057333113266], [-0.29781442660273255, -0.6920395211801578, -0.0142474435597079], [0.20151143070963343, -0.07184392325172355, -0.7225280030567124]]	0.839919350426463	0.2564959799562166	[[0.6874365128044496, -0.309610717851177, 0.13937777641131638], [-0.35863970131344863, -0.8404878603906533, -0.02645666949458685], [0.12767584445402164, -0.053174848252417604, -0.8053576598284888]]	[[-0.05068226411255281, 0.012932038510095637, -0.09855363534894841], [-0.02668422186179071, -0.06911384176630733, -0.010575917807120132], [-0.09693659074354227, 0.026905167550601856, 0.0]]	0.37274743455501025	[[0.5569385733538494, -0.39381504192286837, 0.39381504192286826], [-0.5, -0.8535533905932737, -0.14644660940672619], [0.39381504192286826, -0.11534575524594362, -0.6722843285997931]]
8	[[-0.8305561570912853, 0.32773595720904825, 0.4502950280316503], [-0.5100865793185324, -0.772219296347621, -0.37879947194723407], [0.22358030216652452, -0.5443036842615101, 0.808545204538665]]	0.7400796065931688	0.2599203934068312	[[-0.6146776739936525, 0.24255069827770798, 0.3332541671965236], [-0.3775046749505146, -0.571503753044601, -0.28034176417640905], [0.1654672220693833, -0.4028280565154707, 0.5983878168877683]]	0.7860388428854282	0.36054089904028597	[[-0.6364702101451567, 0.25990122947045347, 0.1960632300289308], [-0.5649531994049496, -0.6245722224613689, -0.3024225160304898], [0.17159698791496558, -0.2835747255285253, 0.6165300777052092]]	[[0.016379190526245074, 0.002288036893904933, -0.15788615276212897], [-0.16400533482602409, -0.017577860306485355, -0.004671417415474751], [-0.004145814091983789, 0.14426911262666756, -0.019017859290924935]]	0.4238418717295	[[-0.6090969671796439, 0.4306965958928861, 0.430696595892886], [-0.7071067811865475, -0.5000000000000001, -0.5], [0.0, -0.6090969671796438, 0.6090969671796439]]
8	[[0.8592155572171323, 0.2624339665249735, -0.4391776855101157], [-0.4266000482917053, 0.8413623931712975, -0.33184593135155627], [0.2824199444684594, 0.4724804086637203, 0.8348660002631537]]	0.7636498826661109	0.23635011733388916	[[0.6561398594537602, 0.20040766774439814, -0.335377988009374], [-0.32577307682331796, 0.6425062928249397, -0.2534141065398422], [0.2156699574559086, 0.36080960863808614, 0.6375453231428826]]	0.8086029140720646	0.23252838235001017	[[0.7139239500150847, 0.17249057136449308, -0.3134792091950638], [-0.3465617073711122, 0.7338556794947092, -0.39553666731973], [0.22421988198958037, 0.38321822589051846, 0.6769925814949145]]	[[0.019159746633258534, -0.03971429871909117, 0.04164114710384054], [-0.001611665179155718, 0.05352759658575177, -0.12720508020590326], [-0.004145708099686632, 0.0011691906030742707, 0.0019175008224392113]]	0.4005189990679792	[[0.6722843285997931, 0.11534575524594362, -0.39381504192286826], [-0.2499999999999999, 0.9571067811865475, -0.14644660940672619], [0.36003105239241523, 0.19690752096143413, 0.6722843285997931]]
8	[[0.5319609947059123, -0.8460851799387872, 0.03402011756955908], [-0.703274286200726, -0.4190807785627857, 0.5742617690636116], [-0.47161719485230363, -0.3294103357928521, -0.8179645788128509]]	0.7571770833883067	0.2428229166116933	[[0.4027886744477651, -0.6406363088441215, 0.025759253397846037], [-0.532503172847459, -0.31731836161627097, 0.4348178514009949], [-0.357097732074042, -0.24942195729359457, -0.6193440341004591]]	0.8192521006193566	0.22493461859555686	[[0.4750546745008594, -0.6744536830987646, 0.004603722170976912], [-0.603161022148865, -0.3850879038438653, 0.5557760177536797], [-0.34196540924176, -0.33545476291016685, -0.6701191994246553]]	[[0.03924451214047839, 0.018703377868993124, -0.023267330611201835], [-0.027002085867341697, -0.041755095677107675, 0.08531085714292812], [0.04440796832919819, -0.06558465334614512, 9.650989371825216e-18]]	0.34189604217346764	[[0.6090969671796439, -0.6090969671796438, 0.0], [-0.5, -0.5000000000000001, 0.7071067811865475], [-0.430696595892886, -0.4306965958928861, -0.6090969671796439]]
8	[[-0.3195682178843842, -0.5708200961323295, -0.7563336379995778], [0.910087742671785, 0.03735879733279218, -0.41272826520656647], [0.2638493031197415, -0.8202248094963509, 0.507557688474819]]	0.7356514464409225	0.2643485535590775	[[-0.23509082172319512, -0.4199246293772947, -0.5563979347863144], [0.6695073642846529, 0.027483053295161868, -0.30362414528626325], [0.19410112148246728, -0.6033995675127208, 0.3733855476787118]]	0.7887624972534101	0.23630687463896882	[[-0.2932902666842588, -0.46642672627091636, -0.5799906413950212], [0.7731926821686219, 0.0036913602652528937, -0.31512077610423067], [0.18822586116471288, -0.6161178463622516, 0.4278919851975389]]	[[-0.041226841102950045, -0.016185241763148485, 0.016576967670282605], [0.05534960153910565, -0.025775858013344363, 0.010423801047168373], [-0.019888574062586355, 0.03084472268529255, 0.027549515335972267]]	0.32212981541554897	[[-0.4057439129640102, -0.4057439129640103, -0.5738085445640321], [0.8535533905932738, -0.14644660940672602, -0.5], [0.1188396406819944, -0.6926481852460263, 0.4057439129640102]]
