8	[[-0.30792515101507295, 0.09349718223056193, 0.9468053539599837], [0.3027085282091916, -0.9338174967034747, 0.1906631317268273], [0.9019698710720718, 0.34531602882779927, 0.2592434992682147]]	0.5822828606065656	0.4177171393934345	[[-0.1792995377857654, 0.054441806727864965, 0.5513085299414312], [0.17626198773565133, -0.5437459232649614, 0.11101987375410345], [0.5252015967087811, 0.20107160507915026, 0.15095304634755213]]	0.7886359271044521	0.31603310843901705	[[-0.1741112986932455, 0.06796490380927962, 0.7111477889274761], [0.26112398213718124, -0.8384452705816261, 0.12890363669017266], [0.6532538267875784, 0.2358852773101217, 0.10614639488396585]]	[[0.06872953825630498, -0.005770333180773473, -0.035536929180214616], [0.022397161350501293, -0.10200324332252259, -0.021460158963852036], [-0.05807201870562805, -0.03644334922851747, -0.09830234250722501]]	0.48600398505556863	[[0.0, 0.0, 0.9068], [0.0, -1.0, 0.0], [0.9068, 0.0, 0.0]]
8	[[-0.3195682178843842, -0.5708200961323295, -0.7563336379995778], [0.910087742671785, 0.03735879733279218, -0.41272826520656647], [0.2638493031197415, -0.8202248094963509, 0.507557688474819]]	0.4869013067847976	0.5130986932152024	[[-0.1555981828947956, -0.27793305074585506, -0.3682598367072945], [0.4431229111957187, 0.018190047241244928, -0.2009579316760997], [0.12846857048326027, -0.3993685316010849, 0.24713050178706059]]	0.6704752178301777	0.5187175857407633	[[-0.23086087450874077, -0.3614968816526852, -0.3626869934492525], [0.7782303522320445, 0.010737703192737064, -0.22621735005912408], [0.15295791552692956, -0.36268699344925237, 0.30416467136858916]]	[[-0.016598304011106582, 0.021223846643481377, 0.14441596724080513], [0.16803907471960466, -0.014310444586840186, 0.050506723459919994], [-0.023946503456619608, 0.1872534143675294, -0.0361401803729466]]	0.5583696287127144	[[-0.25208707813567527, -0.2520870781356753, -0.3565049647984782], [0.8535533905932738, -0.14644660940672602, -0.5], [0.07383459573643632, -0.4303395605349144, 0.25208707813567527]]
8	[[-0.5446221603179724, 0.8109226453022452, -0.2139887049042392], [-0.8354447797583356, -0.5021691245819775, 0.22328947644507607], [0.07361197229480154, 0.30038414347728, 0.9509735242804028]]	0.5717549713475788	0.42824502865242126	[[-0.3113904276678588, 0.4636490538298881, -0.12234910584122877], [-0.47766970611321147, -0.28711769343700727, 0.12766686820707035], [0.04208801111025301, 0.17174612734711925, 0.5437238401272477]]	0.7516346641708375	0.34907902316134504	[[-0.424597892203585, 0.5768279579166802, -0.07780272186938021], [-0.7301757243512811, -0.3873305112156425, 0.1093867247822956], [0.06680338257681273, 0.08496168305021873, 0.6888641196592278]]	[[-0.015240997632989924, -0.03268961225360006, 0.0830386064776701], [-0.10222646788434508, -0.009882789903504463, -0.05844538585838127], [0.011474072502056593, -0.14081745175457128, -0.02592054589863066]]	0.4465974308321448	[[-0.581444176380389, 0.5814441763803889, 0.0], [-0.7071067811865475, -0.7071067811865476, 0.0], [0.0, 0.0, 0.8222862400000001]]
8	[[0.08740825448676931, -0.06334395238859675, -0.994156597696443], [0.7119981850616444, -0.6940087028176986, 0.10681996481098455], [-0.6967197295301035, -0.717174639895393, -0.015561310176609944]]	0.5955588224958361	0.4044411775041639	[[0.052056757118556715, -0.03772504969678499, -0.5920787327005603], [0.42403680071448535, -0.4133230058519712, 0.06361757246187662], [-0.41493758172856593, -0.4271196840599755, -0.009267675565274292]]	0.8287912086583846	0.28867354797790734	[[0.04639601013164918, -0.046396010131649186, -0.7089339375997165], [0.6786845018481091, -0.6638286549513404, 0.09703973159085295], [-0.5094326015307753, -0.5205098513265688, 0.0]]	[[-0.02604718275116004, 0.0061029007296950774, 0.11501431060082587], [0.08858666548829254, -0.08864034332362258, 0.00850828384631097], [0.06800258520262199, 0.07387818529147541, 0.012897077069580576]]	0.28968460935900897	[[0.0, 0.0, -0.7456491624320001], [0.7071067811865475, -0.7071067811865476, 0.0], [-0.5272535791417368, -0.5272535791417367, 0.0]]
8	[[-0.8305561570912853, 0.32773595720904825, 0.4502950280316503], [-0.5100865793185324, -0.772219296347621, -0.37879947194723407], [0.22358030216652452, -0.5443036842615101, 0.808545204538665]]	0.5100407692704472	0.48995923072955283	[[-0.4236175012851455, 0.16715869973248926, 0.22966882249592047], [-0.26016495131015516, -0.3938633239546242, -0.19320317407120646], [0.11403506931073322, -0.27761706983747925, 0.4123910181128317]]	0.7090698319864139	0.4433550480231571	[[-0.4877150749055085, 0.16323793691741303, 0.24594043681252423], [-0.43736587187546394, -0.6701249523612163, -0.2665869710156204], [0.14265564434133338, -0.34121578997797775, 0.4547780142433994]]	[[0.1012072398584907, -0.06914974319671335, -0.0733501830581956], [-0.07567886677954758, -0.12256754564334191, 0.0020083069145471963], [-0.015878402951355855, 0.04473353197091732, -0.11853699809225257]]	0.5696484344724189	[[-0.4335533631190012, 0.30656852306767934, 0.3065685230676793], [-0.7071067811865475, -0.5000000000000001, -0.5], [0.0, -0.4335533631190011, 0.4335533631190012]]
8	[[-0.42203838922340475, -0.825029846081567, 0.3757783270710803], [0.2588054115689476, 0.28760896992378115, 0.9221175843470338], [-0.8688517462515349, 0.4864224845687207, 0.09214016247897017]]	0.5131755431928945	0.4868244568071056	[[-0.21657977963797498, -0.4233851394132583, 0.19284024711481876], [0.1328126076631553, 0.14759388936778528, 0.4732081922350089], [-0.44587346683672635, 0.24962012273979056, 0.04728407793002707]]	0.7239835828942155	0.43202304978251915	[[-0.2090912275917022, -0.469507194367936, 0.2547317581995848], [0.26994273093831916, 0.23560048648291035, 0.8276461858646013], [-0.5411971211390498, 0.27315146287242037, 0.02254818696100439]]	[[0.09645763755716182, 0.1278008695928601, -0.017325581407330357], [0.08257186179822033, 0.027376313964976494, 0.1600481932992768], [0.0878372791160323, -0.07901043030594836, -0.044159777998975594]]	0.5925993539871934	[[-0.3380773302466688, -0.33807733024666886, 0.47811354556572694], [0.5, 0.5000000000000001, 0.7071067811865475], [-0.47811354556572694, 0.4781135455657268, 0.0]]
8	[[0.3802729664721569, 0.7767473726770865, -0.5020517802076895], [0.4287143634067757, 0.332951791095048, 0.839849450446521], [0.8195098935212374, -0.5346088512602871, -0.20639019011321075]]	0.5279136570399775	0.4720863429600227	[[0.20075129240375708, 0.410055546106155, -0.2650399913128724], [0.22632416741163686, 0.1757697976549974, 0.44336799474823824], [0.43263046486923895, -0.28222731375475957, -0.1089562000398413]]	0.7312048328911015	0.41926599883242394	[[0.2876313008770853, 0.40498026476445453, -0.33678695590639807], [0.4187930303555657, 0.3157943591480681, 0.7013727351616972], [0.511638858648139, -0.3712607933321302, -0.035511293331260185]]	[[0.009573869974808314, -0.1629811680724967, 0.03031573214304554], [0.10531501590269933, 0.07233840037962047, 0.0872707580942652], [-0.0875907360966619, 0.019647782415751776, 0.11540221114083274]]	0.4820376127135265	[[0.3380773302466688, 0.33807733024666886, -0.47811354556572694], [0.5, 0.5000000000000001, 0.7071067811865475], [0.47811354556572694, -0.4781135455657268, 0.0]]
8	[[0.8787972042104137, -0.3840163418041313, 0.28327887866788265], [-0.395223040501579, -0.9183905790867732, -0.018907472103605397], [0.2674214316928388, -0.09534250611366366, -0.9588511794847616]]	0.5703612424269365	0.4296387575730636	[[0.5012318652347698, -0.2190280378236515, 0.16157129319032296], [-0.22541990441623205, -0.5238143917211258, -0.01078408928016503], [0.15252682003191764, -0.05437967024308699, -0.5468915500334621]]	0.7857929134973514	0.3744063703842439	[[0.5453493850312869, -0.22976296488151557, 0.22199364263967775], [-0.34555499047127747, -0.8465210910658548, -0.024975873015761225], [0.1994678189951071, -0.07491946565919481, -0.6320134860990506]]	[[-0.14520323043854108, 0.07199435517534748, -0.0006048927610204672], [-0.03499152599425996, -0.12485628219673951, -0.010118515424599243], [-0.010670046946441643, 0.0, 0.12144497583865217]]	0.5154170284927938	[[0.9068, 0.0, 0.0], [0.0, -1.0, 0.0], [0.0, 0.0, -0.9068]]
8	[[0.034229894132735264, 0.2773841392786001, 0.9601491309293217], [-0.1827544195208179, -0.9427759796974285, 0.2788803941677556], [0.9825625356654255, -0.18501754344446375, 0.018422055382213542]]	0.7358257225704288	0.2641742774295713	[[0.02518723658372921, 0.20410638471425238, 0.7065024280414373], [-0.13447540279684514, -0.6937188164829043, 0.20520736754921476], [0.7229947877766444, -0.13614066759322824, 0.013555422212849739]]	0.8608692832195572	0.21395311257068653	[[0.009238702963071773, 0.20709686852105, 0.767958009953681], [-0.1690344734596377, -0.8230577570131226, 0.258141889315997], [0.7965601571150273, -0.1418719729971775, 0.0]]	[[-0.02022876146365736, -0.0316946166361923, -0.058604884173324864], [-0.011706807321544976, -0.011450875134381498, 0.018062324284813688], [-0.04929774868165818, 0.017403947010901342, -0.015858981612317163]]	0.3802662421354099	[[0.0, 0.0, 0.9068], [0.0, -1.0, 0.0], [0.9068, 0.0, 0.0]]
8	[[0.8489524140446696, -0.5135124485683378, 0.12483895166604869], [0.522794976890395, 0.7815435453534784, -0.34040431673891397], [0.0772347773085365, 0.35425224329800037, 0.9319550081910795]]	0.6571333566490902	0.3428666433509097	[[0.557874949476522, -0.33744615900880515, 0.08203583934886415], [0.34354601800326884, 0.5135783333255618, -0.22369103127648265], [0.050753548462803603, 0.2327909657388852, 0.6124187227785344]]	0.8128647738739441	0.28218868417733484	[[0.6395828254643129, -0.3955575790167387, 0.05175267017333912], [0.4765448345145267, 0.6247766365856614, -0.2646642091578458], [0.024794739340477313, 0.2243045767171372, 0.70716006014826]]	[[-0.0505006866078465, 0.021858601370218448, -0.04972451604334378], [0.05158321384208206, -0.010512580680734322, 0.01203846879384598], [-0.03798669045163065, -0.0636545929256293, -0.05039333684567159]]	0.4596750537369576	[[0.6412044291799613, -0.6412044291799612, 0.0], [0.7071067811865475, 0.7071067811865476, 0.0], [0.0, 0.0, 0.9068]]
8	[[0.5319609947059123, -0.8460851799387872, 0.03402011756955908], [-0.703274286200726, -0.4190807785627857, 0.5742617690636116], [-0.47161719485230363, -0.3294103357928521, -0.8179645788128509]]	0.5475820795800883	0.45241792041991163	[[0.2912923077365558, -0.4633010823327742, 0.01862880672629825], [-0.38510039615299574, -0.22948112423745276, 0.31445545372719286], [-0.25824912432295216, -0.18037919670862518, -0.447902745089192]]	0.6969157415351339	0.4953206840932274	[[0.4201051585876912, -0.5325180025043286, 0.08183884876726916], [-0.5317974959323083, -0.33765591300716513, 0.32834084548465386], [-0.23754131913948828, -0.11244923718904354, -0.48166917570856926]]	[[0.04937316749445289, 0.05713207807459838, 0.05812969330416747], [-0.04167457526213743, -0.04559192145195989, -0.07187122113759087], [0.09113612793172465, 0.1171220112493695, 0.08838321528426221]]	0.5017757934129056	[[0.4335533631190012, -0.4335533631190011, 0.0], [-0.5, -0.5000000000000001, 0.7071067811865475], [-0.3065685230676793, -0.30656852306767934, -0.4335533631190012]]
8	[[0.8592155572171323, 0.2624339665249735, -0.4391776855101157], [-0.4266000482917053, 0.8413623931712975, -0.33184593135155627], [0.2824199444684594, 0.4724804086637203, 0.8348660002631537]]	0.5178896832232628	0.48211031677673716	[[0.4449788727476799, 0.13591184379064292, -0.22744559242755957], [-0.2209317638728199, 0.4357329032754496, -0.1718595842665861], [0.1462623755767019, 0.2446927291720519, 0.4323684884101571]]	0.730258632494205	0.47269274127148936	[[0.4458604967291291, 0.17712099225359185, -0.2820560814693948], [-0.34967262500110197, 0.7495991760506219, -0.2548484402068843], [0.23438467948328942, 0.30511647119956026, 0.4405144354133745]]	[[-0.18158908110200014, -0.014523677260965283, 0.03865721457319233], [-0.0381442571136395, 0.13518702538129868, -0.012515084179330964], [0.028145077046662935, -0.039916425911511226, -0.16915366825470268]]	0.5771202666517014	[[0.5233452046271799, -0.08979184150817875, -0.3065685230676793], [-0.14644660940672619, 0.8535533905932737, -0.5], [0.3065685230676793, 0.30656852306767934, 0.4335533631190012]]
8	[[0.22433838825039393, -0.7661379269479729, -0.6022499185961573], [-0.9416906372873723, -0.011392912655017143, -0.3362869982418849], [0.2507808429735371, 0.642575192824231, -0.724020780340167]]	0.46862721533146934	0.5313727846685308	[[0.10513107417773213, -0.35903308326545313, -0.2822307022853212], [-0.441301861055698, -0.005339028932035347, -0.15759323953827317], [0.11752272810116715, 0.30112822325430133, -0.33929584213292985]]	0.6767245436874822	0.514640440548623	[[0.16782376912121122, -0.41186439873509506, -0.314610478692294], [-0.8226679517455543, 0.052346405058061735, -0.19901463917097048], [0.13456467578185172, 0.31461047869229397, -0.3468146042118201]]	[[0.01600847570087819, 0.10659994028044566, 0.09294682265551392], [-0.18540278493248258, 0.06005626867579942, 0.02855902626230227], [-0.03514487574497737, -0.12023592545657967, 0.1431480279841343]]	0.5426457420329374	[[0.08142324187961658, -0.47456943155592674, -0.2779963367177716], [-0.8535533905932738, 0.14644660940672602, -0.5], [0.2779963367177716, 0.27799633671777163, -0.39314618967631026]]
8	[[0.04673222253661188, -0.9725397674033924, -0.22799671093185395], [-0.8377629715199755, -0.16246744520517667, 0.5213036857710898], [-0.5440306084466285, 0.16664552219444034, -0.8223502702654952]]	0.5157419090108325	0.4842580909891674	[[0.0241017656633513, -0.5015795162295766, -0.11758745894418532], [-0.43206947423029995, -0.08379127034223068, 0.268858158073965], [-0.28057938456058895, 0.08594607974466771, -0.4241204982623006]]	0.688117657462711	0.482796317147395	[[0.001664344986123929, -0.6850179238444027, -0.10319748427167867], [-0.6694914766866181, -0.14723166621988396, 0.2799700188056516], [-0.2355482074430802, 0.012058465020892516, -0.49497381376993826]]	[[-0.030492922513795456, -0.015796137309450578, 0.053691078363951567], [-0.09301198321529267, -0.03543494841134651, -0.07874825227382794], [0.13880886042922722, -0.10261326133819601, 0.07089992781898168]]	0.5179419847783177	[[-0.08142324187961658, -0.47456943155592674, -0.2779963367177716], [-0.8535533905932738, -0.14644660940672602, 0.5], [-0.2779963367177716, 0.27799633671777163, -0.39314618967631026]]
