8	[[0.034229894132735264, 0.2773841392786001, 0.9601491309293217], [-0.1827544195208179, -0.9427759796974285, 0.2788803941677556], [0.9825625356654255, -0.18501754344446375, 0.018422055382213542]]	0.8820635312677033	0.11793646873229695	[[0.0301929412936401, 0.24467043340973443, 0.8469125329711339], [-0.1612010086373119, -0.8315883098462823, 0.24599022528093953], [0.8666825799003937, -0.1631972277170994, 0.016249423223644477]]	0.9260778564179273	0.12412491572306365	[[0.010011931143220723, 0.24035091219781074, 0.8736688013337159], [-0.16416518861085222, -0.8273512225786241, 0.2526458313669671], [0.9074243441879971, -0.16300490049880664, 0.0]]	[[-0.021687615840635336, -0.016528396909647056, -0.015504047678846295], [0.005079632469889434, 0.045732735781881896, -0.005619126260894648], [-0.002505062637603568, 0.00833574953395311, -0.017060257559172662]]	0.34504512678271404	[[0.0, 0.0, 0.9842], [0.0, -1.0, 0.0], [0.9842, 0.0, 0.0]]
8	[[0.8489524140446696, -0.5135124485683378, 0.12483895166604869], [0.522794976890395, 0.7815435453534784, -0.34040431673891397], [0.0772347773085365, 0.35425224329800037, 0.9319550081910795]]	0.8541549592251252	0.145845040774875	[[0.7251369146023962, -0.43861920456848263, 0.10663180967002119], [0.44654792216891553, 0.6675592951140601, -0.29075803528418365], [0.06597046806273464, 0.30258631042961254, 0.7960339920211027]]	0.9074804471958906	0.1518476251797785	[[0.7625667348715692, -0.4735697135388201, 0.05496764099531239], [0.5004102229782129, 0.6736090661025378, -0.2875671962726609], [0.020911833143622736, 0.28689992075624976, 0.8457309475996908]]	[[-0.007840981473718412, -0.007567207071368048, -0.05832126669005964], [0.025984003557951985, -0.03562641993789855, 0.02134306530898037], [-0.049177217107403, -0.03457706341196705, 0.0]]	0.4319325447443915	[[0.6959344940438001, -0.6959344940438, 0.0], [0.7071067811865475, 0.7071067811865476, 0.0], [0.0, 0.0, 0.9842]]
8	[[0.04673222253661188, -0.9725397674033924, -0.22799671093185395], [-0.8377629715199755, -0.16246744520517667, 0.5213036857710898], [-0.5440306084466285, 0.16664552219444034, -0.8223502702654952]]	0.8123595127143417	0.18764048728565833	[[0.03796336552790028, -0.7900519315431391, -0.18521529699307349], [-0.6805647193140861, -0.1319819746188214, 0.4234860081491927], [-0.44194843997939, 0.13537607520590256, -0.668044064833385]]	0.8256431588365609	0.16347798155478943	[[0.0672667316930973, -0.831653397511627, -0.14768061420779696], [-0.7464321018690264, -0.14353183409759884, 0.46247608940181495], [-0.4575760867150039, 0.08862548828690749, -0.7076504666706191]]	[[0.02868259185851584, -0.028682591858515846, 0.04056331041032523], [-0.05473883570697001, -0.009391699430290746, 0.03206526756863038], [-0.00840093665335324, -0.04896424706367846, -0.02868259185851584]]	0.34984087367970657	[[-1.8147654881481436e-16, -0.9088666426695531, 0.0], [-0.7071067811865476, 1.3401577416544657e-16, 0.7071067811865475], [-0.6426657662258917, 1.0090446730055026e-16, -0.6426657662258918]]
8	[[0.08740825448676931, -0.06334395238859675, -0.994156597696443], [0.7119981850616444, -0.6940087028176986, 0.10681996481098455], [-0.6967197295301035, -0.717174639895393, -0.015561310176609944]]	0.8988676414578299	0.10113235854217023	[[0.0785684515544681, -0.05693782908415502, -0.8936151962111423], [0.6399921293286157, -0.6238219658529526, 0.09601700983025807], [-0.6262588200398613, -0.6446450770761405, -0.013987558176443107]]	0.9452924815405637	0.0862814484473482	[[0.06904368737218554, -0.062412465153561414, -0.91059860750493], [0.6782738842634846, -0.6608511659774551, 0.10406520221248661], [-0.6548692805664498, -0.6740347219204208, 0.0]]	[[-0.013582678418741737, -0.0025339032095574848, 0.029170149771464194], [0.005227353054185384, -0.004809957080165423, 0.003089092598235351], [0.0037346414993321385, 0.0039050731242552678, 0.01470998951287004]]	0.1331787858788601	[[0.0, 0.0, -0.9533449756879999], [0.7071067811865475, -0.7071067811865476, 0.0], [-0.674116697119109, -0.6741166971191089, 0.0]]
8	[[-0.42203838922340475, -0.825029846081567, 0.3757783270710803], [0.2588054115689476, 0.28760896992378115, 0.9221175843470338], [-0.8688517462515349, 0.4864224845687207, 0.09214016247897017]]	0.8000192334041795	0.19998076659582056	[[-0.33763882861364297, -0.6600397449977434, 0.3006298891533106], [0.2070493069642427, 0.23009270763858913, 0.7377118029378279], [-0.6950981079780356, 0.38914734321522426, 0.07371390215216225]]	0.8617783712675025	0.22565719675919055	[[-0.28763560842844765, -0.6506465166436819, 0.3425264014555605], [0.25813423780830674, 0.23369028974433184, 0.8305489215462509], [-0.7563538875501624, 0.38384285892632847, 0.02293531953461924]]	[[0.0760679472488584, 0.060346360359569355, 0.018688766794618006], [0.03510133175120343, -0.014164899918508458, 0.03588793159054009], [-0.0075962447925893295, -0.03534551757319559, -0.05646907961483072]]	0.48974105819832614	[[-0.46914106253606463, -0.46914106253606475, 0.6634656533046271], [0.5, 0.5000000000000001, 0.7071067811865475], [-0.6634656533046271, 0.663465653304627, 0.0]]
8	[[-0.30792515101507295, 0.09349718223056193, 0.9468053539599837], [0.3027085282091916, -0.9338174967034747, 0.1906631317268273], [0.9019698710720718, 0.34531602882779927, 0.2592434992682147]]	0.8429126039407046	0.15708739605929542	[[-0.25955399086094977, 0.07880995333508153, 0.7980741663314104], [0.2551568337478679, -0.7871265377517161, 0.1607123568393496], [0.7602817727014217, 0.2910712330417037, 0.21851961302287104]]	0.8538493367140061	0.2570940774024602	[[-0.26086891490023023, 0.08055762543820454, 0.7479946247227233], [0.24319852244891083, -0.8497649350390011, 0.11950100892393545], [0.6843203523039832, 0.26764897849484204, 0.18031128946202574]]	[[0.002052771051549943, 0.0007251184060106785, -0.060434498753278554], [-0.015268953580180392, -0.052425484866805705, -0.04329657963683123], [-0.08582602384692298, -0.027198883676489052, -0.041043600435557326]]	0.3796793562806304	[[-0.45443332133477643, -0.13310043822183065, 0.7757662044477225], [0.5, -0.8535533905932737, 0.14644660940672619], [0.6426657662258918, 0.45443332133477654, 0.45443332133477643]]
8	[[0.3802729664721569, 0.7767473726770865, -0.5020517802076895], [0.4287143634067757, 0.332951791095048, 0.839849450446521], [0.8195098935212374, -0.5346088512602871, -0.20639019011321075]]	0.8128099698956673	0.18719003010433266	[[0.30908965843037, 0.6313480086022015, -0.4080726923566783], [0.34846330881450155, 0.2706265352966745, 0.6826380065343296], [0.6661058118821986, -0.4345354042988313, -0.16775600421267986]]	0.8659288551555342	0.2214001505001875	[[0.3447725532886354, 0.6237969852666295, -0.42695921506262097], [0.4037157527899016, 0.30388059845059884, 0.722155712430389], [0.6704487993196762, -0.45250290383171665, -0.08557711113191006]]	[[0.015483218784801682, -0.04881097790070918, 0.007781908201421409], [0.03247961489633867, 0.015568035165679343, -0.005094160697771414], [-0.03918846456580268, 0.010430326696118968, 0.09314210990815555]]	0.3734584205900188	[[0.46914106253606463, 0.46914106253606475, -0.6634656533046271], [0.5, 0.5000000000000001, 0.7071067811865475], [0.6634656533046271, -0.663465653304627, 0.0]]
8	[[0.8592155572171323, 0.2624339665249735, -0.4391776855101157], [-0.4266000482917053, 0.8413623931712975, -0.33184593135155627], [0.2824199444684594, 0.4724804086637203, 0.8348660002631537]]	0.8320000506220486	0.16799994937795149	[[0.7148673870999058, 0.21834507343372297, -0.36539585657649043], [-0.3549312617740672, 0.7000135537100075, -0.2760958316832156], [0.2349734080944344, 0.39310372392614146, 0.694608554481571]]	0.8529988172965992	0.18536476468023405	[[0.7461786457528164, 0.1606434992311082, -0.346871371033783], [-0.3565011273456301, 0.7556795486849158, -0.3860020850229484], [0.2709774112556068, 0.3960701777614581, 0.7225646258569709]]	[[0.013268791643764294, -0.06321236383314949, 0.02774667528940341], [0.0073882093058665645, 0.037998422391962765, -0.10293789805538239], [0.03007353264303974, -0.006955052024509233, 0.010424915031358482]]	0.34948268372510394	[[0.7514456546624527, 0.12892769156741848, -0.4401866731149355], [-0.2499999999999999, 0.9571067811865475, -0.14644660940672619], [0.40242462653756633, 0.2200933365574677, 0.7514456546624527]]
8	[[0.8787972042104137, -0.3840163418041313, 0.28327887866788265], [-0.395223040501579, -0.9183905790867732, -0.018907472103605397], [0.2674214316928388, -0.09534250611366366, -0.9588511794847616]]	0.8188410604855032	0.181158939514497	[[0.7195952346473506, -0.31444834856665826, 0.23196037742155323], [-0.32362485361261795, -0.7520159157193087, -0.01548221450841631], [0.21897564872391564, -0.07807035881545792, -0.7851467166570777]]	0.8518032578958243	0.24310380485911662	[[0.6958320316768858, -0.31618581223974346, 0.14893164685819743], [-0.36000847596145724, -0.8405064806373314, -0.02504294159451334], [0.13545468321903678, -0.05679410475733715, -0.8167525585223736]]	[[-0.05273028989928667, 0.010920558794252059, -0.09236622488418093], [-0.023356202466718868, -0.05821839335038524, -0.008937495258087843], [-0.092335763528089, 0.02441895256623411, 0.0]]	0.33182383002003	[[0.6225179630950342, -0.4401866731149356, 0.4401866731149355], [-0.5, -0.8535533905932737, -0.14644660940672619], [0.4401866731149355, -0.12892769156741848, -0.7514456546624527]]
8	[[0.5319609947059123, -0.8460851799387872, 0.03402011756955908], [-0.703274286200726, -0.4190807785627857, 0.5742617690636116], [-0.47161719485230363, -0.3294103357928521, -0.8179645788128509]]	0.8307511774653904	0.16924882253460982	[[0.4419272227175969, -0.7028862594701639, 0.028262252728422227], [-0.5842459413423851, -0.34815185024414674, 0.47706864082295347], [-0.3917965399364757, -0.2736580243291815, -0.679525036973758]]	0.8610072339079536	0.1807525233356636	[[0.5206627451392187, -0.7117153893113101, 0.005192220782935486], [-0.595979190602429, -0.3927766727219836, 0.5678740710249057], [-0.373808671957038, -0.36909304080967487, -0.7070672955980852]]	[[0.06264048054055757, 0.016770071118298317, -0.024099346542853964], [0.009545057237848544, -0.0319450907876478, 0.07343053370435747], [0.03225714444617228, -0.08546835876798119, -0.00279387615974815]]	0.3117482462554866	[[0.652982895982414, -0.6529828959824139, 0.0], [-0.5, -0.5000000000000001, 0.7071067811865475], [-0.4617286337479948, -0.4617286337479949, -0.652982895982414]]
8	[[0.22433838825039393, -0.7661379269479729, -0.6022499185961573], [-0.9416906372873723, -0.011392912655017143, -0.3362869982418849], [0.2507808429735371, 0.642575192824231, -0.724020780340167]]	0.8242973166318578	0.1757026833681424	[[0.18492153145231563, -0.6315254373531083, -0.4964329918405672], [-0.776233065413325, -0.009391147330151787, -0.277200470268968], [0.20671797592576197, 0.5296730071792121, -0.5968083864201031]]	0.8368879406520245	0.15715065622299618	[[0.17718166517931516, -0.7027455823329138, -0.4679464856484053], [-0.8569252447551012, -0.021344931308695254, -0.3217575567682966], [0.2459446717144845, 0.5016942213533663, -0.6569338236694162]]	[[-0.01056442657275133, -0.06157399039401323, 0.03606920848338226], [-0.06883570658437957, -0.011810340098809598, -0.04032302334159459], [0.03606920848338226, -0.03606920848338228, -0.05100956382126191]]	0.32056261295571226	[[0.1331004382218308, -0.7757662044477224, -0.45443332133477643], [-0.8535533905932738, 0.14644660940672602, -0.5], [0.45443332133477643, 0.45443332133477654, -0.6426657662258918]]
8	[[-0.3195682178843842, -0.5708200961323295, -0.7563336379995778], [0.910087742671785, 0.03735879733279218, -0.41272826520656647], [0.2638493031197415, -0.8202248094963509, 0.507557688474819]]	0.8150092058654241	0.18499079413457592	[[-0.2604510394777808, -0.46522363324083493, -0.6164188776753431], [0.741729888422788, 0.0304477637462863, -0.336377335664218], [0.21503961100376612, -0.6684907706187396, 0.41366418861475246]]	0.8280120374599126	0.18688959776260528	[[-0.2895981333806007, -0.5008440635515254, -0.6278342736076006], [0.7907813002371589, 0.006946753402790013, -0.3025571773357987], [0.1818656946330299, -0.669242343939305, 0.44477262105080106]]	[[-0.024991802182718518, -0.02819815272993216, -0.0015809170081020445], [0.037217694160201466, -0.023986780493787253, 0.039186794455185484], [-0.036604704425525304, 0.009913671746937205, 0.024508745288322614]]	0.27266515968721244	[[-0.44725327485768696, -0.44725327485768707, -0.6325116471195227], [0.8535533905932738, -0.14644660940672602, -0.5], [0.13099745129792587, -0.7635090984174484, 0.44725327485768696]]
8	[[-0.5446221603179724, 0.8109226453022452, -0.2139887049042392], [-0.8354447797583356, -0.5021691245819775, 0.22328947644507607], [0.07361197229480154, 0.30038414347728, 0.9509735242804028]]	0.8316448447262469	0.1683551552737532	[[-0.4529322119521133, 0.674399637437383, -0.1779626032632567], [-0.6947933441394745, -0.41762636363929406, 0.18569754196717023], [0.061219017269103025, 0.24981292436038918, 0.7908722289389475]]	0.852156836893089	0.15741843615452827	[[-0.4641145431732516, 0.6910222306509298, -0.15143941886349582], [-0.7344844786418879, -0.45050415697368834, 0.1902776539589499], [0.08458739730391628, 0.2341159497227222, 0.8103942114478322]]	[[-1.1045734807582121e-05, -1.104573480758212e-05, 0.030912519038549323], [-0.02255449772418116, -0.022577304184538866, 0.0], [0.021858451835716483, -0.02185845183571648, 1.5621027971259205e-05]]	0.3891168781240536	[[-0.6849387290379081, 0.684938729037908, 0.0], [-0.7071067811865475, -0.7071067811865476, 0.0], [0.0, 0.0, 0.96864964]]
8	[[-0.8305561570912853, 0.32773595720904825, 0.4502950280316503], [-0.5100865793185324, -0.772219296347621, -0.37879947194723407], [0.22358030216652452, -0.5443036842615101, 0.808545204538665]]	0.8306268882455389	0.16937311175446126	[[-0.6898822762779071, 0.2722262983027248, 0.37402715792636726], [-0.42369162811516375, -0.641426111168384, -0.3146410266525843], [0.18571181066157755, -0.45211327551872044, 0.6715993872518039]]	0.8355840502211835	0.15999393479002785	[[-0.699641125700221, 0.2794925865495963, 0.38056805933980364], [-0.43499872016917007, -0.6675519049553638, -0.31651879699131547], [0.19346569758137794, -0.4491698290238017, 0.6835859719418176]]	[[-0.005641648021743242, 0.005641648021743247, 0.00430871602265593], [-0.008778510258721717, -0.02229777765426631, -1.5746925853935382e-18], [0.0066455631473973245, 0.005641648021743248, 0.007978495146484637]]	0.3942580686306078	[[-0.652982895982414, 0.4617286337479949, 0.4617286337479948], [-0.7071067811865475, -0.5000000000000001, -0.5], [0.0, -0.6529828959824139, 0.652982895982414]]
