8	[[-0.8305561570912853, 0.32773595720904825, 0.4502950280316503], [-0.5100865793185324, -0.772219296347621, -0.37879947194723407], [0.22358030216652452, -0.5443036842615101, 0.808545204538665]]	0.5813827506323317	0.41861724936766825	[[-0.4828710231643504, 0.19054003228331665, 0.26179376199310367], [-0.29655553854484534, -0.4489549786019436, -0.22022747893875771], [0.1299857310607819, -0.31644877313526887, 0.4700742350252703]]	0.7468646412551379	0.40005670610045163	[[-0.5371187552727626, 0.21806031790588154, 0.23308561425290006], [-0.45614530123459224, -0.6758253787371408, -0.2576495849716218], [0.13846833047278923, -0.3511535449371027, 0.5239108434316038]]	[[0.08319427103546612, -0.02671408020146349, -0.1032238203169307], [-0.07517967116279611, -0.09908209100017981, 0.02526234675188479], [-0.028515891696527382, 0.055367630942719806, -0.07996298069472806]]	0.5040799756965441	[[-0.5063745031084088, 0.35806084496792434, 0.3580608449679243], [-0.7071067811865475, -0.5000000000000001, -0.5], [0.0, -0.5063745031084087, 0.5063745031084088]]
8	[[0.08740825448676931, -0.06334395238859675, -0.994156597696443], [0.7119981850616444, -0.6940087028176986, 0.10681996481098455], [-0.6967197295301035, -0.717174639895393, -0.015561310176609944]]	0.6856051223617411	0.3143948776382588	[[0.05992754701282768, -0.043428938228260175, -0.6815988558104021], [0.4881496027905263, -0.4758159216154415, 0.07323631504491193], [-0.47767461541632583, -0.49169860674021854, -0.010668913967743667]]	0.8700592609445036	0.21628123874703356	[[0.05195692925296444, -0.051956929252964454, -0.7811512944124201], [0.6750737873103221, -0.666229065494266, 0.09597740669185736], [-0.562894658423737, -0.5704471179205233, 0.0]]	[[-0.024093432046243167, 0.0031560631475618514, 0.0838238602424492], [0.055593172621759834, -0.062400366431645496, 0.0030377070542942624], [0.04329279453667936, 0.05353731923500278, 0.01353926203158943]]	0.22830282361954002	[[0.0, 0.0, -0.818449893864], [0.7071067811865475, -0.7071067811865476, 0.0], [-0.5787314700126446, -0.5787314700126445, 0.0]]
8	[[0.034229894132735264, 0.2773841392786001, 0.9601491309293217], [-0.1827544195208179, -0.9427759796974285, 0.2788803941677556], [0.9825625356654255, -0.18501754344446375, 0.018422055382213542]]	0.798344057059909	0.20165594294009118	[[0.027327232554659037, 0.22144797911574846, 0.7665293525686605], [-0.14590090472587833, -0.7526596005302755, 0.22264250531435256], [0.7844229610382072, -0.14770765626071114, 0.01470713843321869]]	0.8862029980468703	0.17465077953868668	[[0.00916843543546746, 0.21928221180901922, 0.8065254086564729], [-0.1671925568313803, -0.8247163151067928, 0.2559796925005329], [0.8370224607132324, -0.1494535054243045, 0.0]]	[[-0.021166199367789504, -0.026536444030326834, -0.044361629745189014], [-0.005235042345715963, 0.010774584587643802, 0.008835051092574896], [-0.03372740416200257, 0.014509596267446355, -0.01632568070990312]]	0.3667335622366355	[[0.0, 0.0, 0.9354], [0.0, -1.0, 0.0], [0.9354, 0.0, 0.0]]
8	[[0.04673222253661188, -0.9725397674033924, -0.22799671093185395], [-0.8377629715199755, -0.16246744520517667, 0.5213036857710898], [-0.5440306084466285, 0.16664552219444034, -0.8223502702654952]]	0.5712791534921007	0.4287208465078992	[[0.026697144531520098, -0.5555916950596146, -0.1302497680201327], [-0.4785965211969585, -0.0928142645668376, 0.2978099283196203], [-0.31079334546718246, 0.09520111285248897, -0.46979156627127233]]	0.7300519838793034	0.4342205948761401	[[-0.010590819361823035, -0.7531123798644584, -0.12079013425182236], [-0.679723197426728, -0.14543069908910577, 0.27496819807320616], [-0.2590023023377239, 0.01951336484335696, -0.543104092430447]]	[[-0.04470777113576573, -0.04310779327009537, 0.04565931688193367], [-0.06811267804794949, -0.026821018401264454, -0.10561059192757091], [0.13816832264980178, -0.1021465292392967, 0.0572543538205591]]	0.4409193304334871	[[-0.09809875927919375, -0.5717614694867993, -0.3349301143829964], [-0.8535533905932738, -0.14644660940672602, 0.5], [-0.3349301143829964, 0.33493011438299647, -0.47366271020760564]]
8	[[0.8592155572171323, 0.2624339665249735, -0.4391776855101157], [-0.4266000482917053, 0.8413623931712975, -0.33184593135155627], [0.2824199444684594, 0.4724804086637203, 0.8348660002631537]]	0.5998705708731388	0.4001294291268614	[[0.5154181268109231, 0.157426413315838, -0.2634497689216969], [-0.25590481450325386, 0.5047085391028564, -0.19906460828178651], [0.16941541331425491, 0.2834270924714797, 0.5008115441804322]]	0.7598920954127575	0.39665737379821747	[[0.5440420404637216, 0.25850164994614366, -0.2590456297888972], [-0.3270986216761554, 0.7367119893154201, -0.3085348645287896], [0.19383710378174235, 0.27502719322299507, 0.5483849506109767]]	[[-0.10886906972124502, 0.05908015321600007, 0.07468202191190963], [-0.0029286170765878694, 0.09736735736699066, -0.056367764399857405], [-0.02077157960674989, -0.0840069345579553, -0.08602312371785893]]	0.5182260486653513	[[0.6112480965221287, -0.10487359341371993, -0.3580608449679243], [-0.14644660940672619, 0.8535533905932737, -0.5], [0.3580608449679243, 0.35806084496792434, 0.5063745031084088]]
8	[[0.8787972042104137, -0.3840163418041313, 0.28327887866788265], [-0.395223040501579, -0.9183905790867732, -0.018907472103605397], [0.2674214316928388, -0.09534250611366366, -0.9588511794847616]]	0.6196801633866653	0.3803198366133346	[[0.5445731950888539, -0.23796730943233357, 0.17554230181690486], [-0.2449118783121932, -0.5691084241012658, -0.011716585402391011], [0.16571575648451428, -0.059081859766209235, -0.5941810555666139]]	0.808983685901739	0.3008198632770078	[[0.6395454254514975, -0.26510590405865647, 0.15579086969520947], [-0.3217416000128562, -0.8533603611684385, -0.0322778048357919], [0.14899389006432778, -0.04465157330308441, -0.7376575787652213]]	[[-0.07138717597078628, 0.04555705158055174, -0.07337712170764571], [-0.002012607954596464, -0.11039736540138834, -0.0169819683623329], [-0.06734568543566506, 0.03247895871585629, 0.038037382645591096]]	0.4998059143628221	[[0.6186994547922221, -0.618699454792222, 0.0], [-0.7071067811865475, -0.7071067811865476, 0.0], [0.0, 0.0, -0.87497316]]
8	[[0.8489524140446696, -0.5135124485683378, 0.12483895166604869], [0.522794976890395, 0.7815435453534784, -0.34040431673891397], [0.0772347773085365, 0.35425224329800037, 0.9319550081910795]]	0.7083145839493324	0.2916854160506674	[[0.6013253759468317, -0.36372835636048517, 0.08842525011000811], [0.37030330654692106, 0.5535786911653354, -0.24111334198548062], [0.05470651915571538, 0.2509220303247408, 0.6601173238863612]]	0.8603165355497384	0.23495044270639429	[[0.682045240880593, -0.42742635256138917, 0.05410338675540927], [0.49448433560929006, 0.6658304157363149, -0.31227240685267765], [0.022186434359189607, 0.2628964051321946, 0.7556718598142562]]	[[-0.048322558816904004, 0.014356898152586459, -0.053297627643586976], [0.04471517228813984, -0.006544419583449677, -0.01941694438967929], [-0.044259921678846084, -0.04187265753266411, -0.046104444120921136]]	0.44876432721546317	[[0.6614276831218966, -0.6614276831218965, 0.0], [0.7071067811865475, 0.7071067811865476, 0.0], [0.0, 0.0, 0.9354]]
8	[[0.22433838825039393, -0.7661379269479729, -0.6022499185961573], [-0.9416906372873723, -0.011392912655017143, -0.3362869982418849], [0.2507808429735371, 0.642575192824231, -0.724020780340167]]	0.5668378842102205	0.4331621157897795	[[0.1271634973429843, -0.43427600152439344, -0.34137806962282335], [-0.5337859284205483, -0.006457934504361771, -0.19062021057083622], [0.1421520824315753, 0.36423596274646164, -0.41040240725225313]]	0.7214157993636767	0.4596824734107978	[[0.19679112351377376, -0.46612553975314885, -0.34188747439059874], [-0.8151327646809815, 0.04477731192676661, -0.20341460520569574], [0.15572975287314125, 0.34188747439059874, -0.3919093391940516]]	[[0.0349498658261569, 0.0865784652388532, 0.09258513205015727], [-0.1357822608290217, 0.05299633911686646, 0.039188148446585004], [-0.025187509425709652, -0.12167642199196266, 0.13041069081096307]]	0.4585725601524549	[[0.09809875927919375, -0.5717614694867993, -0.3349301143829964], [-0.8535533905932738, 0.14644660940672602, -0.5], [0.3349301143829964, 0.33493011438299647, -0.47366271020760564]]
8	[[-0.30792515101507295, 0.09349718223056193, 0.9468053539599837], [0.3027085282091916, -0.9338174967034747, 0.1906631317268273], [0.9019698710720718, 0.34531602882779927, 0.2592434992682147]]	0.6423626964997733	0.35763730350022677	[[-0.1977996303261422, 0.060059102092754446, 0.6081924402301574], [0.19444866643393405, -0.5998495252211121, 0.12247488341913623], [0.579391798543409, 0.22181813542241857, 0.16652835323996737]]	0.8127761240145166	0.29606732705421707	[[-0.21252608536443113, 0.0699956236776426, 0.7176632579297447], [0.25169027328096, -0.8456487388845128, 0.12094663467344066], [0.6574396641729534, 0.24438137713417885, 0.14253046168678854]]	[[0.03774812536418458, -0.005996653701992448, -0.051877527858043095], [0.0056560090169542505, -0.08666417337692398, -0.03401980652395921], [-0.07565991161487835, -0.036283246336564996, -0.0681764648243912]]	0.4786427961016163	[[0.0, 0.0, 0.9354], [0.0, -1.0, 0.0], [0.9354, 0.0, 0.0]]
8	[[-0.5446221603179724, 0.8109226453022452, -0.2139887049042392], [-0.8354447797583356, -0.5021691245819775, 0.22328947644507607], [0.07361197229480154, 0.30038414347728, 0.9509735242804028]]	0.6459137678292689	0.3540862321707311	[[-0.35177895161429773, 0.523786101245251, -0.1382182506576027], [-0.5396252855070003, -0.32435795134627066, 0.1442257470472639], [0.047546986382279, 0.1940222539095776, 0.6142468921738337]]	0.786923601614344	0.3111968011122969	[[-0.46256285806488434, 0.6035341922051052, -0.09979983741459092], [-0.733888657806481, -0.4020468694855746, 0.09957807614294824], [0.07243040146830713, 0.1036042233827267, 0.7242794282618379]]	[[-0.033986826148480906, -0.034599976466768746, 0.06859292495344203], [-0.07645744276914902, -0.006878133350002758, -0.07613368286379227], [0.014503403108146611, -0.13277514867025433, -0.024064082504782452]]	0.4230863639028747	[[-0.6186994547922221, 0.618699454792222, 0.0], [-0.7071067811865475, -0.7071067811865476, 0.0], [0.0, 0.0, 0.87497316]]
8	[[-0.42203838922340475, -0.825029846081567, 0.3757783270710803], [0.2588054115689476, 0.28760896992378115, 0.9221175843470338], [-0.8688517462515349, 0.4864224845687207, 0.09214016247897017]]	0.5937066935579476	0.40629330644205264	[[-0.2505670166203497, -0.4898257420037094, 0.22310210807610806], [0.15365450517750368, 0.17075537057105533, 0.5474673820743192], [-0.5158430974590476, 0.2887922849855369, 0.05470423120928143]]	0.7790818311548818	0.36204381039403466	[[-0.24384816457358657, -0.5217298661467991, 0.2916688123288707], [0.26939252013841675, 0.23851189035967948, 0.8262093487152817], [-0.6088861944188068, 0.32121184976634165, 0.023641531733411065]]	[[0.08495427652024026, 0.12103589709585846, -0.001093254833984574], [0.06776192618048824, 0.014440967414890708, 0.1078042925620785], [0.0680204150529557, -0.05775107022636452, -0.04814319477361334]]	0.5501350817670525	[[-0.3827890153601927, -0.38278901536019283, 0.5413454170498277], [0.5, 0.5000000000000001, 0.7071067811865475], [-0.5413454170498277, 0.5413454170498276, 0.0]]
8	[[-0.3195682178843842, -0.5708200961323295, -0.7563336379995778], [0.910087742671785, 0.03735879733279218, -0.41272826520656647], [0.2638493031197415, -0.8202248094963509, 0.507557688474819]]	0.5829775932558163	0.4170224067441836	[[-0.18630111054328857, -0.3327753258252792, -0.44092556397940963], [0.5305607618744159, 0.021779341756002983, -0.2406113307187724], [0.15381823171497122, -0.47817268536889307, 0.29589475966553536]]	0.7094089307940658	0.46552980173606007	[[-0.24005659754267372, -0.39029487839514854, -0.41421577207208526], [0.7877697427662896, 0.015565374249333436, -0.21867764635119716], [0.16741480185611854, -0.41421577207208515, 0.3223147749783454]]	[[-0.013352049777547698, 0.01464999567785318, 0.12233406538478106], [0.14214537030871394, -0.010937290222274958, 0.0741154709774828], [-0.019762250160816678, 0.16765903304348728, -0.03775118211888341]]	0.45673130629439923	[[-0.3132936289938548, -0.3132936289938549, -0.44306409912819433], [0.8535533905932738, -0.14644660940672602, -0.5], [0.09176157942975782, -0.534825678557952, 0.3132936289938548]]
8	[[0.3802729664721569, 0.7767473726770865, -0.5020517802076895], [0.4287143634067757, 0.332951791095048, 0.839849450446521], [0.8195098935212374, -0.5346088512602871, -0.20639019011321075]]	0.6026631418229377	0.3973368581770625	[[0.2291765007244388, 0.46811701202028516, -0.30256810321776517], [0.25837034519534813, 0.20065777249691594, 0.506146308464368], [0.49388840718449, -0.3221890499468763, -0.124383760415061]]	0.7794090131161582	0.338371762711317	[[0.340992524739125, 0.48030899663900883, -0.3868015506096623], [0.40375541414130683, 0.31076352040073896, 0.7249670506994872], [0.5529178422788228, -0.4136013703789391, -0.05753403395738559]]	[[0.04460434722630726, -0.12509490653980812, 0.0045021319352232525], [0.06961157524970979, 0.05125789348809036, 0.07038081936081642], [-0.0858155550694926, 0.00307758678500425, 0.10332834043560832]]	0.43341992475520746	[[0.3827890153601927, 0.38278901536019283, -0.5413454170498277], [0.5, 0.5000000000000001, 0.7071067811865475], [0.5413454170498277, -0.5413454170498276, 0.0]]
8	[[0.5319609947059123, -0.8460851799387872, 0.03402011756955908], [-0.703274286200726, -0.4190807785627857, 0.5742617690636116], [-0.47161719485230363, -0.3294103357928521, -0.8179645788128509]]	0.6186570343397725	0.3813429656602277	[[0.32910141136919513, -0.5234365482197627, 0.0210467850434738], [-0.4350855842283615, -0.25926727161445584, 0.3552710829836052], [-0.29176929511096883, -0.20379202142247452, -0.5060395405233393]]	0.7346264355889859	0.35283603505597605	[[0.40756519961553594, -0.5532915618395698, 0.03556725320386272], [-0.6047371146563154, -0.3753966568362007, 0.5635133595513522], [-0.277631708349463, -0.304354720517159, -0.549330211044975]]	[[0.01677259020236023, 0.06826497810352723, 0.010575175495419309], [-0.08809323254328776, -0.06752883825676427, 0.14164548304912583], [0.068830750467361, -0.062361179687485085, 0.0515681919263557]]	0.42892247956762386	[[0.5063745031084088, -0.5063745031084087, 0.0], [-0.5, -0.5000000000000001, 0.7071067811865475], [-0.3580608449679243, -0.35806084496792434, -0.5063745031084088]]
