8	[[-0.5446221603179724, 0.8109226453022452, -0.2139887049042392], [-0.8354447797583356, -0.5021691245819775, 0.22328947644507607], [0.07361197229480154, 0.30038414347728, 0.9509735242804028]]	0.8729175153938985	0.12708248460610164	[[-0.47541022301322183, 0.7078685807138834, -0.18679448860736664], [-0.729274381395449, -0.43835222453762884, 0.19491329499204024], [0.06425717995882266, 0.26221058018791155, 0.8301214460202285]]	0.873436042818256	0.1246667624050218	[[-0.48225095121340933, 0.710209955754127, -0.17570968368068474], [-0.7365399744967344, -0.45027623583727816, 0.1930279154031465], [0.07357022431427428, 0.25580801092999694, 0.8371728785465555]]	[[-0.006558326674149671, 0.0019208894096218218, 0.011195763938677524], [-0.0068323920714443605, -0.01166362283688787, -0.00200116130600085], [0.009274874529055701, -0.006558326674149672, 0.006558326674149671]]	0.383966949719721	[[-0.6975228255799727, 0.6975228255799726, 0.0], [-0.7071067811865475, -0.7071067811865476, 0.0], [0.0, 0.0, 0.9864462400000001]]
8	[[-0.8305561570912853, 0.32773595720904825, 0.4502950280316503], [-0.5100865793185324, -0.772219296347621, -0.37879947194723407], [0.22358030216652452, -0.5443036842615101, 0.808545204538665]]	0.894379342084181	0.10562065791581915	[[-0.7428322693432695, 0.2931202697859579, 0.4027345709147252], [-0.45621089921687946, -0.6906569862120947, -0.33879042250200253], [0.1999656035546786, -0.48681397102380525, 0.7231461280806105]]	0.8943793420841811	0.10562065791581904	[[-0.7428322693432693, 0.29312026978595784, 0.4027345709147252], [-0.45621089921687946, -0.6906569862120946, -0.3387904225020024], [0.19996560355467863, -0.4868139710238053, 0.7231461280806107]]	[[0.0, 0.0, 0.0], [0.0, 0.0, 0.0], [0.0, 0.0, 0.0]]	0.3754627778752846	[[-0.6833899009810088, 0.48322963317807455, 0.48322963317807444], [-0.7071067811865475, -0.5000000000000001, -0.5], [0.0, -0.6833899009810087, 0.6833899009810088]]
8	[[0.8787972042104137, -0.3840163418041313, 0.28327887866788265], [-0.395223040501579, -0.9183905790867732, -0.018907472103605397], [0.2674214316928388, -0.09534250611366366, -0.9588511794847616]]	0.8729219450350796	0.12707805496492047	[[0.7671213647907443, -0.3352162920129182, 0.24728034975412438], [-0.3449988652373165, -0.8016832905983191, -0.016504747324375735], [0.23343803629737847, -0.08322656588125824, -0.8370022365950183]]	0.8742647329739679	0.11685321200737443	[[0.7783406858549958, -0.3428307894553962, 0.24056188828537411], [-0.3530266780293647, -0.8157148652282039, -0.014334282766785833], [0.22669828164008854, -0.08127538710701822, -0.8504082567132412]]	[[0.010039282777708984, -0.0070988449303673404, -0.007098844930367339], [-0.007497112060091948, -0.012798370837098411, 0.0021958532830854837], [-0.007098844930367339, 0.002079203541512849, -0.012118486319221832]]	0.3136674755954758	[[0.6695433319684071, -0.47343863033309636, 0.47343863033309624], [-0.5, -0.8535533905932737, -0.14644660940672619], [0.47343863033309624, -0.1386669643488928, -0.8082102963172999]]
8	[[-0.30792515101507295, 0.09349718223056193, 0.9468053539599837], [0.3027085282091916, -0.9338174967034747, 0.1906631317268273], [0.9019698710720718, 0.34531602882779927, 0.2592434992682147]]	0.890654220367481	0.10934577963251906	[[-0.2742548353088687, 0.08327365994611742, 0.8432761843709861], [0.2696086281907451, -0.8317084944919461, 0.1698149229409797], [0.8033432723146536, 0.3075571784360182, 0.23089631672606944]]	0.8906901530453752	0.10780258947466778	[[-0.280768405900686, 0.08327701955025055, 0.8433102056227986], [0.26961950531878515, -0.8365649549579, 0.17464467988051124], [0.8033756825075009, 0.3121675526646629, 0.23550359813823388]]	[[-0.00650250601655038, 0.0, 0.0], [0.0, -0.004822905902632884, 0.004822905902632884], [0.0, 0.004597966099009098, 0.004597966099009099]]	0.3705782259993847	[[-0.47994367167246355, -0.14057224684529468, 0.8193150964996327], [0.5, -0.8535533905932737, 0.14644660940672619], [0.678742849654338, 0.47994367167246366, 0.47994367167246355]]
8	[[0.08740825448676931, -0.06334395238859675, -0.994156597696443], [0.7119981850616444, -0.6940087028176986, 0.10681996481098455], [-0.6967197295301035, -0.717174639895393, -0.015561310176609944]]	0.9390725798120738	0.060927420187926365	[[0.08208269503776074, -0.059484568785052726, -0.9335852009359926], [0.6686179724673527, -0.651724542967047, 0.10031169993048618], [-0.6542703938158044, -0.6734790392623616, -0.014613199692804977]]	0.9624040565994962	0.060631449773402894	[[0.06489623438748368, -0.059016294042656514, -0.9385584954880087], [0.6813821751075498, -0.6727693086861756, 0.0903995343546828], [-0.6793416242924649, -0.6955484267261063, -0.0038115008554147566]]	[[-0.01922582431086423, 0.001946182697174355, 0.01822184703020149], [-0.0038477664872556125, -0.004852517779068389, -0.012404433105224186], [-0.008815730279789623, -0.005336644000497219, 0.011164767184557675]]	0.11882202485819233	[[0.0, 0.0, -0.9797384055680003], [0.7071067811865475, -0.7071067811865476, 0.0], [-0.6927796703660289, -0.6927796703660288, 0.0]]
8	[[0.034229894132735264, 0.2773841392786001, 0.9601491309293217], [-0.1827544195208179, -0.9427759796974285, 0.2788803941677556], [0.9825625356654255, -0.18501754344446375, 0.018422055382213542]]	0.8935337505326163	0.10646624946738399	[[0.030585565684757347, 0.24785209030786914, 0.8579256540299092], [-0.16329724190084757, -0.8424021570511048, 0.24918904455072907], [0.8779527876259653, -0.16531941950826295, 0.016460728238188834]]	0.9329167203223099	0.12263648642632119	[[0.01177467307921721, 0.243548308392892, 0.8862858585272662], [-0.1633280907602807, -0.8279843284774311, 0.25195447637022045], [0.9204645014723539, -0.1659109943332747, 0.0]]	[[-0.02015896749207404, -0.015227993092326465, -0.009453319719632647], [0.007166562923488247, 0.05154714650054633, -0.008217706318955229], [0.0038154831877924796, 0.006694965499024909, -0.017186243488770608]]	0.34123591434624984	[[0.0, 0.0, 0.9932000000000001], [0.0, -1.0, 0.0], [0.9932000000000001, 0.0, 0.0]]
8	[[0.3802729664721569, 0.7767473726770865, -0.5020517802076895], [0.4287143634067757, 0.332951791095048, 0.839849450446521], [0.8195098935212374, -0.5346088512602871, -0.20639019011321075]]	0.8774295064764719	0.1225704935235283	[[0.3336627212980086, 0.681541063864952, -0.4405150457332671], [0.376166632303382, 0.29214172574098535, 0.7369086888198273], [0.7190621614249253, -0.4690815805192674, -0.18109284265261966]]	0.8797713336695455	0.20511269895752957	[[0.3431353589860503, 0.6504386245484841, -0.44169076424448844], [0.403972628130122, 0.3020091671513334, 0.7211236648649633], [0.6983530774817667, -0.45380555340745693, -0.08919875651190798]]	[[0.008582104114366513, -0.032921447435951774, 1.2180572043151072e-18], [0.026802020872452762, 0.009087725851979157, -0.017751806236007528], [-0.022628234496799626, 0.016527988657349533, 0.09237741630030251]]	0.36840495455223476	[[0.48653809220506883, 0.48653809220506894, -0.68806876860754], [0.5, 0.5000000000000001, 0.7071067811865475], [0.68806876860754, -0.6880687686075398, 0.0]]
8	[[0.8489524140446696, -0.5135124485683378, 0.12483895166604869], [0.522794976890395, 0.7815435453534784, -0.34040431673891397], [0.0772347773085365, 0.35425224329800037, 0.9319550081910795]]	0.8831502195289517	0.11684978047104848	[[0.7497525108331833, -0.4535086316839771, 0.11025154756963511], [0.4617064986093855, 0.6902203536503594, -0.3006281470565747], [0.0682099105353037, 0.3128579464372526, 0.8230562700750579]]	0.9194311028181392	0.13725182008568962	[[0.7747657918961773, -0.48450461112961146, 0.06156955705430106], [0.50575385583106, 0.6706292854861752, -0.28941739019673307], [0.024123876375538856, 0.29840872247973566, 0.8582738959767205]]	[[-0.005787462389034725, -0.012365294231581687, -0.05321125795067448], [0.025079893680940546, -0.047946158318571866, 0.023560926146581847], [-0.046888180101162254, -0.02730180825154468, 0.0014054750187082801]]	0.4290909649839917	[[0.7022984550744791, -0.702298455074479, 0.0], [0.7071067811865475, 0.7071067811865476, 0.0], [0.0, 0.0, 0.9932000000000001]]
8	[[0.04673222253661188, -0.9725397674033924, -0.22799671093185395], [-0.8377629715199755, -0.16246744520517667, 0.5213036857710898], [-0.5440306084466285, 0.16664552219444034, -0.8223502702654952]]	0.8813083885348467	0.11869161146515336	[[0.04118549973639336, -0.8571074551963384, -0.20093541390259748], [-0.7383275344044341, -0.1431839223231478, 0.45942931124419517], [-0.4794587388437304, 0.14686609662173022, -0.7247441914988793]]	0.8838422577060292	0.11253991169886267	[[0.04730846869060591, -0.8655762993469373, -0.1930214037510681], [-0.7512022004894585, -0.14544032528083517, 0.4670485345952407], [-0.4825959348526338, 0.13703793696246283, -0.7328324751128447]]	[[0.006004555616226185, -0.0060045556162261855, 0.00849172398849061], [-0.01075188431873151, -0.0018447317069611132, 0.006298308012846312], [-0.001758693621980883, -0.01025041761047149, -0.006004555616226185]]	0.3297359576040315	[[-1.9166402873979496e-16, -0.9598873433449273, 0.0], [-0.7071067811865476, 1.3401577416544657e-16, 0.7071067811865475], [-0.6787428496543378, 1.0656890296278113e-16, -0.678742849654338]]
8	[[0.5319609947059123, -0.8460851799387872, 0.03402011756955908], [-0.703274286200726, -0.4190807785627857, 0.5742617690636116], [-0.47161719485230363, -0.3294103357928521, -0.8179645788128509]]	0.8908896449997851	0.10911035500021496	[[0.47391854172728276, -0.7537685255952454, 0.030308170464395434], [-0.6265397791708421, -0.3733547260400336, 0.5116038635780293], [-0.42015887529776325, -0.293468257113754, -0.7287161732409795]]	0.8908896449997851	0.10911035500021486	[[0.47391854172728276, -0.7537685255952455, 0.03030817046439546], [-0.626539779170842, -0.3733547260400336, 0.5116038635780296], [-0.4201588752977633, -0.29346825711375396, -0.7287161732409795]]	[[0.0, 0.0, 0.0], [0.0, 0.0, 0.0], [0.0, 0.0, 0.0]]	0.29384137177382075	[[0.6833899009810088, -0.6833899009810087, 0.0], [-0.5, -0.5000000000000001, 0.7071067811865475], [-0.48322963317807444, -0.48322963317807455, -0.6833899009810088]]
8	[[0.22433838825039393, -0.7661379269479729, -0.6022499185961573], [-0.9416906372873723, -0.011392912655017143, -0.3362869982418849], [0.2507808429735371, 0.642575192824231, -0.724020780340167]]	0.8972513681681301	0.10274863183187004	[[0.20128792579029917, -0.6874183031595636, -0.5403695634395471], [-0.844933212697213, -0.010222306467134188, -0.30173396926968477], [0.22501345446836316, 0.5765514709124413, -0.649628635742372]]	0.9044504438386085	0.09241476494902412	[[0.19062261259839436, -0.7159226905557758, -0.5386322613021123], [-0.869144634425145, -0.006440539149209742, -0.32519263598966897], [0.24375494728710537, 0.5672396172033193, -0.6715536421304727]]	[[-0.012280342224712568, -0.022988902486090267, 0.006072944873948299], [-0.017432119571918828, 0.0038637857582350436, -0.021037711172642814], [0.01693610255346933, -0.013937801146236009, -0.01671272600343291]]	0.3007096922031218	[[0.14057224684529482, -0.8193150964996326, -0.47994367167246355], [-0.8535533905932738, 0.14644660940672602, -0.5], [0.47994367167246355, 0.47994367167246366, -0.678742849654338]]
8	[[0.8592155572171323, 0.2624339665249735, -0.4391776855101157], [-0.4266000482917053, 0.8413623931712975, -0.33184593135155627], [0.2824199444684594, 0.4724804086637203, 0.8348660002631537]]	0.8950722318009191	0.10492776819908105	[[0.7690599863964088, 0.2348973561178757, -0.3930957511267015], [-0.3818378573108365, 0.7530801150091954, -0.29702607838889195], [0.25278625000047555, 0.42290409386484645, 0.7472653741102478]]	0.895072231800919	0.10492776819908112	[[0.7690599863964087, 0.23489735611787568, -0.3930957511267014], [-0.3818378573108364, 0.7530801150091956, -0.297026078388892], [0.25278625000047555, 0.4229040938648464, 0.7472653741102476]]	[[0.0, 0.0, 0.0], [0.0, 0.0, 0.0], [0.0, 0.0, 0.0]]	0.3182936728956501	[[0.8082102963172999, 0.1386669643488928, -0.47343863033309624], [-0.2499999999999999, 0.9571067811865475, -0.14644660940672619], [0.43282401680185884, 0.2367193151665481, 0.8082102963172999]]
8	[[-0.42203838922340475, -0.825029846081567, 0.3757783270710803], [0.2588054115689476, 0.28760896992378115, 0.9221175843470338], [-0.8688517462515349, 0.4864224845687207, 0.09214016247897017]]	0.8602731711288394	0.13972682887116078	[[-0.36306830343532565, -0.709751041964528, 0.32327201307092834], [0.22264335211572292, 0.24742228060143018, 0.7932730184398876], [-0.7474498469886378, 0.41845621330830235, 0.07926570976411015]]	0.8767053399195724	0.201066147837467	[[-0.29674807819240584, -0.6767797123409677, 0.35054279231603835], [0.2554862447592386, 0.2322509657627515, 0.8297359128742012], [-0.786259348891796, 0.3974725210829361, 0.022192635704915833]]	[[0.07325523129080806, 0.04652835931176494, 0.021095926346778635], [0.028590158436659477, -0.019897353978195097, 0.021310502643419948], [-0.024532383354630066, -0.028976668595407137, -0.05858713676145433]]	0.4817148291080491	[[-0.48653809220506883, -0.48653809220506894, 0.68806876860754], [0.5, 0.5000000000000001, 0.7071067811865475], [-0.68806876860754, 0.6880687686075398, 0.0]]
8	[[-0.3195682178843842, -0.5708200961323295, -0.7563336379995778], [0.910087742671785, 0.03735879733279218, -0.41272826520656647], [0.2638493031197415, -0.8202248094963509, 0.507557688474819]]	0.8912809162481236	0.10871908375187661	[[-0.284825054039774, -0.5087610582936646, -0.6741057378655401], [0.8111438371546951, 0.033297183116699, -0.3678568263748071], [0.23516384863599202, -0.73105071973735, 0.4523764816326163]]	0.8920105354955803	0.10315560999451476	[[-0.2920564326397141, -0.5021793241453418, -0.6845545446857251], [0.8243390073764442, 0.03547444671118883, -0.3754985401534289], [0.23330662830888088, -0.7435958726430972, 0.4457485900140261]]	[[-0.006998215477296172, 0.006998215477296173, -0.009896971240401552], [0.012531152687821238, 0.0021500058968939944, -0.007340579292357617], [-0.0020497298570954, -0.01194670109749695, -0.006998215477296172]]	0.2429544530153226	[[-0.47668005470509084, -0.47668005470509095, -0.6741273982766885], [0.8535533905932738, -0.14644660940672602, -0.5], [0.13961635556674684, -0.8137437538434352, 0.47668005470509084]]
