8	[[0.08740825448676931, -0.06334395238859675, -0.994156597696443], [0.7119981850616444, -0.6940087028176986, 0.10681996481098455], [-0.6967197295301035, -0.717174639895393, -0.015561310176609944]]	0.9432503097178954	0.05674969028210458	[[0.08244786311654578, -0.0597492027092995, -0.9377385186852591], [0.6715925085779756, -0.6546239238797089, 0.10075796489201586], [-0.6571811006658386, -0.6764752012031496, -0.014678210643703567]]	0.9658589610683416	0.05618627888828192	[[0.0672780986536109, -0.05784053361617123, -0.9423009711192654], [0.6800651745939967, -0.6726587460504554, 0.09011901677600562], [-0.6804055221391146, -0.7010233423090158, -0.006673366235862668]]	[[-0.017145947213777293, 0.0033407904278413125, 0.017914087471058326], [-0.007624652712187771, -0.0023442213745657682, -0.013054003457688715], [-0.007472528019352882, -0.008333789715089458, 0.008356664644180022]]	0.11553300539398802	[[0.0, 0.0, -0.9862633826640002], [0.7071067811865475, -0.7071067811865476, 0.0], [-0.6973935259176974, -0.6973935259176973, 0.0]]
8	[[0.8787972042104137, -0.3840163418041313, 0.28327887866788265], [-0.395223040501579, -0.9183905790867732, -0.018907472103605397], [0.2674214316928388, -0.09534250611366366, -0.9588511794847616]]	0.892454136283446	0.10754586371655406	[[0.7842861998519118, -0.34271697264353457, 0.2528134069888884], [-0.35271843725015406, -0.8196214710297401, -0.01687405168552652], [0.23866136284511508, -0.08508881394476887, -0.8557307012114365]]	0.8924541362834459	0.1075458637165541	[[0.7842861998519118, -0.34271697264353457, 0.2528134069888883], [-0.3527184372501541, -0.8196214710297398, -0.016874051685526508], [0.23866136284511494, -0.08508881394476885, -0.8557307012114365]]	[[0.0, 0.0, 0.0], [0.0, 0.0, 0.0], [0.0, 0.0, 0.0]]	0.310841837311627	[[0.6815003660365504, -0.4818935302055591, 0.481893530205559], [-0.5, -0.8535533905932737, -0.14644660940672619], [0.481893530205559, -0.14114334718728386, -0.8226437132238343]]
8	[[-0.3195682178843842, -0.5708200961323295, -0.7563336379995778], [0.910087742671785, 0.03735879733279218, -0.41272826520656647], [0.2638493031197415, -0.8202248094963509, 0.507557688474819]]	0.9092880442585156	0.09071195574148455	[[-0.2905795598472709, -0.5190398888356237, -0.687725134503564], [0.8275319036376747, 0.033969907762584864, -0.3752888770798889], [0.23991501681272204, -0.7458206128792505, 0.46151613790164114]]	0.9092880442585156	0.09071195574148444	[[-0.29057955984727085, -0.5190398888356238, -0.6877251345035644], [0.8275319036376746, 0.033969907762584864, -0.3752888770798888], [0.239915016812722, -0.7458206128792506, 0.4615161379016412]]	[[0.0, 0.0, 0.0], [0.0, 0.0, 0.0], [0.0, 0.0, 0.0]]	0.2362365811762283	[[-0.4841204844339551, -0.4841204844339552, -0.6846497549091324], [0.8535533905932738, -0.14644660940672602, -0.5], [0.1417956069793892, -0.8264453618885214, 0.4841204844339551]]
8	[[-0.8305561570912853, 0.32773595720904825, 0.4502950280316503], [-0.5100865793185324, -0.772219296347621, -0.37879947194723407], [0.22358030216652452, -0.5443036842615101, 0.808545204538665]]	0.8993605704538198	0.10063942954618024	[[-0.7469694592355507, 0.2947527974337584, 0.4049775932830637], [-0.4587517569567529, -0.6945035868786438, -0.3406773091780702], [0.20107930809872293, -0.48952527197754747, 0.7271736763915941]]	0.8993605704538198	0.10063942954618026	[[-0.7469694592355508, 0.2947527974337582, 0.4049775932830638], [-0.4587517569567529, -0.6945035868786437, -0.3406773091780701], [0.2010793080987229, -0.4895252719775476, 0.7271736763915941]]	[[0.0, 0.0, 0.0], [0.0, 0.0, 0.0], [0.0, 0.0, 0.0]]	0.3709840603150988	[[-0.6909922623262631, 0.4886053144383343, 0.4886053144383342], [-0.7071067811865475, -0.5000000000000001, -0.5], [0.0, -0.690992262326263, 0.6909922623262631]]
8	[[0.8489524140446696, -0.5135124485683378, 0.12483895166604869], [0.522794976890395, 0.7815435453534784, -0.34040431673891397], [0.0772347773085365, 0.35425224329800037, 0.9319550081910795]]	0.8875347933724637	0.11246520662753651	[[0.7534748053821901, -0.45576016493428756, 0.11079891317176153], [0.46399873179057866, 0.6936470890368819, -0.3021206749199667], [0.06854855211970019, 0.3144111915572224, 0.8271424956273024]]	0.9220287910114495	0.13532556067381454	[[0.7768715806060053, -0.48805320697853394, 0.06666500447766127], [0.5099063338491461, 0.6690509875186784, -0.2890752605372434], [0.02353094085581678, 0.3025091971033679, 0.8611270612303672]]	[[-0.00588698734185294, -0.014579944855740323, -0.04844010319812238], [0.02787431336003654, -0.05155466272639117, 0.024787320080615988], [-0.04768174749001168, -0.02412157049778126, 0.0018377117508807377]]	0.42840947220355985	[[0.7038540899930895, -0.7038540899930894, 0.0], [0.7071067811865475, 0.7071067811865476, 0.0], [0.0, 0.0, 0.9954000000000001]]
8	[[0.22433838825039393, -0.7661379269479729, -0.6022499185961573], [-0.9416906372873723, -0.011392912655017143, -0.3362869982418849], [0.2507808429735371, 0.642575192824231, -0.724020780340167]]	0.9123900898289365	0.08760991017106369	[[0.20468412220785573, -0.6990166519894161, -0.5494868573274176], [-0.8591892051456944, -0.010394780600724272, -0.30682492453421667], [0.22880995584800193, 0.5862792379027462, -0.6605893848125817]]	0.9153485969523223	0.08272784006384114	[[0.19596177084875305, -0.7146970865617303, -0.5496002685060032], [-0.8705011218850583, -0.006043298222565366, -0.32159244775694673], [0.24021659005362328, 0.5798750063762644, -0.6721174635274878]]	[[-0.009386058078790444, -0.013413810057942415, 0.0016683494956398232], [-0.00852591828092366, 0.004385188391404989, -0.013772615742929224], [0.010664697295275472, -0.008305294811763323, -0.009386058078790444]]	0.29643231679456666	[[0.14245088103213702, -0.8302645789516991, -0.4863577299919179], [-0.8535533905932738, 0.14644660940672602, -0.5], [0.4863577299919179, 0.486357729991918, -0.6878136979195623]]
8	[[0.5319609947059123, -0.8460851799387872, 0.03402011756955908], [-0.703274286200726, -0.4190807785627857, 0.5742617690636116], [-0.47161719485230363, -0.3294103357928521, -0.8179645788128509]]	0.8949617362308969	0.10503826376910319	[[0.4760847354291183, -0.7572138616372479, 0.03044670348683185], [-0.6294035762247462, -0.3750612612035467, 0.5139423098921961], [-0.4220793435413629, -0.2948096460535738, -0.7320469996297235]]	0.8969994391380616	0.14849247782911576	[[0.5421119933202544, -0.7423981699934534, -0.0004938214370071258], [-0.5872897305022962, -0.3928790214217267, 0.5836604604543078], [-0.4034511051985538, -0.3830841559208047, -0.7420489855066504]]	[[0.0649432794257257, 0.01653976187466445, -0.031009847816312528], [0.04354690977997562, -0.016963798097365625, 0.06854797568581701], [0.019589254071828523, -0.08760326946833584, -0.008335217076722462]]	0.2897920849120352	[[0.6909922623262631, -0.690992262326263, 0.0], [-0.5, -0.5000000000000001, 0.7071067811865475], [-0.4886053144383342, -0.4886053144383343, -0.6909922623262631]]
8	[[-0.5446221603179724, 0.8109226453022452, -0.2139887049042392], [-0.8354447797583356, -0.5021691245819775, 0.22328947644507607], [0.07361197229480154, 0.30038414347728, 0.9509735242804028]]	0.8817743593751941	0.11822564062480602	[[-0.4802338565159142, 0.7150507960642251, -0.188689753180463], [-0.7366737854647565, -0.44279985812627526, 0.1968909350475794], [0.06490914971259318, 0.26487103568114495, 0.8385440701551228]]	0.8818459550279856	0.117508574967235	[[-0.48204079267022537, 0.715626673284805, -0.18568700537547], [-0.7385511338378369, -0.44593853613992035, 0.19637457817336124], [0.06741466979138719, 0.263124598304767, 0.8403800993005992]]	[[-0.0017679435752184414, 0.0005178186844262924, 0.0030180684660105913], [-0.0018175341587022996, -0.003102724887358882, -0.0005323434300457167], [0.0025002497815842985, -0.0017679435752184418, 0.0017679435752184414]]	0.38277268113719154	[[-0.7006163611791213, 0.7006163611791212, 0.0], [-0.7071067811865475, -0.7071067811865476, 0.0], [0.0, 0.0, 0.9908211600000001]]
8	[[-0.30792515101507295, 0.09349718223056193, 0.9468053539599837], [0.3027085282091916, -0.9338174967034747, 0.1906631317268273], [0.9019698710720718, 0.34531602882779927, 0.2592434992682147]]	0.898580430313342	0.10141956968665806	[[-0.27669551470342507, 0.0840147382418233, 0.8507807623843383], [0.2720079595377338, -0.8391101280219361, 0.1713261589519819], [0.8104924748776119, 0.3102942257781782, 0.23295113512836896]]	0.8985804303133421	0.10141956968665809	[[-0.2766955147034252, 0.0840147382418233, 0.8507807623843383], [0.27200795953773377, -0.8391101280219362, 0.17132615895198192], [0.8104924748776118, 0.31029422577817833, 0.232951135128369]]	[[0.0, 0.0, 0.0], [0.0, 0.0, 0.0], [0.0, 0.0, 0.0]]	0.3692206266168899	[[-0.4863577299919179, -0.14245088103213685, 0.8302645789516993], [0.5, -0.8535533905932737, 0.14644660940672619], [0.6878136979195623, 0.486357729991918, 0.4863577299919179]]
8	[[0.3802729664721569, 0.7767473726770865, -0.5020517802076895], [0.4287143634067757, 0.332951791095048, 0.839849450446521], [0.8195098935212374, -0.5346088512602871, -0.20639019011321075]]	0.8851731160317148	0.1148268839682853	[[0.33660740667478295, 0.6875558922420243, -0.44440273869571], [0.3794864289443286, 0.29471997441194414, 0.7434121550492703], [0.7254081260670124, -0.4732213827282039, -0.18269104770088873]]	0.8851731160317149	0.11482688396828535	[[0.33660740667478295, 0.6875558922420243, -0.44440273869571006], [0.37948642894432866, 0.2947199744119442, 0.7434121550492704], [0.7254081260670123, -0.47322138272820397, -0.18269104770088881]]	[[0.0, 0.0, 0.0], [0.0, 0.0, 0.0], [0.0, 0.0, 0.0]]	0.36758408907523077	[[0.4908632855518728, 0.4908632855518729, -0.6941855156984761], [0.5, 0.5000000000000001, 0.7071067811865475], [0.6941855156984761, -0.694185515698476, 0.0]]
8	[[0.034229894132735264, 0.2773841392786001, 0.9601491309293217], [-0.1827544195208179, -0.9427759796974285, 0.2788803941677556], [0.9825625356654255, -0.18501754344446375, 0.018422055382213542]]	0.8962859050382741	0.10371409496172608	[[0.030679771642122926, 0.2486154943165828, 0.8605681327866995], [-0.1638002102999607, -0.8449968222114554, 0.24995656648407744], [0.8806569515355872, -0.16582861637407936, 0.01651142858091248]]	0.9345683936270454	0.12237586893277323	[[0.012216405649327055, 0.24453683283715572, 0.8892927632665528], [-0.16312498679640028, -0.8280538055312509, 0.2519898478884954], [0.9236582397295096, -0.16663143438627495, 0.0]]	[[-0.019773771524327168, -0.014697616626066206, -0.008032267668467076], [0.0076715174834136625, 0.053034827364738975, -0.008642954102941271], [0.005386349134556399, 0.00628011398343959, -0.01721667070586378]]	0.3403137032682273	[[0.0, 0.0, 0.9954000000000001], [0.0, -1.0, 0.0], [0.9954000000000001, 0.0, 0.0]]
8	[[0.8592155572171323, 0.2624339665249735, -0.4391776855101157], [-0.4266000482917053, 0.8413623931712975, -0.33184593135155627], [0.2824199444684594, 0.4724804086637203, 0.8348660002631537]]	0.9049420545704707	0.09505794542952932	[[0.7775402916669836, 0.23748753285618768, -0.3974303570470282], [-0.38604832418095775, 0.761384212714762, -0.30030133891812877], [0.2555736847989659, 0.4275673917604427, 0.7555053535691697]]	0.9049420545704705	0.09505794542952947	[[0.7775402916669835, 0.2374875328561876, -0.3974303570470281], [-0.38604832418095764, 0.761384212714762, -0.30030133891812866], [0.25557368479896586, 0.4275673917604427, 0.7555053535691693]]	[[0.0, 0.0, 0.0], [0.0, 0.0, 0.0], [0.0, 0.0, 0.0]]	0.31115890768617577	[[0.8226437132238343, 0.14114334718728386, -0.481893530205559], [-0.2499999999999999, 0.9571067811865475, -0.14644660940672619], [0.4405536009337708, 0.24094676510277946, 0.8226437132238343]]
8	[[0.04673222253661188, -0.9725397674033924, -0.22799671093185395], [-0.8377629715199755, -0.16246744520517667, 0.5213036857710898], [-0.5440306084466285, 0.16664552219444034, -0.8223502702654952]]	0.8989794996337641	0.10102050036623599	[[0.04201131003273701, -0.8742933134742392, -0.20496436911166205], [-0.7531317369487227, -0.1460549025973257, 0.4686413265917313], [-0.4890723641668025, 0.14981090815856538, -0.7392760344869655]]	0.8992356307169532	0.1003222547941942	[[0.04266849053277928, -0.8751876220635727, -0.20411030011509673], [-0.7544838862207277, -0.14629169208200016, 0.46944122299774055], [-0.48940068522054603, 0.14875214731085962, -0.7401318748777134]]	[[0.0006452109252641227, -0.0006452109252641228, 0.0009124660410998161], [-0.0011375721346534886, -0.00019517652195111295, 0.0006663743283023009], [-0.00018897790471421506, -0.0011014439458140307, -0.0006452109252641227]]	0.3252734570457041	[[1.9422546319687344e-16, -0.972715459983836, 0.0], [-0.7071067811865476, -1.3401577416544657e-16, 0.7071067811865475], [-0.6878136979195622, -1.0799311000829048e-16, -0.6878136979195623]]
8	[[-0.42203838922340475, -0.825029846081567, 0.3757783270710803], [0.2588054115689476, 0.28760896992378115, 0.9221175843470338], [-0.8688517462515349, 0.4864224845687207, 0.09214016247897017]]	0.8713901368307034	0.12860986316929662	[[-0.36776008973319235, -0.7189228704664309, 0.32744952784448134], [0.22552048299959176, 0.25061961965562124, 0.8035241679981595], [-0.7571088420517207, 0.42386375538586823, 0.08029002879015307]]	0.8801670959850054	0.19484867066969963	[[-0.2995286097390205, -0.6828419296432973, 0.35527897605085756], [0.25698172887606086, 0.23371095120723753, 0.8291207950083339], [-0.7932556110410787, 0.4013621454545352, 0.02223527675714567]]	[[0.07193569369793296, 0.04332219408327145, 0.024531257178601246], [0.029189721350216212, -0.019433000629815688, 0.0175032386368969], [-0.02852089270136434, -0.026770920210126843, -0.05886346247555606]]	0.4799718066179464	[[-0.4908632855518728, -0.4908632855518729, 0.6941855156984761], [0.5, 0.5000000000000001, 0.7071067811865475], [-0.6941855156984761, 0.694185515698476, 0.0]]
