8	[[0.8592155572171323, 0.2624339665249735, -0.4391776855101157], [-0.4266000482917053, 0.8413623931712975, -0.33184593135155627], [0.2824199444684594, 0.4724804086637203, 0.8348660002631537]]	0.9030106174017094	0.0969893825982905	[[0.7758807708037966, 0.23698065813889585, -0.3965821129415434], [-0.3852243729914918, 0.7597591741161933, -0.2996603993520141], [0.25502820842102003, 0.426654825537638, 0.7538928623453263]]	0.9030106174017094	0.0969893825982905	[[0.7758807708037965, 0.23698065813889585, -0.39658211294154333], [-0.38522437299149187, 0.7597591741161932, -0.2996603993520141], [0.25502820842102003, 0.4266548255376381, 0.7538928623453263]]	[[0.0, 0.0, 0.0], [0.0, 0.0, 0.0], [0.0, 0.0, 0.0]]	0.3124388426717792	[[0.8200028046631866, 0.14069023891225113, -0.48034652178771875], [-0.2499999999999999, 0.9571067811865475, -0.14644660940672619], [0.4391393048570759, 0.24017326089385935, 0.8200028046631866]]
8	[[0.8787972042104137, -0.3840163418041313, 0.28327887866788265], [-0.395223040501579, -0.9183905790867732, -0.018907472103605397], [0.2674214316928388, -0.09534250611366366, -0.9588511794847616]]	0.8912610735767031	0.10873892642329692	[[0.7832377396807786, -0.3422588170673483, 0.25247543752314167], [-0.3522469113796861, -0.8185257734796075, -0.016851493885680906], [0.23834231230797848, -0.08497506435635725, -0.8545867316278767]]	0.8912610735767034	0.10873892642329683	[[0.7832377396807787, -0.3422588170673483, 0.2524754375231419], [-0.35224691137968617, -0.8185257734796076, -0.016851493885680913], [0.23834231230797856, -0.08497506435635724, -0.8545867316278768]]	[[0.0, 0.0, 0.0], [0.0, 0.0, 0.0], [0.0, 0.0, 0.0]]	0.3113002179071999	[[0.6793125657509355, -0.48034652178771886, 0.48034652178771875], [-0.5, -0.8535533905932737, -0.14644660940672619], [0.48034652178771875, -0.14069023891225113, -0.8200028046631866]]
8	[[-0.8305561570912853, 0.32773595720904825, 0.4502950280316503], [-0.5100865793185324, -0.772219296347621, -0.37879947194723407], [0.22358030216652452, -0.5443036842615101, 0.808545204538665]]	0.8987643028629835	0.10123569713701652	[[-0.7464742255167076, 0.29455737910412283, 0.40470909695153373], [-0.4584476088609846, -0.6940431375392132, -0.3404514433295221], [0.20094599441059158, -0.4892007213310496, 0.7266915670904016]]	0.8987643028629836	0.10123569713701648	[[-0.7464742255167077, 0.2945573791041229, 0.40470909695153384], [-0.45844760886098473, -0.6940431375392132, -0.34045144332952204], [0.20094599441059163, -0.48920072133104964, 0.7266915670904017]]	[[0.0, 0.0, 0.0], [0.0, 0.0, 0.0], [0.0, 0.0, 0.0]]	0.3717946966189393	[[-0.6896050066762034, 0.48762437656093777, 0.48762437656093766], [-0.7071067811865475, -0.5000000000000001, -0.5], [0.0, -0.6896050066762033, 0.6896050066762034]]
8	[[0.22433838825039393, -0.7661379269479729, -0.6022499185961573], [-0.9416906372873723, -0.011392912655017143, -0.3362869982418849], [0.2507808429735371, 0.642575192824231, -0.724020780340167]]	0.9101710085273685	0.08982899147263183	[[0.2041862970852653, -0.6973165296413038, -0.5481504157941902], [-0.8570995170606277, -0.010369498801281136, -0.3060786763444578], [0.2282534527685679, 0.5848533113074985, -0.6589827238369821]]	0.9142902885260238	0.08375124620018963	[[0.19540324353991806, -0.7147095677578988, -0.5487548912014024], [-0.8699738029574826, -0.006089474550479174, -0.3221187181794392], [0.24068042760867228, 0.5787598947775907, -0.6716723343370461]]	[[-0.00970716618099778, -0.014237101477907126, 0.0018763606366524455], [-0.008995198489755562, 0.004326954848028272, -0.014654781529315711], [0.011393938329597597, -0.008740363669340697, -0.00970716618099778]]	0.2971902997083999	[[0.14210776385672208, -0.8282647454995443, -0.48518625467813303], [-0.8535533905932738, 0.14644660940672602, -0.5], [0.48518625467813303, 0.48518625467813314, -0.6861569816428225]]
8	[[0.04673222253661188, -0.9725397674033924, -0.22799671093185395], [-0.8377629715199755, -0.16246744520517667, 0.5213036857710898], [-0.5440306084466285, 0.16664552219444034, -0.8223502702654952]]	0.8957421004181398	0.1042578995818603	[[0.041860019172152756, -0.8711448139940837, -0.2042262527385263], [-0.750419563761845, -0.14552893061765412, 0.466953658448314], [-0.4873111199017418, 0.1492714100757257, -0.7366137583670395]]	0.896406180147885	0.10249419364491437	[[0.04353644434236942, -0.8734360491884918, -0.20205072611366015], [-0.7538850698438845, -0.14613595570251844, 0.46900399487011696], [-0.48815432354015387, 0.1465732174310414, -0.7388052557607775]]	[[0.0016453912485041519, -0.0016453912485041523, 0.0023269346190445722], [-0.0029091646743217474, -0.0004991337477601949, 0.0017041492110409714], [-0.00048192393898186686, -0.002808858558026438, -0.0016453912485041519]]	0.326069426992809	[[-1.9375763813434726e-16, -0.9703725093562663, 0.0], [-0.7071067811865476, 1.3401577416544657e-16, 0.7071067811865475], [-0.6861569816428224, 1.077329902350617e-16, -0.6861569816428225]]
8	[[-0.5446221603179724, 0.8109226453022452, -0.2139887049042392], [-0.8354447797583356, -0.5021691245819775, 0.22328947644507607], [0.07361197229480154, 0.30038414347728, 0.9509735242804028]]	0.8801683638883416	0.11983163611165841	[[-0.4793591957844038, 0.7137484579556831, -0.18834608828614935], [-0.7353320649189502, -0.44199337677855993, 0.19653233315614702], [0.0647909292173094, 0.2643886201023985, 0.8370168109670123]]	0.8803036062554407	0.11870657246971061	[[-0.4822833212479784, 0.714693012232973, -0.18350897285746065], [-0.7383825526826869, -0.4470759178890928, 0.1957021574546467], [0.06883205726315686, 0.26157877529156254, 0.8399958923509232]]	[[-0.0028504694734386715, 0.0008348831792049395, 0.004866055767672405], [-0.00293750023414167, -0.0050146265694403155, -0.0008603738988430238], [0.004031172588467465, -0.002850469473438672, 0.0028504694734386715]]	0.3829878562277772	[[-0.7000533910442119, 0.7000533910442118, 0.0], [-0.7071067811865475, -0.7071067811865476, 0.0], [0.0, 0.0, 0.9900250000000003]]
8	[[-0.3195682178843842, -0.5708200961323295, -0.7563336379995778], [0.910087742671785, 0.03735879733279218, -0.41272826520656647], [0.2638493031197415, -0.8202248094963509, 0.507557688474819]]	0.9066188639573498	0.09338113604265015	[[-0.28972657465521523, -0.5175162670795178, -0.6857063436559067], [0.8251027153626028, 0.03387019039666895, -0.37418723092466505], [0.23921075545035844, -0.7436312849752154, 0.4601613749178589]]	0.9066188639573503	0.09338113604264996	[[-0.2897265746552153, -0.5175162670795179, -0.6857063436559068], [0.8251027153626033, 0.033870190396668956, -0.3741872309246652], [0.23921075545035855, -0.7436312849752155, 0.4601613749178591]]	[[0.0, 0.0, 0.0], [0.0, 0.0, 0.0], [0.0, 0.0, 0.0]]	0.23743908026133875	[[-0.4827603234047424, -0.4827603234047425, -0.6827261967346084], [0.8535533905932738, -0.14644660940672602, -0.5], [0.14139722503743846, -0.8241234217720467, 0.4827603234047424]]
8	[[0.08740825448676931, -0.06334395238859675, -0.994156597696443], [0.7119981850616444, -0.6940087028176986, 0.10681996481098455], [-0.6967197295301035, -0.717174639895393, -0.015561310176609944]]	0.9424602850138565	0.05753971498614368	[[0.08237880843616431, -0.05969915942206105, -0.9369531104133955], [0.6710300124225458, -0.6540756398596649, 0.10067357448093063], [-0.6566306748677183, -0.6759086155205218, -0.014665916824236833]]	0.9652344703499065	0.05699619331113894	[[0.06683298448493838, -0.05810040934467079, -0.9416113286852648], [0.6803407979364499, -0.6726857660616266, 0.09013038308669717], [-0.6802139700297112, -0.7000667718968963, -0.00617486309890429]]	[[-0.01753647573880823, 0.0030413569890060796, 0.017982888337126725], [-0.0069043931116210865, -0.002804643379159583, -0.012975929070429137], [-0.007716070914391673, -0.007825088209081637, 0.008845449887366418]]	0.11612421090324956	[[0.0, 0.0, -0.9850748750000003], [0.7071067811865475, -0.7071067811865476, 0.0], [-0.696553124088991, -0.6965531240889908, 0.0]]
8	[[0.034229894132735264, 0.2773841392786001, 0.9601491309293217], [-0.1827544195208179, -0.9427759796974285, 0.2788803941677556], [0.9825625356654255, -0.18501754344446375, 0.018422055382213542]]	0.8957666053913148	0.10423339460868515	[[0.030661996070184355, 0.24847144883098327, 0.8600695276819799], [-0.16370530599442326, -0.8445072389780369, 0.24981174399384226], [0.8801467071577009, -0.16573253682908737, 0.016501862014056214]]	0.9342686745455144	0.12242148106299305	[[0.012135806056833526, 0.24435725222481144, 0.8887456008670461], [-0.1631618628244267, -0.8280410150034754, 0.2519838509260948], [0.9230772417060698, -0.16650015475178875, 0.0]]	[[-0.019844111764390326, -0.01479405991895462, -0.008291655052318698], [0.007579866468622699, 0.05276504994179013, -0.008565365289744817], [0.005099843851852862, 0.006355940329737512, -0.017211149264344708]]	0.3404811176955507	[[0.0, 0.0, 0.9950000000000001], [0.0, -1.0, 0.0], [0.9950000000000001, 0.0, 0.0]]
8	[[0.5319609947059123, -0.8460851799387872, 0.03402011756955908], [-0.703274286200726, -0.4190807785627857, 0.5742617690636116], [-0.47161719485230363, -0.3294103357928521, -0.8179645788128509]]	0.8942212854240512	0.10577871457594885	[[0.4756908444813778, -0.756587377183102, 0.030421513263328474], [-0.6288828362120953, -0.37475095250292645, 0.5135170973019523], [-0.4217301342089123, -0.29456573390465257, -0.73144133709737]]	0.8960878882117302	0.1496891445256567	[[0.5421100618528558, -0.7411153237993516, -6.443219628784261e-05], [-0.5871981752451723, -0.3931379029167039, 0.5837899391406389], [-0.4026035644341611, -0.38329748478746917, -0.7410697633564299]]	[[0.0654262574958235, 0.017051358339238, -0.030549447505908826], [0.042997394710048265, -0.017604693064249388, 0.06920092321969495], [0.020006891745379653, -0.08811687263173534, -0.008101611296024925]]	0.2905173940984068	[[0.6896050066762034, -0.6896050066762033, 0.0], [-0.5, -0.5000000000000001, 0.7071067811865475], [-0.48762437656093766, -0.48762437656093777, -0.6896050066762034]]
8	[[0.3802729664721569, 0.7767473726770865, -0.5020517802076895], [0.4287143634067757, 0.332951791095048, 0.839849450446521], [0.8195098935212374, -0.5346088512602871, -0.20639019011321075]]	0.8838521218370409	0.11614787816295932	[[0.33610506829368175, 0.6865298134719895, -0.44373953120862997], [0.378920099759095, 0.29428014702880134, 0.7423027188008303], [0.7243255582551933, -0.4725151675392677, -0.1824184074579116]]	0.883852121837041	0.11614787816295928	[[0.33610506829368175, 0.6865298134719897, -0.44373953120863], [0.37892009975909496, 0.2942801470288014, 0.7423027188008304], [0.724325558255193, -0.4725151675392677, -0.18241840745791163]]	[[0.0, 0.0, 0.0], [0.0, 0.0, 0.0], [0.0, 0.0, 0.0]]	0.36772041174324266	[[0.4900747503125001, 0.4900747503125002, -0.693070358468546], [0.5, 0.5000000000000001, 0.7071067811865475], [0.693070358468546, -0.6930703584685459, 0.0]]
8	[[0.8489524140446696, -0.5135124485683378, 0.12483895166604869], [0.522794976890395, 0.7815435453534784, -0.34040431673891397], [0.0772347773085365, 0.35425224329800037, 0.9319550081910795]]	0.8867423213326423	0.11325767866735792	[[0.7528020343309209, -0.45535322067669687, 0.11069998179308554], [0.46358443138883404, 0.6930277376292865, -0.3018509140167166], [0.06848734571818132, 0.31413045655936483, 0.8264039473409392]]	0.921580668457427	0.13566835519116982	[[0.7764454859770065, -0.48739602715087177, 0.06598982752979722], [0.5093426347098496, 0.669319937663557, -0.28898965658917153], [0.023424810651204754, 0.30180937916262013, 0.860620994900189]]	[[-0.005932647246826276, -0.014152881538052867, -0.04905933699612434], [0.02754489044101448, -0.05093548529188893, 0.024720381176870473], [-0.04775326704895683, -0.02466264001849413, 0.0017492754792071492]]	0.4285329926539178	[[0.7035712472806149, -0.7035712472806148, 0.0], [0.7071067811865475, 0.7071067811865476, 0.0], [0.0, 0.0, 0.9950000000000001]]
8	[[-0.30792515101507295, 0.09349718223056193, 0.9468053539599837], [0.3027085282091916, -0.9338174967034747, 0.1906631317268273], [0.9019698710720718, 0.34531602882779927, 0.2592434992682147]]	0.8978545928495131	0.10214540715048695	[[-0.27647201109276315, 0.08394687448419792, 0.8500935355874802], [0.27178824234733906, -0.83843232829845, 0.1711877685080036], [0.809837791353943, 0.31004358246759445, 0.23276296648434602]]	0.8978545928495131	0.10214540715048681	[[-0.27647201109276315, 0.08394687448419791, 0.8500935355874805], [0.27178824234733917, -0.8384323282984502, 0.1711877685080036], [0.809837791353943, 0.31004358246759445, 0.232762966484346]]	[[0.0, 0.0, 0.0], [0.0, 0.0, 0.0], [0.0, 0.0, 0.0]]	0.3694394011701374	[[-0.48518625467813303, -0.1421077638567219, 0.8282647454995444], [0.5, -0.8535533905932737, 0.14644660940672619], [0.6861569816428225, 0.48518625467813314, 0.48518625467813303]]
8	[[-0.42203838922340475, -0.825029846081567, 0.3757783270710803], [0.2588054115689476, 0.28760896992378115, 0.9221175843470338], [-0.8688517462515349, 0.4864224845687207, 0.09214016247897017]]	0.869412792868018	0.13058720713198207	[[-0.36692557467223996, -0.7172915026812464, 0.3267064848381394], [0.22500873568151564, 0.2500509177953283, 0.8017008243598648], [-0.7553908232968016, 0.42290193082269184, 0.08010783599615445]]	0.8795383298190727	0.1959600186641533	[[-0.2990214237052209, -0.6817371972129607, 0.3544144370899788], [0.2567099247870226, 0.2334452807418234, 0.8292331143840979], [-0.7919800992596564, 0.4006518632797926, 0.022228289564242564]]	[[0.07217751627186432, 0.043908175660507344, 0.023902994915675525], [0.0290806453475327, -0.019517832305923005, 0.018195354350709902], [-0.02779168550119663, -0.02717535638422368, -0.05881251505176883]]	0.480281816309671	[[-0.4900747503125001, -0.4900747503125002, 0.693070358468546], [0.5, 0.5000000000000001, 0.7071067811865475], [-0.693070358468546, 0.6930703584685459, 0.0]]
