8	[[0.22433838825039393, -0.7661379269479729, -0.6022499185961573], [-0.9416906372873723, -0.011392912655017143, -0.3362869982418849], [0.2507808429735371, 0.642575192824231, -0.724020780340167]]	0.5684025770107612	0.4315974229892388	[[0.12751451800396454, -0.4354747720229102, -0.342320405734577], [-0.5352593849810484, -0.006475760912770264, -0.19114639641590075], [0.14254447741108953, 0.3652413955244797, -0.41153527735469325]]	0.7220352299960163	0.45892166481573937	[[0.19756076516793747, -0.46660318368455417, -0.34252392472246856], [-0.8147879418565394, 0.0445074023818848, -0.20364762783603377], [0.15617500159414086, 0.3425239247224685, -0.39226053041577924]]	[[0.035580545410628814, 0.08657539060799654, 0.09232173376618989], [-0.1348541259776565, 0.052733486691074596, 0.03916343228421547], [-0.024897602040851795, -0.12143800241810959, 0.13050798023902843]]	0.45737431487321467	[[0.09835072513599205, -0.5732300341210724, -0.33579037962853214], [-0.8535533905932738, 0.14644660940672602, -0.5], [0.33579037962853214, 0.3357903796285322, -0.4748793089850805]]
8	[[0.8787972042104137, -0.3840163418041313, 0.28327887866788265], [-0.395223040501579, -0.9183905790867732, -0.018907472103605397], [0.2674214316928388, -0.09534250611366366, -0.9588511794847616]]	0.6206531173333999	0.37934688266660016	[[0.5454282242970696, -0.23834093964770248, 0.17581791911993133], [-0.24529641212928957, -0.5700019758398323, -0.011734981501997005], [0.16597594522192124, -0.059174623633824086, -0.5951139736060246]]	0.8093594916166835	0.30195516150864427	[[0.6371029464543232, -0.26253978692495883, 0.15987972641126139], [-0.3217101376370114, -0.8534041770836025, -0.03220348623500024], [0.15193148905967901, -0.04739003219058235, -0.7341691301581292]]	[[-0.07415991197958006, 0.04826748425013136, -0.0693947228131203], [-0.0018326185014535062, -0.11009604488838007, -0.016900544225469556], [-0.06450858494264261, 0.02977633008703302, 0.04188617300571479]]	0.49955992663480614	[[0.6192287100758046, -0.6192287100758045, 0.0], [-0.7071067811865475, -0.7071067811865476, 0.0], [0.0, 0.0, -0.87572164]]
8	[[0.034229894132735264, 0.2773841392786001, 0.9601491309293217], [-0.1827544195208179, -0.9427759796974285, 0.2788803941677556], [0.9825625356654255, -0.18501754344446375, 0.018422055382213542]]	0.7991267886729978	0.20087321132700217	[[0.027354025374909424, 0.22166509645053123, 0.7672808916467186], [-0.14604395238746903, -0.7533975410936457, 0.22286079381513835], [0.7851920437967094, -0.1478524753409412, 0.014721557958344424]]	0.8865470683825891	0.17410040875030405	[[0.00916728322497978, 0.21945537928294628, 0.8070686262250115], [-0.1671678267819472, -0.8247383562463961, 0.25595121053180514], [0.8375927741282158, -0.14956078047705032, 0.0]]	[[-0.02117912906944306, -0.026458716210324473, -0.04414877101046948], [-0.005147431921804259, 0.011076924695882603, 0.008710614653000458], [-0.033495161368530355, 0.014465980262987378, -0.016332019192683116]]	0.3665486248718435	[[0.0, 0.0, 0.9358], [0.0, -1.0, 0.0], [0.9358, 0.0, 0.0]]
8	[[-0.30792515101507295, 0.09349718223056193, 0.9468053539599837], [0.3027085282091916, -0.9338174967034747, 0.1906631317268273], [0.9019698710720718, 0.34531602882779927, 0.2592434992682147]]	0.643395098528566	0.35660490147143414	[[-0.19811753287676642, 0.06015562877337569, 0.6091699239984575], [0.19476118333259004, -0.6008136002992308, 0.122671724423147], [0.5803229940682135, 0.22217464039115506, 0.16679599675456322]]	0.8131161373881683	0.2957678958133651	[[-0.21297599231508918, 0.07005080418317619, 0.7178438264390359], [0.25159336052140985, -0.845713652064138, 0.12088683315436242], [0.6575885305543572, 0.24453594986058513, 0.14292518813191302]]	[[0.03740291708295537, -0.00597326348881601, -0.05201888583134352], [0.005456171309494535, -0.08641157611911987, -0.03414443605768695], [-0.07581772705227027, -0.03624608567809642, -0.06786988463605018]]	0.4785476159913538	[[0.0, 0.0, 0.9358], [0.0, -1.0, 0.0], [0.9358, 0.0, 0.0]]
8	[[0.8592155572171323, 0.2624339665249735, -0.4391776855101157], [-0.4266000482917053, 0.8413623931712975, -0.33184593135155627], [0.2824199444684594, 0.4724804086637203, 0.8348660002631537]]	0.6009647847851483	0.3990352152148519	[[0.516358292427045, 0.1577135722129935, -0.26393032325502624], [-0.25637160621095834, 0.5056291695385061, -0.19942771871651516], [0.16972444114652124, 0.2839440871077915, 0.5017250661725836]]	0.7592605259030148	0.4276433230664619	[[0.4894872307115372, 0.19781025485285642, -0.2908732598124353], [-0.3544443226218216, 0.7489376480303152, -0.2516738125046791], [0.24231064979425532, 0.3234872792757838, 0.4859927127350461]]	[[-0.16288122512519454, -0.001445496585709154, 0.04257702065284397], [-0.030543745605609875, 0.11012439491605681, 0.00028370385207935125], [0.027880334231632563, -0.03524844428510386, -0.14788808568330258]]	0.5174188253189554	[[0.6125561381930674, -0.10509801788415467, -0.35882707803861097], [-0.14644660940672619, 0.8535533905932737, -0.5], [0.35882707803861097, 0.358827078038611, 0.5074581203089127]]
8	[[-0.5446221603179724, 0.8109226453022452, -0.2139887049042392], [-0.8354447797583356, -0.5021691245819775, 0.22328947644507607], [0.07361197229480154, 0.30038414347728, 0.9509735242804028]]	0.6471592153021126	0.3528407846978874	[[-0.35245724990752053, 0.5247960628045143, -0.13848476234934276], [-0.5406657880966508, -0.32498337661342147, 0.14450384236141503], [0.04763866622714463, 0.19439636658195372, 0.61543127974639]]	0.7874142712048954	0.3106637195701171	[[-0.4631175821645681, 0.6039065959561263, -0.1001330144660666], [-0.7339334568903747, -0.40226163506881046, 0.09944431824174739], [0.07251447345575415, 0.10388123419737798, 0.7247742694538362]]	[[-0.0342743207157563, -0.034625467798087055, 0.06836474565218435], [-0.07609231450503047, -0.006846499814492418, -0.07637700212097484], [0.014551355939288045, -0.1326455272202912, -0.0240358551025682]]	0.4227736263700314	[[-0.6192287100758046, 0.6192287100758045, 0.0], [-0.7071067811865475, -0.7071067811865476, 0.0], [0.0, 0.0, 0.87572164]]
8	[[0.08740825448676931, -0.06334395238859675, -0.994156597696443], [0.7119981850616444, -0.6940087028176986, 0.10681996481098455], [-0.6967197295301035, -0.717174639895393, -0.015561310176609944]]	0.6869911338836638	0.3130088661163362	[[0.0600486958606575, -0.043516733676114895, -0.6829767683094049], [0.4891364404786099, -0.47677782567386134, 0.07338436874691134], [-0.4786402769890054, -0.4926926190543443, -0.010690482122944663]]	0.8665318521284084	0.21381713342789746	[[0.047964873261721726, -0.04796487326172174, -0.7848219355161699], [0.6811998809624987, -0.661371891317605, 0.08845169010399391], [-0.5585715699751621, -0.5748206136499469, 0.0]]	[[-0.027777163390009733, 0.00692467912270272, 0.07664642239140587], [0.06423077494896662, -0.05999124467175029, -0.004111211847959948], [0.045158267668962256, 0.04663405535813249, 0.013484370928882465]]	0.22745471007969828	[[0.0, 0.0, -0.8195003107119999], [0.7071067811865475, -0.7071067811865476, 0.0], [-0.5794742268889379, -0.5794742268889378, 0.0]]
8	[[0.3802729664721569, 0.7767473726770865, -0.5020517802076895], [0.4287143634067757, 0.332951791095048, 0.839849450446521], [0.8195098935212374, -0.5346088512602871, -0.20639019011321075]]	0.6038098730217003	0.39619012697830003	[[0.2296125715991384, 0.46900773246609084, -0.3031438216575235], [0.2588619653312243, 0.20103957870344855, 0.5071093900314587], [0.49482816474708546, -0.32280210259575104, -0.12462043448518235]]	0.7803215505681086	0.3377269706190218	[[0.3406926617487483, 0.4815378473424357, -0.38751684963883515], [0.404357419747017, 0.31025971490690796, 0.7241563620254341], [0.5538372065761947, -0.41299202098250737, -0.05826800038923453]]	[[0.0439574709120605, -0.12457486690465301, 0.004244973958308286], [0.0698223629426222, 0.050450257015191236, 0.06880373660923098], [-0.08564402424220267, 0.004174786780355193, 0.1027827127819528]]	0.432783026706268	[[0.38344419538214464, 0.38344419538214475, -0.5422719815226681], [0.5, 0.5000000000000001, 0.7071067811865475], [0.5422719815226681, -0.542271981522668, 0.0]]
8	[[-0.42203838922340475, -0.825029846081567, 0.3757783270710803], [0.2588054115689476, 0.28760896992378115, 0.9221175843470338], [-0.8688517462515349, 0.4864224845687207, 0.09214016247897017]]	0.5949669605618336	0.4050330394381664	[[-0.25109889767666127, -0.49086549989594735, 0.22357568910249126], [0.15398066909813116, 0.17111783466587177, 0.548629496439575], [-0.5169380826461173, 0.2894053071927872, 0.05482035241578639]]	0.779815002551885	0.36100741828498056	[[-0.24435124110913353, -0.5225371496551559, 0.2921580087735141], [0.2693832788051776, 0.23859203844377114, 0.8261068551997746], [-0.6099183120131075, 0.32195139438883935, 0.02361344477039553]]	[[0.08476062646010926, 0.12083350187232249, -0.0008795683103634325], [0.06756293612209713, 0.014310248828712726, 0.10702572880905435], [0.06762531470724278, -0.0573681566564117, -0.04823883626827369]]	0.5495643334596223	[[-0.38344419538214464, -0.38344419538214475, 0.5422719815226681], [0.5, 0.5000000000000001, 0.7071067811865475], [-0.5422719815226681, 0.542271981522668, 0.0]]
8	[[0.8489524140446696, -0.5135124485683378, 0.12483895166604869], [0.522794976890395, 0.7815435453534784, -0.34040431673891397], [0.0772347773085365, 0.35425224329800037, 0.9319550081910795]]	0.7090586004289253	0.2909413995710748	[[0.601957010533271, -0.364110418084696, 0.08851813234734274], [0.3706922746251758, 0.5541601724425976, -0.24136660840685903], [0.05476398310283061, 0.25118559983168726, 0.6608107137706943]]	0.8607534506908365	0.23424242440964008	[[0.6826936984476479, -0.42784441180765664, 0.054115804723778256], [0.49456200221694496, 0.6658886050672067, -0.31205425877319815], [0.022196860108592696, 0.26308367161715823, 0.7564162566838767]]	[[-0.048045021413617356, 0.014163200270240787, -0.05333975370339972], [0.04456442185470133, -0.006827698460949973, -0.019050068510121344], [-0.04428324097306842, -0.041840169216565394, -0.045767232505201705]]	0.44861702854055113	[[0.6617105258343712, -0.6617105258343711, 0.0], [0.7071067811865475, 0.7071067811865476, 0.0], [0.0, 0.0, 0.9358]]
8	[[-0.8305561570912853, 0.32773595720904825, 0.4502950280316503], [-0.5100865793185324, -0.772219296347621, -0.37879947194723407], [0.22358030216652452, -0.5443036842615101, 0.808545204538665]]	0.5827475054021974	0.41725249459780256	[[-0.4840045286413822, 0.1909873114941742, 0.26240830428045675], [-0.2972516816370149, -0.45000886857001643, -0.22074444732492024], [0.13029086334461168, -0.3171916141846204, 0.47117770094981654]]	0.7474070468381253	0.39941900603115077	[[-0.5378182119273637, 0.21840045372286035, 0.23316589858352457], [-0.45616290913677365, -0.6758776754182929, -0.2576389048394031], [0.13853107109099674, -0.35154221106273154, 0.5246196839337927]]	[[0.082945312677456, -0.026551710197420624, -0.10338777852350209], [-0.07492060525654819, -0.09871553162370232, 0.025478489832520386], [-0.02857442228246111, 0.05527419817427511, -0.079692699625579]]	0.5031563163505409	[[-0.5074581203089127, 0.358827078038611, 0.35882707803861097], [-0.7071067811865475, -0.5000000000000001, -0.5], [0.0, -0.5074581203089127, 0.5074581203089127]]
8	[[0.04673222253661188, -0.9725397674033924, -0.22799671093185395], [-0.8377629715199755, -0.16246744520517667, 0.5213036857710898], [-0.5440306084466285, 0.16664552219444034, -0.8223502702654952]]	0.5722683352381165	0.42773166476188335	[[0.0267433711930041, -0.5565537136448044, -0.1304752982047381], [-0.479425221035874, -0.09297497439795638, 0.29832559240971573], [-0.3113314906143317, 0.09536595556109896, -0.47060502014745015]]	0.7306388253685376	0.433432687298946	[[-0.010715419441405676, -0.7538002138129024, -0.12111251540106804], [-0.6797445795870143, -0.14574783524734183, 0.2751777854351176], [-0.2593941465003123, 0.02002111403277398, -0.5435691218060738]]	[[-0.04485979562241699, -0.04322490053309664, 0.04547073366207173], [-0.06764242613840377, -0.02704281192200418, -0.10570692719696069], [0.1380957382196632, -0.10173657455629849, 0.05727191370220734]]	0.4398776062479816	[[-0.09835072513599205, -0.5732300341210724, -0.33579037962853214], [-0.8535533905932738, -0.14644660940672602, 0.5], [-0.33579037962853214, 0.3357903796285322, -0.4748793089850805]]
8	[[0.5319609947059123, -0.8460851799387872, 0.03402011756955908], [-0.703274286200726, -0.4190807785627857, 0.5742617690636116], [-0.47161719485230363, -0.3294103357928521, -0.8179645788128509]]	0.6198295119884527	0.3801704880115473	[[0.32972512374545754, -0.5244285641821207, 0.021086672870929593], [-0.43591015760982343, -0.25975863446031233, 0.35594439207232387], [-0.2923222557306664, -0.20417824767843581, -0.5069985857094097]]	0.7357487833494775	0.35146882732011137	[[0.40835652833904895, -0.5545470070110221, 0.035240025143860806], [-0.6046316638226814, -0.375419907267991, 0.5635822314275505], [-0.27847054825502227, -0.30477599027084457, -0.5504859528548496]]	[[0.01696687369479617, 0.06795913473896438, 0.01020976503265153], [-0.08719846338952524, -0.06708173431526959, 0.14106983351487967], [0.06852122906425354, -0.062412736488510784, 0.051330490829673205]]	0.4279006208808736	[[0.5074581203089127, -0.5074581203089127, 0.0], [-0.5, -0.5000000000000001, 0.7071067811865475], [-0.35882707803861097, -0.358827078038611, -0.5074581203089127]]
8	[[-0.3195682178843842, -0.5708200961323295, -0.7563336379995778], [0.910087742671785, 0.03735879733279218, -0.41272826520656647], [0.2638493031197415, -0.8202248094963509, 0.507557688474819]]	0.5845483783742411	0.4154516216257589	[[-0.18680308354426303, -0.33367196153758166, -0.44211360160254354], [0.5319903141570657, 0.021838024398895605, -0.24125963813571202], [0.15423268227381845, -0.4794610822934127, 0.2966920237293337]]	0.7100059739370446	0.46483723770156526	[[-0.240378230399861, -0.39103497166325896, -0.414681894750234], [0.7877250607377027, 0.01565906168981221, -0.21876113498825453], [0.16776537477291212, -0.414681894750234, 0.3228375200212139]]	[[-0.013482886621533123, 0.014250706634013144, 0.12231950651900436], [0.14155732663385548, -0.010865907595573654, 0.0742783989210806], [-0.019569206661230465, 0.16768261996354963, -0.03753147091358502]]	0.4552341479302536	[[-0.31423263725638034, -0.3142326372563804, -0.4443920573482383], [0.8535533905932738, -0.14644660940672602, -0.5], [0.09203660858226136, -0.5364286659304995, 0.31423263725638034]]
