8	[[-0.3195682178843842, -0.5708200961323295, -0.7563336379995778], [0.910087742671785, 0.03735879733279218, -0.41272826520656647], [0.2638493031197415, -0.8202248094963509, 0.507557688474819]]	0.6761390132484612	0.32386098675153907	[[-0.2160725395059167, -0.385953736541305, -0.5113866796836534], [0.6153458282996199, 0.025259740364743325, -0.2790616819765171], [0.17839880745767606, -0.5545859933347697, 0.3431795546520339]]	0.7489566963628694	0.2795071676686427	[[-0.2890531089423778, -0.44241109952978663, -0.5428081214719715], [0.760448322730667, 0.013108201827435412, -0.33975674195251926], [0.19132342175660103, -0.579652247307058, 0.388328825550457]]	[[-0.049710352213119806, -0.014891566112981612, 0.023653021392302742], [0.07883201357886561, -0.01487191960302266, -0.03064114394783106], [-0.006288280645605864, 0.034660616288192794, 0.008190095976782205]]	0.37110235512360895	[[-0.3697377834088722, -0.36973778340887226, -0.5228881878185931], [0.8535533905932738, -0.14644660940672602, -0.5], [0.10829368949957582, -0.6311818773181688, 0.3697377834088722]]
8	[[0.034229894132735264, 0.2773841392786001, 0.9601491309293217], [-0.1827544195208179, -0.9427759796974285, 0.2788803941677556], [0.9825625356654255, -0.18501754344446375, 0.018422055382213542]]	0.8442312286512154	0.1557687713487847	[[0.028897945580280117, 0.23417635271153242, 0.8105878804928579], [-0.15428698813349975, -0.7959209236828134, 0.23543953781497956], [0.8295099767114757, -0.15619758802414926, 0.015552474449606876]]	0.9050397657373856	0.14426579612147994	[[0.009096931128104608, 0.22909760494208, 0.8371088674019245], [-0.1658497582747057, -0.8259039068669772, 0.2544553909232075], [0.8691487084618914, -0.1555146583680644, 0.0]]	[[-0.021882484239001625, -0.021946071489890577, -0.03186427712730316], [-0.0004497412441128012, 0.027345844941217647, 0.002057544316872182], [-0.020109458639076924, 0.011933575808219623, -0.016672692687519686]]	0.35656009766754915	[[0.0, 0.0, 0.9578], [0.0, -1.0, 0.0], [0.9578, 0.0, 0.0]]
8	[[0.8489524140446696, -0.5135124485683378, 0.12483895166604869], [0.522794976890395, 0.7815435453534784, -0.34040431673891397], [0.0772347773085365, 0.35425224329800037, 0.9319550081910795]]	0.761796837816048	0.23820316218395216	[[0.6467292644755295, -0.3911921594985358, 0.09510191861546632], [0.3982635602212168, 0.5953774014658227, -0.2593189320706371], [0.058837209123069785, 0.26986823873365795, 0.7099603782267934]]	0.8826210598424117	0.1961467945106068	[[0.7164103600099967, -0.4572428717521381, 0.054378641974103796], [0.5053812145553245, 0.6690554091235831, -0.2935897051325367], [0.022933078387641342, 0.26716804429856694, 0.8005371371654977]]	[[-0.03289291942988328, -0.0040059701544798935, -0.0558068458549997], [0.043951357972034893, -0.02075138318930001, 0.006858313682495641], [-0.0452359626171118, -0.04550244613266602, -0.022025979889556308]]	0.440748428613399	[[0.6772668750204752, -0.6772668750204751, 0.0], [0.7071067811865475, 0.7071067811865476, 0.0], [0.0, 0.0, 0.9578]]
8	[[0.8592155572171323, 0.2624339665249735, -0.4391776855101157], [-0.4266000482917053, 0.8413623931712975, -0.33184593135155627], [0.2824199444684594, 0.4724804086637203, 0.8348660002631537]]	0.6982441716571285	0.30175582834287173	[[0.5999422550239946, 0.18324298757092466, -0.30665325922930564], [-0.29787099734833283, 0.5874763872833518, -0.23170948745435577], [0.19719808018483168, 0.3299066915716209, 0.5829403187984455]]	0.7848292852965265	0.27964075945468386	[[0.6832191594532789, 0.16390472492588015, -0.2773648176965753], [-0.3395332086465833, 0.7420541454183103, -0.40558837670572795], [0.20765489198306483, 0.37453490106034676, 0.6523947097298927]]	[[0.008881627766900416, -0.04206113745944739, 0.06731469134051159], [-0.004724997638340557, 0.08172829971030561, -0.14514597157452588], [-0.013996551187600847, 0.0037184396121884176, -0.0028325765750080775]]	0.45035152738337725	[[0.604546002095342, 0.1037236958026936, -0.35413484894901776], [-0.2499999999999999, 0.9571067811865475, -0.14644660940672619], [0.32375488181813944, 0.17706742447450885, 0.604546002095342]]
8	[[-0.5446221603179724, 0.8109226453022452, -0.2139887049042392], [-0.8354447797583356, -0.5021691245819775, 0.22328947644507607], [0.07361197229480154, 0.30038414347728, 0.9509735242804028]]	0.7178088509326118	0.2821911490673882	[[-0.3909346070902805, 0.5820874522196386, -0.15360298637986972], [-0.59968965737598, -0.3604614422900248, 0.16027916251238458], [0.05283932524781477, 0.2156183968678031, 0.6826172127310522]]	0.8145752137819835	0.219154147075814	[[-0.45410552596764864, 0.6500876738614974, -0.10230825066039252], [-0.7557863900275517, -0.43253973044905997, 0.19487474572308683], [0.05435539510452693, 0.17758613231218906, 0.785109275137946]]	[[-0.010469813296230646, -0.010469813296230646, 0.07200164438390794], [-0.07525377995286335, -0.0234852084379841, 0.012988672712571847], [-0.005607092964424473, -0.06709934557753429, 0.010469813296230646]]	0.4063717104005063	[[-0.6486862128946111, 0.648686212894611, 0.0], [-0.7071067811865475, -0.7071067811865476, 0.0], [0.0, 0.0, 0.91738084]]
8	[[-0.8305561570912853, 0.32773595720904825, 0.4502950280316503], [-0.5100865793185324, -0.772219296347621, -0.37879947194723407], [0.22358030216652452, -0.5443036842615101, 0.808545204538665]]	0.6712653794426459	0.32873462055735425	[[-0.5575235939383074, 0.2199978016729305, 0.30226746285280265], [-0.34240346121485593, -0.5183640789757187, -0.25427497126933385], [0.1500817163697135, -0.3653722191478326, 0.5427484035211786]]	0.7720529545884927	0.3823234278158049	[[-0.6094693503790085, 0.2419870011890992, 0.19749548645758985], [-0.5672352780216844, -0.6252956765499063, -0.3039441798926898], [0.17759750316943165, -0.27153228376725097, 0.5889892790891642]]	[[0.03176398465498251, -0.011042512899034325, -0.15015612037075385], [-0.1734214273628738, -0.029101487214478708, -0.01149092837926691], [0.004981670293978448, 0.14869898386024993, -0.03525043499326909]]	0.452616142456986	[[-0.5699794077000704, 0.40303630432141163, 0.4030363043214115], [-0.7071067811865475, -0.5000000000000001, -0.5], [0.0, -0.5699794077000704, 0.5699794077000704]]
8	[[0.8787972042104137, -0.3840163418041313, 0.28327887866788265], [-0.395223040501579, -0.9183905790867732, -0.018907472103605397], [0.2674214316928388, -0.09534250611366366, -0.9588511794847616]]	0.6928143838114719	0.30718561618852824	[[0.6088433435302819, -0.26605204522056475, 0.19625968177109382], [-0.27381620727319783, -0.6362742031482637, -0.013099368634891972], [0.1852734144162557, -0.06605465962417936, -0.6643058890816381]]	0.8291780660408702	0.2800829517429364	[[0.6563780383998559, -0.26881455900141954, 0.16999563506697932], [-0.3179925484590533, -0.8544946217773829, -0.03328850904421578], [0.16050777841059807, -0.05344395260701769, -0.7550753211613159]]	[[-0.07230132782945865, 0.04960336862381984, -0.06489299769708191], [0.009717727918838522, -0.0929852975400574, -0.017610847891626556], [-0.061232207138350626, 0.025611962223799793, 0.03998304546486604]]	0.4187907464191184	[[0.5008223062926485, -0.3541348489490178, 0.35413484894901776], [-0.5, -0.8535533905932737, -0.14644660940672619], [0.35413484894901776, -0.1037236958026936, -0.604546002095342]]
8	[[0.22433838825039393, -0.7661379269479729, -0.6022499185961573], [-0.9416906372873723, -0.011392912655017143, -0.3362869982418849], [0.2507808429735371, 0.642575192824231, -0.724020780340167]]	0.6628233272854674	0.33717667271453255	[[0.14869671693798514, -0.5078140898992458, -0.3991852949013069], [-0.6241745214803884, -0.007551488273471199, -0.22289886709752832], [0.16622339275917422, 0.4259138273388576, -0.4798978626488901]]	0.7550501895241627	0.41585652330455714	[[0.2037161782278898, -0.5116042844016583, -0.3684385365940511], [-0.8189384225920633, 0.05341821816709488, -0.20318812785055218], [0.1710006100039112, 0.3684385365940511, -0.42498567829455375]]	[[0.03432943566188461, 0.0668683025420577, 0.08629037858288899], [-0.10791472843510334, 0.06202043902649785, 0.05072543390649476], [-0.01835151301228731, -0.11673798453141, 0.12168634912072146]]	0.39193555843215266	[[0.11306503393148447, -0.6589913106266118, -0.38602817227904795], [-0.8535533905932738, 0.14644660940672602, -0.5], [0.38602817227904795, 0.38602817227904807, -0.5459262766951275]]
8	[[-0.30792515101507295, 0.09349718223056193, 0.9468053539599837], [0.3027085282091916, -0.9338174967034747, 0.1906631317268273], [0.9019698710720718, 0.34531602882779927, 0.2592434992682147]]	0.7234651232684775	0.27653487673152277	[[-0.2227731073365843, 0.06764195046768878, 0.6849806521139141], [0.21899906267528219, -0.6755843903628405, 0.13793812609750308], [0.652543743959609, 0.24982410336248492, 0.1875536301546304]]	0.831800740534749	0.2793953505930618	[[-0.2369861417548066, 0.07362538896962993, 0.7287345813816539], [0.2467437517711939, -0.8487111125204383, 0.11849993221830124], [0.666814326961946, 0.2536107416214965, 0.16336075278517667]]	[[0.019146226888805472, -0.00414563644766385, -0.05881881318452549], [-0.005049426159395621, -0.07196102723818248, -0.0400938019447481], [-0.08344487973583534, -0.03362338687598564, -0.05227818188494396]]	0.42894452366949437	[[-0.38602817227904795, -0.11306503393148433, 0.6589913106266119], [0.5, -0.8535533905932737, 0.14644660940672619], [0.5459262766951275, 0.38602817227904807, 0.38602817227904795]]
8	[[0.04673222253661188, -0.9725397674033924, -0.22799671093185395], [-0.8377629715199755, -0.16246744520517667, 0.5213036857710898], [-0.5440306084466285, 0.16664552219444034, -0.8223502702654952]]	0.667130444020829	0.33286955597917095	[[0.03117648837093011, -0.648810886855739, -0.15210354699925632], [-0.5588971831743303, -0.10838697885865925, 0.34777755935816185], [-0.36293938137392107, 0.11117430121565988, -0.5486149009428686]]	0.7620689060784372	0.3914660620486452	[[-0.010019624211878244, -0.8059411566952066, -0.12685531545890905], [-0.6876799227397858, -0.1483045806185925, 0.27275343840652705], [-0.27310830384545604, 0.0314103193210122, -0.5866169395320525]]	[[-0.045632797918968265, -0.06479884003232567, 0.046893888630410635], [-0.04924681148053712, -0.02449319237772498, -0.1245158911437048], [0.14148050680665286, -0.0955850514805749, 0.04007063134248051]]	0.38748285413612704	[[-0.11306503393148447, -0.6589913106266118, -0.38602817227904795], [-0.8535533905932738, -0.14644660940672602, 0.5], [-0.38602817227904795, 0.38602817227904807, -0.5459262766951275]]
8	[[-0.42203838922340475, -0.825029846081567, 0.3757783270710803], [0.2588054115689476, 0.28760896992378115, 0.9221175843470338], [-0.8688517462515349, 0.4864224845687207, 0.09214016247897017]]	0.669099693492359	0.33090030650764113	[[-0.282385756871389, -0.5520272171352247, 0.2514331634643312], [0.1731666215549467, 0.19243907362165508, 0.6169885930505148], [-0.5813484371072029, 0.3254651353327227, 0.06165095447301511]]	0.818125525786678	0.30062082761147163	[[-0.2628702083964377, -0.5787173972026678, 0.3136545646281821], [0.26353438206925206, 0.23527101321510172, 0.8287364543170833], [-0.6736682273412777, 0.34796851293795533, 0.023786100920128818]]	[[0.08241017068912299, 0.09626057941251628, 0.006220723213916222], [0.05179906865296918, -2.9226524756639435e-05, 0.074328520786025], [0.037161564391432436, -0.04998613800429165, -0.0515961179540486]]	0.5197077395574546	[[-0.42079380279955264, -0.42079380279955275, 0.5950923028816772], [0.5, 0.5000000000000001, 0.7071067811865475], [-0.5950923028816772, 0.5950923028816771, 0.0]]
8	[[0.3802729664721569, 0.7767473726770865, -0.5020517802076895], [0.4287143634067757, 0.332951791095048, 0.839849450446521], [0.8195098935212374, -0.5346088512602871, -0.20639019011321075]]	0.6789561554701496	0.3210438445298507	[[0.2581886713451648, 0.5273774099243743, -0.34087114653675743], [0.29107825597349707, 0.22605966803879415, 0.5702209540488876], [0.5564112866749311, -0.3629759703319976, -0.1401298900060189]]	0.8177330131231203	0.2903985781032124	[[0.3473338412770794, 0.5386613852361535, -0.4180737830363554], [0.40798364812326804, 0.2948998931630261, 0.7141678871672341], [0.6090959788188668, -0.4180737830363554, -0.07343579414539697]]	[[0.03637208259453523, -0.09651058425854772, -0.007529468063294936], [0.05740975996548486, 0.022634221806132844, 0.027395265483803763], [-0.06104431569446214, 0.019093523747009285, 0.09533627789493253]]	0.40067108110114635	[[0.42079380279955264, 0.42079380279955275, -0.5950923028816772], [0.5, 0.5000000000000001, 0.7071067811865475], [0.5950923028816772, -0.5950923028816771, 0.0]]
8	[[0.5319609947059123, -0.8460851799387872, 0.03402011756955908], [-0.703274286200726, -0.4190807785627857, 0.5742617690636116], [-0.47161719485230363, -0.3294103357928521, -0.8179645788128509]]	0.6991742178534691	0.30082578214653083	[[0.3719334124020597, -0.5915609439211134, 0.02378598909297952], [-0.49171124899084934, -0.2930104755690586, 0.4015090232282001], [-0.3297425833371066, -0.230315213880816, -0.5718997446233174]]	0.778320265975236	0.26758191088123606	[[0.4397096360984859, -0.639453224129738, 0.005186669783101367], [-0.6083655902495675, -0.38103998879879375, 0.5442954149728163], [-0.31420771581174756, -0.3068726570609349, -0.6366384085399398]]	[[0.025673613210529075, 0.01907201815792415, -0.021291877172146645], [-0.060992960760274266, -0.05486092576269741, 0.09733584213581654], [0.05286150472419209, -0.05048591689165048, 8.362380344120684e-18]]	0.3725385524927002	[[0.5699794077000704, -0.5699794077000704, 0.0], [-0.5, -0.5000000000000001, 0.7071067811865475], [-0.4030363043214115, -0.40303630432141163, -0.5699794077000704]]
8	[[0.08740825448676931, -0.06334395238859675, -0.994156597696443], [0.7119981850616444, -0.6940087028176986, 0.10681996481098455], [-0.6967197295301035, -0.717174639895393, -0.015561310176609944]]	0.7708104764002485	0.2291895235997516	[[0.06737519828226081, -0.04882618211772892, -0.7663063206868456], [0.5488156602234785, -0.5349491788448286, 0.08233794796501279], [-0.5370388666365514, -0.5528057258399445, -0.011994820910644745]]	0.9074185343847253	0.1563736760271662	[[0.054215112722776335, -0.05421511272277635, -0.8418949566186751], [0.6822918239342232, -0.6705338596724063, 0.09110370350993431], [-0.6092441769234974, -0.6193389423655119, 0.0]]	[[-0.02510075745673498, 0.0032643637158199256, 0.06022116621193605], [0.03621147436100138, -0.040777499711326014, -0.00582671240187721], [0.0229722189236312, 0.03143861826625874, 0.014120621273565505]]	0.18200301438193062	[[0.0, 0.0, -0.878667368552], [0.7071067811865475, -0.7071067811865476, 0.0], [-0.6213116547104586, -0.6213116547104586, 0.0]]
