8	[[0.8592155572171323, 0.2624339665249735, -0.4391776855101157], [-0.4266000482917053, 0.8413623931712975, -0.33184593135155627], [0.2824199444684594, 0.4724804086637203, 0.8348660002631537]]	0.5819504096132927	0.4180495903867073	[[0.5000208454686238, 0.15272355431564943, -0.25557963397562966], [-0.2482600728444083, 0.48963118933925676, -0.19311787567854286], [0.16435440236638338, 0.274960167356108, 0.48585061082535375]]	0.7529048665475301	0.4376059347426736	[[0.47993675925821555, 0.19278594995426354, -0.2888882492650223], [-0.3528376960944293, 0.7490860134048158, -0.2529222533327653], [0.24053584429535524, 0.31977931633315626, 0.4756867895423299]]	[[-0.16697081518391121, -0.004801860589760621, 0.04177076743462454], [-0.03164844366619304, 0.11562017305606975, -0.0030738366741809575], [0.027900493694968956, -0.035953482698124574, -0.15288788497087005]]	0.5304185866727799	[[0.5918941294517339, -0.10155297763588472, -0.34672355354380924], [-0.14644660940672619, 0.8535533905932737, -0.5], [0.34672355354380924, 0.3467235535438093, 0.49034115181584914]]
8	[[0.5319609947059123, -0.8460851799387872, 0.03402011756955908], [-0.703274286200726, -0.4190807785627857, 0.5742617690636116], [-0.47161719485230363, -0.3294103357928521, -0.8179645788128509]]	0.6017621434110239	0.3982378565889761	[[0.3201139883852901, -0.5091420313882664, 0.02047201886775292], [-0.4232038418700067, -0.2521869475703026, 0.3455689930307253], [-0.2838013740438167, -0.19822666972845177, -0.4922201181807164]]	0.7260297367799803	0.4604544384079974	[[0.44728239258304014, -0.5806789317141685, 0.09099939650975122], [-0.5153582911497075, -0.3506770805973116, 0.3393865060534831], [-0.2474041482063788, -0.10726865963779725, -0.525284166163825]]	[[0.06106289161949011, 0.033604068770231435, 0.06629977950550028], [-0.004760246255265881, -0.04641197324782303, -0.07754461498257664], [0.09500395963315189, 0.1318930397504921, 0.06858244168701644]]	0.4442694986083586	[[0.49034115181584914, -0.4903411518158491, 0.0], [-0.5, -0.5000000000000001, 0.7071067811865475], [-0.34672355354380924, -0.3467235535438093, -0.49034115181584914]]
8	[[-0.30792515101507295, 0.09349718223056193, 0.9468053539599837], [0.3027085282091916, -0.9338174967034747, 0.1906631317268273], [0.9019698710720718, 0.34531602882779927, 0.2592434992682147]]	0.6276496480057454	0.3723503519942546	[[-0.19326911264672655, 0.058683473516541254, 0.5942620471429391], [0.18999490117883636, -0.5861102231075422, 0.11966964751601623], [0.5661210720901735, 0.21673748394451006, 0.16271409106347265]]	0.8076778985599095	0.3006181350338954	[[-0.20579767621057177, 0.06917722717648138, 0.7149424505791653], [0.2531627039358328, -0.8446594672950561, 0.1218625169067039], [0.6551938639309828, 0.24207722109901103, 0.1366204490340904]]	[[0.04290666267502512, -0.006338380488771807, -0.04977130805250554], [0.008671715995669882, -0.0904357139191185, -0.0321318806592712], [-0.07330726610086062, -0.036826903403679, -0.0727647956701787]]	0.4800966866326623	[[0.0, 0.0, 0.9294], [0.0, -1.0, 0.0], [0.9294, 0.0, 0.0]]
8	[[0.3802729664721569, 0.7767473726770865, -0.5020517802076895], [0.4287143634067757, 0.332951791095048, 0.839849450446521], [0.8195098935212374, -0.5346088512602871, -0.20639019011321075]]	0.5858421638649167	0.41415783613508356	[[0.22277993753737935, 0.45505136158553317, -0.2941231012891063], [0.2511589503381958, 0.1950571977578226, 0.4920192193703511], [0.4801034493291892, -0.313196406243664, -0.12091207557641492]]	0.7696654643626264	0.3508300511362931	[[0.3075461963393152, 0.4632176001095396, -0.37069058897345286], [0.40662296739336945, 0.3115588363381095, 0.7168631258391963], [0.5610161021534996, -0.3917952207380328, -0.043140781181285455]]	[[0.014863227014969008, -0.1346180271744202, 0.015721327574181748], [0.07665632780296566, 0.0552973414345712, 0.07046000856657816], [-0.06973236059328998, 0.019674749019586317, 0.11571062033208963]]	0.44314909494069643	[[0.37306171029030477, 0.3730617102903048, -0.5275889302946516], [0.5, 0.5000000000000001, 0.7071067811865475], [0.5275889302946516, -0.5275889302946515, 0.0]]
8	[[-0.3195682178843842, -0.5708200961323295, -0.7563336379995778], [0.910087742671785, 0.03735879733279218, -0.41272826520656647], [0.2638493031197415, -0.8202248094963509, 0.507557688474819]]	0.5597880056649008	0.44021199433509917	[[-0.17889045536338596, -0.3195382432073637, -0.42338649883306273], [0.50945620245031, 0.020913006652962935, -0.2310403324615182], [0.14769967518947397, -0.4591520103048355, 0.28412470619120594]]	0.7004406943706663	0.4759188288581933	[[-0.23524435918917902, -0.3792928248710278, -0.407259953467842], [0.7884574193357247, 0.014202016178497923, -0.21742524837845137], [0.16222607004071876, -0.40725995346784194, 0.3145081588782348]]	[[-0.01140577475544461, 0.020532799624631573, 0.12250690510847437], [0.15099492892046734, -0.011965605766136006, 0.07166642428923652], [-0.02258471904568927, 0.16725888163582936, -0.04100590087023776]]	0.4789737203729182	[[-0.299494382794765, -0.29949438279476503, -0.42354901800291606], [0.8535533905932738, -0.14644660940672602, -0.5], [0.08771987379330709, -0.511268891796223, 0.299494382794765]]
8	[[0.08740825448676931, -0.06334395238859675, -0.994156597696443], [0.7119981850616444, -0.6940087028176986, 0.10681996481098455], [-0.6967197295301035, -0.717174639895393, -0.015561310176609944]]	0.6653658604394999	0.3346341395605001	[[0.058158468456104034, -0.04214690338467739, -0.6614778600378997], [0.4737392850349035, -0.46176969770279913, 0.07107435779857782], [-0.46357352232397303, -0.4771835213593867, -0.010353964535226018]]	0.8608449361657322	0.2312790327070536	[[0.049921182646394495, -0.04992118264639451, -0.7663914526814438], [0.6745490314312103, -0.6658272099357423, 0.09462136102536149], [-0.5509949968319906, -0.5584146299829217, 0.0]]	[[-0.025323770607626507, 0.0046081380040522354, 0.08942322020129231], [0.0616289992617017, -0.06839333246017777, 0.0026659352364237464], [0.04877265426075748, 0.05896152711751002, 0.013395875065638944]]	0.24108099161284546	[[0.0, 0.0, -0.802801184184], [0.7071067811865475, -0.7071067811865476, 0.0], [-0.567666161281097, -0.5676661612810969, 0.0]]
8	[[0.034229894132735264, 0.2773841392786001, 0.9601491309293217], [-0.1827544195208179, -0.9427759796974285, 0.2788803941677556], [0.9825625356654255, -0.18501754344446375, 0.018422055382213542]]	0.7866648508572066	0.2133351491427935	[[0.026927454562786154, 0.2182083525557546, 0.7553155728831915], [-0.14376647817583957, -0.7416487254604344, 0.21938540368497644], [0.7729474105771207, -0.14554679821970584, 0.014491983449732217]]	0.8810081489425485	0.18290984501623883	[[0.009185165058406915, 0.21669383237392106, 0.79838981011213], [-0.16756686080106029, -0.8243819564041348, 0.2564126018455068], [0.8284823969754959, -0.14784852098132015, 0.0]]	[[-0.020971650609973587, -0.0276838547179405, -0.04750939843670837], [-0.006558727947954592, 0.006211364336594416, 0.010716702003404084], [-0.037163203791397544, 0.015153442490584427, -0.016229980912001066]]	0.36952193111981	[[0.0, 0.0, 0.9294], [0.0, -1.0, 0.0], [0.9294, 0.0, 0.0]]
8	[[0.8787972042104137, -0.3840163418041313, 0.28327887866788265], [-0.395223040501579, -0.9183905790867732, -0.018907472103605397], [0.2674214316928388, -0.09534250611366366, -0.9588511794847616]]	0.6084132633967534	0.3915867366032466	[[0.5346718748776009, -0.23364063571473462, 0.17235062702169948], [-0.240458939841153, -0.5587610092950178, -0.01150355680513765], [0.16270274595847203, -0.05800764528503903, -0.58337777522215]]	0.804095019921347	0.3198252801927806	[[0.6198174863998073, -0.2381300325964893, 0.1792115789441269], [-0.3218198402082436, -0.8583455815616754, -0.02016417795563278], [0.1627039622468217, -0.057270413663423114, -0.7112396101448182]]	[[-0.08681896902658949, 0.07065559541662651, -0.048571556641621084], [-0.0040229615827511375, -0.11987229057531902, -0.004960773797821883], [-0.05232827919762664, 0.019394020689394442, 0.059767848124588276]]	0.5035577168753144	[[0.6107877784388821, -0.610787778438882, 0.0], [-0.7071067811865475, -0.7071067811865476, 0.0], [0.0, 0.0, -0.86378436]]
8	[[0.8489524140446696, -0.5135124485683378, 0.12483895166604869], [0.522794976890395, 0.7815435453534784, -0.34040431673891397], [0.0772347773085365, 0.35425224329800037, 0.9319550081910795]]	0.6975442220978562	0.30245577790214384	[[0.5921818512528861, -0.3581976414741665, 0.08708068942740582], [0.36467261547167723, 0.5451611843791929, -0.23744706431839796], [0.05387467265658426, 0.24710660547772414, 0.6500798312188478]]	0.8537049114407641	0.24561134212569133	[[0.6723091426568809, -0.4211410319031276, 0.0539137151427568], [0.49331518218612597, 0.6649436424407317, -0.315582420392789], [0.022034800698226276, 0.26009202061647174, 0.7444873843498098]]	[[-0.052445702792546726, 0.017247067525635082, -0.05266191103366513], [0.04700254273823498, -0.002263920732360411, -0.024977583317140603], [-0.043900908024105026, -0.04233485937593971, -0.051127183384732336]]	0.4509915988447603	[[0.6571850424347773, -0.6571850424347773, 0.0], [0.7071067811865475, 0.7071067811865476, 0.0], [0.0, 0.0, 0.9294]]
8	[[-0.5446221603179724, 0.8109226453022452, -0.2139887049042392], [-0.8354447797583356, -0.5021691245819775, 0.22328947644507607], [0.07361197229480154, 0.30038414347728, 0.9509735242804028]]	0.6272120794613221	0.3727879205386779	[[-0.3415935976937529, 0.5086204786422975, -0.13421630058422304], [-0.5240010575873321, -0.3149665408703337, 0.14004985684294605], [0.046170318216271704, 0.18840456326759294, 0.5964620816765736]]	0.7795538527669961	0.3191855658540386	[[-0.45432333994605223, 0.5979451106141535, -0.09488896802693372], [-0.7331935135608275, -0.39885640047670784, 0.10159475592240531], [0.07118856169820052, 0.0995026331306104, 0.7168544806824402]]	[[-0.029761036567892314, -0.03421276182721589, 0.07192675132978574], [-0.08191931672614274, -0.007388524668197839, -0.07247141572267915], [0.013804065086010616, -0.1346629832272173, -0.024480594049756155]]	0.4278343800753233	[[-0.6107877784388821, 0.610787778438882, 0.0], [-0.7071067811865475, -0.7071067811865476, 0.0], [0.0, 0.0, 0.86378436]]
8	[[-0.42203838922340475, -0.825029846081567, 0.3757783270710803], [0.2588054115689476, 0.28760896992378115, 0.9221175843470338], [-0.8688517462515349, 0.4864224845687207, 0.09214016247897017]]	0.5752873697445461	0.42471263025545397	[[-0.24279335486755751, -0.4746292501130124, 0.21618052538772758], [0.14888748449715455, 0.16545780782239033, 0.5304825996941998], [-0.49983943579900136, 0.2798327117321464, 0.05300707172036187]]	0.766478992231867	0.37763694860330776	[[-0.23724059703195677, -0.5088828235486529, 0.2849343151627097], [0.2700343949631179, 0.23614284745880665, 0.8277791751117207], [-0.5923381522670657, 0.31022159251539655, 0.02528727735268699]]	[[0.08624296222315894, 0.12348522143715907, -0.0030918782733088844], [0.0716654839195973, 0.015696614034781495, 0.12099541834212262], [0.07361845859870864, -0.06261102325575739, -0.04533622152827455]]	0.558789997809513	[[-0.37306171029030477, -0.3730617102903048, 0.5275889302946516], [0.5, 0.5000000000000001, 0.7071067811865475], [-0.5275889302946516, 0.5275889302946515, 0.0]]
8	[[-0.8305561570912853, 0.32773595720904825, 0.4502950280316503], [-0.5100865793185324, -0.772219296347621, -0.37879947194723407], [0.22358030216652452, -0.5443036842615101, 0.808545204538665]]	0.5593258702391513	0.4406741297608486	[[-0.4645515453475684, 0.18331119947461216, 0.2518616584181659], [-0.28530461987465006, -0.4319222299450982, -0.2118723442930177], [0.12505424707762375, -0.3044431318739454, 0.45224025015628133]]	0.7388693772690301	0.41780203783938724	[[-0.5086642780079379, 0.19122790229007808, 0.2551616484402761], [-0.4483117974772865, -0.6763345176431569, -0.267504919215585], [0.15596081647476068, -0.36988418611133705, 0.48493182333931795]]	[[0.10500823256905895, -0.050926160321640906, -0.0775475585088098], [-0.07142444426291272, -0.10576532703566145, 0.012378410731905282], [-0.009235822156640908, 0.032285138124203624, -0.11247746843202604]]	0.5179302009489672	[[-0.49034115181584914, 0.3467235535438093, 0.34672355354380924], [-0.7071067811865475, -0.5000000000000001, -0.5], [0.0, -0.4903411518158491, 0.49034115181584914]]
8	[[0.22433838825039393, -0.7661379269479729, -0.6022499185961573], [-0.9416906372873723, -0.011392912655017143, -0.3362869982418849], [0.2507808429735371, 0.642575192824231, -0.724020780340167]]	0.5440770697075626	0.45592293029243736	[[0.12205737290219179, -0.4168380782856798, -0.32767037094141543], [-0.5123522825063608, -0.0061986225327759215, -0.18296604458419696], [0.13644410618383446, 0.34961042797857966, -0.39392310457486096]]	0.7120763672498845	0.47111020579768453	[[0.18540937969445187, -0.45896501010539925, -0.33244263576163735], [-0.8203135361954854, 0.04879884032440776, -0.1998996052949632], [0.1491497772753917, 0.3324426357616373, -0.3866143124906323]]	[[0.025663315154417193, 0.08658370172807067, 0.09640529844885301], [-0.1497578881226648, 0.05691146418018758, 0.03956241876648648], [-0.02942533436506829, -0.12511997322953522, 0.1289437745874204]]	0.47651170280829025	[[0.09438333741479137, -0.5501064039124414, -0.3222448706636163], [-0.8535533905932738, 0.14644660940672602, -0.5], [0.3222448706636163, 0.32224487066361635, -0.45572306649765015]]
8	[[0.04673222253661188, -0.9725397674033924, -0.22799671093185395], [-0.8377629715199755, -0.16246744520517667, 0.5213036857710898], [-0.5440306084466285, 0.16664552219444034, -0.8223502702654952]]	0.5574962858350668	0.44250371416493317	[[0.026053040492978893, -0.5421873081542911, -0.12710731952711998], [-0.46704974503253516, -0.09057499727099821, 0.2906248686095133], [-0.3032950435895869, 0.0929042596744457, -0.45845722132847705]]	0.7212248181463483	0.4459109697932177	[[-0.008717380024985554, -0.7426351950242264, -0.1160641498080471], [-0.6793285045111819, -0.14090100167542732, 0.2719873701844843], [-0.2532287244023252, 0.01232823705969473, -0.53598614962213]]	[[-0.04242181872552804, -0.04121537813862264, 0.048372736571744845], [-0.07511305772694318, -0.023725448052622056, -0.10398978578479108], [0.13913965224064162, -0.10786064937989376, 0.057113274502702205]]	0.45675500764242605	[[-0.09438333741479137, -0.5501064039124414, -0.3222448706636163], [-0.8535533905932738, -0.14644660940672602, 0.5], [-0.3222448706636163, 0.32224487066361635, -0.45572306649765015]]
