8	[[0.22433838825039393, -0.7661379269479729, -0.6022499185961573], [-0.9416906372873723, -0.011392912655017143, -0.3362869982418849], [0.2507808429735371, 0.642575192824231, -0.724020780340167]]	0.9057827217485196	0.0942172782514804	[[0.20320183590211796, -0.6939544967057034, -0.5455075704388517], [-0.8529671084872542, -0.010319503433304626, -0.3046029525561742], [0.2271529545109585, 0.5820335070844118, -0.6558055130190036]]	0.9117282509279553	0.08626634218500621	[[0.19419618332611785, -0.7146459799049121, -0.5466871000352455], [-0.8686231825512479, -0.006332832552857718, -0.3233118688395491], [0.24175200852793938, 0.5761416873676156, -0.6704496627044444]]	[[-0.010339463009410431, -0.016136387799067044, 0.002401164867932572], [-0.010057224902000388, 0.004054407775076061, -0.016709512122662924], [0.013108029197438196, -0.009712269275714155, -0.010339463009410431]]	0.2987329727279036	[[0.14142359536879384, -0.8242771193266069, -0.48285035734770015], [-0.8535533905932738, 0.14644660940672602, -0.5], [0.48285035734770015, 0.48285035734770027, -0.6828535239578132]]
8	[[0.08740825448676931, -0.06334395238859675, -0.994156597696443], [0.7119981850616444, -0.6940087028176986, 0.10681996481098455], [-0.6967197295301035, -0.717174639895393, -0.015561310176609944]]	0.9409218433450739	0.05907815665492603	[[0.08224433593526631, -0.05960170844624104, -0.9354236584782043], [0.6699346447465496, -0.6530079479527526, 0.10050923819600752], [-0.6555588122043463, -0.6748052841707128, -0.014641976656240282]]	0.9639870734583431	0.058625060167437563	[[0.06594560703032125, -0.058618950913418365, -0.9402324924114248], [0.6808932349326577, -0.6727388645583319, 0.0901538874030385], [-0.679828809237635, -0.6981570941899266, -0.005180728223683942]]	[[-0.018314820408481598, 0.0024438003709496385, 0.01812161676127258], [-0.005463811792568632, -0.003723446174477711, -0.01281917786202568], [-0.00819999614722208, -0.006810011918625358, 0.009820173632643814]]	0.11731573163353164	[[0.0, 0.0, -0.9827007248879999], [0.7071067811865475, -0.7071067811865476, 0.0], [-0.6948743464452406, -0.6948743464452405, 0.0]]
8	[[-0.42203838922340475, -0.825029846081567, 0.3757783270710803], [0.2588054115689476, 0.28760896992378115, 0.9221175843470338], [-0.8688517462515349, 0.4864224845687207, 0.09214016247897017]]	0.8654357968112006	0.13456420318879941	[[-0.36524712966247286, -0.7140103622366232, 0.3252120159131403], [0.22397946758022289, 0.2489070980560362, 0.7980335663629948], [-0.7519354033280002, 0.4209674305196147, 0.07974139493330101]]	0.8782799376657359	0.1982090078887526	[[-0.29800923301893767, -0.6795310812783257, 0.3526899156681522], [0.25616617940202235, 0.23291422944689644, 0.8294571152746871], [-0.7894336975698322, 0.39923540735369045, 0.02221329169409529]]	[[0.07265861716074183, 0.04507608051056437, 0.02265134999202928], [0.028862578661691958, -0.019686958729868646, 0.019579740773895425], [-0.02633864003126821, -0.027979702072538006, -0.058711564464445413]]	0.4809111063018187	[[-0.4885005303418246, -0.4885005303418247, 0.6908440752358582], [0.5, 0.5000000000000001, 0.7071067811865475], [-0.6908440752358582, 0.6908440752358581, 0.0]]
8	[[0.8489524140446696, -0.5135124485683378, 0.12483895166604869], [0.522794976890395, 0.7815435453534784, -0.34040431673891397], [0.0772347773085365, 0.35425224329800037, 0.9319550081910795]]	0.88519293090141	0.11480706909859015	[[0.7514866755840285, -0.4545575894025665, 0.11050655751592912], [0.4627744178541438, 0.6918168215385249, -0.30132349482561116], [0.06836767889326115, 0.3135815815233564, 0.824959985168909]]	0.9206232840186475	0.13628468978655867	[[0.775697590304333, -0.48610511791348077, 0.06401411548608178], [0.5077445039011279, 0.6699030274973194, -0.2891800840131422], [0.023737976955182264, 0.3002911079328518, 0.8595745662091064]]	[[-0.005867769089029031, -0.013353601128040904, -0.05091553017016116], [0.02644727540783954, -0.04960415782957649, 0.02420405595716061], [-0.047366157371051536, -0.025841755663126117, 0.0015950860106095056]]	0.42878055050793507	[[0.7030055618556655, -0.7030055618556654, 0.0], [0.7071067811865475, 0.7071067811865476, 0.0], [0.0, 0.0, 0.9942]]
8	[[-0.30792515101507295, 0.09349718223056193, 0.9468053539599837], [0.3027085282091916, -0.9338174967034747, 0.1906631317268273], [0.9019698710720718, 0.34531602882779927, 0.2592434992682147]]	0.8956468013948051	0.10435319860519476	[[-0.2757921765756624, 0.08374045220423001, 0.8480031868177357], [0.2711199250454916, -0.8363706540089714, 0.17076682407504928], [0.8078464299801861, 0.3092811966899747, 0.23219061090197302]]	0.8956468013948051	0.10435319860519501	[[-0.27579217657566246, 0.08374045220423, 0.8480031868177358], [0.2711199250454916, -0.8363706540089709, 0.17076682407504928], [0.8078464299801861, 0.30928119668997484, 0.23219061090197304]]	[[0.0, 0.0, 0.0], [0.0, 0.0, 0.0], [0.0, 0.0, 0.0]]	0.36991471353448346	[[-0.48285035734770015, -0.14142359536879368, 0.824277119326607], [0.5, -0.8535533905932737, 0.14644660940672619], [0.6828535239578132, 0.48285035734770027, 0.48285035734770015]]
8	[[0.3802729664721569, 0.7767473726770865, -0.5020517802076895], [0.4287143634067757, 0.332951791095048, 0.839849450446521], [0.8195098935212374, -0.5346088512602871, -0.20639019011321075]]	0.8810896435758598	0.1189103564241403	[[0.33505457249048765, 0.6843840657405398, -0.44235262407981907], [0.3777357856499277, 0.29336037494387995, 0.7399826529513072], [0.7220616799895178, -0.47103832220942626, -0.1818482590444028]]	0.8813890901056054	0.20327895251858968	[[0.34313800338531303, 0.6536731982387618, -0.4425029617431548], [0.4037915831712182, 0.30206769226347135, 0.721328951719054], [0.7010909579134457, -0.45475971689790845, -0.08963774087735253]]	[[0.007969559474659247, -0.03094346180701502, -9.539258651830053e-19], [0.025927420492916242, 0.00860761606117546, -0.018905191235697776], [-0.02121612146977936, 0.016438692076799016, 0.0922723209932532]]	0.3680103937733953	[[0.4885005303418246, 0.4885005303418247, -0.6908440752358582], [0.5, 0.5000000000000001, 0.7071067811865475], [0.6908440752358582, -0.6908440752358581, 0.0]]
8	[[0.034229894132735264, 0.2773841392786001, 0.9601491309293217], [-0.1827544195208179, -0.9427759796974285, 0.2788803941677556], [0.9825625356654255, -0.18501754344446375, 0.018422055382213542]]	0.8947537975086983	0.10524620249130173	[[0.030627327763585586, 0.24819051198820916, 0.8590970810736871], [-0.1635202108777496, -0.8435523880342576, 0.249529291732322], [0.8791515600764155, -0.16554514960266453, 0.01648320401115113]]	0.9336684560645669	0.12251500620524654	[[0.011974986584769354, 0.24399788840196318, 0.8876518792920179], [-0.1632356842316058, -0.828015645101456, 0.2519712778804469], [0.9219156694798876, -0.16623798328474954, 0.0]]	[[-0.01998438582139516, -0.014986932655086204, -0.008809077374497641], [0.007396352481372407, 0.0522245482774017, -0.00841054916883939], [0.00452802381826377, 0.006507060847901857, -0.01720009200624727]]	0.3408162935576968	[[0.0, 0.0, 0.9942], [0.0, -1.0, 0.0], [0.9942, 0.0, 0.0]]
8	[[0.8592155572171323, 0.2624339665249735, -0.4391776855101157], [-0.4266000482917053, 0.8413623931712975, -0.33184593135155627], [0.2824199444684594, 0.4724804086637203, 0.8348660002631537]]	0.8993369220632874	0.10066307793671256	[[0.7727242746165482, 0.23601655569942942, -0.3949687079255459], [-0.383657174382712, 0.7566682650144761, -0.29844129850093365], [0.25399068358754884, 0.42491907646283444, 0.7508258190119524]]	0.8993369220632876	0.10066307793671243	[[0.7727242746165486, 0.23601655569942956, -0.394968707925546], [-0.3836571743827121, 0.7566682650144764, -0.2984412985009336], [0.25399068358754895, 0.4249190764628345, 0.7508258190119524]]	[[0.0, 0.0, 0.0], [0.0, 0.0, 0.0], [0.0, 0.0, 0.0]]	0.31502220716475104	[[0.8147432334247123, 0.13978783915226387, -0.47726553628848795], [-0.2499999999999999, 0.9571067811865475, -0.14644660940672619], [0.43632262612820427, 0.23863276814424395, 0.8147432334247123]]
8	[[0.8787972042104137, -0.3840163418041313, 0.28327887866788265], [-0.395223040501579, -0.9183905790867732, -0.018907472103605397], [0.2674214316928388, -0.09534250611366366, -0.9588511794847616]]	0.8829324845697355	0.11706751543026475	[[0.7759185989464376, -0.3390605027845025, 0.25011612416836226], [-0.34895526110926434, -0.8108768757985227, -0.01669402132136928], [0.23611506911175392, -0.08418099580804231, -0.8466008542351019]]	0.8838336253306401	0.11220857692654601	[[0.7810517308626287, -0.34247625596069703, 0.24730169791489184], [-0.3525273377616439, -0.8171944024630785, -0.015769136972607425], [0.23328635306645046, -0.08336781839626069, -0.8527052204817727]]	[[0.004341211934907924, -0.0030697003977413653, -0.0030697003977413644], [-0.003215925060934898, -0.005489927479309725, 0.0009419226425600702], [-0.0030697003977413644, 0.0008990944302874037, -0.005240306365195327]]	0.31229189583993633	[[0.6749553942724484, -0.47726553628848806, 0.47726553628848795], [-0.5, -0.8535533905932737, -0.14644660940672619], [0.47726553628848795, -0.13978783915226387, -0.8147432334247123]]
8	[[-0.8305561570912853, 0.32773595720904825, 0.4502950280316503], [-0.5100865793185324, -0.772219296347621, -0.37879947194723407], [0.22358030216652452, -0.5443036842615101, 0.808545204538665]]	0.897548419042137	0.10245158095786294	[[-0.7454643657229959, 0.29415889025624276, 0.4041615905123425], [-0.4578274028419604, -0.6931042085906388, -0.3399908671802362], [0.20067414673852743, -0.488538911287729, 0.72570847005778]]	0.8975484190421372	0.10245158095786308	[[-0.7454643657229959, 0.2941588902562428, 0.4041615905123425], [-0.4578274028419605, -0.6931042085906388, -0.3399908671802363], [0.2006741467385274, -0.4885389112877291, 0.7257084700577798]]	[[0.0, 0.0, 0.0], [0.0, 0.0, 0.0], [0.0, 0.0, 0.0]]	0.373420909203339	[[-0.6868371795994902, 0.48566722726584216, 0.48566722726584205], [-0.7071067811865475, -0.5000000000000001, -0.5], [0.0, -0.6868371795994901, 0.6868371795994902]]
8	[[-0.5446221603179724, 0.8109226453022452, -0.2139887049042392], [-0.8354447797583356, -0.5021691245819775, 0.22328947644507607], [0.07361197229480154, 0.30038414347728, 0.9509735242804028]]	0.8769506353484929	0.12304936465150697	[[-0.47760674951571475, 0.7111391290162847, -0.18765753072317376], [-0.7326438304076542, -0.4403775328545618, 0.19581384823514178], [0.06455406587318187, 0.2634220654710136, 0.8339568363172949]]	0.8772364388635235	0.12128222773941928	[[-0.48241509429477875, 0.7127336348654125, -0.17977605105133151], [-0.7377005452743981, -0.4487457956942624, 0.19446652266698458], [0.07115500152281025, 0.2588552264637971, 0.8388813177445166]]	[[-0.004652689851281646, 0.0013627413066825648, 0.00794263839588073], [-0.004817941812074965, -0.008224741138755374, -0.0014111424853945538], [0.006579897089198163, -0.0046526898512816465, 0.004652689851281646]]	0.38342083582536496	[[-0.6989281295969026, 0.6989281295969025, 0.0], [-0.7071067811865475, -0.7071067811865476, 0.0], [0.0, 0.0, 0.9884336399999999]]
8	[[0.04673222253661188, -0.9725397674033924, -0.22799671093185395], [-0.8377629715199755, -0.16246744520517667, 0.5213036857710898], [-0.5440306084466285, 0.16664552219444034, -0.8223502702654952]]	0.8892831089778169	0.1107168910221832	[[0.04155817614680137, -0.864863187961052, -0.20275362393419566], [-0.7450084598997779, -0.14447955477974264, 0.46358656240410967], [-0.4837972308585112, 0.14819504807430375, -0.7313022050104475]]	0.890788523370766	0.10691080943366242	[[0.04523967271652421, -0.8699384085339178, -0.19798992293368442], [-0.7526904430830278, -0.1458257711990595, 0.46813255964424844], [-0.48567390231062674, 0.14228130816728746, -0.7361513281526524]]	[[0.003611145209301743, -0.003611145209301744, 0.005106930530693156], [-0.006420802748043714, -0.0011016355889194222, 0.0037612191684815686], [-0.0010576799439551675, -0.0061646104746483224, -0.003611145209301743]]	0.3276822008997647	[[1.9282480472180706e-16, -0.9657007146954005, 0.0], [-0.7071067811865476, -1.3401577416544657e-16, 0.7071067811865475], [-0.6828535239578131, -1.0721431683518029e-16, -0.6828535239578132]]
8	[[0.5319609947059123, -0.8460851799387872, 0.03402011756955908], [-0.703274286200726, -0.4190807785627857, 0.5742617690636116], [-0.47161719485230363, -0.3294103357928521, -0.8179645788128509]]	0.8927405252197171	0.1072594747802829	[[0.4749031378101593, -0.7553345279191718, 0.030371137627084707], [-0.6278414556363577, -0.37413039436362927, 0.5126667533274526], [-0.4210317822350952, -0.2940779561885142, -0.7302301277005092]]	0.8937693279404015	0.1520265230268943	[[0.5396164127494241, -0.7385683808540966, 0.0], [-0.5874240880270686, -0.39282702565991434, 0.5834704502205679], [-0.4007491984091395, -0.3815664246946767, -0.7385683808540967]]	[[0.06416599202061338, 0.01763660180012684, -0.030406137616598262], [0.04114089810831969, -0.018265479851113098, 0.07021289482271757], [0.020767784879141327, -0.08714957025647731, -0.007496728969481342]]	0.291982767721641	[[0.6868371795994902, -0.6868371795994901, 0.0], [-0.5, -0.5000000000000001, 0.7071067811865475], [-0.48566722726584205, -0.48566722726584216, -0.6868371795994902]]
8	[[-0.3195682178843842, -0.5708200961323295, -0.7563336379995778], [0.910087742671785, 0.03735879733279218, -0.41272826520656647], [0.2638493031197415, -0.8202248094963509, 0.507557688474819]]	0.9001067993888208	0.0998932006111794	[[-0.2876455257863023, -0.5137990497564902, -0.6807810501699029], [0.8191761652192975, 0.03362690749623521, -0.371499517812383], [0.23749255175208137, -0.7382899280550654, 0.45685612647825746]]	0.9001067993888207	0.09989320061117946	[[-0.2876455257863023, -0.51379904975649, -0.6807810501699029], [0.8191761652192971, 0.0336269074962352, -0.37149951781238283], [0.23749255175208128, -0.7382899280550654, 0.4568561264782575]]	[[0.0, 0.0, 0.0], [0.0, 0.0, 0.0], [0.0, 0.0, 0.0]]	0.23986976059350534	[[-0.48004982527508344, -0.48004982527508355, -0.6788929735188578], [0.8535533905932738, -0.14644660940672602, -0.5], [0.14060333851565482, -0.8194963120345125, 0.48004982527508344]]
