8	[[-0.5446221603179724, 0.8109226453022452, -0.2139887049042392], [-0.8354447797583356, -0.5021691245819775, 0.22328947644507607], [0.07361197229480154, 0.30038414347728, 0.9509735242804028]]	0.77046837313882	0.22953162686118	[[-0.41961414983553774, 0.6247902512674495, -0.16487152933765226], [-0.6436837803077247, -0.38690542845722165, 0.17203747965565663], [0.056715696537515625, 0.23143648234163783, 0.732695024150412]]	0.84256062796363	0.18631549008764003	[[-0.4760599438544421, 0.6660687388017651, -0.12239285388667885], [-0.7604457485096442, -0.45322509657225046, 0.20800054901455578], [0.046210672645788264, 0.2003855488632015, 0.818435604248505]]	[[-0.01718275445402262, -0.017182754454022616, 0.05790560369456081], [-0.05653287024752435, -0.030117163620513313, 0.019865627523322382], [-0.015811876956561045, -0.05270630369533261, 0.01718275445402262]]	0.39711240367421985	[[-0.6672386583654165, 0.6672386583654164, 0.0], [-0.7071067811865475, -0.7071067811865476, 0.0], [0.0, 0.0, 0.9436179600000001]]
8	[[0.034229894132735264, 0.2773841392786001, 0.9601491309293217], [-0.1827544195208179, -0.9427759796974285, 0.2788803941677556], [0.9825625356654255, -0.18501754344446375, 0.018422055382213542]]	0.8676671896020591	0.1323328103979411	[[0.02970015604252642, 0.2406771165680491, 0.833089898032304], [-0.1585700135729838, -0.818015784728396, 0.241975367842651], [0.8525372739290925, -0.16053365194753472, 0.015984213020178713]]	0.9160515652341271	0.12933733085526522	[[0.00904673924370551, 0.2351751808872251, 0.8558406013892311], [-0.16507513349092004, -0.8265801216293601, 0.2535974888565714], [0.8888425179959754, -0.15924878832091277, 0.0]]	[[-0.0223096088543851, -0.0189229940700577, -0.023705512856760765], [0.002337338564579527, 0.037051290237606976, -0.001871332733911572], [-0.011235430740750472, 0.010236821947161372, -0.016875552667706493]]	0.35056430830161645	[[0.0, 0.0, 0.9714], [0.0, -1.0, 0.0], [0.9714, 0.0, 0.0]]
8	[[0.04673222253661188, -0.9725397674033924, -0.22799671093185395], [-0.8377629715199755, -0.16246744520517667, 0.5213036857710898], [-0.5440306084466285, 0.16664552219444034, -0.8223502702654952]]	0.7328052144389422	0.26719478556105797	[[0.03424561635715022, -0.7126822128024419, -0.16707717864579072], [-0.6139170739937008, -0.11905699102292656, 0.3820140592392944], [-0.39866846668407985, 0.12211870762698637, -0.6026225661458283]]	0.7812219859284064	0.3667038617175282	[[-0.028544189453520982, -0.8358590325541617, -0.14868522438892212], [-0.6846492491429944, -0.14825088038768455, 0.2721183786122135], [-0.28983596586706073, 0.036635902580205514, -0.6073502285064245]]	[[-0.06505242915042127, -0.07608958406893304, 0.029430818910405655], [-0.030170396794876077, -0.021327740195781795, -0.13513552205767518], [0.13517270646945373, -0.0935512432146115, 0.03508788275914742]]	0.3635736999771411	[[-0.12304611781684195, -0.7171653306783964, -0.420105724247619], [-0.8535533905932738, -0.14644660940672602, 0.5], [-0.420105724247619, 0.4201057242476191, -0.5941192128615546]]
8	[[0.8592155572171323, 0.2624339665249735, -0.4391776855101157], [-0.4266000482917053, 0.8413623931712975, -0.33184593135155627], [0.2824199444684594, 0.4724804086637203, 0.8348660002631537]]	0.7679932692329294	0.23200673076707085	[[0.6598717647629783, 0.20154751990927955, -0.337285506469065], [-0.3276259657424723, 0.646160654941266, -0.25485544170032787], [0.21689661644891453, 0.36286177369816114, 0.6411714689135191]]	0.8112031666464712	0.2296137057411387	[[0.7161175202460228, 0.17119297472964928, -0.31527284327158756], [-0.34691378764506625, 0.7355071253829158, -0.3953644066335711], [0.2269921608421775, 0.38379633330415197, 0.6799185393083917]]	[[0.019119139399572944, -0.04169428995100323, 0.040989485934686355], [-0.0008544775792973126, 0.05299128774510585, -0.12616993628244116], [-0.0021077924347573662, 0.0005187296177232232, 0.002672596169447823]]	0.3974377648271527	[[0.676730086317474, 0.11610852668024793, -0.3964193064988608], [-0.2499999999999999, 0.9571067811865475, -0.14644660940672619], [0.3624119063877954, 0.1982096532494304, 0.676730086317474]]
8	[[0.8787972042104137, -0.3840163418041313, 0.28327887866788265], [-0.395223040501579, -0.9183905790867732, -0.018907472103605397], [0.2674214316928388, -0.09534250611366366, -0.9588511794847616]]	0.7575078342692356	0.24249216573076462	[[0.6656957669232895, -0.2908953874040421, 0.21458596987392536], [-0.2993845494636535, -0.6956880585772908, -0.014322558244708116], [0.2025738295588206, -0.07222269531996271, -0.7263372803580037]]	0.8406245565990044	0.2557085135866444	[[0.6879368512320432, -0.30999914989053323, 0.13992707132014645], [-0.35871871918854, -0.8404890219858016, -0.026374847280734342], [0.12812435569959432, -0.05338205571032784, -0.8060338475988102]]	[[-0.05080165889778069, 0.012814417165336326, -0.09820411045390556], [-0.026484526009189775, -0.06846734865628007, -0.010480761927233018], [-0.09667666674226925, 0.02676519621650854, 0.0]]	0.37004504398622107	[[0.5606215596372259, -0.3964193064988609, 0.3964193064988608], [-0.5, -0.8535533905932737, -0.14644660940672619], [0.3964193064988608, -0.11610852668024793, -0.676730086317474]]
8	[[0.8489524140446696, -0.5135124485683378, 0.12483895166604869], [0.522794976890395, 0.7815435453534784, -0.34040431673891397], [0.0772347773085365, 0.35425224329800037, 0.9319550081910795]]	0.8043427688917731	0.19565723110822694	[[0.6828487353700444, -0.41304002474185103, 0.10041330804861584], [0.4205063592747309, 0.6286288992791098, -0.2738017506684903], [0.062123234635087746, 0.2849402302604357, 0.7496112717709679]]	0.8980742008719171	0.171772461891477	[[0.7370819170515652, -0.46526306944064433, 0.0650368360568197], [0.508026130814341, 0.6666765591763377, -0.29668784067901055], [0.021874056091979815, 0.2870061338432399, 0.8183239196255925]]	[[-0.025340343769886448, -0.004090787554852869, -0.04707780569835486], [0.038517449723647075, -0.035207535763592396, 0.00902049404964056], [-0.047488504818904584, -0.031138666463695782, -0.018640829604192242]]	0.4361191136582589	[[0.6868835272446123, -0.6868835272446122, 0.0], [0.7071067811865475, 0.7071067811865476, 0.0], [0.0, 0.0, 0.9714]]
8	[[-0.30792515101507295, 0.09349718223056193, 0.9468053539599837], [0.3027085282091916, -0.9338174967034747, 0.1906631317268273], [0.9019698710720718, 0.34531602882779927, 0.2592434992682147]]	0.7807630590368915	0.21923694096310853	[[-0.24041658286092513, 0.0729991460096632, 0.7392306444703037], [0.23634363648116358, -0.7290902053083775, 0.14886272997259148], [0.7042247556973414, 0.26960999900206395, 0.20240774752407947]]	0.8432585108824995	0.2686916564121719	[[-0.2503905093713956, 0.07667785012861479, 0.7372907887997571], [0.2444206481025657, -0.8497555243578484, 0.11830160266435087], [0.6744528058372803, 0.2601431662856795, 0.17371265924278084]]	[[0.009269994936843553, -0.002164444530838555, -0.0611108840761167], [-0.010840894626550301, -0.06230597265165298, -0.04247670587580734], [-0.08614096450383495, -0.03104751396750874, -0.04489662790610228]]	0.40033186477862437	[[-0.420105724247619, -0.12304611781684181, 0.7171653306783965], [0.5, -0.8535533905932737, 0.14644660940672619], [0.5941192128615546, 0.4201057242476191, 0.420105724247619]]
8	[[-0.42203838922340475, -0.825029846081567, 0.3757783270710803], [0.2588054115689476, 0.28760896992378115, 0.9221175843470338], [-0.8688517462515349, 0.4864224845687207, 0.09214016247897017]]	0.7221649400771223	0.27783505992287777	[[-0.30478132806376523, -0.5958076293573324, 0.271373933051568], [0.18690019453732404, 0.20770111453065038, 0.6659209900440365], [-0.6274542692676428, 0.35127726442073515, 0.0665403949153218]]	0.8408283884527252	0.2618964788074612	[[-0.27505091472419263, -0.615363939710369, 0.32843510644966994], [0.26082077336610154, 0.23444587521201143, 0.8299742479974072], [-0.7155367981144455, 0.3654961328454782, 0.023484601100600643]]	[[0.07981094395170683, 0.07834457619579484, 0.01247002128303237], [0.043209836233739064, -0.007383911473549828, 0.05463160558697056], [0.015018415490568664, -0.04350170096160981, -0.05398946322836409]]	0.5032521537312789	[[-0.44520742721728074, -0.44520742721728085, 0.6296183816399112], [0.5, 0.5000000000000001, 0.7071067811865475], [-0.6296183816399112, 0.6296183816399111, 0.0]]
8	[[-0.8305561570912853, 0.32773595720904825, 0.4502950280316503], [-0.5100865793185324, -0.772219296347621, -0.37879947194723407], [0.22358030216652452, -0.5443036842615101, 0.808545204538665]]	0.7450610894903288	0.2549389105096714	[[-0.6188150752853337, 0.24418330934332919, 0.3354973041773395], [-0.3800456625214607, -0.5753505502622134, -0.2822287472673674], [0.16658098352076767, -0.40553949600948064, 0.6024155709957584]]	0.7874345304588265	0.26553532428982596	[[-0.6653843507907231, 0.32828686536247814, 0.3462652921817387], [-0.49475145550919214, -0.6139714185834074, -0.3733857650894255], [0.04697706440460278, -0.4658115937189778, 0.6432408576221743]]	[[-0.011375753211859574, 0.07021625578309725, -0.008312561784307927], [-0.0930916694301546, -0.00589927955267304, -0.07510598075860378], [-0.129077785851737, -0.03720807767550624, 0.006564444131534673]]	0.4220693503882656	[[-0.6116112959250098, 0.4324744947988667, 0.43247449479886657], [-0.7071067811865475, -0.5000000000000001, -0.5], [0.0, -0.6116112959250097, 0.6116112959250098]]
8	[[-0.3195682178843842, -0.5708200961323295, -0.7563336379995778], [0.910087742671785, 0.03735879733279218, -0.41272826520656647], [0.2638493031197415, -0.8202248094963509, 0.507557688474819]]	0.7395338627669716	0.26046613723302847	[[-0.23633151858959572, -0.4221407906377557, -0.559334336850424], [0.673040703794939, 0.027628095699848254, -0.3052265282413231], [0.195125494324516, -0.6065840217041396, 0.3753560979348582]]	0.7911363137752162	0.2331170792164473	[[-0.2934067815484604, -0.46905263380928386, -0.5823255756122905], [0.7736642669412088, 0.004711594603116827, -0.31460394521005924], [0.18883115993228267, -0.6184480329084505, 0.4296168729761681]]	[[-0.040584759651693565, -0.017456127126338126, 0.016037430738894194], [0.05366080499184532, -0.024844306605823825, 0.011920373116303468], [-0.019909605130029255, 0.030461599343471386, 0.028069554287930166]]	0.319120788038638	[[-0.4080907005341371, -0.4080907005341372, -0.5771274033737142], [0.8535533905932738, -0.14644660940672602, -0.5], [0.11952699884728027, -0.6966544022209943, 0.4080907005341371]]
8	[[0.22433838825039393, -0.7661379269479729, -0.6022499185961573], [-0.9416906372873723, -0.011392912655017143, -0.3362869982418849], [0.2507808429735371, 0.642575192824231, -0.724020780340167]]	0.7348415576396253	0.2651584423603747	[[0.16485317066028246, -0.5629899876052421, -0.44255826826953787], [-0.6919934147189041, -0.008371985681464994, -0.2471176616020207], [0.18428418527685228, 0.4721909555955406, -0.5320405579886254]]	0.7617192100411304	0.255632550959972	[[0.1518935909256993, -0.6880076602224221, -0.3889099828981222], [-0.8676173530713026, -0.008568660078232572, -0.29473787590793993], [0.21240967624667417, 0.40393341644367803, -0.6424987797317832]]	[[-0.018989268954291216, -0.10442568372506306, 0.0698353493422779], [-0.1503135047336368, 0.00010954034941468838, -0.03858160926002839], [0.02138509064342272, -0.0855284518264222, -0.09099824287770852]]	0.3534425807553811	[[0.12304611781684195, -0.7171653306783964, -0.420105724247619], [-0.8535533905932738, 0.14644660940672602, -0.5], [0.420105724247619, 0.4201057242476191, -0.5941192128615546]]
8	[[0.3802729664721569, 0.7767473726770865, -0.5020517802076895], [0.4287143634067757, 0.332951791095048, 0.839849450446521], [0.8195098935212374, -0.5346088512602871, -0.20639019011321075]]	0.7363970580932908	0.2636029419067093	[[0.280031893782505, 0.5719944801210995, -0.36970945395544197], [0.3157039959750876, 0.24518471944928527, 0.6184626645500851], [0.6034846746673852, -0.39368438529870914, -0.15198512881868342]]	0.8406286327935097	0.25485495467056163	[[0.34642288151982126, 0.5798722060838319, -0.42785929607713413], [0.40444404763662195, 0.2932741050712768, 0.7170340641767329], [0.6446582314296292, -0.42785929607713413, -0.07870703049608062]]	[[0.026754537625999858, -0.07308387583565792, -0.005820194489596555], [0.0440544784670442, 0.0133852961368963, 0.01103256889549348], [-0.04424524992188318, 0.021548211637109852, 0.09479047284078024]]	0.38467655909197424	[[0.44520742721728074, 0.44520742721728085, -0.6296183816399112], [0.5, 0.5000000000000001, 0.7071067811865475], [0.6296183816399112, -0.6296183816399111, 0.0]]
8	[[0.5319609947059123, -0.8460851799387872, 0.03402011756955908], [-0.703274286200726, -0.4190807785627857, 0.5742617690636116], [-0.47161719485230363, -0.3294103357928521, -0.8179645788128509]]	0.7609069760929553	0.2390930239070447	[[0.4047728318810763, -0.6437921157842866, 0.025886144786180038], [-0.5351263104769262, -0.31888148795489063, 0.43695978618398373], [-0.3588568136085084, -0.2506506225019041, -0.6223949542156342]]	0.8218801624039128	0.2222806046561357	[[0.4773548891397498, -0.6767125548846847, 0.004565124130893355], [-0.6028240390555252, -0.3853343649556847, 0.5565293095917785], [-0.34378964541913576, -0.3373335849593098, -0.6722688608753541]]	[[0.040146700418307604, 0.01866807021094966, -0.023395335622176074], [-0.02481685449837671, -0.04090018661014403, 0.08455495357141922], [0.04382317127855341, -0.06659776468035301, 9.737732568912382e-18]]	0.34004286811605805	[[0.6116112959250098, -0.6116112959250097, 0.0], [-0.5, -0.5000000000000001, 0.7071067811865475], [-0.43247449479886657, -0.4324744947988667, -0.6116112959250098]]
8	[[0.08740825448676931, -0.06334395238859675, -0.994156597696443], [0.7119981850616444, -0.6940087028176986, 0.10681996481098455], [-0.6967197295301035, -0.717174639895393, -0.015561310176609944]]	0.8336010087056777	0.1663989912943223	[[0.07286360910937349, -0.05280358260653868, -0.8287299426511595], [0.5935224052639986, -0.5785263547193527, 0.08904523041634176], [-0.5807862693214413, -0.5978375032349308, -0.012971923860003974]]	0.928682667251569	0.1195575108302402	[[0.05804546039993072, -0.054982727410486, -0.8789791589798471], [0.6826868098827616, -0.6704306415861659, 0.09219149582123835], [-0.6356929526543309, -0.6478746525062252, 0.0]]	[[-0.023129070516646127, 0.003843703248012414, 0.044276841834630515], [0.021466436301437717, -0.02591678835762421, -0.007010354015145508], [0.011338584092477294, 0.018153004957011845, 0.014451519040743106]]	0.1557843131342808	[[0.0, 0.0, -0.9166304863440001], [0.7071067811865475, -0.7071067811865476, 0.0], [-0.6481556327361656, -0.6481556327361655, 0.0]]
