8	[[-0.3195682178843842, -0.5708200961323295, -0.7563336379995778], [0.910087742671785, 0.03735879733279218, -0.41272826520656647], [0.2638493031197415, -0.8202248094963509, 0.507557688474819]]	0.7845538197420536	0.21544618025794637	[[-0.2507184660093545, -0.4478390868061453, -0.5933844446919725], [0.7140128148135723, 0.02930998714841136, -0.3238075369833231], [0.2070039785988721, -0.6435105073375602, 0.3982063232323666]]	0.8171350302914936	0.1994521185505841	[[-0.2964247202449009, -0.4855205000994669, -0.6138314749369251], [0.7812178027224402, 0.0077131430388401034, -0.31503292303525016], [0.18758832353348523, -0.6553804879213694, 0.429189005587742]]	[[-0.03529433484374612, -0.019083403555382485, 0.004195235260335391], [0.0375532275464141, -0.022814038951344873, 0.02222180045647306], [-0.028012184763654205, 0.014853936632265738, 0.014445838441190347]]	0.2874851305823372	[[-0.43406276662335985, -0.43406276662335996, -0.6138574514799433], [0.8535533905932738, -0.14644660940672602, -0.5], [0.12713404088338845, -0.7409914923633316, 0.43406276662335985]]
8	[[0.8592155572171323, 0.2624339665249735, -0.4391776855101157], [-0.4266000482917053, 0.8413623931712975, -0.33184593135155627], [0.2824199444684594, 0.4724804086637203, 0.8348660002631537]]	0.8105846899702345	0.18941531002976567	[[0.6964669760644513, 0.2127249553933046, -0.35599070805106225], [-0.34579546788581894, 0.6819954746213706, -0.268989231382485], [0.228925283128377, 0.3829853855736915, 0.6767295979899982]]	0.8390965834773157	0.19953180655239033	[[0.7366474718053871, 0.1633701099300572, -0.33600823238680844], [-0.3529527076383978, 0.7495540223154692, -0.38971073950934193], [0.2562284216665583, 0.391762923884388, 0.7087230198424126]]	[[0.01568263327393311, -0.056837334769448265, 0.032504263064204744], [0.005005935394430042, 0.04356971273913512, -0.11125995227140308], [0.019250811157220667, -0.0046937727853056865, 0.008189811360228439]]	0.36486951670000517	[[0.726171662516065, 0.12459136006572054, -0.42538151129089263], [-0.2499999999999999, 0.9571067811865475, -0.14644660940672619], [0.38888954680489796, 0.2126907556454463, 0.726171662516065]]
8	[[0.04673222253661188, -0.9725397674033924, -0.22799671093185395], [-0.8377629715199755, -0.16246744520517667, 0.5213036857710898], [-0.5440306084466285, 0.16664552219444034, -0.8223502702654952]]	0.7841179629565121	0.2158820370434881	[[0.036643575139838507, -0.7625859013105483, -0.17877631653667006], [-0.6569049946686374, -0.1273936421810319, 0.4087635841685486], [-0.42658417248116215, 0.13066974739892884, -0.6448196187573173]]	0.8005274580864209	0.18701808892160218	[[0.07380703480103855, -0.8149413953704724, -0.13104505152740573], [-0.7422235879518789, -0.14233934909920845, 0.45924342648610267], [-0.44617175962059635, 0.07127142083725597, -0.6947105789953938]]	[[0.03639660748307574, -0.036396607483075744, 0.0514725759269358], [-0.07157132588206638, -0.012279698167313531, 0.04192551202468996], [-0.010660319519607856, -0.06213289544654364, -0.03639660748307574]]	0.3540257021261949	[[-0.12972861314631473, -0.7561137677176852, -0.44292119043199984], [-0.8535533905932738, -0.14644660940672602, 0.5], [-0.44292119043199984, 0.44292119043199996, -0.6263851545713707]]
8	[[0.034229894132735264, 0.2773841392786001, 0.9601491309293217], [-0.1827544195208179, -0.9427759796974285, 0.2788803941677556], [0.9825625356654255, -0.18501754344446375, 0.018422055382213542]]	0.8775115097672571	0.12248849023274293	[[0.030037126079589905, 0.24340777484385553, 0.8425419134835088], [-0.1603691065903516, -0.8272967733165956, 0.244720755730635], [0.8622099341125119, -0.16235502388138048, 0.016165565631462223]]	0.9228413820091056	0.125178620277655	[[0.009213336596727214, 0.2389411107581093, 0.8677665094908769], [-0.16455920729850132, -0.8270231513081261, 0.2530438467899796], [0.9013536273042685, -0.16167092438506922, 0.0]]	[[-0.022375426210751573, -0.017040451681160255, -0.018298841430780192], [0.004094133780362136, 0.04300953672083729, -0.00431852157903613], [-0.005395741019583938, 0.00907092110314945, -0.017000635048370235]]	0.34684291719399524	[[0.0, 0.0, 0.98], [0.0, -1.0, 0.0], [0.98, 0.0, 0.0]]
8	[[-0.5446221603179724, 0.8109226453022452, -0.2139887049042392], [-0.8354447797583356, -0.5021691245819775, 0.22328947644507607], [0.07361197229480154, 0.30038414347728, 0.9509735242804028]]	0.8115104679144824	0.18848953208551764	[[-0.441966584156234, 0.6580722153316748, -0.1736540740452533], [-0.6779721841383988, -0.4075155012617266, 0.18120174751032347], [0.059736886081062306, 0.24376487682733855, 0.7717249696630742]]	0.8602647593980285	0.1679875015329994	[[-0.4847767112460341, 0.6861124144676869, -0.12390625998989449], [-0.7567797269588055, -0.44678837555347994, 0.20480573052134243], [0.061335537548777457, 0.2239921825017152, 0.8343464695962352]]	[[-0.016257459537259118, -0.011495759883661832, 0.06018068174844656], [-0.03807602450966194, -0.014789974417846574, 0.012717662791207321], [-0.0019902480862243146, -0.03441771041374994, 0.016257459537259118]]	0.39165757726503425	[[-0.6791053526515602, 0.6791053526515601, 0.0], [-0.7071067811865475, -0.7071067811865476, 0.0], [0.0, 0.0, 0.9603999999999999]]
8	[[-0.30792515101507295, 0.09349718223056193, 0.9468053539599837], [0.3027085282091916, -0.9338174967034747, 0.1906631317268273], [0.9019698710720718, 0.34531602882779927, 0.2592434992682147]]	0.8221490488285417	0.17785095117145838	[[-0.2531603700174273, 0.07686861943900535, 0.7784151211839713], [0.24887152853947464, -0.7677371666942115, 0.15675351239588203], [0.7415536715739063, 0.2839012446460244, 0.21313679633834548]]	0.8503854186218129	0.2608655673206856	[[-0.25740293374536927, 0.07927155306981842, 0.7444779498929919], [0.24358664178472894, -0.8497654602107683, 0.11911162171131477], [0.6810820377465754, 0.26515817636460776, 0.1781313806755509]]	[[0.004452124704768468, -0.00023708738127792804, -0.06067151738764259], [-0.013832276696837342, -0.05566067736021041, -0.043025525377949125], [-0.08593998864931103, -0.028493539366942353, -0.0423255109746335]]	0.3855966800435398	[[-0.44292119043199984, -0.1297286131463146, 0.7561137677176853], [0.5, -0.8535533905932737, 0.14644660940672619], [0.6263851545713707, 0.44292119043199996, 0.44292119043199984]]
8	[[0.8787972042104137, -0.3840163418041313, 0.28327887866788265], [-0.395223040501579, -0.9183905790867732, -0.018907472103605397], [0.2674214316928388, -0.09534250611366366, -0.9588511794847616]]	0.7978263970972553	0.20217360290274475	[[0.7011276072143353, -0.30637837440805815, 0.22600736714134737], [-0.31531937445319735, -0.7327162468408621, -0.01508488034663636], [0.21335587735408731, -0.07606676814288738, -0.7649967818807811]]	0.8481569765154453	0.24724047403929644	[[0.6932643401848986, -0.3141617913644123, 0.145932133927826], [-0.3595800510095476, -0.8405009461344846, -0.02548472801825673], [0.13301741498535213, -0.05565442241389096, -0.813256317320064]]	[[-0.05209363950843225, 0.011544348032701521, -0.09433282331381104], [-0.024368871928486958, -0.061561569315977935, -0.009448223645312653], [-0.09379793797467766, 0.025210989304879368, 0.0]]	0.34312051938991095	[[0.6015803024503444, -0.42538151129089274, 0.42538151129089263], [-0.5, -0.8535533905932737, -0.14644660940672619], [0.42538151129089263, -0.12459136006572054, -0.726171662516065]]
8	[[0.8489524140446696, -0.5135124485683378, 0.12483895166604869], [0.522794976890395, 0.7815435453534784, -0.34040431673891397], [0.0772347773085365, 0.35425224329800037, 0.9319550081910795]]	0.8369863266871395	0.1630136733128608	[[0.7105615625634276, -0.42980289803533156, 0.10448849558243944], [0.43757224731797956, 0.6541412611714515, -0.28491375865574914], [0.0646444525519712, 0.2965042838386721, 0.7800335989435343]]	0.9066918706469279	0.15693868588943186	[[0.7507471853204304, -0.47471081425278555, 0.06541575703149137], [0.5094494338498528, 0.6670987582570169, -0.2942452588969014], [0.023673857232539203, 0.292213066217363, 0.833502005426313]]	[[-0.018991067059956228, -0.009113251659875034, -0.047774705584199745], [0.035435478288283195, -0.041520420871560465, 0.014396567823393859], [-0.04635428748433666, -0.0289845629393716, -0.0114940243092298]]	0.43328769354738433	[[0.6929646455628166, -0.6929646455628165, 0.0], [0.7071067811865475, 0.7071067811865476, 0.0], [0.0, 0.0, 0.98]]
8	[[0.3802729664721569, 0.7767473726770865, -0.5020517802076895], [0.4287143634067757, 0.332951791095048, 0.839849450446521], [0.8195098935212374, -0.5346088512602871, -0.20639019011321075]]	0.785162202416393	0.2148377975836071	[[0.29857595987469393, 0.609872677852288, -0.3941920814749402], [0.3366103137800059, 0.26142116159467066, 0.6594180442107878], [0.6434481928991584, -0.41975466308682485, -0.16204977622642663]]	0.8554412388506012	0.2347249603061616	[[0.34579557827975105, 0.6068177807857319, -0.43388554596836165], [0.4021530643198173, 0.29202583829264234, 0.7188079984643674], [0.667681530630096, -0.43388554596836165, -0.08236946848775606]]	[[0.02049440073941602, -0.05764395397110433, -0.0044097491403460795], [0.03541311817407826, 0.007205145640767963, 0.00036614412639886414], [-0.03336102793403547, 0.023440912054235125, 0.09418521142930006]]	0.3766626339579368	[[0.46118407999999983, 0.46118407999999994, -0.6522127806865584], [0.5, 0.5000000000000001, 0.7071067811865475], [0.6522127806865584, -0.6522127806865583, 0.0]]
8	[[-0.42203838922340475, -0.825029846081567, 0.3757783270710803], [0.2588054115689476, 0.28760896992378115, 0.9221175843470338], [-0.8688517462515349, 0.4864224845687207, 0.09214016247897017]]	0.7671832752173937	0.23281672478260645	[[-0.3237807937118848, -0.6329490994689586, 0.2882908477181043], [0.19855118329145074, 0.22064879152802722, 0.7074331884949088], [-0.6665685283676044, 0.37317519485081335, 0.0706883916296791]]	0.8546811420485435	0.23788536352935816	[[-0.2827621742106375, -0.6396059857893623, 0.33519675953487144], [0.2569688677229103, 0.2324853702128565, 0.8305620769788158], [-0.7435012161600155, 0.3773033031460744, 0.022582798548712972]]	[[0.07794607827914982, 0.06553146528376548, 0.014026109796669385], [0.03577276299481884, -0.013328592665006023, 0.04244556688604883], [-0.000910013402882345, -0.038432821483209846, -0.056167660747351626]]	0.49392812441403744	[[-0.46118407999999983, -0.46118407999999994, 0.6522127806865584], [0.5, 0.5000000000000001, 0.7071067811865475], [-0.6522127806865584, 0.6522127806865583, 0.0]]
8	[[0.5319609947059123, -0.8460851799387872, 0.03402011756955908], [-0.703274286200726, -0.4190807785627857, 0.5742617690636116], [-0.47161719485230363, -0.3294103357928521, -0.8179645788128509]]	0.8039961050819167	0.1960038949180834	[[0.42769456779905557, -0.6802491892383176, 0.027352042020354406], [-0.5654297869096487, -0.33693931367917695, 0.4617042256245948], [-0.3791783877509115, -0.26484462695117933, -0.6576403354605025]]	0.8502584241094208	0.19483539985330253	[[0.5092912337428361, -0.6975196476829302, 0.007289039878600697], [-0.5906462841845754, -0.3906568941981604, 0.5711690996268537], [-0.37043154403141776, -0.3601232849784224, -0.6902306078043295]]	[[0.056986916696507205, 0.02187140407415873, -0.021636851674109826], [0.0073186021171314525, -0.034329931842817116, 0.08289819283653914], [0.030564948846607508, -0.08003937198183682, 0.005250665954411199]]	0.3207198879398468	[[0.6391685250728273, -0.6391685250728272, 0.0], [-0.5, -0.5000000000000001, 0.7071067811865475], [-0.45196039839999985, -0.45196039839999996, -0.6391685250728273]]
8	[[-0.8305561570912853, 0.32773595720904825, 0.4502950280316503], [-0.5100865793185324, -0.772219296347621, -0.37879947194723407], [0.22358030216652452, -0.5443036842615101, 0.808545204538665]]	0.8037004891330689	0.19629951086693115	[[-0.667518389706748, 0.26340154911540664, 0.3619023342832263], [-0.4099568332985184, -0.6206330261925772, -0.30444132088734016], [0.17969159821175512, -0.43745713727790714, 0.6498281763739222]]	0.8129561249942802	0.24125886059856244	[[-0.6800523061568843, 0.33200006956074557, 0.36818098226734053], [-0.49635859509300423, -0.6284751497319964, -0.3691653956297516], [0.05746918574482218, -0.48025315755540465, 0.667407789147175]]	[[-0.004846591097812297, 0.06556511576678647, 0.0021108811745393363], [-0.0816805861586227, -0.0006947429274246214, -0.06121804476564868], [-0.12429179032952586, -0.037758143578057304, 0.010096012782714225]]	0.4032593127538239	[[-0.6391685250728273, 0.45196039839999996, 0.45196039839999985], [-0.7071067811865475, -0.5000000000000001, -0.5], [0.0, -0.6391685250728272, 0.6391685250728273]]
8	[[0.08740825448676931, -0.06334395238859675, -0.994156597696443], [0.7119981850616444, -0.6940087028176986, 0.10681996481098455], [-0.6967197295301035, -0.717174639895393, -0.015561310176609944]]	0.8770552845093395	0.12294471549066063	[[0.07666187150735819, -0.055556148184126755, -0.8719302976394909], [0.6244617707693739, -0.6086840003017342, 0.09368701462857568], [-0.6110617206062948, -0.6290018078363369, -0.013648129324284712]]	0.9365237638114358	0.10129682820390595	[[0.07184817445974608, -0.0578229773732867, -0.896133676464698], [0.6754336616799985, -0.6576446299595811, 0.11016063558907015], [-0.6417408652430058, -0.663968899103054, 0.0]]	[[-0.010011733020390922, 0.0015001393323743322, 0.03491760222794623], [0.00863044157915607, -0.0076889874788578835, 0.010121200094081762], [0.010753718178212312, 0.007682193961890477, 0.014573536776435945]]	0.14033560919910903	[[0.0, 0.0, -0.9411919999999999], [0.7071067811865475, -0.7071067811865476, 0.0], [-0.665523245598529, -0.6655232455985289, 0.0]]
8	[[0.22433838825039393, -0.7661379269479729, -0.6022499185961573], [-0.9416906372873723, -0.011392912655017143, -0.3362869982418849], [0.2507808429735371, 0.642575192824231, -0.724020780340167]]	0.7917911405254141	0.20820885947458595	[[0.17762914829641258, -0.6066212229779119, -0.47685614992658915], [-0.7456223037198725, -0.009020807305022461, -0.26626906588181], [0.19856604967994176, 0.5087853447996357, -0.5732732394296414]]	0.8030066802417577	0.18891372179015967	[[0.16846816933071318, -0.6832727378272375, -0.4437427480225363], [-0.8345813644095883, -0.022599468075374086, -0.3159648935930293], [0.24124665196964237, 0.4761242126102602, -0.6377753326794259]]	[[-0.011677055069022113, -0.06805886450144341, 0.03986795978523275], [-0.07839749194671042, -0.013450883105984492, -0.045924187526347464], [0.03986795978523275, -0.039867959785232755, -0.05638180943242131]]	0.3308605537067617	[[0.12972861314631473, -0.7561137677176852, -0.44292119043199984], [-0.8535533905932738, 0.14644660940672602, -0.5], [0.44292119043199984, 0.44292119043199996, -0.6263851545713707]]
8	[[0.50607966, 0.26960331, 0.8192664], [-0.59451586, 0.79721188, 0.10490047], [-0.62484739, -0.54015486, 0.56373616]]	0.7816919310680922	0.2183080697621962	[[ 0.39559839  0.21074673  0.64041393]
 [-0.46472825  0.62317409  0.08199985]
 [-0.48843816 -0.4222347   0.44066801]]	0.8373560150656884	0.15246456567072617	[[ 0.45540542  0.23496348  0.68586573]
 [-0.56390534  0.79135152  0.12670166]
 [-0.52617566 -0.44562167  0.50805679]]	[[0.031636577090884084, 0.0092095273705836, -0.00015191781331829848], [-0.06608390511565072, 0.12380135367862433, 0.03886262502125261], [-0.002955937500610421, 0.006680252010649969, 0.03600892176952094]]	0.2118091579670774	WordDict: (word: THRHRHZ, matrix: [[ 0.43406277  0.12713404  0.74099149]
 [-0.5         0.85355339  0.14644661]
 [-0.61385745 -0.43406277  0.43406277]])
8	[[0.50607966, 0.26960331, 0.8192664], [-0.59451586, 0.79721188, 0.10490047], [-0.62484739, -0.54015486, 0.56373616]]	0.77762894745725	0.22237105338848964	[[ 0.39354219  0.20965134  0.63708527]
 [-0.46231274  0.61993504  0.08157364]
 [-0.48589942 -0.42004006  0.43837756]]	0.7793001538402008	0.20739152984100334	[[ 0.38017834  0.19822263  0.67290161]
 [-0.49404078  0.65474095  0.08061437]
 [-0.51198404 -0.44461805  0.41914099]]	[[-0.014209618457695057, -0.011879270453300473, 0.034447174712651026], [-0.03073447804044839, 0.03347360503696513, -0.0011345836296872119], [-0.025040373970473494, -0.023675287692870427, -0.02017868800559441]]	0.2118091579670774	WordDict: (word: THRHRHZ, matrix: [[ 0.43406277  0.12713404  0.74099149]
 [-0.5         0.85355339  0.14644661]
 [-0.61385745 -0.43406277  0.43406277]])
8	[[0.50607966, 0.26960331, 0.8192664], [-0.59451586, 0.79721188, 0.10490047], [-0.62484739, -0.54015486, 0.56373616]]	0.7816919309428876	0.21830806988739976	[[ 0.39559839  0.21074673  0.64041393]
 [-0.46472825  0.62317409  0.08199985]
 [-0.48843816 -0.4222347   0.44066801]]	0.8548366534412906	0.14926443618613325	[[ 0.44455933  0.21319027  0.70032734]
 [-0.56648267  0.79014466  0.13016745]
 [-0.54283496 -0.45396228  0.4874043 ]]	[[0.011943886030171498, -0.017276520244990275, -1.1605438792140245e-05], [-0.05826872358551799, 0.10865872914921876, 0.04049468686821615], [-0.008692503900964002, 0.007781891013737151, 0.005501963630860919]]	0.2118091579670774	WordDict: (word: THRHRHZ, matrix: [[ 0.43406277  0.12713404  0.74099149]
 [-0.5         0.85355339  0.14644661]
 [-0.61385745 -0.43406277  0.43406277]])
8	[[0.50607966, 0.26960331, 0.8192664], [-0.59451586, 0.79721188, 0.10490047], [-0.62484739, -0.54015486, 0.56373616]]	0.7824253373894352	0.21757466343807533	[[ 0.39596955  0.21094446  0.64101479]
 [-0.46516427  0.62375877  0.08207679]
 [-0.48889643 -0.42263085  0.44108146]]	0.8987916350446327	0.14584905559706898	[[ 0.43595576  0.22325327  0.70225379]
 [-0.57313975  0.79300305  0.1114318 ]
 [-0.54866532 -0.45020993  0.48777694]]	[[-0.018904409237356895, -0.01906392881319133, -0.03409599783389017], [-0.0387938669213388, 0.07647567658632054, 0.01714813984490924], [0.012942283556087498, 0.03527673900356981, -0.018904409235865602]]	0.2118091579670774	WordDict: (word: THRHRHZ, matrix: [[ 0.43406277  0.12713404  0.74099149]
 [-0.5         0.85355339  0.14644661]
 [-0.61385745 -0.43406277  0.43406277]])
8	[[0.50607966, 0.26960331, 0.8192664], [-0.59451586, 0.79721188, 0.10490047], [-0.62484739, -0.54015486, 0.56373616]]	0.7824253377943691	0.21757466303312895	[[ 0.39596955  0.21094446  0.64101479]
 [-0.46516427  0.62375877  0.08207679]
 [-0.48889643 -0.42263085  0.44108146]]	0.913903278252173	0.1456932165282455	[[ 0.44628418  0.24951474  0.68844255]
 [-0.58544322  0.78256193  0.1067068 ]
 [-0.53188845 -0.44850701  0.51033642]]	[[-0.016223681875743298, 0.003123386897427856, -0.06028769746031151], [-0.04211322738028848, 0.053987377477887816, 0.010837919003019246], [0.039161632405854824, 0.045142287475373605, -0.00486390241715546]]	0.2118091579670774	WordDict: (word: THRHRHZ, matrix: [[ 0.43406277  0.12713404  0.74099149]
 [-0.5         0.85355339  0.14644661]
 [-0.61385745 -0.43406277  0.43406277]])
