8	[[-0.30792515101507295, 0.09349718223056193, 0.9468053539599837], [0.3027085282091916, -0.9338174967034747, 0.1906631317268273], [0.9019698710720718, 0.34531602882779927, 0.2592434992682147]]	0.7743991746367467	0.22560082536325363	[[-0.238456982795968, 0.07240414075020865, 0.733205284648264], [0.23441723440070233, -0.7231474987085235, 0.14764937184291232], [0.698484723705425, 0.2674124477130867, 0.20075795186324755]]	0.8420939449893734	0.2699771246547617	[[-0.24925964886741603, 0.07626063545877348, 0.736122447327605], [0.24456145690318576, -0.8497525023188786, 0.11816808971119779], [0.6733737885726063, 0.25933748792802697, 0.17299901340864257]]	[[0.010042256312315262, -0.002472775571150769, -0.06117660832561771], [-0.010347561798419384, -0.06339044261974837, -0.04238817904867478], [-0.08616957842003095, -0.03145104905563872, -0.04530836760297811]]	0.40301339342364384	[[-0.4164860024644998, -0.12198592585257485, 0.710986079076425], [0.5, -0.8535533905932737, 0.14644660940672619], [0.5890001532238501, 0.4164860024644999, 0.4164860024644998]]
8	[[0.8489524140446696, -0.5135124485683378, 0.12483895166604869], [0.522794976890395, 0.7815435453534784, -0.34040431673891397], [0.0772347773085365, 0.35425224329800037, 0.9319550081910795]]	0.7998625330993046	0.20013746690069542	[[0.679045228378539, -0.410739367889897, 0.09985400010906732], [0.41816411450714386, 0.6251273999138446, -0.2722766590647257], [0.061777204621366696, 0.2833530966804498, 0.7454358935862999]]	0.8966088501304341	0.17422110210475972	[[0.7347922236229244, -0.4641067040823674, 0.06465682021453077], [0.5079140690329229, 0.6666302679650251, -0.2969116593305982], [0.021853061122013698, 0.2857576354145769, 0.8160107907209082]]	[[-0.026386024149123125, -0.0036868980438464136, -0.04727488869025401], [0.039171465949258896, -0.034108591561219814, 0.008297863680115616], [-0.04739632375067336, -0.031868061104970105, -0.019588317546594777]]	0.43658715015448724	[[0.6858935777509512, -0.6858935777509511, 0.0], [0.7071067811865475, 0.7071067811865476, 0.0], [0.0, 0.0, 0.97]]
8	[[0.8787972042104137, -0.3840163418041313, 0.28327887866788265], [-0.395223040501579, -0.9183905790867732, -0.018907472103605397], [0.2674214316928388, -0.09534250611366366, -0.9588511794847616]]	0.750658975154133	0.24934102484586698	[[0.6596770086809066, -0.2882653135811285, 0.2126458327436448], [-0.29667772254021585, -0.6893981308884879, -0.014193063632047769], [0.20074229784879738, -0.07156970792790943, -0.7197702437173631]]	0.8393899420832497	0.25708654334698355	[[0.6870607285620529, -0.3093192616526883, 0.13896684326777298], [-0.35858056298197705, -0.8404869823425509, -0.026517927621695546], [0.12734020406131324, -0.05301990815630719, -0.8048500360141698]]	[[-0.05059280578304806, 0.01302019325330285, -0.09881459829066899], [-0.026834317905390787, -0.06959916735310216, -0.010647185707709552], [-0.09713065599915839, 0.027009632528512847, 0.0]]	0.37479197866687947	[[0.5541902441683205, -0.39187167971884795, 0.39187167971884784], [-0.5, -0.8535533905932737, -0.14644660940672619], [0.39187167971884784, -0.11477655763468768, -0.6689668018030083]]
8	[[0.8592155572171323, 0.2624339665249735, -0.4391776855101157], [-0.4266000482917053, 0.8413623931712975, -0.33184593135155627], [0.2824199444684594, 0.4724804086637203, 0.8348660002631537]]	0.760413246465811	0.23958675353418896	[[0.6533588912774104, 0.1995582644681551, -0.33395652961408806], [-0.3243923276639673, 0.6397831088456305, -0.25234004198550763], [0.21475586683995532, 0.35928036144347275, 0.6348431656240314]]	0.8066609600942422	0.23472037654202862	[[0.7122855463895068, 0.1734543528265442, -0.3121444302889613], [-0.346301232317649, 0.7326185801782807, -0.39566244778389376], [0.2221564956411424, 0.38278531003113786, 0.6748087167728732]]	[[0.019189900076825746, -0.038240882571831156, 0.042123063156595746], [-0.0021796277864118557, 0.05392438431553264, -0.12797529019647935], [-0.005660647913547673, 0.0016538099527412514, 0.0013549074505578643]]	0.4028341358956767	[[0.6689668018030083, 0.11477655763468768, -0.39187167971884784], [-0.2499999999999999, 0.9571067811865475, -0.14644660940672619], [0.3582544043088965, 0.19593583985942392, 0.6689668018030083]]
8	[[0.04673222253661188, -0.9725397674033924, -0.22799671093185395], [-0.8377629715199755, -0.16246744520517667, 0.5213036857710898], [-0.5440306084466285, 0.16664552219444034, -0.8223502702654952]]	0.725152461203768	0.274847538796232	[[0.033887986189946366, -0.7052396059511099, -0.1653323760785979], [-0.6075058807030923, -0.11781366775602223, 0.3780246507715013], [-0.3945051346852561, 0.12084341056788556, -0.5963293224546077]]	0.779237759010532	0.369371397055472	[[-0.028365452304043318, -0.8319917816518801, -0.14832034883803313], [-0.6840643305067523, -0.14864127460941398, 0.2726502127475784], [-0.28903371959244895, 0.03645869963338404, -0.6040708481210539]]	[[-0.06478096466705435, -0.07415207275183633, 0.02934329725027681], [-0.03124778999752236, -0.02204050669556562, -0.13356930311661616], [0.1348954725666381, -0.09339778363055154, 0.036735533602335904]]	0.3655873341692917	[[-0.12198592585257499, -0.7109860790764249, -0.4164860024644998], [-0.8535533905932738, -0.14644660940672602, 0.5], [-0.4164860024644998, 0.4164860024644999, -0.5890001532238501]]
8	[[0.3802729664721569, 0.7767473726770865, -0.5020517802076895], [0.4287143634067757, 0.332951791095048, 0.839849450446521], [0.8195098935212374, -0.5346088512602871, -0.20639019011321075]]	0.7300474680763088	0.26995253192369145	[[0.2776173163508653, 0.5670624527578322, -0.3665216309838271], [0.31298183553306314, 0.24307061208041192, 0.613129964863762], [0.5982811228286646, -0.3902898382737567, -0.15067463572793754]]	0.8382188213292956	0.25831613630601274	[[0.3465110979480654, 0.5755520941374094, -0.42687083269161763], [0.4048059779707878, 0.29347950111541754, 0.7167572116697078], [0.6409627639444248, -0.42687083269161763, -0.07811892647586541]]	[[0.027759140208379267, -0.07553217305860516, -0.006041581239653655], [0.045449529589020966, 0.014393043224248567, 0.012779595222368524], [-0.04596585307064333, 0.0212483684839889, 0.09488121541475934]]	0.38614860406869106	[[0.44264640499999985, 0.44264640499999997, -0.6259965492866938], [0.5, 0.5000000000000001, 0.7071067811865475], [0.6259965492866938, -0.6259965492866937, 0.0]]
8	[[-0.8305561570912853, 0.32773595720904825, 0.4502950280316503], [-0.5100865793185324, -0.772219296347621, -0.37879947194723407], [0.22358030216652452, -0.5443036842615101, 0.808545204538665]]	0.7363722786325826	0.2636277213674173	[[-0.611598529929631, 0.24133567359985741, 0.33158477584858903], [-0.3756136167126873, -0.5686408828555474, -0.2789374303026038], [0.16463833656372506, -0.4008101442477582, 0.5953902746435844]]	0.785208515578609	0.3615036896743827	[[-0.6354112114600328, 0.2597623672169105, 0.19579785674403116], [-0.5651540062758208, -0.6243605847485906, -0.3023862696296539], [0.1711752246299536, -0.2830346752477268, 0.6155724776829701]]	[[0.016748555754289365, 0.0024213027550591595, -0.15777763378912918], [-0.16462968051254548, -0.01800741736231714, -0.004949698560005256], [-0.004381932546840032, 0.14435721269522142, -0.019304102151037953]]	0.42517355377015364	[[-0.607216652808093, 0.42936701284999995, 0.42936701284999984], [-0.7071067811865475, -0.5000000000000001, -0.5], [0.0, -0.6072166528080929, 0.607216652808093]]
8	[[0.034229894132735264, 0.2773841392786001, 0.9601491309293217], [-0.1827544195208179, -0.9427759796974285, 0.2788803941677556], [0.9825625356654255, -0.18501754344446375, 0.018422055382213542]]	0.8652293127930961	0.134770687206904	[[0.029616707777446967, 0.2400008882077277, 0.8307491727328655], [-0.15812448081189845, -0.815717413031444, 0.24129549179723497], [0.850141907510038, -0.16008260196912016, 0.015939302318588984]]	0.9149326855653197	0.1304371970576337	[[0.009052137141161013, 0.23454539106379818, 0.8539066057949574], [-0.16515349536529966, -0.8265120222887429, 0.25368353333389854], [0.8868085957087553, -0.15886247875717477, 0.0]]	[[-0.022265911824319043, -0.01924242441959613, -0.024565217109414752], [0.002054496485813361, 0.036064536702300656, -0.0014732546535210591], [-0.01216998378348279, 0.010416119143166676, -0.016854940604481686]]	0.3511752427839611	[[0.0, 0.0, 0.97], [0.0, -1.0, 0.0], [0.97, 0.0, 0.0]]
8	[[-0.42203838922340475, -0.825029846081567, 0.3757783270710803], [0.2588054115689476, 0.28760896992378115, 0.9221175843470338], [-0.8688517462515349, 0.4864224845687207, 0.09214016247897017]]	0.7163461893381518	0.2836538106618483	[[-0.3023255918745977, -0.5910069863307725, 0.269187372633234], [0.18539427035750766, 0.2060275896243718, 0.6605554176686994], [-0.6223986375270858, 0.3484468932291991, 0.06600425427680842]]	0.838505889694363	0.2659127457570698	[[-0.2736436189374167, -0.6116491910625832, 0.3267105155209227], [0.260952329444308, 0.2344200256416939, 0.8299237093592252], [-0.7112366349550617, 0.3635016593689598, 0.023488857789190028]]	[[0.08023805610353023, 0.08014319405044457, 0.011618175052327094], [0.04394246755897183, -0.006741789568325546, 0.05672268389349873], [0.01730067154808253, -0.044366458821677925, -0.05377121112682202]]	0.5048562579367191	[[-0.44264640499999985, -0.44264640499999997, 0.6259965492866938], [0.5, 0.5000000000000001, 0.7071067811865475], [-0.6259965492866938, 0.6259965492866937, 0.0]]
8	[[-0.5446221603179724, 0.8109226453022452, -0.2139887049042392], [-0.8354447797583356, -0.5021691245819775, 0.22328947644507607], [0.07361197229480154, 0.30038414347728, 0.9509735242804028]]	0.764629982111139	0.23537001788886103	[[-0.416434432701261, 0.6200557677709733, -0.16362217960291423], [-0.6388061270014607, -0.38397356874588384, 0.17073382837980405], [0.05628592105893975, 0.22968272225350245, 0.7271428688586912]]	0.8395716017515251	0.18966233653108214	[[-0.4744251821827637, 0.6636517415177621, -0.12041550516143537], [-0.7599713517345253, -0.45415309481603033, 0.2074689033392093], [0.04635828679734446, 0.19778344279087826, 0.8155862476986183]]	[[-0.017175882695227723, -0.01717588269522772, 0.0592433345717512], [-0.058555639817869466, -0.03254615854057837, 0.02000139994595735], [-0.015444234690290945, -0.05441055368910168, 0.017175882695227723]]	0.3980309600947707	[[-0.6653167704184226, 0.6653167704184225, 0.0], [-0.7071067811865475, -0.7071067811865476, 0.0], [0.0, 0.0, 0.9409]]
8	[[0.22433838825039393, -0.7661379269479729, -0.6022499185961573], [-0.9416906372873723, -0.011392912655017143, -0.3362869982418849], [0.2507808429735371, 0.642575192824231, -0.724020780340167]]	0.7265931053142917	0.2734068946857084	[[0.16300272616005695, -0.5566705354401815, -0.4375906385280612], [-0.6842259243920261, -0.008278011784583414, -0.24434381432939292], [0.18221563144947808, 0.4668907047520877, -0.5260685070994386]]	0.7620180755645164	0.2553009120621694	[[0.17094990688981054, -0.6656697461346467, -0.37706652655276607], [-0.8358026786486317, -0.04073921050557801, -0.2883143763667763], [0.23003135871824623, 0.41919798147692217, -0.6221728520680299]]	[[1.2121758326720982e-17, -0.08185879742476444, 0.08185879742476444], [-0.11821739144578525, -0.032057605129127205, -0.032057605129127184], [0.03893182336710434, -0.07045593036449646, -0.07045593036449646]]	0.35727275095810457	[[0.12198592585257499, -0.7109860790764249, -0.4164860024644998], [-0.8535533905932738, 0.14644660940672602, -0.5], [0.4164860024644998, 0.4164860024644999, -0.5890001532238501]]
8	[[0.5319609947059123, -0.8460851799387872, 0.03402011756955908], [-0.703274286200726, -0.4190807785627857, 0.5742617690636116], [-0.47161719485230363, -0.3294103357928521, -0.8179645788128509]]	0.7544011979836869	0.2455988020163133	[[0.40131201168673397, -0.6382876733420642, 0.025664817450021214], [-0.5305509640209498, -0.31615504139970174, 0.4332237665378198], [-0.35578857678628373, -0.2485075519503362, -0.6170734581646364]]	0.817286617806053	0.22692764976486643	[[0.47333678228659065, -0.672765225552813, 0.004632496667070502], [-0.6034128356831727, -0.38490254419189124, 0.5552138844680503], [-0.3406043784119785, -0.33405303879775927, -0.6685115041031077]]	[[0.03857218011865184, 0.018728869535184094, -0.023171690158718714], [-0.028636172924215476, -0.042393432092784636, 0.08587742549473046], [0.044842043668039025, -0.06483037958726288, 9.586430500119472e-18]]	0.34329144874048545	[[0.607216652808093, -0.6072166528080929, 0.0], [-0.5, -0.5000000000000001, 0.7071067811865475], [-0.42936701284999984, -0.42936701284999995, -0.607216652808093]]
8	[[0.08740825448676931, -0.06334395238859675, -0.994156597696443], [0.7119981850616444, -0.6940087028176986, 0.10681996481098455], [-0.6967197295301035, -0.717174639895393, -0.015561310176609944]]	0.8269659517837096	0.1730340482162907	[[0.07228365036540386, -0.0523832918767779, -0.8221336570360932], [0.5887982567777764, -0.5739215674718158, 0.0883364738694182], [-0.5761634942573508, -0.5930790086762329, -0.012868673681201766]]	0.9275192954326077	0.12297529074803691	[[0.05644686042783571, -0.056446860427835734, -0.8757680035346446], [0.6844149691097501, -0.6717184610456758, 0.09017120061149764], [-0.6346945789520411, -0.6459347062532731, 0.0]]	[[-0.024625982188726622, 0.002305877661552167, 0.04633142351043871], [0.024022914152078398, -0.02801199798410587, -0.008906377888122693], [0.011526413695717658, 0.019258610444636053, 0.01443341545101752]]	0.15839052259302075	[[0.0, 0.0, -0.912673], [0.7071067811865475, -0.7071067811865476, 0.0], [-0.64535726730587, -0.6453572673058698, 0.0]]
8	[[-0.3195682178843842, -0.5708200961323295, -0.7563336379995778], [0.910087742671785, 0.03735879733279218, -0.41272826520656647], [0.2638493031197415, -0.8202248094963509, 0.507557688474819]]	0.7327258433171083	0.2672741566828916	[[-0.23415589194668077, -0.41825463632091403, -0.5541852027323372], [0.6668448087417472, 0.02737375628098314, -0.30241666618428864], [0.19332920313704396, -0.6009999152478285, 0.3719006353197939]]	0.7869471333172005	0.2384086708490984	[[-0.29264203222523527, -0.4654449218569398, -0.5781076065718332], [0.7732758398265354, 0.0031240822425866524, -0.31533665033834934], [0.18739873858292594, -0.6143379622130256, 0.42693922363009973]]	[[-0.04115873926183262, -0.016239683565754216, 0.017086981683303686], [0.057084899663852, -0.026275316222632475, 0.009458674804939254], [-0.020236714134895688, 0.031135600295774744, 0.027518155691736178]]	0.3243923293592005	[[-0.4039914223905648, -0.4039914223905649, -0.5713301486271346], [0.8535533905932738, -0.14644660940672602, -0.5], [0.11832634807699774, -0.6896564967041322, 0.4039914223905648]]
