8	[[-0.8305561570912853, 0.32773595720904825, 0.4502950280316503], [-0.5100865793185324, -0.772219296347621, -0.37879947194723407], [0.22358030216652452, -0.5443036842615101, 0.808545204538665]]	0.6126772888439959	0.3873227111560042	[[-0.5088628945593766, 0.20079637771953146, 0.27588553695436263], [-0.31251846249258625, -0.4731212248792785, -0.23208183348816858], [0.13698257337030761, -0.3334825055811404, 0.4953772838245633]]	0.7537257910644856	0.40026004612060123	[[-0.5906141752804771, 0.2330062404746795, 0.19456583174448105], [-0.5692980599434341, -0.6228528476945174, -0.29181117065207945], [0.16684720247729734, -0.2523959929348947, 0.5711012446675395]]	[[0.035397421246631144, -0.014016803132986737, -0.14483314447107926], [-0.18483264943519595, -0.040811247679646306, -0.006300239003841083], [-0.0016710376396030895, 0.15785973206442597, -0.03832012923476199]]	0.48469637781421093	[[-0.529523047101026, 0.3744293373996991, 0.374429337399699], [-0.7071067811865475, -0.5000000000000001, -0.5], [0.0, -0.5295230471010259, 0.529523047101026]]
8	[[0.08740825448676931, -0.06334395238859675, -0.994156597696443], [0.7119981850616444, -0.6940087028176986, 0.10681996481098455], [-0.6967197295301035, -0.717174639895393, -0.015561310176609944]]	0.7157363257218775	0.2842636742781225	[[0.06256126290412307, -0.045337567739315784, -0.711553990427415], [0.5096029648966669, -0.4967272389737458, 0.07645492912755433], [-0.4986676192718165, -0.5133079416596393, -0.011137794969225264]]	0.8808016832204248	0.19280971104499925	[[0.04908275435138053, -0.04908275435138054, -0.8061003900042741], [0.6814835822486859, -0.6688941734145861, 0.0874830733250311], [-0.5797459061126823, -0.5903297946201117, 0.0]]	[[-0.02790658332792512, 0.006710705534329926, 0.06955441463144371], [0.054354382396501894, -0.05761013980313364, -0.006604131482030651], [0.033926004390312084, 0.0413588353627526, 0.013706428196673164]]	0.2106214495769531	[[0.0, 0.0, -0.840697815672], [0.7071067811865475, -0.7071067811865476, 0.0], [-0.5944631263903893, -0.5944631263903893, 0.0]]
8	[[0.8787972042104137, -0.3840163418041313, 0.28327887866788265], [-0.395223040501579, -0.9183905790867732, -0.018907472103605397], [0.2674214316928388, -0.09534250611366366, -0.9588511794847616]]	0.6421323201030851	0.3578676798969149	[[0.5643040876397377, -0.24658930452018618, 0.1819025235952078], [-0.25378548795547456, -0.5897282733098057, -0.012141098929172478], [0.17171994437821125, -0.06122250465520944, -0.6157093325161297]]	0.8167824881800083	0.2933035763186302	[[0.645792999629774, -0.2657403192194344, 0.16152765992583834], [-0.31944216474402776, -0.8541866698690083, -0.03258235443299764], [0.15373817294288333, -0.04782849232444274, -0.7438445207141328]]	[[-0.07199316743084261, 0.047917503941128536, -0.06984956744135756], [0.0033690936629201824, -0.10406132756143494, -0.017139062323020732], [-0.06468696942785367, 0.030045597048393134, 0.03932833145976667]]	0.47190970771729146	[[0.44516886904581415, -0.3147819260754413, 0.31478192607544125], [-0.5, -0.8535533905932737, -0.14644660940672619], [0.31478192607544125, -0.09219749155253423, -0.5373663605983484]]
8	[[-0.5446221603179724, 0.8109226453022452, -0.2139887049042392], [-0.8354447797583356, -0.5021691245819775, 0.22328947644507607], [0.07361197229480154, 0.30038414347728, 0.9509735242804028]]	0.6720387114802603	0.32796128851973977	[[-0.36600717486368595, 0.5449714096590851, -0.14380869351517456], [-0.5614512333017017, -0.3374770914292425, 0.15005917203725086], [0.04947009501051905, 0.20186977273157286, 0.6390910219092438]]	0.7970893515685782	0.29973755945274894	[[-0.47341408016700093, 0.6114483379690663, -0.10662543749363489], [-0.734699920882881, -0.4056756308866701, 0.09726373087959862], [0.0740501502955857, 0.10974925267012117, 0.7347866469094837]]	[[-0.03930155554927016, -0.0349294675471766, 0.06394268054148501], [-0.06877578311395541, -0.0054019689958611445, -0.0807179331120944], [0.015374831031438208, -0.1296837494756667, -0.023224222918068135]]	0.41662304792706173	[[-0.6298613333231504, 0.6298613333231503, 0.0], [-0.7071067811865475, -0.7071067811865476, 0.0], [0.0, 0.0, 0.8907584399999999]]
8	[[0.8592155572171323, 0.2624339665249735, -0.4391776855101157], [-0.4266000482917053, 0.8413623931712975, -0.33184593135155627], [0.2824199444684594, 0.4724804086637203, 0.8348660002631537]]	0.633199140707976	0.3668008592920243	[[0.5440545525128129, 0.166172962096199, -0.27808693308312293], [-0.27012278400428885, 0.532749944380072, -0.21012455857924342], [0.17882806615622285, 0.2991741887672211, 0.5286364339729337]]	0.7671400236323603	0.415175943368843	[[0.5014587116756692, 0.20414700061506139, -0.2933280063792505], [-0.35660340950418645, 0.7487087178477876, -0.25006741197380894], [0.24447149862404383, 0.32818117064993746, 0.4989385840047397]]	[[-0.15767993119317317, 0.0028234013331590955, 0.04358277366178501], [-0.02934143837612159, 0.10326595166697902, 0.0045048836455265865], [0.027815855750259997, -0.03427746121817624, -0.14152053916699017]]	0.5014609247682269	[[0.6391908609502122, -0.10966781384918607, -0.374429337399699], [-0.14644660940672619, 0.8535533905932737, -0.5], [0.374429337399699, 0.3744293373996991, 0.529523047101026]]
8	[[0.3802729664721569, 0.7767473726770865, -0.5020517802076895], [0.4287143634067757, 0.332951791095048, 0.839849450446521], [0.8195098935212374, -0.5346088512602871, -0.20639019011321075]]	0.6266536438264722	0.37334635617352796	[[0.238299440088479, 0.48675157142073505, -0.31461257745671567], [0.26865541798960235, 0.20864545310826216, 0.5262947183879726], [0.5135488609269276, -0.33501458466414336, -0.12933516468448183]]	0.7939205175803975	0.31997868750769215	[[0.3433362989781987, 0.5019532777223625, -0.3987192614734151], [0.4058912036289806, 0.30476953349813046, 0.7203484705440663], [0.5736979550502583, -0.4150809763060945, -0.06369262997648108]]	[[0.04142978861479078, -0.11472239842264377, -0.00013005227876634537], [0.06552607433892264, 0.04043227518262959, 0.05357476015595178], [-0.07692776377637883, 0.009355959589534361, 0.10016477658171583]]	0.4203955931125538	[[0.39672529921561667, 0.3967252992156168, -0.5610542986872495], [0.5, 0.5000000000000001, 0.7071067811865475], [0.5610542986872495, -0.5610542986872494, 0.0]]
8	[[-0.42203838922340475, -0.825029846081567, 0.3757783270710803], [0.2588054115689476, 0.28760896992378115, 0.9221175843470338], [-0.8688517462515349, 0.4864224845687207, 0.09214016247897017]]	0.6210739287606357	0.3789260712393643	[[-0.26211704048279033, -0.5124045278506614, 0.23338612193713498], [0.16073729374763956, 0.17862643289736227, 0.5727031908896791], [-0.5396211675549798, 0.30210432352860506, 0.057225852707457316]]	0.7943029912576227	0.33974299111866435	[[-0.25337984814830317, -0.5400707502829304, 0.3016602094854744], [0.26883334660414915, 0.23899760275769893, 0.8252938204120639], [-0.6311566868779441, 0.33466002887375873, 0.023673188809607008]]	[[0.0818465068373961, 0.11525292433647444, 0.003178360243129973], [0.06326343404127387, 0.010548937634715837, 0.09285306487396154], [0.058974854129059014, -0.05170680563414097, -0.04951401786240238]]	0.5383350173270307	[[-0.39672529921561667, -0.3967252992156168, 0.5610542986872495], [0.5, 0.5000000000000001, 0.7071067811865475], [-0.5610542986872495, 0.5610542986872494, 0.0]]
8	[[-0.30792515101507295, 0.09349718223056193, 0.9468053539599837], [0.3027085282091916, -0.9338174967034747, 0.1906631317268273], [0.9019698710720718, 0.34531602882779927, 0.2592434992682147]]	0.6705847448598786	0.32941525514012154	[[-0.20648990882938223, 0.06269778409119896, 0.6349132267172226], [0.2029917211560701, -0.6262037677725902, 0.12785578754321986], [0.6048472358641628, 0.23156366108751625, 0.1738447358133579]]	0.8199200813256643	0.2898883137181464	[[-0.22200986597290784, 0.0711710654594615, 0.7214342148460979], [0.24968744621342118, -0.8469850739943162, 0.11972326339501638], [0.6605439323723433, 0.24765323178618098, 0.15083880051344634]]	[[0.030464148889588233, -0.005489151798741274, -0.05487050797234615], [0.001490645146168694, -0.08132935615387471, -0.03660526707624971], [-0.07899927767036877, -0.03547831465336358, -0.061720150489698054]]	0.4626566295805278	[[-0.35338640863783594, -0.10350448271086181, 0.6032683345648102], [0.5, -0.8535533905932737, 0.14644660940672619], [0.49976385185394834, 0.353386408637836, 0.35338640863783594]]
8	[[0.8489524140446696, -0.5135124485683378, 0.12483895166604869], [0.522794976890395, 0.7815435453534784, -0.34040431673891397], [0.0772347773085365, 0.35425224329800037, 0.9319550081910795]]	0.7255285798694777	0.27447142013052234	[[0.615939239338594, -0.3725679575550843, 0.09057422731466266], [0.37930269714618464, 0.567032178566466, -0.2469730605050242], [0.056036038297197846, 0.2570201269955748, 0.6761599935951212]]	0.8689834570805939	0.2201433046408418	[[0.6956339954997064, -0.4362891547026315, 0.054333011160373694], [0.49620675238533063, 0.6670471304489793, -0.3076125809157836], [0.022403621190741112, 0.26671282752507836, 0.7713530273162561]]	[[-0.04209160815374637, 0.009944668108203377, -0.054149972636706456], [0.04190656602274595, -0.012101281451310236, -0.011806860950844586], [-0.04471212260168073, -0.04112651153457357, -0.038500457545201226]]	0.44570249186860506	[[0.6673673800838635, -0.6673673800838634, 0.0], [0.7071067811865475, 0.7071067811865476, 0.0], [0.0, 0.0, 0.9438]]
8	[[0.034229894132735264, 0.2773841392786001, 0.9601491309293217], [-0.1827544195208179, -0.9427759796974285, 0.2788803941677556], [0.9825625356654255, -0.18501754344446375, 0.018422055382213542]]	0.8149061080169003	0.1850938919830997	[[0.027894149805537824, 0.22604202936514187, 0.7824313914014227], [-0.14892769273459755, -0.7682739043470518, 0.2272613366134648], [0.8006962118223289, -0.15077192624317573, 0.015012245453191431]]	0.8933695015207143	0.16311375223621058	[[0.00914327878070207, 0.22293476762006756, 0.8179551912269756], [-0.16667902803219548, -0.8251727222182996, 0.25539135706115423], [0.849024715554568, -0.15171357068743774, 0.0]]	[[-0.021436664677766462, -0.02487176261700777, -0.03981275925689988], [-0.0034118033641749503, 0.017074584809695204, 0.006248118339606105], [-0.02876668714578214, 0.013575459872129922, -0.016457702433795112]]	0.36287487865092344	[[0.0, 0.0, 0.9438], [0.0, -1.0, 0.0], [0.9438, 0.0, 0.0]]
8	[[-0.3195682178843842, -0.5708200961323295, -0.7563336379995778], [0.910087742671785, 0.03735879733279218, -0.41272826520656647], [0.2638493031197415, -0.8202248094963509, 0.507557688474819]]	0.6167245392684938	0.3832754607315063	[[-0.19708556193960047, -0.35203876079240826, -0.46644951442855337], [0.56127344379316, 0.023040087072691312, -0.25453964920260436], [0.16272233990283572, -0.5058527677332252, 0.3130232815768144]]	0.7241954845088902	0.34504046185070514	[[-0.25774129569160914, -0.3869747027981635, -0.5378194746139787], [0.7453204829715475, 0.09489898796049479, -0.3573070976502195], [0.22468227991098105, -0.560060614227799, 0.2867050387572911]]	[[-0.02631143530718502, 0.026410633287800175, 0.009913930807496937], [0.08623904922175184, 0.06784391562540386, -0.0584111516584365], [0.03360380600084685, 0.033942489091623, -0.08086594736394274]]	0.42497263509453004	[[-0.3335260924723895, -0.33352609247238957, -0.4716771233797564], [0.8535533905932738, -0.14644660940672602, -0.5], [0.09768753078251148, -0.5693646541622678, 0.3335260924723895]]
8	[[0.22433838825039393, -0.7661379269479729, -0.6022499185961573], [-0.9416906372873723, -0.011392912655017143, -0.3362869982418849], [0.2507808429735371, 0.642575192824231, -0.724020780340167]]	0.6024930082696891	0.3975069917303108	[[0.13516231040735335, -0.4615927443563876, -0.3628513651851742], [-0.5673620249186697, -0.006864150218475043, -0.20261056521273685], [0.1510937044995349, 0.38714706096414647, -0.43621745799691514]]	0.7332713759889116	0.4437629158070905	[[0.20777224279091144, -0.47889132432144343, -0.35475903858823304], [-0.8102435120597488, 0.04581969087577395, -0.20873562532473947], [0.1656214068278323, 0.354759038588233, -0.39933199834228217]]	[[0.043271324151410336, 0.08289568756898895, 0.0868535879099812], [-0.11972872270016237, 0.05417378761483998, 0.03785400460326813], [-0.018269006971032373, -0.11642295723033115, 0.1315717155023176]]	0.43340576456160185	[[0.10350448271086193, -0.6032683345648101, -0.35338640863783594], [-0.8535533905932738, 0.14644660940672602, -0.5], [0.35338640863783594, 0.353386408637836, -0.49976385185394834]]
8	[[0.04673222253661188, -0.9725397674033924, -0.22799671093185395], [-0.8377629715199755, -0.16246744520517667, 0.5213036857710898], [-0.5440306084466285, 0.16664552219444034, -0.8223502702654952]]	0.6113058716640889	0.3886941283359111	[[0.028567682032543673, -0.5945192702405211, -0.13937572811274232], [-0.5121294235529159, -0.09931730320818816, 0.3186760040319983], [-0.3325691053084109, 0.10187138620398963, -0.5027075487778476]]	0.7423297676654652	0.41752461495384113	[[-0.01323469682290706, -0.7674613680503547, -0.1277103432430104], [-0.6801208726519494, -0.15226395369121254, 0.2794736146213025], [-0.26738401436134795, 0.0306988808946076, -0.5527618142598025]]	[[-0.04792541672100108, -0.04551614846836883, 0.04153840221152301], [-0.058224480644796336, -0.03165953283885188, -0.10750562932030128], [0.13646610080973942, -0.09300705087848143, 0.05769327080601502]]	0.4195469271470625	[[-0.10350448271086193, -0.6032683345648101, -0.35338640863783594], [-0.8535533905932738, -0.14644660940672602, 0.5], [-0.35338640863783594, 0.353386408637836, -0.49976385185394834]]
8	[[0.5319609947059123, -0.8460851799387872, 0.03402011756955908], [-0.703274286200726, -0.4190807785627857, 0.5742617690636116], [-0.47161719485230363, -0.3294103357928521, -0.8179645788128509]]	0.6446381233398604	0.35536187666013974	[[0.34292233731722466, -0.5454187625814076, 0.021930664745841967], [-0.4533574160496159, -0.2701554466205217, 0.37019102911499485], [-0.3040224234243983, -0.21235046067425745, -0.5272911510443955]]	0.7583178507536598	0.32367246143239625	[[0.42442797375738517, -0.5801600054472018, 0.028331277620933296], [-0.6025189795588514, -0.3759000278818112, 0.5649596783125596], [-0.2957101243430448, -0.31321942028028305, -0.5740097689365955]]	[[0.021032455567218653, 0.06144148975850255, 0.002533215183198434], [-0.0692135343568027, -0.05810359258990909, 0.12948672782624712], [0.0619256132358241, -0.06342168242580606, 0.04626737246138821]]	0.4075353351332687	[[0.529523047101026, -0.5295230471010259, 0.0], [-0.5, -0.5000000000000001, 0.7071067811865475], [-0.374429337399699, -0.3744293373996991, -0.529523047101026]]
