8	[[0.22433838825039393, -0.7661379269479729, -0.6022499185961573], [-0.9416906372873723, -0.011392912655017143, -0.3362869982418849], [0.2507808429735371, 0.642575192824231, -0.724020780340167]]	0.9169125876212436	0.0830874123787565	[[0.20569869207344782, -0.7024815090726412, -0.552210531254686], [-0.8634479989738626, -0.01044630502305455, -0.30834578174134725], [0.22994411165670264, 0.5891852827936852, -0.6638637671932544]]	0.9174547532135442	0.08071662496811037	[[0.1970848834620874, -0.7146533730272164, -0.5512856892448693], [-0.8715461696434733, -0.005955722105429839, -0.32053889340888475], [0.23927801642315924, 0.5821054169029926, -0.6729917435149678]]	[[-0.008735437166502116, -0.011756490331627633, 0.0012513611936451562], [-0.007587618407482144, 0.004496759762862414, -0.012010788427952607], [0.009197940022188164, -0.007428248050707801, -0.008735437166502116]]	0.2949439196899145	[[0.14313918678882934, -0.8342763188941236, -0.4887077528414763], [-0.8535533905932738, 0.14644660940672602, -0.5], [0.4887077528414763, 0.4887077528414764, -0.6911371321052945]]
8	[[-0.8305561570912853, 0.32773595720904825, 0.4502950280316503], [-0.5100865793185324, -0.772219296347621, -0.37879947194723407], [0.22358030216652452, -0.5443036842615101, 0.808545204538665]]	0.9005304341292417	0.09946956587075834	[[-0.7479410967141298, 0.29513620382522676, 0.4055043770795811], [-0.45934848871721795, -0.6954069781829006, -0.3411204529205702], [0.20134086657276734, -0.4901620330861634, 0.7281195640563206]]	0.9005304341292416	0.09946956587075859	[[-0.7479410967141296, 0.29513620382522676, 0.405504377079581], [-0.45934848871721784, -0.6954069781829009, -0.3411204529205702], [0.20134086657276734, -0.4901620330861634, 0.7281195640563202]]	[[0.0, 0.0, 0.0], [0.0, 0.0, 0.0], [0.0, 0.0, 0.0]]	0.3693678066703937	[[-0.69377347129622, 0.49057192616088774, 0.49057192616088763], [-0.7071067811865475, -0.5000000000000001, -0.5], [0.0, -0.6937734712962199, 0.69377347129622]]
8	[[0.034229894132735264, 0.2773841392786001, 0.9601491309293217], [-0.1827544195208179, -0.9427759796974285, 0.2788803941677556], [0.9825625356654255, -0.18501754344446375, 0.018422055382213542]]	0.8973515430957241	0.10264845690427599	[[0.03071624832001326, 0.248911085411931, 0.8615913042414455], [-0.1639949603645692, -0.8460014801750707, 0.2502537520455793], [0.881704007567417, -0.1660257781096697, 0.0165310598242242]]	0.9351670512552479	0.12228683005916972	[[0.012377985095615036, 0.24489578920642194, 0.8903876912104292], [-0.16305130421861036, -0.8280795978185532, 0.2520012623764756], [0.9248206583256462, -0.16689438230557385, 0.0]]	[[-0.019632684065274315, -0.014504718387721533, -0.0075121403260336285], [0.007854607388537445, 0.05357343510936856, -0.008798493490285612], [0.00596054917353095, 0.006127928227875048, -0.01722769920984551]]	0.3399792212641687	[[0.0, 0.0, 0.9962], [0.0, -1.0, 0.0], [0.9962, 0.0, 0.0]]
8	[[0.04673222253661188, -0.9725397674033924, -0.22799671093185395], [-0.8377629715199755, -0.16246744520517667, 0.5213036857710898], [-0.5440306084466285, 0.16664552219444034, -0.8223502702654952]]	0.9047728431655695	0.09522715683443059	[[0.04228204585189654, -0.8799275704451491, -0.20628523238221202], [-0.7579851856409641, -0.14699613232013417, 0.4716614179277996], [-0.49222412037335084, 0.1507763429166748, -0.7440401921060866]]	0.9047728431655698	0.09522715683443028	[[0.04228204585189656, -0.8799275704451494, -0.2062852323822121], [-0.7579851856409647, -0.14699613232013423, 0.4716614179277998], [-0.49222412037335095, 0.15077634291667485, -0.7440401921060866]]	[[0.0, 0.0, 0.0], [0.0, 0.0, 0.0], [0.0, 0.0, 0.0]]	0.3237029976600324	[[-1.9516393759201937e-16, -0.9774155056829528, 0.0], [-0.7071067811865476, 1.3401577416544657e-16, 0.7071067811865475], [-0.6911371321052944, 1.0851491990348547e-16, -0.6911371321052945]]
8	[[0.08740825448676931, -0.06334395238859675, -0.994156597696443], [0.7119981850616444, -0.6940087028176986, 0.10681996481098455], [-0.6967197295301035, -0.717174639895393, -0.015561310176609944]]	0.9448741784639519	0.05512582153604815	[[0.0825898026491542, -0.05985206497383503, -0.9393528985129443], [0.672748700177946, -0.6557509029217057, 0.10093142649432728], [-0.6583124820593833, -0.6776397986863402, -0.014703480168947066]]	0.9670972989261652	0.05456146003967795	[[0.06814328028880798, -0.05732104193557148, -0.9437093682652923], [0.679531850267028, -0.6726121671580154, 0.09007807517229277], [-0.6808163227831057, -0.7029363809672426, -0.00765247812719068]]	[[-0.01638900652919749, 0.0039387233227480434, 0.01773679207656401], [-0.00903967134642025, -0.0014382252317674724, -0.013227224267798404], [-0.007020554245974103, -0.009358723866062854, 0.007396822912361043]]	0.11435979752065352	[[0.0, 0.0, -0.9886432651279999], [0.7071067811865475, -0.7071067811865476, 0.0], [-0.6990763569464186, -0.6990763569464185, 0.0]]
8	[[-0.42203838922340475, -0.825029846081567, 0.3757783270710803], [0.2588054115689476, 0.28760896992378115, 0.9221175843470338], [-0.8688517462515349, 0.4864224845687207, 0.09214016247897017]]	0.874122315729559	0.125877684270441	[[-0.36891317411473556, -0.721176999602821, 0.3284762214603523], [0.22622758568399007, 0.2514054188143687, 0.8060435582043762], [-0.759482700459063, 0.42519274863413586, 0.0805417721978152]]	0.8814237662772927	0.19265398015475402	[[-0.30054516636924894, -0.6850547450106388, 0.35701261775014487], [0.25752519774521415, 0.23424257821660582, 0.8288955220357894], [-0.795811262581238, 0.4027868277613228, 0.02224822262374729]]	[[0.0714495001736464, 0.042146169213751104, 0.025792669417772977], [0.02940795714716752, -0.019262803268746007, 0.016119167890107602], [-0.029984684063607513, -0.025957510589197257, -0.058966306413868255]]	0.47936119198208754	[[-0.4924432103602566, -0.49244321036025673, 0.6964198667900221], [0.5, 0.5000000000000001, 0.7071067811865475], [-0.6964198667900221, 0.696419866790022, 0.0]]
8	[[-0.3195682178843842, -0.5708200961323295, -0.7563336379995778], [0.910087742671785, 0.03735879733279218, -0.41272826520656647], [0.2638493031197415, -0.8202248094963509, 0.507557688474819]]	0.9136311725684838	0.08636882743151632	[[-0.2919674856213306, -0.5215190337550348, -0.6910099885385413], [0.8314845314774274, 0.034132161812907284, -0.37708140889283154], [0.2410609481906667, -0.7493829544699122, 0.4637205260673979]]	0.9136311725684838	0.0863688274315164	[[-0.2919674856213307, -0.5215190337550348, -0.6910099885385416], [0.8314845314774273, 0.03413216181290728, -0.3770814088928314], [0.24106094819066667, -0.7493829544699123, 0.463720526067398]]	[[0.0, 0.0, 0.0], [0.0, 0.0, 0.0], [0.0, 0.0, 0.0]]	0.23385820203565258	[[-0.4868506633806786, -0.4868506633806787, -0.6885108110032943], [0.8535533905932738, -0.14644660940672602, -0.5], [0.14259525787903177, -0.8311060688823257, 0.4868506633806786]]
8	[[0.8592155572171323, 0.2624339665249735, -0.4391776855101157], [-0.4266000482917053, 0.8413623931712975, -0.33184593135155627], [0.2824199444684594, 0.4724804086637203, 0.8348660002631537]]	0.908989606504058	0.09101039349594206	[[0.7810180112569659, 0.2385497479648348, -0.3992079515372031], [-0.38777501003128934, 0.7647896706960902, -0.3016445025592238], [0.25671679419128285, 0.4294797807521117, 0.7588845170628209]]	0.9089896065040581	0.09101039349594198	[[0.781018011256966, 0.23854974796483483, -0.39920795153720307], [-0.38777501003128934, 0.7647896706960904, -0.3016445025592238], [0.2567167941912829, 0.42947978075211174, 0.7588845170628211]]	[[0.0, 0.0, 0.0], [0.0, 0.0, 0.0], [0.0, 0.0, 0.0]]	0.3086234540331259	[[0.827947865820573, 0.14205339589909127, -0.485000630859832], [-0.2499999999999999, 0.9571067811865475, -0.14644660940672619], [0.44339415449156555, 0.24250031542991599, 0.827947865820573]]
8	[[0.8787972042104137, -0.3840163418041313, 0.28327887866788265], [-0.395223040501579, -0.9183905790867732, -0.018907472103605397], [0.2674214316928388, -0.09534250611366366, -0.9588511794847616]]	0.8948371227613272	0.10516287723867285	[[0.7863803617063452, -0.3436320783933392, 0.25348845672622317], [-0.3536602484114164, -0.8218099833611172, -0.016919107935880313], [0.23929862450073466, -0.08531601384760504, -0.858015630606449]]	0.8948371227613273	0.10516287723867267	[[0.7863803617063453, -0.3436320783933393, 0.2534884567262232], [-0.3536602484114165, -0.8218099833611174, -0.016919107935880327], [0.23929862450073466, -0.08531601384760504, -0.8580156306064491]]	[[0.0, 0.0, 0.0], [0.0, 0.0, 0.0], [0.0, 0.0, 0.0]]	0.3100022010959837	[[0.6858944699214817, -0.48500063085983214, 0.485000630859832], [-0.5, -0.8535533905932737, -0.14644660940672619], [0.485000630859832, -0.14205339589909127, -0.827947865820573]]
8	[[-0.30792515101507295, 0.09349718223056193, 0.9468053539599837], [0.3027085282091916, -0.9338174967034747, 0.1906631317268273], [0.9019698710720718, 0.34531602882779927, 0.2592434992682147]]	0.900056646253533	0.09994335374646718	[[-0.27715007871973923, 0.084152760272595, 0.852178451540112], [0.2724548226923079, -0.8404886442957992, 0.1716076189062438], [0.8118239771788605, 0.31080398680433735, 0.23333383451437953]]	0.900056646253533	0.09994335374646714	[[-0.2771500787197393, 0.08415276027259498, 0.852178451540112], [0.2724548226923079, -0.8404886442957991, 0.17160761890624374], [0.8118239771788606, 0.3108039868043373, 0.23333383451437956]]	[[0.0, 0.0, 0.0], [0.0, 0.0, 0.0], [0.0, 0.0, 0.0]]	0.36882154123952293	[[-0.4887077528414763, -0.14313918678882917, 0.8342763188941237], [0.5, -0.8535533905932737, 0.14644660940672619], [0.6911371321052945, 0.4887077528414764, 0.4887077528414763]]
8	[[0.8489524140446696, -0.5135124485683378, 0.12483895166604869], [0.522794976890395, 0.7815435453534784, -0.34040431673891397], [0.0772347773085365, 0.35425224329800037, 0.9319550081910795]]	0.8891570300402954	0.11084296995970472	[[0.7548520071174977, -0.4565932036577431, 0.11100143149672784], [0.46484682897184854, 0.6949149376336617, -0.3026728912844688], [0.06867384520748193, 0.3149858725359621, 0.8286543472143593]]	0.9228229804038687	0.13444567736075091	[[0.7778956903705221, -0.48940058108187395, 0.0669728778159004], [0.5102561613423423, 0.6685883519189022, -0.2898423341834635], [0.024613398876356173, 0.3037082973552167, 0.862079690314047]]	[[-0.0055371065792389935, -0.015519492819552179, -0.048231375631057186], [0.02780894262817641, -0.05263799191960079, 0.024290591931883678], [-0.04666062851033658, -0.023203813619800458, 0.002050192052843304]]	0.4281629492959994	[[0.7044197754180387, -0.7044197754180386, 0.0], [0.7071067811865475, 0.7071067811865476, 0.0], [0.0, 0.0, 0.9962]]
8	[[0.3802729664721569, 0.7767473726770865, -0.5020517802076895], [0.4287143634067757, 0.332951791095048, 0.839849450446521], [0.8195098935212374, -0.5346088512602871, -0.20639019011321075]]	0.8879557309179067	0.11204426908209351	[[0.33766555989210467, 0.689717281044046, -0.4457997554529552], [0.3806793759138686, 0.29564645102222953, 0.745749132632243], [0.7276885064961061, -0.4747089932760108, -0.1832653521162618]]	0.8879557309179066	0.11204426908209358	[[0.33766555989210467, 0.6897172810440457, -0.44579975545295514], [0.3806793759138686, 0.2956464510222295, 0.7457491326322427], [0.7276885064961061, -0.4747089932760107, -0.18326535211626171]]	[[0.0, 0.0, 0.0], [0.0, 0.0, 0.0], [0.0, 0.0, 0.0]]	0.3673289863889136	[[0.4924432103602566, 0.49244321036025673, -0.6964198667900221], [0.5, 0.5000000000000001, 0.7071067811865475], [0.6964198667900221, -0.696419866790022, 0.0]]
8	[[-0.5446221603179724, 0.8109226453022452, -0.2139887049042392], [-0.8354447797583356, -0.5021691245819775, 0.22328947644507607], [0.07361197229480154, 0.30038414347728, 0.9509735242804028]]	0.8847002216834151	0.115299778316585	[[-0.4818273459670105, 0.7174234440669979, -0.18931585466652734], [-0.7391181818564514, -0.44426913584024197, 0.19754424931053252], [0.06512452820776435, 0.2657499183245323, 0.8413264877459309]]	0.8847002216834152	0.11529977831658483	[[-0.4818273459670106, 0.7174234440669979, -0.18931585466652737], [-0.7391181818564515, -0.4442691358402421, 0.19754424931053247], [0.06512452820776433, 0.2657499183245324, 0.8413264877459312]]	[[0.0, 0.0, 0.0], [0.0, 0.0, 0.0], [0.0, 0.0, 0.0]]	0.38234498037674713	[[-0.7017429802714501, 0.70174298027145, 0.0], [-0.7071067811865475, -0.7071067811865476, 0.0], [0.0, 0.0, 0.9924144399999999]]
8	[[0.5319609947059123, -0.8460851799387872, 0.03402011756955908], [-0.703274286200726, -0.4190807785627857, 0.5742617690636116], [-0.47161719485230363, -0.3294103357928521, -0.8179645788128509]]	0.8964428744252397	0.10355712557476038	[[0.4768726431762777, -0.7584670307129227, 0.030497091982340144], [-0.6304452226311373, -0.37568197775119094, 0.5147928709319072], [-0.42277787378176745, -0.2952975482835277, -0.7332585182090228]]	0.8987866912215637	0.14621165679552073	[[0.5421790291708415, -0.7449222930965971, -0.0014778214947989924], [-0.5874556347446084, -0.3925605655738222, 0.5834258364247746], [-0.40520218258964114, -0.3826395573964415, -0.7438773154962415]]	[[0.06405956688018266, 0.015527806272186907, -0.03205465040011159], [0.04463793397094917, -0.01589633925481925, 0.0672870011130494], [0.018681075494856408, -0.0865699316349996, -0.008701638168599247]]	0.2883566165626386	[[0.69377347129622, -0.6937734712962199, 0.0], [-0.5, -0.5000000000000001, 0.7071067811865475], [-0.49057192616088763, -0.49057192616088774, -0.69377347129622]]
