8	[[0.8787972042104137, -0.3840163418041313, 0.28327887866788265], [-0.395223040501579, -0.9183905790867732, -0.018907472103605397], [0.2674214316928388, -0.09534250611366366, -0.9588511794847616]]	0.8273801151236225	0.17261988487637758	[[0.7270993319899297, -0.31772748509125454, 0.23437931124432346], [-0.3269996847497046, -0.7598581030532646, -0.0156436664457777], [0.22125917494054484, -0.07888449368449772, -0.7933343992685233]]	0.8531867249695809	0.24152788780945147	[[0.6968042965215098, -0.3169552875957029, 0.1500858877413659], [-0.3601730034965908, -0.8405085544396679, -0.024873407457653034], [0.13639139591956057, -0.05723344604574522, -0.8180790975578236]]	[[-0.05297381205119718, 0.010682357402963052, -0.0916038910023402], [-0.022973951938528595, -0.05694990402570707, -0.008741803256124232], [-0.09176901957312905, 0.024111514495763722, 0.0]]	0.32793362100065193	[[0.6306603285436545, -0.4459441949385541, 0.445944194938554], [-0.5, -0.8535533905932737, -0.14644660940672619], [0.445944194938554, -0.1306140306667268, -0.7612743592103814]]
8	[[0.04673222253661188, -0.9725397674033924, -0.22799671093185395], [-0.8377629715199755, -0.16246744520517667, 0.5213036857710898], [-0.5440306084466285, 0.16664552219444034, -0.8223502702654952]]	0.8237560842843243	0.17624391571567574	[[0.03849595264666304, -0.801135550607006, -0.18781367782692904], [-0.6901123449776949, -0.13383354648589435, 0.42942708291377885], [-0.44814852374481323, 0.1372752628264087, -0.6774160385440602]]	0.835524379980705	0.15430073810557632	[[0.06463980615057373, -0.8381745810568492, -0.15430157727080884], [-0.7482634074613259, -0.14403111216441583, 0.4638507492623544], [-0.4620471150693616, 0.0955448850834356, -0.7126875945810939]]	[[0.02559389489055082, -0.025593894890550827, 0.036195233268168446], [-0.04829202011130555, -0.008285600742311494, 0.028288810426808527], [-0.007496278256466614, -0.043691511524635046, -0.02559389489055082]]	0.34607767418586016	[[1.8325390179955623e-16, -0.9177679406644221, 0.0], [-0.7071067811865476, -1.3401577416544657e-16, 0.7071067811865475], [-0.6489599343994258, -1.018927098988456e-16, -0.6489599343994259]]
8	[[-0.5446221603179724, 0.8109226453022452, -0.2139887049042392], [-0.8354447797583356, -0.5021691245819775, 0.22328947644507607], [0.07361197229480154, 0.30038414347728, 0.9509735242804028]]	0.8390863600064338	0.16091363999356634	[[-0.4569850260800478, 0.6804341306934493, -0.17955500348058898], [-0.7010103192337985, -0.4213632628531089, 0.18735915401804115], [0.061766801885739464, 0.2520482375540012, 0.7979489129509331]]	0.8557241307439559	0.15272427437227587	[[-0.4661153014504746, 0.6938570990233709, -0.1552628809377544], [-0.7351053839747753, -0.45005532004534393, 0.19107419313523574], [0.08268617433021558, 0.23735132674046486, 0.8138685402502714]]	[[-6.89767284821329e-05, -6.897672848213289e-05, 0.027852417555450582], [-0.02019512603149776, -0.020337082425977884, 0.0], [0.01969463332589835, -0.019694633325898346, 9.754782490755889e-05]]	0.3881713758811845	[[-0.6871675296122081, 0.687167529612208, 0.0], [-0.7071067811865475, -0.7071067811865476, 0.0], [0.0, 0.0, 0.97180164]]
8	[[-0.3195682178843842, -0.5708200961323295, -0.7563336379995778], [0.910087742671785, 0.03735879733279218, -0.41272826520656647], [0.2638493031197415, -0.8202248094963509, 0.507557688474819]]	0.8274769475077295	0.17252305249227046	[[-0.2644353334554553, -0.47234047072364876, -0.6258486500693069], [0.7530766272702487, 0.030913543579498784, -0.34152312504329035], [0.21832921594756538, -0.6787171216321494, 0.41999228674322225]]	0.8321990194007124	0.1837801389657454	[[-0.28688478538119155, -0.5067803003781506, -0.6332764530967979], [0.7944234799768385, 0.00666457989522708, -0.2978107724811532], [0.17962893938718455, -0.6746166364051565, 0.4507954792014862]]	[[-0.020940427826173884, -0.031744376122605444, -0.003856341213776017], [0.03704935295677115, -0.024425374611112577, 0.04566128510270849], [-0.03994619193862564, 0.007973645745842915, 0.02840646856344955]]	0.26715988988408423	[[-0.45236781795349357, -0.4523678179534937, -0.6397447033309541], [0.8535533905932738, -0.14644660940672602, -0.5], [0.13249546628801678, -0.7722401696189707, 0.45236781795349357]]
8	[[-0.8305561570912853, 0.32773595720904825, 0.4502950280316503], [-0.5100865793185324, -0.772219296347621, -0.37879947194723407], [0.22358030216652452, -0.5443036842615101, 0.808545204538665]]	0.842119030693887	0.15788096930611306	[[-0.6994271459465528, 0.2759926866084169, 0.37920201253229], [-0.429553615745683, -0.6503005653233741, -0.31899424414356103], [0.18828122734272001, -0.4583684909934144, 0.6808913039182911]]	0.8451279126118514	0.15159502056915677	[[-0.7052145249321048, 0.280267138986556, 0.3862598895437993], [-0.43615548861681996, -0.6689722280620143, -0.3201340070252375], [0.19601901888256817, -0.45671790292424425, 0.687974526914241]]	[[-0.0032883335826260052, 0.0032883335826260052, 0.005702992443915701], [-0.005067082586029238, -0.01634814606115664, -4.0470798763352644e-18], [0.007065064811446302, 0.0032883335826260065, 0.004650405950156608]]	0.39086521032149946	[[-0.6583079066741996, 0.46549398491804733, 0.4654939849180472], [-0.7071067811865475, -0.5000000000000001, -0.5], [0.0, -0.6583079066741995, 0.6583079066741996]]
8	[[-0.30792515101507295, 0.09349718223056193, 0.9468053539599837], [0.3027085282091916, -0.9338174967034747, 0.1906631317268273], [0.9019698710720718, 0.34531602882779927, 0.2592434992682147]]	0.8512629220305681	0.14873707796943206	[[-0.26212526381979495, 0.07959068454721265, 0.8059802922061619], [0.2576845462469291, -0.7949242108870702, 0.16230445463727816], [0.7678135080323467, 0.2939547317239444, 0.2206843787044899]]	0.855166069741326	0.25566729248989223	[[-0.2621964603782213, 0.08105092401678521, 0.7493355113314657], [0.24305395011576586, -0.8497638095450719, 0.11964829843978879], [0.6855541607211881, 0.26860511765721445, 0.18114553636143615]]	[[0.0011306807898428973, 0.001095306156787025, -0.060340302024538425], [-0.015812112230069814, -0.051194771033477915, -0.043400342563614844], [-0.08577986894860597, -0.026697433534137078, -0.04055070801375137]]	0.37768311527905557	[[-0.45888397033221096, -0.13440400313249812, 0.7833639375319241], [0.5, -0.8535533905932737, 0.14644660940672619], [0.6489599343994259, 0.45888397033221107, 0.45888397033221096]]
8	[[0.3802729664721569, 0.7767473726770865, -0.5020517802076895], [0.4287143634067757, 0.332951791095048, 0.839849450446521], [0.8195098935212374, -0.5346088512602871, -0.20639019011321075]]	0.8247234005787419	0.17527659942125834	[[0.3136200140570831, 0.6406017345848499, -0.4140538514394969], [0.3535707676657867, 0.27459313338069086, 0.6926434947464424], [0.6758689861927574, -0.44090442979087885, -0.1702148194362602]]	0.8685897726935731	0.2180872149542963	[[0.34490219181007986, 0.6289468832207206, -0.42792992984683625], [0.403373319609688, 0.30408466995416256, 0.7225826747950725], [0.6745777998687722, -0.4543776026114908, -0.08627726413956464]]	[[0.014600982300518345, -0.04572794065320014, 0.008147111804164404], [0.030996408147726764, 0.014886149408996865, -0.006901968465093507], [-0.037240112264973584, 0.00997817798465429, 0.09299114417705243]]	0.3723725791562935	[[0.4721992137533447, 0.47219921375334484, -0.6677905322318924], [0.5, 0.5000000000000001, 0.7071067811865475], [0.6677905322318924, -0.6677905322318923, 0.0]]
8	[[-0.42203838922340475, -0.825029846081567, 0.3757783270710803], [0.2588054115689476, 0.28760896992378115, 0.9221175843470338], [-0.8688517462515349, 0.4864224845687207, 0.09214016247897017]]	0.8124072898685836	0.1875927101314164	[[-0.3428670640094888, -0.6702602613158206, 0.30528505228716657], [0.2102554030160521, 0.23365562379767404, 0.7491350476395388], [-0.7058614924697958, 0.39517317241961736, 0.07485533968759113]]	0.8644771365175595	0.22106946002787647	[[-0.2895090251286361, -0.6548894023780536, 0.34534877025664773], [0.258575671253096, 0.23415118301747, 0.8305418347644712], [-0.7612959544477067, 0.38636114148394946, 0.023066448282380924]]	[[0.07533351308769604, 0.058330036504062543, 0.0204969981048813], [0.03484431014472374, -0.01448019573900524, 0.03339226591565819], [-0.010193484789898587, -0.034139975113775, -0.056586615535701865]]	0.4882159897385195	[[-0.4721992137533447, -0.47219921375334484, 0.6677905322318924], [0.5, 0.5000000000000001, 0.7071067811865475], [-0.6677905322318924, 0.6677905322318923, 0.0]]
8	[[0.8592155572171323, 0.2624339665249735, -0.4391776855101157], [-0.4266000482917053, 0.8413623931712975, -0.33184593135155627], [0.2824199444684594, 0.4724804086637203, 0.8348660002631537]]	0.8429662940744371	0.15703370592556287	[[0.7242897540784285, 0.2212229882008118, -0.37021198599465094], [-0.35960946176043485, 0.7092401385452082, -0.2797349349551015], [0.23807049396128563, 0.39828505911403184, 0.7037638982905787]]	0.8581826962459891	0.1808953840820972	[[0.7497032394515873, 0.15562265326217417, -0.3522052540522962], [-0.3569686572932853, 0.75700823956438, -0.38447044601960656], [0.28071174065072446, 0.39684930515911176, 0.728689704260319]]	[[0.012339315902488745, -0.06959363571675728, 0.024689436229847976], [0.009132122368359516, 0.03496559247265797, -0.09968600991406651], [0.03834383123313947, -0.008625205871326615, 0.012222149150381221]]	0.34374113653379296	[[0.7612743592103814, 0.1306140306667268, -0.445944194938554], [-0.2499999999999999, 0.9571067811865475, -0.14644660940672619], [0.4076882310743774, 0.22297209746927696, 0.7612743592103814]]
8	[[0.034229894132735264, 0.2773841392786001, 0.9601491309293217], [-0.1827544195208179, -0.9427759796974285, 0.2788803941677556], [0.9825625356654255, -0.18501754344446375, 0.018422055382213542]]	0.8839296693121157	0.11607033068788436	[[0.030256819001337407, 0.24518807050495883, 0.8487043037926706], [-0.16154205361236423, -0.8333476599693539, 0.2465106545943367], [0.8685161772292135, -0.16354249599380485, 0.01628380132204949]]	0.9273032756519022	0.12379952077238113	[[0.010320127754811803, 0.2408876983412614, 0.8759208660331536], [-0.16401565124171688, -0.8274766570095855, 0.2524925432316871], [0.9097396124320685, -0.16351675900401072, 0.0]]	[[-0.021421365199691435, -0.01633152262566797, -0.014428568191933637], [0.005453120619799509, 0.04676259716977108, -0.0061141597951662715], [-0.0013938454233195334, 0.00805061508510865, -0.017082832300167373]]	0.34436363365108014	[[0.0, 0.0, 0.9858], [0.0, -1.0, 0.0], [0.9858, 0.0, 0.0]]
8	[[0.22433838825039393, -0.7661379269479729, -0.6022499185961573], [-0.9416906372873723, -0.011392912655017143, -0.3362869982418849], [0.2507808429735371, 0.642575192824231, -0.724020780340167]]	0.83701102105526	0.16298897894474007	[[0.18777370341135363, -0.6412658885038829, -0.5040898192946169], [-0.7882054418340821, -0.009535993454169332, -0.2814759237660485], [0.20990632943837909, 0.5378425182505903, -0.6060133726177496]]	0.8494706059467625	0.1447887005326008	[[0.18104770696772768, -0.7063050341274403, -0.47908633092096414], [-0.8612750911572372, -0.0202016369280259, -0.32159605386745677], [0.2455382270008724, 0.5133414660544552, -0.6610065964413044]]	[[-0.009521159636454429, -0.05549338508414951, 0.03250727236030196], [-0.06133657488634016, -0.010523692511469993, -0.03593013369890508], [0.03250727236030196, -0.032507272360301966, -0.0459722254476951]]	0.31679400878262065	[[0.13440400313249826, -0.783363937531924, -0.45888397033221096], [-0.8535533905932738, 0.14644660940672602, -0.5], [0.45888397033221096, 0.45888397033221107, -0.6489599343994259]]
8	[[0.8489524140446696, -0.5135124485683378, 0.12483895166604869], [0.522794976890395, 0.7815435453534784, -0.34040431673891397], [0.0772347773085365, 0.35425224329800037, 0.9319550081910795]]	0.8604108812486274	0.13958911875137264	[[0.7304478947063238, -0.4418316984048239, 0.10741279241713975], [0.44981848677862046, 0.6724485705917629, -0.2928875781461658], [0.0664536428070794, 0.3048024848403357, 0.8018642298817585]]	0.9098112457473789	0.1490003619967365	[[0.7651732952568608, -0.47495144996457395, 0.054740851520073644], [0.49992166787619735, 0.6733905993081649, -0.28858317687257967], [0.02213135171018548, 0.28873121699807097, 0.8479031469828348]]	[[-0.0072131581453645476, -0.00775204942582767, -0.05883903061301095], [0.024276918681074948, -0.03766650729570652, 0.021120498597436976], [-0.04813771724791552, -0.03357145778568636, 0.0]]	0.43142113101014345	[[0.6970658648936986, -0.6970658648936985, 0.0], [0.7071067811865475, 0.7071067811865476, 0.0], [0.0, 0.0, 0.9858]]
8	[[0.08740825448676931, -0.06334395238859675, -0.994156597696443], [0.7119981850616444, -0.6940087028176986, 0.10681996481098455], [-0.6967197295301035, -0.717174639895393, -0.015561310176609944]]	0.907787472257467	0.09221252774253294	[[0.07934811839498171, -0.057502846421641565, -0.9024829048509376], [0.6463430326690144, -0.6300124060555622, 0.09696982584239523], [-0.6324734421420388, -0.651042153517798, -0.014126362430239138]]	0.9486203687156749	0.08085785848840453	[[0.06794384588739824, -0.06420044138161743, -0.9161491013978148], [0.6793513679830782, -0.6620680039864226, 0.10174424854499815], [-0.6599304249159277, -0.6778895984848974, 0.0]]	[[-0.014973404712634388, -0.004111077910838626, 0.026928096870106097], [0.003935387145009753, -0.0037172124276102832, 0.00041265413980659527], [0.0009921018024042529, 0.0024368728462017724, 0.014761775797434706]]	0.1305257189490063	[[0.0, 0.0, -0.958002056712], [0.7071067811865475, -0.7071067811865476, 0.0], [-0.6774097506917147, -0.6774097506917146, 0.0]]
8	[[0.5319609947059123, -0.8460851799387872, 0.03402011756955908], [-0.703274286200726, -0.4190807785627857, 0.5742617690636116], [-0.47161719485230363, -0.3294103357928521, -0.8179645788128509]]	0.8420168187813267	0.15798318121867339	[[0.4479201044780224, -0.712417951630084, 0.028645511170486852], [-0.5921687771974437, -0.3528730639778385, 0.48353806793467907], [-0.3971096100921098, -0.27736904301798593, -0.6887399325278044]]	0.866242589848688	0.17421106478349932	[[0.5215538862725608, -0.717715400047082, 0.005396705199716424], [-0.5948763070747073, -0.39049888350098566, 0.5672981291013283], [-0.37738049693431897, -0.3687942897375251, -0.7123186948473657]]	[[0.060746616520027316, 0.015199617455686334, -0.02407296955069529], [0.014329831977797055, -0.027473264522953622, 0.06984812701657626], [0.031154403351713822, -0.08344502733739895, -0.0037629396920304268]]	0.3084246392891462	[[0.6583079066741996, -0.6583079066741995, 0.0], [-0.5, -0.5000000000000001, 0.7071067811865475], [-0.4654939849180472, -0.46549398491804733, -0.6583079066741996]]
