8	[[-0.3195682178843842, -0.5708200961323295, -0.7563336379995778], [0.910087742671785, 0.03735879733279218, -0.41272826520656647], [0.2638493031197415, -0.8202248094963509, 0.507557688474819]]	0.5034307202105227	0.4965692797894771	[[-0.1608804580859288, -0.28736837210653854, -0.3807615880975722], [0.4581661277480257, 0.01880756624744659, -0.2077800878041814], [0.132829844696616, -0.41292636657928683, 0.2555201326572663]]	0.6793814899333414	0.5080953946468302	[[-0.23438221512119217, -0.3687724154669615, -0.37165002286474835], [0.7781299173168623, 0.013214835315644963, -0.2273438466954046], [0.15769032991840246, -0.3716500228647483, 0.30816637783080525]]	[[-0.017273483119556596, 0.01903219192731367, 0.14218905100610923], [0.15983315073043364, -0.012166040078425224, 0.05305609705823575], [-0.021564002752961373, 0.18559553029117362, -0.03665892079233989]]	0.5387236412078632	[[-0.26359262520042326, -0.2635926252004233, -0.37277626549996673], [0.8535533905932738, -0.14644660940672602, -0.5], [0.07720449245044003, -0.44998075795040665, 0.26359262520042326]]
8	[[-0.8305561570912853, 0.32773595720904825, 0.4502950280316503], [-0.5100865793185324, -0.772219296347621, -0.37879947194723407], [0.22358030216652452, -0.5443036842615101, 0.808545204538665]]	0.5215268639110106	0.4784731360889893	[[-0.4331573479097987, 0.17092310595410806, 0.23484095380406714], [-0.2660238540350892, -0.40273310787574224, -0.1975541006557878], [0.1166031338211837, -0.2838689934681143, 0.4216780448533366]]	0.7166516442037323	0.43136427437346136	[[-0.5021654729583849, 0.17150778815336298, 0.24239927649954512], [-0.43876106389896563, -0.6705697886597171, -0.2635853913992441], [0.13915977278305966, -0.34087513771727485, 0.47076592469334994]]	[[0.09305396262461804, -0.06336472444518555, -0.08030539571610282], [-0.07320667814408185, -0.1171575602463451, 0.007881872995246779], [-0.021069418376147418, 0.049200992554885546, -0.10867932555232732]]	0.556484540573619	[[-0.4475971621445269, 0.31649898859224956, 0.3164989885922495], [-0.7071067811865475, -0.5000000000000001, -0.5], [0.0, -0.4475971621445268, 0.4475971621445269]]
8	[[-0.5446221603179724, 0.8109226453022452, -0.2139887049042392], [-0.8354447797583356, -0.5021691245819775, 0.22328947644507607], [0.07361197229480154, 0.30038414347728, 0.9509735242804028]]	0.5849273899499893	0.41507261005001084	[[-0.31856441874371627, 0.4743308663679833, -0.12516785463841507], [-0.488674534471387, -0.293732475355207, 0.13060813066031796], [0.04305765882346918, 0.17570291302652846, 0.5562504614688789]]	0.7588234130134078	0.3414435854366921	[[-0.4320358258296536, 0.5822587008327046, -0.08198071339504774], [-0.7310116110855296, -0.3902178091948276, 0.10735488006645605], [0.06788820486708011, 0.08855604339861323, 0.6960491853198828]]	[[-0.01876377933443442, -0.03308838856540636, 0.08039892600670603], [-0.09705655192507452, -0.009160120169576366, -0.062082402539573533], [0.012029716811690395, -0.13938247756992558, -0.025571790059961203]]	0.44165861610353047	[[-0.5889059348309957, 0.5889059348309956, 0.0], [-0.7071067811865475, -0.7071067811865476, 0.0], [0.0, 0.0, 0.8328387600000001]]
8	[[0.8787972042104137, -0.3840163418041313, 0.28327887866788265], [-0.395223040501579, -0.9183905790867732, -0.018907472103605397], [0.2674214316928388, -0.09534250611366366, -0.9588511794847616]]	0.5799122168579564	0.4200877831420439	[[0.5096252348622352, -0.2226957680853165, 0.16427688251732783], [-0.22919466957061255, -0.5325859166596728, -0.010964674062781772], [0.15508095528832272, -0.05529028408116795, -0.5560495131318743]]	0.7903651399006019	0.3684223098391463	[[0.5503658359586241, -0.23264206851265457, 0.22415558191520554], [-0.34553145638932736, -0.8468170167646522, -0.024284979262219723], [0.20132002087501488, -0.07535539318299975, -0.6383516711009314]]	[[-0.14420483929139724, 0.07087106120148502, 0.00026183134597885377], [-0.03316094269135561, -0.12095311824133999, -0.00934117242788692], [-0.010040556397314854, 0.0, 0.11949087551639924]]	0.5137730191080523	[[0.9126000000000001, 0.0, 0.0], [0.0, -1.0, 0.0], [0.0, 0.0, -0.9126000000000001]]
8	[[0.3802729664721569, 0.7767473726770865, -0.5020517802076895], [0.4287143634067757, 0.332951791095048, 0.839849450446521], [0.8195098935212374, -0.5346088512602871, -0.20639019011321075]]	0.5418808097283883	0.45811919027161196	[[0.20606262298974864, 0.42090449526065776, -0.2720522251845216], [0.2323120863850541, 0.18042018615910185, 0.45509830025790265], [0.4440766846817133, -0.2896942772088878, -0.11183888333854262]]	0.7410681046383455	0.4008893737110837	[[0.292752044194384, 0.42031939351467995, -0.3470648366571502], [0.41528533232094855, 0.31511562469174326, 0.7034602173252049], [0.5228699338392652, -0.37423698961484514, -0.03977692169730045]]	[[0.010943877685661704, -0.15530330973794307, 0.02498972453166945], [0.09757879159985437, 0.06837567192899378, 0.08107457690124567], [-0.08444270968489033, 0.021944578511498995, 0.1131722653058444]]	0.4717962748629556	[[0.34681020007916885, 0.3468102000791689, -0.49046368852128736], [0.5, 0.5000000000000001, 0.7071067811865475], [0.49046368852128736, -0.49046368852128724, 0.0]]
8	[[0.8592155572171323, 0.2624339665249735, -0.4391776855101157], [-0.4266000482917053, 0.8413623931712975, -0.33184593135155627], [0.2824199444684594, 0.4724804086637203, 0.8348660002631537]]	0.5338161103314155	0.46618388966858465	[[0.45866310668988924, 0.14009147922920628, -0.23444012382336357], [-0.22772597844627207, 0.44913280010183304, -0.17714470430339363], [0.15076031623616734, 0.25221765396066476, 0.4456649209084232]]	0.7361345530744283	0.4637706094931516	[[0.4542938117668507, 0.1819078254406099, -0.2839708443550509], [-0.3510974601797858, 0.7496036947498261, -0.25341269592329707], [0.23619078649859432, 0.3079572417194997, 0.44986249187137917]]	[[-0.17820444843977892, -0.011278885218800988, 0.03932302488820001], [-0.03706242428904181, 0.13024776547904168, -0.00912943955825173], [0.028291706898000077, -0.03985191274859145, -0.16471121810937317]]	0.5650859474441935	[[0.540297569664513, -0.09270040751998614, -0.3164989885922495], [-0.14644660940672619, 0.8535533905932737, -0.5], [0.3164989885922495, 0.31649898859224956, 0.4475971621445269]]
8	[[-0.30792515101507295, 0.09349718223056193, 0.9468053539599837], [0.3027085282091916, -0.9338174967034747, 0.1906631317268273], [0.9019698710720718, 0.34531602882779927, 0.2592434992682147]]	0.5939489467143352	0.40605105328566504	[[-0.1828918191122552, 0.0555325529066005, 0.5623540427280255], [0.17979341149129593, -0.5546399185904459, 0.11324416626640564], [0.5357240548913217, 0.20510009160584838, 0.15397740333289467]]	0.7935849386165478	0.30924517761574205	[[-0.17556726583185772, 0.06998654076984052, 0.7188652098578934], [0.26107663351968685, -0.8379183306285697, 0.13022313088889223], [0.6605664879526035, 0.2397214802330543, 0.10558072506201722]]	[[0.06879749623493013, -0.004211414851420122, -0.032505258846259176], [0.020851704742090027, -0.09685482982808433, -0.0210842587989808], [-0.055223216816102094, -0.0343161193075648, -0.10015101139148802]]	0.484424119158982	[[0.0, 0.0, 0.9126000000000001], [0.0, -1.0, 0.0], [0.9126000000000001, 0.0, 0.0]]
8	[[0.08740825448676931, -0.06334395238859675, -0.994156597696443], [0.7119981850616444, -0.6940087028176986, 0.10681996481098455], [-0.6967197295301035, -0.717174639895393, -0.015561310176609944]]	0.6127976291382186	0.38720237086178144	[[0.05356357111660229, -0.038817023843976284, -0.6092168060604982], [0.43631079975649023, -0.4252868876879764, 0.06545902118079928], [-0.42694819842986825, -0.4394829190059525, -0.009535933982511006]]	0.8377912446106418	0.27441653613842026	[[0.04746710369129121, -0.047467103691291215, -0.7231511867594078], [0.678760558798892, -0.6642355883955104, 0.09678005691797717], [-0.5199669419152881, -0.5310066260961795, 0.0]]	[[-0.025762766624422978, 0.005601905018908497, 0.10974450656257621], [0.08225471317557904, -0.08280117349125385, 0.007287225649717467], [0.06373874743252707, 0.06983600806497062, 0.013037129420634293]]	0.2771893076743028	[[0.0, 0.0, -0.7600486523760002], [0.7071067811865475, -0.7071067811865476, 0.0], [-0.5374355561267667, -0.5374355561267666, 0.0]]
8	[[0.8489524140446696, -0.5135124485683378, 0.12483895166604869], [0.522794976890395, 0.7815435453534784, -0.34040431673891397], [0.0772347773085365, 0.35425224329800037, 0.9319550081910795]]	0.6673775907849944	0.3326224092150056	[[0.5665718167762367, -0.3427067007636407, 0.08331471879901192], [0.34890165215160857, 0.5215846483915675, -0.22717821279802858], [0.05154475960498665, 0.23642000866239915, 0.6219658880865723]]	0.8188803085691131	0.27288340122053917	[[0.6488667650759395, -0.40163858078568987, 0.05069078250707845], [0.47651995790777374, 0.6256105095332251, -0.264343684280422], [0.026097335389368623, 0.22550750811915143, 0.7167221183421091]]	[[-0.04632364969745294, 0.01886665155203137, -0.05153737675466009], [0.048413445913384714, -0.014380110046030046, 0.01440670764899797], [-0.03714870288531248, -0.06458267818401567, -0.04643748633793254]]	0.4574028362952646	[[0.6453056485108434, -0.6453056485108433, 0.0], [0.7071067811865475, 0.7071067811865476, 0.0], [0.0, 0.0, 0.9126000000000001]]
8	[[0.034229894132735264, 0.2773841392786001, 0.9601491309293217], [-0.1827544195208179, -0.9427759796974285, 0.2788803941677556], [0.9825625356654255, -0.18501754344446375, 0.018422055382213542]]	0.7496195256822038	0.2503804743177963	[[0.025659397003933063, 0.20793256691779063, 0.7197465361114186], [-0.136996281277522, -0.7067232827253612, 0.209054188798099], [0.7365480619386198, -0.13869276315972542, 0.01380953241770621]]	0.8661241281881603	0.20600523445760952	[[0.009226410438670235, 0.20953693696166306, 0.7757360382677173], [-0.16864897171294913, -0.8234075782492221, 0.2576828478900883], [0.8047157250344106, -0.1433954884719061, 0.0]]	[[-0.020420926775018118, -0.030712158844237655, -0.05587229068906118], [-0.01036095943294745, -0.006846554757048318, 0.016137809622770373], [-0.04630539455915438, 0.016852670043445084, -0.015955786657353706]]	0.3774723906235027	[[0.0, 0.0, 0.9126000000000001], [0.0, -1.0, 0.0], [0.9126000000000001, 0.0, 0.0]]
8	[[0.04673222253661188, -0.9725397674033924, -0.22799671093185395], [-0.8377629715199755, -0.16246744520517667, 0.5213036857710898], [-0.5440306084466285, 0.16664552219444034, -0.8223502702654952]]	0.5261607808675463	0.47383921913245364	[[0.024588662701539647, -0.5117122834417107, -0.1199629274591365], [-0.44079801927686624, -0.08548399783471103, 0.2742895543744466], [-0.28624756975612436, 0.08768233808590674, -0.43268846034953073]]	0.6966079446055425	0.47280480963230687	[[-0.00031472942876041056, -0.6969194270033392, -0.10695758339168991], [-0.6709381928110296, -0.14886477827699304, 0.2804140230314983], [-0.24042254624207898, 0.01540970107425422, -0.5033136839229905]]	[[-0.03286876691683832, -0.01944049858530953, 0.05186673678737291], [-0.08734585115386784, -0.03568866520730139, -0.0827302660287941], [0.13855349771042963, -0.10067689361933219, 0.06954204759246856]]	0.502202152379827	[[-0.08459839190273946, -0.49307556207583464, -0.28883697698928695], [-0.8535533905932738, -0.14644660940672602, 0.5], [-0.28883697698928695, 0.288836976989287, -0.4084771701730953]]
8	[[0.22433838825039393, -0.7661379269479729, -0.6022499185961573], [-0.9416906372873723, -0.011392912655017143, -0.3362869982418849], [0.2507808429735371, 0.642575192824231, -0.724020780340167]]	0.4865898049475528	0.5134101950524472	[[0.10916077258100754, -0.37279490443653657, -0.2930486704193837], [-0.4582170635185992, -0.005543675146589315, -0.1636338248809168], [0.12202740146707629, 0.31267053774047865, -0.3523011302836968]]	0.6857968958784996	0.5042986274256165	[[0.1759401602991078, -0.4181685312943518, -0.3237779097839102], [-0.8192770818954939, 0.04958316594421758, -0.2012609379039968], [0.13959869228521263, 0.3237779097839102, -0.351446639571126]]	[[0.022089590010602025, 0.1072464808213567, 0.08924321493241344], [-0.17346856596596782, 0.0573963900780432, 0.02936364161458625], [-0.032386031371832505, -0.11689816282347573, 0.1450845641376895]]	0.5259754518853593	[[0.08459839190273946, -0.49307556207583464, -0.28883697698928695], [-0.8535533905932738, 0.14644660940672602, -0.5], [0.28883697698928695, 0.288836976989287, -0.4084771701730953]]
8	[[0.5319609947059123, -0.8460851799387872, 0.03402011756955908], [-0.703274286200726, -0.4190807785627857, 0.5742617690636116], [-0.47161719485230363, -0.3294103357928521, -0.8179645788128509]]	0.5602818041890651	0.4397181958109349	[[0.2980480658720383, -0.47404613111373345, 0.01906085285059668], [-0.3940317859123197, -0.23480333471411563, 0.3217484200477646], [-0.26423853281843457, -0.184562617256545, -0.4582906699800128]]	0.7043504783948416	0.48672459730557294	[[0.4252855181661349, -0.5447797284490667, 0.08122153002290368], [-0.5295678599040228, -0.3424034869971839, 0.3286039719779039], [-0.24288285645287508, -0.11103818379355598, -0.4904063638778612]]	[[0.050598537057629664, 0.05116077280360364, 0.05725944393773601], [-0.034216279975750816, -0.047223740130403154, -0.07587757978591883], [0.08930094036057822, 0.12098214381034479, 0.08572737851900554]]	0.4871284759626801	[[0.4475971621445269, -0.4475971621445268, 0.0], [-0.5, -0.5000000000000001, 0.7071067811865475], [-0.3164989885922495, -0.31649898859224956, -0.4475971621445269]]
8	[[-0.42203838922340475, -0.825029846081567, 0.3757783270710803], [0.2588054115689476, 0.28760896992378115, 0.9221175843470338], [-0.8688517462515349, 0.4864224845687207, 0.09214016247897017]]	0.5281162584190795	0.4718837415809206	[[-0.22288533502587965, -0.43571167539666616, 0.19845464408776006], [0.13667934561640255, 0.15189097308391286, 0.48698528846779554], [-0.45885473335124405, 0.25688762256134523, 0.048660717858519775]]	0.7349215977887364	0.41851766949138564	[[-0.21584034138925287, -0.47940439519674316, 0.262035824047546], [0.26950286661987594, 0.23562549723213952, 0.8280964099745802], [-0.5541772849269633, 0.2822431023768339, 0.023001235723086405]]	[[0.09432478594699631, 0.1269278575089173, -0.01413178449791071], [0.07930118003325345, 0.024255453517381613, 0.1504122815371683], [0.08436062866974851, -0.07523928718277732, -0.04471455970647212]]	0.5837805106196357	[[-0.34681020007916885, -0.3468102000791689, 0.49046368852128736], [0.5, 0.5000000000000001, 0.7071067811865475], [-0.49046368852128736, 0.49046368852128724, 0.0]]
