8	[[0.22433838825039393, -0.7661379269479729, -0.6022499185961573], [-0.9416906372873723, -0.011392912655017143, -0.3362869982418849], [0.2507808429735371, 0.642575192824231, -0.724020780340167]]	0.48786765097648827	0.5121323490235118	[[0.10944744249957114, -0.37377391074410393, -0.2938182530862886], [-0.4594203991599427, -0.00555823353478354, -0.1640635478862028], [0.12234786077140311, 0.3134916498989215, -0.35322631736272136]]	0.6864232048690461	0.5035842896369896	[[0.17650897061832221, -0.4186016724565955, -0.32441951931138013], [-0.819042084715256, 0.04939155228634784, -0.201416566108409], [0.13995173849073542, 0.32441951931138013, -0.3517623434764833]]	[[0.022517895180330517, 0.10729317873075915, 0.08897879994351619], [-0.17264377947328374, 0.057211911903797805, 0.02941863298057689], [-0.03219005146292088, -0.11665900391637371, 0.1452223209564017]]	0.5248167712826949	[[0.08482111681136059, -0.4943736979745986, -0.2895974073929795], [-0.8535533905932738, 0.14644660940672602, -0.5], [0.2895974073929795, 0.28959740739297957, -0.40955258116323817]]
8	[[-0.3195682178843842, -0.5708200961323295, -0.7563336379995778], [0.910087742671785, 0.03735879733279218, -0.41272826520656647], [0.2638493031197415, -0.8202248094963509, 0.507557688474819]]	0.5046119150825944	0.49538808491740555	[[-0.1612579304261709, -0.2880426218769655, -0.3816549655123526], [0.45924111872280476, 0.018851694267282768, -0.20826760031460237], [0.13314150214046072, -0.4138952119182097, 0.25611965719617324]]	0.6799914754016594	0.5073531224816714	[[-0.23459541727138702, -0.3693145621533739, -0.3722622856890263], [0.778127155217538, 0.013456199228613103, -0.227446585000948], [0.1580383659580946, -0.3722622856890263, 0.30844879969966316]]	[[-0.017291753300705665, 0.018838237204565976, 0.1420381407102112], [0.15927524833318488, -0.011947464488943845, 0.05320511699683255], [-0.02137691095399803, 0.18548359268144232, -0.03668610173778477]]	0.5373492317638692	[[-0.2644024329497903, -0.2644024329497904, -0.3739215066020365], [0.8535533905932738, -0.14644660940672602, -0.5], [0.07744167964877223, -0.45136318625080857, 0.2644024329497903]]
8	[[0.08740825448676931, -0.06334395238859675, -0.994156597696443], [0.7119981850616444, -0.6940087028176986, 0.10681996481098455], [-0.6967197295301035, -0.717174639895393, -0.015561310176609944]]	0.6140145825601939	0.3859854174398063	[[0.05366994289100886, -0.03889411048359703, -0.6104266483340439], [0.4371772683842412, -0.4261314639537508, 0.06558901610251128], [-0.4277960738888778, -0.4403556871381271, -0.009554871372180852]]	0.838412305310453	0.2734263650767316	[[0.04754164920755858, -0.04754164920755859, -0.7241387322127436], [0.6787657630667218, -0.6642634194577666, 0.09676228843617056], [-0.5206988171402424, -0.5317358039468153, 0.0]]	[[-0.02574250693985642, 0.005566699942040389, 0.10937439270152781], [0.08181772335232998, -0.08239798302286268, 0.007203115485811545], [0.06343957745036714, 0.06955223919807517, 0.013046793938822555]]	0.2763273300997049	[[0.0, 0.0, -0.7610484970000001], [0.7071067811865475, -0.7071067811865476, 0.0], [-0.5381425530405299, -0.5381425530405299, 0.0]]
8	[[0.8787972042104137, -0.3840163418041313, 0.28327887866788265], [-0.395223040501579, -0.9183905790867732, -0.018907472103605397], [0.2674214316928388, -0.09534250611366366, -0.9588511794847616]]	0.5805689923503238	0.41943100764967634	[[0.5102024073287217, -0.22294798060728202, 0.16446293314234225], [-0.22945424237763293, -0.5331890930844382, -0.010977092027082039], [0.15525659113079235, -0.055352902702564294, -0.5566792630873876]]	0.790679242152797	0.36800932709805395	[[0.5507118527306005, -0.23284139357765274, 0.22430521319263416], [-0.34552993774786306, -0.846837282177973, -0.024237572867998013], [0.20144822491250294, -0.07538534047889997, -0.6387892736819734]]	[[-0.14413485470048615, 0.07079235653432722, 0.00032248408961859775], [-0.03303528360275039, -0.12068491510537473, -0.009287827154094147], [-0.009996350033806767, 0.0, 0.1193544502503534]]	0.5136610411460119	[[0.913, 0.0, 0.0], [0.0, -1.0, 0.0], [0.0, 0.0, -0.913]]
8	[[-0.30792515101507295, 0.09349718223056193, 0.9468053539599837], [0.3027085282091916, -0.9338174967034747, 0.1906631317268273], [0.9019698710720718, 0.34531602882779927, 0.2592434992682147]]	0.5947530873723237	0.40524691262767637	[[-0.18313943424580365, 0.055607737792239445, 0.563115407408346], [0.18003683172634882, -0.5553908392066863, 0.1133974862426066], [0.5364493655369316, 0.20537777426448398, 0.15418587157097544]]	0.7939242656670482	0.30877742190927504	[[-0.17566871737094747, 0.07012731412990372, 0.7193995197733908], [0.2610738170317921, -0.8378820077671735, 0.130313638521394], [0.6610727506654536, 0.2399882757650943, 0.10554140324104377]]	[[0.06880053202910927, -0.0041023676144333505, -0.032292225598919005], [0.020746171062156697, -0.09650163742982587, -0.021058448324607047], [-0.05502301687924325, -0.03416649884507756, -0.10027830154442957]]	0.4843167672469922	[[0.0, 0.0, 0.913], [0.0, -1.0, 0.0], [0.913, 0.0, 0.0]]
8	[[0.034229894132735264, 0.2773841392786001, 0.9601491309293217], [-0.1827544195208179, -0.9427759796974285, 0.2788803941677556], [0.9825625356654255, -0.18501754344446375, 0.018422055382213542]]	0.7504967023821729	0.24950329761782722	[[0.025689422669508712, 0.20817588182170682, 0.720588756557565], [-0.13715658919614207, -0.7075502638480425, 0.20929881618194113], [0.7374099429011681, -0.13885505623792047, 0.013825691815453024]]	0.8664843259132005	0.20545651940888535	[[0.009225525507764043, 0.20970579708711298, 0.7762732642606286], [-0.16862261367299486, -0.8234314457662613, 0.2576515846467067], [0.8052791141868438, -0.14350081859242017, 0.0]]	[[-0.020434141235919294, -0.030643211854718168, -0.05568090822880999], [-0.01026877366684075, -0.0065308365109777305, 0.016006094295851266], [-0.04609592219677737, 0.016813982821172295, -0.01596242223979295]]	0.3772806401773332	[[0.0, 0.0, 0.913], [0.0, -1.0, 0.0], [0.913, 0.0, 0.0]]
8	[[0.5319609947059123, -0.8460851799387872, 0.03402011756955908], [-0.703274286200726, -0.4190807785627857, 0.5742617690636116], [-0.47161719485230363, -0.3294103357928521, -0.8179645788128509]]	0.5611848638794839	0.4388151361205161	[[0.2985284584032323, -0.47481019653439693, 0.019091575047437068], [-0.3946668845714956, -0.2351817896722651, 0.3222670127031545], [-0.26466443129641404, -0.18486009445240678, -0.4590293408193291]]	0.7048648500127063	0.48612951013068756	[[0.4256380558517706, -0.5456358894155309, 0.08116745515396467], [-0.5294097056133877, -0.3427383306347871, 0.3286234294925694], [-0.2432579232810878, -0.11093144249172575, -0.4910116687559651]]	[[0.05067744910577762, 0.05073981403999593, 0.05718787008588279], [-0.03369638135271993, -0.04734302050992103, -0.07615350622648447], [0.08916846003189446, 0.12125832443953816, 0.0855428114046616]]	0.48611442865943083	[[0.44857894979544155, -0.4485789497954415, 0.0], [-0.5, -0.5000000000000001, 0.7071067811865475], [-0.3171932172978965, -0.31719321729789657, -0.44857894979544155]]
8	[[0.8592155572171323, 0.2624339665249735, -0.4391776855101157], [-0.4266000482917053, 0.8413623931712975, -0.33184593135155627], [0.2824199444684594, 0.4724804086637203, 0.8348660002631537]]	0.5349287386128962	0.4650712613871038	[[0.4596190942187375, 0.14038347068238313, -0.23492876533685747], [-0.22820062572488264, 0.4500689236954499, -0.17751392547170977], [0.1510745446536372, 0.25274334902578965, 0.4465938164315627]]	0.7365379198795595	0.4631552666550299	[[0.4548762241558765, 0.1822379772140842, -0.2841020073760355], [-0.3511984091809266, 0.7496026993095866, -0.2533141501274836], [0.23631373593820876, 0.30815544625092206, 0.45050777217895077]]	[[-0.17796861508498668, -0.011054590595961759, 0.03936901156710447], [-0.036991296991634316, 0.12990739237831106, -0.008897038129313192], [0.028300737506908938, -0.03984429113009877, -0.16440269503304036]]	0.5642561191394144	[[0.5414826921956174, -0.09290374240017578, -0.3171932172978965], [-0.14644660940672619, 0.8535533905932737, -0.5], [0.3171932172978965, 0.31719321729789657, 0.44857894979544155]]
8	[[-0.8305561570912853, 0.32773595720904825, 0.4502950280316503], [-0.5100865793185324, -0.772219296347621, -0.37879947194723407], [0.22358030216652452, -0.5443036842615101, 0.808545204538665]]	0.5223272087049569	0.47767279129504314	[[-0.4338220792062066, 0.17118540772124932, 0.23520134508549218], [-0.2664320991733086, -0.40335114956935886, -0.19785727084111035], [0.11678207515205158, -0.2843046240881387, 0.42232515979845925]]	0.7171748398602183	0.430545973877318	[[-0.5031707590368053, 0.17208336396509236, 0.2421474756619912], [-0.43885407572550145, -0.6706007069638247, -0.2633806807018967], [0.13891228333893288, -0.3408468354465509, 0.4718781551413473]]	[[0.09248321992005576, -0.06296061866274216, -0.0807927889564601], [-0.07303281488788638, -0.11678445676874924, 0.00828476993099616], [-0.021433884063243546, 0.04951407214902451, -0.10799012244341732]]	0.5555732204121018	[[-0.44857894979544155, 0.31719321729789657, 0.3171932172978965], [-0.7071067811865475, -0.5000000000000001, -0.5], [0.0, -0.4485789497954415, 0.44857894979544155]]
8	[[0.3802729664721569, 0.7767473726770865, -0.5020517802076895], [0.4287143634067757, 0.332951791095048, 0.839849450446521], [0.8195098935212374, -0.5346088512602871, -0.20639019011321075]]	0.5428654967722842	0.45713450322771604	[[0.20643707285297763, 0.4216693483349131, -0.27254658906785695], [0.2327342358642329, 0.18074803947403503, 0.45592528913058056], [0.44488364545620834, -0.29022069961827596, -0.11204211308473433]]	0.7417486735197367	0.39964460445739425	[[0.29310647794223404, 0.4213884584643334, -0.34777946069877574], [0.41504732561372093, 0.31507357877465836, 0.7036027222628477], [0.5236505541771053, -0.37444085152165946, -0.04007430480365838]]	[[0.011039509486096336, -0.15476287487883614, 0.0246167813085003], [0.09704901523788667, 0.06810702938388588, 0.08064550643786089], [-0.0842198222785732, 0.02210455475256872, 0.11301534494030196]]	0.4710953430180589	[[0.3474186388805, 0.34741863888050006, -0.4913241509260039], [0.5, 0.5000000000000001, 0.7071067811865475], [0.4913241509260039, -0.49132415092600384, 0.0]]
8	[[-0.5446221603179724, 0.8109226453022452, -0.2139887049042392], [-0.8354447797583356, -0.5021691245819775, 0.22328947644507607], [0.07361197229480154, 0.30038414347728, 0.9509735242804028]]	0.585857983552502	0.41414201644749826	[[-0.31907124064189474, 0.47508550579383413, -0.12536699115820896], [-0.4894519940386827, -0.2941997907299225, 0.13081592241860615], [0.04312616165395507, 0.17598244858874465, 0.5571354313467329]]	0.7593185954399586	0.34091598701822823	[[-0.4325535208651262, 0.5826329223895371, -0.08227401375851924], [-0.7310676725099804, -0.39041867238670863, 0.10721561838374659], [0.06796399252639435, 0.08880742964334963, 0.6965446941258322]]	[[-0.019011787047007518, -0.03311572165181939, 0.08021158908938347], [-0.09669891577623532, -0.009112318035807863, -0.06233223324705228], [0.01206905311594051, -0.1392798362742536, -0.025547186631350614]]	0.44132099554417126	[[-0.5894222924868894, 0.5894222924868893, 0.0], [-0.7071067811865475, -0.7071067811865476, 0.0], [0.0, 0.0, 0.8335690000000001]]
8	[[-0.42203838922340475, -0.825029846081567, 0.3757783270710803], [0.2588054115689476, 0.28760896992378115, 0.9221175843470338], [-0.8688517462515349, 0.4864224845687207, 0.09214016247897017]]	0.529170483658411	0.4708295163415889	[[-0.22333025854776578, -0.43658144268360727, 0.19885079908455217], [0.13695218481335408, 0.15219417771906465, 0.4879574080988455], [-0.45977069879137983, 0.25740042142155584, 0.048757854343361225]]	0.7356759414266618	0.4175786196752153	[[-0.21631238067871938, -0.48009254999347595, 0.2625454321779032], [0.26947173520546264, 0.23562782083021533, 0.8281285038548301], [-0.5550812448438041, 0.28287874258887913, 0.02303315987617766]]	[[0.09417110863140074, 0.12686205872767475, -0.013905642357849829], [0.07907482040316248, 0.024040821118785062, 0.14974878188424687], [0.08411208153999297, -0.07497057667731033, -0.044752140898744304]]	0.5831752511985184	[[-0.3474186388805, -0.34741863888050006, 0.4913241509260039], [0.5, 0.5000000000000001, 0.7071067811865475], [-0.4913241509260039, 0.49132415092600384, 0.0]]
8	[[0.8489524140446696, -0.5135124485683378, 0.12483895166604869], [0.522794976890395, 0.7815435453534784, -0.34040431673891397], [0.0772347773085365, 0.35425224329800037, 0.9319550081910795]]	0.6680890190986672	0.3319109809013327	[[0.5671757855605492, -0.3430720280589757, 0.08340353276387641], [0.34927358330041447, 0.5221406605981004, -0.2274203860670531], [0.05159970661236415, 0.23667203373846354, 0.6226289072664687]]	0.819293395079008	0.2722433436320108	[[0.6495088275477576, -0.4020589900872504, 0.05061575037428447], [0.4765181561183029, 0.625667928230805, -0.26432170246662134], [0.026188176314869846, 0.22558920844611804, 0.7173825584123831]]	[[-0.04603227801541938, 0.01865836731563758, -0.051663978174296736], [0.04819568457151966, -0.014645536443931052, 0.01456930589395347], [-0.03708976660441215, -0.0646473146798554, -0.046162024309371205]]	0.4572472337135176	[[0.645588491223318, -0.6455884912233179, 0.0], [0.7071067811865475, 0.7071067811865476, 0.0], [0.0, 0.0, 0.913]]
8	[[0.04673222253661188, -0.9725397674033924, -0.22799671093185395], [-0.8377629715199755, -0.16246744520517667, 0.5213036857710898], [-0.5440306084466285, 0.16664552219444034, -0.8223502702654952]]	0.5268606720581372	0.4731393279418627	[[0.02462137017240977, -0.5123929554574158, -0.1201225003486014], [-0.44138436220043636, -0.08559770736836797, 0.2746544102317403], [-0.28662833198638804, 0.08779897181884207, -0.4332640160592696]]	0.6971934467335493	0.4721102157370094	[[-0.00045410862404285726, -0.6977446642289291, -0.1072201764007157], [-0.671037303503416, -0.14897679662497068, 0.2804459141333704], [-0.2407619121872803, 0.015647162226193827, -0.5038913339287028]]	[[-0.033035507927862445, -0.01969631170751375, 0.05173763633777631], [-0.08695444984366421, -0.035705558520379585, -0.08300359934427881], [0.1385326628441746, -0.10053700377526023, 0.06944588541996351]]	0.5011146523165732	[[-0.08482111681136059, -0.4943736979745986, -0.2895974073929795], [-0.8535533905932738, -0.14644660940672602, 0.5], [-0.2895974073929795, 0.28959740739297957, -0.40955258116323817]]
