8	[[0.034229894132735264, 0.2773841392786001, 0.9601491309293217], [-0.1827544195208179, -0.9427759796974285, 0.2788803941677556], [0.9825625356654255, -0.18501754344446375, 0.018422055382213542]]	0.7262035291026177	0.2737964708973823	[[0.024857869920001337, 0.20143734086121146, 0.6972636873456848], [-0.1327169044151183, -0.6846472436094506, 0.20252392644215322], [0.7135403809642488, -0.13436039299526642, 0.013378161631887344]]	0.856659054974467	0.2202445210970011	[[0.009247731022247652, 0.20517278894631327, 0.761804838590758], [-0.16934465637077953, -0.8227752821810149, 0.25851366097555917], [0.7901099825543113, -0.14066866211517323, 0.0]]	[[-0.020075617737377392, -0.032450845672998246, -0.06071560854571061], [-0.012786428051668361, -0.015137702360788464, 0.0196082460569028], [-0.051611110702148306, 0.01782829180565849, -0.015781420554414345]]	0.3824999847739063	[[0.0, 0.0, 0.9021999999999999], [0.0, -1.0, 0.0], [0.9021999999999999, 0.0, 0.0]]
8	[[0.3802729664721569, 0.7767473726770865, -0.5020517802076895], [0.4287143634067757, 0.332951791095048, 0.839849450446521], [0.8195098935212374, -0.5346088512602871, -0.20639019011321075]]	0.5170994410774679	0.4829005589225323	[[0.19663893841962302, 0.4016556322697131, -0.25961069493734396], [0.22168795769952618, 0.1721691850809912, 0.43428568141511464], [0.423768107897287, -0.2764459381817616, -0.10672425195141362]]	0.7233895277501406	0.43404255976653083	[[0.2835946825692853, 0.39302925749903106, -0.32874722277753426], [0.4216511360721827, 0.3164258647331392, 0.6996887782262338], [0.502847369939276, -0.3688736562275337, -0.032189790078842255]]	[[0.00850920093684653, -0.16886165760300906, 0.034431777413023654], [0.11152365518765303, 0.07557202580932888, 0.0921504808865097], [-0.08997750492161995, 0.017856788216690605, 0.11711071207941502]]	0.490249143060382	[[0.3312693803781126, 0.33126938037811265, -0.4684856505296586], [0.5, 0.5000000000000001, 0.7071067811865475], [0.4684856505296586, -0.4684856505296585, 0.0]]
8	[[0.8489524140446696, -0.5135124485683378, 0.12483895166604869], [0.522794976890395, 0.7815435453534784, -0.34040431673891397], [0.0772347773085365, 0.35425224329800037, 0.9319550081910795]]	0.6489759145915484	0.35102408540845165	[[0.5509496693493423, -0.3332572109637824, 0.08101747283412405], [0.33928134827131146, 0.507202937138895, -0.22091420278654778], [0.05012351024208204, 0.2299011735904275, 0.6048163537989798]]	0.8080595554848787	0.28959689405375066	[[0.6322542638597921, -0.3907547066122102, 0.05256041483877829], [0.4765629034411849, 0.6241135203458309, -0.2649208119711552], [0.023781028810503545, 0.2233263894220923, 0.6995955514249178]]	[[-0.05374984646095832, 0.024193934313872508, -0.048316892951687285], [0.05411342680540491, -0.007420209504576775, 0.010146148898025521], [-0.03862927100940607, -0.06293052082681097, -0.05347959822587231]]	0.4614982880117974	[[0.6379517379865032, -0.6379517379865031, 0.0], [0.7071067811865475, 0.7071067811865476, 0.0], [0.0, 0.0, 0.9021999999999999]]
8	[[0.5319609947059123, -0.8460851799387872, 0.03402011756955908], [-0.703274286200726, -0.4190807785627857, 0.5742617690636116], [-0.47161719485230363, -0.3294103357928521, -0.8179645788128509]]	0.5379983816880151	0.462001618311985	[[0.2861941542729276, -0.4551924575772806, 0.018302768197258783], [-0.37836042785878443, -0.22546478066333206, 0.30895190242151965], [-0.2537292876067806, -0.1772222275678601, -0.44006361967943264]]	0.6909301679600608	0.5023998914634585	[[0.41575831235898913, -0.520152347339766, 0.0805907411074466], [-0.5338493359214227, -0.33432106701679243, 0.3276703439331774], [-0.23531699654611227, -0.116180995505396, -0.47179004850203604]]	[[0.048210412938632194, 0.06443342814385827, 0.05708521556109016], [-0.04793591523476335, -0.044765514295573856, -0.06910443661898542], [0.0905375511060426, 0.1114185431317393, 0.09336635532250745]]	0.513306036020999	[[0.42266775390785793, -0.4226677539078579, 0.0], [-0.5, -0.5000000000000001, 0.7071067811865475], [-0.29887123497713314, -0.2988712349771332, -0.42266775390785793]]
8	[[-0.5446221603179724, 0.8109226453022452, -0.2139887049042392], [-0.8354447797583356, -0.5021691245819775, 0.22328947644507607], [0.07361197229480154, 0.30038414347728, 0.9509735242804028]]	0.5617047726762758	0.4382952273237243	[[-0.30591686675586893, 0.45549912013754185, -0.12019847684352633], [-0.46927332009773726, -0.28207079396836404, 0.1254227646075861], [0.04134819616410382, 0.16872720702746336, 0.5341663672770806]]	0.7459219111563832	0.3551142668784669	[[-0.4187886965952491, 0.5725145120922182, -0.07458742573515373], [-0.7294818788572537, -0.38507342466620764, 0.11101548613654881], [0.06596104877996527, 0.08217843956484744, 0.6831657220909771]]	[[-0.012543093912749107, -0.03237045729162266, 0.08503143799289571], [-0.10630531207429213, -0.010494471534291156, -0.05554102687447054], [0.011052265721836173, -0.1418846748187985, -0.02618626659938211]]	0.45057016833966174	[[-0.5755600580114231, 0.575560058011423, 0.0], [-0.7071067811865475, -0.7071067811865476, 0.0], [0.0, 0.0, 0.8139648399999998]]
8	[[0.8787972042104137, -0.3840163418041313, 0.28327887866788265], [-0.395223040501579, -0.9183905790867732, -0.018907472103605397], [0.2674214316928388, -0.09534250611366366, -0.9588511794847616]]	0.5627556051164689	0.43724439488353106	[[0.4945480524300925, -0.21610734880659668, 0.15941677678145905], [-0.22241398131343681, -0.5168294460672415, -0.010640285904887206], [0.15049290961341594, -0.053654529721315423, -0.539598875727587]]	0.7821430445134969	0.3791465801849567	[[0.5413719607447363, -0.22749429165037158, 0.22028918949571177], [-0.3455757069296762, -0.8462836078776904, -0.025528491691064265], [0.19800773760309084, -0.07457147800328759, -0.6269961160462327]]	[[-0.14597316006634614, 0.0728614190712474, -0.0012754151119554972], [-0.03645475476989002, -0.12797080429824814, -0.01074014389589633], [-0.011154075149304221, 0.0, 0.12296266471133632]]	0.5167477375066649	[[0.9021999999999999, 0.0, 0.0], [0.0, -1.0, 0.0], [0.0, 0.0, -0.9021999999999999]]
8	[[-0.42203838922340475, -0.825029846081567, 0.3757783270710803], [0.2588054115689476, 0.28760896992378115, 0.9221175843470338], [-0.8688517462515349, 0.4864224845687207, 0.09214016247897017]]	0.5017673599869176	0.4982326400130825	[[-0.211765088373759, -0.41397304777876087, 0.18855329911475643], [0.12986010811327853, 0.14431279354721238, 0.46268850589532495], [-0.43596144693665584, 0.24407092592032414, 0.0462329260758385]]	0.7153096498988385	0.4425850774685024	[[-0.20386395058570855, -0.46176443998582334, 0.24905130414230348], [0.2702761373885062, 0.23559226868647026, 0.8273093754916758], [-0.5310702232221514, 0.2661056093204136, 0.022201554476853933]]	[[0.09802418185355484, 0.12838737037087503, -0.019746559434482197], [0.0851501290471975, 0.02986279710252473, 0.1677097690668365], [0.09042781520302852, -0.08183708781936114, -0.043707192887600305]]	0.5996423779778027	[[-0.3312693803781126, -0.33126938037811265, 0.4684856505296586], [0.5, 0.5000000000000001, 0.7071067811865475], [-0.4684856505296586, 0.4684856505296585, 0.0]]
8	[[0.8592155572171323, 0.2624339665249735, -0.4391776855101157], [-0.4266000482917053, 0.8413623931712975, -0.33184593135155627], [0.2824199444684594, 0.4724804086637203, 0.8348660002631537]]	0.5058163900669113	0.4941836099330887	[[0.43460531144089953, 0.13274340157860276, -0.22214327148266796], [-0.21578129642928046, 0.425574888451963, -0.1678531110546363], [0.14285263679393367, 0.238988334687622, 0.4222889064427094]]	0.7255616664308121	0.4797274596123361	[[0.4392293183727456, 0.17342466493025405, -0.28046136891590984], [-0.3486647965623928, 0.749564261941791, -0.255940558760651], [0.23287503235104673, 0.3028358520386692, 0.43321178611450095]]	[[-0.18418455314499582, -0.016987361149653726, 0.0381891244420369], [-0.039140154624398224, 0.13910396188020843, -0.01516587181093101], [0.02796194680921388, -0.0399778206272908, -0.17253498028285966]]	0.5866546260784784	[[0.5102051119310622, -0.08753735802320423, -0.29887123497713314], [-0.14644660940672619, 0.8535533905932737, -0.5], [0.29887123497713314, 0.2988712349771332, 0.42266775390785793]]
8	[[-0.8305561570912853, 0.32773595720904825, 0.4502950280316503], [-0.5100865793185324, -0.772219296347621, -0.37879947194723407], [0.22358030216652452, -0.5443036842615101, 0.808545204538665]]	0.5011301664750614	0.4988698335249385	[[-0.416216745270043, 0.16423837479603393, 0.22565642236039332], [-0.25561977241059075, -0.3869823845339382, -0.18982784243758272], [0.11204283404525499, -0.27276699590695974, 0.4051863929530738]]	0.7030627613797794	0.45300852275045433	[[-0.4764213543611601, 0.15677959979656078, 0.24860408148822205], [-0.4361968374819221, -0.6697768026366738, -0.26901236456614663], [0.14530618383661184, -0.3413940929032872, 0.442282529128604]]	[[0.10751175092441673, -0.07363934728227792, -0.06798158435529517], [-0.07757395848346882, -0.12685817175576536, -0.002692561809721987], [-0.011884800794710378, 0.04128555838279765, -0.12617549507472828]]	0.5800139733903417	[[-0.42266775390785793, 0.2988712349771332, 0.29887123497713314], [-0.7071067811865475, -0.5000000000000001, -0.5], [0.0, -0.4226677539078579, 0.42266775390785793]]
8	[[0.22433838825039393, -0.7661379269479729, -0.6022499185961573], [-0.9416906372873723, -0.011392912655017143, -0.3362869982418849], [0.2507808429735371, 0.642575192824231, -0.724020780340167]]	0.45568507509958983	0.5443149249004101	[[0.10222765529760172, -0.34911761877793107, -0.27443629938421177], [-0.42911436877287695, -0.005191580258804604, -0.15324096604886892], [0.11427708726393469, 0.29281192499924313, -0.3299254636629727]]	0.6698665304601573	0.5228217160204868	[[0.16189995113194444, -0.4064838866933172, -0.3077105796846883], [-0.8252311670710422, 0.05390910701281765, -0.19709871618908936], [0.1305855391705623, 0.3077105796846883, -0.3429595030291477]]	[[0.011623173345629387, 0.10672626828525869, 0.09571648375523178], [-0.1944241271045356, 0.061540837884869484, 0.028168688562063116], [-0.03740415401799451, -0.12272903529224599, 0.14203778507837567]]	0.5556799057453752	[[0.07897620440853494, -0.46030705198420424, -0.2696416281963695], [-0.8535533905932738, 0.14644660940672602, -0.5], [0.2696416281963695, 0.26964162819636955, -0.38133084757566943]]
8	[[0.08740825448676931, -0.06334395238859675, -0.994156597696443], [0.7119981850616444, -0.6940087028176986, 0.10681996481098455], [-0.6967197295301035, -0.717174639895393, -0.015561310176609944]]	0.5824094627365651	0.41759053726343504	[[0.05090739453438028, -0.03689211727825319, -0.5790062099403968], [0.4146744804311617, -0.40419723574255617, 0.0622129583151043], [-0.40577616335359257, -0.41768929670976535, -0.00906305429943644]]	0.8216567200780104	0.299841808430653	[[0.045564843086129084, -0.04556484308612909, -0.69779795636084], [0.6785422521635422, -0.6635173553947652, 0.09725984784083477], [-0.5011855076525132, -0.5122279333393915, 0.0]]	[[-0.026254736603213813, 0.006482141070262965, 0.11905749294633358], [0.09352415872429512, -0.09328044093198036, 0.009490505915392727], [0.0712789401268302, 0.07704342900018536, 0.012786055079829889]]	0.29958175685363986	[[0.0, 0.0, -0.7343590786479998], [0.7071067811865475, -0.7071067811865476, 0.0], [-0.5192702843379059, -0.5192702843379058, 0.0]]
8	[[-0.30792515101507295, 0.09349718223056193, 0.9468053539599837], [0.3027085282091916, -0.9338174967034747, 0.1906631317268273], [0.9019698710720718, 0.34531602882779927, 0.2592434992682147]]	0.5730246570321108	0.4269753429678893	[[-0.1764487040519731, 0.05357619078113652, 0.5425428132290859], [0.17345945055776701, -0.5351004507790929, 0.10925467566643338], [0.516850976024371, 0.19787459898674015, 0.148552917255973]]	0.7846808528964543	0.3188074402564418	[[-0.16555464852876423, 0.0703767372028112, 0.7131692143828413], [0.2597769632175676, -0.8362584661639398, 0.1355300684932219], [0.657895057076869, 0.23297135644460504, 0.09517791132595305]]	[[0.07606832159801272, -0.002988711493281348, -0.029770818289407946], [0.02224737712334879, -0.1035097564010255, -0.014079640326093957], [-0.04986343064286917, -0.037991519574809056, -0.10824549878769099]]	0.4872876804245179	[[0.0, 0.0, 0.9021999999999999], [0.0, -1.0, 0.0], [0.9021999999999999, 0.0, 0.0]]
8	[[0.04673222253661188, -0.9725397674033924, -0.22799671093185395], [-0.8377629715199755, -0.16246744520517667, 0.5213036857710898], [-0.5440306084466285, 0.16664552219444034, -0.8223502702654952]]	0.5071008926622254	0.49289910733777453	[[0.023697951764405638, -0.49317578419977337, -0.1156173356375945], [-0.42483035069713804, -0.0823873864920963, 0.26435356440262786], [-0.275878407178859, 0.08450609306296337, -0.417014556132655]]	0.6813836976454403	0.49061489945037123	[[0.0031780576565384466, -0.6756646733189342, -0.10027841926486515], [-0.6683313621914988, -0.14592360777821628, 0.27964221342993417], [-0.23174336742415969, 0.009519960313534224, -0.48840774871425424]]	[[-0.02866451693464763, -0.012991930498374119, 0.055074822680880105], [-0.09749333090678632, -0.035220939217305125, -0.0755656195769677], [0.13895022019150277, -0.10402958179536881, 0.0719283191989761]]	0.5303575359511549	[[-0.07897620440853494, -0.46030705198420424, -0.2696416281963695], [-0.8535533905932738, -0.14644660940672602, 0.5], [-0.2696416281963695, 0.26964162819636955, -0.38133084757566943]]
8	[[-0.3195682178843842, -0.5708200961323295, -0.7563336379995778], [0.910087742671785, 0.03735879733279218, -0.41272826520656647], [0.2638493031197415, -0.8202248094963509, 0.507557688474819]]	0.47450635844564054	0.5254936415543594	[[-0.15163715134328215, -0.27085776514334214, -0.358885120337123], [0.4318424206412019, 0.017726986878291856, -0.19584218615075444], [0.1251981720017685, -0.3892018874608827, 0.24083935045927318]]	0.6633281486107336	0.5268166444859668	[[-0.2268682471177656, -0.3572894715753219, -0.35518972237086643], [0.7784368932492103, 0.01167413511676682, -0.22639869184513034], [0.1499979087319032, -0.35518972237086643, 0.3012634676714081]]	[[-0.014889652793685529, 0.021351565981937225, 0.1465076694554142], [0.17475007582941354, -0.013107006752317817, 0.04737558419366128], [-0.02502076101874716, 0.1888884819569397, -0.03541383413773709]]	0.5735666769602918	[[-0.2432706769587645, -0.24327067695876456, -0.3440366906827689], [0.8535533905932738, -0.14644660940672602, -0.5], [0.0712523316173802, -0.41528902230014897, 0.2432706769587645]]
