8	[[0.08740825448676931, -0.06334395238859675, -0.994156597696443], [0.7119981850616444, -0.6940087028176986, 0.10681996481098455], [-0.6967197295301035, -0.717174639895393, -0.015561310176609944]]	0.9310510637563716	0.06894893624362854	[[0.08138154832099419, -0.05897645425393596, -0.9256105578256885], [0.6629066675942499, -0.6461575410145977, 0.09945484186768537], [-0.6486816453190543, -0.6677262113736983, -0.014488374393375539]]	0.9579360069788143	0.0662686392978964	[[0.06344350541755264, -0.06344350541755266, -0.9330126496289185], [0.6819506799499899, -0.6696228512774698, 0.09325231928683603], [-0.6761864571552985, -0.6880939638078767, 0.0]]	[[-0.020288008862491196, -0.0027640526001641596, 0.019325751880055735], [-9.80184241245398e-05, -0.0048069256917369, -0.009074371269815952], [-0.008773541465871667, -0.0010865529600147827, 0.014906739333940516]]	0.12313722950450169	[[0.0, 0.0, -0.9714755952639998], [0.7071067811865475, -0.7071067811865476, 0.0], [-0.6869369811684122, -0.6869369811684121, 0.0]]
8	[[0.8489524140446696, -0.5135124485683378, 0.12483895166604869], [0.522794976890395, 0.7815435453534784, -0.34040431673891397], [0.0772347773085365, 0.35425224329800037, 0.9319550081910795]]	0.8759157819760288	0.12408421802397133	[[0.7436108176083741, -0.4497936579421608, 0.10934840796963471], [0.4579243709960902, 0.68456632567661, -0.29816551328438157], [0.06765116036195122, 0.31029513070513043, 0.8163140997661655]]	0.9161117084777596	0.1411740897402504	[[0.7720697144345551, -0.4800889950654543, 0.05543262848084438], [0.500559798778975, 0.6725066786383371, -0.29007901923896207], [0.024937673105582103, 0.293556953759754, 0.8545659229349849]]	[[-0.0056655320122255375, -0.009654228482916681, -0.058933796814511934], [0.021621199316324315, -0.04347451394520319, 0.021769360941928745], [-0.045818010688440575, -0.03097767408005599, 0.0007910281566507982]]	0.4299658165074085	[[0.7003185560871567, -0.7003185560871565, 0.0], [0.7071067811865475, 0.7071067811865476, 0.0], [0.0, 0.0, 0.9904]]
8	[[0.3802729664721569, 0.7767473726770865, -0.5020517802076895], [0.4287143634067757, 0.332951791095048, 0.839849450446521], [0.8195098935212374, -0.5346088512602871, -0.20639019011321075]]	0.8601812666904781	0.13981873330952202	[[0.32710368198816564, 0.6681435389278771, -0.43185553624325984], [0.3687720641636422, 0.28639889341100183, 0.7224227641143904], [0.7049270582744768, -0.4598605188610151, -0.17753297516407016]]	0.8752347597944982	0.21040591843759526	[[0.34311754759068047, 0.6414374434632395, -0.4394131692544772], [0.40447468302425466, 0.30184673064910245, 0.7205543265685821], [0.6907264955003004, -0.4511330554025459, -0.0879803538711964]]	[[0.010289429124081005, -0.0383988566827979, 1.9491834190731213e-18], [0.029248970147474133, 0.010435749746880272, -0.014511105456520007], [-0.026537049304974657, 0.016775194114264022, 0.09265951459648042]]	0.369694185123996	[[0.48107471477473257, 0.4810747147747327, -0.6803423861491954], [0.5, 0.5000000000000001, 0.7071067811865475], [0.6803423861491954, -0.6803423861491953, 0.0]]
8	[[0.034229894132735264, 0.2773841392786001, 0.9601491309293217], [-0.1827544195208179, -0.9427759796974285, 0.2788803941677556], [0.9825625356654255, -0.18501754344446375, 0.018422055382213542]]	0.8903628858115501	0.10963711418845005	[[0.030477027321046013, 0.24697254272644728, 0.8548811510236827], [-0.16271775235937008, -0.8394127419572136, 0.2483047525474655], [0.8748372147453822, -0.16473275390697656, 0.01640231439268785]]	0.9308031980909217	0.12301767902638404	[[0.011218465877352271, 0.24243007984500245, 0.8824065133671536], [-0.16358749531785577, -0.8278386489768979, 0.25204677323859254], [0.9164039735259091, -0.16499979115891478, 0.0]]	[[-0.020642829051711383, -0.015759964095216246, -0.011303368346078334], [0.006520902837371497, 0.04970024800877031, -0.007535989537611235], [0.0018316230042057248, 0.007215129982118097, -0.01714730806517244]]	0.3424147043958964	[[0.0, 0.0, 0.9904], [0.0, -1.0, 0.0], [0.9904, 0.0, 0.0]]
8	[[-0.5446221603179724, 0.8109226453022452, -0.2139887049042392], [-0.8354447797583356, -0.5021691245819775, 0.22328947644507607], [0.07361197229480154, 0.30038414347728, 0.9509735242804028]]	0.860290876406065	0.13970912359393492	[[-0.468533475610113, 0.6976293532245932, -0.18409253048306676], [-0.7187255217671705, -0.43201151629069584, 0.1920938993831859], [0.06332770815947378, 0.2584177380505544, 0.8181138466421521]]	0.8661106821463395	0.13921357773099782	[[-0.4719343106312781, 0.7021175256443757, -0.16657043617112402], [-0.7368810190358787, -0.44869890281388786, 0.19339340075994382], [0.07702671872338782, 0.24689531222805106, 0.8239753503443588]]	[[-0.0002312398462659845, -0.00023123984626598448, 0.01876746700509833], [-0.013293370943788387, -0.013764859769361194, 0.0], [0.013270603184999816, -0.013270603184999815, 0.00032702252675042475]]	0.38552447671845874	[[-0.69359549794872, 0.6935954979487199, 0.0], [-0.7071067811865475, -0.7071067811865476, 0.0], [0.0, 0.0, 0.9808921599999999]]
8	[[-0.3195682178843842, -0.5708200961323295, -0.7563336379995778], [0.910087742671785, 0.03735879733279218, -0.41272826520656647], [0.2638493031197415, -0.8202248094963509, 0.507557688474819]]	0.8704242750154344	0.12957572498456582	[[-0.2781599343699896, -0.49685566834022354, -0.6583311585255686], [0.7921624636155215, 0.032518004083844185, -0.3592487010208036], [0.22966083838132856, -0.713943585155534, 0.441790533019204]]	0.8697307099266911	0.12087837991240202	[[-0.29429976021635723, -0.4800983002438288, -0.6809452007415241], [0.8214131794418413, 0.0376190204152921, -0.3764668711056013], [0.22468567892158844, -0.7413054774798679, 0.42507704152019044]]	[[-0.01636146720576421, 0.016361467205764212, -0.023138608822714374], [0.029881920912329833, 0.005126927089035372, -0.017504424000682604], [-0.004792162794407029, -0.0279307716171214, -0.01636146720576421]]	0.2518451660306097	[[-0.46735234490224226, -0.46735234490224237, -0.6609360245676196], [0.8535533905932738, -0.14644660940672602, -0.5], [0.13688433261843272, -0.7978203571860522, 0.46735234490224226]]
8	[[0.22433838825039393, -0.7661379269479729, -0.6022499185961573], [-0.9416906372873723, -0.011392912655017143, -0.3362869982418849], [0.2507808429735371, 0.642575192824231, -0.724020780340167]]	0.8739715697548751	0.12602843024512494	[[0.19606537333547547, -0.6695827666634658, -0.5263493067402294], [-0.8230108444935135, -0.009957081757185569, -0.29390527574161496], [0.21917532699803305, 0.5615924499581347, -0.6327735779290454]]	0.8841838260942931	0.11244011634110229	[[0.18066029099455452, -0.7191994534194548, -0.5162742960562988], [-0.8710649371437145, -0.006525363759516423, -0.33032779952563257], [0.24897969216757404, 0.5425383307209164, -0.6747672635289184]]	[[-0.017696083468505906, -0.04179268985464608, 0.016225341233027993], [-0.03843730646979238, 0.003548065342154754, -0.03298827475435791], [0.027243326916079953, -0.02561626182369038, -0.03459979979597351]]	0.30651097860290255	[[0.13821115975205242, -0.8055536724414905, -0.4718824160967713], [-0.8535533905932738, 0.14644660940672602, -0.5], [0.4718824160967713, 0.4718824160967714, -0.6673425126894382]]
8	[[0.8787972042104137, -0.3840163418041313, 0.28327887866788265], [-0.395223040501579, -0.9183905790867732, -0.018907472103605397], [0.2674214316928388, -0.09534250611366366, -0.9588511794847616]]	0.8524517114626879	0.1475482885373122	[[0.7491321807577924, -0.3273553878005723, 0.24148156494166764], [-0.3369085572850583, -0.7828836209337289, -0.01611770695415145], [0.2279638571283627, -0.0812748825117344, -0.8173743289898019]]	0.8570820632978129	0.2367979548226579	[[0.7002732897627115, -0.31809231861845727, 0.15319596463707905], [-0.35954325472779364, -0.8406559791817294, -0.0251472414147363], [0.13887211124486856, -0.059247573074260554, -0.821814147308341]]	[[-0.05292803124229922, 0.011041199955105774, -0.08959728118028062], [-0.020804675711865242, -0.0535198867447645, -0.008941986212432352], [-0.09033000120048483, 0.022468778785622645, 0.0]]	0.31826907466536913	[[0.6545910387317705, -0.4628657623911808, 0.4628657623911807], [-0.5, -0.8535533905932737, -0.14644660940672619], [0.4628657623911807, -0.1355702430252956, -0.7901612817570661]]
8	[[-0.42203838922340475, -0.825029846081567, 0.3757783270710803], [0.2588054115689476, 0.28760896992378115, 0.9221175843470338], [-0.8688517462515349, 0.4864224845687207, 0.09214016247897017]]	0.8448096302447866	0.1551903697552134	[[-0.3565420955489299, -0.6969931592090819, 0.3174611495469238], [0.2186413040529124, 0.24297482753639352, 0.7790138154744335], [-0.7340143224882965, 0.4109343993312513, 0.07784089659455336]]	0.8722870215256862	0.20929866786066906	[[-0.29324090188008195, -0.669112937194654, 0.34458107380892417], [0.25358098688346964, 0.2303971728039772, 0.830509338699168], [-0.7774221688049204, 0.39258161554419563, 0.022123644937134323]]	[[0.07489770762510001, 0.05054988991363154, 0.016794516134186296], [0.027828385271262954, -0.020480398934908592, 0.026158137552633173], [-0.019534066919777708, -0.03171840472337782, -0.05824902295453936]]	0.4840631233812352	[[-0.48107471477473257, -0.4810747147747327, 0.6803423861491954], [0.5, 0.5000000000000001, 0.7071067811865475], [-0.6803423861491954, 0.6803423861491953, 0.0]]
8	[[-0.30792515101507295, 0.09349718223056193, 0.9468053539599837], [0.3027085282091916, -0.9338174967034747, 0.1906631317268273], [0.9019698710720718, 0.34531602882779927, 0.2592434992682147]]	0.8755521257767703	0.12444787422322981	[[-0.26960452055138007, 0.08186165665610658, 0.828977440356491], [0.2650370953643152, -0.8176058943262695, 0.16693551029068004], [0.7897216380037521, 0.30234218310497224, 0.226981196878094]]	0.8761416267798697	0.12072864047876783	[[-0.28719022274117156, 0.08191677333881847, 0.8295355830623907], [0.2652155423453412, -0.8367763578681899, 0.16704790639808706], [0.7902533501475144, 0.30254574725035244, 0.2445382011853481]]	[[-0.017404180004388523, 0.0, 0.0], [0.0, -0.01861997719090188, 0.0], [0.0, 0.0, 0.017404180004388523]]	0.37282866003983145	[[-0.4718824160967713, -0.13821115975205228, 0.8055536724414906], [0.5, -0.8535533905932737, 0.14644660940672619], [0.6673425126894382, 0.4718824160967714, 0.4718824160967713]]
8	[[0.8592155572171323, 0.2624339665249735, -0.4391776855101157], [-0.4266000482917053, 0.8413623931712975, -0.33184593135155627], [0.2824199444684594, 0.4724804086637203, 0.8348660002631537]]	0.8771115375427815	0.1228884624572186	[[0.7536278784713966, 0.23018385988217033, -0.3852078149922577], [-0.3741758242729624, 0.7379686623051511, -0.2910658950750798], [0.2477137917254774, 0.4144180177018774, 0.732270601133007]]	0.8785419987897463	0.11836823427105454	[[0.7563163876074097, 0.23262321367565897, -0.3916251331902888], [-0.37634744485518906, 0.7491352151506732, -0.2931019735650331], [0.2533023564539241, 0.415093882616421, 0.7355287967672792]]	[[0.0014594345786247986, 0.0020639521744874544, -0.005789091538377186], [-0.0015613857451919648, 0.009963016547437416, -0.0015613857451919641], [0.005184573942514531, -3.2405957442467304e-19, 0.002063952174487454]]	0.32768333335932637	[[0.7901612817570661, 0.1355702430252956, -0.4628657623911807], [-0.2499999999999999, 0.9571067811865475, -0.14644660940672619], [0.4231581575361799, 0.23143288119559033, 0.7901612817570661]]
8	[[0.04673222253661188, -0.9725397674033924, -0.22799671093185395], [-0.8377629715199755, -0.16246744520517667, 0.5213036857710898], [-0.5440306084466285, 0.16664552219444034, -0.8223502702654952]]	0.8587063536624612	0.14129364633753888	[[0.04012925641295678, -0.8351260774587052, -0.19578222429132652], [-0.7193923865073465, -0.13951182746099303, 0.44764678715929396], [-0.4671625400599746, 0.14309956871776458, -0.7061574020130229]]	0.8649808202218404	0.12748599324546753	[[0.056293598204799775, -0.8570993677312357, -0.17476762601288542], [-0.7536352765932837, -0.14550449960100853, 0.4678975146652141], [-0.47522458593582745, 0.11705148044133662, -0.7271883333081917]]	[[0.015871122024291542, -0.015871122024291546, 0.022445156016831436], [-0.028986374336449027, -0.004973275588087798, 0.016979824962268415], [-0.004648544015875833, -0.027093700032707262, -0.015871122024291542]]	0.3356952027057718	[[-1.884447911260261e-16, -0.9437648321935428, 0.0], [-0.7071067811865476, 1.3401577416544657e-16, 0.7071067811865475], [-0.6673425126894381, 1.0477894465327684e-16, -0.6673425126894382]]
8	[[-0.8305561570912853, 0.32773595720904825, 0.4502950280316503], [-0.5100865793185324, -0.772219296347621, -0.37879947194723407], [0.22358030216652452, -0.5443036842615101, 0.808545204538665]]	0.8746422507482648	0.1253577492517351	[[-0.7264395066111513, 0.2866517152644589, 0.3938470568183556], [-0.4461432738116444, -0.6754156234287246, -0.331314022726183], [0.19555277870990617, -0.47607099949306003, 0.7071877975294143]]	0.874642250748265	0.12535774925173515	[[-0.7264395066111513, 0.28665171526445904, 0.3938470568183557], [-0.4461432738116444, -0.6754156234287246, -0.33131402272618293], [0.1955527787099062, -0.4760709994930602, 0.7071877975294141]]	[[0.0, 0.0, 0.0], [0.0, 0.0, 0.0], [0.0, 0.0, 0.0]]	0.38123190940347074	[[-0.6738110992421631, 0.47645639751289526, 0.47645639751289515], [-0.7071067811865475, -0.5000000000000001, -0.5], [0.0, -0.673811099242163, 0.6738110992421631]]
8	[[0.5319609947059123, -0.8460851799387872, 0.03402011756955908], [-0.703274286200726, -0.4190807785627857, 0.5742617690636116], [-0.47161719485230363, -0.3294103357928521, -0.8179645788128509]]	0.875019952545072	0.12498004745492795	[[0.4654764843433967, -0.7403414139991262, 0.02976828166129337], [-0.6153790325375288, -0.36670404297056064, 0.5024905059144906], [-0.4126744554591027, -0.2882406163933178, -0.7157353269363707]]	0.8811758684798465	0.16215298038346568	[[0.5320467186179311, -0.7287960794460292, 0.001367922976564086], [-0.5913210889685114, -0.3933959746121875, 0.5765511707924647], [-0.3894723281686799, -0.37621384264278995, -0.7274281564694652]]	[[0.06329552711054565, 0.016753763794458795, -0.028609783668578623], [0.02838724095395731, -0.02411210559891455, 0.07052555770306361], [0.026105363095327842, -0.08594540391428562, -0.0066575083482995285]]	0.2991954201621776	[[0.6738110992421631, -0.673811099242163, 0.0], [-0.5, -0.5000000000000001, 0.7071067811865475], [-0.47645639751289515, -0.47645639751289526, -0.6738110992421631]]
