8	[[0.3802729664721569, 0.7767473726770865, -0.5020517802076895], [0.4287143634067757, 0.332951791095048, 0.839849450446521], [0.8195098935212374, -0.5346088512602871, -0.20639019011321075]]	0.5764916739853564	0.4235083260146439	[[0.21922419901291101, 0.44778839313834096, -0.2894286711992592], [0.2471502610219385, 0.19194393540480686, 0.4841662155835964], [0.4724406303636192, -0.3081975515904314, -0.1189822261925208]]	0.7638703849697885	0.360976127785219	[[0.3044930532088051, 0.45396724099830527, -0.3650640693797313], [0.4084488848580005, 0.31198772244943135, 0.7149967091411661], [0.5536209300738567, -0.3891927256481833, -0.041425479848101326]]	[[0.014013795916115174, -0.13936707359281256, 0.018438417242284063], [0.08096667904038901, 0.05765570960927648, 0.07346058611191672], [-0.0723784077767611, 0.019179143372268663, 0.11622987412766482]]	0.4487956045195536	[[0.3676325452879998, 0.3676325452879999, -0.5199109315160305], [0.5, 0.5000000000000001, 0.7071067811865475], [0.5199109315160305, -0.5199109315160304, 0.0]]
8	[[0.08740825448676931, -0.06334395238859675, -0.994156597696443], [0.7119981850616444, -0.6940087028176986, 0.10681996481098455], [-0.6967197295301035, -0.717174639895393, -0.015561310176609944]]	0.6543373279634549	0.3456626720365454	[[0.05719448368282229, -0.041448312548598695, -0.6505137717139297], [0.4658869899280659, -0.45411580018511644, 0.06989629034756989], [-0.4558897261601489, -0.4692741375523043, -0.010182346120573468]]	0.8556309772786883	0.23979921078484986	[[0.04904142518927596, -0.04904142518927597, -0.7579403879617196], [0.6740904016342664, -0.6655139720319131, 0.09432658983775159], [-0.5443442297267185, -0.5516376782371456, 0.0]]	[[-0.025747785019462732, 0.005157622697673762, 0.09269079329334369], [0.06488269872931926, -0.07169862740009075, 0.0029281189536537987], [0.05179075334046719, 0.06199915977604082, 0.013314739034149568]]	0.24836008148679076	[[0.0, 0.0, -0.7940227759999998], [0.7071067811865475, -0.7071067811865476, 0.0], [-0.5614588893261669, -0.5614588893261668, 0.0]]
8	[[0.8592155572171323, 0.2624339665249735, -0.4391776855101157], [-0.4266000482917053, 0.8413623931712975, -0.33184593135155627], [0.2824199444684594, 0.4724804086637203, 0.8348660002631537]]	0.5722453281505226	0.42775467184947746	[[0.491682088491752, 0.15017661129192678, -0.25131737876112314], [-0.24411988462371564, 0.4814656987738182, -0.18989728388168714], [0.1616134937986059, 0.27037470650046364, 0.4777481682823027]]	0.7495192478670722	0.443154781763382	[[0.47386367501975263, 0.19296951750203942, -0.28830356869577767], [-0.35465776758110334, 0.7494817940203343, -0.2501466829163818], [0.24019696496973025, 0.3147617787315889, 0.47152227235243377]]	[[-0.17013492318131962, -0.003729791702531119, 0.04086855982776583], [-0.034912820245447694, 0.11886448590694373, -0.0014217700420152677], [0.028517780609070224, -0.039371381801969606, -0.1542258642345961]]	0.5373860968799644	[[0.5811464982286101, -0.09970897564476575, -0.3404277369366878], [-0.14644660940672619, 0.8535533905932737, -0.5], [0.3404277369366878, 0.3404277369366879, 0.48143752258384426]]
8	[[-0.5446221603179724, 0.8109226453022452, -0.2139887049042392], [-0.8354447797583356, -0.5021691245819775, 0.22328947644507607], [0.07361197229480154, 0.30038414347728, 0.9509735242804028]]	0.61796129180238	0.3820387081976202	[[-0.33655541373429715, 0.5011188054427786, -0.13223673651374193], [-0.5162725353290157, -0.310321080929949, 0.1379842533098763], [0.045489349491416566, 0.1856257733401714, 0.5876648275341796]]	0.7753696413346807	0.3237048600891387	[[-0.4497209653526598, 0.5947751935094151, -0.09217753908148979], [-0.7327801705464887, -0.39707374916937666, 0.10274649728522296], [0.07050031401334397, 0.097223137700932, 0.7126453580071277]]	[[-0.027437476243994688, -0.033989607128757204, 0.07374280628978301], [-0.0850016513103366, -0.007707055152898315, -0.07038538397980429], [0.013423825457185259, -0.13568560788967188, -0.024710642432945615]]	0.4305709309759008	[[-0.606327094304716, 0.6063270943047159, 0.0], [-0.7071067811865475, -0.7071067811865476, 0.0], [0.0, 0.0, 0.8574759999999999]]
8	[[0.22433838825039393, -0.7661379269479729, -0.6022499185961573], [-0.9416906372873723, -0.011392912655017143, -0.3362869982418849], [0.2507808429735371, 0.642575192824231, -0.724020780340167]]	0.5317393114308495	0.4682606885691505	[[0.11928954009577103, -0.40738565373637364, -0.3202399570236059], [-0.5007339310520652, -0.0060580595303706235, -0.17881701688828722], [0.1333500327627966, 0.34168249057490196, -0.3849903111997068]]	0.7067433721493237	0.47781356867248115	[[0.18152322995959902, -0.45189274865688533, -0.32968394336130347], [-0.8215092887704717, 0.049875054063983376, -0.19914963504692162], [0.14642777445095218, 0.32968394336130347, -0.38065435794096925]]	[[0.02297356094497146, 0.08957015336581733, 0.09595219498400047], [-0.1559756722525483, 0.05792691957239277, 0.03851897210052182], [-0.030809924182615515, -0.12445181527479555, 0.13104252986282514]]	0.4866322221483175	[[0.09233051144705319, -0.5381416573596929, -0.3152360844033729], [-0.8535533905932738, 0.14644660940672602, -0.5], [0.3152360844033729, 0.315236084403373, -0.4458111459126398]]
8	[[0.034229894132735264, 0.2773841392786001, 0.9601491309293217], [-0.1827544195208179, -0.9427759796974285, 0.2788803941677556], [0.9825625356654255, -0.18501754344446375, 0.018422055382213542]]	0.7791507391693016	0.22084926083069856	[[0.02667024731520761, 0.21612405715276184, 0.7481009050763436], [-0.1423932410561019, -0.734564601452314, 0.217289865255633], [0.7655643259437794, -0.14415655573404226, 0.014353558068069493]]	0.8780362243558382	0.18758995067908837	[[0.00919418177066635, 0.21523466651001208, 0.793790162983974], [-0.16778177870366215, -0.8241893425989639, 0.2566626948036488], [0.8236551920708506, -0.14694246303214142, 0.0]]	[[-0.020860905233740575, -0.02831865583836391, -0.049255554755747076], [-0.007316778203260321, 0.003602119027942545, 0.011795606461724766], [-0.03907030693831841, 0.015509642253427798, -0.016175231952672925]]	0.3711139270068374	[[0.0, 0.0, 0.9259999999999999], [0.0, -1.0, 0.0], [0.9259999999999999, 0.0, 0.0]]
8	[[0.8787972042104137, -0.3840163418041313, 0.28327887866788265], [-0.395223040501579, -0.9183905790867732, -0.018907472103605397], [0.2674214316928388, -0.09534250611366366, -0.9588511794847616]]	0.6025260123747089	0.39747398762529124	[[0.5294981751389434, -0.23137983511396648, 0.17068289315373833], [-0.23813216259202447, -0.5533542134196531, -0.011392243770671388], [0.16112836886142182, -0.057446340018477086, -0.5777327776357397]]	0.8010615080071982	0.3235443680611863	[[0.6164056131120124, -0.2360502439908197, 0.17854702500166847], [-0.32198850036001175, -0.8577843245929649, -0.021350511989702364], [0.16195894515320777, -0.05835471896276372, -0.7065975894001015]]	[[-0.08756500052529145, 0.07157046587420549, -0.04837678073061378], [-0.005390535536626814, -0.12209698237011023, -0.006204463873784193], [-0.052262070192101655, 0.018020492761833217, 0.061501182392442316]]	0.5057339299806333	[[0.606327094304716, -0.6063270943047159, 0.0], [-0.7071067811865475, -0.7071067811865476, 0.0], [0.0, 0.0, -0.8574759999999999]]
8	[[-0.30792515101507295, 0.09349718223056193, 0.9468053539599837], [0.3027085282091916, -0.9338174967034747, 0.1906631317268273], [0.9019698710720718, 0.34531602882779927, 0.2592434992682147]]	0.6208439078464802	0.37915609215351986	[[-0.19117345408041542, 0.058047155988656576, 0.5878183359224862], [0.18793474559185103, -0.5797549038688029, 0.11837204378353172], [0.5599824995161711, 0.2143873527794787, 0.16094974716947458]]	0.8048120206046687	0.29362145274904206	[[-0.17904004794067474, 0.07479784283173185, 0.7369120676299974], [0.26101325885019055, -0.8367030237978903, 0.13322051579145935], [0.6776640379057283, 0.24881752067310126, 0.10424220510894289]]	[[0.06878181504276397, -0.0004498133200896183, -0.02508826240985576], [0.017389796607885737, -0.08515547739997328, -0.020227464508422645], [-0.04825215655631849, -0.029096970234979997, -0.10440007936573396]]	0.4809421868250313	[[0.0, 0.0, 0.9259999999999999], [0.0, -1.0, 0.0], [0.9259999999999999, 0.0, 0.0]]
8	[[-0.3195682178843842, -0.5708200961323295, -0.7563336379995778], [0.910087742671785, 0.03735879733279218, -0.41272826520656647], [0.2638493031197415, -0.8202248094963509, 0.507557688474819]]	0.5472484024391882	0.45275159756081174	[[-0.1748831967075676, -0.3123803856886012, -0.41390237510628825], [0.4980440632566215, 0.02044454215741994, -0.22586488377579106], [0.14439110961697166, -0.4488667166378655, 0.2777601341635719]]	0.6953485111382178	0.48180233607015854	[[-0.23252769741837997, -0.37314067949889995, -0.403348089270384], [0.7888616705609085, 0.013464660669919248, -0.21671557450132362], [0.1593433965149456, -0.40334808927038396, 0.31011340888203476]]	[[-0.010316412905379858, 0.02377822447448979, 0.12256737983637428], [0.15603351368894117, -0.012512723433352316, 0.07027441021472194], [-0.024123823574223022, 0.1669940108115319, -0.042816074115685984]]	0.49138330630367444	[[-0.2919086141575233, -0.29190861415752334, -0.4128211211151044], [0.8535533905932738, -0.14644660940672602, -0.5], [0.08549805359997124, -0.49831917471507553, 0.2919086141575233]]
8	[[0.8489524140446696, -0.5135124485683378, 0.12483895166604869], [0.522794976890395, 0.7815435453534784, -0.34040431673891397], [0.0772347773085365, 0.35425224329800037, 0.9319550081910795]]	0.6915497771719612	0.30845022282803874	[[0.5870928527621899, -0.3551194193824621, 0.08633234920703722], [0.3615387497751732, 0.5404762646393827, -0.23540652938916967], [0.053411693037644474, 0.24498305991539956, 0.6444932782488344]]	0.8499098493299395	0.2516859415002595	[[0.6667841658686045, -0.4175672415538928, 0.053803305536252594], [0.4926493094575351, 0.6644294393862236, -0.31748968910938696], [0.021952687108174627, 0.25850640532611696, 0.7381340236588723]]	[[-0.05474885244038896, 0.01887204623787144, -0.05229854906474647], [0.04832070941817037, 0.00018788251006194093, -0.028176707558555558], [-0.043689910837155066, -0.04257606540007963, -0.05394371693509066]]	0.4522684331847361	[[0.654780879378743, -0.6547808793787429, 0.0], [0.7071067811865475, 0.7071067811865476, 0.0], [0.0, 0.0, 0.9259999999999999]]
8	[[-0.8305561570912853, 0.32773595720904825, 0.4502950280316503], [-0.5100865793185324, -0.772219296347621, -0.37879947194723407], [0.22358030216652452, -0.5443036842615101, 0.808545204538665]]	0.550478290297873	0.44952170970212707	[[-0.45720313335198226, 0.18041152939357372, 0.24787763716049566], [-0.280791588087156, -0.42508995798846494, -0.2085208856832505], [0.12307610248091026, -0.2996273615151094, 0.44508658182298827]]	0.7343256813244633	0.4245206782393894	[[-0.5009430630760684, 0.18611557743165036, 0.2568003805735839], [-0.4472264037277935, -0.6760332019011736, -0.26876792476861144], [0.15727348955807122, -0.36913068538176375, 0.4760390123458759]]	[[0.10895565285821765, -0.054549352640409124, -0.07386282268277597], [-0.07265672883524726, -0.1089727409788092, 0.009394255554388102], [-0.006907268161091249, 0.030565488410985216, -0.11769649585860678]]	0.5257681847388956	[[-0.48143752258384426, 0.3404277369366879, 0.3404277369366878], [-0.7071067811865475, -0.5000000000000001, -0.5], [0.0, -0.4814375225838442, 0.48143752258384426]]
8	[[0.5319609947059123, -0.8460851799387872, 0.03402011756955908], [-0.703274286200726, -0.4190807785627857, 0.5742617690636116], [-0.47161719485230363, -0.3294103357928521, -0.8179645788128509]]	0.5927228373864678	0.4072771626135323	[[0.31530543016101614, -0.501494008523958, 0.020164500614050288], [-0.41684673037783715, -0.24839874816386429, 0.34037806516195634], [-0.27953828189310415, -0.19524902889556844, -0.48482628603558003]]	0.721594276476721	0.46577094707641614	[[0.4431100091757681, -0.5731608651520423, 0.08962343115261026], [-0.5179278393055344, -0.3486954865807797, 0.33763776101442117], [-0.24593722824626973, -0.10819413491061623, -0.5184580496890215]]	[[0.05925000008711843, 0.03736935810356312, 0.0650747090293513], [-0.010449139589839257, -0.04628919538846538, -0.07674624474127756], [0.09437904024715911, 0.1295064780097806, 0.07178050874302347]]	0.45297066470879255	[[0.48143752258384426, -0.4814375225838442, 0.0], [-0.5, -0.5000000000000001, 0.7071067811865475], [-0.3404277369366878, -0.3404277369366879, -0.48143752258384426]]
8	[[-0.42203838922340475, -0.825029846081567, 0.3757783270710803], [0.2588054115689476, 0.28760896992378115, 0.9221175843470338], [-0.8688517462515349, 0.4864224845687207, 0.09214016247897017]]	0.5652371048124581	0.4347628951875419	[[-0.23855175724435063, -0.46633748158301286, 0.21240385364492637], [0.14628642154502863, 0.16256726147781148, 0.521215073672975], [-0.4911072455624661, 0.2749440368933063, 0.052081038676562594]]	0.760146490489892	0.38630784799710616	[[-0.23242726876826394, -0.5028378218077358, 0.2798277176930683], [0.26911120802663896, 0.23587552290383548, 0.8285916325919752], [-0.5847974627560806, 0.3042647567252418, 0.02443703903217359]]	[[0.08838373165191415, 0.12430572024058313, -0.005818858832176227], [0.07238118270271131, 0.017250573782860268, 0.12764718703156047], [0.07565714291303781, -0.06548758781504493, -0.04560298210938399]]	0.5637658617705541	[[-0.3676325452879998, -0.3676325452879999, 0.5199109315160305], [0.5, 0.5000000000000001, 0.7071067811865475], [-0.5199109315160305, 0.5199109315160304, 0.0]]
8	[[0.04673222253661188, -0.9725397674033924, -0.22799671093185395], [-0.8377629715199755, -0.16246744520517667, 0.5213036857710898], [-0.5440306084466285, 0.16664552219444034, -0.8223502702654952]]	0.5503227804799533	0.4496772195200467	[[0.025717806644356203, -0.5352107889247621, -0.125471783900302], [-0.46104004787002073, -0.08940953618278731, 0.286885293827994], [-0.29939243710654934, 0.09170882712857818, -0.4525580872609483]]	0.716217250943444	0.4491429740680285	[[-0.005185497265895388, -0.7248756145138651, -0.11598478144500166], [-0.6742113717645546, -0.15258184727885044, 0.2815727243658864], [-0.25202169750163067, 0.02383022801898724, -0.5228371039596225]]	[[-0.038655921221544695, -0.028325855871030974, 0.0473103960827579], [-0.074191079360307, -0.036219860306194285, -0.09179396836376856], [0.13762240930910274, -0.09552416976914949, 0.06614434592252856]]	0.4658647354535769	[[-0.09233051144705319, -0.5381416573596929, -0.3152360844033729], [-0.8535533905932738, -0.14644660940672602, 0.5], [-0.3152360844033729, 0.315236084403373, -0.4458111459126398]]
