8	[[0.8787972042104137, -0.3840163418041313, 0.28327887866788265], [-0.395223040501579, -0.9183905790867732, -0.018907472103605397], [0.2674214316928388, -0.09534250611366366, -0.9588511794847616]]	0.8767672589666548	0.12323274103334542	[[0.7705006159231238, -0.33669295540201016, 0.24836964597278705], [-0.3465186219010366, -0.8052147906867089, -0.0165774524902666], [0.23446635565426877, -0.0835931877482884, -0.8406893203937983]]	0.8780330160897252	0.11497898215400477	[[0.7794205076406192, -0.3426997968841007, 0.24320743816919993], [-0.3528306292482924, -0.8162985295929097, -0.01489916230964328], [0.22928407617421928, -0.08209687209072268, -0.8513275371145379]]	[[0.007807547896531759, -0.005520770062076372, -0.0055207700620763705], [-0.005811750968539365, -0.009921279488961035, 0.001702222448117694], [-0.0055207700620763705, 0.0016169961138104922, -0.009424544010342253]]	0.31309948965567347	[[0.6717035828613616, -0.47496615838856876, 0.47496615838856865], [-0.5, -0.8535533905932737, -0.14644660940672619], [0.47496615838856865, -0.13911436695788798, -0.8108179498192496]]
8	[[0.034229894132735264, 0.2773841392786001, 0.9601491309293217], [-0.1827544195208179, -0.9427759796974285, 0.2788803941677556], [0.9825625356654255, -0.18501754344446375, 0.018422055382213542]]	0.8940158357800814	0.10598416421991876	[[0.030602067411741027, 0.24798581310929615, 0.8583885277612964], [-0.16338534511040761, -0.8428566554425818, 0.24932348867456455], [0.8784264665291213, -0.1654086137364798, 0.016469609239316584]]	0.9332176095990394	0.1225872612881645	[[0.011854703798948532, 0.24372819003421006, 0.8868321159926769], [-0.16329111086862858, -0.8279968023733312, 0.25196134161321493], [0.9210448621509935, -0.16604169334421431, 0.0]]	[[-0.020089236180430854, -0.0151315733640522, -0.009195960831780073], [0.0072585316602491205, 0.05181834378729572, -0.008294753196055847], [0.004100201335734195, 0.006619936282914582, -0.017191786487690437]]	0.34106797920883386	[[0.0, 0.0, 0.9936], [0.0, -1.0, 0.0], [0.9936, 0.0, 0.0]]
8	[[-0.42203838922340475, -0.825029846081567, 0.3757783270710803], [0.2588054115689476, 0.28760896992378115, 0.9221175843470338], [-0.8688517462515349, 0.4864224845687207, 0.09214016247897017]]	0.8623838048634519	0.13761619513654827	[[-0.3639590718969222, -0.7114923777897297, 0.3240651434847809], [0.22318959554808068, 0.24802931779572845, 0.7952192709206903], [-0.749283674794653, 0.4194828730135073, 0.07946018389935099]]	0.87733539296559	0.1999174521594442	[[-0.297251996208525, -0.6778794233944341, 0.35140050580740156], [0.25575825196785906, 0.2325161972185101, 0.8296245549422009], [-0.7875279356383423, 0.39817665277384107, 0.022201151706730846]]	[[0.07301721984735547, 0.0459484608258779, 0.021716879558543227], [0.028699104507395184, -0.01981333142999903, 0.02061816171861538], [-0.025253547411912727, -0.028579008872556218, -0.05863667394966975]]	0.4813910814643084	[[-0.48732235655086076, -0.48732235655086087, 0.6891778858818446], [0.5, 0.5000000000000001, 0.7071067811865475], [-0.6891778858818446, 0.6891778858818445, 0.0]]
8	[[-0.8305561570912853, 0.32773595720904825, 0.4502950280316503], [-0.5100865793185324, -0.772219296347621, -0.37879947194723407], [0.22358030216652452, -0.5443036842615101, 0.808545204538665]]	0.895969697376614	0.10403030262338603	[[-0.7441531487233624, 0.29364148640002585, 0.4034506999957117], [-0.45702211810789756, -0.6918850892569598, -0.3393928482469845], [0.2003211756715129, -0.48767960726876125, 0.72443200222582]]	0.8959696973766138	0.10403030262338622	[[-0.7441531487233621, 0.2936414864000258, 0.4034506999957116], [-0.45702211810789756, -0.6918850892569597, -0.3393928482469844], [0.20032117567151286, -0.48767960726876103, 0.7244320022258202]]	[[0.0, 0.0, 0.0], [0.0, 0.0, 0.0], [0.0, 0.0, 0.0]]	0.3746448300517472	[[-0.6847671474122008, 0.4842034934689354, 0.48420349346893526], [-0.7071067811865475, -0.5000000000000001, -0.5], [0.0, -0.6847671474122007, 0.6847671474122008]]
8	[[-0.30792515101507295, 0.09349718223056193, 0.9468053539599837], [0.3027085282091916, -0.9338174967034747, 0.1906631317268273], [0.9019698710720718, 0.34531602882779927, 0.2592434992682147]]	0.8928350075045602	0.10716499249543991	[[-0.27492635451738545, 0.08347755739847898, 0.8453409653082196], [0.27026877105534797, -0.8337449516771366, 0.17023071864616482], [0.8053102766075204, 0.30831023918991307, 0.23146167161464495]]	0.8928552189403848	0.10619923968806397	[[-0.2788185414193469, 0.08347944711077743, 0.8453601016038699], [0.27027488922933934, -0.8366379303768094, 0.17310867712908234], [0.8053285067136853, 0.311065009518261, 0.23421470229358535]]	[[-0.003885963292532888, 0.0, 0.0], [0.0, -0.0028741049072665147, 0.0028741049072665142], [0.0, 0.0027477909955920085, 0.002747790995592009]]	0.37030369250565415	[[-0.4811045911107341, -0.14091227227635283, 0.8212969099451156], [0.5, -0.8535533905932737, 0.14644660940672619], [0.6803846376687628, 0.4811045911107342, 0.4811045911107341]]
8	[[0.8489524140446696, -0.5135124485683378, 0.12483895166604869], [0.522794976890395, 0.7815435453534784, -0.34040431673891397], [0.0772347773085365, 0.35425224329800037, 0.9319550081910795]]	0.884000932037424	0.11599906796257596	[[0.7504747252709091, -0.4539454831472305, 0.11035774962736199], [0.46215124683559283, 0.6908852225203076, -0.3009177332667624], [0.06827561512644917, 0.3131593132517807, 0.8238490958578595]]	0.9199073717212272	0.1368368486461457	[[0.7751381038074652, -0.4851430718910904, 0.0625440526132514], [0.5065491847185561, 0.670339127729386, -0.28932256410090496], [0.02397025379881324, 0.2991596259411945, 0.8587931870688509]]	[[-0.005819480112757791, -0.012759184982459024, -0.05229621930229675], [0.02562623157825318, -0.048608540962422044, 0.02381787623294947], [-0.04707858720055684, -0.02671962411741762, 0.0014809049213601539]]	0.42896667041893216	[[0.7025812977869537, -0.7025812977869536, 0.0], [0.7071067811865475, 0.7071067811865476, 0.0], [0.0, 0.0, 0.9936]]
8	[[0.3802729664721569, 0.7767473726770865, -0.5020517802076895], [0.4287143634067757, 0.332951791095048, 0.839849450446521], [0.8195098935212374, -0.5346088512602871, -0.20639019011321075]]	0.8789225045054339	0.12107749549456627	[[0.3342304680874191, 0.6827007461613603, -0.44126460805155404], [0.376806702002936, 0.29263882210882974, 0.7381625823939687], [0.7202856880806673, -0.4698797504804646, -0.18140098279965583]]	0.8804185918079244	0.20437555401195465	[[0.3431366514866619, 0.6517311979144261, -0.44201572134511546], [0.4039003195129117, 0.30203254507186955, 0.7212056569339198], [0.699447337851582, -0.4541872382474103, -0.08937410748032583]]	[[0.008337261842623522, -0.03213163012843946, 1.1125954700254837e-18], [0.026452223394487474, 0.008895598016041216, -0.01821341355886534], [-0.022064408575047885, 0.016492333747223812, 0.09233565306211698]]	0.36824288827641316	[[0.48732235655086076, 0.48732235655086087, -0.6891778858818446], [0.5, 0.5000000000000001, 0.7071067811865475], [0.6891778858818446, -0.6891778858818445, 0.0]]
8	[[0.5319609947059123, -0.8460851799387872, 0.03402011756955908], [-0.703274286200726, -0.4190807785627857, 0.5742617690636116], [-0.47161719485230363, -0.3294103357928521, -0.8179645788128509]]	0.8916300042463164	0.10836999575368375	[[0.4743123839685073, -0.7543949325815661, 0.030333357573006148], [-0.6270604547914785, -0.37366499636948614, 0.5120290235886852], [-0.42050804144879533, -0.29371213910176125, -0.7293217608802387]]	0.8917693422983841	0.1536522751637938	[[0.5385444568329932, -0.7369774512836141, 0.0], [-0.5881467828252073, -0.3932318152734133, 0.5824484054355835], [-0.39884153310490944, -0.3808084373970354, -0.7369774512836142]]	[[0.06415795045570759, 0.017535373158807988, -0.0303380978699194], [0.03901166483537956, -0.019508425004583135, 0.07033936533062002], [0.021732222565138227, -0.08705039890075385, -0.007541716812303311]]	0.29309440961187466	[[0.6847671474122008, -0.6847671474122007, 0.0], [-0.5, -0.5000000000000001, 0.7071067811865475], [-0.48420349346893526, -0.4842034934689354, -0.6847671474122008]]
8	[[0.04673222253661188, -0.9725397674033924, -0.22799671093185395], [-0.8377629715199755, -0.16246744520517667, 0.5213036857710898], [-0.5440306084466285, 0.16664552219444034, -0.8223502702654952]]	0.884484569181896	0.11551543081810395	[[0.04133392971720762, -0.8601964171840512, -0.2016595726434501], [-0.7409884209413906, -0.14369994827838395, 0.4610850659221768], [-0.48118667833368106, 0.14739539290424175, -0.7273561245123923]]	0.8866107846950971	0.11027597076009062	[[0.0464888957381965, -0.8673198495691743, -0.19499464011289216], [-0.7517968757379447, -0.14559421005372034, 0.46748147547748925], [-0.4838241565603317, 0.13911926261712182, -0.7341602216587811]]	[[0.005055603244465177, -0.005055603244465179, 0.0071497026743000775], [-0.009027190170123144, -0.0015488209729509548, 0.0052880055715370505], [-0.001480751907315141, -0.008630454581615217, -0.005055603244465177]]	0.3289095216118894	[[1.9212763834590956e-16, -0.9622091822214685, 0.0], [-0.7071067811865476, -1.3401577416544657e-16, 0.7071067811865475], [-0.6803846376687627, -1.0682667886080171e-16, -0.6803846376687628]]
8	[[-0.5446221603179724, 0.8109226453022452, -0.2139887049042392], [-0.8354447797583356, -0.5021691245819775, 0.22328947644507607], [0.07361197229480154, 0.30038414347728, 0.9509735242804028]]	0.8745322416349504	0.1254677583650496	[[-0.47628963870694585, 0.7091779987887162, -0.18714002178446423], [-0.7306233960042746, -0.4391630902005375, 0.1952738463690068], [0.0643760431421427, 0.26269561834678024, 0.8316570079244296]]	0.8749499759113256	0.12330539748848676	[[-0.482319972453192, 0.7112163574763064, -0.17732336790000214], [-0.7370031226484366, -0.44966796818445887, 0.1936007613176418], [0.0726132291842211, 0.2570182726973822, 0.8378570885636548]]	[[-0.005802826402208062, 0.0016996085031584052, 0.009906044301257721], [-0.006030732723638098, -0.010295104728046213, -0.001766360719229981], [0.008206435798099316, -0.005802826402208063, 0.005802826402208062]]	0.38374785567539405	[[-0.6980847774811172, 0.6980847774811171, 0.0], [-0.7071067811865475, -0.7071067811865476, 0.0], [0.0, 0.0, 0.9872409600000001]]
8	[[0.8592155572171323, 0.2624339665249735, -0.4391776855101157], [-0.4266000482917053, 0.8413623931712975, -0.33184593135155627], [0.2824199444684594, 0.4724804086637203, 0.8348660002631537]]	0.8967366105997657	0.10326338940023438	[[0.7704900465534803, 0.23533414564785707, -0.393826709155391], [-0.3825478813868001, 0.7544804607385367, -0.2975783957215171], [0.25325630376842034, 0.42369048023989675, 0.7486549073809636]]	0.896736610599766	0.10326338940023427	[[0.7704900465534805, 0.23533414564785718, -0.39382670915539103], [-0.38254788138680024, 0.7544804607385368, -0.2975783957215171], [0.2532563037684204, 0.4236904802398968, 0.7486549073809635]]	[[0.0, 0.0, 0.0], [0.0, 0.0, 0.0], [0.0, 0.0, 0.0]]	0.31697959884304266	[[0.8108179498192496, 0.13911436695788798, -0.47496615838856865], [-0.2499999999999999, 0.9571067811865475, -0.14644660940672619], [0.4342205036670771, 0.2374830791942843, 0.8108179498192496]]
8	[[0.08740825448676931, -0.06334395238859675, -0.994156597696443], [0.7119981850616444, -0.6940087028176986, 0.10681996481098455], [-0.6967197295301035, -0.717174639895393, -0.015561310176609944]]	0.9398027893452007	0.060197210654799584	[[0.08214652137846094, -0.05953082314295281, -0.9343111435610515], [0.6691378803296537, -0.6522313147379174, 0.10038970088711945], [-0.6547791452042248, -0.6740027270213302, -0.014624562709843884]]	0.9630529063829475	0.05985374481308238	[[0.0652825683546897, -0.05900679753820906, -0.9391987506995826], [0.6813086022063719, -0.6727778650492519, 0.09017219533521671], [-0.6795381405069401, -0.6967278585789997, -0.0044376401015060974]]	[[-0.018896205170653824, 0.001996779911412086, 0.018226650111759574], [-0.004383319256628293, -0.004410766745607987, -0.012701082235726146], [-0.00856018004863257, -0.0060507372435976165, 0.010548724891204649]]	0.11821727106175664	[[0.0, 0.0, -0.9809226178560001], [0.7071067811865475, -0.7071067811865476, 0.0], [-0.6936170349052381, -0.693617034905238, 0.0]]
8	[[-0.3195682178843842, -0.5708200961323295, -0.7563336379995778], [0.910087742671785, 0.03735879733279218, -0.41272826520656647], [0.2638493031197415, -0.8202248094963509, 0.507557688474819]]	0.894817557418656	0.10518244258134413	[[-0.28595525215593753, -0.5107798441466135, -0.6767806185483481], [0.8143624909342253, 0.033429307777427725, -0.3693164981497791], [0.23609698894422165, -0.7339515605677069, 0.4541715310500966]]	0.8952343439994208	0.10077253474048815	[[-0.291702131300627, -0.5054040669028761, -0.6850348011150188], [0.8247654980455214, 0.03516467255223946, -0.37536026219334057], [0.23456274682115555, -0.7438765830892375, 0.4487693868837806]]	[[-0.005613687399836319, 0.00561368739983632, -0.00793895285577148], [0.010023694752832107, 0.0017197941294099294, -0.005871744441121019], [-0.0016442109719505818, -0.00958316382772206, -0.005613687399836319]]	0.24171454527786526	[[-0.4780255217276254, -0.4780255217276255, -0.6760301759876827], [0.8535533905932738, -0.14644660940672602, -0.5], [0.14001043373378433, -0.8160406097214669, 0.4780255217276254]]
8	[[0.22433838825039393, -0.7661379269479729, -0.6022499185961573], [-0.9416906372873723, -0.011392912655017143, -0.3362869982418849], [0.2507808429735371, 0.642575192824231, -0.724020780340167]]	0.9006691004709293	0.0993308995290708	[[0.20205465434658046, -0.6900367575008932, -0.5424278924406912], [-0.8481516592075138, -0.010261244392738195, -0.3028833082065875], [0.225870556256317, 0.5787476209059342, -0.6521031449512387]]	0.9073732304955878	0.09040230600110065	[[0.19047738641095519, -0.7170698186698509, -0.5425037713862249], [-0.8685844148336205, -0.005835712712323629, -0.32734428552155864], [0.24515191593335034, 0.5699990861596261, -0.6708780223985162]]	[[-0.013081261659978204, -0.021896772889875956, 0.003961682816075067], [-0.014119539150728833, 0.004501911248213382, -0.022206465553155398], [0.0176000922980453, -0.013056442389621701, -0.013920947995322392]]	0.29991269417686917	[[0.140912272276353, -0.8212969099451155, -0.4811045911107341], [-0.8535533905932738, 0.14644660940672602, -0.5], [0.4811045911107341, 0.4811045911107342, -0.6803846376687628]]
