8	[[-0.30792515101507295, 0.09349718223056193, 0.9468053539599837], [0.3027085282091916, -0.9338174967034747, 0.1906631317268273], [0.9019698710720718, 0.34531602882779927, 0.2592434992682147]]	0.9059036648795864	0.0940963351204137	[[-0.2789505228131547, 0.08469944003858058, 0.8577144400799633], [0.2742247650950123, -0.8459486925923588, 0.1727224297887522], [0.8170978118151578, 0.3128230560567683, 0.2348496360832841]]	0.9059036648795863	0.09409633512041383	[[-0.27895052281315463, 0.08469944003858058, 0.8577144400799632], [0.27422476509501226, -0.8459486925923586, 0.17272242978875224], [0.8170978118151578, 0.3128230560567682, 0.23484963608328407]]	[[0.0, 0.0, 0.0], [0.0, 0.0, 0.0], [0.0, 0.0, 0.0]]	0.36779936204859526	[[-0.4976047948830712, -0.1457450700703105, 0.8494645196958321], [0.5, -0.8535533905932737, 0.14644660940672619], [0.7037194496255216, 0.4976047948830713, 0.4976047948830712]]
8	[[0.08740825448676931, -0.06334395238859675, -0.994156597696443], [0.7119981850616444, -0.6940087028176986, 0.10681996481098455], [-0.6967197295301035, -0.717174639895393, -0.015561310176609944]]	0.9515471265576207	0.048452873442379495	[[0.08317307339430259, -0.06027475588017197, -0.945986853886351], [0.6774998271096484, -0.6603819869721628, 0.10164423057487851], [-0.6629616566503728, -0.6824254678324576, -0.014807319984025055]]	0.9716540095463019	0.04704480692219314	[[0.07037367185332455, -0.057200613355145764, -0.950805260606367], [0.679173334645925, -0.6708309018494735, 0.0904978880912403], [-0.6835474512698326, -0.7104927382852543, -0.00931475899302931]]	[[-0.014556909086188372, 0.0043477919637443085, 0.015170983662291485], [-0.01264255665891176, 0.003505436903371095, -0.013294159016947691], [-0.006576932541892746, -0.013647123885970527, 0.005805450433867413]]	0.11007201253233985	[[0.0, 0.0, -0.9976019194880003], [0.7071067811865475, -0.7071067811865476, 0.0], [-0.7054110821946813, -0.7054110821946812, 0.0]]
8	[[0.8787972042104137, -0.3840163418041313, 0.28327887866788265], [-0.395223040501579, -0.9183905790867732, -0.018907472103605397], [0.2674214316928388, -0.09534250611366366, -0.9588511794847616]]	0.9027399973452327	0.09726000265476739	[[0.7933253857959072, -0.3466669113807875, 0.2557271741766049], [-0.35678364653317024, -0.8290679089266803, -0.017068531316613803], [0.2414120225364516, -0.08606949371593656, -0.865593311222547]]	0.9027399973452329	0.09726000265476718	[[0.7933253857959071, -0.34666691138078753, 0.25572717417660495], [-0.3567836465331703, -0.8290679089266806, -0.017068531316613803], [0.24141202253645166, -0.08606949371593658, -0.865593311222547]]	[[0.0, 0.0, 0.0], [0.0, 0.0, 0.0], [0.0, 0.0, 0.0]]	0.3078255492541513	[[0.7025939488865686, -0.4968089456783272, 0.49680894567832706], [-0.5, -0.8535533905932737, -0.14644660940672619], [0.49680894567832706, -0.1455119712350429, -0.8481059201216116]]
8	[[0.3802729664721569, 0.7767473726770865, -0.5020517802076895], [0.4287143634067757, 0.332951791095048, 0.839849450446521], [0.8195098935212374, -0.5346088512602871, -0.20639019011321075]]	0.8987428548498184	0.10125714515018162	[[0.34176761150939555, 0.6980961512169006, -0.4512154502262925], [0.38530397088332813, 0.2992380432561238, 0.7548086927383574], [0.7365286612809476, -0.48047588520965234, -0.1854917086753438]]	0.8987428548498186	0.10125714515018154	[[0.34176761150939566, 0.6980961512169006, -0.45121545022629256], [0.3853039708833282, 0.2992380432561239, 0.7548086927383578], [0.7365286612809476, -0.4804758852096526, -0.18549170867534387]]	[[0.0, 0.0, 0.0], [0.0, 0.0, 0.0], [0.0, 0.0, 0.0]]	0.3665858340338509	[[0.49840191897620484, 0.49840191897620495, -0.7048467533289255], [0.5, 0.5000000000000001, 0.7071067811865475], [0.7048467533289255, -0.7048467533289254, 0.0]]
8	[[-0.5446221603179724, 0.8109226453022452, -0.2139887049042392], [-0.8354447797583356, -0.5021691245819775, 0.22328947644507607], [0.07361197229480154, 0.30038414347728, 0.9509735242804028]]	0.8897554798309615	0.11024452016903864	[[-0.48458055158029234, 0.721522867376692, -0.1903976228104774], [-0.7433415708861497, -0.44680773039873134, 0.19867303525559282], [0.06549665573046459, 0.2672684377132396, 0.8461339044026503]]	0.8897554798309615	0.11024452016903871	[[-0.48458055158029223, 0.7215228673766918, -0.19039762281047737], [-0.7433415708861497, -0.44680773039873134, 0.19867303525559282], [0.06549665573046459, 0.2672684377132396, 0.8461339044026503]]	[[0.0, 0.0, 0.0], [0.0, 0.0, 0.0], [0.0, 0.0, 0.0]]	0.3807730735742861	[[-0.7059758628849891, 0.705975862884989, 0.0], [-0.7071067811865475, -0.7071067811865476, 0.0], [0.0, 0.0, 0.9984006400000002]]
8	[[0.04673222253661188, -0.9725397674033924, -0.22799671093185395], [-0.8377629715199755, -0.16246744520517667, 0.5213036857710898], [-0.5440306084466285, 0.16664552219444034, -0.8223502702654952]]	0.923569960897306	0.07643003910269398	[[0.0431604769407829, -0.8982085149518263, -0.2105709134000467], [-0.7737327148479146, -0.15005005201523025, 0.4814604246832269], [-0.5024503277699903, 0.1539087984168303, -0.7594980069529926]]	0.923569960897306	0.07643003910269405	[[0.043160476940782885, -0.8982085149518262, -0.21057091340004674], [-0.773732714847915, -0.1500500520152302, 0.4814604246832268], [-0.5024503277699903, 0.1539087984168303, -0.7594980069529924]]	[[0.0, 0.0, 0.0], [0.0, 0.0, 0.0], [0.0, 0.0, 0.0]]	0.318086295474395	[[-1.987169439596565e-16, -0.9952095897661426, 0.0], [-0.7071067811865476, 1.3401577416544657e-16, 0.7071067811865475], [-0.7037194496255215, 1.1049046008861281e-16, -0.7037194496255216]]
8	[[0.8489524140446696, -0.5135124485683378, 0.12483895166604869], [0.522794976890395, 0.7815435453534784, -0.34040431673891397], [0.0772347773085365, 0.35425224329800037, 0.9319550081910795]]	0.8962907194054227	0.10370928059457742	[[0.7609081699250673, -0.46025644195095555, 0.11189199379858156], [0.46857628593863343, 0.7004902265115336, -0.30510122993863253], [0.0692248141169858, 0.31751299799654953, 0.8353026247450691]]	0.9248563296596637	0.13160774601568623	[[0.7805934699268909, -0.49334549979689263, 0.06839781974518923], [0.5096403081238162, 0.6681383455538118, -0.29154459887174505], [0.026782024508035365, 0.30635187829148774, 0.8645072532886079]]	[[-0.004565543782173328, -0.018420261379432926, -0.047060274891232726], [0.026130064632456786, -0.054677149271007114, 0.023280488107712546], [-0.04464904815561918, -0.021280551218803036, 0.002582765005064629]]	0.42724466581540005	[[0.7065410957615984, -0.7065410957615983, 0.0], [0.7071067811865475, 0.7071067811865476, 0.0], [0.0, 0.0, 0.9992000000000001]]
8	[[-0.8305561570912853, 0.32773595720904825, 0.4502950280316503], [-0.5100865793185324, -0.772219296347621, -0.37879947194723407], [0.22358030216652452, -0.5443036842615101, 0.808545204538665]]	0.9044940847142385	0.09550591528576154	[[-0.7512331311120573, 0.29643523464374294, 0.4072891892308599], [-0.46137029368573285, -0.6984677856486147, -0.3426218816691505], [0.2022270607682435, -0.49231946270270255, 0.7313243547292865]]	0.9044940847142385	0.09550591528576138	[[-0.7512331311120575, 0.296435234643743, 0.40728918923085994], [-0.4613702936857328, -0.6984677856486149, -0.3426218816691504], [0.2022270607682435, -0.49231946270270255, 0.7313243547292866]]	[[0.0, 0.0, 0.0], [0.0, 0.0, 0.0], [0.0, 0.0, 0.0]]	0.36336850295579914	[[-0.7042828759262625, 0.49800319744102406, 0.49800319744102395], [-0.7071067811865475, -0.5000000000000001, -0.5], [0.0, -0.7042828759262624, 0.7042828759262625]]
8	[[-0.42203838922340475, -0.825029846081567, 0.3757783270710803], [0.2588054115689476, 0.28760896992378115, 0.9221175843470338], [-0.8688517462515349, 0.4864224845687207, 0.09214016247897017]]	0.8845243620823533	0.11547563791764684	[[-0.37330323700209594, -0.7297589983042001, 0.33238508503692116], [0.2289196915714842, 0.2543971406509952, 0.8156354680594808], [-0.7685205365972777, 0.430252537865661, 0.08150021843887545]]	0.8854847733303105	0.18753491864611568	[[-0.3045974227752846, -0.6922064151771252, 0.35799488177818733], [0.253952281178434, 0.23315816922908064, 0.8338570988108441], [-0.8002486005833609, 0.3998224505375486, 0.020727650597927562]]	[[0.06911114464289127, 0.0383449510711521, 0.025248895009208384], [0.02478402997864672, -0.021515194311642838, 0.017336018651417345], [-0.03089360899617609, -0.03089725295355147, -0.06086106028938132]]	0.4771865082607915	[[-0.49840191897620484, -0.49840191897620495, 0.7048467533289255], [0.5, 0.5000000000000001, 0.7071067811865475], [-0.7048467533289255, 0.7048467533289254, 0.0]]
8	[[0.8592155572171323, 0.2624339665249735, -0.4391776855101157], [-0.4266000482917053, 0.8413623931712975, -0.33184593135155627], [0.2824199444684594, 0.4724804086637203, 0.8348660002631537]]	0.915992527002053	0.08400747299794699	[[0.7870350294947981, 0.24038755216838273, -0.4022834779533238], [-0.3907624562539169, 0.7706816646454715, -0.3039683932340619], [0.2586945586094437, 0.4327885234908439, 0.764731017289143]]	0.9159925270020529	0.08400747299794707	[[0.787035029494798, 0.24038755216838265, -0.40228347795332375], [-0.390762456253917, 0.7706816646454716, -0.3039683932340619], [0.25869455860944357, 0.43278852349084374, 0.7647310172891428]]	[[0.0, 0.0, 0.0], [0.0, 0.0, 0.0], [0.0, 0.0, 0.0]]	0.2994310838671887	[[0.8481059201216116, 0.1455119712350429, -0.49680894567832706], [-0.2499999999999999, 0.9571067811865475, -0.14644660940672619], [0.4541894760474049, 0.2484044728391635, 0.8481059201216116]]
8	[[0.034229894132735264, 0.2773841392786001, 0.9601491309293217], [-0.1827544195208179, -0.9427759796974285, 0.2788803941677556], [0.9825625356654255, -0.18501754344446375, 0.018422055382213542]]	0.9016651265806214	0.09833487341937881	[[0.030863901826034025, 0.2501076050540957, 0.8657329876756605], [-0.16478328681040622, -0.850068223071051, 0.25145672590812296], [0.885942373094142, -0.166823866729488, 0.016610524898078786]]	0.9369330041947896	0.12234882390265102	[[0.012219063611614766, 0.25120414884027115, 0.8916758914764646], [-0.1632513553879523, -0.8262410507659771, 0.256239856436524], [0.9282189751529757, -0.16759461777768056, -0.0010816273245285728]]	[[-0.01985205393143849, -0.008686206090013625, -0.007919518240161256], [0.007977291923562545, 0.05707688017462067, -0.005052389082098312], [0.007623706802718499, 0.005754425030480877, -0.018341859017228703]]	0.33872902865032545	[[0.0, 0.0, 0.9992000000000001], [0.0, -1.0, 0.0], [0.9992000000000001, 0.0, 0.0]]
8	[[0.5319609947059123, -0.8460851799387872, 0.03402011756955908], [-0.703274286200726, -0.4190807785627857, 0.5742617690636116], [-0.47161719485230363, -0.3294103357928521, -0.8179645788128509]]	0.9020023514195245	0.09799764858047554	[[0.47983006808820217, -0.7631708218059975, 0.030686226043310977], [-0.6343550598459425, -0.3780118476983577, 0.5179854660257136], [-0.42539981872665794, -0.2971288974670478, -0.7378059734670724]]	0.9051774176527173	0.13884080829097545	[[0.5428044120455326, -0.7539135795585741, -0.006419636452111127], [-0.5877983155846136, -0.393136266821927, 0.5829412125332737], [-0.412439413137722, -0.38061086238931746, -0.7493742110905339]]	[[0.06128533256566433, 0.011943618732651736, -0.037213878621966456], [0.04878968670011758, -0.013793809894574406, 0.06313242735559262], [0.01445782141930454, -0.08243606528822918, -0.008971145909325125]]	0.2831641512720798	[[0.7042828759262625, -0.7042828759262624, 0.0], [-0.5, -0.5000000000000001, 0.7071067811865475], [-0.49800319744102395, -0.49800319744102406, -0.7042828759262625]]
8	[[0.22433838825039393, -0.7661379269479729, -0.6022499185961573], [-0.9416906372873723, -0.011392912655017143, -0.3362869982418849], [0.2507808429735371, 0.642575192824231, -0.724020780340167]]	0.9349441409617285	0.06505585903827155	[[0.2097438616875032, -0.716296165968572, -0.5630700327861553], [-0.880428143930345, -0.010651736935296974, -0.3144095586878573], [0.23446607980355175, 0.6007719116583679, -0.676918986513578]]	0.9349441409617284	0.06505585903827163	[[0.2097438616875032, -0.716296165968572, -0.5630700327861551], [-0.8804281439303449, -0.010651736935296979, -0.3144095586878573], [0.23446607980355177, 0.6007719116583676, -0.6769189865135778]]	[[0.0, 0.0, 0.0], [0.0, 0.0, 0.0], [0.0, 0.0, 0.0]]	0.2897130474534292	[[0.14574507007031068, -0.849464519695832, -0.4976047948830712], [-0.8535533905932738, 0.14644660940672602, -0.5], [0.4976047948830712, 0.4976047948830713, -0.7037194496255216]]
8	[[-0.3195682178843842, -0.5708200961323295, -0.7563336379995778], [0.910087742671785, 0.03735879733279218, -0.41272826520656647], [0.2638493031197415, -0.8202248094963509, 0.507557688474819]]	0.9267985516242712	0.07320144837572873	[[-0.2961753614803968, -0.5290352383334702, -0.7009689202427246], [0.8434680017592129, 0.034624079258456494, -0.38251595840784397], [0.24453515197844972, -0.760183165447512, 0.4704037305442253]]	0.926798551624271	0.07320144837572884	[[-0.2961753614803967, -0.5290352383334702, -0.7009689202427245], [0.8434680017592129, 0.0346240792584565, -0.3825159584078438], [0.24453515197844963, -0.7601831654475117, 0.47040373054422524]]	[[0.0, 0.0, 0.0], [0.0, 0.0, 0.0], [0.0, 0.0, 0.0]]	0.22528176448929607	[[-0.49720671104716474, -0.49720671104716485, -0.7031564740658212], [0.8535533905932738, -0.14644660940672602, -0.5], [0.14562847401425444, -0.8487849480800754, 0.49720671104716474]]
