8	[[-0.5446221603179724, 0.8109226453022452, -0.2139887049042392], [-0.8354447797583356, -0.5021691245819775, 0.22328947644507607], [0.07361197229480154, 0.30038414347728, 0.9509735242804028]]	0.888783732633839	0.11121626736616103	[[-0.48405131652251265, 0.7207348555690363, -0.19018967988627086], [-0.7425297297630694, -0.44631974895943727, 0.1984560543327104], [0.06542512350271247, 0.26697654026375556, 0.8452097985458931]]	0.8887837326338391	0.11121626736616101	[[-0.4840513165225126, 0.7207348555690362, -0.1901896798862708], [-0.7425297297630693, -0.4463197489594372, 0.1984560543327104], [0.06542512350271246, 0.26697654026375556, 0.8452097985458932]]	[[0.0, 0.0, 0.0], [0.0, 0.0, 0.0], [0.0, 0.0, 0.0]]	0.381083366755659	[[-0.7051282681285163, 0.7051282681285161, 0.0], [-0.7071067811865475, -0.7071067811865476, 0.0], [0.0, 0.0, 0.9972019599999998]]
8	[[0.04673222253661188, -0.9725397674033924, -0.22799671093185395], [-0.8377629715199755, -0.16246744520517667, 0.5213036857710898], [-0.5440306084466285, 0.16664552219444034, -0.8223502702654952]]	0.9210612002355463	0.07893879976445378	[[0.04304323697924643, -0.8957686454413676, -0.20999892422065033], [-0.7716309680610863, -0.14964246007988294, 0.48015259850353403], [-0.5010854851807262, 0.15349072468629057, -0.7574349269447629]]	0.9210612002355463	0.07893879976445368	[[0.043043236979246426, -0.8957686454413677, -0.20999892422065028], [-0.7716309680610864, -0.14964246007988286, 0.48015259850353403], [-0.5010854851807262, 0.15349072468629057, -0.757434926944763]]	[[0.0, 0.0, 0.0], [0.0, 0.0, 0.0], [0.0, 0.0, 0.0]]	0.3191734354919784	[[-1.9800206412873349e-16, -0.9916293451775914, 0.0], [-0.7071067811865476, 1.3401577416544657e-16, 0.7071067811865475], [-0.7011878343986504, 1.1009297309101289e-16, -0.7011878343986505]]
8	[[0.8592155572171323, 0.2624339665249735, -0.4391776855101157], [-0.4266000482917053, 0.8413623931712975, -0.33184593135155627], [0.2824199444684594, 0.4724804086637203, 0.8348660002631537]]	0.9160391029177023	0.08396089708229774	[[0.7870750482461155, 0.24039977527067108, -0.40230393305615925], [-0.39078232554178216, 0.7707208518693265, -0.30398384926216904], [0.2587077125769549, 0.4328105296985037, 0.7647699019375496]]	0.9160391029177024	0.08396089708229776	[[0.7870750482461154, 0.24039977527067113, -0.40230393305615925], [-0.3907823255417823, 0.7707208518693267, -0.30398384926216904], [0.2587077125769549, 0.4328105296985038, 0.7647699019375497]]	[[0.0, 0.0, 0.0], [0.0, 0.0, 0.0], [0.0, 0.0, 0.0]]	0.3012270171696694	[[0.8440403046975501, 0.14481442190706043, -0.49442736330230513], [-0.2499999999999999, 0.9571067811865475, -0.14644660940672619], [0.4520122011393369, 0.24721368165115254, 0.8440403046975501]]
8	[[-0.30792515101507295, 0.09349718223056193, 0.9468053539599837], [0.3027085282091916, -0.9338174967034747, 0.1906631317268273], [0.9019698710720718, 0.34531602882779927, 0.2592434992682147]]	0.9046929276426905	0.0953070723573096	[[-0.278577706366644, 0.0845862395185092, 0.8565681075818313], [0.2738582646079835, -0.844818084976635, 0.17249158683546736], [0.8160057633056927, 0.31240496908216947, 0.2345357603252969]]	0.9046929276426906	0.09530707235730948	[[-0.278577706366644, 0.08458623951850923, 0.8565681075818314], [0.2738582646079835, -0.8448180849766351, 0.17249158683546736], [0.8160057633056929, 0.31240496908216947, 0.23453576032529683]]	[[0.0, 0.0, 0.0], [0.0, 0.0, 0.0], [0.0, 0.0, 0.0]]	0.36794216886500436	[[-0.4958146725887956, -0.1452207553894704, 0.8464085897881211], [0.5, -0.8535533905932737, 0.14644660940672619], [0.7011878343986505, 0.4958146725887957, 0.4958146725887956]]
8	[[0.3802729664721569, 0.7767473726770865, -0.5020517802076895], [0.4287143634067757, 0.332951791095048, 0.839849450446521], [0.8195098935212374, -0.5346088512602871, -0.20639019011321075]]	0.896923913035342	0.10307608696465805	[[0.3410759171097644, 0.6966832929414536, -0.4503022472502404], [0.3845241644012609, 0.2986324233210962, 0.7532810554550752], [0.7350380204682447, -0.47950346281570594, -0.18511629692844916]]	0.8969239130353419	0.10307608696465832	[[0.34107591710976437, 0.6966832929414535, -0.4503022472502402], [0.38452416440126086, 0.29863242332109613, 0.7532810554550753], [0.7350380204682444, -0.4795034628157057, -0.1851162969284491]]	[[0.0, 0.0, 0.0], [0.0, 0.0, 0.0], [0.0, 0.0, 0.0]]	0.3667069997614478	[[0.49720587451392056, 0.4972058745139207, -0.7031552910291619], [0.5, 0.5000000000000001, 0.7071067811865475], [0.7031552910291619, -0.7031552910291617, 0.0]]
8	[[0.8787972042104137, -0.3840163418041313, 0.28327887866788265], [-0.395223040501579, -0.9183905790867732, -0.018907472103605397], [0.2674214316928388, -0.09534250611366366, -0.9588511794847616]]	0.9013603577593294	0.0986396422406706	[[0.792112962384997, -0.34613710723400076, 0.25533635142174443], [-0.3562383811812333, -0.8278008609284516, -0.01704244581963029], [0.24104307734316927, -0.08593795542028293, -0.8642704421783397]]	0.9013603577593298	0.09863964224067044	[[0.7921129623849971, -0.34613710723400076, 0.2553363514217445], [-0.35623838118123335, -0.8278008609284521, -0.01704244581963031], [0.24104307734316932, -0.08593795542028296, -0.8642704421783403]]	[[0.0, 0.0, 0.0], [0.0, 0.0, 0.0], [0.0, 0.0, 0.0]]	0.308132646829067	[[0.6992258827904896, -0.49442736330230524, 0.49442736330230513], [-0.5, -0.8535533905932737, -0.14644660940672619], [0.49442736330230513, -0.14481442190706043, -0.8440403046975501]]
8	[[-0.42203838922340475, -0.825029846081567, 0.3757783270710803], [0.2588054115689476, 0.28760896992378115, 0.9221175843470338], [-0.8688517462515349, 0.4864224845687207, 0.09214016247897017]]	0.88242447563908	0.11757552436092002	[[-0.37241700431002495, -0.7280265293151178, 0.3315959932222286], [0.22837622959628484, 0.25379319447408855, 0.8136991258450065], [-0.7666960465941097, 0.4292311058846118, 0.08130673456080488]]	0.8848522672290345	0.18860783748072016	[[-0.3031315135159053, -0.691280235511936, 0.35843503942740446], [0.2548761589369446, 0.2332192172610321, 0.8333244895072669], [-0.8001165856068684, 0.4001416200850904, 0.021535917250538217]]	[[0.07031011204611426, 0.038749294324959965, 0.025926734743025318], [0.025871603739017902, -0.02127223185143299, 0.017386654346033426], [-0.03131114805029186, -0.03027041821672212, -0.05999451442183015]]	0.477606565661764	[[-0.49720587451392056, -0.4972058745139207, 0.7031552910291619], [0.5, 0.5000000000000001, 0.7071067811865475], [-0.7031552910291619, 0.7031552910291617, 0.0]]
8	[[0.22433838825039393, -0.7661379269479729, -0.6022499185961573], [-0.9416906372873723, -0.011392912655017143, -0.3362869982418849], [0.2507808429735371, 0.642575192824231, -0.724020780340167]]	0.9311951849616587	0.06880481503834147	[[0.2089028269408259, -0.7134239485904593, -0.5608122243402925], [-0.8768977871654768, -0.010609025407040677, -0.31314883352805295], [0.23352591345758356, 0.5983629255337334, -0.6742046644649461]]	0.9311951849616584	0.06880481503834165	[[0.20890282694082585, -0.7134239485904593, -0.5608122243402924], [-0.8768977871654766, -0.01060902540704067, -0.3131488335280529], [0.23352591345758347, 0.5983629255337333, -0.6742046644649461]]	[[0.0, 0.0, 0.0], [0.0, 0.0, 0.0], [0.0, 0.0, 0.0]]	0.29071256690704317	[[0.14522075538947057, -0.846408589788121, -0.4958146725887956], [-0.8535533905932738, 0.14644660940672602, -0.5], [0.4958146725887956, 0.4958146725887957, -0.7011878343986505]]
8	[[0.08740825448676931, -0.06334395238859675, -0.994156597696443], [0.7119981850616444, -0.6940087028176986, 0.10681996481098455], [-0.6967197295301035, -0.717174639895393, -0.015561310176609944]]	0.9501321492322963	0.04986785076770392	[[0.08304939269615762, -0.060185125623845676, -0.9445801448427888], [0.6764923658221142, -0.6593999803940981, 0.10149308274677901], [-0.6619758140309813, -0.6814106819787081, -0.01478530108297282]]	0.9708088633912322	0.04874388777172956	[[0.07018309812213518, -0.05711620758809831, -0.949078764826538], [0.6790352517083336, -0.6712170753470087, 0.09052005107144535], [-0.6827275009616219, -0.7089813612025746, -0.009239686905639786]]	[[-0.01467361006717692, 0.004378662832983611, 0.016057271816040306], [-0.012178897067981576, 0.0025327246190645475, -0.01318171755419797], [-0.006345812234255425, -0.012741864192711937, 0.005867370939793327]]	0.11091520664289609	[[0.0, 0.0, -0.9958058772559998], [0.7071067811865475, -0.7071067811865476, 0.0], [-0.7041410885531363, -0.7041410885531362, 0.0]]
8	[[0.034229894132735264, 0.2773841392786001, 0.9601491309293217], [-0.1827544195208179, -0.9427759796974285, 0.2788803941677556], [0.9825625356654255, -0.18501754344446375, 0.018422055382213542]]	0.9007847905107507	0.09921520948924951	[[0.0308337680155611, 0.24986341379107865, 0.8648877337632485], [-0.16462240150297375, -0.8492382633703157, 0.2512112174379573], [0.8850773878530922, -0.166660989112435, 0.01659430729824468]]	0.9368283308944992	0.12244118566392959	[[0.012663053617501693, 0.2506341054302557, 0.8915334269921069], [-0.16295486926016173, -0.8262551380310189, 0.25650233289799407], [0.9280474046269891, -0.1676075530345906, -0.00028782476867263997]]	[[-0.019404480969564097, -0.009227214786722606, -0.007961480746213744], [0.008254648543119207, 0.05696410943634948, -0.004760721289384547], [0.007554984340081667, 0.005722123376686875, -0.017546128164037784]]	0.338978547778672	[[0.0, 0.0, 0.9985999999999999], [0.0, -1.0, 0.0], [0.9985999999999999, 0.0, 0.0]]
8	[[0.8489524140446696, -0.5135124485683378, 0.12483895166604869], [0.522794976890395, 0.7815435453534784, -0.34040431673891397], [0.0772347773085365, 0.35425224329800037, 0.9319550081910795]]	0.89481433695872	0.10518566304128005	[[0.7596547914828856, -0.4594983011857259, 0.11170768376167707], [0.46780444061152826, 0.6993363693398401, -0.30459866298061744], [0.06911078604749249, 0.31698998620283936, 0.8339267027298594]]	0.924625718669501	0.13215148014017047	[[0.7802689615086214, -0.49276651368289237, 0.06806428722157783], [0.510115209478669, 0.6679914560960624, -0.29142432003796076], [0.026703374881998226, 0.30617175648721584, 0.8642356595242259]]	[[-0.004694274443639073, -0.01795969687965783, -0.04736501818058955], [0.026725528254582288, -0.054643806197907596, 0.023322265964958094], [-0.04470988659318621, -0.02137897856248065, 0.002526090307908194]]	0.42742753965621005	[[0.7061168316928863, -0.7061168316928862, 0.0], [0.7071067811865475, 0.7071067811865476, 0.0], [0.0, 0.0, 0.9985999999999999]]
8	[[-0.3195682178843842, -0.5708200961323295, -0.7563336379995778], [0.910087742671785, 0.03735879733279218, -0.41272826520656647], [0.2638493031197415, -0.8202248094963509, 0.507557688474819]]	0.9247258187555975	0.07527418124440259	[[-0.2955129819314043, -0.5278520807581173, -0.6994012426515592], [0.8415816329816, 0.034546644451290694, -0.38166048296671956], [0.2439882628554967, -0.758483058525167, 0.4693516990405755]]	0.9247258187555973	0.07527418124440274	[[-0.29551298193140435, -0.5278520807581172, -0.699401242651559], [0.8415816329815997, 0.03454664445129069, -0.38166048296671945], [0.24398826285549668, -0.758483058525167, 0.46935169904057533]]	[[0.0, 0.0, 0.0], [0.0, 0.0, 0.0], [0.0, 0.0, 0.0]]	0.22695100601370052	[[-0.4951205320471712, -0.4951205320471713, -0.7002061714304924], [0.8535533905932738, -0.14644660940672602, -0.5], [0.1450174463319253, -0.8452236177624175, 0.4951205320471712]]
8	[[-0.8305561570912853, 0.32773595720904825, 0.4502950280316503], [-0.5100865793185324, -0.772219296347621, -0.37879947194723407], [0.22358030216652452, -0.5443036842615101, 0.808545204538665]]	0.9037527081160796	0.09624729188392037	[[-0.750617376213733, 0.29619225887469297, 0.40695535103480995], [-0.4609921274327912, -0.697895280333656, -0.3423410486052537], [0.20206130356440793, -0.4919159286888993, 0.730724918236088]]	0.9037527081160798	0.09624729188392034	[[-0.7506173762137331, 0.296192258874693, 0.40695535103481], [-0.4609921274327911, -0.697895280333656, -0.34234104860525383], [0.20206130356440796, -0.49191592868889933, 0.730724918236088]]	[[0.0, 0.0, 0.0], [0.0, 0.0, 0.0], [0.0, 0.0, 0.0]]	0.3645603737321255	[[-0.7021708736217209, 0.49650978628960113, 0.496509786289601], [-0.7071067811865475, -0.5000000000000001, -0.5], [0.0, -0.7021708736217208, 0.7021708736217209]]
8	[[0.5319609947059123, -0.8460851799387872, 0.03402011756955908], [-0.703274286200726, -0.4190807785627857, 0.5742617690636116], [-0.47161719485230363, -0.3294103357928521, -0.8179645788128509]]	0.9008895652375425	0.09911043476245748	[[0.47923810924393995, -0.762229309908982, 0.03064836892657017], [-0.6335724659381151, -0.3775455003988389, 0.5173464354642591], [-0.4248750096290412, -0.2967623341971754, -0.7368957537864188]]	0.9039003426582295	0.14014818850499522	[[0.5427831878091675, -0.752209025189643, -0.005285510736086275], [-0.5878281564988389, -0.39292338947899286, 0.5828990111076628], [-0.41084803050394714, -0.38116291744587044, -0.7484716047061223]]	[[0.06194346241368065, 0.012567658875076486, -0.036036306664483986], [0.04786171178071902, -0.014116130134613143, 0.0638236012755432], [0.01544691352656319, -0.08340880204754901, -0.009113141634891957]]	0.2841774932804335	[[0.7021708736217209, -0.7021708736217208, 0.0], [-0.5, -0.5000000000000001, 0.7071067811865475], [-0.496509786289601, -0.49650978628960113, -0.7021708736217209]]
