8	[[-0.5446221603179724, 0.8109226453022452, -0.2139887049042392], [-0.8354447797583356, -0.5021691245819775, 0.22328947644507607], [0.07361197229480154, 0.30038414347728, 0.9509735242804028]]	0.7821646150731069	0.21783538492689317	[[-0.4259841823853908, 0.6342749987168963, -0.16737439300141688], [-0.6534553445745153, -0.39277892003026155, 0.1746491273935385], [0.05757667997473566, 0.2349498479569716, 0.743817840563497]]	0.8481726311828933	0.17955050547273074	[[-0.47925935033265077, 0.6704766541365527, -0.12749685508249742], [-0.7617621869549798, -0.4511376514430483, 0.20913275082775984], [0.045194098394213476, 0.20643027059477592, 0.8239154558894229]]	[[-0.01732573961524462, -0.01732573961524462, 0.05400250779955087], [-0.05316078989933944, -0.025211543747542375, 0.01974472807588899], [-0.0172415618336306, -0.04834733874396842, 0.01732573961524462]]	0.39530045214648396	[[-0.6710907498351507, 0.6710907498351506, 0.0], [-0.7071067811865475, -0.7071067811865476, 0.0], [0.0, 0.0, 0.9490656399999999]]
8	[[0.08740825448676931, -0.06334395238859675, -0.994156597696443], [0.7119981850616444, -0.6940087028176986, 0.10681996481098455], [-0.6967197295301035, -0.717174639895393, -0.015561310176609944]]	0.8474688124842378	0.15253118751576236	[[0.07407576963122244, -0.05368202410882219, -0.8425167112731751], [0.6033962563851244, -0.5881507312306412, 0.09052658872797315], [-0.5904482418192162, -0.6077831404159594, -0.013187725056070517]]	0.932931819258253	0.11309010555048833	[[0.05992330756007856, -0.057132630956300265, -0.8849505348657979], [0.6819699596497294, -0.6728004373730413, 0.09189374534407506], [-0.6421841436717426, -0.654389979726784, -0.001973306350630286]]	[[-0.02162263431645148, 0.001962957784601451, 0.042529788450740146], [0.017724197551595183, -0.025337635672265504, -0.007761998760139331], [0.007807861111894902, 0.01468506179670754, 0.012544335062476396]]	0.15064522673997618	[[0.0, 0.0, -0.9245797464879999], [0.7071067811865475, -0.7071067811865476, 0.0], [-0.6537766084894038, -0.6537766084894037, 0.0]]
8	[[0.3802729664721569, 0.7767473726770865, -0.5020517802076895], [0.4287143634067757, 0.332951791095048, 0.839849450446521], [0.8195098935212374, -0.5346088512602871, -0.20639019011321075]]	0.7518632185523118	0.2481367814476885	[[0.2859132565001913, 0.5840077796230462, -0.37747426734687123], [0.32233456111062375, 0.25033420527547967, 0.6314519109121117], [0.6161593461783397, -0.4019527315751135, -0.15517719261614218]]	0.8454496022193668	0.24807853881098688	[[0.3462347835536397, 0.588568090966978, -0.42983006115229166], [0.4037108717664324, 0.29286521423232115, 0.717597871915897], [0.6520931536536583, -0.4298300611522916, -0.07989008042655045]]	[[0.02473315531497601, -0.06813266628780294, -0.005370583282175673], [0.04125448375844479, 0.011371254892787185, 0.007547488111731896], [-0.04076115983870761, 0.022154779488670777, 0.09460242370664304]]	0.3818674047330852	[[0.4503627945143046, 0.4503627945143047, -0.6369091719903771], [0.5, 0.5000000000000001, 0.7071067811865475], [0.6369091719903771, -0.636909171990377, 0.0]]
8	[[0.8489524140446696, -0.5135124485683378, 0.12483895166604869], [0.522794976890395, 0.7815435453534784, -0.34040431673891397], [0.0772347773085365, 0.35425224329800037, 0.9319550081910795]]	0.8136220906672408	0.18637790933275936	[[0.6907264379920249, -0.41780507198782496, 0.10157172885123715], [0.42535754208789495, 0.6358810933179845, -0.2769604718572688], [0.06283992098599024, 0.2882274508156791, 0.7582591821722316]]	0.9008671960361655	0.16688564752336274	[[0.7416682666129395, -0.46760728940310453, 0.06579283320355718], [0.5082743798822358, 0.6667745935672312, -0.2962029156550415], [0.021911280689022556, 0.2894764984642837, 0.8229813402315653]]	[[-0.023125114195615817, -0.005000769731680531, -0.046670483139930496], [0.03730553494919368, -0.037292348715520535, 0.010456166684150787], [-0.04766699658139639, -0.029657726645107383, -0.016586354829394023]]	0.43518898104473885	[[0.6888634262319346, -0.6888634262319345, 0.0], [0.7071067811865475, 0.7071067811865476, 0.0], [0.0, 0.0, 0.9742]]
8	[[0.8592155572171323, 0.2624339665249735, -0.4391776855101157], [-0.4266000482917053, 0.8413623931712975, -0.33184593135155627], [0.2824199444684594, 0.4724804086637203, 0.8348660002631537]]	0.7831358018443335	0.21686419815566652	[[0.6728824643583649, 0.2055214348057241, -0.34393576889410293], [-0.334085770885756, 0.6589010124178715, -0.2598804295377807], [0.22117316966813907, 0.3700163236946009, 0.6538134545486564]]	0.82037593894539	0.21953000072994241	[[0.7237497012777775, 0.16678124242403194, -0.32169481071536316], [-0.34825844301347825, 0.7411689627588669, -0.39459630614071156], [0.23681656496468048, 0.3858874887038559, 0.6901614211750254]]	[[0.01886993176928612, -0.04851326927505625, 0.038595995398861216], [0.0017139721579782037, 0.050935499467623366, -0.12235788862297114], [0.005126037844463166, -0.0017240701869452296, 0.005257442315558429]]	0.3867115168508103	[[0.6924934879148459, 0.11881309881608954, -0.40565329336546757], [-0.2499999999999999, 0.9571067811865475, -0.14644660940672619], [0.37085374241602237, 0.20282664668273379, 0.6924934879148459]]
8	[[0.04673222253661188, -0.9725397674033924, -0.22799671093185395], [-0.8377629715199755, -0.16246744520517667, 0.5213036857710898], [-0.5440306084466285, 0.16664552219444034, -0.8223502702654952]]	0.7486584636455317	0.2513415363544684	[[0.03498647392700101, -0.7281001280984065, -0.17069166732247615], [-0.62719833915726, -0.12163262791972221, 0.390278416482137], [-0.4072931194957967, 0.12476058061949705, -0.6156594899154535]]	0.7851847967932181	0.36136771691463637	[[-0.028906617638476004, -0.8436291245131899, -0.14941089156972848], [-0.6858181743017128, -0.14746768860830017, 0.27106023555720843], [-0.2914398852334308, 0.036995820903287235, -0.6139444668351559]]	[[-0.06560004829458116, -0.08000568487123373, 0.029608659572821352], [-0.02801942574791822, -0.01990072065936017, -0.13825949302252022], [0.135724677509026, -0.0938517095774541, 0.03175246301610489]]	0.3599114650003645	[[-0.12518954833944856, -0.7296581592763656, -0.42742385380790693], [-0.8535533905932738, -0.14644660940672602, 0.5], [-0.42742385380790693, 0.42742385380790704, -0.6044686109369173]]
8	[[0.034229894132735264, 0.2773841392786001, 0.9601491309293217], [-0.1827544195208179, -0.9427759796974285, 0.2788803941677556], [0.9825625356654255, -0.18501754344446375, 0.018422055382213542]]	0.8716179569980522	0.12838204300194764	[[0.029835390392234328, 0.2417729967816766, 0.836883223914071], [-0.15929203377510023, -0.82174047333071, 0.24307715941131072], [0.8564191499595242, -0.16126461322586189, 0.016056994275949938]]	0.9182792584551527	0.12754671556561537	[[0.009035786123601402, 0.23643763302926887, 0.8597125491706622], [-0.16491934659112692, -0.8267152967448468, 0.2534269341592614], [0.892914932839655, -0.1600227332315699, 0.0]]	[[-0.022396815677605125, -0.018278468694704838, -0.021972482785474555], [0.0029002462458516415, 0.039016330781038104, -0.0026631473947859793], [-0.009351863797006374, 0.009875039363806298, -0.016916591355598812]]	0.3493467503321332	[[0.0, 0.0, 0.9742], [0.0, -1.0, 0.0], [0.9742, 0.0, 0.0]]
8	[[0.5319609947059123, -0.8460851799387872, 0.03402011756955908], [-0.703274286200726, -0.4190807785627857, 0.5742617690636116], [-0.47161719485230363, -0.3294103357928521, -0.8179645788128509]]	0.7742217813892903	0.2257782186107098	[[0.41185578895083036, -0.655057575219286, 0.026339116027777137], [-0.5444902706676077, -0.32446146692489064, 0.44460596982819467], [-0.3651363047323706, -0.2550366569855863, -0.633285993321826]]	0.8309185681827075	0.21293280059626704	[[0.4870278528186401, -0.6837128495179672, 0.0052363744698178775], [-0.5995280672844683, -0.38679898961817555, 0.5606893201275899], [-0.35178604914766476, -0.3443806973547842, -0.6784764750481493]]	[[0.045011584768554574, 0.019315036757378373, -0.02303157291048752], [-0.01516440435484553, -0.038576989141891324, 0.08352455321518504], [0.04008943512935634, -0.07066753279320269, 0.001185481603196116]]	0.3336264342911424	[[0.6204769153530253, -0.6204769153530253, 0.0], [-0.5, -0.5000000000000001, 0.7071067811865475], [-0.4387434344158355, -0.43874343441583563, -0.6204769153530253]]
8	[[-0.8305561570912853, 0.32773595720904825, 0.4502950280316503], [-0.5100865793185324, -0.772219296347621, -0.37879947194723407], [0.22358030216652452, -0.5443036842615101, 0.808545204538665]]	0.7628451847194474	0.23715481528055252	[[-0.6335857650761759, 0.2500117968163414, 0.343505393837053], [-0.3891170908231569, -0.5890837717662226, -0.2889653531492169], [0.17055715690585227, -0.41521944456394744, 0.6167948159103215]]	0.7962965879282727	0.25421868295648564	[[-0.6671894175366344, 0.3297053613911533, 0.35219938471581985], [-0.49539667708594337, -0.6228433478040607, -0.3680976349809394], [0.05406373798539921, -0.4719224941681641, 0.6517730452063337]]	[[-0.005820383562025473, 0.06873033692418187, -0.006369009666849161], [-0.08921647442659175, -0.007927756990078472, -0.06646090796032549], [-0.12397249375777647, -0.03849532759393582, 0.007931257646427482]]	0.41589426568023147	[[-0.6204769153530253, 0.43874343441583563, 0.4387434344158355], [-0.7071067811865475, -0.5000000000000001, -0.5], [0.0, -0.6204769153530253, 0.6204769153530253]]
8	[[-0.30792515101507295, 0.09349718223056193, 0.9468053539599837], [0.3027085282091916, -0.9338174967034747, 0.1906631317268273], [0.9019698710720718, 0.34531602882779927, 0.2592434992682147]]	0.7943369348651325	0.2056630651348677	[[-0.244596320625196, 0.07426826515155127, 0.7520824627784701], [0.24045256445522473, -0.741765728054869, 0.15145076764767496], [0.7164679827280882, 0.27429727589887387, 0.20592668659242486]]	0.8455839597406374	0.26612978407807253	[[-0.2526611951506521, 0.07751648236986927, 0.7396288419552738], [0.2441432795628638, -0.8497603871773598, 0.11856723131923683], [0.6766109598303071, 0.2617634863730479, 0.17514471278078284]]	[[0.0077153733484070725, -0.0015432352052412654, -0.060974578349844946], [-0.011822196367524851, -0.06013929063974615, -0.04265445458288457], [-0.08608029531756757, -0.030230208645074762, -0.04406743186745319]]	0.3951901625088376	[[-0.42742385380790693, -0.12518954833944843, 0.7296581592763657], [0.5, -0.8535533905932737, 0.14644660940672619], [0.6044686109369173, 0.42742385380790704, 0.42742385380790693]]
8	[[-0.42203838922340475, -0.825029846081567, 0.3757783270710803], [0.2588054115689476, 0.28760896992378115, 0.9221175843470338], [-0.8688517462515349, 0.4864224845687207, 0.09214016247897017]]	0.7341339723046144	0.26586602769538564	[[-0.3098327191456191, -0.6056824381737255, 0.27587163595867475], [0.1899978448490421, 0.21114351556058386, 0.6769578451286232], [-0.6378535838194402, 0.357099270814715, 0.06764322348947897]]	0.8448506037794309	0.25503933806254325	[[-0.276136643056531, -0.6245889459720784, 0.32526152726677804], [0.25534372997826155, 0.23083373634289253, 0.8305670436768164], [-0.726036211189246, 0.36843940722441926, 0.022076778454305314]]	[[0.08042274489696102, 0.07243801762598445, 0.007784980753551324], [0.03669182175285207, -0.012152875549594157, 0.051515445785594555], [0.00801371122617624, -0.04251492255535541, -0.05576789344838749]]	0.5001133900226402	[[-0.4503627945143046, -0.4503627945143047, 0.6369091719903771], [0.5, 0.5000000000000001, 0.7071067811865475], [-0.6369091719903771, 0.636909171990377, 0.0]]
8	[[-0.3195682178843842, -0.5708200961323295, -0.7563336379995778], [0.910087742671785, 0.03735879733279218, -0.41272826520656647], [0.2638493031197415, -0.8202248094963509, 0.507557688474819]]	0.7527426298981691	0.24725737010183088	[[-0.24055262076216247, -0.4296806203613754, -0.569324571748252], [0.6850618408568476, 0.028121559354118735, -0.31067815978489977], [0.1986106183271534, -0.617418180208008, 0.38206030924757084]]	0.7994784325329488	0.2220245103734167	[[-0.2937688193678901, -0.478329002091382, -0.5905768188827978], [0.7753119505779474, 0.008292918171277516, -0.3127945399499452], [0.19097681063560748, -0.6266663488543778, 0.43568953821877027]]	[[-0.03828092144633487, -0.021970646377200045, 0.014095612497047457], [0.04771642859925903, -0.021574634561659353, 0.01717280657944364], [-0.01996501664747434, 0.0290856961664014, 0.029908113016875286]]	0.30866612272365634	[[-0.4163963183796629, -0.416396318379663, -0.5888733207747447], [0.8535533905932738, -0.14644660940672602, -0.5], [0.12195965799229078, -0.7108329787670353, 0.4163963183796629]]
8	[[0.8787972042104137, -0.3840163418041313, 0.28327887866788265], [-0.395223040501579, -0.9183905790867732, -0.018907472103605397], [0.2674214316928388, -0.09534250611366366, -0.9588511794847616]]	0.7713634648881192	0.22863653511188087	[[0.6778720563737369, -0.29621617598769506, 0.21851097737887903], [-0.3048606139249154, -0.7084129392049797, -0.014584533194112516], [0.20627912213592958, -0.0735437258669523, -0.7396227681194255]]	0.8430867298483478	0.25295198097150423	[[0.6896816652539831, -0.3113570610182719, 0.141862072918152], [-0.35899677491364274, -0.8404930104366835, -0.02608716258341957], [0.12970306454350516, -0.05411287257609756, -0.8083947053230387]]	[[-0.0512205958436452, 0.012402020801698513, -0.09696659053306003], [-0.025789474136445383, -0.06621010039088548, -0.01014652375789202], [-0.09575639579377349, 0.026269129118817243, 0.0]]	0.36082024927881423	[[0.5736803890987563, -0.4056532933654677, 0.40565329336546757], [-0.5, -0.8535533905932737, -0.14644660940672619], [0.40565329336546757, -0.11881309881608954, -0.6924934879148459]]
8	[[0.22433838825039393, -0.7661379269479729, -0.6022499185961573], [-0.9416906372873723, -0.011392912655017143, -0.3362869982418849], [0.2507808429735371, 0.642575192824231, -0.724020780340167]]	0.7520525889722083	0.247947411027792	[[0.1687142656895612, -0.5761760114710235, -0.4529236104885418], [-0.7082008817828568, -0.008568069458139906, -0.252905507665502], [0.1886003822228814, 0.48325033737277895, -0.5445017023245011]]	0.7779325887194455	0.24028955851269998	[[0.15425077210355997, -0.6962516153206237, -0.4009313513686955], [-0.8681962599194796, -0.005230305805604636, -0.3020859777943559], [0.22092437868517312, 0.4167962694872692, -0.6491547047338768]]	[[-0.020269371017217052, -0.10024795449383783, 0.06757848686088841], [-0.13562442468164945, 0.003632612229167385, -0.04047736269935482], [0.02583378830952465, -0.08308391371338167, -0.08591534479717756]]	0.3459002970815842	[[0.12518954833944856, -0.7296581592763656, -0.42742385380790693], [-0.8535533905932738, 0.14644660940672602, -0.5], [0.42742385380790693, 0.42742385380790704, -0.6044686109369173]]
