8	[[0.8787972042104137, -0.3840163418041313, 0.28327887866788265], [-0.395223040501579, -0.9183905790867732, -0.018907472103605397], [0.2674214316928388, -0.09534250611366366, -0.9588511794847616]]	0.895432200710348	0.10456779928965196	[[0.7869033145442319, -0.3438605980504106, 0.2536570297403418], [-0.35389543692776393, -0.8223564973433204, -0.016930359355600902], [0.23945776109783068, -0.08537275007059766, -0.858586221799753]]	0.895432200710348	0.1045677992896521	[[0.7869033145442319, -0.3438605980504105, 0.2536570297403418], [-0.3538954369277638, -0.8223564973433203, -0.016930359355600895], [0.23945776109783062, -0.08537275007059766, -0.8585862217997529]]	[[0.0, 0.0, 0.0], [0.0, 0.0, 0.0], [0.0, 0.0, 0.0]]	0.3098086849151327	[[0.6869968616035633, -0.4857801394937557, 0.4857801394937556], [-0.5, -0.8535533905932737, -0.14644660940672619], [0.4857801394937556, -0.14228170869197404, -0.8292785702955374]]
8	[[-0.30792515101507295, 0.09349718223056193, 0.9468053539599837], [0.3027085282091916, -0.9338174967034747, 0.1906631317268273], [0.9019698710720718, 0.34531602882779927, 0.2592434992682147]]	0.9004309232334898	0.09956907676651033	[[-0.27726532801531395, 0.08418775411559472, 0.8525328189885992], [0.27256811952605337, -0.8408381506882959, 0.1716789797273756], [0.8121615637382175, 0.31093323064473766, 0.2334308633883591]]	0.9004309232334896	0.0995690767665105	[[-0.2772653280153139, 0.08418775411559469, 0.8525328189885989], [0.2725681195260532, -0.8408381506882959, 0.17167897972737553], [0.8121615637382171, 0.3109332306447376, 0.23343086338835908]]	[[0.0, 0.0, 0.0], [0.0, 0.0, 0.0], [0.0, 0.0, 0.0]]	0.3687298858128142	[[-0.48929673469789886, -0.14331169558057952, 0.8352817738152185], [0.5, -0.8535533905932737, 0.14644660940672619], [0.691970078234639, 0.48929673469789897, 0.48929673469789886]]
8	[[-0.8305561570912853, 0.32773595720904825, 0.4502950280316503], [-0.5100865793185324, -0.772219296347621, -0.37879947194723407], [0.22358030216652452, -0.5443036842615101, 0.808545204538665]]	0.9008182722575534	0.09918172774244663	[[-0.7481801624438447, 0.2952305387297303, 0.40563398915763776], [-0.4594953110834858, -0.6956292523398075, -0.3412294858515809], [0.20140522150847034, -0.49031870443987435, 0.7283522941946503]]	0.9008182722575534	0.0991817277424467	[[-0.7481801624438446, 0.2952305387297303, 0.4056339891576377], [-0.45949531108348585, -0.6956292523398075, -0.34122948585158086], [0.20140522150847034, -0.49031870443987435, 0.7283522941946503]]	[[0.0, 0.0, 0.0], [0.0, 0.0, 0.0], [0.0, 0.0, 0.0]]	0.3689648005831977	[[-0.6944701708496979, 0.49106456713960156, 0.49106456713960145], [-0.7071067811865475, -0.5000000000000001, -0.5], [0.0, -0.6944701708496978, 0.6944701708496979]]
8	[[-0.5446221603179724, 0.8109226453022452, -0.2139887049042392], [-0.8354447797583356, -0.5021691245819775, 0.22328947644507607], [0.07361197229480154, 0.30038414347728, 0.9509735242804028]]	0.8850399919369502	0.11496000806304989	[[-0.4820123923765026, 0.7176989714597893, -0.18938856166304624], [-0.7394020411410844, -0.4444397579710187, 0.19762011643255595], [0.06514953936625414, 0.26585197992111953, 0.8416496002613809]]	0.8850399919369504	0.1149600080630497	[[-0.4820123923765026, 0.7176989714597896, -0.1893885616630463], [-0.7394020411410847, -0.44443975797101887, 0.19762011643255598], [0.06514953936625416, 0.26585197992111964, 0.8416496002613811]]	[[0.0, 0.0, 0.0], [0.0, 0.0, 0.0], [0.0, 0.0, 0.0]]	0.3822386100928551	[[-0.7020247764658885, 0.7020247764658883, 0.0], [-0.7071067811865475, -0.7071067811865476, 0.0], [0.0, 0.0, 0.9928129599999999]]
8	[[0.5319609947059123, -0.8460851799387872, 0.03402011756955908], [-0.703274286200726, -0.4190807785627857, 0.5742617690636116], [-0.47161719485230363, -0.3294103357928521, -0.8179645788128509]]	0.8968132222049549	0.10318677779504533	[[0.47706965374956206, -0.758780376480763, 0.030509691257347687], [-0.6307056787015625, -0.37583718338705296, 0.5150055475030552], [-0.42295253616275647, -0.29541954467000386, -0.7335614495746715]]	0.8992131002656688	0.14569482158357105	[[0.5422315336306255, -0.7455286382748075, -0.0017923378003831985], [-0.5874872148215224, -0.3925905072068026, 0.5833811754517021], [-0.4056703507211625, -0.3825194255032052, -0.7442612640619796]]	[[0.06388523836071319, 0.015282239466785518, -0.03238367319150896], [0.044906236410157625, -0.015747581053609714, 0.06699746972796419], [0.01841400920057548, -0.0863093361953596, -0.008736799240173874]]	0.2880009652306251	[[0.6944701708496979, -0.6944701708496978, 0.0], [-0.5, -0.5000000000000001, 0.7071067811865475], [-0.49106456713960145, -0.49106456713960156, -0.6944701708496979]]
8	[[0.08740825448676931, -0.06334395238859675, -0.994156597696443], [0.7119981850616444, -0.6940087028176986, 0.10681996481098455], [-0.6967197295301035, -0.717174639895393, -0.015561310176609944]]	0.9452896160884545	0.05471038391154555	[[0.08262611532676009, -0.05987838043494196, -0.9397659085682749], [0.6730444910125981, -0.6560392202485885, 0.1009758035267578], [-0.6586019256487634, -0.6779377400150916, -0.014709944922680965]]	0.9674111276973714	0.054162576129675115	[[0.06836935003454366, -0.05719034586527889, -0.9440520936248412], [0.6793930279339204, -0.6725980656022006, 0.09007419342540765], [-0.6809092039405981, -0.7034163452340498, -0.007904749654999812]]	[[-0.016190368008560663, 0.0040892985477820965, 0.017706061660456726], [-0.009401939195046501, -0.001206323777540768, -0.013264629192980425], [-0.006894784706873037, -0.009613618096891674, 0.007149434971402995]]	0.11406842677299633	[[0.0, 0.0, -0.9892388333439999], [0.7071067811865475, -0.7071067811865476, 0.0], [-0.6994974872706113, -0.6994974872706112, 0.0]]
8	[[0.8489524140446696, -0.5135124485683378, 0.12483895166604869], [0.522794976890395, 0.7815435453534784, -0.34040431673891397], [0.0772347773085365, 0.35425224329800037, 0.9319550081910795]]	0.8895706254052301	0.11042937459477009	[[0.7552031299009964, -0.45680559002630733, 0.11105306430850023], [0.4650630545511015, 0.6952381804215148, -0.3028136809320757], [0.06870578915338849, 0.31513238962180795, 0.8290397994860748]]	0.923021949539924	0.13423909462816586	[[0.7781526243655281, -0.4897386631864946, 0.06705016982393153], [0.5103433431281654, 0.6684724908537412, -0.29003486575250303], [0.024885384706590748, 0.30400957190786226, 0.8623184663174095]]	[[-0.00544908791260758, -0.015755401795927534, -0.04817892272138507], [0.027792104349113465, -0.05290935602877043, 0.02416579031565513], [-0.04640401001701651, -0.0229730243299495, 0.002103537773383455]]	0.42810142663682066	[[0.704561196774276, -0.7045611967742759, 0.0], [0.7071067811865475, 0.7071067811865476, 0.0], [0.0, 0.0, 0.9964]]
8	[[0.22433838825039393, -0.7661379269479729, -0.6022499185961573], [-0.9416906372873723, -0.011392912655017143, -0.3362869982418849], [0.2507808429735371, 0.642575192824231, -0.724020780340167]]	0.918061176858302	0.0819388231416981	[[0.20595636473165127, -0.7033614868496356, -0.5529022690292048], [-0.8645296147044896, -0.010459390799908841, -0.3087320373680906], [0.23023215583380247, 0.589923337744164, -0.6646953696689597]]	0.9179646202467568	0.08023782716783733	[[0.19736411251496336, -0.7145834164651726, -0.55171525561678], [-0.8717728666496521, -0.005909042464313057, -0.32022521702946316], [0.23899357863837634, 0.5826721077425485, -0.6731960515378009]]	[[-0.008570590862079081, -0.011295905297739316, 0.0011288622009816478], [-0.007334178402223, 0.004549248274554259, -0.01152565039442943], [0.008785637353011811, -0.007189185118333224, -0.008570590862079081]]	0.29457769385290866	[[0.14331169558057966, -0.8352817738152184, -0.48929673469789886], [-0.8535533905932738, 0.14644660940672602, -0.5], [0.48929673469789886, 0.48929673469789897, -0.691970078234639]]
8	[[0.034229894132735264, 0.2773841392786001, 0.9601491309293217], [-0.1827544195208179, -0.9427759796974285, 0.2788803941677556], [0.9825625356654255, -0.18501754344446375, 0.018422055382213542]]	0.8976237774672995	0.10237622253270053	[[0.030725566873731576, 0.24898659890877256, 0.8618526898367225], [-0.16404471239912014, -0.8462581362014402, 0.25032967287443025], [0.8819714948618474, -0.16607614624433975, 0.01653607494089432]]	0.9353165530196125	0.12226500979509118	[[0.01241845925846285, 0.24498548529058325, 0.8906615488398248], [-0.16303289806726717, -0.8280860899085023, 0.2520039952362155], [0.9251113508197872, -0.16696020037812337, 0.0]]	[[-0.019597327331993354, -0.01445649172178905, -0.007381826685764999], [0.007900335648044423, 0.05370788969178454, -0.008837453741520535], [0.006104346834991315, 0.006089770604508882, -0.017230453339628367]]	0.33989567300071627	[[0.0, 0.0, 0.9964], [0.0, -1.0, 0.0], [0.9964, 0.0, 0.0]]
8	[[-0.42203838922340475, -0.825029846081567, 0.3757783270710803], [0.2588054115689476, 0.28760896992378115, 0.9221175843470338], [-0.8688517462515349, 0.4864224845687207, 0.09214016247897017]]	0.8748081346241134	0.1251918653758866	[[-0.3692026160162923, -0.7217428206598351, 0.32873393733722167], [0.22640507932525702, 0.25160266648018575, 0.8066759638667222], [-0.7600785754032088, 0.4255263463647892, 0.08060496366219062]]	0.8817377539371724	0.1921113978725964	[[-0.30079976110810946, -0.6856086471054506, 0.3574469800231577], [0.2576610356341035, 0.2343755440514238, 0.8288390721932064], [-0.7964511405190741, 0.4031438576365019, 0.022251244081173502]]	[[0.07132742028099759, 0.041851316309641264, 0.02610904193323519], [0.02946253333051408, -0.019220143101354788, 0.015773184505081715], [-0.03035175327485572, -0.025753211371660763, -0.05899221583043979]]	0.4792105174484139	[[-0.4928387867719806, -0.49283878677198073, 0.6969792963164371], [0.5, 0.5000000000000001, 0.7071067811865475], [-0.6969792963164371, 0.696979296316437, 0.0]]
8	[[-0.3195682178843842, -0.5708200961323295, -0.7563336379995778], [0.910087742671785, 0.03735879733279218, -0.41272826520656647], [0.2638493031197415, -0.8202248094963509, 0.507557688474819]]	0.9147167795701411	0.08528322042985896	[[-0.2923144111161732, -0.5221387200480828, -0.6918310696315428], [0.8324725291029947, 0.03417271878486526, -0.3775294695873215], [0.24134738484151588, -0.7502733962660345, 0.4642715342477513]]	0.9147167795701411	0.08528322042985892	[[-0.2923144111161731, -0.5221387200480827, -0.6918310696315427], [0.8324725291029947, 0.034172718784865254, -0.37752946958732153], [0.2413473848415159, -0.7502733962660346, 0.46427153424775125]]	[[0.0, 0.0, 0.0], [0.0, 0.0, 0.0], [0.0, 0.0, 0.0]]	0.23326929648319994	[[-0.4875352664529864, -0.4875352664529865, -0.6894789859529942], [0.8535533905932738, -0.14644660940672602, -0.5], [0.14279577347648958, -0.8322747594294836, 0.4875352664529864]]
8	[[0.8592155572171323, 0.2624339665249735, -0.4391776855101157], [-0.4266000482917053, 0.8413623931712975, -0.33184593135155627], [0.2824199444684594, 0.4724804086637203, 0.8348660002631537]]	0.9098550183831685	0.09014498161683154	[[0.7817615866068982, 0.23877686143694762, -0.39958802112328373], [-0.38814419478071005, 0.7655177957057776, -0.3019316859702499], [0.2569612037661236, 0.4298886709104162, 0.7596070200169142]]	0.9098550183831685	0.09014498161683152	[[0.7817615866068984, 0.23877686143694762, -0.39958802112328373], [-0.3881441947807101, 0.7655177957057775, -0.30193168597025], [0.2569612037661235, 0.4298886709104162, 0.7596070200169142]]	[[0.0, 0.0, 0.0], [0.0, 0.0, 0.0], [0.0, 0.0, 0.0]]	0.30799481800580353	[[0.8292785702955374, 0.14228170869197404, -0.4857801394937556], [-0.2499999999999999, 0.9571067811865475, -0.14644660940672619], [0.4441067918566854, 0.24289006974687777, 0.8292785702955374]]
8	[[0.3802729664721569, 0.7767473726770865, -0.5020517802076895], [0.4287143634067757, 0.332951791095048, 0.839849450446521], [0.8195098935212374, -0.5346088512602871, -0.20639019011321075]]	0.8887280047632141	0.11127199523678596	[[0.3379592347581887, 0.6903171427243759, -0.44618747691179966], [0.38101046080383527, 0.29590358098224057, 0.7463977263968183], [0.7283213925528434, -0.4751218577093088, -0.18342474186201424]]	0.8887280047632142	0.11127199523678591	[[0.33795923475818873, 0.6903171427243757, -0.4461874769117997], [0.3810104608038354, 0.29590358098224057, 0.7463977263968185], [0.7283213925528433, -0.475121857709309, -0.18342474186201424]]	[[0.0, 0.0, 0.0], [0.0, 0.0, 0.0], [0.0, 0.0, 0.0]]	0.36726889555130743	[[0.4928387867719806, 0.49283878677198073, -0.6969792963164371], [0.5, 0.5000000000000001, 0.7071067811865475], [0.6969792963164371, -0.696979296316437, 0.0]]
8	[[0.04673222253661188, -0.9725397674033924, -0.22799671093185395], [-0.8377629715199755, -0.16246744520517667, 0.5213036857710898], [-0.5440306084466285, 0.16664552219444034, -0.8223502702654952]]	0.9061353586500746	0.09386464134992534	[[0.042345719228728006, -0.8812526709375332, -0.20659588143127283], [-0.7591266506620052, -0.14721749672995424, 0.47237170227179226], [-0.49296537050140404, 0.1510034000210881, -0.7451606570830105]]	0.9061353586500748	0.09386464134992518	[[0.04234571922872801, -0.8812526709375333, -0.2065958814312729], [-0.7591266506620054, -0.14721749672995418, 0.47237170227179226], [-0.49296537050140415, 0.15100340002108817, -0.7451606570830105]]	[[0.0, 0.0, 0.0], [0.0, 0.0, 0.0], [0.0, 0.0, 0.0]]	0.3233149554274929	[[-1.953991456843841e-16, -0.9785934693957979, 0.0], [-0.7071067811865476, 1.3401577416544657e-16, 0.7071067811865475], [-0.6919700782346389, 1.0864570014710284e-16, -0.691970078234639]]
