8	[[-0.42203838922340475, -0.825029846081567, 0.3757783270710803], [0.2588054115689476, 0.28760896992378115, 0.9221175843470338], [-0.8688517462515349, 0.4864224845687207, 0.09214016247897017]]	0.5187677601862973	0.48123223981370283	[[-0.21893990989005846, -0.4279988853385802, 0.19494168106121817], [0.13425990368371576, 0.14920226113684806, 0.47836487386010973], [-0.45073227433686186, 0.252340302823969, 0.04779934571241687]]	0.7281324258872158	0.42692484634933536	[[-0.21163030623999615, -0.4732435215352933, 0.25748355043912546], [0.2697784337826515, 0.23560805701427084, 0.8278136188370329], [-0.5460927016417357, 0.27657255978366396, 0.02271788951011006]]	[[0.09566952992277457, 0.1274874617214346, -0.016132834446979914], [0.08133382162421426, 0.026190640036744674, 0.15638990519316767], [0.08654642809273813, -0.07760742391144546, -0.04437235051734473]]	0.5892453911189364	[[-0.3413701454805, -0.34137014548050004, 0.4827702895277997], [0.5, 0.5000000000000001, 0.7071067811865475], [-0.4827702895277997, 0.48277028952779966, 0.0]]
8	[[0.034229894132735264, 0.2773841392786001, 0.9601491309293217], [-0.1827544195208179, -0.9427759796974285, 0.2788803941677556], [0.9825625356654255, -0.18501754344446375, 0.018422055382213542]]	0.740502098533958	0.25949790146604224	[[0.025347308437885685, 0.20540353723583904, 0.7109924463587187], [-0.13533003117152095, -0.6981275914133538, 0.20651151712120044], [0.7275896196010945, -0.13700587918622315, 0.013641570669837923]]	0.8628695464870104	0.21094032365037013	[[0.00923415924369964, 0.20802056290507173, 0.7709057102587743], [-0.16888751738436103, -0.8231912752016467, 0.2579665039697159], [0.7996506601746644, -0.14244902896424783, 0.0]]	[[-0.020301773982912018, -0.031325763556943706, -0.05757773490610667], [-0.011194294293936067, -0.009698593161279509, 0.017329104730065912], [-0.04817262937008838, 0.017196974839817355, -0.01589583057300919]]	0.3792035380369494	[[0.0, 0.0, 0.909], [0.0, -1.0, 0.0], [0.909, 0.0, 0.0]]
8	[[0.08740825448676931, -0.06334395238859675, -0.994156597696443], [0.7119981850616444, -0.6940087028176986, 0.10681996481098455], [-0.6967197295301035, -0.717174639895393, -0.015561310176609944]]	0.6020088809550572	0.39799111904494283	[[0.05262054546981485, -0.03813362189272955, -0.5984911008733226], [0.42862923063099223, -0.4177994025563535, 0.06430656747951939], [-0.4194314647137278, -0.4317455024127717, -0.009368046925615495]]	0.8322038251325107	0.2832878280923539	[[0.046800131243933875, -0.04680013124393388, -0.7143042235307782], [0.6787134823894423, -0.6639837554082708, 0.09694078583358837], [-0.5134112671432688, -0.5244746093708829, 0.0]]	[[-0.025941352488111497, 0.005914948232867971, 0.1130366998529244], [0.08618586929373669, -0.0864270582481302, 0.008044802517366839], [0.06640155681697155, 0.07236086923809408, 0.012950181853048262]]	0.28494629406874633	[[0.0, 0.0, -0.7510894290000001], [0.7071067811865475, -0.7071067811865476, 0.0], [-0.531100428523432, -0.531100428523432, 0.0]]
8	[[0.8787972042104137, -0.3840163418041313, 0.28327887866788265], [-0.395223040501579, -0.9183905790867732, -0.018907472103605397], [0.2674214316928388, -0.09534250611366366, -0.9588511794847616]]	0.5739897454245052	0.4260102545754949	[[0.5044205835245021, -0.2204214422710031, 0.16259917145071726], [-0.22685397240340027, -0.527146774690281, -0.010852695099369366], [0.15349715949842924, -0.05472562081231615, -0.5503707444124448]]	0.7875311151923381	0.37213748920319767	[[0.5472519970128786, -0.2308525934040858, 0.22281199410392613], [-0.3455457280560181, -0.8466337974652095, -0.024713038113132118], [0.20016889526140505, -0.07508519016492585, -0.6344160668526986]]	[[-0.14482814524685733, 0.07157222450900383, -0.00027893712382653837], [-0.03429528622010289, -0.1233726405348657, -0.009822815521911738], [-0.010433803065987887, 0.0, 0.12070907183042452]]	0.5147889740900504	[[0.909, 0.0, 0.0], [0.0, -1.0, 0.0], [0.0, 0.0, -0.909]]
8	[[-0.30792515101507295, 0.09349718223056193, 0.9468053539599837], [0.3027085282091916, -0.9338174967034747, 0.1906631317268273], [0.9019698710720718, 0.34531602882779927, 0.2592434992682147]]	0.5867091215959507	0.41329087840404943	[[-0.18066249486935396, 0.05485564965818954, 0.5554993375442052], [0.17760185468521789, -0.5478792432218251, 0.11186379853617992], [0.5291939507627081, 0.2026000639465601, 0.1521005257351147]]	0.7905194647654317	0.31345733921191116	[[-0.17466025128557539, 0.06872742536219062, 0.7140684802288251], [0.26110458336437115, -0.8382453423262631, 0.1294057049685818], [0.6560214086027888, 0.2373332846298138, 0.1059328259233848]]	[[0.06876057428267475, -0.005183917091789239, -0.0343995814206663], [0.021807599664509496, -0.10004443464363724, -0.02131721187461068], [-0.05700333111165082, -0.03564575765406243, -0.09900420636204185]]	0.4853996174486814	[[0.0, 0.0, 0.909], [0.0, -1.0, 0.0], [0.909, 0.0, 0.0]]
8	[[-0.5446221603179724, 0.8109226453022452, -0.2139887049042392], [-0.8354447797583356, -0.5021691245819775, 0.22328947644507607], [0.07361197229480154, 0.30038414347728, 0.9509735242804028]]	0.5766826040337909	0.4233173959662091	[[-0.31407412562667714, 0.4676449827628688, -0.1234035635779951], [-0.48178647111747386, -0.289592198429304, 0.12876715672968825], [0.042450743871029414, 0.1732263100709377, 0.5484098883492141]]	0.7543633189644711	0.3461861245882009	[[-0.4274041496219439, 0.5788889102803281, -0.07937106971239982], [-0.7304978682186806, -0.3884201832414879, 0.10861322398325228], [0.06721180628507914, 0.08631388757185862, 0.6915895087016716]]	[[-0.01656116918287796, -0.03284138785332225, 0.08205415994007087], [-0.10026897134864092, -0.009602215740344524, -0.05982816655769443], [0.011681634549251956, -0.14028489186596219, -0.02579003532183301]]	0.44471466386334324	[[-0.5842688982656018, 0.5842688982656017, 0.0], [-0.7071067811865475, -0.7071067811865476, 0.0], [0.0, 0.0, 0.826281]]
8	[[0.3802729664721569, 0.7767473726770865, -0.5020517802076895], [0.4287143634067757, 0.332951791095048, 0.839849450446521], [0.8195098935212374, -0.5346088512602871, -0.20639019011321075]]	0.5331441360585757	0.4668558639414245	[[0.20274030217622988, 0.4141183069416938, -0.2676659626154985], [0.22856654889440772, 0.17751129501252477, 0.44776080967758014], [0.4369168941728355, -0.28502357413443336, -0.11003571959887293]]	0.7349449368404541	0.4122409249133964	[[0.2895695679679293, 0.41076289398655885, -0.3406669423457757], [0.4174500069777752, 0.31552161611612384, 0.7021692123931839], [0.5158796224975989, -0.372394134023039, -0.03711907624772444]]	[[0.010089876641917805, -0.16010365476659127, 0.02831347154960217], [0.10236855624118694, 0.07082038303885768, 0.08492611107927532], [-0.08641502443649403, 0.020513934400800453, 0.11456634898951853]]	0.47813673798823736	[[0.3413701454805, 0.34137014548050004, -0.4827702895277997], [0.5, 0.5000000000000001, 0.7071067811865475], [0.4827702895277997, -0.48277028952779966, 0.0]]
8	[[0.5319609947059123, -0.8460851799387872, 0.03402011756955908], [-0.703274286200726, -0.4190807785627857, 0.5742617690636116], [-0.47161719485230363, -0.3294103357928521, -0.8179645788128509]]	0.5523146356826601	0.4476853643173398	[[0.2938098429883815, -0.4673052279143892, 0.018789808841312296], [-0.3884286811679369, -0.2314644475335107, 0.3171731797668486], [-0.2604810791565282, -0.18193814960353186, -0.45177380834834036]]	0.6997306880357484	0.4920676551713043	[[0.4220848352455063, -0.5371356770088126, 0.08164068156161566], [-0.5309655769395383, -0.33943330968171104, 0.32843654266911015], [-0.23954629747434225, -0.11194358296888869, -0.48497451550731957]]	[[0.0498554024117571, 0.05489608808660488, 0.057835761287611066], [-0.038862976778454385, -0.04618962815541577, -0.07339204011039688], [0.09045872676914976, 0.11855493794153064, 0.08738040201426778]]	0.4962330682703386	[[0.43883819318077, -0.43883819318076994, 0.0], [-0.5, -0.5000000000000001, 0.7071067811865475], [-0.3103054622417745, -0.3103054622417746, -0.43883819318077]]
8	[[0.8592155572171323, 0.2624339665249735, -0.4391776855101157], [-0.4266000482917053, 0.8413623931712975, -0.33184593135155627], [0.2824199444684594, 0.4724804086637203, 0.8348660002631537]]	0.5238853409815021	0.476114659018498	[[0.4501304351693086, 0.13748530803806389, -0.23007875152493384], [-0.22348951176202525, 0.44077742423555777, -0.17384921889943417], [0.14795566890783574, 0.24752555999987258, 0.43737405922172506]]	0.7324934293844643	0.4693085563172883	[[0.4490567950125156, 0.1789366046836434, -0.28278522372051773], [-0.35020440827011234, 0.7496050958571708, -0.25430236526061717], [0.23507489925649022, 0.30618673070322244, 0.444058391465548]]	[[-0.18031295507394499, -0.013294551443202157, 0.0389095452479186], [-0.03772267592134301, 0.13331267112800715, -0.011227400977634198], [0.028204145606218443, -0.039902064155839204, -0.16747546814370054]]	0.5725559180443849	[[0.5297245588321596, -0.09088636565138958, -0.3103054622417745], [-0.14644660940672619, 0.8535533905932737, -0.5], [0.3103054622417745, 0.3103054622417746, 0.43883819318077]]
8	[[-0.3195682178843842, -0.5708200961323295, -0.7563336379995778], [0.910087742671785, 0.03735879733279218, -0.41272826520656647], [0.2638493031197415, -0.8202248094963509, 0.507557688474819]]	0.4930448410448964	0.5069551589551037	[[-0.15756146118980696, -0.2814399035627969, -0.3729063983244101], [0.4487140664225187, 0.018419562292575006, -0.20349354191350738], [0.13008953771647966, -0.40440761081920873, 0.25024869983518216]]	0.6738756359492437	0.5147526679729563	[[-0.23246549591273832, -0.3639130881951318, -0.3661807954999371], [0.7781619417008965, 0.011044542858142326, -0.22641285774115694], [0.15458118037150897, -0.3661807954999371, 0.3056222690144663]]	[[-0.017116259856732454, 0.02074866709865013, 0.1434940157968334], [0.16487598533833572, -0.01413064045279189, 0.05171466444914616], [-0.02322043656307152, 0.18654871962076372, -0.03640849108743039]]	0.5509805541111371	[[-0.2563995076465957, -0.25639950764659575, -0.3626036610995998], [0.8535533905932738, -0.14644660940672602, -0.5], [0.07509767709679592, -0.4377013381963956, 0.2563995076465957]]
8	[[0.22433838825039393, -0.7661379269479729, -0.6022499185961573], [-0.9416906372873723, -0.011392912655017143, -0.3362869982418849], [0.2507808429735371, 0.642575192824231, -0.724020780340167]]	0.4753181354937868	0.5246818645062133	[[0.1066321044228585, -0.36415925096798546, -0.2862603084084103], [-0.44760263792738963, -0.005415258001026338, -0.1598433089951351], [0.11920068269974177, 0.3054276425677741, -0.34414020737004475]]	0.6801637647691627	0.5107215335034268	[[0.1708736271851235, -0.41426068027115365, -0.3180580303328996], [-0.8213854047595655, 0.05130159261652743, -0.1998644106735395], [0.13645548589600118, 0.3180580303328996, -0.3485833682071146]]	[[0.01828678445048954, 0.1068385764542215, 0.0915705416313846], [-0.18088155565431419, 0.05905063897965013, 0.028865820093581712], [-0.03411655639286404, -0.1189983319657001, 0.14386933152016046]]	0.5363521544320712	[[0.08261570637711323, -0.481519623978433, -0.28206766517777304], [-0.8535533905932738, 0.14644660940672602, -0.5], [0.28206766517777304, 0.2820676651777731, -0.39890391760131994]]
8	[[0.8489524140446696, -0.5135124485683378, 0.12483895166604869], [0.522794976890395, 0.7815435453534784, -0.34040431673891397], [0.0772347773085365, 0.35425224329800037, 0.9319550081910795]]	0.6610217336016725	0.3389782663983275	[[0.5611759964771325, -0.33944288897868236, 0.0825212602513069], [0.34557884194233535, 0.5166172692347536, -0.22501465157624972], [0.051053866390827915, 0.2341684319971257, 0.6160425151532283]]	0.8151522052956286	0.2786539972292513	[[0.64309859984966, -0.3978608693640392, 0.051355613373515366], [0.47653567365252586, 0.6250932221843211, -0.2645422359712298], [0.02528561473283286, 0.22476487560269678, 0.7107838848885231]]	[[-0.04892683264989982, 0.020729935533199368, -0.05040713338385862], [0.05037819532284326, -0.011983722345131094, 0.012939093510647615], [-0.037672484315737456, -0.06400462175259179, -0.048901295274740984]]	0.45880966662598266	[[0.6427600640985718, -0.6427600640985717, 0.0], [0.7071067811865475, 0.7071067811865476, 0.0], [0.0, 0.0, 0.909]]
8	[[0.04673222253661188, -0.9725397674033924, -0.22799671093185395], [-0.8377629715199755, -0.16246744520517667, 0.5213036857710898], [-0.5440306084466285, 0.16664552219444034, -0.8223502702654952]]	0.5198062430515524	0.4801937569484475	[[0.024291701026205308, -0.5055322427121881, -0.11851411373759782], [-0.4354744227935031, -0.08445159231028684, 0.2709769103895972], [-0.28279050668169214, 0.08662338281325613, -0.4274628044591358]]	0.6913381987326576	0.479024026644099	[[0.000922904552997492, -0.6895180850651323, -0.10461327274061286], [-0.6700423436534834, -0.14785313708801273, 0.2801343882971231], [-0.23738690990124028, 0.01330955573347572, -0.49812924986546026]]	[[-0.031384865998237366, -0.01716419407259339, 0.05300956271198551], [-0.09086479995794486, -0.035533186167169245, -0.08026276281655745], [0.1387222309976836, -0.10189885940729176, 0.07039290470720137]]	0.5119799761558778	[[-0.08261570637711323, -0.481519623978433, -0.28206766517777304], [-0.8535533905932738, -0.14644660940672602, 0.5], [-0.28206766517777304, 0.2820676651777731, -0.39890391760131994]]
8	[[-0.8305561570912853, 0.32773595720904825, 0.4502950280316503], [-0.5100865793185324, -0.772219296347621, -0.37879947194723407], [0.22358030216652452, -0.5443036842615101, 0.808545204538665]]	0.514371855156469	0.48562814484353095	[[-0.4272147113346721, 0.16857815231109927, 0.2316190889363742], [-0.26237418009449087, -0.39720787204994895, -0.19484378711778966], [0.11500341480183918, -0.279974495842094, 0.4158928968364197]]	0.7119446909864017	0.43878068727285197	[[-0.49316851711125675, 0.16635807553443482, 0.24462136755297928], [-0.4379053659440199, -0.6702929157032933, -0.26544107800578665], [0.1413499658365704, -0.34110187980785117, 0.46081174119041063]]	[[0.09814152949595162, -0.06697179924589357, -0.07596378703172707], [-0.07475193385477663, -0.12051548739134986, 0.00424319499549896], [-0.017826843300022217, 0.04641223848646954, -0.11482772460340607]]	0.5646668002879177	[[-0.43883819318077, 0.3103054622417746, 0.3103054622417745], [-0.7071067811865475, -0.5000000000000001, -0.5], [0.0, -0.43883819318076994, 0.43883819318077]]
