8	[[-0.30792515101507295, 0.09349718223056193, 0.9468053539599837], [0.3027085282091916, -0.9338174967034747, 0.1906631317268273], [0.9019698710720718, 0.34531602882779927, 0.2592434992682147]]	0.8993143982000459	0.10068560179995413	[[-0.2769215218757786, 0.0840833621710778, 0.8514756871091043], [0.27223013787647077, -0.8397955200765588, 0.17146609956784778], [0.8111544917977532, 0.31054767665410193, 0.23314141153166854]]	0.8993143982000457	0.10068560179995428	[[-0.27692152187577856, 0.08408336217107781, 0.851475687109104], [0.2722301378764707, -0.8397955200765587, 0.17146609956784772], [0.8111544917977531, 0.3105476766541019, 0.23314141153166854]]	[[0.0, 0.0, 0.0], [0.0, 0.0, 0.0], [0.0, 0.0, 0.0]]	0.36901462644205607	[[-0.48753156144985393, -0.14279468830619624, 0.832268434593512], [0.5, -0.8535533905932737, 0.14644660940672619], [0.6894737462873156, 0.48753156144985405, 0.48753156144985393]]
8	[[0.8489524140446696, -0.5135124485683378, 0.12483895166604869], [0.522794976890395, 0.7815435453534784, -0.34040431673891397], [0.0772347773085365, 0.35425224329800037, 0.9319550081910795]]	0.8883395759820882	0.11166042401791189	[[0.7541580275214121, -0.45617343082272094, 0.1108993813890661], [0.46441946809637913, 0.6942760616908469, -0.30239462639431924], [0.06861070932533633, 0.3146962876020492, 0.8278925168108472]]	0.9224255492244029	0.13487478095148084	[[0.7773829120667701, -0.48872590540984223, 0.06681868273509547], [0.510081467640329, 0.6688198309724764, -0.28945818801493206], [0.024071075174072677, 0.3031075502989168, 0.8616028821185671]]	[[-0.005712484723767027, -0.015048903005625294, -0.048335955820058174], [0.027842023950447367, -0.05209590309299281, 0.024539450811318284], [-0.047172256703978566, -0.02366376978921809, 0.0019437718354777113]]	0.42828612434798924	[[0.7041369327055641, -0.704136932705564, 0.0], [0.7071067811865475, 0.7071067811865476, 0.0], [0.0, 0.0, 0.9958]]
8	[[0.08740825448676931, -0.06334395238859675, -0.994156597696443], [0.7119981850616444, -0.6940087028176986, 0.10681996481098455], [-0.6967197295301035, -0.717174639895393, -0.015561310176609944]]	0.9440547872488044	0.055945212751195725	[[0.08251818109329635, -0.0598001614957151, -0.9385382953303106], [0.6721652951199056, -0.655182238287381, 0.10084389915355876], [-0.6577415960335863, -0.6770521520866831, -0.014690729368092157]]	0.9664839819567437	0.05537971021677899	[[0.06772416315914964, -0.05758025489169873, -0.9429907654595732], [0.6797899486844604, -0.672631412045039, 0.09010790619529759], [-0.6805963882479559, -0.7019810696594315, -0.0071728263236488345]]	[[-0.01675451469311154, 0.0036406604457106468, 0.01784566177065346], [-0.008344892359892005, -0.0018831174331554188, -0.013131878747701992], [-0.007227929743876133, -0.00884326793493848, 0.007866930700305141]]	0.11494486128350456	[[0.0, 0.0, -0.9874528459120001], [0.7071067811865475, -0.7071067811865476, 0.0], [-0.6982346034463304, -0.6982346034463303, 0.0]]
8	[[0.5319609947059123, -0.8460851799387872, 0.03402011756955908], [-0.703274286200726, -0.4190807785627857, 0.5742617690636116], [-0.47161719485230363, -0.3294103357928521, -0.8179645788128509]]	0.8957022595319999	0.10429774046800015	[[0.4764786649409759, -0.7578404074277105, 0.030471896176598356], [-0.6299243672207447, -0.3753716002851169, 0.5143675641131203], [-0.4224285870633518, -0.2950535820828524, -0.7326527214598111]]	0.8979115169627447	0.14730344870076356	[[0.5421128344928948, -0.7436826921706997, -0.0009236510719852587], [-0.5873816429103472, -0.39261991412455954, 0.5835304766802918], [-0.40429912664897194, -0.38286983590219387, -0.7430295722342487]]	[[0.06445893077149857, 0.01602693522783377, -0.031470706446118976], [0.04409643825303832, -0.016322456515320456, 0.06789422048667505], [0.019171384206574486, -0.08708850158722689, -0.008569756450609072]]	0.2890717987807266	[[0.6923817496357859, -0.6923817496357858, 0.0], [-0.5, -0.5000000000000001, 0.7071067811865475], [-0.4895878303372705, -0.4895878303372706, -0.6923817496357859]]
8	[[0.034229894132735264, 0.2773841392786001, 0.9601491309293217], [-0.1827544195208179, -0.9427759796974285, 0.2788803941677556], [0.9825625356654255, -0.18501754344446375, 0.018422055382213542]]	0.8968141312136405	0.10318586878635966	[[0.03069785276818386, 0.2487620158795812, 0.8610753086899116], [-0.16389674596801548, -0.8454948211614379, 0.25010387840807335], [0.8811759667858602, -0.16592634748342874, 0.016521159592769404]]	0.9348678525446269	0.1223309926233271	[[0.012297131958962707, 0.24471634531509537, 0.8898401267196933], [-0.16308813391934385, -0.8280666664643617, 0.25199565172641086], [0.9242393786876538, -0.16676284351424978, 0.0]]	[[-0.01970329566173744, -0.014601169302229211, -0.007772429434791442], [0.007763097801122952, 0.05330428910602988, -0.008720663485997853], [0.005673250979314325, 0.006204110008758278, -0.01722218735462816]]	0.34014640446825867	[[0.0, 0.0, 0.9958], [0.0, -1.0, 0.0], [0.9958, 0.0, 0.0]]
8	[[-0.8305561570912853, 0.32773595720904825, 0.4502950280316503], [-0.5100865793185324, -0.772219296347621, -0.37879947194723407], [0.22358030216652452, -0.5443036842615101, 0.808545204538665]]	0.8999492368438567	0.10005076315614324	[[-0.7474583797302686, 0.29494572457657386, 0.40524266683166676], [-0.4590520277820067, -0.6949581664241414, -0.3409002956957692], [0.20121092230808266, -0.4898456852624456, 0.7276496397783317]]	0.8999492368438569	0.10005076315614315	[[-0.7474583797302687, 0.29494572457657386, 0.4052426668316668], [-0.4590520277820067, -0.6949581664241417, -0.34090029569576924], [0.2012109223080826, -0.4898456852624456, 0.7276496397783316]]	[[0.0, 0.0, 0.0], [0.0, 0.0, 0.0], [0.0, 0.0, 0.0]]	0.37017509167148477	[[-0.6923817496357859, 0.4895878303372706, 0.4895878303372705], [-0.7071067811865475, -0.5000000000000001, -0.5], [0.0, -0.6923817496357858, 0.6923817496357859]]
8	[[0.8787972042104137, -0.3840163418041313, 0.28327887866788265], [-0.395223040501579, -0.9183905790867732, -0.018907472103605397], [0.2674214316928388, -0.09534250611366366, -0.9588511794847616]]	0.8936461594470527	0.10635384055294748	[[0.7853337464754434, -0.3431747290181687, 0.2531510819740209], [-0.353189552269223, -0.8207162138732498, -0.01689658983023925], [0.2389801353861377, -0.08520246442053267, -0.8568736740278337]]	0.8936461594470526	0.10635384055294746	[[0.7853337464754434, -0.34317472901816864, 0.25315108197402086], [-0.353189552269223, -0.8207162138732496, -0.016896589830239252], [0.2389801353861376, -0.08520246442053264, -0.8568736740278339]]	[[0.0, 0.0, 0.0], [0.0, 0.0, 0.0], [0.0, 0.0, 0.0]]	0.3104090167566994	[[0.6836943291353867, -0.48344489639041927, 0.48344489639041915], [-0.5, -0.8535533905932737, -0.14644660940672619], [0.48344489639041915, -0.14159773182272592, -0.8252920609581127]]
8	[[-0.5446221603179724, 0.8109226453022452, -0.2139887049042392], [-0.8354447797583356, -0.5021691245819775, 0.22328947644507607], [0.07361197229480154, 0.30038414347728, 0.9509735242804028]]	0.8833784685089228	0.11662153149107757	[[-0.4811074898977114, 0.7163516044863018, -0.18903301441651466], [-0.7380139300666926, -0.4436053922056938, 0.19724911573621048], [0.06502723134970306, 0.2653528846293241, 0.8400695354713548]]	0.883400981571062	0.11634186220369704	[[-0.48179027780085215, 0.716566253588206, -0.18789317112631915], [-0.7387204137510835, -0.44479063267708496, 0.19705272724445336], [0.06597715666181511, 0.26468912040560855, 0.8407614715880032]]	[[-0.0006705267906032525, 0.00019639275000044048, 0.001144660831206065], [-0.0006876752641502789, -0.0011739351066851914, -0.0002014154216153663], [0.0009482680812056243, -0.0006705267906032526, 0.0006705267906032525]]	0.38255838784451285	[[-0.7011795575882007, 0.7011795575882006, 0.0], [-0.7071067811865475, -0.7071067811865476, 0.0], [0.0, 0.0, 0.9916176400000001]]
8	[[0.04673222253661188, -0.9725397674033924, -0.22799671093185395], [-0.8377629715199755, -0.16246744520517667, 0.5213036857710898], [-0.5440306084466285, 0.16664552219444034, -0.8223502702654952]]	0.9020400077237875	0.09795999227621267	[[0.04215433437787525, -0.8772697793002464, -0.20566215488996767], [-0.7556957173005817, -0.14655213552774166, 0.47023678073939273], [-0.4907373742451735, 0.1503209281274075, -0.7417928441419459]]	0.9020400077237875	0.09795999227621266	[[0.042154334377875226, -0.8772697793002464, -0.20566215488996764], [-0.7556957173005818, -0.14655213552774166, 0.47023678073939273], [-0.49073737424517355, 0.15032092812740752, -0.741792844141946]]	[[0.0, 0.0, 0.0], [0.0, 0.0, 0.0], [0.0, 0.0, 0.0]]	0.3244846031064718	[[-1.9469422917831776e-16, -0.9750631228997081, 0.0], [-0.7071067811865476, 1.3401577416544657e-16, 0.7071067811865475], [-0.6894737462873155, 1.0825375295061647e-16, -0.6894737462873156]]
8	[[-0.42203838922340475, -0.825029846081567, 0.3757783270710803], [0.2588054115689476, 0.28760896992378115, 0.9221175843470338], [-0.8688517462515349, 0.4864224845687207, 0.09214016247897017]]	0.8727540023807638	0.12724599761923627	[[-0.36833569335305716, -0.7200481002512732, 0.3279620389592331], [0.22587345878459983, 0.2510118796215887, 0.8047818124045553], [-0.7582938390165429, 0.4245271702553463, 0.08041569558353509]]	0.8807955749516673	0.193746541571216	[[-0.30003652374822676, -0.6839477788037335, 0.35614503578577666], [0.25725348666864706, 0.23397671726880298, 0.829008263983199], [-0.7945326650744382, 0.4020737996460015, 0.022241921446017995]]	[[0.07169302193947755, 0.04273485882796577, 0.025161148138828738], [0.029298825385173016, -0.019347990756470666, 0.016811176105210837], [-0.029251891687057368, -0.026364972319123374, -0.05891472594078656]]	0.479664922819578	[[-0.49165277197958474, -0.49165277197958485, 0.6953020181118558], [0.5, 0.5000000000000001, 0.7071067811865475], [-0.6953020181118558, 0.6953020181118557, 0.0]]
8	[[-0.3195682178843842, -0.5708200961323295, -0.7563336379995778], [0.910087742671785, 0.03735879733279218, -0.41272826520656647], [0.2638493031197415, -0.8202248094963509, 0.507557688474819]]	0.9114597234807531	0.08854027651924694	[[-0.2912735595061378, -0.52027952697803, -0.6893676485502872], [0.829508322278848, 0.034051039086520275, -0.376185190477868], [0.24048801286210897, -0.7476018780555975, 0.4626183903877886]]	0.9114597234807531	0.08854027651924697	[[-0.2912735595061377, -0.5202795269780299, -0.6893676485502872], [0.829508322278848, 0.03405103908652028, -0.37618519047786786], [0.2404880128621089, -0.7476018780555975, 0.4626183903877886]]	[[0.0, 0.0, 0.0], [0.0, 0.0, 0.0], [0.0, 0.0, 0.0]]	0.23504289037444645	[[-0.48548392889176456, -0.48548392889176467, -0.6865779565529089], [0.8535533905932738, -0.14644660940672602, -0.5], [0.14219495061531037, -0.828772907168219, 0.48548392889176456]]
8	[[0.22433838825039393, -0.7661379269479729, -0.6022499185961573], [-0.9416906372873723, -0.011392912655017143, -0.3362869982418849], [0.2507808429735371, 0.642575192824231, -0.724020780340167]]	0.9146371040249269	0.08536289597507325	[[0.20518821375095994, -0.7007381747873547, -0.5508401214440374], [-0.86130519737591, -0.010420380637193766, -0.30758056619319313], [0.22937346396224584, 0.5877231134830139, -0.662216269784198]]	0.916403858709245	0.08171586989391366	[[0.19652240252528558, -0.7146800076518857, -0.5504435937787855], [-0.8710262255795647, -0.005999488746850672, -0.32106734294077593], [0.23975054145066438, 0.5809899143948167, -0.6725575990133958]]	[[-0.00906216212398823, -0.012588255093261981, 0.0014605555300616058], [-0.00805729185904844, 0.0044410203721444745, -0.012892640118163372], [0.009934009259357715, -0.00786847182014557, -0.00906216212398823]]	0.29568346459860245	[[0.1427946883061964, -0.8322684345935119, -0.48753156144985393], [-0.8535533905932738, 0.14644660940672602, -0.5], [0.48753156144985393, 0.48753156144985405, -0.6894737462873156]]
8	[[0.3802729664721569, 0.7767473726770865, -0.5020517802076895], [0.4287143634067757, 0.332951791095048, 0.839849450446521], [0.8195098935212374, -0.5346088512602871, -0.20639019011321075]]	0.886346946079582	0.1136530539204182	[[0.3370537825092196, 0.6884676616476746, -0.44499206216090303], [0.3799896667460477, 0.29511080322882277, 0.744397995569889], [0.7263700914045522, -0.4738489226616689, -0.18293331470762864]]	0.886346946079582	0.11365305392041812	[[0.3370537825092195, 0.6884676616476748, -0.4449920621609031], [0.3799896667460477, 0.2951108032288227, 0.7443979955698893], [0.7263700914045521, -0.4738489226616689, -0.1829333147076287]]	[[0.0, 0.0, 0.0], [0.0, 0.0, 0.0], [0.0, 0.0, 0.0]]	0.36745360019952394	[[0.49165277197958474, 0.49165277197958485, -0.6953020181118558], [0.5, 0.5000000000000001, 0.7071067811865475], [0.6953020181118558, -0.6953020181118557, 0.0]]
8	[[0.8592155572171323, 0.2624339665249735, -0.4391776855101157], [-0.4266000482917053, 0.8413623931712975, -0.33184593135155627], [0.2824199444684594, 0.4724804086637203, 0.8348660002631537]]	0.9069404503101544	0.0930595496898458	[[0.7792573443759963, 0.2380119797768394, -0.3983080078627157], [-0.38690083990001267, 0.7630655877368054, -0.3009644984135731], [0.25613807161279334, 0.42851159459620025, 0.7571737462273022]]	0.9069404503101541	0.09305954968984598	[[0.7792573443759959, 0.23801197977683938, -0.39830800786271564], [-0.3869008399000127, 0.7630655877368053, -0.300964498413573], [0.2561380716127934, 0.42851159459620025, 0.7571737462273018]]	[[0.0, 0.0, 0.0], [0.0, 0.0, 0.0], [0.0, 0.0, 0.0]]	0.30988704798893246	[[0.8252920609581127, 0.14159773182272592, -0.48344489639041915], [-0.2499999999999999, 0.9571067811865475, -0.14644660940672619], [0.441971880940177, 0.24172244819520955, 0.8252920609581127]]
