8	[[-0.5446221603179724, 0.8109226453022452, -0.2139887049042392], [-0.8354447797583356, -0.5021691245819775, 0.22328947644507607], [0.07361197229480154, 0.30038414347728, 0.9509735242804028]]	0.8144945891967784	0.1855054108032216	[[-0.44359180273564897, 0.6604921068558172, -0.174292642293729], [-0.6804652526858586, -0.4090140348337035, 0.18186807038909597], [0.05995655313421899, 0.24466125954275328, 0.7745627899957792]]	0.8615399908500685	0.16429111386422054	[[-0.48523591423713797, 0.6826201451937621, -0.1360190690263663], [-0.7618644937498356, -0.4463364126568668, 0.21004381504340125], [0.05093414564164962, 0.2206254143284777, 0.8353238646272432]]	[[-0.016022143220047608, -0.016022143220047604, 0.04834075783884997], [-0.04209540584110179, -0.013697629659323052, 0.01767100154999378], [-0.012485512295669202, -0.03816753789444372, 0.016022143220047608]]	0.39128950622539943	[[-0.6799371647846768, 0.6799371647846767, 0.0], [-0.7071067811865475, -0.7071067811865476, 0.0], [0.0, 0.0, 0.9615763599999998]]
8	[[0.08740825448676931, -0.06334395238859675, -0.994156597696443], [0.7119981850616444, -0.6940087028176986, 0.10681996481098455], [-0.6967197295301035, -0.717174639895393, -0.015561310176609944]]	0.8796093720346352	0.120390627965365	[[0.07688511983975074, -0.05571793418272542, -0.8744694606038578], [0.6262802764518729, -0.6104565592720474, 0.09395984216815194], [-0.6128412037761153, -0.6308335346375521, -0.013687874272484052]]	0.937779300106641	0.09909488146266351	[[0.07145482234121006, -0.05846946180488205, -0.8981907589984457], [0.675840435525152, -0.6581037749137052, 0.109289637625447], [-0.643602477540255, -0.6654021165806862, 0.0]]	[[-0.010514829374935624, 0.0009331855320846233, 0.03410871938572403], [0.008143275860844706, -0.00727677931740607, 0.009116085787585881], [0.009766862788973563, 0.007149415274647802, 0.014593074566163626]]	0.13929666280709457	[[0.0, 0.0, -0.9429217786159998], [0.7071067811865475, -0.7071067811865476, 0.0], [-0.666746383787854, -0.6667463837878539, 0.0]]
8	[[0.5319609947059123, -0.8460851799387872, 0.03402011756955908], [-0.703274286200726, -0.4190807785627857, 0.5742617690636116], [-0.47161719485230363, -0.3294103357928521, -0.8179645788128509]]	0.8077631454517781	0.19223685454822192	[[0.42969848634130436, -0.6834364262674886, 0.027480197176626354], [-0.5680790495368524, -0.3385180078902559, 0.4638674928915255], [-0.38095498876304096, -0.2660855289843607, -0.6607216410500072]]	0.8522490760289697	0.1928148465147149	[[0.5106889858198781, -0.6995919855836781, 0.0071159249915092515], [-0.5922723231391807, -0.39048515702575604, 0.5700722169683679], [-0.37030884190076535, -0.36158540771078673, -0.692753584391788]]	[[0.05732571959831262, 0.021483327260957988, -0.021877688773544395], [0.0070925374703214375, -0.03332395071412063, 0.08065815488514302], [0.031626476651485075, -0.08084575339693591, 0.004355972125889573]]	0.31941756720103914	[[0.6411275607658875, -0.6411275607658874, 0.0], [-0.5, -0.5000000000000001, 0.7071067811865475], [-0.45334564582314923, -0.45334564582314935, -0.6411275607658875]]
8	[[-0.30792515101507295, 0.09349718223056193, 0.9468053539599837], [0.3027085282091916, -0.9338174967034747, 0.1906631317268273], [0.9019698710720718, 0.34531602882779927, 0.2592434992682147]]	0.8249023168919313	0.17509768310806886	[[-0.25400817050163144, 0.07712604224485767, 0.7810219301272757], [0.24970496626270874, -0.7703082165849194, 0.15727845910733132], [0.7440370364140685, 0.28485199223997254, 0.213850563185522]]	0.8508809304036599	0.260324571340007	[[-0.25789640809811915, 0.07945449592728732, 0.7449800567181625], [0.24353042965844196, -0.8497656008284251, 0.11916749435654715], [0.6815446182632573, 0.26551232158480353, 0.17844191217083183]]	[[0.004111230892273633, -0.00010047347917374605, -0.06063856377047508], [-0.014038484465317524, -0.05519810040615618, -0.04306412856085121], [-0.08592434483061635, -0.028310502307491287, -0.04214343768760721]]	0.3846945998108055	[[-0.4445507402941801, -0.1302058972506656, 0.7588955833376949], [0.5, -0.8535533905932737, 0.14644660940672619], [0.6286896860870292, 0.44455074029418024, 0.4445507402941801]]
8	[[0.034229894132735264, 0.2773841392786001, 0.9601491309293217], [-0.1827544195208179, -0.9427759796974285, 0.2788803941677556], [0.9825625356654255, -0.18501754344446375, 0.018422055382213542]]	0.8781568106210418	0.12184318937895827	[[0.030059214659498706, 0.24358677106575835, 0.8431614985374581], [-0.16048703817330126, -0.8279051474612219, 0.24490071748709527], [0.8628439825556737, -0.16247441586013034, 0.01617745339952885]]	0.9233054851938883	0.12500581522597404	[[0.00932650017361131, 0.23914257581013765, 0.8686088617795582], [-0.16450278846112212, -0.8270699116091157, 0.2529873762745288], [0.9022202614523429, -0.16186064173114292, 0.0]]	[[-0.022278148836749244, -0.01696772149157933, -0.01790209741162944], [0.004235369525874028, 0.04340032175456173, -0.004504421373593635], [-0.004985117273560044, 0.008967070988228987, -0.01700918478294336]]	0.3465853025781774	[[0.0, 0.0, 0.9805999999999999], [0.0, -1.0, 0.0], [0.9805999999999999, 0.0, 0.0]]
8	[[-0.3195682178843842, -0.5708200961323295, -0.7563336379995778], [0.910087742671785, 0.03735879733279218, -0.41272826520656647], [0.2638493031197415, -0.8202248094963509, 0.507557688474819]]	0.7887157661011167	0.21128423389888332	[[-0.25204849179025063, -0.4502148094269233, -0.5965322647228816], [0.717800551180613, 0.029465472458949534, -0.32552528988398194], [0.20810210524533262, -0.646924238997057, 0.4003187511059288]]	0.818678829121852	0.19739373403919702	[[-0.2954753499951326, -0.487686781776699, -0.6158070650622022], [0.7825843311140768, 0.00760135356110167, -0.3132491388103097], [0.18678385530054226, -0.6573391879884485, 0.431395256660681]]	[[-0.0338516155529881, -0.02036845383586039, 0.0033872721207628877], [0.03751476354539033, -0.022983502896709248, 0.02464275409449534], [-0.02922398324214428, 0.014161498666718179, 0.015868522548322446]]	0.2853381374451815	[[-0.435926455932473, -0.4359264559324731, -0.6164931061769409], [0.8535533905932738, -0.14644660940672602, -0.5], [0.12767990284400282, -0.7441730090209434, 0.435926455932473]]
8	[[0.8592155572171323, 0.2624339665249735, -0.4391776855101157], [-0.4266000482917053, 0.8413623931712975, -0.33184593135155627], [0.2824199444684594, 0.4724804086637203, 0.8348660002631537]]	0.8135415038432329	0.18645849615676735	[[0.6990075165439268, 0.21350092378627156, -0.35728927472429], [-0.34705684482682975, 0.6844832266177188, -0.26997043803600335], [0.22976034633819278, 0.38438242220074814, 0.6791981413616708]]	0.8410644678909943	0.1974850514207436	[[0.7379990181156093, 0.1629940896592437, -0.3375339106723531], [-0.3534518487117235, 0.7504262184673539, -0.38918982360768617], [0.2582990530184678, 0.39237548310142656, 0.7106793818382291]]	[[0.015343342681117844, -0.05772979475260617, 0.031842835700810736], [0.005346293907012141, 0.04278620495124313, -0.11008600193369808], [0.020765672702298885, -0.005011000400244988, 0.008503253566616903]]	0.3626462005415223	[[0.7297360526459372, 0.12520291272882902, -0.427469482687383], [-0.2499999999999999, 0.9571067811865475, -0.14644660940672619], [0.39079839857341653, 0.21373474134369147, 0.7297360526459372]]
8	[[0.04673222253661188, -0.9725397674033924, -0.22799671093185395], [-0.8377629715199755, -0.16246744520517667, 0.5213036857710898], [-0.5440306084466285, 0.16664552219444034, -0.8223502702654952]]	0.7880134791961256	0.21198652080387434	[[0.03682562127164312, -0.7663744457681382, -0.17966448142668354], [-0.6601685139291406, -0.1280265367522371, 0.4107943311422402], [-0.4287034525512129, 0.13131891773689613, -0.6480230975897872]]	0.8040441168126424	0.18371035673259242	[[0.07300296237243781, -0.8173930721233293, -0.1332163819485701], [-0.7429675550731529, -0.142532860847866, 0.4597866785650424], [-0.4478012877994, 0.07351064187290471, -0.696634090542554]]	[[0.03542819377629589, -0.035428193776295906, 0.05010303212881975], [-0.06936916653903927, -0.01190186735706333, 0.04063551694805131], [-0.010376677711886042, -0.06047970984070577, -0.03542819377629589]]	0.3535584564819722	[[-0.13020589725066575, -0.7588955833376948, -0.4445507402941801], [-0.8535533905932738, -0.14644660940672602, 0.5], [-0.4445507402941801, 0.44455074029418024, -0.6286896860870292]]
8	[[0.3802729664721569, 0.7767473726770865, -0.5020517802076895], [0.4287143634067757, 0.332951791095048, 0.839849450446521], [0.8195098935212374, -0.5346088512602871, -0.20639019011321075]]	0.788670690128308	0.21132930987169204	[[0.29991014290473494, 0.6125978864645879, -0.39595352397654404], [0.33811445285594016, 0.26258931886238773, 0.662364645687538], [0.6463234332903706, -0.4216303316721527, -0.16277389367229864]]	0.8592792397419458	0.23064549156337688	[[0.34293443720474753, 0.610575750290391, -0.43140267200795385], [0.40617423619141585, 0.3012953215876893, 0.7186263722897682], [0.6644890317998973, -0.4417706517527974, -0.0838402555607611]]	[[0.01617377168013811, -0.0568671415751297, 4.4110205775079535e-18], [0.03778888393678932, 0.015196759664817254, -0.0030388249876094134], [-0.03969880646603478, 0.0176076355174571, 0.09350655008991425]]	0.37617457951434136	[[0.46231454805542455, 0.46231454805542466, -0.6538115039423696], [0.5, 0.5000000000000001, 0.7071067811865475], [0.6538115039423696, -0.6538115039423695, 0.0]]
8	[[0.22433838825039393, -0.7661379269479729, -0.6022499185961573], [-0.9416906372873723, -0.011392912655017143, -0.3362869982418849], [0.2507808429735371, 0.642575192824231, -0.724020780340167]]	0.7963647267282978	0.20363527327170225	[[0.17865517925369176, -0.6101252208301071, -0.47961059184496835], [-0.749929207025955, -0.00907291377315211, -0.26780710345717823], [0.199713017483313, 0.511724217835852, -0.5765846108812059]]	0.8077017188709444	0.18498199857372666	[[0.16910288590841252, -0.689309336232865, -0.44514127862253605], [-0.8414655928920551, -0.0230755344364948, -0.3189865394201508], [0.24385313374709683, 0.47771207193049336, -0.6431956286336329]]	[[-0.01209561589016785, -0.07049841574476524, 0.04129701581746653], [-0.08086044651036936, -0.013873459302090949, -0.047366952906230164], [0.04129701581746653, -0.041297015817466545, -0.05840279985459742]]	0.32935608156868207	[[0.13020589725066575, -0.7588955833376948, -0.4445507402941801], [-0.8535533905932738, 0.14644660940672602, -0.5], [0.4445507402941801, 0.44455074029418024, -0.6286896860870292]]
8	[[0.8787972042104137, -0.3840163418041313, 0.28327887866788265], [-0.395223040501579, -0.9183905790867732, -0.018907472103605397], [0.2674214316928388, -0.09534250611366366, -0.9588511794847616]]	0.8004533304536907	0.19954666954630937	[[0.703436148903618, -0.3073871597457598, 0.22675152187689362], [-0.3163575990415228, -0.7351287976873013, -0.015134549015791185], [0.21405837563322694, -0.07631722655248346, -0.7675156200280269]]	0.8486791748021308	0.2466495447214361	[[0.6936325259775454, -0.31445130134381083, 0.1463579459440525], [-0.3596409457830936, -0.840501746095077, -0.02542190196899917], [0.13336368118711983, -0.05581603016888065, -0.8137570277631774]]	[[-0.05218436011016814, 0.011455370729052384, -0.09405493904267911], [-0.02422338190742431, -0.06108278728966314, -0.009375524146517034], [-0.09359131878636298, 0.025099169243230537, 0.0]]	0.341419098022863	[[0.6045331399171082, -0.4274694826873831, 0.427469482687383], [-0.5, -0.8535533905932737, -0.14644660940672619], [0.427469482687383, -0.12520291272882902, -0.7297360526459372]]
8	[[-0.8305561570912853, 0.32773595720904825, 0.4502950280316503], [-0.5100865793185324, -0.772219296347621, -0.37879947194723407], [0.22358030216652452, -0.5443036842615101, 0.808545204538665]]	0.8076532364843182	0.19234676351568178	[[-0.6708013683567545, 0.2646970065521738, 0.3636822367625592], [-0.4119730766738276, -0.6236854139707989, -0.30593861949673434], [0.18057535465893534, -0.43960863222414714, 0.653024151289528]]	0.8147905790308088	0.17965152207785637	[[-0.6881145215782623, 0.27842135976782717, 0.3616972430384829], [-0.4337231336292215, -0.6595684281859657, -0.3086422410844515], [0.18168812014573738, -0.43210832464378784, 0.6748961046726041]]	[[-0.011385189424250368, 0.011385189424250382, -0.005198903586119609], [-0.01810939431042985, -0.030371420576123943, 1.625567843224079e-19], [-0.00048300371640837454, 0.011385189424250371, 0.016101089293961604]]	0.4019653629645244	[[-0.6411275607658875, 0.45334564582314935, 0.45334564582314923], [-0.7071067811865475, -0.5000000000000001, -0.5], [0.0, -0.6411275607658874, 0.6411275607658875]]
8	[[0.8489524140446696, -0.5135124485683378, 0.12483895166604869], [0.522794976890395, 0.7815435453534784, -0.34040431673891397], [0.0772347773085365, 0.35425224329800037, 0.9319550081910795]]	0.839581771986445	0.16041822801355513	[[0.7127649721157937, -0.43113569150610315, 0.10481250825271132], [0.4389291330832504, 0.656169714692442, -0.2857972594394924], [0.06484491119167954, 0.29742372615830837, 0.7824524371887084]]	0.9073478860136347	0.1561297068391383	[[0.7523055576717568, -0.4750865029736668, 0.06352583006593202], [0.5082523064112873, 0.6679509741183363, -0.29338495524500036], [0.02387980264572809, 0.2911360816913143, 0.8353024998880274]]	[[-0.017989620537846095, -0.009152068323500136, -0.049746528820415574], [0.033895389311240344, -0.041180909585743664, 0.015480181937968969], [-0.04619900927190635, -0.030293942380714187, -0.01030490665396816]]	0.43309298121968054	[[0.6933889096315284, -0.6933889096315283, 0.0], [0.7071067811865475, 0.7071067811865476, 0.0], [0.0, 0.0, 0.9805999999999999]]
8	[[-0.42203838922340475, -0.825029846081567, 0.3757783270710803], [0.2588054115689476, 0.28760896992378115, 0.9221175843470338], [-0.8688517462515349, 0.4864224845687207, 0.09214016247897017]]	0.7715500582386652	0.22844994176133482	[[-0.32562374378427034, -0.6365518257928702, 0.2899317901365202], [0.19968133036850322, 0.22190471749465585, 0.7114598759058511], [-0.670362615421138, 0.3752992962975927, 0.0710907477267695]]	0.8556961608963953	0.23612532271637837	[[-0.28345446894878557, -0.6411746271620636, 0.3362368666268284], [0.2571359364276848, 0.23265705534343517, 0.8305606844608225], [-0.745326689247484, 0.37823126861190115, 0.0226338856907348]]	[[0.07768216046058041, 0.06480024475487724, 0.014684794804034972], [0.035677139328924815, -0.013448836059711252, 0.04150820764000772], [-0.001853585591916498, -0.03799858400723916, -0.05621009760689007]]	0.4933142721067697	[[-0.46231454805542455, -0.46231454805542466, 0.6538115039423696], [0.5, 0.5000000000000001, 0.7071067811865475], [-0.6538115039423696, 0.6538115039423695, 0.0]]
