8	[[0.3802729664721569, 0.7767473726770865, -0.5020517802076895], [0.4287143634067757, 0.332951791095048, 0.839849450446521], [0.8195098935212374, -0.5346088512602871, -0.20639019011321075]]	0.6538372668485805	0.3461627331514197	[[0.24863663705455696, 0.507866379183002, -0.32826016378746], [0.28030942762861544, 0.21769628908192573, 0.5491248692442356], [0.5358261089352971, -0.3495471901410855, -0.13494559780798066]]	0.8068443953346716	0.30370630326673037	[[0.34563832485561174, 0.5216948132661916, -0.40933756848831554], [0.40715951787519566, 0.29939229488171176, 0.7168528311348141], [0.592813615887737, -0.4167571274771571, -0.06897599724956135]]	[[0.03881721316026251, -0.10501945096924704, -0.004259903459946937], [0.06125373656096714, 0.03075200832003199, 0.03922500911713465], [-0.068403348621187, 0.01458902785851262, 0.09754877089534011]]	0.40933867244959155	[[0.4096590869155207, 0.40965908691552083, -0.5793454366653081], [0.5, 0.5000000000000001, 0.7071067811865475], [0.5793454366653081, -0.579345436665308, 0.0]]
8	[[-0.30792515101507295, 0.09349718223056193, 0.9468053539599837], [0.3027085282091916, -0.9338174967034747, 0.1906631317268273], [0.9019698710720718, 0.34531602882779927, 0.2592434992682147]]	0.6987775425639987	0.3012224574360013	[[-0.21517118031996088, 0.06533373123573044, 0.6616063185265946], [0.21152592145518376, -0.6525306955497189, 0.13323111464562842], [0.6302762899745091, 0.24129908603224853, 0.1811535353443349]]	0.8263907304284074	0.28450609761835044	[[-0.23065587001271923, 0.07226539990211694, 0.724809075596259], [0.2479330225931942, -0.8481463554846435, 0.11867410549156239], [0.6633138386034935, 0.25066134380117105, 0.1583904701106023]]	[[0.023810620451904525, -0.004999804814395041, -0.057622092436258515], [-0.0022224991405078113, -0.0764482322970323, -0.03888813920193803], [-0.08206570197617218, -0.03470462149047094, -0.05584595460847393]]	0.4439649643762319	[[-0.37080782204426316, -0.10860709655975011, 0.6330085475287763], [0.5, -0.8535533905932737, 0.14644660940672619], [0.5244014509690262, 0.3708078220442632, 0.37080782204426316]]
8	[[-0.8305561570912853, 0.32773595720904825, 0.4502950280316503], [-0.5100865793185324, -0.772219296347621, -0.37879947194723407], [0.22358030216652452, -0.5443036842615101, 0.808545204538665]]	0.644081534603914	0.35591846539608596	[[-0.5349458842340845, 0.21108867826408648, 0.2900267126791378], [-0.3285373467883415, -0.4973721894423304, -0.24397774519892676], [0.14400394412662193, -0.35057595224971777, 0.5207690361358989]]	0.7636558331068687	0.3923815425000421	[[-0.5980674403672641, 0.2372439437277769, 0.19665417355545076], [-0.5692095995641615, -0.6236869436713272, -0.3031694055046138], [0.1757275911430895, -0.2656006388583552, 0.5776536384107812]]	[[0.03619161371832085, -0.013033531713775902, -0.14721625121993992], [-0.17967900787803465, -0.03397717357778473, -0.01389697917430683], [0.004989189225826823, 0.1500600446095064, -0.039796623365756414]]	0.4672272132761771	[[-0.5511892484433741, 0.3897496552914265, 0.3897496552914264], [-0.7071067811865475, -0.5000000000000001, -0.5], [0.0, -0.551189248443374, 0.5511892484433741]]
8	[[0.034229894132735264, 0.2773841392786001, 0.9601491309293217], [-0.1827544195208179, -0.9427759796974285, 0.2788803941677556], [0.9825625356654255, -0.18501754344446375, 0.018422055382213542]]	0.8301205459511432	0.16987945404885693	[[0.028414938405316024, 0.23026227313613942, 0.7970395207615641], [-0.15170819850760564, -0.7826177109760531, 0.23150434506160733], [0.8156453485377226, -0.15358686417465758, 0.0152925266714253]]	0.8997471176053846	0.15276983726926371	[[0.009118797202973494, 0.22626859311879566, 0.8283367211247258], [-0.16622477775128586, -0.8255741542876287, 0.2548764645959179], [0.859930471025434, -0.15377166309628415, 0.0]]	[[-0.021679451378892524, -0.023306986666575352, -0.03555469190024643], [-0.001792015557784691, 0.02268581599272524, 0.003954633786826261], [-0.024127338306570663, 0.012697338324301151, -0.016575191230513393]]	0.35942884493912103	[[0.0, 0.0, 0.9514], [0.0, -1.0, 0.0], [0.9514, 0.0, 0.0]]
8	[[0.5319609947059123, -0.8460851799387872, 0.03402011756955908], [-0.703274286200726, -0.4190807785627857, 0.5742617690636116], [-0.47161719485230363, -0.3294103357928521, -0.8179645788128509]]	0.6725923816890009	0.3274076183109991	[[0.3577929123948996, -0.5690704462867957, 0.022881671901449574], [-0.47301692713637833, -0.2818705389736249, 0.38624409096743356], [-0.3172061323311965, -0.22155888230388798, -0.550156744200976]]	0.7586036517256725	0.28873442161343793	[[0.42301378235731835, -0.6227158897223977, 0.005455285773901248], [-0.6108404151600961, -0.37894444236758085, 0.5389417864091071], [-0.301282222622414, -0.2935672834943419, -0.6205109164696803]]	[[0.019466229197792097, 0.019127417450138833, -0.020352499646502983], [-0.07733397348345963, -0.06102823338181361, 0.10330471135100641], [0.056488303609161614, -0.043675399845704316, 7.78371028816253e-18]]	0.38839860166343665	[[0.5511892484433741, -0.551189248443374, 0.0], [-0.5, -0.5000000000000001, 0.7071067811865475], [-0.3897496552914264, -0.3897496552914265, -0.5511892484433741]]
8	[[0.8489524140446696, -0.5135124485683378, 0.12483895166604869], [0.522794976890395, 0.7815435453534784, -0.34040431673891397], [0.0772347773085365, 0.35425224329800037, 0.9319550081910795]]	0.7435392791745279	0.25646072082547244	[[0.6312294659922488, -0.38181667585564877, 0.09282266413467755], [0.3887186002731481, 0.58110832435563, -0.25310398029594977], [0.05742709064719442, 0.26340045762775466, 0.6929451550134865]]	0.8761094776640004	0.207005634460494	[[0.7058667642636864, -0.4522976712911784, 0.052365088517302365], [0.504131969544395, 0.6680537721058633, -0.2972571158162203], [0.02488211676317774, 0.26290058095011287, 0.7890329402413326]]	[[-0.037908491766581266, -0.0024045482020101138, -0.05700750021896094], [0.046106335415587944, -0.01666393518544374, 0.0009743323164805662], [-0.04278400364209956, -0.04746316688699861, -0.02746167519130325]]	0.4429897662389467	[[0.6727413916208814, -0.6727413916208813, 0.0], [0.7071067811865475, 0.7071067811865476, 0.0], [0.0, 0.0, 0.9514]]
8	[[0.8787972042104137, -0.3840163418041313, 0.28327887866788265], [-0.395223040501579, -0.9183905790867732, -0.018907472103605397], [0.2674214316928388, -0.09534250611366366, -0.9588511794847616]]	0.6680080747231085	0.33199192527689164	[[0.5870436284566489, -0.25652601715078893, 0.1892325783486533], [-0.264012182371673, -0.6134923225795963, -0.012630344037810323], [0.1786396757248305, -0.06368956394826467, -0.6405203303535971]]	0.8235975892953924	0.2860444271692588	[[0.6527583039518465, -0.2657557526564023, 0.1656181670830184], [-0.31666502682862435, -0.8546627330808826, -0.03421017408574764], [0.15697047161123667, -0.051843131918644446, -0.7500115080959797]]	[[-0.07101695491538088, 0.05051918070351568, -0.0676896344861517], [0.008839716562471372, -0.09827846611341662, -0.018638025641548366], [-0.06327717485690781, 0.026680726273950135, 0.039696011820713535]]	0.4429546189660986	[[0.4746682451859676, -0.3356411349849165, 0.33564113498491643], [-0.5, -0.8535533905932737, -0.14644660940672619], [0.33564113498491643, -0.09830701239193267, -0.5729752575779004]]
8	[[-0.42203838922340475, -0.825029846081567, 0.3757783270710803], [0.2588054115689476, 0.28760896992378115, 0.9221175843470338], [-0.8688517462515349, 0.4864224845687207, 0.09214016247897017]]	0.6466621194111667	0.35333788058883336	[[-0.2729162392480818, -0.5335155488445749, 0.24300160941256743], [0.16735965596025493, 0.18598582605257488, 0.5962985114401581], [-0.5618535116851108, 0.31455099480045445, 0.0595835527515401]]	0.8073214857518358	0.3185315023993177	[[-0.2583873956905498, -0.5609307781404919, 0.3083920576920156], [0.26615559403307754, 0.23664256441269715, 0.8274859266752589], [-0.6537936967816689, 0.3412343977990474, 0.0241805615327916]]	[[0.08233326374160091, 0.10513354298768728, 0.005018140367651687], [0.057216424644619325, 0.004449663498274964, 0.08304058844231782], [0.047648985900197484, -0.051464925146071636, -0.05020617133714615]]	0.5280410374935505	[[-0.4096590869155207, -0.40965908691552083, 0.5793454366653081], [0.5, 0.5000000000000001, 0.7071067811865475], [-0.5793454366653081, 0.579345436665308, 0.0]]
8	[[-0.3195682178843842, -0.5708200961323295, -0.7563336379995778], [0.910087742671785, 0.03735879733279218, -0.41272826520656647], [0.2638493031197415, -0.8202248094963509, 0.507557688474819]]	0.6482613864495594	0.3517386135504407	[[-0.2071637359909458, -0.3700406269320148, -0.49030189278804553], [0.5899747418551611, 0.024218265755043964, -0.2675557974297303], [0.17104331505415363, -0.5317200722044301, 0.3290300508338197]]	0.730899398101859	0.4231236360689146	[[-0.24631674393880992, -0.3722882592961092, -0.4811331412162642], [0.7871277220861584, 0.033138724427803634, -0.2265987870115824], [0.18565650436665893, -0.48113314121626416, 0.2886594909084863]]	[[-0.012744525834629768, 0.044923805391455775, 0.07167065956181629], [0.12194513874747101, 0.005833201943456409, 0.0750640536075215], [-0.007190792473155121, 0.11836867835283062, -0.08231411809972969]]	0.39580349219755817	[[-0.35278656189291197, -0.352786561892912, -0.49891554045193154], [0.8535533905932738, -0.14644660940672602, -0.5], [0.10332879166694638, -0.6022443321188777, 0.35278656189291197]]
8	[[0.04673222253661188, -0.9725397674033924, -0.22799671093185395], [-0.8377629715199755, -0.16246744520517667, 0.5213036857710898], [-0.5440306084466285, 0.16664552219444034, -0.8223502702654952]]	0.6406436786835973	0.3593563213164027	[[0.0299387029589155, -0.6230514542553995, -0.14606465161914362], [-0.5367075519394587, -0.10408374176257007, 0.33396991096370904], [-0.34852977031172383, 0.10676040037479534, -0.5268335023093373]]	0.7528676443841866	0.40447056470288223	[[-0.008803105182632802, -0.7933682224925468, -0.12282386694747363], [-0.6867183089451244, -0.1445271121207213, 0.2706286410281533], [-0.26743380926141336, 0.02407385393249835, -0.577293779483881]]	[[-0.043986283480609505, -0.06117449873760971, 0.04882747973913358], [-0.05599367402458409, -0.02221062935998293, -0.12184403688712125], [0.14214923339269572, -0.10138816780920265, 0.04182713134960181]]	0.40143771386343674	[[-0.10860709655975023, -0.6330085475287762, -0.37080782204426316], [-0.8535533905932738, -0.14644660940672602, 0.5], [-0.37080782204426316, 0.3708078220442632, -0.5244014509690262]]
8	[[0.08740825448676931, -0.06334395238859675, -0.994156597696443], [0.7119981850616444, -0.6940087028176986, 0.10681996481098455], [-0.6967197295301035, -0.717174639895393, -0.015561310176609944]]	0.7447522540050844	0.2552477459949156	[[0.06509749454767147, -0.047175551318998185, -0.7404003669684519], [0.5302622531721887, -0.5168645457226257, 0.07955440956572454], [-0.5188835889773574, -0.5341174295773786, -0.011589320829302514]]	0.8974190408079953	0.17372335439365824	[[0.052539220044571226, -0.05253922004457124, -0.8245886252569898], [0.6836104411896603, -0.6704117024650115, 0.09068720787201696], [-0.5964177924626263, -0.6073461452284791, 0.0]]	[[-0.025902611855646455, 0.004306848948990578, 0.06758643506069198], [0.0446497128946062, -0.047595078069951224, -0.005175062487800599], [0.028831758924284988, 0.03626003219826392, 0.01396501605240899]]	0.19492371933320815	[[0.0, 0.0, -0.8611710887440001], [0.7071067811865475, -0.7071067811865476, 0.0], [-0.6089399166126845, -0.6089399166126845, 0.0]]
8	[[0.8592155572171323, 0.2624339665249735, -0.4391776855101157], [-0.4266000482917053, 0.8413623931712975, -0.33184593135155627], [0.2824199444684594, 0.4724804086637203, 0.8348660002631537]]	0.6681440165294061	0.33185598347059386	[[0.5740797334636066, 0.17534368446773965, -0.29343394276681717], [-0.28503026971725864, 0.562151248730264, -0.22172087344217048], [0.18869719604516835, 0.31568495797603335, 0.5578107226796638]]	0.7745506957880878	0.4022783357992169	[[0.5153910774263618, 0.2097551257018481, -0.29332105023460253], [-0.35501472497095354, 0.7489981290271235, -0.2509573961127868], [0.24532775820406483, 0.33198331056186453, 0.5127557975836348]]	[[-0.15011493024811753, 0.0064867143315020855, 0.04684433165185962], [-0.024591360743381398, 0.09732030198636443, 0.006074100910007188], [0.026579193711586454, -0.03397671871486006, -0.13389024381000877]]	0.4752964879128982	[[0.5729752575779004, 0.09830701239193267, -0.33564113498491643], [-0.2499999999999999, 0.9571067811865475, -0.14644660940672619], [0.30684767769350935, 0.1678205674924582, 0.5729752575779004]]
8	[[-0.5446221603179724, 0.8109226453022452, -0.2139887049042392], [-0.8354447797583356, -0.5021691245819775, 0.22328947644507607], [0.07361197229480154, 0.30038414347728, 0.9509735242804028]]	0.6956320025871139	0.3043679974128861	[[-0.3788566040353114, 0.5641037436948407, -0.14885739132355888], [-0.5811621251942415, -0.3493249137703789, 0.15532730565611647], [0.05120684370181995, 0.2089568232725152, 0.661527617102502]]	0.805896489902704	0.28856556923014043	[[-0.48074593417637573, 0.618844131080117, -0.112142940758301], [-0.7351388084577848, -0.4063798716971685, 0.09653313720980956], [0.07501507912895439, 0.11621921532226914, 0.7446489861510929]]	[[-0.041836846852894224, -0.0346755823515778, 0.06030980540285093], [-0.061856792943004515, -0.0016835368590391656, -0.08341506808948979], [0.015691449041758752, -0.12585931152850105, -0.02173723905688748]]	0.4109731566545597	[[-0.6400461599881065, 0.6400461599881064, 0.0], [-0.7071067811865475, -0.7071067811865476, 0.0], [0.0, 0.0, 0.90516196]]
8	[[0.22433838825039393, -0.7661379269479729, -0.6022499185961573], [-0.9416906372873723, -0.011392912655017143, -0.3362869982418849], [0.2507808429735371, 0.642575192824231, -0.724020780340167]]	0.6337516873072534	0.36624831269274666	[[0.14217483208147685, -0.4855412039133591, -0.3816769020909707], [-0.5967980303023149, -0.0072202776184612655, -0.2131224525552859], [0.1589327823788145, 0.40723311267414014, -0.4588493911860951]]	0.7445162679248599	0.42931896326983515	[[0.2065348767594751, -0.4907455630725622, -0.36662388724069916], [-0.8152880030285128, 0.04674487002084678, -0.20407435610548924], [0.16720182877009512, 0.36662388724069916, -0.40909328135929734]]	[[0.03951129718701352, 0.07965658701443157, 0.08176097451056244], [-0.11418400421553555, 0.05522707883155416, 0.04629678477721284], [-0.019508588507612966, -0.11178379718189449, 0.1299519679196086]]	0.4107584182922783	[[0.10860709655975023, -0.6330085475287762, -0.37080782204426316], [-0.8535533905932738, 0.14644660940672602, -0.5], [0.37080782204426316, 0.3708078220442632, -0.5244014509690262]]
