8	[[-0.5446221603179724, 0.8109226453022452, -0.2139887049042392], [-0.8354447797583356, -0.5021691245819775, 0.22328947644507607], [0.07361197229480154, 0.30038414347728, 0.9509735242804028]]	0.8874641245098108	0.11253587549018919	[[-0.4833326286952312, 0.7196647554583371, -0.1899072986528289], [-0.7414272700445231, -0.4456570825030026, 0.19816139972558344], [0.06532798454604648, 0.2665801509076937, 0.843954886157517]]	0.8874641245098109	0.11253587549018915	[[-0.4833326286952312, 0.719664755458337, -0.18990729865282893], [-0.7414272700445231, -0.44565708250300273, 0.19816139972558344], [0.0653279845460465, 0.2665801509076937, 0.8439548861575172]]	[[0.0, 0.0, 0.0], [0.0, 0.0, 0.0], [0.0, 0.0, 0.0]]	0.38150029022264603	[[-0.7039989337461477, 0.7039989337461476, 0.0], [-0.7071067811865475, -0.7071067811865476, 0.0], [0.0, 0.0, 0.99560484]]
8	[[0.8787972042104137, -0.3840163418041313, 0.28327887866788265], [-0.395223040501579, -0.9183905790867732, -0.018907472103605397], [0.2674214316928388, -0.09534250611366366, -0.9588511794847616]]	0.899554046897214	0.10044595310278633	[[0.7905255814494347, -0.34544345434457, 0.2548246617061987], [-0.35552448551021687, -0.8261419620497827, -0.017008293047394436], [0.24056003110633997, -0.08576573721586851, -0.8625384588776841]]	0.899554046897214	0.10044595310278633	[[0.7905255814494347, -0.34544345434457, 0.25482466170619866], [-0.35552448551021687, -0.8261419620497826, -0.01700829304739441], [0.24056003110633997, -0.08576573721586851, -0.8625384588776843]]	[[0.0, 0.0, 0.0], [0.0, 0.0, 0.0], [0.0, 0.0, 0.0]]	0.3086439792455182	[[0.694757108466832, -0.49126746267445465, 0.49126746267445454], [-0.5, -0.8535533905932737, -0.14644660940672619], [0.49126746267445454, -0.1438889084410386, -0.8386460169078708]]
8	[[0.08740825448676931, -0.06334395238859675, -0.994156597696443], [0.7119981850616444, -0.6940087028176986, 0.10681996481098455], [-0.6967197295301035, -0.717174639895393, -0.015561310176609944]]	0.9483108110959707	0.051689188904029425	[[0.08289019270883122, -0.060069754867654736, -0.9427694495179244], [0.675195576374667, -0.6581359558767143, 0.1012985274711478], [-0.6607068518172579, -0.6801044644566607, -0.014756958675296956]]	0.9696110324755739	0.051400641042360064	[[0.0699561820560427, -0.056273059066756836, -0.946454782107868], [0.6784262023172078, -0.6724962660194692, 0.09004735799018863], [-0.6815557767886076, -0.7067845597069143, -0.00967542905353359]]	[[-0.01479582582376141, 0.005145936009834047, 0.017490423026983795], [-0.011935093021147874, 0.00042222886663313914, -0.013526458379194549], [-0.006008640492821385, -0.011404116652644632, 0.005412988973481833]]	0.11205073635198423	[[0.0, 0.0, -0.993414509352], [0.7071067811865475, -0.7071067811865476, 0.0], [-0.7024501360919062, -0.7024501360919061, 0.0]]
8	[[0.3802729664721569, 0.7767473726770865, -0.5020517802076895], [0.4287143634067757, 0.332951791095048, 0.839849450446521], [0.8195098935212374, -0.5346088512602871, -0.20639019011321075]]	0.8941612642322758	0.10583873576772428	[[0.34002535645410176, 0.6945374127420424, -0.4489152545005723], [0.3833397771783379, 0.29771259445394876, 0.7509608463760432], [0.7327740024418073, -0.478026526312663, -0.18454611331676826]]	0.8941612642322758	0.10583873576772432	[[0.34002535645410165, 0.6945374127420423, -0.44891525450057224], [0.3833397771783379, 0.2977125944539487, 0.7509608463760434], [0.7327740024418075, -0.47802652631266296, -0.1845461133167682]]	[[0.0, 0.0, 0.0], [0.0, 0.0, 0.0], [0.0, 0.0, 0.0]]	0.36689010972978475	[[0.4956144987157127, 0.49561449871571284, -0.7009047457925041], [0.5, 0.5000000000000001, 0.7071067811865475], [0.7009047457925041, -0.700904745792504, 0.0]]
8	[[0.8489524140446696, -0.5135124485683378, 0.12483895166604869], [0.522794976890395, 0.7815435453534784, -0.34040431673891397], [0.0772347773085365, 0.35425224329800037, 0.9319550081910795]]	0.8928700028792074	0.10712999712079262	[[0.7580041443723742, -0.4584998614317206, 0.11146495513350213], [0.4667879525213622, 0.6978167875899862, -0.3039368032667687], [0.06896061583784793, 0.31630120149345126, 0.8321146708468609]]	0.9243180260215706	0.132913069951293	[[0.7798366322885405, -0.49199622925654973, 0.0676213849240936], [0.5107488464760964, 0.6677954521861533, -0.29126387833811374], [0.026598967363270436, 0.3059327997481123, 0.8638733944836176]]	[[-0.004865387247475829, -0.017347416458360493, -0.04776950845047081], [0.027520025422773813, -0.054599334904873696, 0.02337796775922075], [-0.04479052953877163, -0.021508934490808557, 0.0024505809715222268]]	0.42767198132869494	[[0.7055511462679371, -0.705551146267937, 0.0], [0.7071067811865475, 0.7071067811865476, 0.0], [0.0, 0.0, 0.9978]]
8	[[-0.8305561570912853, 0.32773595720904825, 0.4502950280316503], [-0.5100865793185324, -0.772219296347621, -0.37879947194723407], [0.22358030216652452, -0.5443036842615101, 0.808545204538665]]	0.9027513798684683	0.09724862013153181	[[-0.7497857168724099, 0.29586408760298155, 0.4065044579034829], [-0.4604813633321921, -0.6971220353388725, -0.3419617459938127], [0.20183742629223914, -0.49137090203456935, 0.7299152990833127]]	0.9027513798684682	0.09724862013153181	[[-0.74978571687241, 0.2958640876029815, 0.40650445790348283], [-0.4604813633321921, -0.6971220353388724, -0.3419617459938127], [0.20183742629223908, -0.4913709020345694, 0.7299152990833127]]	[[0.0, 0.0, 0.0], [0.0, 0.0, 0.0], [0.0, 0.0, 0.0]]	0.36615582971716076	[[-0.6993627553517605, 0.4945241468185383, 0.4945241468185382], [-0.7071067811865475, -0.5000000000000001, -0.5], [0.0, -0.6993627553517604, 0.6993627553517605]]
8	[[0.22433838825039393, -0.7661379269479729, -0.6022499185961573], [-0.9416906372873723, -0.011392912655017143, -0.3362869982418849], [0.2507808429735371, 0.642575192824231, -0.724020780340167]]	0.9263104379161399	0.07368956208386018	[[0.20780699066162334, -0.7096815586153403, -0.557870385829766], [-0.8722978666071948, -0.010553373910609225, -0.3115061566069445], [0.23230091247579585, 0.5952241082590615, -0.6706680060972855]]	0.9263104379161402	0.07368956208385997	[[0.20780699066162336, -0.7096815586153404, -0.5578703858297661], [-0.872297866607195, -0.010553373910609214, -0.3115061566069447], [0.2323009124757959, 0.5952241082590616, -0.6706680060972856]]	[[0.0, 0.0, 0.0], [0.0, 0.0, 0.0], [0.0, 0.0, 0.0]]	0.2920825022288367	[[0.14452411505054433, -0.8423482723405308, -0.4934361936955374], [-0.8535533905932738, 0.14644660940672602, -0.5], [0.4934361936955374, 0.4934361936955375, -0.6978241572899867]]
8	[[-0.42203838922340475, -0.825029846081567, 0.3757783270710803], [0.2588054115689476, 0.28760896992378115, 0.9221175843470338], [-0.8688517462515349, 0.4864224845687207, 0.09214016247897017]]	0.8796396591026672	0.12036034089733293	[[-0.3712417048247146, -0.7257289725567155, 0.33054951952297557], [0.22765550400643447, 0.2529922562586241, 0.8111311975475997], [-0.7642764538834574, 0.4278765085059019, 0.08105014111266569]]	0.8838303827133009	0.18913600673002132	[[-0.3023945918570192, -0.6893713274794284, 0.3592595962860318], [0.2571937166683362, 0.2344240931587062, 0.8301706056211436], [-0.7998466124550856, 0.40332533404204185, 0.022046599024727668]]	[[0.0706157592100077, 0.039815117132738664, 0.027135293655434774], [0.02845363071307979, -0.019773452800807705, 0.015175068141040221], [-0.03192904104447149, -0.026589636654685278, -0.059389676042326256]]	0.4781783481047904	[[-0.4956144987157127, -0.49561449871571284, 0.7009047457925041], [0.5, 0.5000000000000001, 0.7071067811865475], [-0.7009047457925041, 0.700904745792504, 0.0]]
8	[[-0.30792515101507295, 0.09349718223056193, 0.9468053539599837], [0.3027085282091916, -0.9338174967034747, 0.1906631317268273], [0.9019698710720718, 0.34531602882779927, 0.2592434992682147]]	0.9031115785778545	0.09688842142214552	[[-0.2780907692170468, 0.08443838783682411, 0.8550708778207655], [0.2733795767599821, -0.8433413935514955, 0.1721900818704124], [0.814579434093563, 0.31185890390290966, 0.23412580586016424]]	0.9031115785778545	0.09688842142214547	[[-0.2780907692170468, 0.0844383878368241, 0.8550708778207653], [0.2733795767599821, -0.8433413935514954, 0.17219008187041243], [0.8145794340935627, 0.3118589039029097, 0.23412580586016432]]	[[0.0, 0.0, 0.0], [0.0, 0.0, 0.0], [0.0, 0.0, 0.0]]	0.3681811768784999	[[-0.4934361936955374, -0.14452411505054416, 0.8423482723405309], [0.5, -0.8535533905932737, 0.14644660940672619], [0.6978241572899867, 0.4934361936955375, 0.4934361936955374]]
8	[[0.034229894132735264, 0.2773841392786001, 0.9601491309293217], [-0.1827544195208179, -0.9427759796974285, 0.2788803941677556], [0.9825625356654255, -0.18501754344446375, 0.018422055382213542]]	0.8995986020054574	0.10040139799454277	[[0.03079316490860344, 0.2495343839135157, 0.8637488159007727], [-0.16440562031124664, -0.8481199533401323, 0.25088041272004385], [0.883911883467554, -0.16644152342912358, 0.016572455267906412]]	0.9363612431813303	0.12211690799771875	[[0.012702668116889282, 0.24561286983490085, 0.8925799592210687], [-0.16290421768336572, -0.828132027764597, 0.25202177182490637], [0.9271471785590398, -0.16742183750798528, 0.0]]	[[-0.019348878107204034, -0.014118887658792417, -0.0064664746553848955], [0.008219937776029676, 0.05464686062638362, -0.009111020756912686], [0.0071137011599617115, 0.005821419482028611, -0.017249698679644793]]	0.33931164377380646	[[0.0, 0.0, 0.9978], [0.0, -1.0, 0.0], [0.9978, 0.0, 0.0]]
8	[[-0.3195682178843842, -0.5708200961323295, -0.7563336379995778], [0.910087742671785, 0.03735879733279218, -0.41272826520656647], [0.2638493031197415, -0.8202248094963509, 0.507557688474819]]	0.9217199937484718	0.07828000625152809	[[-0.2945524157906049, -0.5261362954385929, -0.6971278360887299], [0.8388460684859987, 0.03443435044403164, -0.38041989402601406], [0.24319517802206672, -0.7560176062813182, 0.4678260694479989]]	0.9217199937484719	0.07828000625152814	[[-0.2945524157906049, -0.5261362954385929, -0.6971278360887297], [0.8388460684859986, 0.03443435044403163, -0.38041989402601417], [0.24319517802206683, -0.7560176062813181, 0.4678260694479989]]	[[0.0, 0.0, 0.0], [0.0, 0.0, 0.0], [0.0, 0.0, 0.0]]	0.22921362837535472	[[-0.4923506340694072, -0.4923506340694073, -0.6962889441439487], [0.8535533905932738, -0.14644660940672602, -0.5], [0.14420616199743314, -0.8404951061413817, 0.4923506340694072]]
8	[[0.8592155572171323, 0.2624339665249735, -0.4391776855101157], [-0.4266000482917053, 0.8413623931712975, -0.33184593135155627], [0.2824199444684594, 0.4724804086637203, 0.8348660002631537]]	0.9159333231235497	0.0840666768764503	[[0.7869841606013406, 0.24037201505971342, -0.4022574769309896], [-0.3907371998764885, 0.770631852728569, -0.30394874666786037], [0.2586778382533644, 0.43276055081813414, 0.7646815899838968]]	0.9159333231235498	0.08406667687645022	[[0.7869841606013405, 0.24037201505971345, -0.40225747693098957], [-0.3907371998764884, 0.7706318527285694, -0.3039487466678603], [0.2586778382533645, 0.43276055081813425, 0.7646815899838969]]	[[0.0, 0.0, 0.0], [0.0, 0.0, 0.0], [0.0, 0.0, 0.0]]	0.30365578303849206	[[0.8386460169078708, 0.1438889084410386, -0.49126746267445454], [-0.2499999999999999, 0.9571067811865475, -0.14644660940672619], [0.44912337712960465, 0.24563373133722724, 0.8386460169078708]]
8	[[0.04673222253661188, -0.9725397674033924, -0.22799671093185395], [-0.8377629715199755, -0.16246744520517667, 0.5213036857710898], [-0.5440306084466285, 0.16664552219444034, -0.8223502702654952]]	0.9163244924786546	0.08367550752134557	[[0.04282188009826031, -0.8911620087812222, -0.20891897043143354], [-0.7676627296954509, -0.14887289927193706, 0.4776833352914458], [-0.4985085711777105, 0.15270137354866095, -0.7535396940407141]]	0.9163244924786547	0.08367550752134537	[[0.04282188009826034, -0.8911620087812224, -0.2089189704314336], [-0.7676627296954511, -0.14887289927193703, 0.4776833352914459], [-0.4985085711777105, 0.15270137354866098, -0.7535396940407144]]	[[0.0, 0.0, 0.0], [0.0, 0.0, 0.0], [0.0, 0.0, 0.0]]	0.3206518291034071	[[1.9705222590008081e-16, -0.986872387391075, 0.0], [-0.7071067811865476, -1.3401577416544657e-16, 0.7071067811865475], [-0.6978241572899866, -1.0956484468483684e-16, -0.6978241572899867]]
8	[[0.5319609947059123, -0.8460851799387872, 0.03402011756955908], [-0.703274286200726, -0.4190807785627857, 0.5742617690636116], [-0.47161719485230363, -0.3294103357928521, -0.8179645788128509]]	0.8994066342218623	0.10059336577813774	[[0.47844924778575854, -0.7609746239537434, 0.030597919439069164], [-0.6325295586865776, -0.37692403251423257, 0.5164948448757952], [-0.4241756338632666, -0.29627384139334256, -0.7356827687427696]]	0.9021965966410195	0.14212850388037557	[[0.5425909911872422, -0.7497804426228003, -0.004004063327170211], [-0.5877084401406184, -0.3927986883071098, 0.5830683156050962], [-0.40895525561684576, -0.3816677376156441, -0.7469491422918579]]	[[0.06265759221779688, 0.013554727186378124, -0.034696897615753765], [0.04678322737481887, -0.01470543617009577, 0.06497130197485472], [0.016536172496287138, -0.08447485376495759, -0.008984283113998666]]	0.2855486150848841	[[0.6993627553517605, -0.6993627553517604, 0.0], [-0.5, -0.5000000000000001, 0.7071067811865475], [-0.4945241468185382, -0.4945241468185383, -0.6993627553517605]]
