8	[[-0.5446221603179724, 0.8109226453022452, -0.2139887049042392], [-0.8354447797583356, -0.5021691245819775, 0.22328947644507607], [0.07361197229480154, 0.30038414347728, 0.9509735242804028]]	0.57894973572965	0.42105026427035	[[-0.3153088557886013, 0.4694834511949236, -0.12388870415343933], [-0.483680534457804, -0.29073068196832547, 0.12927338337908867], [0.04261763190661366, 0.1739073204835485, 0.5505658705680333]]	0.7556028556019323	0.3448698224658944	[[-0.42868576924496776, 0.5798252919904711, -0.08009056323137946], [-0.7306422384399736, -0.38891770342105575, 0.10826277415602807], [0.06739867842221618, 0.08693303996417757, 0.6928283198488109]]	[[-0.017167709684614604, -0.032910174472178255, 0.0815999132608229], [-0.09937777715684748, -0.009477278891791117, -0.060455391871731816], [0.011777261949773823, -0.1400380766247957, -0.025729990699295015]]	0.443862637653705	[[-0.58555512550058, 0.5855551255005799, 0.0], [-0.7071067811865475, -0.7071067811865476, 0.0], [0.0, 0.0, 0.8280999999999998]]
8	[[0.22433838825039393, -0.7661379269479729, -0.6022499185961573], [-0.9416906372873723, -0.011392912655017143, -0.3362869982418849], [0.2507808429735371, 0.642575192824231, -0.724020780340167]]	0.4784083693563865	0.5215916306436135	[[0.10732536250691091, -0.366526796333262, -0.2881214015006041], [-0.4505126822228282, -0.0054504647655065075, -0.16088251446465418], [0.11997565415278985, 0.30741335018790594, -0.3463776009026778]]	0.6817278631010745	0.50893857844222	[[0.17227151044936323, -0.41534789069305017, -0.31963707147529363], [-0.8208009583713389, 0.05082534617467244, -0.20025158932651788], [0.1373224492825398, 0.31963707147529363, -0.349382637449135]]	[[0.019333780415882948, 0.10694968108587846, 0.09093347858206072], [-0.17882421251112948, 0.058592212173474476, 0.029004627373597026], [-0.03364183890449575, -0.11842434161053039, 0.14420250197293946]]	0.5334792406624496	[[0.08316252654773813, -0.4847067254932616, -0.2839346260204998], [-0.8535533905932738, 0.14644660940672602, -0.5], [0.2839346260204998, 0.28393462602049985, -0.4015441989455236]]
8	[[-0.42203838922340475, -0.825029846081567, 0.3757783270710803], [0.2588054115689476, 0.28760896992378115, 0.9221175843470338], [-0.8688517462515349, 0.4864224845687207, 0.09214016247897017]]	0.5213396603493241	0.4786603396506759	[[-0.22002535049210567, -0.4301207797342193, 0.19590814540187412], [0.13492552536392222, 0.14994196269348303, 0.4807364682256219], [-0.4529668742846925, 0.2535913328913313, 0.048036321011317835]]	0.7300183049858541	0.42459754260109833	[[-0.21279286491740754, -0.4749490200460767, 0.2587419109458793], [0.26970272221099295, 0.23561227354470388, 0.827891076952783], [-0.5483292247954773, 0.27813866929325254, 0.022795886249171175]]	[[0.09530288462242252, 0.1273378697531289, -0.015583146432970579], [0.08077003433626347, 0.025652460822217612, 0.15472836103011095], [0.08594845428706765, -0.0769586483986127, -0.044468118984847795]]	0.5877243237159664	[[-0.34287480499999984, -0.3428748049999999, 0.48489819942703016], [0.5, 0.5000000000000001, 0.7071067811865475], [-0.48489819942703016, 0.4848981994270301, 0.0]]
8	[[-0.8305561570912853, 0.32773595720904825, 0.4502950280316503], [-0.5100865793185324, -0.772219296347621, -0.37879947194723407], [0.22358030216652452, -0.5443036842615101, 0.808545204538665]]	0.5163507941003624	0.4836492058996375	[[-0.4288583312590305, 0.16922672176013442, 0.23251019530358757], [-0.26338361029106166, -0.39873604688871733, -0.1955934081447523], [0.11544586656888398, -0.28105163960018376, 0.41749295842957956]]	0.7132518505718488	0.4367116091103051	[[-0.49565854744282145, 0.16778305883793518, 0.24401206412437754], [-0.4381464258053589, -0.6703695732162184, -0.26492320145040893], [0.14074827785104285, -0.3410439339840985, 0.46356671463672144]]	[[0.0967371686063809, -0.06597521914035474, -0.07716169792249958], [-0.07432622915455159, -0.11958273104898656, 0.005256222911594936], [-0.018720786420643894, 0.04718167608849898, -0.11312964877147542]]	0.5623976178071118	[[-0.4412573614785974, 0.31201607254999986, 0.3120160725499998], [-0.7071067811865475, -0.5000000000000001, -0.5], [0.0, -0.44125736147859734, 0.4412573614785974]]
8	[[-0.30792515101507295, 0.09349718223056193, 0.9468053539599837], [0.3027085282091916, -0.9338174967034747, 0.1906631317268273], [0.9019698710720718, 0.34531602882779927, 0.2592434992682147]]	0.5887206122962724	0.41127938770372774	[[-0.18128188344701582, 0.05504371837075256, 0.5574038277087103], [0.1782107500746187, -0.549757608432242, 0.11224731565254259], [0.5310082547703401, 0.20329466392721926, 0.1526219916230116]]	0.7913730647388894	0.3122869104011517	[[-0.17491111012269717, 0.06907576454243435, 0.7153987319002315], [0.2610963485161769, -0.8381544872160872, 0.12963328345597325], [0.6572818963269882, 0.2379943356903326, 0.10583534558026285]]	[[0.06877256034628643, -0.004915387103815887, -0.0338775227742697], [0.02154097282467044, -0.0991564729430608, -0.021252383431400672], [-0.05651276484545832, -0.035279468346585637, -0.09932297694925822]]	0.4851269647433389	[[0.0, 0.0, 0.9099999999999999], [0.0, -1.0, 0.0], [0.9099999999999999, 0.0, 0.0]]
8	[[0.8489524140446696, -0.5135124485683378, 0.12483895166604869], [0.522794976890395, 0.7815435453534784, -0.34040431673891397], [0.0772347773085365, 0.35425224329800037, 0.9319550081910795]]	0.662778813604027	0.33722118639597315	[[0.5626676737868007, -0.34034517143302184, 0.08274061227679422], [0.34649743454156073, 0.5179905037692633, -0.22561276919390683], [0.05118957407352304, 0.23479088152961378, 0.6176800346612149]]	0.8161896534648582	0.2770493077344118	[[0.6446989904870725, -0.3989091534527382, 0.05117282264541409], [0.47653139849510223, 0.6252370073857614, -0.2644869533481484], [0.025510037407803453, 0.22497248315912816, 0.7124323580735432]]	[[-0.048207186140201364, 0.020214393994144274, -0.05071943805381439], [0.049831547473762075, -0.012650748063991024, 0.013347527968927622], [-0.03752818871908643, -0.06416453253741541, -0.048219677106773204]]	0.458417725564045	[[0.6434671708797582, -0.6434671708797581, 0.0], [0.7071067811865475, 0.7071067811865476, 0.0], [0.0, 0.0, 0.9099999999999999]]
8	[[0.5319609947059123, -0.8460851799387872, 0.03402011756955908], [-0.703274286200726, -0.4190807785627857, 0.5742617690636116], [-0.47161719485230363, -0.3294103357928521, -0.8179645788128509]]	0.554499369782811	0.445500630217189	[[0.2949720363134657, -0.4691536990586338, 0.018864133752257647], [-0.38996514848275887, -0.23238002760115445, 0.3184277890361348], [-0.26151143732433957, -0.18265782359708066, -0.45356084345638825]]	0.7010122587412508	0.49058586243079993	[[0.4229788446230944, -0.539248010080595, 0.08153625759643451], [-0.530581906990511, -0.340250595589494, 0.3284816817107974], [-0.2404661263713353, -0.1117019302023555, -0.4864804884605266]]	[[0.0500676661620602, 0.053868072995791876, 0.05768773813635501], [-0.03757801110629915, -0.04646983241415361, -0.07408285812923147], [0.0901433086532907, 0.11921875334450564, 0.08692270850340605]]	0.49370814222137555	[[0.4412573614785974, -0.44125736147859734, 0.0], [-0.5, -0.5000000000000001, 0.7071067811865475], [-0.3120160725499998, -0.31201607254999986, -0.4412573614785974]]
8	[[0.034229894132735264, 0.2773841392786001, 0.9601491309293217], [-0.1827544195208179, -0.9427759796974285, 0.2788803941677556], [0.9825625356654255, -0.18501754344446375, 0.018422055382213542]]	0.7426439865480295	0.2573560134519705	[[0.025420625037851523, 0.20599766299905345, 0.7130489782739774], [-0.13572147067221124, -0.7001469119842227, 0.2071088476948279], [0.7296941585193123, -0.13740216604491978, 0.013681028649455643]]	0.8637759092781743	0.20957008361406085	[[0.009232045784043847, 0.2084411704642292, 0.7722466186726809], [-0.1688210152185324, -0.8232516301613996, 0.25788729637315244], [0.8010566412485381, -0.14271166180151978, 0.0]]	[[-0.020334912144955204, -0.03115656666048731, -0.057107069938442966], [-0.010962150322333006, -0.008904451052631705, 0.01699713032104371], [-0.04765720641853343, 0.017102035019636003, -0.015912527638544394]]	0.37872168979160314	[[0.0, 0.0, 0.9099999999999999], [0.0, -1.0, 0.0], [0.9099999999999999, 0.0, 0.0]]
8	[[0.3802729664721569, 0.7767473726770865, -0.5020517802076895], [0.4287143634067757, 0.332951791095048, 0.839849450446521], [0.8195098935212374, -0.5346088512602871, -0.20639019011321075]]	0.5355485894552502	0.46445141054475	[[0.20365465080212733, 0.4159859598002852, -0.2688731227237254], [0.22959737260170435, 0.17831186207755206, 0.4497801885414014], [0.438887367519921, -0.28630901620273846, -0.11053197519253095]]	0.736645454257845	0.4090655973870326	[[0.2904522482832447, 0.4134057473021234, -0.34243805080874967], [0.4168446127430491, 0.31540384167628926, 0.7025293556876798], [0.5178150231143855, -0.3729074981331148, -0.03785401061080734]]	[[0.010325896154384416, -0.15878167388717673, 0.027396110883303487], [0.10103412576440197, 0.07013641827911453, 0.0838580757553007], [-0.08587321466736453, 0.020909681953784166, 0.11418238473950179]]	0.4763699340903413	[[0.34287480499999984, 0.3428748049999999, -0.48489819942703016], [0.5, 0.5000000000000001, 0.7071067811865475], [0.48489819942703016, -0.4848981994270301, 0.0]]
8	[[0.8787972042104137, -0.3840163418041313, 0.28327887866788265], [-0.395223040501579, -0.9183905790867732, -0.018907472103605397], [0.2674214316928388, -0.09534250611366366, -0.9588511794847616]]	0.5756368546882932	0.4243631453117069	[[0.5058680585405484, -0.22105395914503462, 0.1630657627160066], [-0.22750494793467282, -0.5286594643208702, -0.010883837771826069], [0.15393763181590597, -0.054882660337368695, -0.5519500770727682]]	0.7883196272646547	0.37110579865463333	[[0.5481168946510896, -0.2313488666602297, 0.22318465547851168], [-0.34554165410504256, -0.8466848419826088, -0.024593879697917362], [0.20048816418289692, -0.07516036888200138, -0.6355087800131265]]	[[-0.14465618981328446, 0.07137875277433936, -0.0001296445649029282], [-0.033979574130434245, -0.12269952299355368, -0.009688748336686297], [-0.010325399171782018, 0.0, 0.1203724244005755]]	0.5145052953855038	[[0.9099999999999999, 0.0, 0.0], [0.0, -1.0, 0.0], [0.0, 0.0, -0.9099999999999999]]
8	[[0.8592155572171323, 0.2624339665249735, -0.4391776855101157], [-0.4266000482917053, 0.8413623931712975, -0.33184593135155627], [0.2824199444684594, 0.4724804086637203, 0.8348660002631537]]	0.526628951957337	0.473371048042663	[[0.4524877884026977, 0.1382053247490537, -0.2312836842432412], [-0.22465993633681014, 0.4430857953321173, -0.1747596750389765], [0.1487305193672741, 0.24882186243494933, 0.43966460674339847]]	0.7335068141587754	0.467770262145679	[[0.45051068008239814, 0.17976191709611367, -0.28311549620133825], [-0.35044965753617063, 0.749606079021037, -0.254054742427019], [0.2353865557597012, 0.30667614163736895, 0.44567002746098294]]	[[-0.17972978596759756, -0.012735185616670364, 0.03902432874681133], [-0.03753561519374213, 0.1324610304529556, -0.010643490529787258], [0.028229602037743294, -0.039891457673992936, -0.1667098726415223]]	0.5704808503334876	[[0.5326447532892986, -0.09138739181070116, -0.3120160725499998], [-0.14644660940672619, 0.8535533905932737, -0.5], [0.3120160725499998, 0.31201607254999986, 0.4412573614785974]]
8	[[-0.3195682178843842, -0.5708200961323295, -0.7563336379995778], [0.910087742671785, 0.03735879733279218, -0.41272826520656647], [0.2638493031197415, -0.8202248094963509, 0.507557688474819]]	0.49588699786127305	0.5041130021387269	[[-0.15846972417856448, -0.2830622637899442, -0.3750560171291055], [0.45130067850385425, 0.018525741853066033, -0.20466658036577562], [0.13083943881183763, -0.40673881835248005, 0.2516912583791852]]	0.6754079148049095	0.5129076390659489	[[-0.2329975473753167, -0.36525929739919505, -0.36769261840904516], [0.7781517437448235, 0.011647031178974865, -0.2266726145308901], [0.15544065701223814, -0.3676926184090451, 0.3063293845094808]]	[[-0.017158643696103825, 0.020277113458279573, 0.14314110692906082], [0.16347127917736615, -0.013585396227185515, 0.05208732245332467], [-0.022765250630594865, 0.1862937098441393, -0.036479095506496494]]	0.5475963556465075	[[-0.2583805096786548, -0.25838050967865483, -0.36540522104042644], [0.8535533905932738, -0.14644660940672602, -0.5], [0.0756778991584417, -0.44108312019886803, 0.2583805096786548]]
8	[[0.04673222253661188, -0.9725397674033924, -0.22799671093185395], [-0.8377629715199755, -0.16246744520517667, 0.5213036857710898], [-0.5440306084466285, 0.16664552219444034, -0.8223502702654952]]	0.5215623072334615	0.4784376927665384	[[0.024373765808342846, -0.5072400849632075, -0.11891449059525835], [-0.43694558834071906, -0.08473689557153796, 0.2718923531200771], [-0.2837458593470475, 0.08691602304585733, -0.4289069043137324]]	0.6928020520511358	0.4773022549197261	[[0.0005821493822201085, -0.6915693536431899, -0.10526103602434769], [-0.6702918852604247, -0.14813479260002688, 0.2802107337289116], [-0.23822678578545198, 0.013886293551741135, -0.49956676204919903]]	[[-0.031794030288054845, -0.01779180708478527, 0.05269555317015037], [-0.08988797945892839, -0.03557701317037512, -0.08094952951511988], [0.1386787361250002, -0.10156606618970022, 0.0701591926955421]]	0.5092661429169408	[[-0.08316252654773813, -0.4847067254932616, -0.2839346260204998], [-0.8535533905932738, -0.14644660940672602, 0.5], [-0.2839346260204998, 0.28393462602049985, -0.4015441989455236]]
8	[[0.08740825448676931, -0.06334395238859675, -0.994156597696443], [0.7119981850616444, -0.6940087028176986, 0.10681996481098455], [-0.6967197295301035, -0.717174639895393, -0.015561310176609944]]	0.6049763859043883	0.39502361409561176	[[0.05287992989761674, -0.0383215953849529, -0.6014412654973973], [0.4307420887690774, -0.41985887681684403, 0.06462355625378337], [-0.4214989839594049, -0.4338737217061959, -0.00941422519058266]]	0.8337554988412625	0.28083084361251087	[[0.04698469202784843, -0.04698469202784844, -0.7167543292878414], [0.6787266022144328, -0.6640539537021656, 0.09689599194916979], [-0.5152266609340683, -0.5262835433461062, 0.0]]	[[-0.025892420794611928, 0.005828676594483227, 0.11212920075088897], [0.0850942002542879, -0.08542038148421774, 0.007834258901981235], [0.06566724471285273, 0.07166475629618005, 0.012974327928923038]]	0.2827918575392675	[[0.0, 0.0, -0.7535709999999998], [0.7071067811865475, -0.7071067811865476, 0.0], [-0.5328551642055277, -0.5328551642055276, 0.0]]
