8	[[0.3802729664721569, 0.7767473726770865, -0.5020517802076895], [0.4287143634067757, 0.332951791095048, 0.839849450446521], [0.8195098935212374, -0.5346088512602871, -0.20639019011321075]]	0.6878592338205283	0.3121407661794718	[[0.2615742713601973, 0.5342928526417692, -0.34534095287189354], [0.29489513354084024, 0.2290239639218124, 0.5776981995087359], [0.5637074474658612, -0.3677356348215738, -0.14196739803934633]]	0.82146616379126	0.2844450525626259	[[0.34722444005674374, 0.5452087355383128, -0.41966040234803065], [0.40744042805880126, 0.2946060120354778, 0.7145893776829448], [0.6147370975558633, -0.41966040234803065, -0.07429671024135664]]	[[0.034843065095338514, -0.09286294892967364, -0.007241852436247195], [0.0552660845888251, 0.021097381477199764, 0.024681471462443358], [-0.05846255086401157, 0.019502679825609746, 0.09524584747509139]]	0.39784575056062566	[[0.4246732799999998, 0.42467327999999993, -0.6005787121534668], [0.5, 0.5000000000000001, 0.7071067811865475], [0.6005787121534668, -0.6005787121534667, 0.0]]
8	[[0.8787972042104137, -0.3840163418041313, 0.28327887866788265], [-0.395223040501579, -0.9183905790867732, -0.018907472103605397], [0.2674214316928388, -0.09534250611366366, -0.9588511794847616]]	0.7029062135868704	0.29709378641312956	[[0.6177120153222697, -0.2699274727730233, 0.19911848399357585], [-0.27780473092125524, -0.6455424445397371, -0.013290179624844646], [0.18797218598319318, -0.06701683996623835, -0.6739824519649386]]	0.83108666693925	0.2780358149402044	[[0.6576143090603204, -0.26986702314990124, 0.17151884463262218], [-0.3184511817423807, -0.8544361487792869, -0.032971042065924425], [0.1617361202241562, -0.054003698311832785, -0.7568105502356632]]	[[-0.07274233030244384, 0.0492838384102981, -0.0639104544537566], [0.010013417685672845, -0.09117398345765272, -0.017257294095092163], [-0.06051426610956748, 0.025234187311807016, 0.04007788061309585]]	0.41059990320405115	[[0.5100994631767771, -0.3606947894919167, 0.36069478949191663], [-0.5, -0.8535533905932737, -0.14644660940672619], [0.36069478949191663, -0.10564505790352811, -0.6157445210803053]]
8	[[-0.5446221603179724, 0.8109226453022452, -0.2139887049042392], [-0.8354447797583356, -0.5021691245819775, 0.22328947644507607], [0.07361197229480154, 0.30038414347728, 0.9509735242804028]]	0.7257892667837766	0.27421073321622336	[[-0.3952809184113778, 0.5885589521522772, -0.15531070523245774], [-0.6063568541391363, -0.36446896073180446, 0.1620611053896051], [0.05342677939835169, 0.2180155872478478, 0.6902063769182576]]	0.8189558574878864	0.21445735984731484	[[-0.45646787231226404, 0.6536634863376916, -0.10496611725585883], [-0.7565129899430273, -0.4312653010184238, 0.19567599040200803], [0.054255906949621076, 0.1811628901630998, 0.7892517020274884]]	[[-0.010446364002153806, -0.010446364002153806, 0.07028118606171466], [-0.07232059395226119, -0.020010954992449394, 0.012811765751909582], [-0.006029048942442649, -0.06483846363410033, 0.010446364002153806]]	0.4048247143223435	[[-0.6516696095415222, 0.6516696095415221, 0.0], [-0.7071067811865475, -0.7071067811865476, 0.0], [0.0, 0.0, 0.9216]]
8	[[0.8592155572171323, 0.2624339665249735, -0.4391776855101157], [-0.4266000482917053, 0.8413623931712975, -0.33184593135155627], [0.2824199444684594, 0.4724804086637203, 0.8348660002631537]]	0.7089668221527848	0.2910331778472152	[[0.6091553231444644, 0.18605697527216086, -0.3113624080565218], [-0.3024452805675949, 0.5964980221655167, -0.235267755394644], [0.20022637054236966, 0.3349729338597669, 0.5918922951299741]]	0.7902573846676403	0.2722652478980115	[[0.6881616403803242, 0.16376867585289206, -0.2824702273541681], [-0.3408504999743217, 0.74318597873734, -0.4040816438672614], [0.2123267320982705, 0.37631661560753, 0.6578915310821604]]	[[0.009160201268164189, -0.04362170418108856, 0.0645931818014433], [-0.0037266615122296706, 0.07829313435208372, -0.1418379460447833], [-0.01085771459535445, 0.0029354835502404617, -0.0018674908337329636]]	0.4417549890061745	[[0.6157445210803053, 0.10564505790352811, -0.36069478949191663], [-0.2499999999999999, 0.9571067811865475, -0.14644660940672619], [0.3297520684308187, 0.1803473947459583, 0.6157445210803053]]
8	[[0.04673222253661188, -0.9725397674033924, -0.22799671093185395], [-0.8377629715199755, -0.16246744520517667, 0.5213036857710898], [-0.5440306084466285, 0.16664552219444034, -0.8223502702654952]]	0.6766629181406123	0.3233370818593879	[[0.031621962072820226, -0.6580815970189716, -0.1542769197456099], [-0.5668831370188572, -0.10993569557538482, 0.3527468732513224], [-0.3681253390693085, 0.11276284534315621, -0.5564539336115711]]	0.765217836642495	0.38695133547882904	[[-0.010428360113989277, -0.8102653558549346, -0.12825079893801306], [-0.6880064769492314, -0.1496265135433616, 0.27349400048561434], [-0.27508252595867366, 0.03404106807482575, -0.5898270059353543]]	[[-0.04618869034495117, -0.06606057899371544, 0.046216350962864514], [-0.046935308263527674, -0.025303526598623133, -0.1254168781738979], [0.14121939930415564, -0.09347905790496276, 0.03945008883957893]]	0.38302891122207944	[[-0.11463222428768256, -0.6681255654083174, -0.3913788948479998], [-0.8535533905932738, -0.14644660940672602, 0.5], [-0.3913788948479998, 0.3913788948479999, -0.553493341120635]]
8	[[-0.42203838922340475, -0.825029846081567, 0.3757783270710803], [0.2588054115689476, 0.28760896992378115, 0.9221175843470338], [-0.8688517462515349, 0.4864224845687207, 0.09214016247897017]]	0.6771825731133391	0.32281742688666104	[[-0.2857970423669141, -0.5586958340648176, 0.25447053444622003], [0.17525851454191663, 0.19476378230346306, 0.624441958481181], [-0.5883712611806323, 0.3293968297204298, 0.062395712314590145]]	0.8218267607710419	0.2944250652604891	[[-0.26442149948308136, -0.5849250605169184, 0.3154756006587421], [0.2626430093796998, 0.2348087401576931, 0.8291602783417257], [-0.6806034892843619, 0.3503075299381787, 0.023640940813825374]]	[[0.08242094285341753, 0.09310654542772698, 0.006650915353955029], [0.04994979631997529, -0.00155600796346398, 0.071339370947785], [0.03344212692780035, -0.04944748492113506, -0.05208231045318417]]	0.5169230586771953	[[-0.4246732799999998, -0.42467327999999993, 0.6005787121534668], [0.5, 0.5000000000000001, 0.7071067811865475], [-0.6005787121534668, 0.6005787121534667, 0.0]]
8	[[0.034229894132735264, 0.2773841392786001, 0.9601491309293217], [-0.1827544195208179, -0.9427759796974285, 0.2788803941677556], [0.9825625356654255, -0.18501754344446375, 0.018422055382213542]]	0.8492994588326446	0.15070054116735554	[[0.029071430562830777, 0.23558219937807395, 0.8154541372969069], [-0.15521322959830475, -0.8006991293574423, 0.23685296784570942], [0.8344898298098771, -0.15713529952192837, 0.015645841666698967]]	0.9068427129563014	0.14143862900317578	[[0.00908915348364144, 0.2300746516785543, 0.8401306041782752], [-0.16572241012675032, -0.8260155353099433, 0.25431324417020756], [0.8723247706122614, -0.156115909087743, 0.0]]	[[-0.021951976575895187, -0.021469133715899962, -0.030573638556305873], [7.103476262173419e-06, 0.028933991828907716, 0.0014125909327974053], [-0.018704904879795675, 0.011665901953944867, -0.016705906681037757]]	0.3555809549768842	[[0.0, 0.0, 0.96], [0.0, -1.0, 0.0], [0.96, 0.0, 0.0]]
8	[[0.8489524140446696, -0.5135124485683378, 0.12483895166604869], [0.522794976890395, 0.7815435453534784, -0.34040431673891397], [0.0772347773085365, 0.35425224329800037, 0.9319550081910795]]	0.7676620019716855	0.2323379980283144	[[0.6517085097442263, -0.3942039943053526, 0.09583411956000541], [0.4013298385804218, 0.5999612826541001, -0.26131545926759836], [0.059290203770508434, 0.2719459862931036, 0.7154264473355028]]	0.8849789815483583	0.19221709153669492	[[0.7186899108197908, -0.4605527856358298, 0.05516252556065158], [0.5065372837533615, 0.6676844184651298, -0.2957435001760243], [0.025673186270408682, 0.2700585600772756, 0.8026547733312656]]	[[-0.032615131944481124, -0.006105061889418549, -0.05531732274233294], [0.043874717546302164, -0.02396519233748472, 0.005507165366244594], [-0.04267796829221421, -0.04344722940781001, -0.022105820666567796]]	0.4399871733305105	[[0.6788225099390857, -0.6788225099390855, 0.0], [0.7071067811865475, 0.7071067811865476, 0.0], [0.0, 0.0, 0.96]]
8	[[-0.30792515101507295, 0.09349718223056193, 0.9468053539599837], [0.3027085282091916, -0.9338174967034747, 0.1906631317268273], [0.9019698710720718, 0.34531602882779927, 0.2592434992682147]]	0.7321371699701049	0.26786283002989514	[[-0.22544344862679272, 0.06845276239846279, 0.6931913923608058], [0.22162416516889324, -0.6836824993050498, 0.13959156568011674], [0.6603656688050074, 0.25281870009130014, 0.1898018018873777]]	0.8336566931008671	0.2776330577618427	[[-0.23913817555928424, 0.07411394356416207, 0.7301220306769192], [0.2463512749488342, -0.8488868899137718, 0.11846804487371618], [0.6680582129674536, 0.2546482545962355, 0.1650242319951222]]	[[0.017565687558526645, -0.0038306081884173547, -0.059188589715556746], [-0.0060037156514710106, -0.07040368365222341, -0.040479551017925705], [-0.0838750070271054, -0.03322676407107128, -0.05109584631271474]]	0.4239754627074985	[[-0.3913788948479998, -0.11463222428768242, 0.6681255654083175], [0.5, -0.8535533905932737, 0.14644660940672619], [0.553493341120635, 0.3913788948479999, 0.3913788948479998]]
8	[[-0.3195682178843842, -0.5708200961323295, -0.7563336379995778], [0.910087742671785, 0.03735879733279218, -0.41272826520656647], [0.2638493031197415, -0.8202248094963509, 0.507557688474819]]	0.6858165226175219	0.3141834773824781	[[-0.21916516392854696, -0.3914778533696738, -0.5187061055515302], [0.6241532109559937, 0.025621280475948333, -0.28305586362992974], [0.18095221156063757, -0.5625237266134067, 0.34809144893758776]]	0.7557692164610881	0.27197062202899713	[[-0.29089813271013915, -0.4464395280217762, -0.5488816777324143], [0.7616428052286407, 0.012035983997499188, -0.3372152127631777], [0.1918197396661053, -0.5858125239518044, 0.3939927842856992]]	[[-0.04937831107379197, -0.015031271227602522, 0.022732003241690956], [0.07382650503874529, -0.016198644990633795, -0.02528789515666691], [-0.007589441416505822, 0.034088137643197694, 0.010396307758284259]]	0.3626166691477855	[[-0.3757237390540798, -0.3757237390540799, -0.5313536074758095], [0.8535533905932738, -0.14644660940672602, -0.5], [0.11004693531617525, -0.6414005427919847, 0.3757237390540798]]
8	[[-0.8305561570912853, 0.32773595720904825, 0.4502950280316503], [-0.5100865793185324, -0.772219296347621, -0.37879947194723407], [0.22358030216652452, -0.5443036842615101, 0.808545204538665]]	0.6806257757203513	0.31937422427964873	[[-0.56529792869957, 0.22306554010686025, 0.3064824027570593], [-0.3471780737332166, -0.5255923576028234, -0.2578206844365457], [0.15217451659788134, -0.3704671173279354, 0.5503167070440989]]	0.7749419482239538	0.37885151922843524	[[-0.6134476047880328, 0.24364047049908769, 0.19776709068398093], [-0.5665675136023053, -0.6258406785598994, -0.30421469472366497], [0.1782372919587497, -0.27360270364575245, 0.5929473339572919]]	[[0.030185201697687927, -0.010335870683534533, -0.15118541561442606], [-0.1712800260623096, -0.027415552592143254, -0.010667093946670432], [0.00497553701332299, 0.1482010538613379, -0.03362826207503629]]	0.4476226054849069	[[-0.5765555636673281, 0.40768634879999993, 0.4076863487999998], [-0.7071067811865475, -0.5000000000000001, -0.5], [0.0, -0.5765555636673281, 0.5765555636673281]]
8	[[0.22433838825039393, -0.7661379269479729, -0.6022499185961573], [-0.9416906372873723, -0.011392912655017143, -0.3362869982418849], [0.2507808429735371, 0.642575192824231, -0.724020780340167]]	0.6734844915331453	0.32651550846685473	[[0.1510884253421819, -0.5159820121748135, -0.4056059802016111], [-0.6342140400350095, -0.007672949986545774, -0.22648407802014361], [0.16889700851628617, 0.43276442701104, -0.48761676710682844]]	0.7582652307084659	0.4115331989145398	[[0.20531920190489583, -0.5150197208824735, -0.3720252944720566], [-0.8188612197810201, 0.053391505481885454, -0.2032542659050944], [0.1726333115518172, 0.37202529447205657, -0.42743240737528393]]	[[0.03521120218144544, 0.06591603104923702, 0.08463987899641338], [-0.1048099514423085, 0.06203035502468355, 0.051740472401045935], [-0.01752508220277544, -0.11521713236234585, 0.12156737666707626]]	0.3855459985988831	[[0.11463222428768256, -0.6681255654083174, -0.3913788948479998], [-0.8535533905932738, 0.14644660940672602, -0.5], [0.3913788948479998, 0.3913788948479999, -0.553493341120635]]
8	[[0.5319609947059123, -0.8460851799387872, 0.03402011756955908], [-0.703274286200726, -0.4190807785627857, 0.5742617690636116], [-0.47161719485230363, -0.3294103357928521, -0.8179645788128509]]	0.7087579166306999	0.29124208336930013	[[0.3770315663365571, -0.5996695694255256, 0.024112027652132148], [-0.498451217907569, -0.29702681951413157, 0.40701257504218546], [-0.3342624204707336, -0.23347218331316116, -0.5797388707571042]]	0.7852101242766887	0.2602639544880152	[[0.4455950388527855, -0.6453207595947709, 0.0050909380772178785], [-0.607495609333937, -0.3817494876185492, 0.5461939058101899], [-0.31879319928107597, -0.31159352560707293, -0.642274068583568]]	[[0.027893880089405153, 0.01903388969362876, -0.02162200266748316], [-0.05527751966566542, -0.05268301740129287, 0.09527775075640027], [0.051525396899924664, -0.05293719490114177, 8.571051729276346e-18]]	0.3671572150047924	[[0.5765555636673281, -0.5765555636673281, 0.0], [-0.5, -0.5000000000000001, 0.7071067811865475], [-0.4076863487999998, -0.40768634879999993, -0.5765555636673281]]
8	[[0.08740825448676931, -0.06334395238859675, -0.994156597696443], [0.7119981850616444, -0.6940087028176986, 0.10681996481098455], [-0.6967197295301035, -0.717174639895393, -0.015561310176609944]]	0.7801512183455024	0.2198487816544978	[[0.0681916562313068, -0.049417861630783246, -0.7755924809190995], [0.5554662515356282, -0.5414317350456089, 0.08333572569091328], [-0.5435467458382592, -0.5595046690808878, -0.012140175093334513]]	0.9110797926307387	0.1504715066354763	[[0.05420953593263824, -0.054209535932638254, -0.8480373842422487], [0.6841948358516798, -0.6721589434882116, 0.0902621668661243], [-0.6148788093553766, -0.6251014531308188, 0.0]]	[[-0.025426358439382377, 0.003501859073975854, 0.05771860262950747], [0.03550767705225478, -0.039861638441134904, -0.007059344522690291], [0.01988845734665426, 0.028301869065100446, 0.014177595248768392]]	0.17763761857576135	[[0.0, 0.0, -0.8847359999999999], [0.7071067811865475, -0.7071067811865476, 0.0], [-0.6256028251598612, -0.6256028251598611, 0.0]]
