9	[[0.8489524140446696, -0.5135124485683378, 0.12483895166604869], [0.522794976890395, 0.7815435453534784, -0.34040431673891397], [0.0772347773085365, 0.35425224329800037, 0.9319550081910795]]	0.8720769345330791	0.12792306546692092	[[0.7403518188045328, -0.44782236199205144, 0.10886917027925097], [0.45591744083586755, 0.681566099235976, -0.2968587530434994], [0.06735466783457353, 0.3089352103867866, 0.8127364666660272]]	0.9146707876696649	0.1430786651480774	[[0.7705738409099026, -0.47818963222732364, 0.05470574598335307], [0.49946695060506463, 0.6728404580956766, -0.29036605252012176], [0.02450418256732139, 0.2925937051193755, 0.8526319601116716]]	[[-0.005938132338398961, -0.00849479641714385, -0.0594807962688869], [0.02128165730298273, -0.0420145921309317, 0.02099183199761486], [-0.046140212028968855, -0.03143047329175227, 0.0001999386968481394]]	0.3583723756581094	[[0.7076773908379786, -0.38704161695053274, 0.4145478177680824], [0.573223304703363, 0.7803300858899106, -0.2499999999999999], [-0.22672373000680965, 0.41454781776808236, 0.7740832339010655]]
9	[[0.5319609947059123, -0.8460851799387872, 0.03402011756955908], [-0.703274286200726, -0.4190807785627857, 0.5742617690636116], [-0.47161719485230363, -0.3294103357928521, -0.8179645788128509]]	0.8663560102932846	0.1336439897067156	[[0.46086760500506124, -0.7330109808600432, 0.02947353332727167], [-0.6092859047347187, -0.36307315130625845, 0.4975151351099142], [-0.40858839131795244, -0.28538662426686656, -0.7086485290615282]]	0.8772442382442955	0.1653545627861115	[[0.5294782608245033, -0.7258131454949518, 0.0021177328251860846], [-0.5923947618299247, -0.3930992032092615, 0.5742529993554364], [-0.3861292201576307, -0.37439766871986585, -0.7236954126697657]]	[[0.06281854324803765, 0.01641020367023771, -0.02772621929710315], [0.024548553645031973, -0.02546300485612424, 0.07048517120040669], [0.02759424668348997, -0.08542434962746766, -0.006140698818270181]]	0.3015535948393109	[[0.6697389248397261, -0.669738924839726, 0.0], [-0.5, -0.5000000000000001, 0.7071067811865475], [-0.47357693537875767, -0.4735769353787578, -0.6697389248397261]]
9	[[-0.8305561570912853, 0.32773595720904825, 0.4502950280316503], [-0.5100865793185324, -0.772219296347621, -0.37879947194723407], [0.22358030216652452, -0.5443036842615101, 0.808545204538665]]	0.86552067133926	0.13447932866074008	[[-0.7188635226706052, 0.2836622457055904, 0.38973965496268476], [-0.4414904785729229, -0.6683717637959239, -0.3278587732627272], [0.19351337322940493, -0.47110609021445493, 0.6998125882404445]]	0.865506660457679	0.1336415610379927	[[-0.7188518858466416, 0.28365765383590413, 0.3939940021482755], [-0.441483331810264, -0.6729084353110797, -0.3278534659481828], [0.19777089688817237, -0.47109846403999056, 0.6998012598093308]]	[[0.0, 1.3352733107983657e-18, 0.004260656215904961], [0.0, -0.0045474909882713644, 1.2650123332553725e-18], [0.004260656215904961, 0.0, 0.0]]	0.38372690268856163	[[-0.6697389248397261, 0.4735769353787578, 0.47357693537875767], [-0.7071067811865475, -0.5000000000000001, -0.5], [0.0, -0.669738924839726, 0.6697389248397261]]
9	[[0.034229894132735264, 0.2773841392786001, 0.9601491309293217], [-0.1827544195208179, -0.9427759796974285, 0.2788803941677556], [0.9825625356654255, -0.18501754344446375, 0.018422055382213542]]	0.8938130927404369	0.1061869072595635	[[0.030595127538957843, 0.2479295754057496, 0.8581938642079799], [-0.1633482929238855, -0.8426655141747535, 0.24926694761575377], [0.8782272588139999, -0.1653711027173343, 0.0164658742958119]]	0.9298934901513699	0.12320330394149043	[[0.01098235616859526, 0.2420278461501322, 0.8807130384721185], [-0.1636989339200533, -0.8277440226510473, 0.25216378279562096], [0.9146643098305749, -0.16461126724858138, 0.0]]	[[-0.020847799554005834, -0.015909859236278964, -0.012123387953553071], [0.006243211088747662, 0.048937223540671496, -0.00716528027182309], [0.0009858042486724406, 0.007435341964223675, -0.017130549375128378]]	0.184307679448249	[[-0.06640584306308658, 0.2542299308243596, 0.8679952777817017], [-0.2803300858899109, -0.9267766952966368, 0.25000000000000017], [0.8679952777817017, -0.22672373000680976, 0.13281168612617336]]
9	[[0.08740825448676931, -0.06334395238859675, -0.994156597696443], [0.7119981850616444, -0.6940087028176986, 0.10681996481098455], [-0.6967197295301035, -0.717174639895393, -0.015561310176609944]]	0.9250341800952948	0.07496581990470527	[[0.08085562302272954, -0.058595321061780975, -0.9196288332364573], [0.6586226573478363, -0.6419817713899689, 0.09881211856673731], [-0.6444895637620949, -0.663411055000773, -0.014394743800428947]]	0.9557146436308012	0.0694970553263473	[[0.06251184152881809, -0.0625118415288181, -0.9299207782392674], [0.6813051289456005, -0.6707693582649085, 0.09232958000030368], [-0.674481055388538, -0.6846348451666987, 0.0]]	[[-0.021025507258395013, -0.00197309864558391, 0.020209240241398363], [0.0008380372436338334, -0.0074950781748170815, -0.009759824601681132], [-0.00861580737012694, 0.0007794602219751345, 0.014872172009867131]]	0.12502953346678997	[[0.0, 0.0, -0.9679486602880002], [0.7071067811865475, -0.7071067811865476, 0.0], [-0.6844430615300788, -0.6844430615300787, 0.0]]
9	[[0.3802729664721569, 0.7767473726770865, -0.5020517802076895], [0.4287143634067757, 0.332951791095048, 0.839849450446521], [0.8195098935212374, -0.5346088512602871, -0.20639019011321075]]	0.8510703843744678	0.1489296156255324	[[0.32363905974267776, 0.661066685026146, -0.4272814015572442], [0.36486609805146, 0.2833654088254301, 0.7147709946082063], [0.6974606000777984, -0.45498976053208534, -0.1756525784307697]]	0.8732874499418453	0.2127440436162737	[[0.3431052191359974, 0.6376048444523829, -0.4384355188763369], [0.40468763614646175, 0.30177776864667344, 0.7203128084496806], [0.6874757346926934, -0.4499873354919099, -0.0874630257345952]]	[[0.011017609963706602, -0.040718887881818336, 2.258727261131918e-18], [0.030296762973517112, 0.011015148047708938, -0.013117176465822018], [-0.028191970422581383, 0.016879864941525536, 0.09277493708238325]]	0.3450832483129185	[[0.13281168612617336, 0.7740832339010654, -0.4534474600136192], [0.25000000000000017, 0.45710678118654735, 0.8535533905932738], [0.8679952777817017, -0.22672373000680976, -0.13281168612617336]]
9	[[0.8592155572171323, 0.2624339665249735, -0.4391776855101157], [-0.4266000482917053, 0.8413623931712975, -0.33184593135155627], [0.2824199444684594, 0.4724804086637203, 0.8348660002631537]]	0.8678846243404659	0.13211537565953424	[[0.7456999711028748, 0.22776240445170504, -0.38115556060766204], [-0.3702396226552712, 0.7302054845316669, -0.28800398146995737], [0.24510792741126416, 0.4100584819813428, 0.7245673650130146]]	0.8700274756870406	0.12508181054297351	[[0.7501015910457749, 0.23194578274874114, -0.3903903068538393], [-0.3739164224458196, 0.7476266908803598, -0.29147773727342696], [0.2529461925316023, 0.41107093726127797, 0.7299773800643691]]	[[0.0025604487291190576, 0.0036210213184811285, -0.008293653751396375], [-0.0027626593026175536, 0.015618291811528432, -0.0027626593026175523], [0.007233081162034307, -5.685338264880399e-19, 0.003621021318481128]]	0.23001331878423878	[[0.7076773908379786, 0.38704161695053274, -0.4145478177680824], [-0.573223304703363, 0.7803300858899106, -0.2499999999999999], [0.22672373000680965, 0.41454781776808236, 0.7740832339010655]]
9	[[-0.5446221603179724, 0.8109226453022452, -0.2139887049042392], [-0.8354447797583356, -0.5021691245819775, 0.22328947644507607], [0.07361197229480154, 0.30038414347728, 0.9509735242804028]]	0.8548366365233375	0.14516336347666267	[[-0.4655629757022894, 0.6932063865907785, -0.18292538475432485], [-0.714168805529596, -0.42927256542352654, 0.1908760250153658], [0.06292621080433725, 0.25677937087506164, 0.8129270089186039]]	0.8633820488033769	0.1427401037757605	[[-0.4704065088684346, 0.699946542652724, -0.16357484406777095], [-0.7364190788860737, -0.44906220693665877, 0.1927841256493832], [0.07853118480444886, 0.24437034787535583, 0.8213214805725787]]	[[-0.00018951226938237323, -0.0001895122693823732, 0.021179162393232316], [-0.015111053276235858, -0.015498399309272912, 0.0], [0.014975929348105682, -0.014975929348105679, 0.0002680108215966556]]	0.3000830075483593	[[-0.5198533030767057, 0.7076773908379788, -0.2267237300068096], [-0.7803300858899108, -0.42677669529663675, 0.4571067811865474], [0.22672373000680965, 0.41454781776808236, 0.7740832339010655]]
9	[[-0.30792515101507295, 0.09349718223056193, 0.9468053539599837], [0.3027085282091916, -0.9338174967034747, 0.1906631317268273], [0.9019698710720718, 0.34531602882779927, 0.2592434992682147]]	0.8691680905989587	0.13083190940104136	[[-0.26763871555516694, 0.08126476735572039, 0.8229330016702703], [0.263104593471604, -0.8116443705776587, 0.16571831015062422], [0.7839634306175016, 0.30013767342947323, 0.22532617725914675]]	0.8695365670361891	0.1258030621446907	[[-0.2965725445102439, 0.0812992188643198, 0.823281877133848], [0.26321613443159786, -0.8390877263677269, 0.17543860732658192], [0.7842957852620833, 0.30920862965117596, 0.2505374599552478]]	[[-0.028820365792497235, 0.0, 0.0], [0.0, -0.0270992660458595, 0.009650042304467822], [0.0, 0.008943715401681684, 0.025115757575115548]]	0.27731645786904324	[[-0.4534474600136192, 0.13281168612617322, 0.7740832339010655], [0.14644660940672619, -0.9571067811865475, 0.2499999999999999], [0.7740832339010655, 0.22672373000680957, 0.4145478177680824]]
9	[[-0.42203838922340475, -0.825029846081567, 0.3757783270710803], [0.2588054115689476, 0.28760896992378115, 0.9221175843470338], [-0.8688517462515349, 0.4864224845687207, 0.09214016247897017]]	0.8368747619277195	0.1631252380722805	[[-0.3531932765056951, -0.6904466560227744, 0.31447939800520697], [0.21658771719236847, 0.24069268823324097, 0.7716969338697878], [-0.7271200982947367, 0.40707470096973797, 0.07710977653856957]]	0.8703892244608905	0.21291466542444898	[[-0.29174863950087265, -0.6658438746244717, 0.34204861930253116], [0.25276382449598017, 0.22960424459948028, 0.8308375094534609], [-0.7736577357617829, 0.3905057743459405, 0.022089108440092573]]	[[0.07558902678801004, 0.05225321326355126, 0.014975212633922706], [0.027502383034202327, -0.020727503680475177, 0.02823630035189641], [-0.01741853817041899, -0.03287111475816778, -0.05810869612167872]]	0.32642865089682843	[[-0.13281168612617336, -0.7740832339010654, 0.4534474600136192], [0.25000000000000017, 0.45710678118654735, 0.8535533905932738], [-0.8679952777817017, 0.22672373000680976, 0.13281168612617336]]
9	[[0.8787972042104137, -0.3840163418041313, 0.28327887866788265], [-0.395223040501579, -0.9183905790867732, -0.018907472103605397], [0.2674214316928388, -0.09534250611366366, -0.9588511794847616]]	0.8458918757127125	0.15410812428728762	[[0.7433674154406344, -0.3248363036730308, 0.23962330202616916], [-0.3343159590547621, -0.7768591295805949, -0.01599367704270456], [0.2262096164604344, -0.08064945133163771, -0.8110844227437115]]	0.8560758679442001	0.2380501461563562	[[0.6993083614412967, -0.31789515494725656, 0.15240118924362106], [-0.35980635830528623, -0.8406053112639364, -0.02500646101155641], [0.13824280890602195, -0.05865059203958748, -0.8208493557067373]]	[[-0.05300871790006967, 0.010851968167471825, -0.09010702268224632], [-0.021465450876351166, -0.05439329916045041, -0.008820230419831664], [-0.0906902253373056, 0.02296982663364234, 0.0]]	0.3205541481414465	[[0.6482728950413386, -0.4583981601431655, 0.45839816014316537], [-0.5, -0.8535533905932737, -0.14644660940672619], [0.45839816014316537, -0.13426171262249617, -0.7825346076638349]]
9	[[0.22433838825039393, -0.7661379269479729, -0.6022499185961573], [-0.9416906372873723, -0.011392912655017143, -0.3362869982418849], [0.2507808429735371, 0.642575192824231, -0.724020780340167]]	0.8643248370877683	0.1356751629122318	[[0.19390124087705427, -0.662192038896067, -0.5205395627767453], [-0.813926606660485, -0.009847177374502926, -0.2906612049701518], [0.21675611124783561, 0.5553936988544448, -0.6257891430156737]]	0.8749781647381905	0.12117695096031206	[[0.17968052768636653, -0.717093826785129, -0.5061720316542488], [-0.8693757473505442, -0.009242687985776626, -0.32900088554646956], [0.24884712391511077, 0.5338620388036243, -0.6725916907687531]]	[[-0.0166106635452868, -0.046739869527869814, 0.020783496832741517], [-0.045417001785702175, 0.0007258618201328284, -0.03475710499946997], [0.029419362178628932, -0.02837722412001047, -0.03908931715440127]]	0.30910866238144535	[[0.13720943225093885, -0.7997151767023958, -0.46846230447666715], [-0.8535533905932738, 0.14644660940672602, -0.5], [0.46846230447666715, 0.46846230447666726, -0.6625057444514572]]
9	[[-0.3195682178843842, -0.5708200961323295, -0.7563336379995778], [0.910087742671785, 0.03735879733279218, -0.41272826520656647], [0.2638493031197415, -0.8202248094963509, 0.507557688474819]]	0.8572612051282903	0.14273879487170965	[[-0.27395343558426727, -0.48934192352184736, -0.6483754859905821], [0.7801829150552998, 0.032026247623653005, -0.3538159300214898], [0.22618777156468917, -0.7031469086649641, 0.43510951569405265]]	0.8601616582015746	0.1293712562135369	[[-0.2937153397124793, -0.4721625489154416, -0.6772059249381559], [0.8175152597137888, 0.03808692755430925, -0.3753355291669477], [0.22143640693968633, -0.737679308104382, 0.4177466514429333]]	[[-0.01883501150852525, 0.018835011508525255, -0.026636728722809744], [0.03469267786829827, 0.005952322492118142, -0.02032250018020821], [-0.005516647147120388, -0.032153375869930126, -0.01883501150852525]]	0.2557608290284778	[[-0.46340291158831914, -0.46340291158831926, -0.6553506824113814], [0.8535533905932738, -0.14644660940672602, -0.5], [0.1357275703826287, -0.7910782527940099, 0.46340291158831914]]
9	[[0.04673222253661188, -0.9725397674033924, -0.22799671093185395], [-0.8377629715199755, -0.16246744520517667, 0.5213036857710898], [-0.5440306084466285, 0.16664552219444034, -0.8223502702654952]]	0.8492906198920529	0.15070938010794704	[[0.03968923824705245, -0.8259689019277004, -0.19363546796066344], [-0.7115042334048084, -0.13798207725058262, 0.4427383304405408], [-0.46204009268788787, 0.14153047884675113, -0.6984143708021797]]	0.8571401808829036	0.13451659595608542	[[0.05858905909147086, -0.8521359055613402, -0.1692155314122641], [-0.7522166881453245, -0.14511425278708567, 0.4668269658247719], [-0.4717386822248725, 0.11120077430540311, -0.7234024528178505]]	[[0.01853299341337931, -0.018532993413379314, 0.026209610636572265], [-0.03413638319969387, -0.005856877416337319, 0.019996630308015597], [-0.005428188095093186, -0.031637798731665445, -0.01853299341337931]]	0.1657439558955781	[[0.13281168612617336, -0.8679952777817017, -0.2267237300068096], [-0.8535533905932738, -0.2500000000000001, 0.4571067811865474], [-0.4534474600136192, 0.13281168612617322, -0.7740832339010655]]
