9	[[0.04673222253661188, -0.9725397674033924, -0.22799671093185395], [-0.8377629715199755, -0.16246744520517667, 0.5213036857710898], [-0.5440306084466285, 0.16664552219444034, -0.8223502702654952]]	0.7972782462804628	0.20272175371953718	[[0.0372585844287782, -0.775384800193386, -0.1817768178494621], [-0.6679301927321555, -0.12953175979085044, 0.415624088371116], [-0.4337437694252212, 0.1328628496856754, -0.6556419813055386]]	0.8123426587940098	0.17591215430483514	[[0.07066121392644442, -0.8227341764550796, -0.1389685998245106], [-0.7439390172713569, -0.14285496946188253, 0.46060929744044854], [-0.4515164796854765, 0.07955320329076758, -0.7007288410271449]]	[[0.032698636019699835, -0.03269863601969984, 0.04624285453016092], [-0.06338841754764975, -0.010875733056439308, 0.037132075302044536], [-0.009577208754619393, -0.05582006328478031, -0.032698636019699835]]	0.2069016026714787	[[0.12436057209252013, -0.8127627354718571, -0.21229677593137938], [-0.8535533905932738, -0.2500000000000001, 0.4571067811865474], [-0.42459355186275877, 0.12436057209252, -0.7248265316329978]]
9	[[-0.5446221603179724, 0.8109226453022452, -0.2139887049042392], [-0.8354447797583356, -0.5021691245819775, 0.22328947644507607], [0.07361197229480154, 0.30038414347728, 0.9509735242804028]]	0.8214189686415699	0.17858103135842998	[[-0.4473629732277328, 0.666107242952264, -0.17577438128338543], [-0.6862501893460756, -0.412491244397768, 0.1834142114500305], [0.060466270362067726, 0.24674123333138867, 0.7811476915198475]]	0.8642716145286616	0.16118374622994422	[[-0.48586931748610435, 0.6856895802332218, -0.13780999151616916], [-0.7614126210599109, -0.4462646251418521, 0.2074699362500247], [0.054266115022807884, 0.2218337398206622, 0.8378701820946224]]	[[-0.015167843680002792, -0.01516784368000279, 0.04713437196231503], [-0.039361412408632224, -0.012254105072941925, 0.014487179935579284], [-0.009354623121059348, -0.03777974884125567, 0.01597075889078734]]	0.3317386980259998	[[-0.48677383790901874, 0.6626462455867378, -0.21229677593137938], [-0.7803300858899108, -0.42677669529663675, 0.4571067811865474], [0.21229677593137944, 0.3881691836090982, 0.7248265316329978]]
9	[[0.08740825448676931, -0.06334395238859675, -0.994156597696443], [0.7119981850616444, -0.6940087028176986, 0.10681996481098455], [-0.6967197295301035, -0.717174639895393, -0.015561310176609944]]	0.8857764469870903	0.11422355301290965	[[0.07742417309663392, -0.05610858108489067, -0.8806004988563298], [0.6306712226251602, -0.6147365629599805, 0.09461860889755992], [-0.6171379265689818, -0.6352564043957872, -0.013783842038701605]]	0.9407052100599415	0.09402478741347098	[[0.07052757148214606, -0.05998976197912802, -0.9030027290486344], [0.676788253755521, -0.6591737421794953, 0.10725757567825919], [-0.6479641970215103, -0.6687524778131052, 0.0]]	[[-0.011697828915803078, -0.00040177594138619474, 0.03220556201987468], [0.007007851514809778, -0.006316139611944708, 0.006771478242146397], [0.007443682499011485, 0.00589744245935322, 0.014638605558495763]]	0.1368936075170371	[[0.0, 0.0, -0.946966168], [0.7071067811865475, -0.7071067811865476, 0.0], [-0.6696061989470394, -0.6696061989470393, 0.0]]
9	[[0.8592155572171323, 0.2624339665249735, -0.4391776855101157], [-0.4266000482917053, 0.8413623931712975, -0.33184593135155627], [0.2824199444684594, 0.4724804086637203, 0.8348660002631537]]	0.8205712991742545	0.17942870082574533	[[0.7050476260563935, 0.21534578085885037, -0.3603766039673778], [-0.3500557558545244, 0.6903978320409317, -0.272303247014837], [0.2317457007452046, 0.3877038627715717, 0.6850670784723497]]	0.8456795604049409	0.19273498990775634	[[0.7411655598016231, 0.16209935405851658, -0.3411275256290997], [-0.35462654226007123, 0.752465018922466, -0.38796287559404957], [0.2631773162983934, 0.39380834363155226, 0.7152712721538069]]	[[0.014544525081152282, -0.05983568738764797, 0.030276066392754267], [0.006140399047984646, 0.04094204012411416, -0.10732755424649729], [0.02434054181071886, -0.0057586806671295855, 0.009242160054231986]]	0.2653687686668218	[[0.6626462455867377, 0.3624132658164989, -0.38816918360909825], [-0.573223304703363, 0.7803300858899106, -0.2499999999999999], [0.21229677593137944, 0.3881691836090982, 0.7248265316329978]]
9	[[-0.3195682178843842, -0.5708200961323295, -0.7563336379995778], [0.910087742671785, 0.03735879733279218, -0.41272826520656647], [0.2638493031197415, -0.8202248094963509, 0.507557688474819]]	0.7986596451030576	0.20134035489694246	[[-0.255226239481759, -0.4558909753947395, -0.6040531549042472], [0.7268503535748906, 0.029836963819284856, -0.3296294098138771], [0.21072579079030185, -0.6550804552570786, 0.4053658433466271]]	0.822294048138575	0.19285901896090568	[[-0.29322684542148636, -0.492770898971307, -0.6204487849660174], [0.7857724519696779, 0.007343515057066419, -0.30908900825138375], [0.18488992711520497, -0.6619373240935923, 0.4365690236590465]]	[[-0.03044780188090595, -0.023388931363803094, 0.0014798639680309728], [0.03741271788679816, -0.023376401635303922, 0.03029498772653515], [-0.03207178444566921, 0.012528654890853539, 0.019207357339229868]]	0.28036567764156806	[[-0.44030175735827254, -0.44030175735827265, -0.6226807167927769], [0.8535533905932738, -0.14644660940672602, -0.5], [0.12896139896188433, -0.7516421157546611, 0.44030175735827254]]
9	[[-0.30792515101507295, 0.09349718223056193, 0.9468053539599837], [0.3027085282091916, -0.9338174967034747, 0.1906631317268273], [0.9019698710720718, 0.34531602882779927, 0.2592434992682147]]	0.8316303411172516	0.16836965888274846	[[-0.25607989837724643, 0.07775509355190408, 0.7873920594853814], [0.25174159657371115, -0.7765909633247686, 0.1585612452764649], [0.7501055115571506, 0.2871752868473174, 0.21559475972885542]]	0.8520362597735407	0.25906505541423985	[[-0.25905000574469467, 0.07988237503340676, 0.7461519938493927], [0.24340026299289308, -0.8497656492684905, 0.11929754407743291], [0.682624017901553, 0.2663408392902041, 0.17916763071128794]]	[[0.0033133882163907304, 0.00021938558631363556, -0.06056049867223512], [-0.014518379184019891, -0.05411928206617138, -0.04315435755580293], [-0.0858870174751176, -0.027880938352086167, -0.041717230775806344]]	0.30347053592048673	[[-0.42459355186275877, 0.12436057209252, 0.7248265316329978], [0.14644660940672619, -0.9571067811865475, 0.2499999999999999], [0.7248265316329978, 0.21229677593137936, 0.38816918360909825]]
9	[[0.22433838825039393, -0.7661379269479729, -0.6022499185961573], [-0.9416906372873723, -0.011392912655017143, -0.3362869982418849], [0.2507808429735371, 0.642575192824231, -0.724020780340167]]	0.8071451803889497	0.19285481961105033	[[0.18107364885253047, -0.6183845352492375, -0.48610311918452564], [-0.7600810593039011, -0.009195734540089378, -0.2714324298584046], [0.20241654873996845, 0.5186514699255781, -0.5843898833530122]]	0.8189053401885209	0.1743022932831067	[[0.17219425902549393, -0.6945241949411521, -0.4538619742842283], [-0.8473870239425577, -0.02240898018875791, -0.32004261641507736], [0.24468947171027536, 0.4868845566941643, -0.6485165935484781]]	[[-0.011517645122039321, -0.06712975524249457, 0.03932370018226693], [-0.07623153226239705, -0.013079263175263015, -0.044655397718830044], [0.03932370018226693, -0.039323700182266934, -0.055612110120455256]]	0.3258874922216728	[[0.13132525352534047, -0.7654196698112637, -0.44837246166830197], [-0.8535533905932738, 0.14644660940672602, -0.5], [0.44837246166830197, 0.4483724616683021, -0.6340944162859236]]
9	[[0.8787972042104137, -0.3840163418041313, 0.28327887866788265], [-0.395223040501579, -0.9183905790867732, -0.018907472103605397], [0.2674214316928388, -0.09534250611366366, -0.9588511794847616]]	0.8072390983748462	0.19276090162515389	[[0.7093994627811501, -0.30999300551917375, 0.22867378660449905], [-0.31903949087145994, -0.7413607830179596, -0.01526285073346198], [0.21587303540583772, -0.07696419867199211, -0.7740221616029369]]	0.8498959514848624	0.24527067213730377	[[0.6944898474404746, -0.31512635462243427, 0.1473549924568192], [-0.3597834349761449, -0.840503599892232, -0.025274937313714357], [0.1341741177307978, -0.056194675177611925, -0.8149237355205842]]	[[-0.05239633859417214, 0.01124757958092405, -0.09340257966418583], [-0.023884972920315096, -0.05996716484454492, -0.009205553320047157], [-0.09310627440523159, 0.024836534772811558, 0.0]]	0.3375581478309767	[[0.6114724638905069, -0.4323763257258237, 0.4323763257258236], [-0.5, -0.8535533905932737, -0.14644660940672619], [0.4323763257258236, -0.12664009378057026, -0.7381125576710772]]
9	[[0.034229894132735264, 0.2773841392786001, 0.9601491309293217], [-0.1827544195208179, -0.9427759796974285, 0.2788803941677556], [0.9825625356654255, -0.18501754344446375, 0.018422055382213542]]	0.879677387760278	0.12032261223972186	[[0.030111263853995426, 0.24400855504673205, 0.844621479356207], [-0.16076493036571907, -0.8293387110633711, 0.24532477663904792], [0.8643380446852766, -0.16275574930704964, 0.016205465555800772]]	0.9243861252997255	0.12463444871318026	[[0.00959174137887476, 0.23961257718988913, 0.8705754297062699], [-0.16437131303520675, -0.8271791583389467, 0.25285510676364104], [0.9042432014472467, -0.16230441540384652, 0.0]]	[[-0.02204989782790421, -0.016797472537455452, -0.01697310514338479], [0.004564336707042638, 0.04430987655921188, -0.004938060223150713], [-0.004023973761189445, 0.008723234693254978, -0.017029092394821338]]	0.22066416253009957	[[-0.062180286046259976, 0.238052693723979, 0.8127627354718571], [-0.2803300858899109, -0.9267766952966368, 0.25000000000000017], [0.8127627354718571, -0.21229677593137952, 0.12436057209252013]]
9	[[-0.42203838922340475, -0.825029846081567, 0.3757783270710803], [0.2588054115689476, 0.28760896992378115, 0.9221175843470338], [-0.8688517462515349, 0.4864224845687207, 0.09214016247897017]]	0.7825998315124648	0.2174001684875352	[[-0.33028717229802856, -0.6456682185361893, 0.2940840554518633], [0.2025410714883725, 0.22508273140382462, 0.7216490661446696], [-0.6799632302257621, 0.38067415446735536, 0.07210887563157321]]	0.8580630864038953	0.23203395826174253	[[-0.2850748829775967, -0.6448458939984032, 0.33867282244901714], [0.2575250013619904, 0.23305823767572223, 0.8305568020753907], [-0.7495998748114264, 0.38040461390161745, 0.02275215189722279]]	[[0.07706067986036647, 0.06308176210567686, 0.016231311318713505], [0.03545363113310881, -0.013728402734522582, 0.03932174162327052], [-0.0040702637954203235, -0.03697656450367019, -0.05630992030123873]]	0.3469897925692129	[[-0.12436057209252013, -0.7248265316329977, 0.42459355186275877], [0.25000000000000017, 0.45710678118654735, 0.8535533905932738], [-0.8127627354718571, 0.21229677593137952, 0.12436057209252013]]
9	[[0.8489524140446696, -0.5135124485683378, 0.12483895166604869], [0.522794976890395, 0.7815435453534784, -0.34040431673891397], [0.0772347773085365, 0.35425224329800037, 0.9319550081910795]]	0.8457539538778879	0.15424604612211232	[[0.718004860832457, -0.43430518374218713, 0.10558303696953122], [0.4421559187725506, 0.6609935436104468, -0.28789829679903733], [0.06532161828557292, 0.29961023543939524, 0.7882046330139046]]	0.9042893249527908	0.15578042194423514	[[0.7590084812627165, -0.4716776630694628, 0.05528197916396916], [0.5010776022036152, 0.6739069853793237, -0.2861805762887496], [0.019252470494368547, 0.2844148483514961, 0.8427569652434838]]	[[-0.00869012415077999, -0.007313837598745925, -0.05760855216593608], [0.028319685462689953, -0.032834499669584086, 0.021643413506098996], [-0.050590114140847076, -0.03593167360346448, 0.0]]	0.36984040088145514	[[0.6626462455867377, -0.3624132658164989, 0.38816918360909825], [0.573223304703363, 0.7803300858899106, -0.2499999999999999], [-0.21229677593137944, 0.3881691836090982, 0.7248265316329978]]
9	[[0.3802729664721569, 0.7767473726770865, -0.5020517802076895], [0.4287143634067757, 0.332951791095048, 0.839849450446521], [0.8195098935212374, -0.5346088512602871, -0.20639019011321075]]	0.7978235576200519	0.20217644237994828	[[0.3033907309775469, 0.6197073522412615, -0.40054873739477914], [0.3420384186160096, 0.26563678248741956, 0.6700516764204888], [0.6538242987539435, -0.4265235356476514, -0.1646629557340007]]	0.8615658179116644	0.2275996497932003	[[0.3429720959646766, 0.6149236246887577, -0.4325506526486451], [0.4059370196551743, 0.3013724261193722, 0.7188955265687533], [0.6681940606154566, -0.4431088760747589, -0.08441989839973525]]	[[0.015341906576397786, -0.05429536076251275, 4.0685095088768325e-18], [0.036571378496137064, 0.014512543899413644, -0.0046900521278655585], [-0.037867651082869186, 0.01749183612412569, 0.09339883455409706]]	0.36644774090278853	[[0.12436057209252013, 0.7248265316329977, -0.42459355186275877], [0.25000000000000017, 0.45710678118654735, 0.8535533905932738], [0.8127627354718571, -0.21229677593137952, -0.12436057209252013]]
9	[[-0.8305561570912853, 0.32773595720904825, 0.4502950280316503], [-0.5100865793185324, -0.772219296347621, -0.37879947194723407], [0.22358030216652452, -0.5443036842615101, 0.808545204538665]]	0.8151346318452906	0.1848653681547095	[[-0.6770150873374441, 0.26714892882206137, 0.367051071896344], [-0.4157892360420355, -0.6294626918321474, -0.3087725681088991], [0.18224804729436878, -0.44368078328254135, 0.6590731976318998]]	0.8227444002671973	0.17185050093293186	[[-0.6924045763994697, 0.2787120726051264, 0.37011727184110643], [-0.43397339832237997, -0.6635422012575687, -0.31165514436875813], [0.18734556521115484, -0.4387536592257898, 0.6780517529759479]]	[[-0.009069149045172219, 0.009069149045172226, -0.00036044094009445374], [-0.014302521536607877, -0.028203099409288078, -2.565591877477326e-18], [0.003396123593598888, 0.009069149045172224, 0.012825713578865562]]	0.39895639401864774	[[-0.6457173281934049, 0.456591101495216, 0.45659110149521587], [-0.7071067811865475, -0.5000000000000001, -0.5], [0.0, -0.6457173281934048, 0.6457173281934049]]
9	[[0.5319609947059123, -0.8460851799387872, 0.03402011756955908], [-0.703274286200726, -0.4190807785627857, 0.5742617690636116], [-0.47161719485230363, -0.3294103357928521, -0.8179645788128509]]	0.8167506718347374	0.18324932816526274	[[0.4344794998159291, -0.6910406391444189, 0.027785953880834133], [-0.5743997457385382, -0.34228450744418, 0.4690286856917096], [-0.38519366074443323, -0.2690461130681184, -0.668073119282414]]	0.8568550773848225	0.18805167801503472	[[0.513008146030581, -0.7050575121334558, 0.006321985132990203], [-0.5985862119355042, -0.38952681656482935, 0.5653517808453666], [-0.36793231458940245, -0.3648078753374144, -0.699940101018866]]	[[0.05719466674613942, 0.019914870197145083, -0.022828325339715103], [0.004017930989774471, -0.030435323618921865, 0.07329266827522063], [0.03617527340178116, -0.08255095657026974, 0.0009370014578633172]]	0.3164049312981375	[[0.6457173281934049, -0.6457173281934048, 0.0], [-0.5, -0.5000000000000001, 0.7071067811865475], [-0.45659110149521587, -0.456591101495216, -0.6457173281934049]]
