9	[[-0.3195682178843842, -0.5708200961323295, -0.7563336379995778], [0.910087742671785, 0.03735879733279218, -0.41272826520656647], [0.2638493031197415, -0.8202248094963509, 0.507557688474819]]	0.6813823325360208	0.31861766746397924	[[-0.217748137706441, -0.38894672856108226, -0.5153523784356068], [0.6201177089141429, 0.0254556244673584, -0.2812257480499956], [0.17978225359773303, -0.558886693898537, 0.34584084166956314]]	0.7526684283105441	0.2753963541152885	[[-0.29005969328934944, -0.4446060837599509, -0.5461143273377509], [0.76109861355663, 0.012525505454323016, -0.3383734348259345], [0.19159783164506278, -0.5830060459713614, 0.3914082143262988]]	[[-0.049530784996308516, -0.014967819155956772, 0.023154123253787233], [0.07610430265516657, -0.015593281817721884, -0.027725900133570767], [-0.006993208644905411, 0.03435127225357261, 0.009385566665023937]]	0.36647230726739216	[[-0.37299263335537736, -0.3729926333553774, -0.5274912407564301], [0.8535533905932738, -0.14644660940672602, -0.5], [0.10924701297716251, -0.6367382537335924, 0.37299263335537736]]
9	[[0.04673222253661188, -0.9725397674033924, -0.22799671093185395], [-0.8377629715199755, -0.16246744520517667, 0.5213036857710898], [-0.5440306084466285, 0.16664552219444034, -0.8223502702654952]]	0.6722993827733749	0.32770061722662513	[[0.03141804436699221, -0.6538378853478624, -0.15328204803384496], [-0.5632275286632679, -0.10922676313220742, 0.3504721461813891], [-0.365751442268492, 0.11203568171326894, -0.5528655791230104]]	0.7637874200208663	0.38900622207066893	[[-0.010243249372670262, -0.8082997265206326, -0.12761592727227053], [-0.6878583004582138, -0.14902409918129428, 0.273156731856998], [-0.27418364737857687, 0.03283822867180315, -0.5883675834915824]]	[[-0.04593673305575017, -0.06548608670790206, 0.04652509234361344], [-0.04798548185195714, -0.02493350837065085, -0.125008465345471], [0.14134008745925564, -0.09444352478311846, 0.03973320778796246]]	0.3444026172948214	[[0.10047240214184981, -0.6566407908085679, -0.17151711901845343], [-0.8535533905932738, -0.2500000000000001, 0.4571067811865474], [-0.34303423803690686, 0.1004724021418497, -0.5855960739319641]]
9	[[0.3802729664721569, 0.7767473726770865, -0.5020517802076895], [0.4287143634067757, 0.332951791095048, 0.839849450446521], [0.8195098935212374, -0.5346088512602871, -0.20639019011321075]]	0.6837954543443955	0.31620454565560474	[[0.2600289258837196, 0.5311363226105438, -0.34330072515152954], [0.29315293290970446, 0.22767092126661864, 0.5742852365489697], [0.5603771399800817, -0.36556310234406336, -0.14112867382068908]]	0.8197688269520124	0.2871428527424548	[[0.3472751925805355, 0.5422270787466931, -0.41893978705633345], [0.4076882086341674, 0.29473959177523923, 0.7143969276474462], [0.6121686950663012, -0.4189397870563334, -0.07390447832297807]]	[[0.035539268934093496, -0.09452620379085963, -0.007373388126306293], [0.056241537846716004, 0.021796092557680277, 0.02591452883860933], [-0.05963996902117205, 0.019315883819474963, 0.09528776572053152]]	0.39911963487051133	[[0.42290657088050004, 0.42290657088050015, -0.598080208155902], [0.5, 0.5000000000000001, 0.7071067811865475], [0.598080208155902, -0.5980802081559019, 0.0]]
9	[[-0.5446221603179724, 0.8109226453022452, -0.2139887049042392], [-0.8354447797583356, -0.5021691245819775, 0.22328947644507607], [0.07361197229480154, 0.30038414347728, 0.9509735242804028]]	0.7221377793291048	0.2778622206708952	[[-0.3932922374254402, 0.5855978782862468, -0.15452932816105847], [-0.6033062380067775, -0.36263529647326975, 0.16124576666760568], [0.053157986205003574, 0.2169187383163582, 0.6867339090246225]]	0.8169602444402653	0.21659408240106806	[[-0.45539173766924357, 0.6520344780799814, -0.10375223884588884], [-0.7561823239745691, -0.4318463862371506, 0.19531054459110336], [0.05430192855842317, 0.17952949146228273, 0.787364647300626]]	[[-0.010457084448287537, -0.010457084448287536, 0.0710680258201342], [-0.07365715248685553, -0.02159417546830431, 0.01289191933359517], [-0.00583612632126793, -0.06587241181889568, 0.010457084448287537]]	0.4055256361701933	[[-0.6503126716284254, 0.6503126716284253, 0.0], [-0.7071067811865475, -0.7071067811865476, 0.0], [0.0, 0.0, 0.9196810000000002]]
9	[[0.08740825448676931, -0.06334395238859675, -0.994156597696443], [0.7119981850616444, -0.6940087028176986, 0.10681996481098455], [-0.6967197295301035, -0.717174639895393, -0.015561310176609944]]	0.7758802317949823	0.2241197682050176	[[0.06781833675198937, -0.04914732046207477, -0.7713464514612274], [0.5524253168632354, -0.5384676332099312, 0.08287949905787856], [-0.5405710652439542, -0.5564416258395206, -0.012073712946861742]]	0.9094099654485535	0.15311940132534613	[[0.054445935151600115, -0.05444593515160013, -0.8451774143734468], [0.6824483508709563, -0.6705980264227956, 0.09103450408345173], [-0.6116746016340596, -0.6218787461048095, 0.0]]	[[-0.025044002541131132, 0.00315968640148846, 0.05891850278812699], [0.03495010599461364, -0.03945959597235687, -0.006108636424521403], [0.021929263525237497, 0.030327018383038605, 0.014151610550045072]]	0.17961665320828102	[[0.0, 0.0, -0.8819740790000002], [0.7071067811865475, -0.7071067811865476, 0.0], [-0.62364985209166, -0.6236498520916599, 0.0]]
9	[[0.8787972042104137, -0.3840163418041313, 0.28327887866788265], [-0.395223040501579, -0.9183905790867732, -0.018907472103605397], [0.2674214316928388, -0.09534250611366366, -0.9588511794847616]]	0.6981602671739132	0.3018397328260871	[[0.6135412908832304, -0.26810495179312105, 0.1977740576154955], [-0.27592902354986876, -0.6411838120652262, -0.013200445775436467], [0.18670301819870275, -0.06656434954134588, -0.669431795649103]]	0.8302197371103822	0.2789661818888708	[[0.657052874219773, -0.2693885701907144, 0.17082530462691506], [-0.3182425698795033, -0.8544627694575889, -0.033115385926205144], [0.16117699716908568, -0.05374866596263542, -0.7560221545977079]]	[[-0.07254190963313539, 0.049429376148002135, -0.06435841154965834], [0.009879398905683578, -0.09199678432351659, -0.017418029406927993], [-0.060841553548624965, 0.025406564398495438, 0.040035019562110544]]	0.4143132772164897	[[0.5058640998854165, -0.357699935387807, 0.3576999353878069], [-0.5, -0.8535533905932737, -0.14644660940672619], [0.3576999353878069, -0.10476788544509874, -0.6106319853305152]]
9	[[-0.30792515101507295, 0.09349718223056193, 0.9468053539599837], [0.3027085282091916, -0.9338174967034747, 0.1906631317268273], [0.9019698710720718, 0.34531602882779927, 0.2592434992682147]]	0.7281707487863016	0.2718292512136984	[[-0.22422208778478067, 0.06808191319423759, 0.6894359635479207], [0.22042349565008626, -0.679978585804319, 0.13883531539546512], [0.6567880764012346, 0.25144903127945073, 0.18877353298011695]]	0.8328130763284803	0.2784302970712625	[[-0.23815589707595514, 0.07389285377274904, 0.7294951523902687], [0.2465300246201948, -0.8488060248894727, 0.11848452064074047], [0.6674969113311372, 0.25417727037610577, 0.16426304330320612]]	[[0.018288195219819593, -0.003972822188729773, -0.05901672712542097], [-0.005569595988568651, -0.07111060273049122, -0.04030222863510088], [-0.0836753917519978, -0.03340643389750794, -0.051638332840515895]]	0.40655204765811925	[[-0.34303423803690686, 0.1004724021418497, 0.5855960739319641], [0.14644660940672619, -0.9571067811865475, 0.2499999999999999], [0.5855960739319641, 0.1715171190184534, 0.3136065527716609]]
9	[[0.5319609947059123, -0.8460851799387872, 0.03402011756955908], [-0.703274286200726, -0.4190807785627857, 0.5742617690636116], [-0.47161719485230363, -0.3294103357928521, -0.8179645788128509]]	0.7044034961304481	0.29559650386955205	[[0.3747151844758754, -0.5959853587730408, 0.023963889754766307], [-0.4953888659384367, -0.29520196558069633, 0.40451199782246394], [-0.33220880088919746, -0.2320377921939899, -0.5761771090266415]]	0.7820711134773918	0.26359249789901695	[[0.4429103989205747, -0.6426463136308996, 0.005134673273717041], [-0.6078922927106841, -0.3814276839811516, 0.5453272055871847], [-0.316699664364278, -0.3094381397822328, -0.639706468937232]]	[[0.026879071464380875, 0.019052465140547134, -0.021471477954539818], [-0.05788178862166456, -0.05367671285358147, 0.09621366442810912], [0.052138520348947184, -0.05181583167775526, 8.475566937638198e-18]]	0.3695982703055109	[[0.5735589196215101, -0.57355891962151, 0.0], [-0.5, -0.5000000000000001, 0.7071067811865475], [-0.40556740147439957, -0.4055674014743997, -0.5735589196215101]]
9	[[0.034229894132735264, 0.2773841392786001, 0.9601491309293217], [-0.1827544195208179, -0.9427759796974285, 0.2788803941677556], [0.9825625356654255, -0.18501754344446375, 0.018422055382213542]]	0.8469969432486636	0.15300305675133652	[[0.028992615698152143, 0.23494351807463587, 0.8132433789599965], [-0.15479243469931664, -0.798528372971986, 0.23621084139207155], [0.8322274642592715, -0.1567092937448376, 0.015603424597092463]]	0.906024229692821	0.14271478716075245	[[0.009092705258988004, 0.22963024892129638, 0.8387566866145661], [-0.16578019700525118, -0.8259649036376095, 0.2543776929617403], [0.8708806428344421, -0.15584247997512637, 0.0]]	[[-0.021920408205090277, -0.0216865021976035, -0.031161690125904182], [-0.00020026483594351267, 0.028212977140647924, 0.001705298659469231], [-0.019344821666850157, 0.01178789730380196, -0.016690828537028513]]	0.3508874691717255	[[-0.05023620107092483, 0.19232563482413245, 0.6566407908085679], [-0.2803300858899109, -0.9267766952966368, 0.25000000000000017], [0.6566407908085679, -0.17151711901845354, 0.10047240214184981]]
9	[[-0.8305561570912853, 0.32773595720904825, 0.4502950280316503], [-0.5100865793185324, -0.772219296347621, -0.37879947194723407], [0.22358030216652452, -0.5443036842615101, 0.808545204538665]]	0.6763417703569379	0.3236582296430622	[[-0.5617398216679751, 0.2216615175083933, 0.3045533364418533], [-0.3449928600916109, -0.5222841659955387, -0.2561979054670655], [0.1512166973842463, -0.3681353174252334, 0.5468528950512931]]	0.7736286056822251	0.3804304437161379	[[-0.6116355307808193, 0.242887420559563, 0.19764476679461285], [-0.5668703550855118, -0.625593454171132, -0.3040914678671257], [0.17794667347430956, -0.2726595908380151, 0.5911442766640428]]	[[0.03090647097049892, -0.010658491048002395, -0.15071634788715121], [-0.1722527859500998, -0.02818251665681275, -0.011041360551423837], [0.004978556051210616, 0.1484293094849151, -0.03436942255425415]]	0.4498903112254287	[[-0.5735589196215101, 0.4055674014743997, 0.40556740147439957], [-0.7071067811865475, -0.5000000000000001, -0.5], [0.0, -0.57355891962151, 0.5735589196215101]]
9	[[0.8489524140446696, -0.5135124485683378, 0.12483895166604869], [0.522794976890395, 0.7815435453534784, -0.34040431673891397], [0.0772347773085365, 0.35425224329800037, 0.9319550081910795]]	0.7649360154514943	0.235063984548506	[[0.6493942769072565, -0.3928041662926046, 0.09549381026056895], [0.3999047065205946, 0.5978308054845239, -0.2603875216887532], [0.059079662808675396, 0.27098029945312563, 0.712885950545749]]	0.8838336008117683	0.1941110331144984	[[0.7183039707533898, -0.4582640571957509, 0.05476253942551804], [0.5056575696312287, 0.669135439202718, -0.29312014035418704], [0.02277393687000164, 0.2680562726485921, 0.802578991297564]]	[[-0.032028698269553554, -0.004404500715928989, -0.0555743207470521], [0.043593802719885666, -0.021619006678242233, 0.007740632641036957], [-0.045488754466497236, -0.04504376314112616, -0.021114159386518838]]	0.4403326112335181	[[0.6781154031578992, -0.6781154031578991, 0.0], [0.7071067811865475, 0.7071067811865476, 0.0], [0.0, 0.0, 0.9590000000000001]]
9	[[0.8592155572171323, 0.2624339665249735, -0.4391776855101157], [-0.4266000482917053, 0.8413623931712975, -0.33184593135155627], [0.2824199444684594, 0.4724804086637203, 0.8348660002631537]]	0.7040675833395298	0.2959324166604703	[[0.604945820937594, 0.1847712485974452, -0.30921077169375527], [-0.3003552650532677, 0.5923759868728787, -0.23364196292774567], [0.1988427277887924, 0.33265813950313894, 0.587802087217618]]	0.7877839246498993	0.27562892873929934	[[0.6859092842342606, 0.16383368384858887, -0.28013570754045464], [-0.34024917254540216, 0.7426704797619852, -0.4047691897255584], [0.21018979956097647, 0.37550595548208054, 0.6553852883434104]]	[[0.009033080449498005, -0.042907576261895064, 0.06584141316936358], [-0.004180512246325973, 0.07985871161666883, -0.14334629954632833], [-0.012296092691793103, 0.003293484824786643, -0.0023087259006607376]]	0.3853674414375851	[[0.5353598728610393, 0.29279803696598206, -0.3136065527716609], [-0.573223304703363, 0.7803300858899106, -0.2499999999999999], [0.17151711901845346, 0.31360655277166083, 0.5855960739319641]]
9	[[0.22433838825039393, -0.7661379269479729, -0.6022499185961573], [-0.9416906372873723, -0.011392912655017143, -0.3362869982418849], [0.2507808429735371, 0.642575192824231, -0.724020780340167]]	0.6685933287103726	0.33140667128962753	[[0.1499911497578508, -0.5122347068294093, -0.4026602777897557], [-0.6296080777993562, -0.007617225395724486, -0.22483924355656104], [0.1676703985804704, 0.42962148711706216, -0.48407546358311376]]	0.7568048626960552	0.41349985536405653	[[0.20458937960365464, -0.5134654825920444, -0.3703914623298633], [-0.818896300774989, 0.05340355457781573, -0.2032241758100741], [0.17188967862370866, 0.3703914623298633, -0.4263194997176669]]	[[0.034808996486360884, 0.06635142601805653, 0.08539420462201185], [-0.10622024732055854, 0.06202576627540424, 0.05127945972084413], [-0.017902482809679994, -0.11591256824736995, 0.12162294753676392]]	0.38844429113845563	[[0.11391763605543535, -0.6639606399724634, -0.3889391380139492], [-0.8535533905932738, 0.14644660940672602, -0.5], [0.3889391380139492, 0.3889391380139493, -0.5500430039170282]]
9	[[-0.42203838922340475, -0.825029846081567, 0.3757783270710803], [0.2588054115689476, 0.28760896992378115, 0.9221175843470338], [-0.8688517462515349, 0.4864224845687207, 0.09214016247897017]]	0.673483928863698	0.32651607113630204	[[-0.2842360725054852, -0.5556443421688257, 0.25308066409765895], [0.1743012853946412, 0.19370001904070935, 0.6210313735803428], [-0.5851576876655685, 0.3275977259949836, 0.062054918632476315]]	0.8201452001651338	0.2972434505903332	[[-0.2637157091018512, -0.5820974326591489, 0.31464708990228474], [0.2630475692152192, 0.2350182864458032, 0.8289680121853386], [-0.6774445030853451, 0.3492427967021686, 0.02370753572050732]]	[[0.08241705010514867, 0.09454683559762735, 0.006454298628854503], [0.05078955314018488, -0.0008628297616242448, 0.07269770139525085], [0.035140086257946006, -0.04969426926926657, -0.05186077627905562]]	0.43603759508063533	[[-0.10047240214184981, -0.5855960739319641, 0.34303423803690686], [0.25000000000000017, 0.45710678118654735, 0.8535533905932738], [-0.6566407908085679, 0.17151711901845354, 0.10047240214184981]]
