9	[[0.22433838825039393, -0.7661379269479729, -0.6022499185961573], [-0.9416906372873723, -0.011392912655017143, -0.3362869982418849], [0.2507808429735371, 0.642575192824231, -0.724020780340167]]	0.5035020435056337	0.4964979564943663	[[0.11295483692083355, -0.38575201182547425, -0.3032340647142667], [-0.47414316022431446, -0.005736354803282356, -0.1693211908191645], [0.12626866690924138, 0.3235379226930269, -0.36454594244181765]]	0.6939452049744966	0.495003973415658	[[0.18342725312740576, -0.4237818046736893, -0.3322147681842377], [-0.8162105262823302, 0.04708143923455904, -0.20329124438466892], [0.1442483611518157, 0.3322147681842376, -0.35551149947608784]]	[[0.027748704309338013, 0.10787593608095768, 0.08571367502184668], [-0.1627288239673802, 0.05498749634220135, 0.030073505540554116], [-0.02977980232913259, -0.11369720571170011, 0.1469192493428644]]	0.5108300363484903	[[0.08753215915101438, -0.5101748106833721, -0.29885348491719316], [-0.8535533905932738, 0.14644660940672602, -0.5], [0.29885348491719316, 0.2988534849171932, -0.42264265153235786]]
9	[[0.034229894132735264, 0.2773841392786001, 0.9601491309293217], [-0.1827544195208179, -0.9427759796974285, 0.2788803941677556], [0.9825625356654255, -0.18501754344446375, 0.018422055382213542]]	0.7610136717011736	0.23898632829882657	[[0.026049417415895317, 0.21109312230407723, 0.730686615509214], [-0.1390786118191543, -0.717465409901211, 0.2122317927310743], [0.7477435229427609, -0.14080088006580277, 0.014019436006700692]]	0.8707845323525596	0.19886658752182895	[[0.009214534470600852, 0.21173796850249352, 0.7827281421949897], [-0.16830859553765898, -0.8237152857651507, 0.25728035240717967], [0.812049220091298, -0.1447674097305051, 0.0]]	[[-0.020592327884250642, -0.029803849501239536, -0.05335486977001636], [-0.009168873799860082, -0.0027605451710994086, 0.014435618789513095], [-0.04355103803526475, 0.016343005314801633, -0.01604164088097377]]	0.3749889786415478	[[0.0, 0.0, 0.9178], [0.0, -1.0, 0.0], [0.9178, 0.0, 0.0]]
9	[[0.5319609947059123, -0.8460851799387872, 0.03402011756955908], [-0.703274286200726, -0.4190807785627857, 0.5742617690636116], [-0.47161719485230363, -0.3294103357928521, -0.8179645788128509]]	0.5723169621763746	0.4276830378236255	[[0.30445030048641014, -0.4842288999250179, 0.019470290340293166], [-0.4024958030551578, -0.23984703809356345, 0.32865975116451696], [-0.2699145202680137, -0.18852712269046462, -0.4681350029140485]]	0.711054468052923	0.47896928747593315	[[0.4298174535733055, -0.5560182879376189, 0.08039618186145152], [-0.5274659078662836, -0.3468338846576379, 0.32887079321797696], [-0.2478280185698004, -0.10955090321403738, -0.4983027689739994]]	[[0.051564211457789194, 0.0455943596112171, 0.05620602525993079], [-0.027399584396527184, -0.04884462458547158, -0.07946060350668], [0.08751749504051612, 0.12467778787428385, 0.0833145994999056]]	0.4739134641466593	[[0.46049537103111554, -0.4604953710311155, 0.0], [-0.5, -0.5000000000000001, 0.7071067811865475], [-0.32561939956111696, -0.325619399561117, -0.46049537103111554]]
9	[[0.3802729664721569, 0.7767473726770865, -0.5020517802076895], [0.4287143634067757, 0.332951791095048, 0.839849450446521], [0.8195098935212374, -0.5346088512602871, -0.20639019011321075]]	0.5549068676755627	0.4450931323244376	[[0.2110160806867589, 0.43102245154746505, -0.2785919807659891], [0.23789654452557674, 0.18475723548352138, 0.46603822786632176], [0.45475166804300365, -0.2966581230844768, -0.11452733391468566]]	0.7499032353535064	0.3865725681247659	[[0.2971869746414832, 0.43209566519668746, -0.3516846721453024], [0.412962284696661, 0.3131567695998167, 0.7104562311741974], [0.5360927319984778, -0.3829363237586174, -0.037349526339997184]]	[[0.012019046766537249, -0.15038970262619544, 0.024805582147431435], [0.09146799653540108, 0.06347514424089531, 0.08065041107448695], [-0.07846038855730564, 0.01796858345009338, 0.11742314497112485]]	0.462746381711544	[[0.35478252294739265, 0.3547825229473927, -0.5017382556451466], [0.5, 0.5000000000000001, 0.7071067811865475], [0.5017382556451466, -0.5017382556451465, 0.0]]
9	[[0.08740825448676931, -0.06334395238859675, -0.994156597696443], [0.7119981850616444, -0.6940087028176986, 0.10681996481098455], [-0.6967197295301035, -0.717174639895393, -0.015561310176609944]]	0.6289081905425038	0.3710918094574963	[[0.054971767167752775, -0.0398375304785229, -0.6252332269731619], [0.4477814902366656, -0.436467757509829, 0.06717995078309022], [-0.43817274441404014, -0.45103700507958344, -0.009786635425642412]]	0.8454089532169435	0.2606052801051011	[[0.047696060781808595, -0.0476960607818086, -0.7371152701083417], [0.674327557614002, -0.6651957824267181, 0.09506163870339109], [-0.529274133138082, -0.5368174232038325, 0.0]]	[[-0.026199660146371245, 0.0058554836996588715, 0.1033536184839262], [0.0723979172886736, -0.07847461145415875, 0.004755084069865911], [0.0597389640895547, 0.06948843838387021, 0.01315567094709198]]	0.26598619366274007	[[0.0, 0.0, -0.7731151077519999], [0.7071067811865475, -0.7071067811865476, 0.0], [-0.5466749353292075, -0.5466749353292074, 0.0]]
9	[[-0.42203838922340475, -0.825029846081567, 0.3757783270710803], [0.2588054115689476, 0.28760896992378115, 0.9221175843470338], [-0.8688517462515349, 0.4864224845687207, 0.09214016247897017]]	0.5420713905827482	0.45792860941725183	[[-0.22877493652563416, -0.4472250759377058, 0.20369868030627925], [0.14029100933951988, 0.15590459427065592, 0.49985356122780134], [-0.4709796743008186, 0.26367571262088185, 0.04994654600349572]]	0.7447274724685765	0.4062342307060086	[[-0.2220439226392334, -0.4884072372345551, 0.26872043139458934], [0.26909020058604316, 0.23566169233729656, 0.8285240685118608], [-0.5660179402012051, 0.29059420989193696, 0.023423316946989212]]	[[0.0922596602518222, 0.12601515474890895, -0.01113201233352644], [0.07635070056711107, 0.021471391106668097, 0.1417977706022647], [0.0810398247346095, -0.07165797759281158, -0.045195993368818216]]	0.5759461043282801	[[-0.35478252294739265, -0.3547825229473927, 0.5017382556451466], [0.5, 0.5000000000000001, 0.7071067811865475], [-0.5017382556451466, 0.5017382556451465, 0.0]]
9	[[0.04673222253661188, -0.9725397674033924, -0.22799671093185395], [-0.8377629715199755, -0.16246744520517667, 0.5213036857710898], [-0.5440306084466285, 0.16664552219444034, -0.8223502702654952]]	0.5352336773602299	0.46476632263977	[[0.025012659319487388, -0.5205360360863803, -0.12203151801809353], [-0.44839895600287, -0.08695804814848833, 0.2790192887567021], [-0.29118350315541236, 0.08919429565974613, -0.44014955923237997]]	0.7042189118498758	0.46371906619091036	[[-0.0021556548475982016, -0.7076921345877834, -0.11040429539890091], [-0.6722199231303803, -0.15031546401274098, 0.2808414816161689], [-0.24486698868655365, 0.01856214331009203, -0.5108479612246152]]	[[-0.03506536975065716, -0.022811237856234956, 0.050155300278880016], [-0.08225139493846474, -0.03590281653932223, -0.08627043272087744], [0.138249654406757, -0.09879278499433107, 0.06826665126120321]]	0.48806240434035	[[-0.08753215915101438, -0.5101748106833721, -0.29885348491719316], [-0.8535533905932738, -0.14644660940672602, 0.5], [-0.29885348491719316, 0.2988534849171932, -0.42264265153235786]]
9	[[-0.5446221603179724, 0.8109226453022452, -0.2139887049042392], [-0.8354447797583356, -0.5021691245819775, 0.22328947644507607], [0.07361197229480154, 0.30038414347728, 0.9509735242804028]]	0.5972520410383987	0.40274795896160126	[[-0.325276696844651, 0.48432520503102344, -0.12780519076322047], [-0.4989710998855415, -0.29992153460305215, 0.13336009554921713], [0.043964900697932296, 0.17940504278737668, 0.5679708783499497]]	0.7652547538742563	0.3345751111082319	[[-0.4388143046262844, 0.587120595771514, -0.08584628464750604], [-0.7317246065249888, -0.3928469260858862, 0.1055528687536561], [0.06888362587551766, 0.09185928493350262, 0.7024904725045352]]	[[-0.02203960737768873, -0.033441813570316475, 0.07790958905585846], [-0.09239651721549143, -0.008559616250654293, -0.06532046458603213], [0.012551714134860743, -0.1380111088509326, -0.025246537759598526]]	0.43730064527110946	[[-0.5956362337428716, 0.5956362337428714, 0.0], [-0.7071067811865475, -0.7071067811865476, 0.0], [0.0, 0.0, 0.8423568399999999]]
9	[[0.8489524140446696, -0.5135124485683378, 0.12483895166604869], [0.522794976890395, 0.7815435453534784, -0.34040431673891397], [0.0772347773085365, 0.35425224329800037, 0.9319550081910795]]	0.676749573310472	0.3232504266895279	[[0.5745281839656253, -0.34751933045823835, 0.0844847072725251], [0.35380127753943297, 0.5289092608415201, -0.2303684761061028], [0.05226860258828141, 0.23974005449619928, 0.6307001541378706]]	0.8242325310906796	0.2645824050700589	[[0.6572315926773091, -0.4071142015195186, 0.04969713010979522], [0.4764956669939973, 0.6263560682448414, -0.2640591546643015], [0.027288418430831702, 0.22655683349015696, 0.7253177101731267]]	[[-0.04250260432627151, 0.016139463710534832, -0.05319919500061911], [0.045591039950133694, -0.01781754629943957, 0.016513156915606956], [-0.03637099755840832, -0.06542938964790511, -0.04282992509084179]]	0.45539116492123116	[[0.6489826037730133, -0.6489826037730132, 0.0], [0.7071067811865475, 0.7071067811865476, 0.0], [0.0, 0.0, 0.9178]]
9	[[0.8787972042104137, -0.3840163418041313, 0.28327887866788265], [-0.395223040501579, -0.9183905790867732, -0.018907472103605397], [0.2674214316928388, -0.09534250611366366, -0.9588511794847616]]	0.5884718225640425	0.41152817743595765	[[0.5171473924258871, -0.22598279655585346, 0.16670163802358717], [-0.23257762296326656, -0.5404469779008397, -0.011126514568887462], [0.1573699773009705, -0.05610637834053102, -0.5642569011590796]]	0.7944361619897676	0.36305073509853397	[[0.5548645586911175, -0.23524101959847998, 0.2261061823800844], [-0.3455127450605841, -0.8470790359456476, -0.023671120330602098], [0.2029914068771146, -0.0757435346314249, -0.6440453556318404]]	[[-0.14328371938914147, 0.06983544912574477, 0.0010591972384066785], [-0.031533269634583125, -0.11747634908839134, -0.00865034075968523], [-0.009457848950753063, 0.0, 0.11770069531739533]]	0.51112462757607	[[0.5956362337428716, -0.5956362337428714, 0.0], [-0.7071067811865475, -0.7071067811865476, 0.0], [0.0, 0.0, -0.8423568399999999]]
9	[[0.8592155572171323, 0.2624339665249735, -0.4391776855101157], [-0.4266000482917053, 0.8413623931712975, -0.33184593135155627], [0.2824199444684594, 0.4724804086637203, 0.8348660002631537]]	0.5483036840458885	0.45169631595411175	[[0.4711110554116945, 0.1438935106644183, -0.240802742915943], [-0.23390637809249587, 0.4613220997934876, -0.18195234669569738], [0.15485189600009153, 0.25906274870982465, 0.45776010362894287]]	0.7413597727967405	0.4557708965407535	[[0.4618734764543439, 0.18620003804191024, -0.28566711328781463], [-0.3524359774352724, 0.7495778695172394, -0.25213652629457317], [0.23777296472540188, 0.31055726071213263, 0.4582571768076996]]	[[-0.17511437382757405, -0.008357947755191553, 0.039921555859363064], [-0.036171862558655274, 0.12582563687604462, -0.00611930202426065], [0.02839817886099672, -0.03972070770571424, -0.16067889146311545]]	0.5543065865957347	[[0.5558670850766748, -0.09537171404555925, -0.32561939956111696], [-0.14644660940672619, 0.8535533905932737, -0.5], [0.32561939956111696, 0.325619399561117, 0.46049537103111554]]
9	[[-0.30792515101507295, 0.09349718223056193, 0.9468053539599837], [0.3027085282091916, -0.9338174967034747, 0.1906631317268273], [0.9019698710720718, 0.34531602882779927, 0.2592434992682147]]	0.6043973872509097	0.3956026127490904	[[-0.18610915674235187, 0.05650945265547379, 0.5722466821685869], [0.1829562435482037, -0.5643968551767652, 0.11523629866077041], [0.5451482334550002, 0.2087081055993817, 0.1566860936194921]]	0.7979761372361309	0.30316968614971707	[[-0.17689669393243546, 0.07183022919004613, 0.72583226017603], [0.26104449184979717, -0.837446333972017, 0.13139477328842591], [0.6671675556252994, 0.24321240966791538, 0.10506646474238937]]	[[0.06882022863242476, -0.0027782911287603015, -0.02969581889144537], [0.01949030980099216, -0.09228225506906475, -0.020749856080291344], [-0.052582877996163374, -0.03234154114181224, -0.10180366140723832]]	0.48304482669823445	[[0.0, 0.0, 0.9178], [0.0, -1.0, 0.0], [0.9178, 0.0, 0.0]]
9	[[-0.8305561570912853, 0.32773595720904825, 0.4502950280316503], [-0.5100865793185324, -0.772219296347621, -0.37879947194723407], [0.22358030216652452, -0.5443036842615101, 0.808545204538665]]	0.5319927503883615	0.46800724961163853	[[-0.44184985436298074, 0.17435315327680387, 0.23955369044876193], [-0.27136236226785715, -0.4108150673669361, -0.20151857292686798], [0.11894309988223035, -0.28956561403679903, 0.4301401871758446]]	0.7234562930030562	0.4208269904195271	[[-0.5153223676919676, 0.17904334408750694, 0.23904879388866754], [-0.4399382492948999, -0.670974129214031, -0.2609469540166029], [0.13587734889780695, -0.34045833063328457, 0.4853221874946261]]	[[0.08554871084815774, -0.05805929659875941, -0.08671997784881749], [-0.07091290351050492, -0.11230721969295261, 0.013097907749858244], [-0.025873227696090042, 0.053321595050453426, -0.0996249289063143]]	0.5446069821368571	[[-0.46049537103111554, 0.325619399561117, 0.32561939956111696], [-0.7071067811865475, -0.5000000000000001, -0.5], [0.0, -0.4604953710311155, 0.46049537103111554]]
9	[[-0.3195682178843842, -0.5708200961323295, -0.7563336379995778], [0.910087742671785, 0.03735879733279218, -0.41272826520656647], [0.2638493031197415, -0.8202248094963509, 0.507557688474819]]	0.5192555113269993	0.4807444886730006	[[-0.16593755838141386, -0.2964014808929197, -0.39273040993328034], [0.47256807617347235, 0.01939876141160074, -0.21431142638894107], [0.1370052048047138, -0.42590625285811834, 0.263552127056942]]	0.6870631824857547	0.4986487555118237	[[-0.23777097688303533, -0.3752593264005435, -0.3797194634914486], [0.7781831774248927, 0.014556493202296544, -0.2278463194800902], [0.16167178413884825, -0.37971946349144853, 0.31207550562534825]]	[[-0.0182074200820892, 0.016930145474959316, 0.13992953285357], [0.15289539660353949, -0.01111136098701205, 0.05572407591455785], [-0.01960935775924998, 0.1838268044748862, -0.03664869511327414]]	0.5206652169213846	[[-0.27428772845699984, -0.2742877284569999, -0.387901425576398], [0.8535533905932738, -0.14644660940672602, -0.5], [0.08033701566880098, -0.46823844124519887, 0.27428772845699984]]
