9	[[0.5319609947059123, -0.8460851799387872, 0.03402011756955908], [-0.703274286200726, -0.4190807785627857, 0.5742617690636116], [-0.47161719485230363, -0.3294103357928521, -0.8179645788128509]]	0.568544140130071	0.43145585986992907	[[0.3024433063178102, -0.4810367711050941, 0.019341938490708886], [-0.3998424743235812, -0.23826592089301962, 0.32649316370184445], [-0.2681351925178591, -0.1872843161133051, -0.465048968118008]]	0.7089876908808942	0.4813596963739527	[[0.42843503377960845, -0.5525350637369041, 0.08067883439476808], [-0.5281233893268504, -0.34545263023509876, 0.3287854460723137], [-0.2462903008104816, -0.11003185261130974, -0.4958667827555876]]	[[0.05128123650436011, 0.04732891427644244, 0.056558989795629885], [-0.029510577097488666, -0.04832951674930193, -0.0783590795372736], [0.08808048514757796, 0.12351602071476443, 0.08406003519929874]]	0.4779866223808547	[[0.456495435488297, -0.45649543548829696, 0.0], [-0.5, -0.5000000000000001, 0.7071067811865475], [-0.3227910180144809, -0.32279101801448096, -0.456495435488297]]
9	[[0.8592155572171323, 0.2624339665249735, -0.4391776855101157], [-0.4266000482917053, 0.8413623931712975, -0.33184593135155627], [0.2824199444684594, 0.4724804086637203, 0.8348660002631537]]	0.5438301207266995	0.45616987927330055	[[0.4672673002116514, 0.14271949569806294, -0.23883805373143865], [-0.23199795576449397, 0.45755821185325135, -0.18046781290958086], [0.15358847249591, 0.25694907768459135, 0.45402527771372764]]	0.7397562757525795	0.4582324068475199	[[0.4595393416886717, 0.18487930289831617, -0.2851472198872092], [-0.3520181396149404, 0.7495887711693161, -0.25252804519860916], [0.23728986850612832, 0.30975184271308076, 0.4556727935105028]]	[[-0.1760707589869513, -0.009257870809175367, 0.03973722913939158], [-0.036438076654797924, 0.12718566063863965, -0.007042934898335757], [0.02836794218789045, -0.0397685047660498, -0.1619245695966198]]	0.5576208713597876	[[0.5510387357586295, -0.09454330027033243, -0.3227910180144809], [-0.14644660940672619, 0.8535533905932737, -0.5], [0.3227910180144809, 0.32279101801448096, 0.456495435488297]]
9	[[-0.8305561570912853, 0.32773595720904825, 0.4502950280316503], [-0.5100865793185324, -0.772219296347621, -0.37879947194723407], [0.22358030216652452, -0.5443036842615101, 0.808545204538665]]	0.5287649135146453	0.47123508648535456	[[-0.43916895457342964, 0.17329527506928188, 0.2381002115532303], [-0.26971588599834506, -0.40832246944759015, -0.2002958700235726], [0.11822141913866062, -0.28780869053424024, 0.42753033515056843]]	0.7213618405922451	0.42404504885822364	[[-0.5112537074201196, 0.17671244286104637, 0.24009754807397057], [-0.4395833942811478, -0.6708491631149892, -0.2617535385375505], [0.1369023867208563, -0.3405978904446211, 0.48082085837150945]]	[[0.08787781077447177, -0.05970377045953388, -0.08472810215647729], [-0.07162640056252917, -0.11379963016082101, 0.011497945761676731], [-0.024379911570158144, 0.05204201707540211, -0.1024327985765352]]	0.5482683185305806	[[-0.456495435488297, 0.32279101801448096, 0.3227910180144809], [-0.7071067811865475, -0.5000000000000001, -0.5], [0.0, -0.45649543548829696, 0.456495435488297]]
9	[[-0.3195682178843842, -0.5708200961323295, -0.7563336379995778], [0.910087742671785, 0.03735879733279218, -0.41272826520656647], [0.2638493031197415, -0.8202248094963509, 0.507557688474819]]	0.5142738387861138	0.4857261612138862	[[-0.16434557416543952, -0.29355784209423164, -0.3889626034171098], [0.4680343170560079, 0.01921265211676748, -0.21225534932331416], [0.13569079397643038, -0.42182016144729734, 0.2610236408573516]]	0.6847700372822113	0.5014926038150489	[[-0.23654405569510045, -0.3734325311465173, -0.3772094368724255], [0.7781420386719795, 0.014677101498881157, -0.2279374158251834], [0.16061154878367387, -0.3772094368724255, 0.3108007383304908]]	[[-0.017713315220200938, 0.017447967363453467, 0.14070517661833593], [0.1549412211925378, -0.01090508354351349, 0.05468653372773949], [-0.020064548350516884, 0.18445593650618552, -0.03675955892928394]]	0.5262653495385701	[[-0.2709580239517994, -0.27095802395179946, -0.38319251230644874], [0.8535533905932738, -0.14644660940672602, -0.5], [0.07936176779857518, -0.4625542801050238, 0.2709580239517994]]
9	[[-0.30792515101507295, 0.09349718223056193, 0.9468053539599837], [0.3027085282091916, -0.9338174967034747, 0.1906631317268273], [0.9019698710720718, 0.34531602882779927, 0.2592434992682147]]	0.601183805525337	0.398816194474663	[[-0.1851196141042057, 0.056208991819265135, 0.5692040457854268], [0.18198346495377563, -0.5613959563343389, 0.11462358710491272], [0.5422496795603059, 0.20759840431959337, 0.15585299344777023]]	0.7966296323641058	0.3050377291450962	[[-0.17648519657343503, 0.07125979088933344, 0.723683691403115], [0.26105335250551337, -0.8375915160179415, 0.13103541216842582], [0.6651319150430519, 0.24213305531706686, 0.1052254056841016]]	[[0.06881710327536433, -0.0032228350180789136, -0.03056950964239402], [0.01990676896474552, -0.09368482692388272, -0.020852488364505685], [-0.05340401175259282, -0.03295592577745586, -0.10129564783072063]]	0.48346545772323757	[[0.0, 0.0, 0.9161999999999999], [0.0, -1.0, 0.0], [0.9161999999999999, 0.0, 0.0]]
9	[[0.034229894132735264, 0.2773841392786001, 0.9601491309293217], [-0.1827544195208179, -0.9427759796974285, 0.2788803941677556], [0.9825625356654255, -0.18501754344446375, 0.018422055382213542]]	0.7575109817572844	0.2424890182427158	[[0.025929520709936205, 0.2101215316688317, 0.7273235108036736], [-0.13843847975169735, -0.7141631579577846, 0.21125496117887504], [0.7443019110298432, -0.14015282097693676, 0.013954909258567651]]	0.8693556750076098	0.20106428655718678	[[0.009218274278446528, 0.2110593769086723, 0.7805748403580092], [-0.16841280218600851, -0.8236211978313591, 0.2574032941246458], [0.8097905815759032, -0.14434467245345722, 0.0]]	[[-0.020539678440756562, -0.03008609873027996, -0.054136255469021205], [-0.009534210442863999, -0.004013549620540444, 0.014957040806548336], [-0.04440573485470119, 0.0165013789159543, -0.016015318391831825]]	0.3757509495640521	[[0.0, 0.0, 0.9161999999999999], [0.0, -1.0, 0.0], [0.9161999999999999, 0.0, 0.0]]
9	[[0.04673222253661188, -0.9725397674033924, -0.22799671093185395], [-0.8377629715199755, -0.16246744520517667, 0.5213036857710898], [-0.5440306084466285, 0.16664552219444034, -0.8223502702654952]]	0.5324455519305309	0.467554448069469	[[0.024882364021446713, -0.5178244732294894, -0.12139583459045666], [-0.44606316775791494, -0.08650506853301355, 0.2775658286938079], [-0.28966667758146775, 0.08872966704157031, -0.4378567435317328]]	0.7018772192251406	0.46652763483629045	[[-0.0015825334671353847, -0.7043671654156693, -0.10933615139857292], [-0.6718270953281934, -0.14987034022053336, 0.2807069786540348], [-0.24349189601965276, 0.01757694662394725, -0.5085240066084403]]	[[-0.03438281586934287, -0.021763657884711386, 0.050689546062754935], [-0.08382035050796224, -0.035838141565311225, -0.0851842026867942], [0.13835079461022812, -0.09938774909020799, 0.06866491431454824]]	0.49241231835340066	[[-0.08662057170767866, -0.5048616897020562, -0.29574113070486735], [-0.8535533905932738, -0.14644660940672602, 0.5], [-0.29574113070486735, 0.2957411307048674, -0.4182411179943777]]
9	[[0.8787972042104137, -0.3840163418041313, 0.28327887866788265], [-0.395223040501579, -0.9183905790867732, -0.018907472103605397], [0.2674214316928388, -0.09534250611366366, -0.9588511794847616]]	0.5858129501826594	0.4141870498173407	[[0.5148107828107754, -0.2249617461106307, 0.16594843563686795], [-0.23152677533639066, -0.5380050945547836, -0.011076242013509404], [0.15665893784205248, -0.05585287478425355, -0.561707438240091]]	0.7931863792974837	0.3647041657914441	[[0.5534802228546336, -0.2344395586674357, 0.22550475025020508], [-0.34551826577929917, -0.8469987442243033, -0.02385944097450274], [0.20247603898617644, -0.07562437721744508, -0.6422923361859925]]	[[-0.14356974968977582, 0.07015697307924815, 0.0008118021481760521], [-0.03203273326890886, -0.11854384601754639, -0.008862291634975799], [-0.009638998164815728, 0.0, 0.11825535915464731]]	0.5121990543875876	[[0.5935612996041577, -0.5935612996041576, 0.0], [-0.7071067811865475, -0.7071067811865476, 0.0], [0.0, 0.0, -0.8394224399999998]]
9	[[-0.42203838922340475, -0.825029846081567, 0.3757783270710803], [0.2588054115689476, 0.28760896992378115, 0.9221175843470338], [-0.8688517462515349, 0.4864224845687207, 0.09214016247897017]]	0.5377190435913196	0.4622809564086805	[[-0.2269380790120302, -0.44363425976927384, 0.2020631626350073], [0.13916459838511236, 0.1546528202357003, 0.495840185533825], [-0.4671981300170233, 0.26155863318360595, 0.04954552004454063]]	0.7417104549992595	0.41003115226550785	[[-0.22011959575685666, -0.48562397835070886, 0.2666498163418177], [0.2692190075085047, 0.23564917601162436, 0.8283900771575547], [-0.5623540252446999, 0.28800431831558865, 0.02329179934784121]]	[[0.09291068994118955, 0.12630928417441922, -0.012068897608933822], [0.0772603279374299, 0.022326596067588196, 0.14444582410869813], [0.08208239879442751, -0.07278032403574752, -0.04504952248814146]]	0.5783485470614788	[[-0.35231501638777657, -0.3523150163877766, 0.49824867440329296], [0.5, 0.5000000000000001, 0.7071067811865475], [-0.49824867440329296, 0.4982486744032929, 0.0]]
9	[[0.08740825448676931, -0.06334395238859675, -0.994156597696443], [0.7119981850616444, -0.6940087028176986, 0.10681996481098455], [-0.6967197295301035, -0.717174639895393, -0.015561310176609944]]	0.6238835950605373	0.37611640493946297	[[0.05453257604717198, -0.039519252741541236, -0.620237992224009], [0.4442039873728364, -0.4329806445172057, 0.06664322367051712], [-0.43467200960884617, -0.44743349262418397, -0.009708446136835535]]	0.8429185247568818	0.2645957485961811	[[0.04741279204490987, -0.04741279204490988, -0.7331290400381051], [0.6742377529014555, -0.6651296118389621, 0.09515889249819251], [-0.5263423635434177, -0.5338444110956149, 0.0]]	[[-0.026265244878651804, 0.0059809988547562575, 0.1048639726695014], [0.07408129311971688, -0.08013681989143061, 0.005118365345135389], [0.06093560304111088, 0.07067537835805773, 0.013116916617352306]]	0.269432356003777	[[0.0, 0.0, -0.7690788395279997], [0.7071067811865475, -0.7071067811865476, 0.0], [-0.5438208626973292, -0.5438208626973291, 0.0]]
9	[[0.8489524140446696, -0.5135124485683378, 0.12483895166604869], [0.522794976890395, 0.7815435453534784, -0.34040431673891397], [0.0772347773085365, 0.35425224329800037, 0.9319550081910795]]	0.673849701525613	0.3261502984743869	[[0.5720663308134494, -0.34603021019746116, 0.08412269031893735], [0.35228523913668236, 0.5266428847657109, -0.22938134723254738], [0.05204463163675451, 0.23871276841113642, 0.6279976041048592]]	0.8225898250632306	0.2671317889681005	[[0.6546536426012459, -0.4054270226102783, 0.05000708627950719], [0.47650334137228967, 0.6261268683669823, -0.26414641798391264], [0.026919587560729586, 0.22623691932732307, 0.7226706394150854]]	[[-0.043685975154766125, 0.016983092625341947, -0.05268416513254491], [0.046457512788083834, -0.016762899884632497, 0.015866709373119212], [-0.036612954394297036, -0.06516737151543611, -0.04394606773961635]]	0.4560075600246454	[[0.6478512329231149, -0.6478512329231148, 0.0], [0.7071067811865475, 0.7071067811865476, 0.0], [0.0, 0.0, 0.9161999999999999]]
9	[[-0.5446221603179724, 0.8109226453022452, -0.2139887049042392], [-0.8354447797583356, -0.5021691245819775, 0.22328947644507607], [0.07361197229480154, 0.30038414347728, 0.9509735242804028]]	0.5933943361787184	0.40660566382128166	[[-0.32317570529010275, 0.4811969048014162, -0.12697968549639468], [-0.4957482004986731, -0.2979843143307706, 0.13249871065081947], [0.04368092743467998, 0.17824624941731348, 0.5643023031639061]]	0.7632772753309387	0.33669068509993694	[[-0.43671738539170324, 0.5856253058451685, -0.08464467685489979], [-0.7315088597259959, -0.39203381049474617, 0.1061054190582765], [0.06857496571552658, 0.09083477604807039, 0.7005086271212492]]	[[-0.021019666779351628, -0.033333521365286466, 0.0786880387760042], [-0.09383284454259719, -0.008739529328491731, -0.064326364132793], [0.012388620070613914, -0.13844161453788567, -0.025347853403357015]]	0.4386343127964103	[[-0.5935612996041577, 0.5935612996041576, 0.0], [-0.7071067811865475, -0.7071067811865476, 0.0], [0.0, 0.0, 0.8394224399999998]]
9	[[0.3802729664721569, 0.7767473726770865, -0.5020517802076895], [0.4287143634067757, 0.332951791095048, 0.839849450446521], [0.8195098935212374, -0.5346088512602871, -0.20639019011321075]]	0.5508462440534346	0.4491537559465657	[[0.20947193529624528, 0.42786837281754647, -0.27655333744774635], [0.23615569685438167, 0.18340524357557095, 0.4626279153488073], [0.4514239468108037, -0.2944872777544504, -0.11368926103333646]]	0.7471797363154818	0.3916265817347588	[[0.2957708285310766, 0.4278996383694111, -0.34910529277628616], [0.4138613330795037, 0.3134074699083274, 0.7095638318547268], [0.5327226548996717, -0.3817188805925064, -0.03656423647046932]]	[[0.011638573714504361, -0.15247025873119766, 0.02601762397601355], [0.09353464807456932, 0.06463263843216195, 0.0820453409253929], [-0.07959853124945503, 0.017730019924077564, 0.11764633135642164]]	0.4655160328044963	[[0.35231501638777657, 0.3523150163877766, -0.49824867440329296], [0.5, 0.5000000000000001, 0.7071067811865475], [0.49824867440329296, -0.4982486744032929, 0.0]]
9	[[0.22433838825039393, -0.7661379269479729, -0.6022499185961573], [-0.9416906372873723, -0.011392912655017143, -0.3362869982418849], [0.2507808429735371, 0.642575192824231, -0.724020780340167]]	0.4982260928159183	0.5017739071840818	[[0.11177123864661426, -0.381709905901376, -0.3000566238408683], [-0.4691748468570196, -0.005676246357902294, -0.16754695719884793], [0.12494555954778772, 0.3201477276612519, -0.36072604450641366]]	0.6914365835266856	0.4978655610092263	[[0.181102078801437, -0.4220587772924381, -0.3295965644750578], [-0.817156762378576, 0.04785369731318474, -0.20266488805824184], [0.1428037667149328, 0.3295965644750578, -0.3542699477910216]]	[[0.02598631007570156, 0.1076770134266856, 0.08682106166829368], [-0.1660374053935282, 0.05573117391578764, 0.029856245090571585], [-0.030595282564631888, -0.11470343151032969, 0.1463445069697084]]	0.5155086354070757	[[0.08662057170767866, -0.5048616897020562, -0.29574113070486735], [-0.8535533905932738, 0.14644660940672602, -0.5], [0.29574113070486735, 0.2957411307048674, -0.4182411179943777]]
