9	[[-0.8305561570912853, 0.32773595720904825, 0.4502950280316503], [-0.5100865793185324, -0.772219296347621, -0.37879947194723407], [0.22358030216652452, -0.5443036842615101, 0.808545204538665]]	0.6593984335429957	0.34060156645700435	[[-0.5476674289554839, 0.21610857679936066, 0.2969238361162695], [-0.3363502913739453, -0.5092001943632957, -0.24977977842892002], [0.14742850101967592, -0.35891299677372107, 0.5331534413214966]]	0.7683779246335529	0.3867322357628566	[[-0.6044499052876288, 0.23989969993708155, 0.197136696564058], [-0.5680932093701027, -0.6245961379424336, -0.30360298617996895], [0.17678098541872453, -0.2689205625951827, 0.5839974587547301]]	[[0.03373111098979225, -0.01192537469099785, -0.14886006254770895], [-0.17615394216990063, -0.031239877652866052, -0.012541834072867396], [0.004986816851067799, 0.14931037268807307, -0.03727082748110096]]	0.4589943603577758	[[-0.5616966841018805, 0.39717953429843766, 0.39717953429843755], [-0.7071067811865475, -0.5000000000000001, -0.5], [0.0, -0.5616966841018803, 0.5616966841018805]]
9	[[0.3802729664721569, 0.7767473726770865, -0.5020517802076895], [0.4287143634067757, 0.332951791095048, 0.839849450446521], [0.8195098935212374, -0.5346088512602871, -0.20639019011321075]]	0.6678231778045324	0.33217682219546785	[[0.25395510090259216, 0.5187298987725333, -0.33528181528072176], [0.2863053885407601, 0.22235292318480573, 0.5608709288745859], [0.5472877013336067, -0.35702418193107555, -0.137832152629086]]	0.812969168513769	0.2962503127377636	[[0.34665618020253103, 0.5311641010985204, -0.41435337491834134], [0.4076948879313501, 0.2967911527504259, 0.7152400327302211], [0.6019519052653794, -0.41744398436939006, -0.0715217148028581]]	[[0.0375059828413973, -0.10030756461202515, -0.00620075661203854], [0.05916332838263389, 0.026111611988714686, 0.03246832332396699], [-0.06428437145938821, 0.017176528919786698, 0.09626714644287755]]	0.40438417280987915	[[0.41589480031250003, 0.41589480031250015, -0.5881640671223879], [0.5, 0.5000000000000001, 0.7071067811865475], [0.5881640671223879, -0.5881640671223878, 0.0]]
9	[[-0.5446221603179724, 0.8109226453022452, -0.2139887049042392], [-0.8354447797583356, -0.5021691245819775, 0.22328947644507607], [0.07361197229480154, 0.30038414347728, 0.9509735242804028]]	0.7079235687820545	0.2920764312179456	[[-0.3855508633700912, 0.5740712530685494, -0.15148764765485895], [-0.5914310500068586, -0.35549735880623373, 0.15807188303647476], [0.05211165013202165, 0.21264901485597668, 0.6732165711258304]]	0.8100442425987238	0.28322890604612994	[[-0.48422632860992143, 0.6223290805286588, -0.11482848675021176], [-0.7353362678355123, -0.40669548597783356, 0.09620494611655203], [0.0754571212737819, 0.11939363918486635, 0.7493360198759719]]	[[-0.043058283252668784, -0.03455413949135189, 0.05851183163862454], [-0.058589033983113735, 8.372220063849328e-05, -0.08466940871066522], [0.01582816693004114, -0.12393080680685331, -0.020994608331186004]]	0.4083666240156412	[[-0.6448990621116611, 0.644899062111661, 0.0], [-0.7071067811865475, -0.7071067811865476, 0.0], [0.0, 0.0, 0.9120250000000001]]
9	[[0.8489524140446696, -0.5135124485683378, 0.12483895166604869], [0.522794976890395, 0.7815435453534784, -0.34040431673891397], [0.0772347773085365, 0.35425224329800037, 0.9319550081910795]]	0.7548099027534028	0.24519009724659727	[[0.6407976890873235, -0.38760428136652875, 0.09422967696688697], [0.39461082566660655, 0.5899168074658087, -0.2569405492145382], [0.058297574749437156, 0.2673931013139385, 0.7034488691032553]]	0.8797741282583097	0.20090085360545817	[[0.7119995643284271, -0.454857954429072, 0.0534867549151107], [0.50473073081407, 0.668868992227776, -0.2946902390719043], [0.023299227235206433, 0.2651015897175686, 0.7957785850593924]]	[[-0.03488680567050959, -0.0030829876400725303, -0.056343324959568536], [0.0447892357624995, -0.01871279908148916, 0.004788671942439275], [-0.04464993164263594, -0.046560368813480316, -0.02413131984788032]]	0.4417241287095749	[[0.675286976033153, -0.6752869760331529, 0.0], [0.7071067811865475, 0.7071067811865476, 0.0], [0.0, 0.0, 0.9550000000000001]]
9	[[0.5319609947059123, -0.8460851799387872, 0.03402011756955908], [-0.703274286200726, -0.4190807785627857, 0.5742617690636116], [-0.47161719485230363, -0.3294103357928521, -0.8179645788128509]]	0.6872627633688905	0.31273723663110947	[[0.3655969832260491, -0.5814828388101958, 0.023380760010989696], [-0.48333422934059483, -0.2880186139498462, 0.3946687303037654], [-0.3241249365864787, -0.2263914576592697, -0.5621565967727905]]	0.7696351758571589	0.2768650453363828	[[0.4323283132263533, -0.6320706784632479, 0.005305968207548474], [-0.6094585002637528, -0.38012892141604493, 0.541922531882591], [-0.30847804747854013, -0.30097427527790466, -0.6295343124595554]]	[[0.022912419516719296, 0.019106237789076465, -0.020877110960780338], [-0.06819387132783913, -0.057589612708520324, 0.09995047426127515], [0.054495135218872545, -0.047448493560807166, 8.10410082508262e-18]]	0.37944262151242725	[[0.5616966841018805, -0.5616966841018803, 0.0], [-0.5, -0.5000000000000001, 0.7071067811865475], [-0.39717953429843755, -0.39717953429843766, -0.5616966841018805]]
9	[[0.8592155572171323, 0.2624339665249735, -0.4391776855101157], [-0.4266000482917053, 0.8413623931712975, -0.33184593135155627], [0.2824199444684594, 0.4724804086637203, 0.8348660002631537]]	0.6848872831409399	0.31511271685906006	[[0.5884658086148706, 0.17973768633718948, -0.3007872118451493], [-0.2921729480622999, 0.5762384035960494, -0.2272770583447422], [0.1934258284718183, 0.3235958234270164, 0.5717891067069746]]	0.7781167890180668	0.39286359772684337	[[0.5313082996790301, 0.21067190450506323, -0.2847928567771428], [-0.3405011680506515, 0.7511366472141612, -0.2603081134225608], [0.2415352988244412, 0.331157152407274, 0.5246592338847517]]	[[-0.1372617507771337, 0.006467629143375984, 0.05693867368037484], [-0.008556508278957556, 0.09645844343915501, -0.00209322287057807], [0.02177959847998276, -0.03648778605608411, -0.12496401750037016]]	0.4059976993917972	[[0.515594998511378, 0.28198826824063306, -0.3020285574362295], [-0.573223304703363, 0.7803300858899106, -0.2499999999999999], [0.16518490310526052, 0.3020285574362294, 0.5639765364812661]]
9	[[0.034229894132735264, 0.2773841392786001, 0.9601491309293217], [-0.1827544195208179, -0.9427759796974285, 0.2788803941677556], [0.9825625356654255, -0.18501754344446375, 0.018422055382213542]]	0.8377664218249523	0.162233578175048	[[0.02867665592702856, 0.232383117834427, 0.8043807018369954], [-0.15310551611465184, -0.7898260590936284, 0.2336366299390529], [0.8231578997236757, -0.15500148534631103, 0.015433379420218146]]	0.9027329808853314	0.14794807771620905	[[0.009106637143199132, 0.22785747821375996, 0.833267693807027], [-0.1660129922775592, -0.8257605631316709, 0.254638219310212], [0.8651118474007694, -0.15475098333777876, 0.0]]	[[-0.021793817222634286, -0.022546332687522666, -0.03349059325125997], [-0.0010345503735628512, 0.0253144073276776, 0.002883689772677828], [-0.02187975932673001, 0.012270455171923298, -0.016630196969220294]]	0.3578114481968732	[[0.0, 0.0, 0.9550000000000001], [0.0, -1.0, 0.0], [0.9550000000000001, 0.0, 0.0]]
9	[[0.04673222253661188, -0.9725397674033924, -0.22799671093185395], [-0.8377629715199755, -0.16246744520517667, 0.5213036857710898], [-0.5440306084466285, 0.16664552219444034, -0.8223502702654952]]	0.6553337491417358	0.34466625085826413	[[0.030625202600643733, -0.6373381319618969, -0.1494139393669564], [-0.5490143490183067, -0.1064703999797879, 0.34162789883777356], [-0.3565216182811888, 0.10920843483736496, -0.5389138857208067]]	0.7580506648192609	0.3971796155687799	[[-0.009491997081492025, -0.8004389786015449, -0.12508611934541744], [-0.687261328900048, -0.14663972818018672, 0.27181845176966907], [-0.2706131713730673, 0.028143403405117146, -0.5825351050424532]]	[[-0.044917389443852415, -0.06320456135823399, 0.047746938953079236], [-0.05219455137837094, -0.023481173330915626, -0.1233561538018366], [0.14178959304192645, -0.09818234548353126, 0.04084806404660432]]	0.3673706894892747	[[0.09676307593977612, -0.6323983636467505, -0.1651849031052605], [-0.8535533905932738, -0.2500000000000001, 0.4571067811865474], [-0.330369806210521, 0.09676307593977601, -0.5639765364812661]]
9	[[0.22433838825039393, -0.7661379269479729, -0.6022499185961573], [-0.9416906372873723, -0.011392912655017143, -0.3362869982418849], [0.2507808429735371, 0.642575192824231, -0.724020780340167]]	0.6497637866358433	0.35023621336415695	[[0.1457669606373579, -0.4978086804990498, -0.3913201876081675], [-0.6118764743233635, -0.007402702067535377, -0.21850711337404832], [0.16294831014621428, 0.4175220904877295, -0.47044248383686504]]	0.7509346014602292	0.42105777829522784	[[0.20370079568284205, -0.508702602792991, -0.3619839865294917], [-0.8180131750241632, 0.051586877093506275, -0.20335480910844117], [0.16914841545348344, 0.3619839865294917, -0.42392981957753145]]	[[0.03523733750980229, 0.06661687604325137, 0.09026631607096909], [-0.1108650916139407, 0.060142209417572895, 0.049174733892585434], [-0.019171596918709927, -0.12054795980220212, 0.11976243655613608]]	0.400132509336533	[[0.11109628859636018, -0.6475166219136559, -0.3793064552550079], [-0.8535533905932738, 0.14644660940672602, -0.5], [0.3793064552550079, 0.379306455255008, -0.5364203333172959]]
9	[[-0.3195682178843842, -0.5708200961323295, -0.7563336379995778], [0.910087742671785, 0.03735879733279218, -0.41272826520656647], [0.2638493031197415, -0.8202248094963509, 0.507557688474819]]	0.6637739003922839	0.336226099607716	[[-0.21212104242652896, -0.3788954816320549, -0.5020345288928655], [0.6040924906524601, 0.024797794619552314, -0.2739582503983035], [0.17513628104757684, -0.5444438209979111, 0.3369035465530223]]	0.7403351972377141	0.2890942636707213	[[-0.2867025443628042, -0.4373114311558415, -0.5351553759728046], [0.7589426104857944, 0.014447819399461707, -0.34295665285047294], [0.19064936637735524, -0.571885725256784, 0.38123635887942897]]	[[-0.05011494474446386, -0.014713222698462359, 0.024785037093130624], [0.0851726220112522, -0.013210213192474821, -0.03739939122318998], [-0.0046875594888320035, 0.03535557086096355, 0.005473537472905528]]	0.38191244217501974	[[-0.3622376647685326, -0.36223766476853264, -0.5122814183180175], [0.8535533905932738, -0.14644660940672602, -0.5], [0.10609695560952398, -0.6183783739275414, 0.3622376647685326]]
9	[[-0.42203838922340475, -0.825029846081567, 0.3757783270710803], [0.2588054115689476, 0.28760896992378115, 0.9221175843470338], [-0.8688517462515349, 0.4864224845687207, 0.09214016247897017]]	0.6590923109657985	0.3409076890342016	[[-0.27816225726953697, -0.543770827869657, 0.24767260600014], [0.17057665680143227, 0.18956086064155783, 0.6077606096494862], [-0.5726535053235937, 0.3205973194601236, 0.060728872621028614]]	0.8134054088275601	0.30847927194145003	[[-0.2609034952567169, -0.5708861053682833, 0.31134581413247975], [0.26467599054099766, 0.23586613592706107, 0.8281925815362732], [-0.664918239173254, 0.34500952399920287, 0.023963737463390734]]	[[0.08238481327047154, 0.10019763387863259, 0.00568569037269104], [0.05416226893697284, 0.0019234441637343454, 0.07813715085339196], [0.041810470697015205, -0.05064915592433498, -0.050983569067253785]]	0.452950658811929	[[-0.09676307593977612, -0.563976536481266, 0.330369806210521], [0.25000000000000017, 0.45710678118654735, 0.8535533905932738], [-0.6323983636467505, 0.1651849031052606, 0.09676307593977612]]
9	[[-0.30792515101507295, 0.09349718223056193, 0.9468053539599837], [0.3027085282091916, -0.9338174967034747, 0.1906631317268273], [0.9019698710720718, 0.34531602882779927, 0.2592434992682147]]	0.7125924257962957	0.2874075742037044	[[-0.21942513032552147, 0.06662538389079442, 0.6746863239352651], [0.2157078044258141, -0.6654312752269534, 0.13586510354713854], [0.6427368984224199, 0.24606958664874506, 0.1847349540154573]]	0.8294383956766929	0.2816804500640758	[[-0.23429326965855007, 0.0729928488852618, 0.7269265415948806], [0.24723952292190238, -0.8484981736186893, 0.11851824105215157], [0.665185390887122, 0.2522838002449788, 0.1613004207732883]]	[[0.02111167358789537, -0.0045573039443468875, -0.05839017221179152], [-0.003838553073582391, -0.07395408729813394, -0.03962508104204202], [-0.08294305192361057, -0.034134572707397656, -0.05372609134935158]]	0.4253230175329254	[[-0.330369806210521, 0.09676307593977601, 0.5639765364812661], [0.14644660940672619, -0.9571067811865475, 0.2499999999999999], [0.5639765364812661, 0.16518490310526046, 0.3020285574362295]]
9	[[0.8787972042104137, -0.3840163418041313, 0.28327887866788265], [-0.395223040501579, -0.9183905790867732, -0.018907472103605397], [0.2674214316928388, -0.09534250611366366, -0.9588511794847616]]	0.6811755298457567	0.3188244701542433	[[0.5986151512049982, -0.26158253509785834, 0.19296264027070675], [-0.26921626402091414, -0.6255851893147842, -0.01287930732821728], [0.18216093542548029, -0.06494498211879712, -0.6531459602287613]]	0.8267417601694338	0.2826900505153941	[[0.6547986839463552, -0.2674757809134751, 0.16807066906511808], [-0.31741051394714886, -0.8545685429652792, -0.03369208202175416], [0.1589536036106694, -0.05273856417506365, -0.7528628169201048]]	[[-0.07173966349453959, 0.05000656544349929, -0.06612780970359064], [0.009336878216641954, -0.09529669908805463, -0.01806048525446495], [-0.062134861534098106, 0.026085067148311658, 0.03985949494766474]]	0.42931367991586605	[[0.48922875449370684, -0.34593696985394873, 0.3459369698539487], [-0.5, -0.8535533905932737, -0.14644660940672619], [0.3459369698539487, -0.10132259260709531, -0.5905513471008021]]
9	[[0.08740825448676931, -0.06334395238859675, -0.994156597696443], [0.7119981850616444, -0.6940087028176986, 0.10681996481098455], [-0.6967197295301035, -0.717174639895393, -0.015561310176609944]]	0.7592106513777073	0.2407893486222928	[[0.06636127782468854, -0.04809140335378502, -0.7547742781085618], [0.5405566058603963, -0.5268987993280229, 0.08109885506429138], [-0.5289570396842499, -0.5444866255065539, -0.01181431243547458]]	0.9028754408616151	0.16404678457318092	[[0.05325411533986831, -0.053254115339868326, -0.8343183647401338], [0.6839595587113383, -0.6702370304468307, 0.09054295955279254], [-0.603314866552825, -0.6148157080898966, 0.0]]	[[-0.025664650964817768, 0.003937583598903112, 0.06328121169052564], [0.04111388348113616, -0.043633616928503545, -0.005902163268747342], [0.02573626640365242, 0.03270366108042634, 0.01404992478609104]]	0.18761751741665944	[[0.0, 0.0, -0.8709838750000002], [0.7071067811865475, -0.7071067811865476, 0.0], [-0.6158786043166364, -0.6158786043166363, 0.0]]
