9	[[0.08740825448676931, -0.06334395238859675, -0.994156597696443], [0.7119981850616444, -0.6940087028176986, 0.10681996481098455], [-0.6967197295301035, -0.717174639895393, -0.015561310176609944]]	0.7888217448622681	0.21117825513773197	[[0.06894953181961853, -0.04996708704964533, -0.784212342061244], [0.5616396506790944, -0.5474491559062562, 0.0842619110283269], [-0.5495876727279038, -0.5657229508132526, -0.012275099845856424]]	0.91438543811087	0.14500957057718283	[[0.054651409838705776, -0.05465140983870579, -0.853533830703227], [0.684239141019567, -0.6720706172659213, 0.09024353095121822], [-0.6188076666118677, -0.6292293573728461, 0.0]]	[[-0.0252734252346852, 0.003269377817815334, 0.055508485432247165], [0.03319836863783089, -0.03747916548720343, -0.007431089371461599], [0.0182627085150029, 0.026544689929908244, 0.014229035423418624]]	0.173706897385839	[[0.0, 0.0, -0.8902771279999999], [0.7071067811865475, -0.7071067811865476, 0.0], [-0.6295209943440839, -0.6295209943440838, 0.0]]
9	[[0.8592155572171323, 0.2624339665249735, -0.4391776855101157], [-0.4266000482917053, 0.8413623931712975, -0.33184593135155627], [0.2824199444684594, 0.4724804086637203, 0.8348660002631537]]	0.7188942356878868	0.28110576431211337	[[0.617685111296752, 0.18866226578351133, -0.3157223065559697], [-0.306680315661081, 0.6048505745754111, -0.23856212718511197], [0.20303007012166852, 0.33966344226380557, 0.600180355160983]]	0.7952354922539762	0.2654821226763971	[[0.6926956566647363, 0.16362259210906904, -0.2872097279076015], [-0.342066086581067, 0.744222203000149, -0.4026930716973614], [0.21666845796772438, 0.377941971517442, 0.6629430197981374]]	[[0.009416950068895848, -0.04507421244458183, 0.062039955015997204], [-0.0028185871822428, 0.07514096610258895, -0.13879740912652733], [-0.007921905593991543, 0.00220878115338857, -0.0009720548872398605]]	0.3697376026904654	[[0.550622558349861, 0.30114547684053566, -0.32254722693277765], [-0.573223304703363, 0.7803300858899106, -0.2499999999999999], [0.176406936085873, 0.3225472269327776, 0.6022909536810713]]
9	[[0.034229894132735264, 0.2773841392786001, 0.9601491309293217], [-0.1827544195208179, -0.9427759796974285, 0.2788803941677556], [0.9825625356654255, -0.18501754344446375, 0.018422055382213542]]	0.8538983784926529	0.14610162150734704	[[0.029228851095917822, 0.2368578667495769, 0.8198697860116777], [-0.15605370249119246, -0.8050348803454566, 0.23813551637323846], [0.8390085559723364, -0.15798618033992157, 0.015730563219373994]]	0.9084744941696954	0.13894330015914677	[[0.009081967751182746, 0.23096491159518956, 0.8428804450587792], [-0.16560732792382551, -0.8261162582500342, 0.25418515968512256], [0.8752153436757043, -0.1566634350318251, 0.0]]	[[-0.022015018006536144, -0.021031504026633015, -0.029390550989708983], [0.00042040090762583346, 0.030371673020926315, 0.0008294346597255134], [-0.017417658903036384, 0.01142028416140379, -0.01673596744492256]]	0.33394409321695223	[[-0.051668395331210294, 0.19780868617811515, 0.6753610991045236], [-0.2803300858899109, -0.9267766952966368, 0.25000000000000017], [0.6753610991045236, -0.17640693608587307, 0.10333679066242074]]
9	[[-0.30792515101507295, 0.09349718223056193, 0.9468053539599837], [0.3027085282091916, -0.9338174967034747, 0.1906631317268273], [0.9019698710720718, 0.34531602882779927, 0.2592434992682147]]	0.7401959218255076	0.2598040781744923	[[-0.2279249410088606, 0.06920623298923825, 0.7008214617637363], [0.2240636180822452, -0.6912079027892164, 0.14112807254667714], [0.6676344201770266, 0.2556015162793165, 0.1918909809181065]]	0.8353440557827522	0.27605865459409273	[[-0.24112388228940074, 0.074550883463632, 0.7313559585815311], [0.24599185018386432, -0.8490536906059021, 0.11842477714553225], [0.6691593230867858, 0.25558683142655425, 0.16657299882576873]]	[[0.01609956223704678, -0.0035514319451046697, -0.05955226583222573], [-0.006873919490429381, -0.06899479554872479, -0.0408445365993968], [-0.08429584720840458, -0.03287086062125336, -0.04998451728825471]]	0.39246922490057606	[[-0.3528138721717459, 0.10333679066242063, 0.6022909536810713], [0.14644660940672619, -0.9571067811865475, 0.2499999999999999], [0.6022909536810713, 0.17640693608587293, 0.32254722693277765]]
9	[[-0.5446221603179724, 0.8109226453022452, -0.2139887049042392], [-0.8354447797583356, -0.5021691245819775, 0.22328947644507607], [0.07361197229480154, 0.30038414347728, 0.9509735242804028]]	0.7332165134299561	0.26678348657004386	[[-0.3993259615250343, 0.5945818746499094, -0.156900052123278], [-0.6125619085776645, -0.3681986946781708, 0.16371953140465897], [0.053973513672696906, 0.22024661437005494, 0.6972694918370749]]	0.8229693785115673	0.21017683679509788	[[-0.45863197072580975, 0.656939895500044, -0.10742296185394493], [-0.757176330169356, -0.4300940388709726, 0.196413137847428], [0.05415983026203386, 0.18446809711083986, 0.7930467001832988]]	[[-0.010424609925300891, -0.01042460992530089, 0.068683189629592], [-0.06963085899090544, -0.016824226506044895, 0.012652736189250523], [-0.006420568828429661, -0.0627388547613867, 0.010424609925300891]]	0.4019055777169681	[[-0.35281387217174587, 0.49895416301865075, -0.3528138721717459], [-0.8535533905932737, -0.49999999999999983, 0.14644660940672619], [-0.10333679066242055, 0.3528138721717459, 0.6022909536810713]]
9	[[0.22433838825039393, -0.7661379269479729, -0.6022499185961573], [-0.9416906372873723, -0.011392912655017143, -0.3362869982418849], [0.2507808429735371, 0.642575192824231, -0.724020780340167]]	0.6834009542431203	0.31659904575687964	[[0.15331306860368288, -0.5235793903580908, -0.4115781690614554], [-0.6435522801240025, -0.007785927380047283, -0.2298188554980587], [0.17138386739400935, 0.4391364999490365, -0.49479649217631877]]	0.7558555614319808	0.4116981150629214	[[0.20112431191408026, -0.49454450455680554, -0.3911273866113752], [-0.8301304563755934, 0.03198959572906533, -0.18312006803021783], [0.15683255913179284, 0.39112738661137514, -0.4210203631427814]]	[[0.03155689351233312, 0.08454510835078852, 0.06408656373148805], [-0.11834835103350665, 0.04060099212026887, 0.07106432982817767], [-0.03272153573035538, -0.09456664652304728, 0.1262347702696565]]	0.3797824267926113	[[0.11607261088978663, -0.6765207537501418, -0.396296682319964], [-0.8535533905932738, 0.14644660940672602, -0.5], [0.396296682319964, 0.3962966823199641, -0.5604481428603553]]
9	[[-0.3195682178843842, -0.5708200961323295, -0.7563336379995778], [0.910087742671785, 0.03735879733279218, -0.41272826520656647], [0.2638493031197415, -0.8202248094963509, 0.507557688474819]]	0.6949664153748122	0.3050335846251879	[[-0.22208917885082738, -0.39670079603299074, -0.5256264772279574], [0.6324804162011649, 0.025963109465084698, -0.28683228299447244], [0.18336640438826893, -0.5700286956571671, 0.3527355473552706]]	0.7619916782691476	0.26512135357084615	[[-0.29257394195161035, -0.45011806445965097, -0.5544497132448697], [0.7627374082223265, 0.01104616726229811, -0.3348838517335164], [0.19224478939094136, -0.5914573672529413, 0.39921257786199993]]	[[-0.049065619284407856, -0.01515790141802108, 0.02187022490583847], [0.0692581218116729, -0.017420925415433188, -0.02038834825965104], [-0.008806183903415489, 0.03354711189317494, 0.012457843002663494]]	0.3549163074411189	[[-0.38123740839180537, -0.3812374083918055, -0.5391511134316618], [0.8535533905932738, -0.14644660940672602, -0.5], [0.11166185167597473, -0.6508129651076363, 0.38123740839180537]]
9	[[-0.42203838922340475, -0.825029846081567, 0.3757783270710803], [0.2588054115689476, 0.28760896992378115, 0.9221175843470338], [-0.8688517462515349, 0.4864224845687207, 0.09214016247897017]]	0.6847062764879285	0.31529372351207163	[[-0.28897233402012057, -0.5649031139019184, 0.25729777911370244], [0.17720568969029996, 0.19692766688104085, 0.6313796976623007], [-0.594908243995923, 0.3330565282090556, 0.06308894756596838]]	0.8251857428126184	0.2887787770158793	[[-0.2658363797805222, -0.5906102173554777, 0.3171364658668029], [0.26183692751638377, 0.23439252160232096, 0.8295429112523993], [-0.6869545354648898, 0.3524447456022611, 0.023504668055518287]]	[[0.08242368192623402, 0.0901926490259205, 0.007049547909770379], [0.04827439172693626, -0.00293829988380652, 0.06862462745241488], [0.030009538159723664, -0.048944153647338104, -0.052528080362566044]]	0.42345197901216536	[[-0.10333679066242074, -0.6022909536810713, 0.3528138721717459], [0.25000000000000017, 0.45710678118654735, 0.8535533905932738], [-0.6753610991045236, 0.17640693608587307, 0.10333679066242074]]
9	[[0.8787972042104137, -0.3840163418041313, 0.28327887866788265], [-0.395223040501579, -0.9183905790867732, -0.018907472103605397], [0.2674214316928388, -0.09534250611366366, -0.9588511794847616]]	0.7125824477577857	0.28741755224221444	[[0.6262154628589551, -0.2736433048217784, 0.2018595567592406], [-0.2816290016108897, -0.6544290068433432, -0.013473132752499194], [0.19055981837857455, -0.06793939638183606, -0.6832605205126914]]	0.8322899695099644	0.26495723695187473	[[0.6820069123914512, -0.30542258727982197, 0.13357255031056098], [-0.3578024149898789, -0.8404746348085156, -0.027325885197923755], [0.12292580751254367, -0.05099208735917879, -0.7980422189379655]]	[[-0.04940718590627605, 0.014190362131666459, -0.10219761897874796], [-0.02886224266118428, -0.07610736774214655, -0.011589385817303505], [-0.09964636771740012, 0.02836052414716594, 0.0]]	0.403229286866204	[[0.5186633711212586, -0.36675038687291683, 0.3667503868729168], [-0.5, -0.8535533905932737, -0.14644660940672619], [0.3667503868729168, -0.10741870131228756, -0.6260820724335462]]
9	[[0.3802729664721569, 0.7767473726770865, -0.5020517802076895], [0.4287143634067757, 0.332951791095048, 0.839849450446521], [0.8195098935212374, -0.5346088512602871, -0.20639019011321075]]	0.6960709669309193	0.303929033069081	[[0.26469697146996324, 0.5406712947603906, -0.3494636680985557], [0.29841562147372785, 0.23175807516891145, 0.584594819048711], [0.5704370439927824, -0.37212570002657613, -0.14366221919715882]]	0.8248630745271223	0.27909489826537204	[[0.34711780104934153, 0.5512000311664674, -0.4210987124568772], [0.4069405701766467, 0.29433884074941896, 0.7149785695949372], [0.6198952306459329, -0.4210987124568772, -0.07508570145629768]]	[[0.03344467276556887, -0.08951019479081851, -0.006974737462947488], [0.05330992228299581, 0.019699202677445654, 0.022217769759705866], [-0.05608821972938954, 0.019880388263096252, 0.09515794531272256]]	0.3953514412147111	[[0.42822329856799984, 0.42822329856799995, -0.6055991965590087], [0.5, 0.5000000000000001, 0.7071067811865475], [0.6055991965590087, -0.6055991965590086, 0.0]]
9	[[0.5319609947059123, -0.8460851799387872, 0.03402011756955908], [-0.703274286200726, -0.4190807785627857, 0.5742617690636116], [-0.47161719485230363, -0.3294103357928521, -0.8179645788128509]]	0.7176608223831307	0.28233917761686933	[[0.3817675649363932, -0.607202186041049, 0.024414905552540556], [-0.5047124025957223, -0.3007578561883314, 0.4121251734493831], [-0.3384611839077294, -0.23640489248660151, -0.5870211323111018]]	0.7915248190206065	0.25359835569599043	[[0.4510121259418711, -0.6507069976303979, 0.005002348176872609], [-0.6066960093541754, -0.3823895935113473, 0.547946225219946], [-0.3230269469654876, -0.31595255833004215, -0.6474392652101084]]	[[0.02995179588125206, 0.018990421296667975, -0.021925419225432403], [-0.05003695724729953, -0.05067675610442342, 0.09340378239141747], [0.05026976783698801, -0.055216101908087706, 8.765236246647171e-18]]	0.3623016867881506	[[0.5825864270897664, -0.5825864270897663, 0.0], [-0.5, -0.5000000000000001, 0.7071067811865475], [-0.41195081322241583, -0.41195081322241595, -0.5825864270897664]]
9	[[0.8489524140446696, -0.5135124485683378, 0.12483895166604869], [0.522794976890395, 0.7815435453534784, -0.34040431673891397], [0.0772347773085365, 0.35425224329800037, 0.9319550081910795]]	0.7735119293570734	0.2264880706429266	[[0.6566748197200374, -0.3972080048409699, 0.09656441836211974], [0.404388151232676, 0.6045332556429364, -0.2633067998021937], [0.059742021609389975, 0.27401833619250765, 0.7208783164598691]]	0.8881532024829372	0.18822657730067982	[[0.7215049477145357, -0.45860740659334304, 0.061874268326060355], [0.5077630199928892, 0.6662895466506203, -0.29788528238885725], [0.022521282178172786, 0.2777987920791168, 0.8031502330234335]]	[[-0.03249485757485806, -0.002529680882519276, -0.049001846390753376], [0.04344098702569167, -0.02784085603494023, 0.004445901661825297], [-0.0460750326314604, -0.0368314722927668, -0.02456859207148562]]	0.43036480942479727	[[0.550622558349861, -0.30114547684053566, 0.32254722693277765], [0.573223304703363, 0.7803300858899106, -0.2499999999999999], [-0.176406936085873, 0.3225472269327776, 0.6022909536810713]]
9	[[0.04673222253661188, -0.9725397674033924, -0.22799671093185395], [-0.8377629715199755, -0.16246744520517667, 0.5213036857710898], [-0.5440306084466285, 0.16664552219444034, -0.8223502702654952]]	0.6855527314784495	0.31444726852155036	[[0.032037402808032966, -0.6667272940148117, -0.15630376794743497], [-0.5743306934570218, -0.11138000083673413, 0.35738116571015405], [-0.3729616696284691, 0.1142442929290512, -0.5637644740125516]]	0.7680740155738206	0.3828281310263536	[[-0.010794959606015979, -0.8141968670116868, -0.12952319347971225], [-0.6883015337482725, -0.15083916358992466, 0.2741717994025705], [-0.2768878264712962, 0.03648237086148741, -0.5927472705122615]]	[[-0.04668876542640098, -0.06721434255693362, 0.045595155823340415], [-0.04483756411386873, -0.026052140551164924, -0.1262280158610636], [0.1409679475533747, -0.09151372454779266, 0.03887860377877424]]	0.3268742599157646	[[0.10333679066242074, -0.6753610991045236, -0.17640693608587296], [-0.8535533905932738, -0.2500000000000001, 0.4571067811865474], [-0.3528138721717459, 0.10333679066242063, -0.6022909536810713]]
9	[[-0.8305561570912853, 0.32773595720904825, 0.4502950280316503], [-0.5100865793185324, -0.772219296347621, -0.37879947194723407], [0.22358030216652452, -0.5443036842615101, 0.808545204538665]]	0.6893439078816352	0.31065609211836476	[[-0.57253882704446, 0.22592278549581374, 0.3104081343230083], [-0.35162507594541276, -0.5323246674858756, -0.2611231082956061], [0.15412371922082885, -0.3752124287832011, 0.5573657109956394]]	0.7775694686002567	0.37569015423199287	[[-0.617090758785865, 0.24515396717343152, 0.19800602949641546], [-0.5659652583615735, -0.6263326182371425, -0.30446247650080266], [0.17881754264433525, -0.275499050070746, 0.596573282402912]]	[[0.028724350926276867, -0.0096835069148046, -0.1521296361634926], [-0.16933750794073948, -0.02587847033325838, -0.009919572392734116], [0.0049683258992259905, 0.14773487645763833, -0.03212678262950358]]	0.44309829807332396	[[-0.5825864270897664, 0.41195081322241595, 0.41195081322241583], [-0.7071067811865475, -0.5000000000000001, -0.5], [0.0, -0.5825864270897663, 0.5825864270897664]]
