9	[[-0.3195682178843842, -0.5708200961323295, -0.7563336379995778], [0.910087742671785, 0.03735879733279218, -0.41272826520656647], [0.2638493031197415, -0.8202248094963509, 0.507557688474819]]	0.5256365627113951	0.47436343728860475	[[-0.1679767396005539, -0.30004391325758584, -0.39755661374110274], [0.4783753928237699, 0.019637149817040497, -0.21694506665701674], [0.13868884076565793, -0.4311401495142708, 0.26679087874764496]]	0.6899269150491254	0.49508305876659475	[[-0.23931241827420713, -0.3775502411501031, -0.3828743688457178], [0.7782343714006277, 0.014403032083808803, -0.22773155982778073], [0.16300346701792762, -0.3828743688457178, 0.31367322342565496]]	[[-0.018833703561487225, 0.016273906822520275, 0.13894056476721273], [0.15034034267506075, -0.011371807709949975, 0.05702077893976294], [-0.019033268721337163, 0.18302080361685608, -0.036504486793241885]]	0.5136116871218277	[[-0.2784991288312656, -0.27849912883126565, -0.3938572451022678], [0.8535533905932738, -0.14644660940672602, -0.5], [0.08157050628013186, -0.4754277513823995, 0.2784991288312656]]
9	[[0.8592155572171323, 0.2624339665249735, -0.4391776855101157], [-0.4266000482917053, 0.8413623931712975, -0.33184593135155627], [0.2824199444684594, 0.4724804086637203, 0.8348660002631537]]	0.5539788607820515	0.44602113921794856	[[0.47598725555336263, 0.1453828698060199, -0.24329515389979195], [-0.236327408762207, 0.4660969800738959, -0.18383563100529388], [0.1564546790987674, 0.26174415853336586, 0.4624981157314497]]	0.7433588649646182	0.45269393108788364	[[0.4647935973911093, 0.1878510224800606, -0.2863144549642612], [-0.35296560434392144, 0.7495605980865323, -0.25164859630817893], [0.23837218197463994, 0.31157085838140275, 0.46148943641582085]]	[[-0.1739119039817602, -0.007231593004106366, 0.04015217085432652], [-0.035848676651947964, 0.12412640447480175, -0.004967981435559453], [0.028432812611195454, -0.03965164192087936, -0.15911560593734786]]	0.5501682389464134	[[0.5619500549676577, -0.09641538667983753, -0.32918272082374755], [-0.14644660940672619, 0.8535533905932737, -0.5], [0.32918272082374755, 0.3291827208237476, 0.46553466828782014]]
9	[[0.034229894132735264, 0.2773841392786001, 0.9601491309293217], [-0.1827544195208179, -0.9427759796974285, 0.2788803941677556], [0.9825625356654255, -0.18501754344446375, 0.018422055382213542]]	0.7654259423055655	0.23457405769443443	[[0.02620044897156863, 0.21231701618794077, 0.7349230532954459], [-0.13988497377222864, -0.721625192642957, 0.21346228849640186], [0.7520788547358542, -0.14161722753403955, 0.014100719100136114]]	0.872564218797197	0.19611810914798666	[[0.009209753059471235, 0.21258790008857628, 0.7854221282762119], [-0.16817898921191046, -0.8238321616601503, 0.2571277953621056], [0.8148752440451226, -0.14529659316846744, 0.0]]	[[-0.02065802777396967, -0.029447574707788353, -0.05236964808193927], [-0.00871402191099279, -0.001199575434701415, 0.013786742087263514], [-0.04247366730717247, 0.016143095090927543, -0.016074426363219863]]	0.3740392085243431	[[0.0, 0.0, 0.9198], [0.0, -1.0, 0.0], [0.9198, 0.0, 0.0]]
9	[[0.04673222253661188, -0.9725397674033924, -0.22799671093185395], [-0.8377629715199755, -0.16246744520517667, 0.5213036857710898], [-0.5440306084466285, 0.16664552219444034, -0.8223502702654952]]	0.5387524294828783	0.4612475705171216	[[0.025177098426734205, -0.5239581624572911, -0.12283378192864185], [-0.45134683623718214, -0.0875297308161654, 0.2808536272075536], [-0.2930978120136696, 0.08978067994469766, -0.4430432059914371]]	0.7071458083806915	0.4601920888114386	[[-0.0028803825553098926, -0.7118611842308232, -0.1117489979924089], [-0.6727090119576725, -0.15087043294318656, 0.28101334979136217], [-0.2465954018820284, 0.019812974817177115, -0.5137600084363365]]	[[-0.03592687783838856, -0.024133764227981497, 0.04947792046763585], [-0.08028843823076925, -0.035982260068026295, -0.0876243664950692], [0.13811356251180223, -0.09802970768803289, 0.06776153820263728]]	0.4826298492005571	[[-0.08868287266811466, -0.5168816605592514, -0.30278226661368296], [-0.8535533905932738, -0.14644660940672602, 0.5], [-0.30278226661368296, 0.302782266613683, -0.4281987878911369]]
9	[[0.3802729664721569, 0.7767473726770865, -0.5020517802076895], [0.4287143634067757, 0.332951791095048, 0.839849450446521], [0.8195098935212374, -0.5346088512602871, -0.20639019011321075]]	0.5600502918135619	0.4399497081864383	[[0.21297198584154037, 0.4350175927332199, -0.2811742460108348], [0.24010160433063016, 0.18646974776262976, 0.4703579298020339], [0.45896675501067014, -0.2994078431544369, -0.1155888862003602]]	0.753308495254299	0.38026389980422765	[[0.29896148125531985, 0.43737344087993424, -0.3549232047408797], [0.4118469814010994, 0.3128538545649401, 0.7115687665112224], [0.5403281891248725, -0.38445964882034805, -0.03833573259807507]]	[[0.012498625096290746, -0.14775695362417213, 0.023276666347117003], [0.08889280940923651, 0.06203844182290574, 0.07890304075520368], [-0.07701557560962177, 0.01826574047216815, 0.11713975095135643]]	0.45930464008802857	[[0.3578851063532807, 0.35788510635328075, -0.5061259711761472], [0.5, 0.5000000000000001, 0.7071067811865475], [0.5061259711761472, -0.5061259711761471, 0.0]]
9	[[-0.42203838922340475, -0.825029846081567, 0.3757783270710803], [0.2588054115689476, 0.28760896992378115, 0.9221175843470338], [-0.8688517462515349, 0.4864224845687207, 0.09214016247897017]]	0.5475869814105904	0.45241301858940963	[[-0.2311027275942321, -0.45177560298944924, 0.20577131980037433], [0.14171847409376553, 0.15749092766717257, 0.5049395845182179], [-0.47577190502319827, 0.26635862001522526, 0.05045475343854061]]	0.7484984196775394	0.40146660073123713	[[-0.22446890170495523, -0.4919028636191769, 0.27132606611856497], [0.2689269112781885, 0.23567905470877437, 0.8286945495494563], [-0.5706237910770574, 0.29385714904129007, 0.023589816080850798]]	[[0.0914261656720175, 0.12563067235967953, -0.009943417843208176], [0.07521146971483603, 0.020404195235739164, 0.13849099490883143], [0.07971036792628683, -0.07022931195401971, -0.04537694992349008]]	0.5729541098301986	[[-0.3578851063532807, -0.35788510635328075, 0.5061259711761472], [0.5, 0.5000000000000001, 0.7071067811865475], [-0.5061259711761472, 0.5061259711761471, 0.0]]
9	[[0.22433838825039393, -0.7661379269479729, -0.6022499185961573], [-0.9416906372873723, -0.011392912655017143, -0.3362869982418849], [0.2507808429735371, 0.642575192824231, -0.724020780340167]]	0.5102009262722568	0.4897990737277433	[[0.11445765348377615, -0.3908842799811623, -0.3072684663151507], [-0.4804514354059292, -0.005812674589528652, -0.17157393799632642], [0.127948618376436, 0.3278424585784966, -0.3693960727699154]]	0.6970827867649773	0.4914255088134621	[[0.18636080356095083, -0.4259301920595219, -0.33551563938150336], [-0.815024365008199, 0.046112952823264594, -0.20407624545226793], [0.14607169761572633, 0.3355156393815033, -0.35705166677348965]]	[[0.02997837470100274, 0.10813136910371364, 0.0843024122024867], [-0.15858803129743, 0.054054756126193926, 0.030343632435014194], [-0.028743311271537095, -0.11241246673845436, 0.14765075646178738]]	0.5049604271710112	[[0.08868287266811466, -0.5168816605592514, -0.30278226661368296], [-0.8535533905932738, 0.14644660940672602, -0.5], [0.30278226661368296, 0.302782266613683, -0.4281987878911369]]
9	[[-0.8305561570912853, 0.32773595720904825, 0.4502950280316503], [-0.5100865793185324, -0.772219296347621, -0.37879947194723407], [0.22358030216652452, -0.5443036842615101, 0.808545204538665]]	0.535932646563126	0.46406735343687383	[[-0.44512215938923194, 0.17564439892094463, 0.24132780610721938], [-0.27337205043051305, -0.41385753121869545, -0.2030110035173958], [0.11982398305948894, -0.29171011404033126, 0.4333257713343308]]	0.7260752451974642	0.41683746225788204	[[-0.5204337778357051, 0.18197236752796705, 0.23771541288571232], [-0.4403726831623789, -0.6711310265376058, -0.2599452217029072], [0.13457709218062686, -0.34026965139867604, 0.4909770401478786]]	[[0.0826124875746134, -0.05598859796261828, -0.08923266000356721], [-0.07001144501173964, -0.11044171159579362, 0.015091697771850751], [-0.027759030536255596, 0.054935779613383154, -0.09608761749076655]]	0.5400228308321279	[[-0.46553466828782014, 0.3291827208237476, 0.32918272082374755], [-0.7071067811865475, -0.5000000000000001, -0.5], [0.0, -0.4655346682878201, 0.46553466828782014]]
9	[[0.8489524140446696, -0.5135124485683378, 0.12483895166604869], [0.522794976890395, 0.7815435453534784, -0.34040431673891397], [0.0772347773085365, 0.35425224329800037, 0.9319550081910795]]	0.680380837114989	0.319619162885011	[[0.5776109541385029, -0.3493840296258932, 0.08493803043910386], [0.3556996840161983, 0.531747251629416, -0.23160457398037815], [0.05254906243957182, 0.24102643784495625, 0.6340843286265531]]	0.826280748092126	0.2614022894649582	[[0.6604592253778998, -0.40922612865259367, 0.04930438846041631], [0.476485823656521, 0.6266423181623308, -0.26395042940372543], [0.027752390170515874, 0.22695301481337593, 0.7286293774003789]]	[[-0.04101381039354627, 0.015079321505071831, -0.05384763391324318], [0.04451039905271958, -0.019132067158913687, 0.017319104085093476], [-0.036065219402710444, -0.06575879379220963, -0.0414271039559497]]	0.4546239106482268	[[0.6503968173353865, -0.6503968173353863, 0.0], [0.7071067811865475, 0.7071067811865476, 0.0], [0.0, 0.0, 0.9198]]
9	[[0.5319609947059123, -0.8460851799387872, 0.03402011756955908], [-0.703274286200726, -0.4190807785627857, 0.5742617690636116], [-0.47161719485230363, -0.3294103357928521, -0.8179645788128509]]	0.5771246184810991	0.42287538151890086	[[0.3070077861164756, -0.48829658667468473, 0.019633847373013914], [-0.4058769041111613, -0.2418618344408096, 0.33142060437911786], [-0.2721818936482619, -0.1901108143681805, -0.47206749547841953]]	0.7135588779691356	0.4754118522438985	[[0.4355896786848463, -0.5597048229233252, 0.08712741221280439], [-0.5225144874102231, -0.3450946031959887, 0.33454264764423663], [-0.24323076232030838, -0.10974648950078328, -0.506270341725065]]	[[0.056004188179150295, 0.0440267687401102, 0.0628520552914917], [-0.020686876844288236, -0.046055793066295724, -0.07522693594936508], [0.0932958740694526, 0.1253071800990005, 0.07739554535112933]]	0.46881465281238244	[[0.46553466828782014, -0.4655346682878201, 0.0], [-0.5, -0.5000000000000001, 0.7071067811865475], [-0.32918272082374755, -0.3291827208237476, -0.46553466828782014]]
9	[[-0.5446221603179724, 0.8109226453022452, -0.2139887049042392], [-0.8354447797583356, -0.5021691245819775, 0.22328947644507607], [0.07361197229480154, 0.30038414347728, 0.9509735242804028]]	0.602177900642676	0.39782209935732404	[[-0.32795942914375553, 0.48831969613171133, -0.1288592690804799], [-0.5030863835777575, -0.3023951492083456, 0.13445998816129817], [0.04432750293865042, 0.18088469290549683, 0.5726552404179397]]	0.7677248468634237	0.33192801867693145	[[-0.4414496494673982, 0.5889888934009329, -0.08736367984461753], [-0.7319897735012248, -0.3938685929445983, 0.10486451350831441], [0.06927249995942929, 0.09315007502440453, 0.7049676287164668]]	[[-0.023329684838855905, -0.03357657028181584, 0.07692076585849188], [-0.09059805789841001, -0.008340878675360276, -0.06656036560169565], [0.01275875980208821, -0.13746229552689096, -0.025118374582875712]]	0.43564282011499206	[[-0.5982349925850884, 0.5982349925850883, 0.0], [-0.7071067811865475, -0.7071067811865476, 0.0], [0.0, 0.0, 0.8460320399999999]]
9	[[0.08740825448676931, -0.06334395238859675, -0.994156597696443], [0.7119981850616444, -0.6940087028176986, 0.10681996481098455], [-0.6967197295301035, -0.717174639895393, -0.015561310176609944]]	0.6349966134685552	0.3650033865314449	[[0.05550394558829617, -0.04022319525047233, -0.6312860727946622], [0.4521164363099018, -0.4406931760069435, 0.06783031590580543], [-0.44241466878834335, -0.455403467599105, -0.00988137926328108]]	0.8461470716648417	0.25529339997753936	[[0.047705819376164166, -0.04770581937616417, -0.7425103274305959], [0.6733020944608802, -0.6649340945212759, 0.09425680975292434], [-0.5324716000407698, -0.5395511961003929, 0.0]]	[[-0.026254419197150946, 0.00589248044512412, 0.09869236648653151], [0.07084691514028761, -0.07770066292216495, 0.0038714093327683287], [0.05705575887224801, 0.06728402531938119, 0.013167157037206804]]	0.2616807069883674	[[0.0, 0.0, -0.7781802703919999], [0.7071067811865475, -0.7071067811865476, 0.0], [-0.5502565461797643, -0.5502565461797642, 0.0]]
9	[[-0.30792515101507295, 0.09349718223056193, 0.9468053539599837], [0.3027085282091916, -0.9338174967034747, 0.1906631317268273], [0.9019698710720718, 0.34531602882779927, 0.2592434992682147]]	0.6084124871794395	0.3915875128205608	[[-0.18734550699418506, 0.056884853185165465, 0.5760482002776033], [0.18417164853818174, -0.568146225741039, 0.1160018301873401], [0.5487697326198774, 0.21009458396204836, 0.15772698217487569]]	0.7996534615057899	0.3008366225618904	[[-0.17741413586793797, 0.07254722258820795, 0.7285240751131334], [0.2610346937613499, -0.8372649200070237, 0.13184254343156396], [0.6697178063992933, 0.24456815757825265, 0.10486691327973004]]	[[0.06881927702595822, -0.0022181228234985015, -0.028592103553182067], [0.018972771351546815, -0.09053452635341888, -0.02062188983532788], [-0.051545523177419866, -0.031565000187330126, -0.10243804828297157]]	0.4825237722482651	[[0.0, 0.0, 0.9198], [0.0, -1.0, 0.0], [0.9198, 0.0, 0.0]]
9	[[0.8787972042104137, -0.3840163418041313, 0.28327887866788265], [-0.395223040501579, -0.9183905790867732, -0.018907472103605397], [0.2674214316928388, -0.09534250611366366, -0.9588511794847616]]	0.5918806381714697	0.4081193618285305	[[0.5201430500513629, -0.22729183745530246, 0.16766728348644472], [-0.2339248654321432, -0.5435776020405451, -0.01119096665489122], [0.15828156765108553, -0.056431383363422516, -0.5675254480249071]]	0.7959948428487784	0.3609831701012025	[[0.5565951118886342, -0.23624507794840602, 0.22685953915161128], [-0.34550613626035065, -0.8471789906337283, -0.023436417167248216], [0.2036369940469656, -0.07589214317075439, -0.6462380173445115]]	[[-0.14292293057277997, 0.0694299496973363, 0.001371012643991843], [-0.03091063424607984, -0.11614482595975348, -0.008386166881471174], [-0.009229086447770908, 0.0, 0.11700257658482724]]	0.5097917832405708	[[0.5982349925850884, -0.5982349925850883, 0.0], [-0.7071067811865475, -0.7071067811865476, 0.0], [0.0, 0.0, -0.8460320399999999]]
