9	[[0.8489524140446696, -0.5135124485683378, 0.12483895166604869], [0.522794976890395, 0.7815435453534784, -0.34040431673891397], [0.0772347773085365, 0.35425224329800037, 0.9319550081910795]]	0.7992307163315802	0.20076928366842	[[0.6785088460083454, -0.41041492211445635, 0.09977512476613959], [0.4178338038746622, 0.6246336075971833, -0.27206158590960433], [0.0617284063940117, 0.28312927417313005, 0.74484706878536]]	0.8963992063637708	0.1745709691395783	[[0.7344655142420576, -0.4639415212867349, 0.06460267321380994], [0.5078979571662917, 0.6666236492707854, -0.296943750138628], [0.02185001620916261, 0.2855796578245138, 0.8156806133852751]]	[[-0.026534755948191602, -0.0036293699321602486, -0.04730286398292126], [0.03926495479077586, -0.03395136452280027, 0.00819440922893618], [-0.04738317687389208, -0.031971771920399225, -0.019723116323950185]]	0.403317199749896	[[0.5921312334284446, -0.32384732506669656, 0.34686244583767384], [0.573223304703363, 0.7803300858899106, -0.2499999999999999], [-0.18970537088582243, 0.34686244583767384, 0.6476946501333931]]
9	[[0.3802729664721569, 0.7767473726770865, -0.5020517802076895], [0.4287143634067757, 0.332951791095048, 0.839849450446521], [0.8195098935212374, -0.5346088512602871, -0.20639019011321075]]	0.7291766952614268	0.2708233047385734	[[0.27728618498942664, 0.566386082261674, -0.3660844579419592], [0.312608522720059, 0.2427806867120601, 0.6123986467937196], [0.5975675158918596, -0.38982431541948376, -0.15049491676112856]]	0.8378746002447535	0.2588143720158153	[[0.3465233831549189, 0.5749364478767895, -0.42672945787242506], [0.4048574276190014, 0.2935088964147543, 0.7167179379531496], [0.6404360344152051, -0.42672945787242506, -0.0780350984437604]]	[[0.02790232338817393, -0.07588044649618697, -0.006073023228740515], [0.04564855176036525, 0.014537047550216255, 0.013029415394494915], [-0.046210490015522035, 0.02120571966459489, 0.09489399959178474]]	0.38636245440497563	[[0.4422814486924807, 0.4422814486924808, -0.6254804231269266], [0.5, 0.5000000000000001, 0.7071067811865475], [0.6254804231269266, -0.6254804231269265, 0.0]]
9	[[0.034229894132735264, 0.2773841392786001, 0.9601491309293217], [-0.1827544195208179, -0.9427759796974285, 0.2788803941677556], [0.9825625356654255, -0.18501754344446375, 0.018422055382213542]]	0.8648347894831061	0.13516521051689392	[[0.029603203286313107, 0.23989145369896073, 0.8303703715196473], [-0.15805237993339377, -0.8153454659313547, 0.24118546698103654], [0.8497542636861952, -0.1600096082354742, 0.01593203438832277]]	0.9147725713541657	0.13060571911236055	[[0.009052903975346286, 0.23445549917768901, 0.8536304282826221], [-0.1651647155026082, -0.8265022658376397, 0.2536958673531639], [0.8865181596444488, -0.15880732769373412, 0.0]]	[[-0.02225966429763681, -0.019287903163058034, -0.024687661101060937], [0.002014014768788335, 0.035923341321119524, -0.0014162679199371778], [-0.01230309762248164, 0.010441646268589004, -0.016851990971616326]]	0.28931921016461537	[[-0.05556341670494831, 0.21272049165679996, 0.7262731876093187], [-0.2803300858899109, -0.9267766952966368, 0.25000000000000017], [0.7262731876093187, -0.1897053708858225, 0.11112683340989679]]
9	[[-0.30792515101507295, 0.09349718223056193, 0.9468053539599837], [0.3027085282091916, -0.9338174967034747, 0.1906631317268273], [0.9019698710720718, 0.34531602882779927, 0.2592434992682147]]	0.7734988384679069	0.2265011615320932	[[-0.23817974664521377, 0.07231996185536185, 0.7323528415432431], [0.23414469496413937, -0.722306749041146, 0.14747771092935444], [0.6976726476072953, 0.2671015472026529, 0.20052454556431976]]	0.8419274779981513	0.27016099872870386	[[-0.24909834088171934, 0.07620114751004013, 0.735955578164281], [0.2445816883824632, -0.8497520384270247, 0.11814897816592523], [0.6732196461926516, 0.25922263409111523, 0.17289719337167925]]	[[0.010152304924600834, -0.0025166993252704207, -0.06118586565039487], [-0.01027693934123361, -0.06354542851692135, -0.04237555147607176], [-0.08617357258937527, -0.03150841917221067, -0.04536703215462432]]	0.35625091571062023	[[-0.37941074177164474, 0.11112683340989667, 0.6476946501333931], [0.14644660940672619, -0.9571067811865475, 0.2499999999999999], [0.6476946501333931, 0.18970537088582237, 0.34686244583767384]]
9	[[-0.42203838922340475, -0.825029846081567, 0.3757783270710803], [0.2588054115689476, 0.28760896992378115, 0.9221175843470338], [-0.8688517462515349, 0.4864224845687207, 0.09214016247897017]]	0.7155236708867441	0.28447632911325604	[[-0.30197845751225905, -0.5903283840594082, 0.26887828802557895], [0.18518139813116805, 0.20579102593981907, 0.6597969589412064], [-0.6216839909342561, 0.34804680176046165, 0.0659284672930538]]	0.8381739124548548	0.2664863688275803	[[-0.2734429404537758, -0.6111199569311858, 0.32646446326240164], [0.2609709682281721, 0.23441632747982463, 0.8299164474066532], [-0.7106240473460882, 0.36321746496553337, 0.023489249959375114]]	[[0.0802986274477502, 0.08039853705102795, 0.011496872645494191], [0.044047023848938334, -0.006650008098301784, 0.05702154399108005], [0.017624820152793607, -0.044489172031442634, -0.053740230519849316]]	0.39157639581757625	[[-0.11112683340989679, -0.647694650133393, 0.37941074177164474], [0.25000000000000017, 0.45710678118654735, 0.8535533905932738], [-0.7262731876093187, 0.1897053708858225, 0.11112683340989679]]
9	[[-0.5446221603179724, 0.8109226453022452, -0.2139887049042392], [-0.8354447797583356, -0.5021691245819775, 0.22328947644507607], [0.07361197229480154, 0.30038414347728, 0.9509735242804028]]	0.763805161508165	0.23619483849183506	[[-0.41598521712259456, 0.6193869020657099, -0.16344567731030546], [-0.6381170349344688, -0.3835593693057511, 0.17054965461920493], [0.05622520438756546, 0.2294349592231556, 0.7263584863029818]]	0.8391459221397572	0.19014012007313555	[[-0.4741923264094011, 0.6633075695045344, -0.1201347584352908], [-0.7599037104318025, -0.4542850280069793, 0.2073932958756209], [0.04637914726712336, 0.19741400494507935, 0.8151804164344029]]	[[-0.01717486147162948, -0.017174861471629478, 0.05943299066906944], [-0.058843630324647504, -0.03289185488952119, 0.020020842260013876], [-0.01539203910472413, -0.05465212412932397, 0.01717486147162948]]	0.37124519821812224	[[-0.37941074177164474, 0.5365678167234964, -0.37941074177164474], [-0.8535533905932737, -0.49999999999999983, 0.14644660940672619], [-0.11112683340989658, 0.3794107417716448, 0.6476946501333931]]
9	[[0.8787972042104137, -0.3840163418041313, 0.28327887866788265], [-0.395223040501579, -0.9183905790867732, -0.018907472103605397], [0.2674214316928388, -0.09534250611366366, -0.9588511794847616]]	0.7497089081988546	0.2502910918011454	[[0.6588420924967953, -0.28790047234449345, 0.21237669884189414], [-0.2963022341894705, -0.6885255983472587, -0.014175100267594307], [0.20048822958341272, -0.07147912616341744, -0.7188592708967046]]	0.8392133767135069	0.2572833906676264	[[0.6869353661482018, -0.30922208450275185, 0.13883006319547977], [-0.35856087407547743, -0.8404866883238002, -0.026538326352250795], [0.12722846544344543, -0.05296835009389968, -0.8046807361011357]]	[[-0.05056300304360897, 0.01304956641586146, -0.09890136112300983], [-0.026884411701168093, -0.06976102930651623, -0.010670922843067674], [-0.0971951772530622, 0.02704435640607616, 0.0]]	0.37547675582830115	[[0.5532767753387259, -0.39122575971503903, 0.3912257597150389], [-0.5, -0.8535533905932737, -0.14644660940672619], [0.3912257597150389, -0.1145873720456761, -0.667864147384402]]
9	[[0.8592155572171323, 0.2624339665249735, -0.4391776855101157], [-0.4266000482917053, 0.8413623931712975, -0.33184593135155627], [0.2824199444684594, 0.4724804086637203, 0.8348660002631537]]	0.7593383179107513	0.24066168208924868	[[0.6524352959400062, 0.19927616670371984, -0.33348444497918817], [-0.3239337630904688, 0.6388787043840572, -0.25198333131801737], [0.21445228557712775, 0.3587724787604939, 0.6339457443207003]]	0.8060152018721813	0.2354520670374216	[[0.7117406947785768, 0.17377383088448814, -0.31170148142826176], [-0.3462150884067326, 0.7322064921991431, -0.39570372539457505], [0.22147169566833497, 0.38264113066604666, 0.6740827701201741]]	[[0.019199893976491182, -0.03775193562225565, 0.04228240941593157], [-0.0023689643642115146, 0.0540556130195184, -0.12823086004578843], [-0.006163072885140591, 0.0018147386963074056, 0.0011680823818476793]]	0.32874659939287293	[[0.5921312334284446, 0.32384732506669656, -0.34686244583767384], [-0.573223304703363, 0.7803300858899106, -0.2499999999999999], [0.18970537088582243, 0.34686244583767384, 0.6476946501333931]]
9	[[-0.8305561570912853, 0.32773595720904825, 0.4502950280316503], [-0.5100865793185324, -0.772219296347621, -0.37879947194723407], [0.22358030216652452, -0.5443036842615101, 0.808545204538665]]	0.7351419635809118	0.26485803641908817	[[-0.6105766841883039, 0.2409324551187294, 0.33103077109790907], [-0.3749860495164964, -0.5676908098320601, -0.2784713876107021], [0.16436326235271242, -0.4001404792323312, 0.5943955093084841]]	0.7849316837886863	0.36182460656885856	[[-0.6350584932672111, 0.25971594286964494, 0.19570942537211283], [-0.5652209593925965, -0.6242899760930767, -0.3023742399967651], [0.17103482573904943, -0.2828548393775746, 0.6152534947011381]]	[[0.016871349599512052, 0.002465606139449888, -0.1577414091824442], [-0.16483784181008956, -0.01815058355682403, -0.005042532662957389], [-0.004460437302503868, 0.14438636800219792, -0.019399254116663933]]	0.4256178766855844	[[-0.6065909143484933, 0.42892454894196785, 0.42892454894196774], [-0.7071067811865475, -0.5000000000000001, -0.5], [0.0, -0.6065909143484932, 0.6065909143484933]]
9	[[0.5319609947059123, -0.8460851799387872, 0.03402011756955908], [-0.703274286200726, -0.4190807785627857, 0.5742617690636116], [-0.47161719485230363, -0.3294103357928521, -0.8179645788128509]]	0.7534799935152522	0.2465200064847479	[[0.40082196684137794, -0.6375082558936283, 0.025633477965699522], [-0.5299031046059666, -0.31576898231385464, 0.4326947540301073], [-0.35535412091899515, -0.2482040976770553, -0.6163199455396128]]	0.8166325121165584	0.2275924250398944	[[0.47276553010134914, -0.6722034865185206, 0.0046420551971516726], [-0.6034965981060976, -0.3848406600092516, 0.5550270448789894], [-0.3401520563375535, -0.33358719892045724, -0.6679764688183012]]	[[0.03834888664663669, 0.01873717943948142, -0.023139878876178018], [-0.029179951059019243, -0.04260567103176075, 0.08606621379607345], [0.044985878252047605, -0.06458000888478135, 9.565005332243135e-18]]	0.3437576170564002	[[0.6065909143484933, -0.6065909143484932, 0.0], [-0.5, -0.5000000000000001, 0.7071067811865475], [-0.42892454894196774, -0.42892454894196785, -0.6065909143484933]]
9	[[-0.3195682178843842, -0.5708200961323295, -0.7563336379995778], [0.910087742671785, 0.03735879733279218, -0.41272826520656647], [0.2638493031197415, -0.8202248094963509, 0.507557688474819]]	0.7317538332219231	0.26824616677807694	[[-0.23384526841279676, -0.4176997934249388, -0.5534500388008734], [0.6659601942683661, 0.027337443152831667, -0.30201549014393947], [0.19307273895080393, -0.6002026484526763, 0.3714072841227075]]	0.78633017881859	0.23898773519626224	[[-0.29217152590822604, -0.46550068453835286, -0.5774472960602833], [0.7734780430169451, 0.0030828446233397075, -0.3153223383937509], [0.18700808432990257, -0.6137318755020059, 0.4267237911721034]]	[[-0.04088539199446005, -0.0166476162733733, 0.01728066875443936], [0.05784858558123333, -0.026293505163802272, 0.009218352189614906], [-0.020464585373404093, 0.03123564562070382, 0.027615863232948762]]	0.325147547543789	[[-0.4034087025314899, -0.40340870253149, -0.5705060582993667], [0.8535533905932738, -0.14644660940672602, -0.5], [0.11815567338180678, -0.6886617316811734, 0.4034087025314899]]
9	[[0.04673222253661188, -0.9725397674033924, -0.22799671093185395], [-0.8377629715199755, -0.16246744520517667, 0.5213036857710898], [-0.5440306084466285, 0.16664552219444034, -0.8223502702654952]]	0.7240733902531713	0.2759266097468286	[[0.033837558806150275, -0.7041901665398052, -0.16508635145099976], [-0.6066018750170398, -0.11763835385548363, 0.37746212710774685], [-0.3939180870594459, 0.12066358822583853, -0.595441948166749]]	0.7789541453370741	0.36975242304673084	[[-0.028340052076809397, -0.8314402836479404, -0.14826811314332788], [-0.6839807468275515, -0.14869697947828364, 0.27272634005267576], [-0.2889190971165324, 0.0364335338860001, -0.6036033285056048]]	[[-0.06474231054251799, -0.07387640032391402, 0.029330869960258358], [-0.03140180735216134, -0.022142289553387248, -0.1333453269582101], [0.13485580052321958, -0.09337568642922062, 0.036969823436766]]	0.28034418854926657	[[0.11112683340989679, -0.7262731876093187, -0.18970537088582237], [-0.8535533905932738, -0.2500000000000001, 0.4571067811865474], [-0.37941074177164474, 0.11112683340989667, -0.6476946501333931]]
9	[[0.22433838825039393, -0.7661379269479729, -0.6022499185961573], [-0.9416906372873723, -0.011392912655017143, -0.3362869982418849], [0.2507808429735371, 0.642575192824231, -0.724020780340167]]	0.725433136001117	0.27456686399888297	[[0.16274250051391947, -0.5557818389552627, -0.43689204710362783], [-0.683133592150269, -0.0082647963555159, -0.24395373173101276], [0.1819247333672967, 0.46614533724700447, -0.5252286652121434]]	0.7608742078167213	0.25648035772793165	[[0.17069329344289855, -0.6650676625608003, -0.37610335540361955], [-0.8353768948764198, -0.04068495114470799, -0.2878884811399541], [0.22965436294446157, 0.41816228342482503, -0.6216453450621575]]	[[-1.222466147611943e-17, -0.08213307431591646, 0.08213307431591646], [-0.11886877722196704, -0.032016377753596705, -0.03201637775359671], [0.03884168771136197, -0.07075660737798874, -0.07075660737798874]]	0.3578229159985297	[[0.12183509319633615, -0.7101069619315049, -0.41597102756392035], [-0.8535533905932738, 0.14644660940672602, -0.5], [0.41597102756392035, 0.41597102756392046, -0.5882718687351689]]
9	[[0.08740825448676931, -0.06334395238859675, -0.994156597696443], [0.7119981850616444, -0.6940087028176986, 0.10681996481098455], [-0.6967197295301035, -0.717174639895393, -0.015561310176609944]]	0.8260254866728436	0.1739745133271563	[[0.07220144595165737, -0.05232371909957205, -0.8211986874412228], [0.5881286473257262, -0.5732688765001784, 0.08823601341936953], [-0.5755082536596758, -0.5924045309490135, -0.012854038811901301]]	0.9271927013846475	0.12352950918619436	[[0.0564014253435249, -0.056401425343524915, -0.8752072841277752], [0.6844105999986048, -0.6717272429606903, 0.09017296666386562], [-0.6342940493383282, -0.6455132763883538, 0.0]]	[[-0.024642870257379462, 0.002330624988038601, 0.0465674572897602], [0.024251079410332534, -0.02824743901069349, -0.008869725071044134], [0.011699398792669395, 0.019445815340817428, 0.014428333219735379]]	0.15876476403982273	[[0.0, 0.0, -0.9121085763919999], [0.7071067811865475, -0.7071067811865476, 0.0], [-0.6449581595451913, -0.6449581595451912, 0.0]]
