9	[[-0.42203838922340475, -0.825029846081567, 0.3757783270710803], [0.2588054115689476, 0.28760896992378115, 0.9221175843470338], [-0.8688517462515349, 0.4864224845687207, 0.09214016247897017]]	0.9034441536926479	0.09655584630735219	[[-0.38128811537774726, -0.7453683910643369, 0.3394947326767711], [0.23381623602598522, 0.25983864242720467, 0.8330817405955148], [-0.7849590305765972, 0.439455549908263, 0.08324349111191626]]	0.9034441536926482	0.09655584630735185	[[-0.38128811537774737, -0.7453683910643372, 0.3394947326767712], [0.23381623602598536, 0.2598386424272048, 0.8330817405955151], [-0.7849590305765974, 0.4394555499082632, 0.0832434911119163]]	[[0.0, 0.0, 0.0], [0.0, 0.0, 0.0], [0.0, 0.0, 0.0]]	0.31217324830683085	[[-0.14279721902886472, -0.832283184726157, 0.48754020187751074], [0.25000000000000017, 0.45710678118654735, 0.8535533905932738], [-0.9332560666360479, 0.24377010093875554, 0.14279721902886472]]
9	[[0.08740825448676931, -0.06334395238859675, -0.994156597696443], [0.7119981850616444, -0.6940087028176986, 0.10681996481098455], [-0.6967197295301035, -0.717174639895393, -0.015561310176609944]]	0.9551242328986709	0.0448757671013292	[[0.08348574201568736, -0.06050134393392839, -0.9495430577559677], [0.680046720332249, -0.6628645299037559, 0.10202633694835465], [-0.6654538972128095, -0.6849908777844678, -0.014862984445332857]]	0.9686675497869642	0.05257738025399185	[[0.0692751788773985, -0.05666669965499785, -0.9454242843635018], [0.6788395019460619, -0.6725405555538722, 0.09005878628910725], [-0.6812794467681399, -0.7053392230276831, -0.008915541158609198]]	[[-0.015394360827455756, 0.004692531499086275, 0.01758295123165636], [-0.010850035430366561, -0.0002768458646227345, -0.013414247292678884], [-0.006389653475978229, -0.010635421830864569, 0.006158195041642509]]	0.11291074182506562	[[0.0, 0.0, -0.9916234980480002], [0.7071067811865475, -0.7071067811865476, 0.0], [-0.7011836998536661, -0.701183699853666, 0.0]]
9	[[0.8592155572171323, 0.2624339665249735, -0.4391776855101157], [-0.4266000482917053, 0.8413623931712975, -0.33184593135155627], [0.2824199444684594, 0.4724804086637203, 0.8348660002631537]]	0.9409912143637119	0.059008785636288176	[[0.8085142905859426, 0.24694805685062057, -0.4132623436096081], [-0.4014268974896299, 0.791714620070218, -0.31226410592415793], [0.2657546865059077, 0.44459991351153705, 0.7856015714186]]	0.9409912143637119	0.059008785636288176	[[0.8085142905859426, 0.24694805685062046, -0.4132623436096082], [-0.40142689748962984, 0.7917146200702181, -0.3122641059241579], [0.2657546865059078, 0.44459991351153694, 0.7856015714186001]]	[[0.0, 0.0, 0.0], [0.0, 0.0, 0.0], [0.0, 0.0, 0.0]]	0.19437067427805688	[[0.7608845752117248, 0.41614159236307857, -0.44571586475853703], [-0.573223304703363, 0.7803300858899106, -0.2499999999999999], [0.24377010093875542, 0.445715864758537, 0.8322831847261571]]
9	[[-0.3195682178843842, -0.5708200961323295, -0.7563336379995778], [0.910087742671785, 0.03735879733279218, -0.41272826520656647], [0.2638493031197415, -0.8202248094963509, 0.507557688474819]]	0.9331175826560569	0.06688241734394296	[[-0.29819472296598065, -0.5326422682344973, -0.7057482159716274], [0.8492188744468038, 0.034860150658112606, -0.38512400112337924], [0.2462024239125784, -0.76536619147176, 0.47361100332811906]]	0.9331175826560569	0.06688241734394329	[[-0.29819472296598065, -0.5326422682344972, -0.7057482159716272], [0.8492188744468037, 0.0348601506581126, -0.3851240011233793], [0.24620242391257838, -0.7653661914717595, 0.4736110033281191]]	[[0.0, 0.0, 0.0], [0.0, 0.0, 0.0], [0.0, 0.0, 0.0]]	0.23093720967675482	[[-0.4902819369138428, -0.4902819369138429, -0.6933633645701069], [0.8535533905932738, -0.14644660940672602, -0.5], [0.14360025462878964, -0.8369636191988963, 0.4902819369138428]]
9	[[0.034229894132735264, 0.2773841392786001, 0.9601491309293217], [-0.1827544195208179, -0.9427759796974285, 0.2788803941677556], [0.9825625356654255, -0.18501754344446375, 0.018422055382213542]]	0.9310153328909869	0.06898466710901328	[[0.03186855628081176, 0.2582488867691458, 0.8939135627571543], [-0.17014716672747332, -0.8777388925796276, 0.25964192301286265], [0.9147807862287586, -0.17225416980062006, 0.017151216024207733]]	0.9359139093475526	0.12217940986903873	[[0.01258067352829994, 0.24534409589385406, 0.8917574818695659], [-0.1629593315288979, -0.8281122344005064, 0.2520144433874073], [0.9262744712173322, -0.1672237976773992, 0.0]]	[[-0.019455560506021173, -0.014263578289386628, -0.006859444815150656], [0.008083071695373456, 0.05424491839708274, -0.008993596558523286], [0.006680527284259789, 0.005936694705589497, -0.017241457870984595]]	0.1537167941765749	[[-0.07139860951443225, 0.27334437333421413, 0.9332560666360479], [-0.2803300858899109, -0.9267766952966368, 0.25000000000000017], [0.9332560666360479, -0.24377010093875554, 0.14279721902886472]]
9	[[0.8787972042104137, -0.3840163418041313, 0.28327887866788265], [-0.395223040501579, -0.9183905790867732, -0.018907472103605397], [0.2674214316928388, -0.09534250611366366, -0.9588511794847616]]	0.9020631211325466	0.0979368788674535	[[0.7927305488726017, -0.3464069798537375, 0.2555354294420782], [-0.3565161294583492, -0.8284462721897414, -0.017055733298504842], [0.24123101133057623, -0.08600495864149037, -0.8649442876676476]]	0.9020631211325466	0.09793687886745357	[[0.7927305488726016, -0.34640697985373753, 0.2555354294420782], [-0.35651612945834915, -0.8284462721897415, -0.01705573329850484], [0.24123101133057626, -0.08600495864149034, -0.8649442876676475]]	[[0.0, 0.0, 0.0], [0.0, 0.0, 0.0], [0.0, 0.0, 0.0]]	0.3091018779698026	[[0.6914219471493106, -0.4889091474904842, 0.4889091474904841], [-0.5, -0.8535533905932737, -0.14644660940672619], [0.4889091474904841, -0.14319817391582887, -0.8346201210651396]]
9	[[0.8489524140446696, -0.5135124485683378, 0.12483895166604869], [0.522794976890395, 0.7815435453534784, -0.34040431673891397], [0.0772347773085365, 0.35425224329800037, 0.9319550081910795]]	0.9080166285598531	0.09198337144014708	[[0.7708629088085895, -0.46627784227253694, 0.11335584400475197], [0.4747065323440427, 0.7096545351245801, -0.309092780032489], [0.07013046209926838, 0.3216669276192151, 0.846230644507134]]	0.9238195275053481	0.1334638098868968	[[0.7791840140144466, -0.49109597972406877, 0.06736064049464703], [0.5106909695280536, 0.6680082307222341, -0.29080806245856833], [0.025978849025351382, 0.30522070819263525, 0.8632760653380888]]	[[-0.005094804002824599, -0.01670315211955268, -0.047968020847745076], [0.02772276099499951, -0.05399695807107099, 0.023664092591956065], [-0.045372146454801594, -0.022044431828633065, 0.0023178300147629143]]	0.35618926312369664	[[0.7608845752117248, -0.41614159236307857, 0.44571586475853703], [0.573223304703363, 0.7803300858899106, -0.2499999999999999], [-0.24377010093875542, 0.445715864758537, 0.8322831847261571]]
9	[[0.3802729664721569, 0.7767473726770865, -0.5020517802076895], [0.4287143634067757, 0.332951791095048, 0.839849450446521], [0.8195098935212374, -0.5346088512602871, -0.20639019011321075]]	0.922741395780518	0.07725860421948212	[[0.35089360786011625, 0.7167369548329049, -0.4632639604229372], [0.39559249008112446, 0.3072284004426681, 0.7749638541505238], [0.7561957030037303, -0.49330571760853664, -0.19044477210047056]]	0.922741395780518	0.07725860421948211	[[0.35089360786011625, 0.716736954832905, -0.46326396042293727], [0.39559249008112446, 0.3072284004426681, 0.7749638541505236], [0.7561957030037302, -0.4933057176085367, -0.19044477210047056]]	[[0.0, 0.0, 0.0], [0.0, 0.0, 0.0], [0.0, 0.0, 0.0]]	0.3285737415923653	[[0.14279721902886472, 0.832283184726157, -0.48754020187751074], [0.25000000000000017, 0.45710678118654735, 0.8535533905932738], [0.9332560666360479, -0.24377010093875554, -0.14279721902886472]]
9	[[0.22433838825039393, -0.7661379269479729, -0.6022499185961573], [-0.9416906372873723, -0.011392912655017143, -0.3362869982418849], [0.2507808429735371, 0.642575192824231, -0.724020780340167]]	0.92272949660959	0.07727050339041001	[[0.2070036480604927, -0.7069380636662179, -0.5557137642193988], [-0.8689257277061411, -0.010512576559080961, -0.31030193260408445], [0.2314028809963005, 0.592923084208513, -0.6680753301781649]]	0.92272949660959	0.0772705033904101	[[0.2070036480604927, -0.7069380636662179, -0.5557137642193987], [-0.8689257277061411, -0.010512576559080954, -0.31030193260408456], [0.2314028809963005, 0.5929230842085129, -0.6680753301781648]]	[[0.0, 0.0, 0.0], [0.0, 0.0, 0.0], [0.0, 0.0, 0.0]]	0.2931369758635177	[[0.14400346432891056, -0.839313697552042, -0.4916585809404761], [-0.8535533905932738, 0.14644660940672602, -0.5], [0.4916585809404761, 0.4916585809404762, -0.6953102332231316]]
9	[[0.04673222253661188, -0.9725397674033924, -0.22799671093185395], [-0.8377629715199755, -0.16246744520517667, 0.5213036857710898], [-0.5440306084466285, 0.16664552219444034, -0.8223502702654952]]	0.9158225043985347	0.08417749560146533	[[0.04279842107958956, -0.8906738054105433, -0.2088045188002392], [-0.7672421826697822, -0.14879134255103663, 0.4774216470550662], [-0.49823547429705, 0.15261771948291397, -0.7531268840073578]]	0.9158225043985346	0.08417749560146542	[[0.04279842107958959, -0.8906738054105432, -0.20880451880023923], [-0.7672421826697822, -0.1487913425510366, 0.47742164705506623], [-0.49823547429704984, 0.15261771948291392, -0.7531268840073577]]	[[0.0, 0.0, 0.0], [0.0, 0.0, 0.0], [0.0, 0.0, 0.0]]	0.12574068258474927	[[0.14279721902886472, -0.9332560666360479, -0.24377010093875537], [-0.8535533905932738, -0.2500000000000001, 0.4571067811865474], [-0.48754020187751074, 0.14279721902886455, -0.8322831847261571]]
9	[[-0.30792515101507295, 0.09349718223056193, 0.9468053539599837], [0.3027085282091916, -0.9338174967034747, 0.1906631317268273], [0.9019698710720718, 0.34531602882779927, 0.2592434992682147]]	0.9174156047725128	0.08258439522748721	[[-0.2824953386431605, 0.0857757739805768, 0.8686140064050515], [0.2777095274768327, -0.8566987434853723, 0.17491733230098858], [0.8274812347561704, 0.31679831342469783, 0.23783403166449169]]	0.917415604772513	0.08258439522748705	[[-0.28249533864316057, 0.08577577398057684, 0.8686140064050517], [0.27770952747683286, -0.8566987434853724, 0.1749173323009886], [0.8274812347561703, 0.31679831342469805, 0.23783403166449174]]	[[0.0, 0.0, 0.0], [0.0, 0.0, 0.0], [0.0, 0.0, 0.0]]	0.25660380282632517	[[-0.48754020187751074, 0.14279721902886455, 0.8322831847261571], [0.14644660940672619, -0.9571067811865475, 0.2499999999999999], [0.8322831847261571, 0.24377010093875534, 0.44571586475853703]]
9	[[-0.8305561570912853, 0.32773595720904825, 0.4502950280316503], [-0.5100865793185324, -0.772219296347621, -0.37879947194723407], [0.22358030216652452, -0.5443036842615101, 0.808545204538665]]	0.9123611963429603	0.08763880365703977	[[-0.7577672091138167, 0.2990135700038525, 0.41083171048224326], [-0.4653832017455445, -0.7045429210548346, -0.34560193939986006], [0.20398599196337086, -0.4966015605467123, 0.7376852701102597]]	0.9123611963429602	0.0876388036570398	[[-0.7577672091138167, 0.2990135700038524, 0.4108317104822433], [-0.4653832017455446, -0.7045429210548345, -0.34560193939986006], [0.20398599196337083, -0.49660156054671234, 0.7376852701102596]]	[[0.0, 0.0, 0.0], [0.0, 0.0, 0.0], [0.0, 0.0, 0.0]]	0.36735706676412977	[[-0.6972625684146927, 0.4930390903935782, 0.49303909039357807], [-0.7071067811865475, -0.5000000000000001, -0.5], [0.0, -0.6972625684146926, 0.6972625684146927]]
9	[[-0.5446221603179724, 0.8109226453022452, -0.2139887049042392], [-0.8354447797583356, -0.5021691245819775, 0.22328947644507607], [0.07361197229480154, 0.30038414347728, 0.9509735242804028]]	0.9244411369615952	0.07555886303840487	[[-0.5034711290988265, 0.7496502522111118, -0.19781996165861418], [-0.7723195220684254, -0.46422579647557227, 0.20641797747644552], [0.06804993536219177, 0.27768745912137166, 0.8791190460061507]]	0.9244411369615952	0.07555886303840474	[[-0.5034711290988266, 0.749650252211112, -0.19781996165861415], [-0.7723195220684254, -0.4642257964755722, 0.2064179774764454], [0.06804993536219178, 0.27768745912137166, 0.8791190460061509]]	[[0.0, 0.0, 0.0], [0.0, 0.0, 0.0], [0.0, 0.0, 0.0]]	0.2672319376667667	[[-0.5589388113919429, 0.7608845752117249, -0.24377010093875537], [-0.7803300858899108, -0.42677669529663675, 0.4571067811865474], [0.24377010093875542, 0.445715864758537, 0.8322831847261571]]
9	[[0.5319609947059123, -0.8460851799387872, 0.03402011756955908], [-0.703274286200726, -0.4190807785627857, 0.5742617690636116], [-0.47161719485230363, -0.3294103357928521, -0.8179645788128509]]	0.903161273782761	0.09683872621723902	[[0.4804465695813364, -0.7641513688422316, 0.03072565271836227], [-0.6351701001437099, -0.37849752978463674, 0.5186509908322331], [-0.4259463864406592, -0.2975106584718794, -0.7387539309097942]]	0.9031612737827611	0.09683872621723899	[[0.4804465695813366, -0.7641513688422317, 0.030725652718362258], [-0.6351701001437098, -0.37849752978463674, 0.5186509908322332], [-0.4259463864406592, -0.29751065847187946, -0.738753930909794]]	[[0.0, 0.0, 0.0], [0.0, 0.0, 0.0], [0.0, 0.0, 0.0]]	0.2865915393982572	[[0.6972625684146927, -0.6972625684146926, 0.0], [-0.5, -0.5000000000000001, 0.7071067811865475], [-0.49303909039357807, -0.4930390903935782, -0.6972625684146927]]
