9	[[-0.5446221603179724, 0.8109226453022452, -0.2139887049042392], [-0.8354447797583356, -0.5021691245819775, 0.22328947644507607], [0.07361197229480154, 0.30038414347728, 0.9509735242804028]]	0.8512104357838963	0.14878956421610387	[[-0.4635880664218284, 0.6902658182947543, -0.18214941875436907], [-0.7111393150514742, -0.42745159937264277, 0.19006633255077124], [0.06265927901597013, 0.25569011767186794, 0.8094785880216692]]	0.8615705351477303	0.14509113181117433	[[-0.4693918663035699, 0.6985055972913672, -0.1615958895070089], [-0.7361106384840238, -0.44930069842713266, 0.1923796337136407], [0.07952306258097455, 0.24270097102795019, 0.8195591074091434]]	[[-0.00016146018510140866, -0.00016146018510140864, 0.022770473492906187], [-0.016316032501256874, -0.016646577026371047, 0.0], [0.016101156217662494, -0.016101156217662494, 0.0002283391835536825]]	0.30351831407101304	[[-0.5160817114727465, 0.7025431152840876, -0.2250788249702327], [-0.7803300858899108, -0.42677669529663675, 0.4571067811865474], [0.22507882497023277, 0.4115402287815736, 0.7684671768163688]]
9	[[-0.3195682178843842, -0.5708200961323295, -0.7563336379995778], [0.910087742671785, 0.03735879733279218, -0.41272826520656647], [0.2638493031197415, -0.8202248094963509, 0.507557688474819]]	0.8490035770597872	0.15099642294021276	[[-0.27131456009846366, -0.48462830347395947, -0.6421299641122838], [0.7726677489666126, 0.03171775257019222, -0.35040777351405544], [0.2240090021533926, -0.6963737972555845, 0.43091829307931856]]	0.8534052003035921	0.13586496202053464	[[-0.29165809201343373, -0.4682039254579776, -0.6722398990545342], [0.8117520881501564, 0.03790070687710842, -0.3727729432284206], [0.21962387397029734, -0.7323114504719379, 0.4142154577793324]]	[[-0.018936913019148793, 0.018936913019148797, -0.026780839221159865], [0.03507847582149769, 0.0060185149562156, -0.020548495388856645], [-0.005546493408568872, -0.03232733262972873, -0.018936913019148793]]	0.2584037431442246	[[-0.46078587898504225, -0.46078587898504236, -0.6516496394106547], [0.8535533905932738, -0.14644660940672602, -0.5], [0.1349610592797152, -0.7866106986903697, 0.46078587898504225]]
9	[[-0.42203838922340475, -0.825029846081567, 0.3757783270710803], [0.2588054115689476, 0.28760896992378115, 0.9221175843470338], [-0.8688517462515349, 0.4864224845687207, 0.09214016247897017]]	0.8315570368744976	0.1684429631255025	[[-0.35094899238990035, -0.6860593741406106, 0.31248111218088337], [0.21521146117135886, 0.23916326280834596, 0.7667933660894889], [-0.7224997835961592, 0.4044880399370964, 0.0766198004881472]]	0.869122625067238	0.21534972128646063	[[-0.2907573896182915, -0.6636700593797528, 0.34036780973002123], [0.252218850415509, 0.22907615857271862, 0.8310551760294578], [-0.7711557327561309, 0.38912859589033355, 0.022064447868052423]]	[[0.07604572310270286, 0.053382046205477804, 0.013770363662628795], [0.02728521173109838, -0.020891304360322355, 0.029621920501103547], [-0.016017022259743215, -0.033632190789761075, -0.058016652019791955]]	0.3284102038375733	[[-0.13184812306456245, -0.7684671768163687, 0.4501576499404654], [0.25000000000000017, 0.45710678118654735, 0.8535533905932738], [-0.8616978787220392, 0.22507882497023288, 0.13184812306456245]]
9	[[0.08740825448676931, -0.06334395238859675, -0.994156597696443], [0.7119981850616444, -0.6940087028176986, 0.10681996481098455], [-0.6967197295301035, -0.717174639895393, -0.015561310176609944]]	0.9205414734189148	0.0794585265810852	[[0.08046292337422609, -0.05831073526397645, -0.915162379252619], [0.6554238583482395, -0.6388637938573541, 0.09833220779766036], [-0.6413594063816693, -0.6601889997079847, -0.014324831398305267]]	0.9541669372301671	0.07167303008221582	[[0.06223291723251233, -0.06223291723251234, -0.9276726008961701], [0.6804523342230457, -0.6709433567124284, 0.09221556051513288], [-0.672911671203631, -0.6820799890801083, 0.0]]	[[-0.021169149239763353, -0.0017922121898314661, 0.02091875505500854], [0.0010872066693389769, -0.00874319833378357, -0.00970851814359846], [-0.00812474077006154, 0.0022243405280268306, 0.014848087670504542]]	0.12630503305701363	[[0.0, 0.0, -0.9656021191039998], [0.7071067811865475, -0.7071067811865476, 0.0], [-0.6827838063465387, -0.6827838063465386, 0.0]]
9	[[0.8592155572171323, 0.2624339665249735, -0.4391776855101157], [-0.4266000482917053, 0.8413623931712975, -0.33184593135155627], [0.2824199444684594, 0.4724804086637203, 0.8348660002631537]]	0.8618351066805496	0.1381648933194506	[[0.7405021314158149, 0.2261748055366503, -0.3784987474433275], [-0.36765889812940955, 0.7251156478757876, -0.28599647364787495], [0.2433994229696896, 0.40720020340516705, 0.7195168284007586]]	0.8656967316636169	0.1737856720828476	[[0.7553061828379659, 0.14930417181964223, -0.36212874883405477], [-0.357914814273895, 0.7562227675513746, -0.383163684752277], [0.294366198374034, 0.400647417221307, 0.7366955289144717]]	[[0.011486083160561248, -0.07788405527854647, 0.0180659381316442], [0.011391453259775426, 0.027858093638303272, -0.09588574656536572], [0.049876175491068445, -0.008377328333965739, 0.013954761109583115]]	0.23381649203319832	[[0.7025431152840875, 0.3842335884081844, -0.4115402287815736], [-0.573223304703363, 0.7803300858899106, -0.2499999999999999], [0.22507882497023277, 0.4115402287815736, 0.7684671768163688]]
9	[[0.8489524140446696, -0.5135124485683378, 0.12483895166604869], [0.522794976890395, 0.7815435453534784, -0.34040431673891397], [0.0772347773085365, 0.35425224329800037, 0.9319550081910795]]	0.8685458077946363	0.13145419220536372	[[0.7373540602356342, -0.4460090844543885, 0.10842834811902384], [0.4540713855142463, 0.6788063699257209, -0.29565674225878125], [0.06708194204728167, 0.30768430081832376, 0.8094456154175781]]	0.9136171635897162	0.14442972904218956	[[0.7694432722019424, -0.4772071758830559, 0.05437584614019597], [0.4991219176825009, 0.6730323275615844, -0.29024787157588583], [0.024136062092792232, 0.29175092998263275, 0.8514500911767648]]	[[-0.006174224340190972, -0.00805338915404111, -0.05967916278645312], [0.02148745375694699, -0.040999269566111295, 0.020751354756816158], [-0.04642695608231627, -0.03189999973458041, 0.0]]	0.35924836645226377	[[0.7025431152840875, -0.3842335884081844, 0.4115402287815736], [0.573223304703363, 0.7803300858899106, -0.2499999999999999], [-0.22507882497023277, 0.4115402287815736, 0.7684671768163688]]
9	[[-0.8305561570912853, 0.32773595720904825, 0.4502950280316503], [-0.5100865793185324, -0.772219296347621, -0.37879947194723407], [0.22358030216652452, -0.5443036842615101, 0.808545204538665]]	0.8604934733073852	0.13950652669261476	[[-0.7146881523923143, 0.2820146521465345, 0.3874759326840011], [-0.43892617232528697, -0.6644896644691495, -0.3259544733028789], [0.19238939077438738, -0.4683697678041932, 0.695747871379506]]	0.8608991661044201	0.1377064685173215	[[-0.7150251030427791, 0.2821476122637035, 0.3950478067475093], [-0.4391331107763806, -0.6727279719283243, -0.32610814952016853], [0.19986928830663037, -0.46859058788829755, 0.6960758923450645]]	[[0.0, 0.0, 0.0073891926140951195], [2.20456790087873e-18, -0.007925023652915256, 0.0], [0.0073891926140951195, 2.3157446144370422e-18, 0.0]]	0.38539745359788363	[[-0.6670350974282808, 0.47166504068096676, 0.47166504068096665], [-0.7071067811865475, -0.5000000000000001, -0.5], [0.0, -0.6670350974282807, 0.6670350974282808]]
9	[[0.034229894132735264, 0.2773841392786001, 0.9601491309293217], [-0.1827544195208179, -0.9427759796974285, 0.2788803941677556], [0.9825625356654255, -0.18501754344446375, 0.018422055382213542]]	0.891086586916308	0.10891341308369211	[[0.030501799533245617, 0.24717328593448554, 0.8555760120104691], [-0.16285001193467669, -0.8400950299752603, 0.24850657859681996], [0.8755482963379371, -0.16486665130756692, 0.016415646454519865]]	0.9292857175919753	0.12333361751008338	[[0.010825641139850132, 0.2417596404667283, 0.8795846694358624], [-0.16377332641143474, -0.8276810139508939, 0.25224150676269746], [0.9135049780601949, -0.16435289872749365, 0.0]]	[[-0.020983710592386105, -0.0160094784514181, -0.012668204695103939], [0.006057745476073395, 0.048427238870708565, -0.006918060453818292], [0.0004236470253590367, 0.007581261899399281, -0.01711935295537942]]	0.1880519394560327	[[-0.06592406153228111, 0.2523854653436222, 0.8616978787220392], [-0.2803300858899109, -0.9267766952966368, 0.25000000000000017], [0.8616978787220392, -0.22507882497023288, 0.13184812306456245]]
9	[[0.8787972042104137, -0.3840163418041313, 0.28327887866788265], [-0.395223040501579, -0.9183905790867732, -0.018907472103605397], [0.2674214316928388, -0.09534250611366366, -0.9588511794847616]]	0.8415130234033815	0.15848697659661848	[[0.7395192922735444, -0.3231547528279008, 0.23838286565412958], [-0.3325853357311609, -0.772837632872493, -0.01591088401482008], [0.22503861750670162, -0.08023196057856452, -0.8068857550421205]]	0.8554031085438376	0.2388847498975522	[[0.6986641363052208, -0.3177621368894489, 0.15187356299820493], [-0.3599822791107724, -0.8405711960139745, -0.024912901705212164], [0.13782468468435297, -0.058255267227135324, -0.8202042795621902]]	[[-0.053061723956000624, 0.010726635621437934, -0.09044407039911453], [-0.02190726169757469, -0.05497703980577352, -0.00873939129308222], [-0.09092843927694486, 0.02330100887885239, 0.0]]	0.3221740801292553	[[0.6440905035934911, -0.45544076278881584, 0.45544076278881573], [-0.5, -0.8535533905932737, -0.14644660940672619], [0.45544076278881573, -0.1333955109920703, -0.7774860145855614]]
9	[[0.3802729664721569, 0.7767473726770865, -0.5020517802076895], [0.4287143634067757, 0.332951791095048, 0.839849450446521], [0.8195098935212374, -0.5346088512602871, -0.20639019011321075]]	0.8448004479633933	0.15519955203660682	[[0.32125477242404665, 0.6561965283919915, -0.42413356882027514], [0.362178086254385, 0.2812778222673107, 0.7095051919590306], [0.6923223251571741, -0.4516377970298858, -0.1743585250628903]]	0.8719882314190732	0.21432538309015461	[[0.34309543517769875, 0.6350581142857281, -0.43778324390410034], [0.4048288620693512, 0.301732014045468, 0.7201526303504309], [0.6853144735311352, -0.4492234059814349, -0.08711975290531654]]	[[0.011501883687158135, -0.042256453474376454, 2.463828434580807e-18], [0.0309949825383231, 0.011401970580684425, -0.012186206602711702], [-0.02928850915088161, 0.016949220730005276, 0.09285006395374842]]	0.3472037389978052	[[0.13184812306456245, 0.7684671768163687, -0.4501576499404654], [0.25000000000000017, 0.45710678118654735, 0.8535533905932738], [0.8616978787220392, -0.22507882497023288, -0.13184812306456245]]
9	[[-0.30792515101507295, 0.09349718223056193, 0.9468053539599837], [0.3027085282091916, -0.9338174967034747, 0.1906631317268273], [0.9019698710720718, 0.34531602882779927, 0.2592434992682147]]	0.8649410285990629	0.13505897140093728	[[-0.2663370968504989, 0.08086954896961626, 0.8189307967372481], [0.2618250257549666, -0.8076970661225055, 0.16491236527172065], [0.7801507480504418, 0.2986780011660603, 0.22423033891467004]]	0.8653215698679715	0.13297832906613932	[[-0.2557768453666902, 0.07907317119005831, 0.8255457887617677], [0.26390502146943345, -0.819504131143799, 0.1582766646852012], [0.7867486783234113, 0.3050641016795591, 0.21548351936925636]]	[[0.010677429711504876, -0.0018319573159233495, 0.006254693513714112], [0.001964802627032561, -0.011451708926169153, -0.006708255776600858], [0.006254693513714112, 0.0062546935137141125, -0.008845472395581526]]	0.2799405713434042	[[-0.4501576499404654, 0.13184812306456228, 0.7684671768163688], [0.14644660940672619, -0.9571067811865475, 0.2499999999999999], [0.7684671768163688, 0.22507882497023268, 0.4115402287815736]]
9	[[0.5319609947059123, -0.8460851799387872, 0.03402011756955908], [-0.703274286200726, -0.4190807785627857, 0.5742617690636116], [-0.47161719485230363, -0.3294103357928521, -0.8179645788128509]]	0.8605920797769998	0.1394079202230003	[[0.45780141879420266, -0.7281342046720181, 0.02927744373344491], [-0.6052322806151677, -0.36065759881791215, 0.49420513017487266], [-0.4058700225765385, -0.28348792598001044, -0.7039338380644691]]	0.8746366337207391	0.16751579904510738	[[0.5277690443095321, -0.7238392720759352, 0.0026150263620001372], [-0.5931120280518414, -0.3928999698262151, 0.5727183062087003], [-0.38391496442581596, -0.37318907013161357, -0.7212242457139352]]	[[0.06249647062921703, 0.01617782154673144, -0.02714021474782279], [0.02199742621311715, -0.026356568406993682, 0.07044792564038657], [0.028578711284620785, -0.08507472292093515, -0.0058024599982610245]]	0.3031456990842527	[[0.6670350974282808, -0.6670350974282807, 0.0], [-0.5, -0.5000000000000001, 0.7071067811865475], [-0.47166504068096665, -0.47166504068096676, -0.6670350974282808]]
9	[[0.22433838825039393, -0.7661379269479729, -0.6022499185961573], [-0.9416906372873723, -0.011392912655017143, -0.3362869982418849], [0.2507808429735371, 0.642575192824231, -0.724020780340167]]	0.8579986442092616	0.14200135579073841	[[0.192482032962929, -0.6573453025986551, -0.516729613630641], [-0.8079692900571211, -0.009775103611599306, -0.28853378855673967], [0.21516962326495057, 0.5513286442456952, -0.621208847911195]]	0.8687968587646766	0.12690605741441768	[[0.17971023377567452, -0.7149667524608547, -0.4994092115901785], [-0.8677396808298328, -0.011604231231413398, -0.3273755296533], [0.24826115002960647, 0.5285379546677559, -0.6704164487641129]]	[[-0.015194253236598185, -0.04934852814797456, 0.023823625877445062], [-0.049601813226456945, -0.001706104504554119, -0.03521044193734802], [0.030383541415839856, -0.02972935437804237, -0.04138946912422599]]	0.3108749968136007	[[0.1365449810600113, -0.7958424713581239, -0.46619372620906746], [-0.8535533905932738, 0.14644660940672602, -0.5], [0.46619372620906746, 0.46619372620906757, -0.6592974902981128]]
9	[[0.04673222253661188, -0.9725397674033924, -0.22799671093185395], [-0.8377629715199755, -0.16246744520517667, 0.5213036857710898], [-0.5440306084466285, 0.16664552219444034, -0.8223502702654952]]	0.8431121114770376	0.15688788852296248	[[0.03940050281685763, -0.819960056790861, -0.19222678836357512], [-0.7063281078354837, -0.1369782707732164, 0.43951745123122565], [-0.4586787949955744, 0.14050085808554819, -0.6933334727372542]]	0.8519757563197159	0.1391965008988627	[[0.060072044460809604, -0.8488376277051844, -0.1655994881499868], [-0.7512781278093056, -0.14485649139542947, 0.4661193786677491], [-0.4694341218707765, 0.10739652994593031, -0.7208798172898466]]	[[0.02025732382067849, -0.020257323820678495, 0.028648182084587095], [-0.037524386531921694, -0.006438166889417135, 0.021981276710669417], [-0.005933232778384956, -0.034581414862972046, -0.02025732382067849]]	0.17013964751540459	[[0.13184812306456245, -0.8616978787220392, -0.2250788249702327], [-0.8535533905932738, -0.2500000000000001, 0.4571067811865474], [-0.4501576499404654, 0.13184812306456228, -0.7684671768163688]]
