9	[[0.8787972042104137, -0.3840163418041313, 0.28327887866788265], [-0.395223040501579, -0.9183905790867732, -0.018907472103605397], [0.2674214316928388, -0.09534250611366366, -0.9588511794847616]]	0.5730007984939448	0.4269992015060551	[[0.5035514997268135, -0.22004167048849088, 0.16231902367316609], [-0.22646311779060949, -0.5262385351460376, -0.010833996612867887], [0.15323269389439056, -0.054631332133543105, -0.5494224914816294]]	0.7870575341105362	0.3727563898381733	[[0.5467330803765609, -0.23055512579794504, 0.22258860253136192], [-0.345548213186081, -0.8466031151151457, -0.024784626728718676], [0.19997751352131662, -0.07504003775773885, -0.6337606280065056]]	[[-0.14493088015252065, 0.07168782924056331, -0.0003681731785796149], [-0.03448494150523962, -0.12377689058876262, -0.009903358358591258], [-0.010498539075158216, 0.0, 0.12091041689775009]]	0.5149597220940277	[[0.9084000000000001, 0.0, 0.0], [0.0, -1.0, 0.0], [0.0, 0.0, -0.9084000000000001]]
9	[[0.08740825448676931, -0.06334395238859675, -0.994156597696443], [0.7119981850616444, -0.6940087028176986, 0.10681996481098455], [-0.6967197295301035, -0.717174639895393, -0.015561310176609944]]	0.6002391154499296	0.3997608845500704	[[0.05246585335616077, -0.03802151795083377, -0.5967316768200245], [0.42736916080335663, -0.4165711698938485, 0.06411752119053798], [-0.4181984341696636, -0.43047627147393247, -0.00934050705565034]]	0.8312729655815349	0.28475933896160727	[[0.046689655887329845, -0.04668965588732985, -0.7128368818510215], [0.6787055945639188, -0.6639415459211271, 0.09696771655446837], [-0.5123241050271584, -0.5233912817277958, 0.0]]	[[-0.025970463036192368, 0.005966459266394504, 0.11357862136854965], [0.08684075177905502, -0.08703087339046461, 0.008171167622726044], [0.06684017071849557, 0.07277660801791686, 0.012935696458844665]]	0.286238783908426	[[0.0, 0.0, -0.7496031047040003], [0.7071067811865475, -0.7071067811865476, 0.0], [-0.5300494385346882, -0.5300494385346881, 0.0]]
9	[[0.034229894132735264, 0.2773841392786001, 0.9601491309293217], [-0.1827544195208179, -0.9427759796974285, 0.2788803941677556], [0.9825625356654255, -0.18501754344446375, 0.018422055382213542]]	0.7392218655051286	0.26077813449487147	[[0.025303486196843618, 0.20504842089906114, 0.709763231728701], [-0.13509606292748585, -0.6969206184653587, 0.20615448522949387], [0.7263317105900453, -0.13676901361619262, 0.013617986146078686]]	0.8623248746255462	0.21176223281411694	[[0.009235412892030576, 0.20776842240874951, 0.770101478662118], [-0.16892750739066792, -0.8231549618421966, 0.2580141821682884], [0.7988074336912886, -0.14229154973044814, 0.0]]	[[-0.020281876274426083, -0.0314268207177844, -0.057859000288336446], [-0.011333825490114151, -0.010175783349635113, 0.017528681232055605], [-0.04848068168815825, 0.017253680223825642, -0.015885796597812165]]	0.3794930066783639	[[0.0, 0.0, 0.9084000000000001], [0.0, -1.0, 0.0], [0.9084000000000001, 0.0, 0.0]]
9	[[-0.5446221603179724, 0.8109226453022452, -0.2139887049042392], [-0.8354447797583356, -0.5021691245819775, 0.22328947644507607], [0.07361197229480154, 0.30038414347728, 0.9509735242804028]]	0.5753306046984713	0.4246693953015287	[[-0.3133377968279268, 0.4665486158854246, -0.12311425099119866], [-0.48065695033054445, -0.2889132661066512, 0.12846526950595066], [0.04235122053341528, 0.17282019090861586, 0.5471241727764804]]	0.7536193683425357	0.3469755038695728	[[-0.4266369966274021, 0.5783269576328135, -0.07894135994402468], [-0.7304106293582963, -0.3881223376567034, 0.1088238345243473], [0.06710005262197402, 0.08594375047226334, 0.6908462203498632]]	[[-0.016199188183224526, -0.03280005409452259, 0.0823246726783454], [-0.10080326215175062, -0.00967795918810954, -0.059451439671726454], [0.011624644558717454, -0.14043155799519802, -0.02582584632880904]]	0.4452270182612314	[[-0.5834978407471247, 0.5834978407471246, 0.0], [-0.7071067811865475, -0.7071067811865476, 0.0], [0.0, 0.0, 0.8251905600000001]]
9	[[0.8592155572171323, 0.2624339665249735, -0.4391776855101157], [-0.4266000482917053, 0.8413623931712975, -0.33184593135155627], [0.2824199444684594, 0.4724804086637203, 0.8348660002631537]]	0.5222446739193055	0.47775532608069454	[[0.4487207485052556, 0.13705474127318482, -0.22935820716186572], [-0.2227896031140617, 0.43939702866971064, -0.1733047702101418], [0.14749231180723893, 0.2467503769558449, 0.43600432207374556]]	0.731884670396472	0.47023152418213254	[[0.44818477177688654, 0.17844142734407664, -0.2825867140674571], [-0.3500583127544801, 0.7496039952100102, -0.25445111797355197], [0.2348872816287838, 0.3058939647393226, 0.4430916346675849]]	[[-0.18066192311649526, -0.01362996974689236, 0.038840701537599255], [-0.03783627701938638, 0.13382375739984842, -0.011578167883907933], [0.028188453658095504, -0.0399072034243147, -0.16793399276023424]]	0.5738008866211557	[[0.5279785993802789, -0.09058680636815385, -0.30928270287421633], [-0.14644660940672619, 0.8535533905932737, -0.5], [0.30928270287421633, 0.3092827028742164, 0.43739179301212505]]
9	[[0.5319609947059123, -0.8460851799387872, 0.03402011756955908], [-0.703274286200726, -0.4190807785627857, 0.5742617690636116], [-0.47161719485230363, -0.3294103357928521, -0.8179645788128509]]	0.5510139750239876	0.4489860249760125	[[0.29311794225061916, -0.46620475820695695, 0.018745560212786148], [-0.3875139599716196, -0.23091936565202809, 0.31642626007604785], [-0.25986766522523036, -0.18150969853920598, -0.4507099140004907]]	0.6989623644103499	0.49295580359771124	[[0.42154665816431747, -0.5358723078020422, 0.08169899647772268], [-0.5311941117788905, -0.3389457660701373, 0.32840995500592], [-0.2389969534451255, -0.11208500639377035, -0.48407199475526236]]	[[0.049725943530591454, 0.05550939006052883, 0.05792021466378556], [-0.03963185386703012, -0.04602407420696246, -0.0729774088892522], [0.09064571616541733, 0.11816042077320889, 0.08765446125568387]]	0.49774640663874425	[[0.43739179301212505, -0.437391793012125, 0.0], [-0.5, -0.5000000000000001, 0.7071067811865475], [-0.30928270287421633, -0.3092827028742164, -0.43739179301212505]]
9	[[-0.30792515101507295, 0.09349718223056193, 0.9468053539599837], [0.3027085282091916, -0.9338174967034747, 0.1906631317268273], [0.9019698710720718, 0.34531602882779927, 0.2592434992682147]]	0.5855020866403567	0.4144979133596432	[[-0.1802908184483722, 0.05474279529098769, 0.554356510385832], [0.17723647491031297, -0.546752092861159, 0.1116336614714426], [0.5281052415994317, 0.20218325542903814, 0.15178760976948752]]	0.7900065382425319	0.31415971696825434	[[-0.1745101369745813, 0.06851894366151978, 0.7132711294714054], [0.2611096988512228, -0.8382998619219905, 0.12926896753430986], [0.6552658654106152, 0.23693751459019127, 0.10599119331306153]]	[[0.06875274561664535, -0.005344441607877634, -0.03471129060001654], [0.02196798238418759, -0.10057793400097154, -0.02135615313168082], [-0.0572962300340952, -0.03586440594371681, -0.09881286610570117]]	0.485563827768556	[[0.0, 0.0, 0.9084000000000001], [0.0, -1.0, 0.0], [0.9084000000000001, 0.0, 0.0]]
9	[[-0.42203838922340475, -0.825029846081567, 0.3757783270710803], [0.2588054115689476, 0.28760896992378115, 0.9221175843470338], [-0.8688517462515349, 0.4864224845687207, 0.09214016247897017]]	0.5172336695622116	0.4827663304377884	[[-0.21829246475414663, -0.42673321478711557, 0.19436520305292376], [0.13386287272836517, 0.14876104291268497, 0.47695026191965845], [-0.449399377019217, 0.25159408665104765, 0.047657994353056135]]	0.7270009076074365	0.4283182519555253	[[-0.21093530516619746, -0.4722223759971048, 0.25673080083600736], [0.2698235517012445, 0.23560575950542367, 0.8277675492591157], [-0.5447541702355213, 0.2756362188576972, 0.022671350491646813]]	[[0.09588698684439842, 0.12757507090741818, -0.016460384003872133], [0.08167178259690341, 0.02651377733479479, 0.15738722851804526], [0.08690183786565095, -0.07799336890442707, -0.04431463125766116]]	0.5901590933004441	[[-0.3404697301565569, -0.34046973015655696, 0.48149690996491085], [0.5, 0.5000000000000001, 0.7071067811865475], [-0.48149690996491085, 0.4814969099649108, 0.0]]
9	[[0.04673222253661188, -0.9725397674033924, -0.22799671093185395], [-0.8377629715199755, -0.16246744520517667, 0.5213036857710898], [-0.5440306084466285, 0.16664552219444034, -0.8223502702654952]]	0.5187095165322516	0.48129048346774844	[[0.024240448558443577, -0.504465632558202, -0.1182640636984055], [-0.434555625925749, -0.08427340995460732, 0.2704051828128028], [-0.28219385388609736, 0.08644061824974275, -0.42656091110958144]]	0.6904598768604125	0.480054958874264	[[0.0011262369792125453, -0.6882890457069237, -0.10422588202084566], [-0.6698923627488448, -0.14768389756375716, 0.2800890711362896], [-0.2368842173716029, 0.01296593988744778, -0.49726770843674667]]	[[-0.031140487638829793, -0.016789357663723088, 0.05319669893374132], [-0.09145064459494924, -0.03550664535356515, -0.07985020754809621], [0.13874708954475154, -0.10209610684626465, 0.07053215790689404]]	0.5136072139022643	[[-0.08228905490483106, -0.47961575967704534, -0.2809524072909381], [-0.8535533905932738, -0.14644660940672602, 0.5], [-0.2809524072909381, 0.2809524072909382, -0.39732670477221443]]
9	[[-0.3195682178843842, -0.5708200961323295, -0.7563336379995778], [0.910087742671785, 0.03735879733279218, -0.41272826520656647], [0.2638493031197415, -0.8202248094963509, 0.507557688474819]]	0.49135467632766966	0.5086453236723304	[[-0.1570213382631918, -0.28047512357643006, -0.37162806989501135], [0.44717586823027444, 0.01835641977144513, -0.2027959631618531], [0.12964358893368177, -0.40302129578600393, 0.24939084373816486]]	0.6729552129564481	0.5158581147682827	[[-0.23214639741079374, -0.36310669032174075, -0.36527642585878345], [0.7781685457414498, 0.010683193331661872, -0.22625657782597836], [0.15406703199711375, -0.3652764258587834, 0.3051978445882321]]	[[-0.01709129929029534, 0.02102966903081132, 0.1437022385673475], [0.1657202550627054, -0.014457604083224043, 0.051491059779251946], [-0.023491731972242236, 0.18669813548799546, -0.03636574774702219]]	0.5530034377477199	[[-0.2552171667830882, -0.25521716678308826, -0.36093157861507963], [0.8535533905932738, -0.14644660940672602, -0.5], [0.07475137747554854, -0.435682956090628, 0.2552171667830882]]
9	[[0.22433838825039393, -0.7661379269479729, -0.6022499185961573], [-0.9416906372873723, -0.011392912655017143, -0.3362869982418849], [0.2507808429735371, 0.642575192824231, -0.724020780340167]]	0.4734787727218839	0.526521227278116	[[0.10621946474320201, -0.36275004538701455, -0.2851525523287631], [-0.44587052722651377, -0.005394302301625145, -0.15922475520989401], [0.11873940575326981, 0.30424571367994485, -0.342808470500603]]	0.6792255502895638	0.5117908302843588	[[0.1700383800664102, -0.41360774496010977, -0.3171142061176719], [-0.8217356310374989, 0.05158693972700591, -0.19963237903875022], [0.13593756444366964, 0.3171142061176718, -0.34810238366389823]]	[[0.017662014855962617, 0.10677271006883285, 0.0919493262526481], [-0.18211528972345345, 0.05932529709451075, 0.02878234239731965], [-0.03439919162711182, -0.11933928283078907, 0.14367102928373104]]	0.5380722846520493	[[0.08228905490483106, -0.47961575967704534, -0.2809524072909381], [-0.8535533905932738, 0.14644660940672602, -0.5], [0.2809524072909381, 0.2809524072909382, -0.39732670477221443]]
9	[[0.8489524140446696, -0.5135124485683378, 0.12483895166604869], [0.522794976890395, 0.7815435453534784, -0.34040431673891397], [0.0772347773085365, 0.35425224329800037, 0.9319550081910795]]	0.6599690548468055	0.3400309451531947	[[0.5602823223069745, -0.3389023253337146, 0.0823898449391082], [0.34502850677701147, 0.5157945549485564, -0.22465631518395363], [0.05097256298161832, 0.23379551818674188, 0.6150614659156134]]	0.8145290483178909	0.2796174196880563	[[0.6421390588239593, -0.3972322987196579, 0.05146459395317522], [0.4765382054043594, 0.6250069159699252, -0.2645754534239162], [0.025151350486857713, 0.22463982478135372, 0.7097951846033016]]	[[-0.04935734305502153, 0.02103850731210022, -0.0502203585403746], [0.05070651041245219, -0.011583004245833915, 0.012693750732733313], [-0.03775861917130875, -0.06390891781664448, -0.04930924129367038]]	0.45904525665949125	[[0.6423358000298599, -0.6423358000298598, 0.0], [0.7071067811865475, 0.7071067811865476, 0.0], [0.0, 0.0, 0.9084000000000001]]
9	[[0.3802729664721569, 0.7767473726770865, -0.5020517802076895], [0.4287143634067757, 0.332951791095048, 0.839849450446521], [0.8195098935212374, -0.5346088512602871, -0.20639019011321075]]	0.5317096023222088	0.4682903976777917	[[0.20219478777679714, 0.4130040366309541, -0.26694575239938756], [0.2279515436768356, 0.177033664435615, 0.4465560173074452], [0.43574127958329273, -0.28425665970154007, -0.10973964590830035]]	0.733924765452933	0.4141521588776731	[[0.28904045476042844, 0.4091815018862959, -0.3396065215929791], [0.4178147623063901, 0.3155941367772701, 0.7019525595166259], [0.5147207194529062, -0.37208557783805657, -0.03667935335862842]]	[[0.009948707034259695, -0.1608926314219167, 0.028861713441176794], [0.1031706736967688, 0.07123257159070315, 0.0855662485818885], [-0.08673788693602598, 0.020277097932211503, 0.11479551851199601]]	0.47919875947549634	[[0.3404697301565569, 0.34046973015655696, -0.48149690996491085], [0.5, 0.5000000000000001, 0.7071067811865475], [0.48149690996491085, -0.4814969099649108, 0.0]]
9	[[-0.8305561570912853, 0.32773595720904825, 0.4502950280316503], [-0.5100865793185324, -0.772219296347621, -0.37879947194723407], [0.22358030216652452, -0.5443036842615101, 0.808545204538665]]	0.5131875931585801	0.4868124068414198	[[-0.42623111524071616, 0.1681900270716349, 0.231085821646838], [-0.26177010394297073, -0.39629336208324806, -0.19439518929834212], [0.11473863714650685, -0.27932989767351213, 0.41493536747710935]]	0.7111605166716007	0.4400252562208932	[[-0.49167785983064105, 0.16550510886351322, 0.24498402745754516], [-0.43775948243673307, -0.6702470142889967, -0.26575269743543134], [0.1417085154056528, -0.34113479409091285, 0.4591624709220894]]	[[0.09898088597117664, -0.06756776379713518, -0.07524801733209624], [-0.07500604714131612, -0.12107514051464262, 0.003634530749493284], [-0.017292967800685437, 0.045952495234758625, -0.11584295448997273]]	0.5660268923544101	[[-0.43739179301212505, 0.3092827028742164, 0.30928270287421633], [-0.7071067811865475, -0.5000000000000001, -0.5], [0.0, -0.437391793012125, 0.43739179301212505]]
