9	[[0.04673222253661188, -0.9725397674033924, -0.22799671093185395], [-0.8377629715199755, -0.16246744520517667, 0.5213036857710898], [-0.5440306084466285, 0.16664552219444034, -0.8223502702654952]]	0.6603462293740893	0.3396537706259107	[[0.030859446942322427, -0.642212968321184, -0.15055676837354393], [-0.5532136193524484, -0.1072847648372798, 0.34424092325775413], [-0.35924856095182267, 0.1100437422231748, -0.543035900194583]]	0.7597741879111055	0.394735466167698	[[-0.009719076539663467, -0.8027968229980162, -0.12584336137420454], [-0.6874411320506947, -0.1473508615683921, 0.2722181292661646], [-0.2716801176554381, 0.029532472525129055, -0.584283930266412]]	[[-0.045225012966698716, -0.06388621100784823, 0.04738265452044788], [-0.05093045070211075, -0.02391229032563718, -0.12385495524563128], [0.14166029607588382, -0.09708049376917396, 0.04051657850303285]]	0.3605315432858668	[[0.0978628761623924, -0.6395861452914116, -0.1670623795232392], [-0.8535533905932738, -0.2500000000000001, 0.4571067811865474], [-0.3341247590464784, 0.0978628761623923, -0.5703866419305648]]
9	[[-0.42203838922340475, -0.825029846081567, 0.3757783270710803], [0.2588054115689476, 0.28760896992378115, 0.9221175843470338], [-0.8688517462515349, 0.4864224845687207, 0.09214016247897017]]	0.6633437188822814	0.33665628111771884	[[-0.27995651461854104, -0.547278366288623, 0.2492701929546926], [0.1716769441770051, 0.1907836036931432, 0.611680907647507], [-0.5763473485158573, 0.32266529986177434, 0.06112059803721773]]	0.8154295996006455	0.305115356027896	[[-0.2617453247769973, -0.5742328849470361, 0.3123340560182107], [0.2641857484286369, 0.23561014974569017, 0.8284262833938163], [-0.668657743451135, 0.34627521035861775, 0.02388857782876235]]	[[0.08239726996354502, 0.09852087210183863, 0.005913285236039235], [0.05314815529848967, 0.0010852825591871444, 0.07650431080500003], [0.03982968810707577, -0.05036808147000532, -0.05124523796860274]]	0.4478668011878371	[[-0.0978628761623924, -0.5703866419305647, 0.3341247590464784], [0.25000000000000017, 0.45710678118654735, 0.8535533905932738], [-0.6395861452914116, 0.16706237952323932, 0.0978628761623924]]
9	[[0.8592155572171323, 0.2624339665249735, -0.4391776855101157], [-0.4266000482917053, 0.8413623931712975, -0.33184593135155627], [0.2824199444684594, 0.4724804086637203, 0.8348660002631537]]	0.6905725327376989	0.3094274672623011	[[0.5933506635150683, 0.18122968893955155, -0.3032840466046012], [-0.29459827581482756, 0.5810217588025547, -0.22916368529214484], [0.1950314563472243, 0.32628199247984835, 0.5765355282983186]]	0.7809123806155055	0.2849481229435594	[[0.6796535943251913, 0.163987773835207, -0.2737214064543963], [-0.3385880507757222, 0.7412361560835676, -0.4066707633046097], [0.20432425143750313, 0.3732430534957964, 0.6484355971658848]]	[[0.008681528076882286, -0.04095015971818002, 0.06923788545051598], [-0.005450791493556971, 0.0842058466718111, -0.1475281670552963], [-0.01622097973066043, 0.004277252772023698, -0.003521598594559771]]	0.3998373335144764	[[0.5214552038493685, 0.2851933209652824, -0.3054613862449331], [-0.573223304703363, 0.7803300858899106, -0.2499999999999999], [0.16706237952323924, 0.305461386244933, 0.5703866419305648]]
9	[[0.8787972042104137, -0.3840163418041313, 0.28327887866788265], [-0.395223040501579, -0.9183905790867732, -0.018907472103605397], [0.2674214316928388, -0.09534250611366366, -0.9588511794847616]]	0.6861656488752012	0.31383435112479885	[[0.6030004538567512, -0.2634988223527127, 0.19437623559378708], [-0.27118847403619595, -0.6301680676199476, -0.012973657864560138], [0.18349540020065203, -0.06542075257286982, -0.6579307417459135]]	0.8277868743362102	0.28157250819850826	[[0.6554763633862237, -0.26804944138843056, 0.1688937817371477], [-0.3176597239965387, -0.8545369319979635, -0.03351918759837712], [0.15961842090912554, -0.053039913221930746, -0.75381158682025]]	[[-0.07198042746251494, 0.04983424588763696, -0.06560075580080547], [0.009500721365916811, -0.09430526511590154, -0.01786783036413451], [-0.06174953016240379, 0.0258833619052799, 0.039912833999029174]]	0.42479232400058164	[[0.49416833901712237, -0.34942978356669996, 0.3494297835666999], [-0.5, -0.8535533905932737, -0.14644660940672619], [0.3494297835666999, -0.10234561405813877, -0.5965139530752612]]
9	[[0.3802729664721569, 0.7767473726770865, -0.5020517802076895], [0.4287143634067757, 0.332951791095048, 0.839849450446521], [0.8195098935212374, -0.5346088512602871, -0.20639019011321075]]	0.6725671862366956	0.3274328137633046	[[0.25575911906205995, 0.5224147948581741, -0.3376635531594096], [0.28833921309575133, 0.22393244928926453, 0.5648551817492516], [0.5511754631787127, -0.3595603708293633, -0.13881126943129884]]	0.8150113065727075	0.29380707977036113	[[0.34698497458471594, 0.5343374063880776, -0.4160227717863428], [0.4078638891186805, 0.29591647174803737, 0.7147087268089514], [0.6050098611100962, -0.4176574293067346, -0.07237633037587292]]	[[0.03705820732596385, -0.09872048469439247, -0.006844894432120031], [0.0584568356520377, 0.024556997461939227, 0.03022192887616193], [-0.06289996795790795, 0.018054829064246283, 0.09583400813208445]]	0.402777237584279	[[0.41798910486201657, 0.4179891048620167, -0.5911258610200538], [0.5, 0.5000000000000001, 0.7071067811865475], [0.5911258610200538, -0.5911258610200537, 0.0]]
9	[[0.8489524140446696, -0.5135124485683378, 0.12483895166604869], [0.522794976890395, 0.7815435453534784, -0.34040431673891397], [0.0772347773085365, 0.35425224329800037, 0.9319550081910795]]	0.7577476898910499	0.24225231010895024	[[0.6432917305697784, -0.38911287163295444, 0.09459642723336883], [0.3961466860253416, 0.5922128160408591, -0.2579405846378534], [0.05852447408479322, 0.268433818997782, 0.7061867545391849]]	0.8809972696631293	0.19886278706204125	[[0.7138885952495303, -0.4558804260599956, 0.05386832521765339], [0.5050104805569543, 0.6689488293443, -0.29421774547952684], [0.02314319532518543, 0.26598617030067306, 0.7978169702799844]]	[[-0.03403616359774589, -0.0034773609332620025, -0.056114450347742865], [0.04442953332291757, -0.019588900234956543, 0.005677528148999364], [-0.04490043260667505, -0.04610908881690388, -0.023232847385235886]]	0.44130503762400985	[[0.6761355041705768, -0.6761355041705767, 0.0], [0.7071067811865475, 0.7071067811865476, 0.0], [0.0, 0.0, 0.9561999999999999]]
9	[[-0.5446221603179724, 0.8109226453022452, -0.2139887049042392], [-0.8354447797583356, -0.5021691245819775, 0.22328947644507607], [0.07361197229480154, 0.30038414347728, 0.9509735242804028]]	0.7121239750810652	0.287876024918935	[[-0.3878384977228717, 0.5774774576558873, -0.15238648715885583], [-0.5949402575222309, -0.35760667316029643, 0.1590097895598374], [0.05242085032413131, 0.21391075030436163, 0.6772110463074104]]	0.811423376089005	0.2814446985498501	[[-0.4853874891359523, 0.623488052529442, -0.11573407863001484], [-0.7354006407040343, -0.40679805233680383, 0.09609808887110138], [0.07560222867275851, 0.12046775824962072, 0.7509006591613882]]	[[-0.04346833711785583, -0.0345135380687327, 0.057901358748296806], [-0.05750121697659024, 0.000673714099164436, -0.08508421195110862], [0.01587175359274037, -0.12327095757431791, -0.020741488481475865]]	0.4075081374025458	[[-0.6465207690879055, 0.6465207690879053, 0.0], [-0.7071067811865475, -0.7071067811865476, 0.0], [0.0, 0.0, 0.9143184399999998]]
9	[[-0.30792515101507295, 0.09349718223056193, 0.9468053539599837], [0.3027085282091916, -0.9338174967034747, 0.1906631317268273], [0.9019698710720718, 0.34531602882779927, 0.2592434992682147]]	0.7172609340059435	0.2827390659940566	[[-0.22086268142099238, 0.06706187625361673, 0.6791064925031658], [0.21712100167488918, -0.6697908098766263, 0.13675521594288242], [0.6469477521703747, 0.24768169736425058, 0.1859452344200888]]	0.830450891010731	0.28069561318778835	[[-0.23544123244931559, 0.07326532288116515, 0.7277069609120433], [0.24702751861188935, -0.8485880176479303, 0.11851334268827304], [0.6658895308725923, 0.25285329126248035, 0.16217590956815045]]	[[0.020275483575765585, -0.004379495409197689, -0.05856838889775563], [-0.004357048355980829, -0.0730984454691195, -0.039823024937167065], [-0.08315215222404385, -0.03391471255785276, -0.05311308538787822]]	0.4196978279401247	[[-0.3341247590464784, 0.0978628761623923, 0.5703866419305648], [0.14644660940672619, -0.9571067811865475, 0.2499999999999999], [0.5703866419305648, 0.16706237952323919, 0.3054613862449331]]
9	[[0.5319609947059123, -0.8460851799387872, 0.03402011756955908], [-0.703274286200726, -0.4190807785627857, 0.5742617690636116], [-0.47161719485230363, -0.3294103357928521, -0.8179645788128509]]	0.6923114159551607	0.3076885840448393	[[0.3682826694777659, -0.5857544289420987, 0.023552515765542487], [-0.4868848168844796, -0.29013440720639333, 0.3975679784693445], [-0.32650596795699927, -0.22805453600301445, -0.5662862157590915]]	0.7733459711391922	0.2728913794719178	[[0.43547691017871226, -0.6352230578798036, 0.00525518454073061], [-0.6089920638760622, -0.380520479078614, 0.5429335806676194], [-0.31091918452887046, -0.30348723127859584, -0.6325696115594844]]	[[0.024087018119697854, 0.019093507266435914, -0.021054136319369542], [-0.06511772803693969, -0.05642604739520769, 0.09883055518301018], [0.05380407303012601, -0.04873907524158523, 8.213803055802397e-18]]	0.37647660630548513	[[0.5652345483073754, -0.5652345483073754, 0.0], [-0.5, -0.5000000000000001, 0.7071067811865475], [-0.3996811820690602, -0.39968118206906034, -0.5652345483073754]]
9	[[0.08740825448676931, -0.06334395238859675, -0.994156597696443], [0.7119981850616444, -0.6940087028176986, 0.10681996481098455], [-0.6967197295301035, -0.717174639895393, -0.015561310176609944]]	0.7641431673147157	0.23585683268528443	[[0.06679242043297061, -0.04840384840845487, -0.7596779713705815], [0.544068548255334, -0.5303220083150935, 0.08162574624311222], [-0.5323936208537856, -0.5480241008474562, -0.011891068845921442]]	0.9048656342909707	0.16080246463241524	[[0.053504269260084295, -0.05350426926008431, -0.8375807843327251], [0.6840134763526627, -0.6703112500734241, 0.09051248268474789], [-0.6057452433351457, -0.6172779407063522, 0.0]]	[[-0.025588456378352786, 0.0038134963965203252, 0.06199735602642022], [0.039750787012837914, -0.042326624994833396, -0.006145232528882805], [0.024692496649145062, 0.03166874471999108, 0.014080894803356692]]	0.18520360157154483	[[0.0, 0.0, -0.8742712923279998], [0.7071067811865475, -0.7071067811865476, 0.0], [-0.6182031594018551, -0.618203159401855, 0.0]]
9	[[0.22433838825039393, -0.7661379269479729, -0.6022499185961573], [-0.9416906372873723, -0.011392912655017143, -0.3362869982418849], [0.2507808429735371, 0.642575192824231, -0.724020780340167]]	0.6552931704504977	0.3447068295495024	[[0.14700741369035536, -0.502044951152109, -0.39465025856043], [-0.6170834432915919, -0.007465697854371817, -0.2203665732592057], [0.16433497368037753, 0.4210751353586302, -0.47444587262115134]]	0.7527030495609487	0.41892219070256737	[[0.2030442412526587, -0.5094748029278595, -0.3653779448525539], [-0.8187472046767892, 0.05298566926525661, -0.20320017814429533], [0.16987092114067265, 0.3653779448525539, -0.42370756027579265]]	[[0.03418405228299901, 0.06719955107018286, 0.08793740547260667], [-0.10993379024759092, 0.06156114936406963, 0.0499240709600688], [-0.018892584136974064, -0.1182903623584594, 0.12126508903174875]]	0.39661139176809435	[[0.1119365087486794, -0.6524137838401916, -0.38217514629443533], [-0.8535533905932738, 0.14644660940672602, -0.5], [0.38217514629443533, 0.38217514629443544, -0.5404772750915123]]
9	[[0.034229894132735264, 0.2773841392786001, 0.9601491309293217], [-0.1827544195208179, -0.9427759796974285, 0.2788803941677556], [0.9825625356654255, -0.18501754344446375, 0.018422055382213542]]	0.8405390235587249	0.15946097644127538	[[0.028771561790847833, 0.23315219357991188, 0.8070428129820901], [-0.15361222133506983, -0.7924400014094968, 0.23440985420343763], [0.8258821543136017, -0.15551446530804355, 0.015484456442910521]]	0.9037232673963939	0.14636071284518926	[[0.009102503930710926, 0.228388496955933, 0.8349132705977631], [-0.16594287602763308, -0.8258221711456596, 0.2545596006572152], [0.8668411906443259, -0.15507805994081228, 0.0]]	[[-0.021831847837557233, -0.022290003716859887, -0.032795839193491466], [-0.0007834548871482813, 0.026186417649336702, 0.0025288996271369338], [-0.021123434508518234, 0.012126598946472746, -0.016648440082171343]]	0.3572744458234593	[[0.0, 0.0, 0.9561999999999999], [0.0, -1.0, 0.0], [0.9561999999999999, 0.0, 0.0]]
9	[[-0.3195682178843842, -0.5708200961323295, -0.7563336379995778], [0.910087742671785, 0.03735879733279218, -0.41272826520656647], [0.2638493031197415, -0.8202248094963509, 0.507557688474819]]	0.6689930719587406	0.33100692804125936	[[-0.21378892378285433, -0.38187468964735083, -0.5059819639110675], [0.6088423947219933, 0.024992776592348644, -0.2761123500247426], [0.17651335582824884, -0.5487247150017365, 0.33955257720904664]]	0.7440233925671766	0.284986738927876	[[-0.28771024240394744, -0.43949322731264484, -0.5384245665363865], [0.7595859203550064, 0.013877121928396297, -0.3415900270085227], [0.1909439703806573, -0.5752041457832451, 0.38426017540258783]]	[[-0.04994401277696124, -0.014789722842747086, 0.0243053527207342], [0.08245935051854103, -0.013918697205377377, -0.03451054292116776], [-0.005366083252978077, 0.03506229964599604, 0.006625382099998876]]	0.3772790878717713	[[-0.3654358748867391, -0.3654358748867392, -0.5168043704425042], [0.8535533905932738, -0.14644660940672602, -0.5], [0.10703368966548725, -0.6238380601079911, 0.3654358748867391]]
9	[[-0.8305561570912853, 0.32773595720904825, 0.4502950280316503], [-0.5100865793185324, -0.772219296347621, -0.37879947194723407], [0.22358030216652452, -0.5443036842615101, 0.808545204538665]]	0.664492126862974	0.3355078731370259	[[-0.5518980273047265, 0.21777796325531312, 0.29921750089257376], [-0.3389485159756308, -0.5131336426346599, -0.2517092667687891], [0.14856735051130027, -0.3616855128142835, 0.5372719226287559]]	0.7699526857780785	0.38484422163579324	[[-0.606595126187996, 0.2407919196944126, 0.19729224865134926], [-0.5677244173305602, -0.6248967521788141, -0.3037487872555849], [0.17713122515329724, -0.27003668440170037, 0.5861305786536116]]	[[0.03289381765395883, -0.01154926078474353, -0.14941361757413507], [-0.1749818856049033, -0.030324430946305384, -0.012091116458494165], [0.0049849710131072665, 0.14905139917435253, -0.03641097315391937]]	0.45625790547828343	[[-0.5652345483073754, 0.39968118206906034, 0.3996811820690602], [-0.7071067811865475, -0.5000000000000001, -0.5], [0.0, -0.5652345483073754, 0.5652345483073754]]
