9	[[-0.5446221603179724, 0.8109226453022452, -0.2139887049042392], [-0.8354447797583356, -0.5021691245819775, 0.22328947644507607], [0.07361197229480154, 0.30038414347728, 0.9509735242804028]]	0.9347977460604519	0.06520225393954811	[[-0.5091115679198146, 0.7580486610579185, -0.200036159026878], [-0.7809718970760628, -0.4694265658003829, 0.20873049929987544], [0.06881230578424492, 0.2807984202748607, 0.8889679070604852]]	0.9347977460604524	0.06520225393954782	[[-0.5091115679198149, 0.7580486610579185, -0.20003615902687807], [-0.7809718970760634, -0.469426565800383, 0.20873049929987564], [0.06881230578424495, 0.2807984202748608, 0.8889679070604852]]	[[0.0, 0.0, 0.0], [0.0, 0.0, 0.0], [0.0, 0.0, 0.0]]	0.2618177099068489	[[-0.566041005851877, 0.7705528074127782, -0.24686758249684093], [-0.7803300858899108, -0.42677669529663675, 0.4571067811865474], [0.246867582496841, 0.45137938405774175, 0.8428586482709735]]
9	[[0.04673222253661188, -0.9725397674033924, -0.22799671093185395], [-0.8377629715199755, -0.16246744520517667, 0.5213036857710898], [-0.5440306084466285, 0.16664552219444034, -0.8223502702654952]]	0.9349126416852285	0.0650873583147716	[[0.04369054562352582, -0.9092397230870434, -0.21315700731284293], [-0.7832351928098069, -0.15189286838462182, 0.48737340598449574], [-0.5086210933004598, 0.1557990053798186, -0.7688256635644756]]	0.9349126416852283	0.06508735831477178	[[0.04369054562352579, -0.9092397230870433, -0.2131570073128429], [-0.7832351928098069, -0.1518928683846218, 0.4873734059844958], [-0.5086210933004595, 0.15579900537981856, -0.7688256635644756]]	[[0.0, 0.0, 0.0], [0.0, 0.0, 0.0], [0.0, 0.0, 0.0]]	0.11970789900203851	[[0.1446116817163907, -0.9451145490514238, -0.24686758249684093], [-0.8535533905932738, -0.2500000000000001, 0.4571067811865474], [-0.49373516499368186, 0.14461168171639052, -0.8428586482709735]]
9	[[0.8592155572171323, 0.2624339665249735, -0.4391776855101157], [-0.4266000482917053, 0.8413623931712975, -0.33184593135155627], [0.2824199444684594, 0.4724804086637203, 0.8348660002631537]]	0.9502114944548707	0.04978850554512919	[[0.8164364986821658, 0.2493677715274146, -0.4173116848797983], [-0.4053602694217813, 0.7994722169934253, -0.31532381835833073], [0.2683586774972364, 0.4489563152170018, 0.7932992697796118]]	0.9502114944548709	0.04978850554512921	[[0.8164364986821658, 0.24936777152741463, -0.41731168487979825], [-0.4053602694217812, 0.7994722169934251, -0.3153238183583308], [0.2683586774972365, 0.44895631521700186, 0.793299269779612]]	[[0.0, 0.0, 0.0], [0.0, 0.0, 0.0], [0.0, 0.0, 0.0]]	0.18867681485108037	[[0.7705528074127781, 0.4214293241354867, -0.4513793840577418], [-0.573223304703363, 0.7803300858899106, -0.2499999999999999], [0.246867582496841, 0.45137938405774175, 0.8428586482709735]]
9	[[-0.30792515101507295, 0.09349718223056193, 0.9468053539599837], [0.3027085282091916, -0.9338174967034747, 0.1906631317268273], [0.9019698710720718, 0.34531602882779927, 0.2592434992682147]]	0.9227573432462493	0.07724265675375087	[[-0.2841401942693687, 0.08627521147608375, 0.8736715929914393], [0.279326517268296, -0.8616869523349613, 0.17593580488725682], [0.832299321918627, 0.31864290134148526, 0.23921884263859874]]	0.9227573432462491	0.07724265675375099	[[-0.2841401942693688, 0.08627521147608372, 0.8736715929914389], [0.27932651726829594, -0.8616869523349614, 0.1759358048872568], [0.8322993219186268, 0.3186429013414852, 0.23921884263859874]]	[[0.0, 0.0, 0.0], [0.0, 0.0, 0.0], [0.0, 0.0, 0.0]]	0.2542790616076023	[[-0.49373516499368186, 0.14461168171639052, 0.8428586482709735], [0.14644660940672619, -0.9571067811865475, 0.2499999999999999], [0.8428586482709735, 0.2468675824968409, 0.4513793840577418]]
9	[[0.3802729664721569, 0.7767473726770865, -0.5020517802076895], [0.4287143634067757, 0.332951791095048, 0.839849450446521], [0.8195098935212374, -0.5346088512602871, -0.20639019011321075]]	0.9303398478930558	0.06966015210694426	[[0.3537830937855476, 0.7226390325477314, -0.4670787768328597], [0.39885005564142806, 0.30975831868308745, 0.7813454099814828], [0.7624227096854024, -0.4973679173637768, -0.19201301807654336]]	0.9303398478930558	0.06966015210694454	[[0.3537830937855475, 0.7226390325477312, -0.46707877683285975], [0.39885005564142784, 0.30975831868308745, 0.7813454099814829], [0.762422709685402, -0.49736791736377683, -0.19201301807654333]]	[[0.0, 0.0, 0.0], [0.0, 0.0, 0.0], [0.0, 0.0, 0.0]]	0.3267480499740328	[[0.1446116817163907, 0.8428586482709733, -0.49373516499368186], [0.25000000000000017, 0.45710678118654735, 0.8535533905932738], [0.9451145490514238, -0.2468675824968411, -0.1446116817163907]]
9	[[0.8787972042104137, -0.3840163418041313, 0.28327887866788265], [-0.395223040501579, -0.9183905790867732, -0.018907472103605397], [0.2674214316928388, -0.09534250611366366, -0.9588511794847616]]	0.9116801071587187	0.0883198928412814	[[0.8011819293053324, -0.3501000596466896, 0.2582597184597369], [-0.36031698391607414, -0.8372784215553871, -0.017237566193515453], [0.24380279950226522, -0.08692186619048567, -0.8741655460619312]]	0.9116801071587186	0.08831989284128139	[[0.8011819293053324, -0.3501000596466895, 0.25825971845973694], [-0.36031698391607414, -0.837278421555387, -0.017237566193515446], [0.24380279950226524, -0.08692186619048568, -0.8741655460619313]]	[[0.0, 0.0, 0.0], [0.0, 0.0, 0.0], [0.0, 0.0, 0.0]]	0.308132646829067	[[0.6992258827904896, -0.49442736330230524, 0.49442736330230513], [-0.5, -0.8535533905932737, -0.14644660940672619], [0.49442736330230513, -0.14481442190706043, -0.8440403046975501]]
9	[[-0.42203838922340475, -0.825029846081567, 0.3757783270710803], [0.2588054115689476, 0.28760896992378115, 0.9221175843470338], [-0.8688517462515349, 0.4864224845687207, 0.09214016247897017]]	0.9141030404771657	0.0858969595228343	[[-0.3857865747871999, -0.7541622907875686, 0.3435001113210973], [0.23657481360711924, 0.262904233875834, 0.8429104875290829], [-0.7942200229724229, 0.4446402721007249, 0.08422560267208672]]	0.9141030404771656	0.08589695952283444	[[-0.38578657478719963, -0.7541622907875686, 0.34350011132109715], [0.2365748136071192, 0.26290423387583395, 0.8429104875290828], [-0.7942200229724229, 0.4446402721007247, 0.08422560267208669]]	[[0.0, 0.0, 0.0], [0.0, 0.0, 0.0], [0.0, 0.0, 0.0]]	0.31092194121537436	[[-0.1446116817163907, -0.8428586482709733, 0.49373516499368186], [0.25000000000000017, 0.45710678118654735, 0.8535533905932738], [-0.9451145490514238, 0.2468675824968411, 0.1446116817163907]]
9	[[0.22433838825039393, -0.7661379269479729, -0.6022499185961573], [-0.9416906372873723, -0.011392912655017143, -0.3362869982418849], [0.2507808429735371, 0.642575192824231, -0.724020780340167]]	0.9311951849616587	0.06880481503834147	[[0.2089028269408259, -0.7134239485904593, -0.5608122243402925], [-0.8768977871654768, -0.010609025407040677, -0.31314883352805295], [0.23352591345758356, 0.5983629255337334, -0.6742046644649461]]	0.9311951849616584	0.06880481503834165	[[0.20890282694082585, -0.7134239485904593, -0.5608122243402924], [-0.8768977871654766, -0.01060902540704067, -0.3131488335280529], [0.23352591345758347, 0.5983629255337333, -0.6742046644649461]]	[[0.0, 0.0, 0.0], [0.0, 0.0, 0.0], [0.0, 0.0, 0.0]]	0.29071256690704317	[[0.14522075538947057, -0.846408589788121, -0.4958146725887956], [-0.8535533905932738, 0.14644660940672602, -0.5], [0.4958146725887956, 0.4958146725887957, -0.7011878343986505]]
9	[[0.08740825448676931, -0.06334395238859675, -0.994156597696443], [0.7119981850616444, -0.6940087028176986, 0.10681996481098455], [-0.6967197295301035, -0.717174639895393, -0.015561310176609944]]	0.9613712438968012	0.03862875610319888	[[0.08403178234279354, -0.06089705430116501, -0.9557535649556411], [0.6844945808249779, -0.6672000099030563, 0.10269364244334875], [-0.6698063130257985, -0.6894710756474745, -0.014960196121151449]]	0.9708088633912322	0.04874388777172956	[[0.07018309812213518, -0.05711620758809831, -0.949078764826538], [0.6790352517083336, -0.6712170753470087, 0.09052005107144535], [-0.6827275009616219, -0.7089813612025746, -0.009239686905639786]]	[[-0.01467361006717692, 0.004378662832983611, 0.016057271816040306], [-0.012178897067981576, 0.0025327246190645475, -0.01318171755419797], [-0.006345812234255425, -0.012741864192711937, 0.005867370939793327]]	0.11091520664289609	[[0.0, 0.0, -0.9958058772559998], [0.7071067811865475, -0.7071067811865476, 0.0], [-0.7041410885531363, -0.7041410885531362, 0.0]]
9	[[0.034229894132735264, 0.2773841392786001, 0.9601491309293217], [-0.1827544195208179, -0.9427759796974285, 0.2788803941677556], [0.9825625356654255, -0.18501754344446375, 0.018422055382213542]]	0.9377285279226798	0.06227147207732042	[[0.03209834823603901, 0.2601110205948212, 0.9003592311325932], [-0.1713740327886204, -0.8840679316025317, 0.26151410148942617], [0.9213769201615152, -0.17349622865404743, 0.01727488687487319]]	0.9377285279226796	0.06227147207732039	[[0.03209834823603901, 0.2601110205948213, 0.9003592311325933], [-0.1713740327886204, -0.8840679316025317, 0.26151410148942617], [0.9213769201615148, -0.1734962286540474, 0.017274886874873177]]	[[0.0, 0.0, 0.0], [0.0, 0.0, 0.0], [0.0, 0.0, 0.0]]	0.15016418500279868	[[-0.07230584085819523, 0.2768176424190963, 0.9451145490514238], [-0.2803300858899109, -0.9267766952966368, 0.25000000000000017], [0.9451145490514238, -0.2468675824968411, 0.1446116817163907]]
9	[[0.8489524140446696, -0.5135124485683378, 0.12483895166604869], [0.522794976890395, 0.7815435453534784, -0.34040431673891397], [0.0772347773085365, 0.35425224329800037, 0.9319550081910795]]	0.9153451928063544	0.08465480719364578	[[0.7770845111171379, -0.4700411512432482, 0.1142707342825025], [0.4785378689199321, 0.7153821272081414, -0.3115874549374965], [0.0706964821268382, 0.32426308794369174, 0.8530605366595113]]	0.924625718669501	0.13215148014017047	[[0.7802689615086214, -0.49276651368289237, 0.06806428722157783], [0.510115209478669, 0.6679914560960624, -0.29142432003796076], [0.026703374881998226, 0.30617175648721584, 0.8642356595242259]]	[[-0.004694274443639073, -0.01795969687965783, -0.04736501818058955], [0.026725528254582288, -0.054643806197907596, 0.023322265964958094], [-0.04470988659318621, -0.02137897856248065, 0.002526090307908194]]	0.35716474461653497	[[0.7705528074127781, -0.4214293241354867, 0.4513793840577418], [0.573223304703363, 0.7803300858899106, -0.2499999999999999], [-0.246867582496841, 0.45137938405774175, 0.8428586482709735]]
9	[[-0.3195682178843842, -0.5708200961323295, -0.7563336379995778], [0.910087742671785, 0.03735879733279218, -0.41272826520656647], [0.2638493031197415, -0.8202248094963509, 0.507557688474819]]	0.9385864242759001	0.061413575724099875	[[-0.29994239093632596, -0.5357639929336686, -0.7098844848496069], [0.8541960001716362, 0.035064460003833474, -0.38738114663782663], [0.2476453739628463, -0.7698518710475615, 0.4763867559393215]]	0.9385864242759002	0.0614135757241	[[-0.2999423909363259, -0.5357639929336687, -0.7098844848496066], [0.8541960001716361, 0.03506446000383348, -0.38738114663782663], [0.2476453739628463, -0.7698518710475614, 0.47638675593932156]]	[[0.0, 0.0, 0.0], [0.0, 0.0, 0.0], [0.0, 0.0, 0.0]]	0.22695100601370052	[[-0.4951205320471712, -0.4951205320471713, -0.7002061714304924], [0.8535533905932738, -0.14644660940672602, -0.5], [0.1450174463319253, -0.8452236177624175, 0.4951205320471712]]
9	[[-0.8305561570912853, 0.32773595720904825, 0.4502950280316503], [-0.5100865793185324, -0.772219296347621, -0.37879947194723407], [0.22358030216652452, -0.5443036842615101, 0.808545204538665]]	0.9133816358704993	0.08661836412950076	[[-0.7586147414463537, 0.29934800472918444, 0.411291209327901], [-0.4659037142535483, -0.7053309241487559, -0.345988481354046], [0.2042141421412807, -0.49715698954111787, 0.7385103415967732]]	0.9133816358704994	0.08661836412950061	[[-0.7586147414463537, 0.29934800472918444, 0.4112912093279011], [-0.4659037142535483, -0.705330924148756, -0.3459884813540459], [0.20421414214128072, -0.4971569895411178, 0.7385103415967734]]	[[0.0, 0.0, 0.0], [0.0, 0.0, 0.0], [0.0, 0.0, 0.0]]	0.3645603737321255	[[-0.7021708736217209, 0.49650978628960113, 0.496509786289601], [-0.7071067811865475, -0.5000000000000001, -0.5], [0.0, -0.7021708736217208, 0.7021708736217209]]
9	[[0.5319609947059123, -0.8460851799387872, 0.03402011756955908], [-0.703274286200726, -0.4190807785627857, 0.5742617690636116], [-0.47161719485230363, -0.3294103357928521, -0.8179645788128509]]	0.9073854706601722	0.0926145293398277	[[0.4826936775540777, -0.7677253992173529, 0.030869360392768778], [-0.6381408691874424, -0.3802678095008247, 0.5210767856039284], [-0.42793859032248777, -0.29890215258372255, -0.7422091743294483]]	0.9073854706601723	0.0926145293398278	[[0.48269367755407755, -0.7677253992173529, 0.030869360392768767], [-0.6381408691874425, -0.3802678095008246, 0.5210767856039283], [-0.42793859032248766, -0.29890215258372244, -0.7422091743294483]]	[[0.0, 0.0, 0.0], [0.0, 0.0, 0.0], [0.0, 0.0, 0.0]]	0.2841774932804335	[[0.7021708736217209, -0.7021708736217208, 0.0], [-0.5, -0.5000000000000001, 0.7071067811865475], [-0.496509786289601, -0.49650978628960113, -0.7021708736217209]]
