9	[[0.8787972042104137, -0.3840163418041313, 0.28327887866788265], [-0.395223040501579, -0.9183905790867732, -0.018907472103605397], [0.2674214316928388, -0.09534250611366366, -0.9588511794847616]]	0.6101513955993538	0.38984860440064617	[[0.5361993405977943, -0.23430810688474923, 0.1728430031630286], [-0.2411458897350584, -0.5603572935350934, -0.011536420491270674], [0.16316755976056288, -0.0581733631651918, -0.5850443853347138]]	0.8049847327714047	0.31873386839446693	[[0.6208187778260805, -0.2387444339553311, 0.17940810764089724], [-0.32176926384492355, -0.8585105873364337, -0.019816395139661505], [0.1629252037339162, -0.05694719688442648, -0.7126045629297871]]	[[-0.08659955476549695, 0.07038285833171996, -0.04862706480335145], [-0.0036207502016579705, -0.11922019245049209, -0.004596168760957928], [-0.052344965994690046, 0.019802064921237088, 0.05925599755529985]]	0.502924467054679	[[0.6121028556305326, -0.6121028556305326, 0.0], [-0.7071067811865475, -0.7071067811865476, 0.0], [0.0, 0.0, -0.8656441599999998]]
9	[[0.5319609947059123, -0.8460851799387872, 0.03402011756955908], [-0.703274286200726, -0.4190807785627857, 0.5742617690636116], [-0.47161719485230363, -0.3294103357928521, -0.8179645788128509]]	0.6044915306517388	0.3955084693482613	[[0.3215659159367985, -0.5114513254829492, 0.020564872942574898], [-0.42512334973348587, -0.2533307813001407, 0.34713637577603784], [-0.28508859999794833, -0.19912575809592445, -0.4944526602654851]]	0.7273383429450299	0.4588878358764239	[[0.4485162418924087, -0.5829092691098634, 0.09140497164979203], [-0.5145951985795144, -0.3512608301362984, 0.33990780164759893], [-0.24783324242107574, -0.10698624179180169, -0.5273115104370544]]	[[0.06160061349162054, 0.032480923657161494, 0.06666083570995386], [-0.003076844618429643, -0.04644731109632872, -0.07777480187980973], [0.0951920265871821, 0.13260652599273726, 0.0676254909044139]]	0.4417101743925912	[[0.4929847792400993, -0.4929847792400992, 0.0], [-0.5, -0.5000000000000001, 0.7071067811865475], [-0.34859288042242725, -0.3485928804224273, -0.4929847792400993]]
9	[[-0.30792515101507295, 0.09349718223056193, 0.9468053539599837], [0.3027085282091916, -0.9338174967034747, 0.1906631317268273], [0.9019698710720718, 0.34531602882779927, 0.2592434992682147]]	0.6296495903335292	0.37035040966647104	[[-0.19388494519003074, 0.05887046248881266, 0.5961556032464959], [0.19060030077738305, -0.5879778042456244, 0.12005096278350452], [0.567924959813716, 0.21742809608702499, 0.16323256311086193]]	0.8085273518893605	0.29985207876532755	[[-0.20691645907284878, 0.06931242408636527, 0.7153975314372062], [0.2529148459709935, -0.8448263854521414, 0.12170739879290178], [0.6555698445702606, 0.2424593832234841, 0.13760403498648352]]	[[0.042049447857499624, -0.006282605071627947, -0.050120494154728204], [0.008166721263690056, -0.08980939769452928, -0.03244895820512222], [-0.07369746677162964, -0.036738071129606496, -0.07200142497137751]]	0.47985097607633975	[[0.0, 0.0, 0.9303999999999999], [0.0, -1.0, 0.0], [0.9303999999999999, 0.0, 0.0]]
9	[[-0.3195682178843842, -0.5708200961323295, -0.7563336379995778], [0.910087742671785, 0.03735879733279218, -0.41272826520656647], [0.2638493031197415, -0.8202248094963509, 0.507557688474819]]	0.5635669828296818	0.4364330171703181	[[-0.1800980963613608, -0.3216953593158459, -0.42624466638001884], [0.5128954032478138, 0.021054184694987252, -0.2326000231509935], [0.1486967556809069, -0.4622516211299091, 0.28604275510576127]]	0.7019370144062321	0.4741876114107251	[[-0.236044797046717, -0.38111359357787666, -0.40841458483017296], [0.7883405307824325, 0.01442375421319303, -0.21763398383300808], [0.16308180847411077, -0.4084145848301729, 0.31580474136812087]]	[[-0.011728036285832105, 0.019566160464329154, 0.12248399092225472], [0.1495162578436923, -0.01179976844839472, 0.07207526240715273], [-0.02212378361092552, 0.16733156908961616, -0.040468787118822014]]	0.47529604305485984	[[-0.3017573911552524, -0.30175739115525246, -0.4267493951180811], [0.8535533905932738, -0.14644660940672602, -0.5], [0.08838269359621201, -0.515132088714293, 0.3017573911552524]]
9	[[0.8592155572171323, 0.2624339665249735, -0.4391776855101157], [-0.4266000482917053, 0.8413623931712975, -0.33184593135155627], [0.2824199444684594, 0.4724804086637203, 0.8348660002631537]]	0.584840397713494	0.4151596022865059	[[0.5025039682044892, 0.15348198535599533, -0.25684885226062787], [-0.24949294190751675, 0.4920627166434788, -0.19407690647124898], [0.16517059264515668, 0.27632563011472444, 0.4882633636313769]]	0.7539009131480601	0.43605007505057675	[[0.4814274297961861, 0.19356837041709413, -0.2891996455998114], [-0.3530815261008576, 0.7490648903101125, -0.2527294189880493], [0.24081582264782955, 0.32035597448307007, 0.47729410760325053]]	[[-0.1663359633808292, -0.004280836587150815, 0.041896812540516415], [-0.031467360144734384, 0.11476101380983418, -0.002550468317642592], [0.027899168621833552, -0.0358474370530773, -0.1521121323514097]]	0.5247310743119118	[[0.40766710294581443, 0.2229605421120648, -0.23880585997230935], [-0.573223304703363, 0.7803300858899106, -0.2499999999999999], [0.13060726169518996, 0.23880585997230933, 0.4459210842241296]]
9	[[0.22433838825039393, -0.7661379269479729, -0.6022499185961573], [-0.9416906372873723, -0.011392912655017143, -0.3362869982418849], [0.2507808429735371, 0.642575192824231, -0.724020780340167]]	0.5477808413802965	0.4522191586197037	[[0.1228882710697004, -0.41967567823691676, -0.329900967129818], [-0.5158400896132244, -0.006240819279937516, -0.184211574842194], [0.13737294116610416, 0.3519903797753634, -0.3966047122315554]]	0.713639113099948	0.4692037313866824	[[0.1872851245185283, -0.4601578773173641, -0.33400353412239475], [-0.819449035099757, 0.048132179782168605, -0.2004879665525972], [0.1502336151130807, 0.3340035341223947, -0.38750030081059167]]	[[0.027188476093245442, 0.08658811338202002, 0.09578556364908271], [-0.1474217638914717, 0.056262607864920204, 0.03949958861978528], [-0.028733403249011587, -0.12456325658471755, 0.12918924673729726]]	0.47352778629259407	[[0.09499429664253227, -0.5536673352475204, -0.3243308159450263], [-0.8535533905932738, 0.14644660940672602, -0.5], [0.3243308159450263, 0.32433081594502633, -0.4586730386049883]]
9	[[-0.8305561570912853, 0.32773595720904825, 0.4502950280316503], [-0.5100865793185324, -0.772219296347621, -0.37879947194723407], [0.22358030216652452, -0.5443036842615101, 0.808545204538665]]	0.5622153986239523	0.43778460137604763	[[-0.4669514609386549, 0.18425820182568764, 0.25316279868319796], [-0.28677852952429694, -0.4341535795211857, -0.21296689611935682], [0.12570028870701633, -0.30601591281957086, 0.4545765644751906]]	0.7402076597426138	0.41583301558961455	[[-0.5109518146138703, 0.19274377411705243, 0.2546656311859161], [-0.4486282792037759, -0.6764223143945511, -0.2671372843019887], [0.15556486194233463, -0.37009963628087367, 0.48756751477406585]]	[[0.10383221471148876, -0.04984889178216257, -0.07864619770712643], [-0.07105828606028983, -0.10481967623699065, 0.013252986339811323], [-0.009930990288894917, 0.03279812003562123, -0.11092383887361235]]	0.5156230132284826	[[-0.4929847792400993, 0.3485928804224273, 0.34859288042242725], [-0.7071067811865475, -0.5000000000000001, -0.5], [0.0, -0.4929847792400992, 0.4929847792400993]]
9	[[0.034229894132735264, 0.2773841392786001, 0.9601491309293217], [-0.1827544195208179, -0.9427759796974285, 0.2788803941677556], [0.9825625356654255, -0.18501754344446375, 0.018422055382213542]]	0.7886093058766989	0.2113906941233011	[[0.026994013052249244, 0.21874771353770242, 0.7571825396802883], [-0.1441218359242112, -0.7434819109464139, 0.21992767406725391], [0.7748579592315604, -0.14590655651075052, 0.014527804307789525]]	0.8818783618028123	0.18153315833489178	[[0.009182449096582264, 0.21712404139197303, 0.7997440954720192], [-0.16750403834086053, -0.82443817260231, 0.256339706397647], [0.8299038365813889, -0.1481154803196763, 0.0]]	[[-0.021004153865878013, -0.027495028945121968, -0.04699064719832482], [-0.006336870241617765, 0.006975563920299396, 0.010401121250064097], [-0.036596802740053835, 0.015047487797908042, -0.016246012021507168]]	0.369055338890765	[[0.0, 0.0, 0.9303999999999999], [0.0, -1.0, 0.0], [0.9303999999999999, 0.0, 0.0]]
9	[[-0.42203838922340475, -0.825029846081567, 0.3757783270710803], [0.2588054115689476, 0.28760896992378115, 0.9221175843470338], [-0.8688517462515349, 0.4864224845687207, 0.09214016247897017]]	0.5782955557883819	0.42170444421161823	[[-0.24406292485998227, -0.47711109338174296, 0.21731093650679872], [0.14966601932430543, 0.16632298911179705, 0.533256500942208], [-0.5024531034962375, 0.281295961061634, 0.05328424647120785]]	0.768339281065742	0.37507588799303837	[[-0.23866993957255705, -0.5106698721695482, 0.28645009841112656], [0.27030567959169344, 0.23622223289452893, 0.8275407730072761], [-0.5945691635226134, 0.3119901819427019, 0.025540083531575424]]	[[0.08559873298549746, 0.1232329666265428, -0.002275151250754499], [0.07145531573088477, 0.015240963715232215, 0.11904161119199749], [0.07300376254500558, -0.06174732014504098, -0.04525482266479716]]	0.555208646909528	[[-0.07650796255663032, -0.44592108422412957, 0.26121452339037987], [0.25000000000000017, 0.45710678118654735, 0.8535533905932738], [-0.5000203833626893, 0.13060726169519002, 0.07650796255663032]]
9	[[0.04673222253661188, -0.9725397674033924, -0.22799671093185395], [-0.8377629715199755, -0.16246744520517667, 0.5213036857710898], [-0.5440306084466285, 0.16664552219444034, -0.8223502702654952]]	0.5596869846013464	0.4403130153986537	[[0.026155416715235406, -0.5443178498228994, -0.12760679164047417], [-0.4688850313406787, -0.09093091450276986, 0.2917668879507891], [-0.3044868507723293, 0.09326932981432307, -0.4602587430509972]]	0.7226993672600385	0.44400470140405474	[[-0.009046593461784517, -0.744480288257035, -0.11682057500973203], [-0.6794358070358995, -0.14153296299849774, 0.2723894647570838], [-0.25416409823871056, 0.013367857083427068, -0.5372511965222176]]	[[-0.04281994111964934, -0.0416264137193783, 0.047952503718088735], [-0.07398503760452357, -0.02411784314836147, -0.10435637910000876], [0.13900647825576168, -0.10706675636321367, 0.057060823464777546]]	0.45409183820293353	[[-0.09499429664253227, -0.5536673352475204, -0.3243308159450263], [-0.8535533905932738, -0.14644660940672602, 0.5], [-0.3243308159450263, 0.32433081594502633, -0.4586730386049883]]
9	[[0.08740825448676931, -0.06334395238859675, -0.994156597696443], [0.7119981850616444, -0.6940087028176986, 0.10681996481098455], [-0.6967197295301035, -0.717174639895393, -0.015561310176609944]]	0.6686689324296702	0.3313310675703298	[[0.058447184213208964, -0.042356133019558845, -0.6647616308495938], [0.4760910662970324, -0.46406205841001075, 0.07142719183233598], [-0.4658748377475829, -0.47955240082448564, -0.010405364663000731]]	0.8623790683682983	0.22879442056276753	[[0.05025709910318202, -0.050257099103182025, -0.7688360515444436], [0.6746342097318198, -0.6658951030893246, 0.09484918596812766], [-0.5529666455653071, -0.5604048522106061, 0.0]]	[[-0.025121949968817236, 0.004369399544461875, 0.08850378898921207], [0.06062187821843959, -0.06739652451390668, 0.0027298842312964344], [0.047869865700676265, 0.05807154559975274, 0.013419748172695003]]	0.23894472787313836	[[0.0, 0.0, -0.8053953264639997], [0.7071067811865475, -0.7071067811865476, 0.0], [-0.5695004968786475, -0.5695004968786473, 0.0]]
9	[[0.8489524140446696, -0.5135124485683378, 0.12483895166604869], [0.522794976890395, 0.7815435453534784, -0.34040431673891397], [0.0772347773085365, 0.35425224329800037, 0.9319550081910795]]	0.6993177251311753	0.3006822748688247	[[0.593687470934338, -0.3591083573593497, 0.08730209168686193], [0.3655997939489963, 0.5465472542275482, -0.2380507724066894], [0.05401164876841868, 0.2477348729057733, 0.6517326562527915]]	0.8548144125594984	0.24382927091473663	[[0.6739330430380062, -0.4221904731890803, 0.05394577848912105], [0.49351057306010454, 0.6650932610134295, -0.3150258183314203], [0.02205946652695179, 0.2605588436494689, 0.7463538823263661]]	[[-0.051763716064556285, 0.016767368875853107, -0.05276835664383597], [0.046617892000485, -0.0029814255975719878, -0.02404330228552816], [-0.043961934267208506, -0.04226107960319578, -0.05029469053237409]]	0.4506180784808922	[[0.6578921492159638, -0.6578921492159637, 0.0], [0.7071067811865475, 0.7071067811865476, 0.0], [0.0, 0.0, 0.9303999999999999]]
9	[[0.3802729664721569, 0.7767473726770865, -0.5020517802076895], [0.4287143634067757, 0.332951791095048, 0.839849450446521], [0.8195098935212374, -0.5346088512602871, -0.20639019011321075]]	0.5886070216218073	0.41139297837819283	[[0.22383133819846565, 0.45719895758402385, -0.29551120304797435], [0.25234428457135144, 0.1959777621001024, 0.4943412836380385], [0.48236927761514, -0.3146745236729734, -0.12148271509449557]]	0.7708940288473285	0.34975389873365403	[[0.339191037713986, 0.4677070487531887, -0.3797489883179056], [0.4026937397338996, 0.31406400061308426, 0.727395828773192], [0.5406797363230803, -0.4121267712054849, -0.054187431851823765]]	[[0.04604087852853992, -0.1310828627664279, 0.0072797312163735625], [0.07220039690253247, 0.05739345296388865, 0.07996090229325856], [-0.09107554717375146, 0.0, 0.10491753331911534]]	0.44150582343989797	[[0.3746699058710526, 0.37466990587105264, -0.5298632622958936], [0.5, 0.5000000000000001, 0.7071067811865475], [0.5298632622958936, -0.5298632622958935, 0.0]]
9	[[-0.5446221603179724, 0.8109226453022452, -0.2139887049042392], [-0.8354447797583356, -0.5021691245819775, 0.22328947644507607], [0.07361197229480154, 0.30038414347728, 0.9509735242804028]]	0.630901112845658	0.36909888715434214	[[-0.34360272702501504, 0.5116119993529312, -0.13500571206048562], [-0.5270830412706295, -0.31681905953549944, 0.14087357917592278], [0.04644187523955404, 0.18951269040100577, 0.5999702547552634]]	0.7807834030479965	0.3178552089243117	[[-0.4556860895129206, 0.5988770403208108, -0.09569621805455605], [-0.7333123994156971, -0.3993841532729875, 0.10125726770173647], [0.07139307789786374, 0.10017924207383147, 0.7180922502331873]]	[[-0.03045414580450263, -0.03427790228695979, 0.07138261117440937], [-0.08101098121729997, -0.007298835276237898, -0.0730834495818555], [0.013918071664453743, -0.13435571169201682, -0.02441209426301236]]	0.4270357496729443	[[-0.6121028556305326, 0.6121028556305326, 0.0], [-0.7071067811865475, -0.7071067811865476, 0.0], [0.0, 0.0, 0.8656441599999998]]
