9	[[-0.42203838922340475, -0.825029846081567, 0.3757783270710803], [0.2588054115689476, 0.28760896992378115, 0.9221175843470338], [-0.8688517462515349, 0.4864224845687207, 0.09214016247897017]]	0.8560634870726458	0.14393651292735443	[[-0.3612916551571104, -0.7062779269755943, 0.32169010503879414], [0.22155386310098457, 0.24621153770632379, 0.7893911947471264], [-0.7437922556452466, 0.4164085283304393, 0.07887782879118735]]	0.8754443800723218	0.2033855126123827	[[-0.2957424149579601, -0.6745836349023199, 0.34883190217906296], [0.254942098845046, 0.23172080215691843, 0.8299579810126597], [-0.7837267808168754, 0.3960683403974732, 0.022174593805045644]]	[[0.07372872106244467, 0.047684107241720626, 0.019858877591706955], [0.028372355754706598, -0.020064854221245158, 0.022695324030183935], [-0.023095402444946053, -0.029767490059029032, -0.058488993616119415]]	0.31942475406300774	[[-0.13672883757040805, -0.7969140656303814, 0.46682145160039457], [0.25000000000000017, 0.45710678118654735, 0.8535533905932738], [-0.8935959538601708, 0.23341072580019745, 0.13672883757040805]]
9	[[0.8592155572171323, 0.2624339665249735, -0.4391776855101157], [-0.4266000482917053, 0.8413623931712975, -0.33184593135155627], [0.2824199444684594, 0.4724804086637203, 0.8348660002631537]]	0.892029724691287	0.10797027530871303	[[0.7664458169548694, 0.23409889890891455, -0.3917595498961451], [-0.3805399236309396, 0.750520263946195, -0.2960164347834526], [0.25192698531152846, 0.42146656886232525, 0.7447252883688569]]	0.8920297246912869	0.10797027530871316	[[0.7664458169548692, 0.23409889890891455, -0.39175954989614514], [-0.3805399236309395, 0.7505202639461948, -0.29601643478345246], [0.25192698531152835, 0.4214665688623251, 0.7447252883688568]]	[[0.0, 0.0, 0.0], [0.0, 0.0, 0.0], [0.0, 0.0, 0.0]]	0.21519389694072752	[[0.7285496468451774, 0.39845703281519074, -0.42677450225977615], [-0.573223304703363, 0.7803300858899106, -0.2499999999999999], [0.23341072580019734, 0.4267745022597761, 0.7969140656303815]]
9	[[0.08740825448676931, -0.06334395238859675, -0.994156597696443], [0.7119981850616444, -0.6940087028176986, 0.10681996481098455], [-0.6967197295301035, -0.717174639895393, -0.015561310176609944]]	0.9378765149966719	0.062123485003328344	[[0.08197814909999342, -0.059408805312332225, -0.9323961252084884], [0.6677663764895707, -0.6508944635760239, 0.10018393632899332], [-0.6534370718611173, -0.6726212519090842, -0.014594587357221177]]	0.961582358265585	0.0609138121525682	[[0.06461015195242392, -0.06336856633477798, -0.938450169299942], [0.682879568225517, -0.6688872513369215, 0.09420386856856264], [-0.6795150634650593, -0.6936102215189073, 0.0]]	[[-0.01944008352884214, -0.002458139215088209, 0.017513276398294066], [-0.0017653256468756462, -0.0015407262246395392, -0.008512325104230663], [-0.009561662893341814, -0.003987740000023547, 0.014963481337326837]]	0.12004039830856474	[[0.0, 0.0, -0.9773728410239998], [0.7071067811865475, -0.7071067811865476, 0.0], [-0.6911069636356317, -0.6911069636356316, 0.0]]
9	[[0.8489524140446696, -0.5135124485683378, 0.12483895166604869], [0.522794976890395, 0.7815435453534784, -0.34040431673891397], [0.0772347773085365, 0.35425224329800037, 0.9319550081910795]]	0.8846713750063667	0.11532862499363324	[[0.7510438994478723, -0.4542897639578375, 0.11044144702475664], [0.4625017510520474, 0.6914092028952127, -0.3011459549475178], [0.06832739663985352, 0.3133968191775319, 0.8244739185404723]]	0.9184809639955166	0.13820002206816887	[[0.7740227874738467, -0.48323461311486954, 0.05963379351326489], [0.5041668936275412, 0.6712082284416712, -0.2896066604652527], [0.024428192844056007, 0.2969150686522038, 0.8572391958573133]]	[[-0.005723844164222281, -0.011583204330124492, -0.0550284071571572], [0.02398965928123731, -0.04662464049906534, 0.02304822452134019], [-0.04651047987226766, -0.028458873269717935, 0.0012562615335210293]]	0.3560028309804695	[[0.7285496468451774, -0.39845703281519074, 0.42677450225977615], [0.573223304703363, 0.7803300858899106, -0.2499999999999999], [-0.23341072580019734, 0.4267745022597761, 0.7969140656303815]]
9	[[-0.30792515101507295, 0.09349718223056193, 0.9468053539599837], [0.3027085282091916, -0.9338174967034747, 0.1906631317268273], [0.9019698710720718, 0.34531602882779927, 0.2592434992682147]]	0.8863095691647344	0.11369043083526573	[[-0.2729170079311551, 0.082867447300886, 0.8391626453511369], [0.2682934652195795, -0.8276513831817474, 0.1689865581364033], [0.7994245278294589, 0.30605690073604375, 0.22976999414516952]]	0.8863722737108369	0.11142180587590589	[[-0.2831332337085487, 0.08287330999925961, 0.8392220143511047], [0.2683124464204421, -0.8353157678390775, 0.17660434363659355], [0.7994810854408226, 0.31328886311152987, 0.23699655938175773]]	[[-0.010196917470565671, 0.0, 0.0], [0.0, -0.0076058300550568185, 0.007605830055056817], [0.0, 0.007210309490636563, 0.007210309490636565]]	0.26771447370060514	[[-0.46682145160039457, 0.13672883757040788, 0.7969140656303815], [0.14644660940672619, -0.9571067811865475, 0.2499999999999999], [0.7969140656303815, 0.23341072580019726, 0.42677450225977615]]
9	[[-0.5446221603179724, 0.8109226453022452, -0.2139887049042392], [-0.8354447797583356, -0.5021691245819775, 0.22328947644507607], [0.07361197229480154, 0.30038414347728, 0.9509735242804028]]	0.8820455500538247	0.11795444994617532	[[-0.4803815529691682, 0.7152707107267214, -0.18874778492256522], [-0.7369003503015377, -0.44293604171195794, 0.19695148907222762], [0.06492911259331512, 0.26495249706086443, 0.8388019653105322]]	0.8820455500538247	0.11795444994617543	[[-0.4803815529691683, 0.7152707107267213, -0.18874778492256522], [-0.7369003503015377, -0.4429360417119579, 0.19695148907222765], [0.06492911259331513, 0.26495249706086443, 0.838801965310532]]	[[0.0, 0.0, 0.0], [0.0, 0.0, 0.0], [0.0, 0.0, 0.0]]	0.2865918208006412	[[-0.5351858703855984, 0.7285496468451775, -0.23341072580019728], [-0.7803300858899108, -0.42677669529663675, 0.4571067811865474], [0.23341072580019734, 0.4267745022597761, 0.7969140656303815]]
9	[[0.22433838825039393, -0.7661379269479729, -0.6022499185961573], [-0.9416906372873723, -0.011392912655017143, -0.3362869982418849], [0.2507808429735371, 0.642575192824231, -0.724020780340167]]	0.8904863295925509	0.10951367040744911	[[0.199770267939802, -0.6822353505295463, -0.5362953195081047], [-0.8385626392097023, -0.010145232973534783, -0.29945897475411276], [0.22331691239163093, 0.5722044249452752, -0.6447306072338499]]	0.8986299096699963	0.09786746713354764	[[0.1877484150220141, -0.7169317668772803, -0.532173230370429], [-0.8696919222775252, -0.00647532903942203, -0.3266703314865412], [0.24529700995309744, 0.560105920383355, -0.6725305062598699]]	[[-0.013848770546950065, -0.02845731078926511, 0.009026559576398498], [-0.0234605499548927, 0.0037626830306342236, -0.024472776633241853], [0.019937843684822276, -0.017331367100464186, -0.021903777823585234]]	0.3023282355736718	[[0.1398942469356488, -0.8153634234356762, -0.47762883518566235], [-0.8535533905932738, 0.14644660940672602, -0.5], [0.47762883518566235, 0.47762883518566246, -0.6754691765000277]]
9	[[0.034229894132735264, 0.2773841392786001, 0.9601491309293217], [-0.1827544195208179, -0.9427759796974285, 0.2788803941677556], [0.9825625356654255, -0.18501754344446375, 0.018422055382213542]]	0.9076157133121804	0.0923842866878197	[[0.031067589779882943, 0.2517582034328319, 0.8714464383544863], [-0.16587078283434056, -0.8556782933066712, 0.2531162278813496], [0.8917891966817998, -0.1679248296686143, 0.016720146936404227]]	0.9323141620528591	0.12273759790651517	[[0.011614989880271515, 0.24318834857539381, 0.8851939470251715], [-0.16340211954833733, -0.8279595916321691, 0.2519401676094855], [0.9193042073450884, -0.1656499818302082, 0.0]]	[[-0.020298025185247644, -0.015420812802887802, -0.009966685422979906], [0.006982413948670657, 0.05100380588300248, -0.008063973391996588], [0.003247240241644827, 0.006844494151295462, -0.017175143126959787]]	0.17037574910179495	[[-0.06836441878520393, 0.26172819524478297, 0.8935959538601708], [-0.2803300858899109, -0.9267766952966368, 0.25000000000000017], [0.8935959538601708, -0.23341072580019745, 0.13672883757040805]]
9	[[-0.3195682178843842, -0.5708200961323295, -0.7563336379995778], [0.910087742671785, 0.03735879733279218, -0.41272826520656647], [0.2638493031197415, -0.8202248094963509, 0.507557688474819]]	0.887271225751438	0.112728774248562	[[-0.28354368439348027, -0.5064722463788857, -0.6710730740649298], [0.8074946669817542, 0.03314738590206609, -0.3662019137720948], [0.23410589459271572, -0.727761872113567, 0.45034133239261903]]	0.8855944098521641	0.10805323098000338	[[-0.29273924488955494, -0.4957836686013402, -0.6835671444967274], [0.823492466550221, 0.03609135926349333, -0.37577507763085977], [0.2308132016720819, -0.742999075027326, 0.43975883402606003]]	[[-0.009731417564725856, 0.009731417564725859, -0.013762302701151067], [0.017523849165113566, 0.0030066171867726057, -0.010265233175943087], [-0.0028502662141503287, -0.01661256891530139, -0.009731417564725856]]	0.2454576669919764	[[-0.47399885603825126, -0.47399885603825137, -0.6703356107586274], [0.8535533905932738, -0.14644660940672602, -0.5], [0.13883105065893786, -0.809166661417565, 0.47399885603825126]]
9	[[0.3802729664721569, 0.7767473726770865, -0.5020517802076895], [0.4287143634067757, 0.332951791095048, 0.839849450446521], [0.8195098935212374, -0.5346088512602871, -0.20639019011321075]]	0.8736059741200021	0.12639402587999818	[[0.3322087353064116, 0.6785711451527184, -0.43859543450701977], [0.37452742906321285, 0.29086867379458886, 0.7336974972714813], [0.7159287388305995, -0.4670374862784184, -0.18030370308266386]]	0.8784761972021483	0.20660142420765004	[[0.3431318350067199, 0.6478584991002998, -0.4410405386754198], [0.4041168067621768, 0.30196254029585756, 0.7209601727569994], [0.6961681212463692, -0.4530421070550027, -0.08884902520310986]]	[[0.009071085521479439, -0.03449557903582675, -1.4282183456267425e-18], [0.02750144311065274, 0.009472317003035712, -0.016827578693574558], [-0.023751813583704873, 0.016599043590743243, 0.09245984414737193]]	0.33737611633165215	[[0.13672883757040805, 0.7969140656303814, -0.46682145160039457], [0.25000000000000017, 0.45710678118654735, 0.8535533905932738], [0.8935959538601708, -0.23341072580019745, -0.13672883757040805]]
9	[[0.8787972042104137, -0.3840163418041313, 0.28327887866788265], [-0.395223040501579, -0.9183905790867732, -0.018907472103605397], [0.2674214316928388, -0.09534250611366366, -0.9588511794847616]]	0.8657913981636337	0.13420860183636635	[[0.7608550601356264, -0.33247804548828275, 0.24526041643209248], [-0.34218070882234447, -0.7951346635278467, -0.016369926708320402], [0.23153117524426356, -0.08254672167257367, -0.830165103316961]]	0.8669532450035012	0.12064544714707501	[[0.7761985428410891, -0.34305171868046186, 0.23546203808307753], [-0.3534047583604487, -0.8145784597564969, -0.01323893953669937], [0.22171437297059227, -0.07969121751844359, -0.8485678740241783]]	[[0.014322454950866348, -0.010127505018996433, -0.010127505018996431], [-0.010764860897454485, -0.018376767036574454, 0.0031529547583345136], [-0.010127505018996431, 0.00296627754356326, -0.01728873249442961]]	0.3148725548673203	[[0.6652410601168618, -0.47039646473236063, 0.4703964647323605], [-0.5, -0.8535533905932737, -0.14644660940672619], [0.4703964647323605, -0.13777593467392976, -0.8030169947907916]]
9	[[-0.8305561570912853, 0.32773595720904825, 0.4502950280316503], [-0.5100865793185324, -0.772219296347621, -0.37879947194723407], [0.22358030216652452, -0.5443036842615101, 0.808545204538665]]	0.8901539011010896	0.10984609889891052	[[-0.7393228033183369, 0.291735440840734, 0.4008318758487981], [-0.45405555847970197, -0.687394019149373, -0.3371898276888631], [0.19902087818289219, -0.484514047929079, 0.719729668036671]]	0.8901539011010897	0.10984609889891052	[[-0.7393228033183369, 0.2917354408407341, 0.40083187584879804], [-0.4540555584797021, -0.6873940191493733, -0.33718982768886324], [0.1990208781828922, -0.48451404792907904, 0.7197296680366708]]	[[0.0, 0.0, 0.0], [0.0, 0.0, 0.0], [0.0, 0.0, 0.0]]	0.37710340732300907	[[-0.6806420561265898, 0.4812866134478663, 0.48128661344786616], [-0.7071067811865475, -0.5000000000000001, -0.5], [0.0, -0.6806420561265897, 0.6806420561265898]]
9	[[0.5319609947059123, -0.8460851799387872, 0.03402011756955908], [-0.703274286200726, -0.4190807785627857, 0.5742617690636116], [-0.47161719485230363, -0.3294103357928521, -0.8179645788128509]]	0.8885263262779679	0.11147367372203199	[[0.4726613483492179, -0.7517689566492441, 0.030227770083624872], [-0.6248777178836913, -0.37236430459010256, 0.5102466999879777], [-0.41904429355163786, -0.29268975550001475, -0.7267830622380878]]	0.8885263262779677	0.11147367372203239	[[0.4726613483492177, -0.7517689566492439, 0.030227770083624875], [-0.624877717883691, -0.37236430459010245, 0.5102466999879774], [-0.4190442935516378, -0.29268975550001464, -0.7267830622380876]]	[[0.0, 0.0, 0.0], [0.0, 0.0, 0.0], [0.0, 0.0, 0.0]]	0.295349059112907	[[0.6806420561265898, -0.6806420561265897, 0.0], [-0.5, -0.5000000000000001, 0.7071067811865475], [-0.48128661344786616, -0.4812866134478663, -0.6806420561265898]]
9	[[0.04673222253661188, -0.9725397674033924, -0.22799671093185395], [-0.8377629715199755, -0.16246744520517667, 0.5213036857710898], [-0.5440306084466285, 0.16664552219444034, -0.8223502702654952]]	0.8746890868100399	0.1253109131899599	[[0.0408761650551527, -0.8506699210365221, -0.19942623488067598], [-0.732782128522073, -0.14210850128287628, 0.4559786448578226], [-0.4758576360988919, 0.14576301962923724, -0.7193008069365157]]	0.8783444732203081	0.11710750150106676	[[0.048916268629375, -0.862094208928774, -0.18913080952779335], [-0.7500150796796716, -0.14513367380820325, 0.46618515877165884], [-0.48015113671901355, 0.13293847344755416, -0.7301760941819648]]	[[0.007869279243040329, -0.00786927924304033, 0.01112884143160872], [-0.014170603776478947, -0.002431291234012986, 0.008300947505245968], [-0.0023048585272359735, -0.01343369995884469, -0.007869279243040329]]	0.14878412270487326	[[0.13672883757040805, -0.8935959538601708, -0.23341072580019728], [-0.8535533905932738, -0.2500000000000001, 0.4571067811865474], [-0.46682145160039457, 0.13672883757040788, -0.7969140656303815]]
