9	[[0.8787972042104137, -0.3840163418041313, 0.28327887866788265], [-0.395223040501579, -0.9183905790867732, -0.018907472103605397], [0.2674214316928388, -0.09534250611366366, -0.9588511794847616]]	0.6191964533897957	0.3808035466102045	[[0.5441481120959563, -0.2377815568888417, 0.17540527699139116], [-0.24472070497650927, -0.5686641893971306, -0.011707439669118955], [0.16558640206462727, -0.05903574164287546, -0.5937172496655868]]	0.808795696972725	0.30267839980920747	[[0.6363892710794776, -0.2620116852026608, 0.15993698381565483], [-0.3217573163010334, -0.8533384529384377, -0.03231497969361058], [0.1519025020906277, -0.04765960496485061, -0.7332112915618917]]	[[-0.07437812619756601, 0.04857907961572769, -0.0691777542941873], [-0.002102621798879226, -0.11054810443276647, -0.0170226976155827], [-0.06438680114082579, 0.029453003718476263, 0.04230341644260542]]	0.49992910510697636	[[0.6184349120032446, -0.6184349120032445, 0.0], [-0.7071067811865475, -0.7071067811865476, 0.0], [0.0, 0.0, -0.8745990400000001]]
9	[[0.3802729664721569, 0.7767473726770865, -0.5020517802076895], [0.4287143634067757, 0.332951791095048, 0.839849450446521], [0.8195098935212374, -0.5346088512602871, -0.20639019011321075]]	0.6020910360943317	0.39790896390566854	[[0.22895894438188596, 0.46767263039869694, -0.3022808765182514], [0.2581250752521074, 0.20046728886988088, 0.5056658257826009], [0.4934195608797572, -0.32188319716050673, -0.12426568340496914]]	0.7790684311020427	0.33882303485683146	[[0.34092458712586493, 0.47980308022761264, -0.3865204668940661], [0.403711940369398, 0.31089873659255046, 0.7250665328518968], [0.5524251344522165, -0.4135466413504689, -0.057398925510473923]]	[[0.04466592374588193, -0.12533627676655887, 0.004612225844326193], [0.0697141138791702, 0.05150650707151633, 0.07076633913061284], [-0.08602915256597593, 0.002950237654148264, 0.1033931560958775]]	0.4337389526815034	[[0.38246174038446074, 0.38246174038446085, -0.5408825803405223], [0.5, 0.5000000000000001, 0.7071067811865475], [0.5408825803405223, -0.5408825803405222, 0.0]]
9	[[-0.5446221603179724, 0.8109226453022452, -0.2139887049042392], [-0.8354447797583356, -0.5021691245819775, 0.22328947644507607], [0.07361197229480154, 0.30038414347728, 0.9509735242804028]]	0.6452910463406767	0.3547089536593233	[[-0.35143980369190414, 0.5232811222884353, -0.13808499529274276], [-0.5391050360901125, -0.32404523984148587, 0.14408669989210504], [0.047501146625313406, 0.19383519824860196, 0.613654700525182]]	0.7866782363668776	0.3114633221967896	[[-0.4622857525012632, 0.6033479814582937, -0.09963352195973522], [-0.7338661862301485, -0.40193958482277176, 0.09964498648164834], [0.0723884268558663, 0.10346588500458352, 0.7240319997294163]]	[[-0.033843351936001846, -0.03458721497803965, 0.06870673501676393], [-0.07663996030794665, -0.006894063538722906, -0.07601198504744755], [0.014479490315504374, -0.13283978321869824, -0.024078175183085016]]	0.4232429138155174	[[-0.6184349120032446, 0.6184349120032445, 0.0], [-0.7071067811865475, -0.7071067811865476, 0.0], [0.0, 0.0, 0.8745990400000001]]
9	[[-0.30792515101507295, 0.09349718223056193, 0.9468053539599837], [0.3027085282091916, -0.9338174967034747, 0.1906631317268273], [0.9019698710720718, 0.34531602882779927, 0.2592434992682147]]	0.6418464142953335	0.35815358570466643	[[-0.19764065405037368, 0.06001083116140354, 0.6077036214748397], [0.19429238340768745, -0.5993674118653698, 0.12237644743718301], [0.5789261275500337, 0.22163985490182703, 0.16639451043467854]]	0.8126061236604025	0.2962172317352687	[[-0.21230119528057978, 0.06996806277726894, 0.7175729356641635], [0.2517387878917259, -0.8456162339262738, 0.12097659397369885], [0.6573651913130748, 0.24430413628487627, 0.14233313250331087]]	[[0.037920668063322685, -0.006008320048278256, -0.05180689287817416], [0.005755984184709153, -0.08679041772380267, -0.03395743442379098], [-0.07558104927727441, -0.036301783338685556, -0.0683297225211915]]	0.4786904683738072	[[0.0, 0.0, 0.9352], [0.0, -1.0, 0.0], [0.9352, 0.0, 0.0]]
9	[[-0.8305561570912853, 0.32773595720904825, 0.4502950280316503], [-0.5100865793185324, -0.772219296347621, -0.37879947194723407], [0.22358030216652452, -0.5443036842615101, 0.808545204538665]]	0.5807033819808383	0.41929661801916174	[[-0.4823067693479178, 0.19031737874802157, 0.26148784566713573], [-0.2962090017133089, -0.4484303570199267, -0.2199701344523145], [0.12983383761239853, -0.3160789902752892, 0.4695249347599914]]	0.7465934399972135	0.40037546371746985	[[-0.5367693567381697, 0.21789040101227797, 0.23304536798417383], [-0.45613651306230796, -0.6757991977746056, -0.2576549697964725], [0.1384369233221965, -0.35095933957466063, 0.5235567689099617]]	[[0.08331842169547889, -0.026795114691204956, -0.10314194600761761], [-0.07530921911247324, -0.09926533688220766, 0.025154231033740898], [-0.02848666358792552, 0.05541422046129739, -0.08009777673981071]]	0.504541805835286	[[-0.5058333891344564, 0.3576782196075478, 0.35767821960754775], [-0.7071067811865475, -0.5000000000000001, -0.5], [0.0, -0.5058333891344564, 0.5058333891344564]]
9	[[0.5319609947059123, -0.8460851799387872, 0.03402011756955908], [-0.703274286200726, -0.4190807785627857, 0.5742617690636116], [-0.47161719485230363, -0.3294103357928521, -0.8179645788128509]]	0.6180730580588979	0.3819269419411021	[[0.32879075876593644, -0.522942454543079, 0.021026918101740625], [-0.43467488872627125, -0.2590225383800048, 0.354935727731459], [-0.29149388185552244, -0.20359965359969653, -0.5055618686107172]]	0.7340654850833189	0.3535188262600102	[[0.40716996927264953, -0.552664730402697, 0.035730228398692325], [-0.604789832778341, -0.3753850585276599, 0.5634789242576359], [-0.2772131036023351, -0.3041441204588343, -0.5487530642499066]]	[[0.016675763648449193, 0.06841719763087593, 0.010757234292402405], [-0.08854045273178025, -0.0677523235228736, 0.14193318018515097], [0.06898480131055529, -0.06233536252359538, 0.051686501077321464]]	0.42943349521284024	[[0.5058333891344564, -0.5058333891344564, 0.0], [-0.5, -0.5000000000000001, 0.7071067811865475], [-0.35767821960754775, -0.3576782196075478, -0.5058333891344564]]
9	[[0.8489524140446696, -0.5135124485683378, 0.12483895166604869], [0.522794976890395, 0.7815435453534784, -0.34040431673891397], [0.0772347773085365, 0.35425224329800037, 0.9319550081910795]]	0.7079436034388651	0.2920563965611351	[[0.6010104311469067, -0.36353785325018384, 0.08837893729199281], [0.3701093597995244, 0.5532887537419274, -0.2409870586182915], [0.05467786655860361, 0.2507906096466879, 0.6597715867416898]]	0.8600978977055667	0.23530457976096916	[[0.6817209836334481, -0.42721727807090604, 0.05409716735774761], [0.4944454890954105, 0.6658012777565282, -0.3123815986725383], [0.022181236655841863, 0.26280278698341275, 0.7552996036894855]]	[[-0.04846120293843792, 0.01445369938835916, -0.05327655252198772], [0.04479062854095145, -0.006402682567353848, -0.019600561475498563], [-0.04424823293698798, -0.041888822734678303, -0.04627293961183602]]	0.4488380323643299	[[0.6612862617656593, -0.6612862617656592, 0.0], [0.7071067811865475, 0.7071067811865476, 0.0], [0.0, 0.0, 0.9352]]
9	[[0.034229894132735264, 0.2773841392786001, 0.9601491309293217], [-0.1827544195208179, -0.9427759796974285, 0.2788803941677556], [0.9825625356654255, -0.18501754344446375, 0.018422055382213542]]	0.7979529118518537	0.20204708814814637	[[0.027313843695596782, 0.22133948163887912, 0.7661537948370789], [-0.14582942121043188, -0.7522908382235473, 0.22253342258455333], [0.7840386364107673, -0.14763528753518668, 0.01469993273453341]]	0.8860308573882573	0.17492598402880205	[[0.009169009816963326, 0.21919565665266486, 0.8062538394855682], [-0.1672049322873968, -0.8247052829102451, 0.25599395112304424], [0.8367373497887268, -0.14939988086975778, 0.0]]	[[-0.021159732629773383, -0.02657525009825696, -0.04446791821232902], [-0.005278877267873237, 0.01062332670612156, 0.0088973163698126], [-0.03384337612449057, 0.014531371780209608, -0.016322509525156625]]	0.3668260756061903	[[0.0, 0.0, 0.9352], [0.0, -1.0, 0.0], [0.9352, 0.0, 0.0]]
9	[[0.08740825448676931, -0.06334395238859675, -0.994156597696443], [0.7119981850616444, -0.6940087028176986, 0.10681996481098455], [-0.6967197295301035, -0.717174639895393, -0.015561310176609944]]	0.6849138802289714	0.3150861197710287	[[0.05986712674457457, -0.043385152219513015, -0.6809116528835033], [0.48765743964655617, -0.47533619355954504, 0.07316247658461361], [-0.47719301338454273, -0.4912028654125688, -0.010658157334508497]]	0.8697517468699536	0.21678465194737495	[[0.05188828634150683, -0.05188828634150684, -0.7806557197069449], [0.6750557643508246, -0.6662158803159072, 0.09593262609574087], [-0.5624953019739586, -0.5700424940625035, 0.0]]	[[-0.02413519568921424, 0.003205226902122347, 0.08401371780182586], [0.05579409912522314, -0.06260059869726348, 0.0030257751008001105], [0.04347789986361055, 0.05372140179734468, 0.013534476709691684]]	0.22872707756860022	[[0.0, 0.0, -0.8179250222080001], [0.7071067811865475, -0.7071067811865476, 0.0], [-0.5783603297054344, -0.5783603297054343, 0.0]]
9	[[-0.3195682178843842, -0.5708200961323295, -0.7563336379995778], [0.910087742671785, 0.03735879733279218, -0.41272826520656647], [0.2638493031197415, -0.8202248094963509, 0.507557688474819]]	0.582195539313958	0.41780446068604227	[[-0.18605119095879952, -0.33232891371900686, -0.440334070276452], [0.5298490241678225, 0.021750125161285785, -0.24028855495205104], [0.15361188732740982, -0.4775312253234164, 0.29549782217454296]]	0.7091103692353576	0.4658760950939531	[[-0.23989581925298004, -0.3899251429575876, -0.4139828237822655], [0.7877921381909316, 0.015518660972315801, -0.21863590165367147], [0.16723973491397812, -0.4139828237822655, 0.3220535099347986]]	[[-0.013286682273099176, 0.014849306177770936, 0.1223412015247363], [0.14243948294836908, -0.010972849598529476, 0.07403399088082545], [-0.01985854184375361, 0.1676470937356927, -0.037860909947824914]]	0.457479251717779	[[-0.31282502749767044, -0.3128250274976705, -0.44240139653694205], [0.8535533905932738, -0.14644660940672602, -0.5], [0.09162432922919958, -0.5340257257661415, 0.31282502749767044]]
9	[[0.04673222253661188, -0.9725397674033924, -0.22799671093185395], [-0.8377629715199755, -0.16246744520517667, 0.5213036857710898], [-0.5440306084466285, 0.16664552219444034, -0.8223502702654952]]	0.5707856577903203	0.42921434220967947	[[0.026674082380563638, -0.5551117508645906, -0.1301372526232678], [-0.4781830887714027, -0.09273408758094959, 0.29755266719136997], [-0.3105248687002771, 0.09511887400356506, -0.4693857399475384]]	0.7297584850553375	0.43461426721609275	[[-0.010528574829315714, -0.7527683045165852, -0.12062921158634338], [-0.6797124161430281, -0.14527243138813475, 0.2748635882051585], [-0.25880664880093185, 0.019260398699608803, -0.5428713946697544]]	[[-0.0446318107509026, -0.04304915720021516, 0.045753322780886056], [-0.06834777921115306, -0.026710434704393916, -0.10556219977691561], [0.1382043038428133, -0.1023505851182616, 0.05724569274404055]]	0.44144093999670364	[[-0.097972978217707, -0.5710283637362505, -0.33450067097697866], [-0.8535533905932738, -0.14644660940672602, 0.5], [-0.33450067097697866, 0.3345006709769787, -0.47305538551854365]]
9	[[0.8592155572171323, 0.2624339665249735, -0.4391776855101157], [-0.4266000482917053, 0.8413623931712975, -0.33184593135155627], [0.2824199444684594, 0.4724804086637203, 0.8348660002631537]]	0.5993036022436764	0.4006963977563237	[[0.5149309785440349, 0.157277621489513, -0.2632007689512527], [-0.2556629456585453, 0.504231513019919, -0.19887646204889547], [0.16925529006540677, 0.2831592109017319, 0.5003382013484781]]	0.7596394535002751	0.3969364780602724	[[0.5438425010732993, 0.2584538628489328, -0.2587897239075958], [-0.32713118599301644, 0.736695362844342, -0.3085424400639001], [0.19366279066713013, 0.2748283965182288, 0.5482339623424717]]	[[-0.10885153525005731, 0.0590986679379924, 0.07482697310282416], [-0.0030689584455144553, 0.09756329430001406, -0.05645917812571409], [-0.020874541606468358, -0.08408636290866636, -0.08596318984339103]]	0.5028519959218519	[[0.4269911118981198, 0.23352919354518537, -0.2501256023371507], [-0.573223304703363, 0.7803300858899106, -0.2499999999999999], [0.13679823436871813, 0.25012560233715064, 0.46705838709037073]]
9	[[-0.42203838922340475, -0.825029846081567, 0.3757783270710803], [0.2588054115689476, 0.28760896992378115, 0.9221175843470338], [-0.8688517462515349, 0.4864224845687207, 0.09214016247897017]]	0.593078111722964	0.4069218882770359	[[-0.2503017309552182, -0.4893071432291434, 0.2228659006457306], [0.15349182479699602, 0.1705745847969829, 0.54688775571108], [-0.5152969530340603, 0.28848652864760954, 0.05464631357687474]]	0.778715164916218	0.3625616197259183	[[-0.243596937534698, -0.5213265432342236, 0.2914244239238799], [0.26939712473306904, 0.23847178891130294, 0.8262605995987108], [-0.608370618346529, 0.3208425772933884, 0.02365551552073322]]	[[0.0850507563303806, 0.12113670941798561, -0.0011998580132168684], [0.06786142598194633, 0.014506322465722121, 0.10819365283176581], [0.06821741252347896, -0.05794198799649944, -0.04809542629948514]]	0.5358614161809494	[[-0.0801345503845019, -0.4670583870903707, 0.2735964687374362], [0.25000000000000017, 0.45710678118654735, 0.8535533905932738], [-0.523722071074587, 0.13679823436871819, 0.0801345503845019]]
9	[[0.22433838825039393, -0.7661379269479729, -0.6022499185961573], [-0.9416906372873723, -0.011392912655017143, -0.3362869982418849], [0.2507808429735371, 0.642575192824231, -0.724020780340167]]	0.5660578265823707	0.4339421734176292	[[0.12698850047201007, -0.43367836979049273, -0.3409082799799505], [-0.5330513554558576, -0.006449047375941835, -0.19035788733271092], [0.1419564589220952, 0.36373471706583205, -0.4098376293198271]]	0.7211059322796646	0.46006293171230433	[[0.19640681156705037, -0.46588673026992866, -0.3415695684555304], [-0.8153052039308152, 0.04491218360565488, -0.20329803163443746], [0.15550743799128433, 0.3415695684555303, -0.3917336573721736]]	[[0.034635068961632764, 0.08657987379669883, 0.09271642055910377], [-0.13624649901067315, 0.0531276805071317, 0.03920051774630686], [-0.02533211557902834, -0.121795215025772, 0.13036202242487277]]	0.4591716133322983	[[0.097972978217707, -0.5710283637362505, -0.33450067097697866], [-0.8535533905932738, 0.14644660940672602, -0.5], [0.33450067097697866, 0.3345006709769787, -0.47305538551854365]]
