9	[[0.5319609947059123, -0.8460851799387872, 0.03402011756955908], [-0.703274286200726, -0.4190807785627857, 0.5742617690636116], [-0.47161719485230363, -0.3294103357928521, -0.8179645788128509]]	0.8944020407593031	0.10559795924069719	[[0.4757869992693167, -0.7567403115934535, 0.030427662581085067], [-0.6290099567914712, -0.374826703589553, 0.5136208981805418], [-0.4218153815330782, -0.29462527658033427, -0.7315891885590374]]	0.8944141109515121	0.1514455619353951	[[0.5403203074001062, -0.7392005616166546, 0.0], [-0.5873533965138782, -0.39294404759739504, 0.5835704231172661], [-0.4012211819167173, -0.38206415337541494, -0.7392005616166546]]	[[0.06452688725933559, 0.017549962387546022, -0.03042807321044311], [0.04166504893340326, -0.018112285622293514, 0.06994259348679348], [0.020599892126551902, -0.08743490074901208, -0.007601500067930691]]	0.2916146039301538	[[0.6875283016803845, -0.6875283016803844, 0.0], [-0.5, -0.5000000000000001, 0.7071067811865475], [-0.48615592437587013, -0.48615592437587024, -0.6875283016803845]]
9	[[0.034229894132735264, 0.2773841392786001, 0.9601491309293217], [-0.1827544195208179, -0.9427759796974285, 0.2788803941677556], [0.9825625356654255, -0.18501754344446375, 0.018422055382213542]]	0.9193677719631935	0.0806322280368067	[[0.03146986150334881, 0.2550180381064948, 0.8827301672548872], [-0.16801852349128107, -0.866757851914842, 0.25639364663022673], [0.9033363292292279, -0.17009916669064, 0.01693664401172821]]	0.9338186082108432	0.12249132971573908	[[0.012015144022873899, 0.24408775454163148, 0.8879252342779067], [-0.16321722021889248, -0.8280219611876224, 0.25197449351227613], [0.9222060094795801, -0.16630347772922832, 0.0]]	[[-0.01994936807536145, -0.01493871633927358, -0.00867989084136309], [0.007442257462418214, 0.0523597920280446, -0.008449208026748783], [0.0046708299443756415, 0.006469347184670045, -0.01720285811740172]]	0.16270612127515133	[[-0.06961444517976377, 0.26651383020036457, 0.9099351336300843], [-0.2803300858899109, -0.9267766952966368, 0.25000000000000017], [0.9099351336300843, -0.23767858286982801, 0.13922889035952773]]
9	[[-0.8305561570912853, 0.32773595720904825, 0.4502950280316503], [-0.5100865793185324, -0.772219296347621, -0.37879947194723407], [0.22358030216652452, -0.5443036842615101, 0.808545204538665]]	0.8995744071858534	0.10042559281414679	[[-0.7471470626499535, 0.2948228794198177, 0.405073882900309], [-0.4588608322039284, -0.6946687157293878, -0.3407583104192473], [0.20112711777988526, -0.48964166409862386, 0.727346573055834]]	0.8995744071858532	0.10042559281414679	[[-0.7471470626499535, 0.2948228794198178, 0.40507388290030905], [-0.4588608322039285, -0.6946687157293877, -0.3407583104192474], [0.20112711777988523, -0.4896416640986238, 0.7273465730558341]]	[[0.0, 0.0, 0.0], [0.0, 0.0, 0.0], [0.0, 0.0, 0.0]]	0.3730137434335759	[[-0.6875283016803845, 0.48615592437587024, 0.48615592437587013], [-0.7071067811865475, -0.5000000000000001, -0.5], [0.0, -0.6875283016803844, 0.6875283016803845]]
9	[[0.8592155572171323, 0.2624339665249735, -0.4391776855101157], [-0.4266000482917053, 0.8413623931712975, -0.33184593135155627], [0.2824199444684594, 0.4724804086637203, 0.8348660002631537]]	0.9079080681274014	0.09209193187259862	[[0.7800887366580153, 0.23826591555869986, -0.3987329640161526], [-0.38731362570757827, 0.7638797049791999, -0.30128559844932973], [0.256411346183007, 0.42896877505792347, 0.7579815774441707]]	0.9079080681274014	0.09209193187259859	[[0.7800887366580154, 0.23826591555869983, -0.39873296401615255], [-0.3873136257075783, 0.7638797049792, -0.3012855984493297], [0.2564113461830069, 0.4289687750579234, 0.7579815774441705]]	[[0.0, 0.0, 0.0], [0.0, 0.0, 0.0], [0.0, 0.0, 0.0]]	0.20629189106477516	[[0.7418709959400202, 0.405742720559892, -0.43457796789042846], [-0.573223304703363, 0.7803300858899106, -0.2499999999999999], [0.2376785828698279, 0.4345779678904284, 0.811485441119784]]
9	[[-0.42203838922340475, -0.825029846081567, 0.3757783270710803], [0.2588054115689476, 0.28760896992378115, 0.9221175843470338], [-0.8688517462515349, 0.4864224845687207, 0.09214016247897017]]	0.8698807286644089	0.1301192713355911	[[-0.36712306154200885, -0.7176775636793187, 0.3268823249688839], [0.22512983999788827, 0.2501855003277188, 0.8021323161860624], [-0.7557973901306293, 0.423129545315391, 0.08015095167646359]]	0.8785946430424693	0.1976435785820344	[[-0.29826200821662474, -0.6800821917449336, 0.3531204769160063], [0.2563021327674706, 0.2330469558432577, 0.8294011950124637], [-0.7900697206394526, 0.39958900837804096, 0.022217168782545368]]	[[0.0725386597133313, 0.04478461137248434, 0.022963651779894248], [0.02891708457259179, -0.019644744422739144, 0.019233625149897397], [-0.02670123078475911, -0.02777918081944531, -0.05873668438054054]]	0.3158844025346688	[[-0.13922889035952773, -0.8114854411197839, 0.4753571657396557], [0.25000000000000017, 0.45710678118654735, 0.8535533905932738], [-0.9099351336300843, 0.23767858286982801, 0.13922889035952773]]
9	[[-0.5446221603179724, 0.8109226453022452, -0.2139887049042392], [-0.8354447797583356, -0.5021691245819775, 0.22328947644507607], [0.07361197229480154, 0.30038414347728, 0.9509735242804028]]	0.9004094491230751	0.099590550876925	[[-0.4903829393521245, 0.7301624123380214, -0.1926774519013863], [-0.7522423739149519, -0.4521578248314751, 0.20105195448089075], [0.06628091542282531, 0.2704687211536844, 0.8562655471279469]]	0.9004094491230754	0.0995905508769248	[[-0.4903829393521247, 0.7301624123380215, -0.1926774519013864], [-0.7522423739149522, -0.4521578248314754, 0.2010519544808909], [0.06628091542282534, 0.27046872115368453, 0.856265547127947]]	[[0.0, 0.0, 0.0], [0.0, 0.0, 0.0], [0.0, 0.0, 0.0]]	0.2783857813212872	[[-0.5449716109194194, 0.7418709959400203, -0.23767858286982785], [-0.7803300858899108, -0.42677669529663675, 0.4571067811865474], [0.2376785828698279, 0.4345779678904284, 0.811485441119784]]
9	[[0.8489524140446696, -0.5135124485683378, 0.12483895166604869], [0.522794976890395, 0.7815435453534784, -0.34040431673891397], [0.0772347773085365, 0.35425224329800037, 0.9319550081910795]]	0.8939619455561483	0.10603805444385195	[[0.7589311517439614, -0.4590605875894527, 0.11160127211257083], [0.4673588146679189, 0.6986701883410452, -0.3043085052676308], [0.06904495178733515, 0.3166880246363104, 0.8331323122932935]]	0.9208623255486221	0.13611835730652297	[[0.7758843586010749, -0.4864269661748611, 0.0645063643416304], [0.5081435667374155, 0.6697574294330345, -0.2891325259983067], [0.023660057634485483, 0.3006696413089773, 0.8598356801559127]]	[[-0.005883935676216324, -0.013552698588054309, -0.05045312300861923], [0.02672136853298806, -0.04993657725868471, 0.02433298474067938], [-0.04746253901108339, -0.025547903285235686, 0.0016334240063900387]]	0.3555069514150419	[[0.7418709959400202, -0.405742720559892, 0.43457796789042846], [0.573223304703363, 0.7803300858899106, -0.2499999999999999], [-0.2376785828698279, 0.4345779678904284, 0.811485441119784]]
9	[[0.8787972042104137, -0.3840163418041313, 0.28327887866788265], [-0.395223040501579, -0.9183905790867732, -0.018907472103605397], [0.2674214316928388, -0.09534250611366366, -0.9588511794847616]]	0.8851031596159714	0.11489684038402873	[[0.7778261821083191, -0.3398940774750035, 0.2507310305614123], [-0.3498131619009786, -0.8128704033112447, -0.016735063299251982], [0.23669555414035828, -0.08438795340690877, -0.8486822085634634]]	0.8858080923079724	0.1112988409358059	[[0.7815986402680164, -0.34239426627951036, 0.24870123997303223], [-0.3524236962326527, -0.817498658134057, -0.01606538569446416], [0.23465458511919382, -0.08380216296590409, -0.8531640998779576]]	[[0.003152965280810008, -0.0022294831309065035, -0.002229483130906503], [-0.0023319286897924194, -0.0039808512795881, 0.0006830060999967384], [-0.002229483130906503, 0.0006530004905014996, -0.0038059657713115074]]	0.3120347485907334	[[0.6760423881338058, -0.478034157018962, 0.4780341570189619], [-0.5, -0.8535533905932737, -0.14644660940672619], [0.4780341570189619, -0.14001296295205912, -0.8160553510858649]]
9	[[-0.30792515101507295, 0.09349718223056193, 0.9468053539599837], [0.3027085282091916, -0.9338174967034747, 0.1906631317268273], [0.9019698710720718, 0.34531602882779927, 0.2592434992682147]]	0.8972379838483608	0.10276201615163909	[[-0.2762821416729661, 0.08388922328005219, 0.8495097268838895], [0.27160158954411967, -0.837856528024549, 0.17107020390479302], [0.8092816286126718, 0.3098306574959771, 0.23260311460920705]]	0.8972379838483611	0.10276201615163909	[[-0.27628214167296616, 0.08388922328005219, 0.8495097268838895], [0.2716015895441198, -0.8378565280245492, 0.171070203904793], [0.8092816286126718, 0.30983065749597716, 0.23260311460920707]]	[[0.0, 0.0, 0.0], [0.0, 0.0, 0.0], [0.0, 0.0, 0.0]]	0.2625474169240799	[[-0.4753571657396557, 0.13922889035952757, 0.811485441119784], [0.14644660940672619, -0.9571067811865475, 0.2499999999999999], [0.811485441119784, 0.23767858286982782, 0.43457796789042846]]
9	[[0.04673222253661188, -0.9725397674033924, -0.22799671093185395], [-0.8377629715199755, -0.16246744520517667, 0.5213036857710898], [-0.5440306084466285, 0.16664552219444034, -0.8223502702654952]]	0.890895877722193	0.10910412227780687	[[0.04163354441466365, -0.866431669700583, -0.2031213299034072], [-0.7463595778354413, -0.1447415771973482, 0.46442730469484933], [-0.4846746264197978, 0.14846380876388923, -0.7326284658232612]]	0.8921878286880353	0.10579847136469431	[[0.04481791889414064, -0.8708121421318343, -0.19899788908815916], [-0.7529887421122063, -0.1459031602705039, 0.4683500528436625], [-0.48629248533619035, 0.1433461071747341, -0.7368149007886259]]	[[0.003123998739434869, -0.00312399873943487, 0.004418001386145246], [-0.005546815596563211, -0.0009516831004050255, 0.003249249348484119], [-0.0009149980463622479, -0.005332999432507492, -0.003123998739434869]]	0.13878481921183736	[[0.13922889035952773, -0.9099351336300843, -0.23767858286982785], [-0.8535533905932738, -0.2500000000000001, 0.4571067811865474], [-0.4753571657396557, 0.13922889035952757, -0.811485441119784]]
9	[[0.22433838825039393, -0.7661379269479729, -0.6022499185961573], [-0.9416906372873723, -0.011392912655017143, -0.3362869982418849], [0.2507808429735371, 0.642575192824231, -0.724020780340167]]	0.9068211523925184	0.09317884760748187	[[0.2034347957591025, -0.6947500778065758, -0.5461329652096678], [-0.8539449889021797, -0.01033133418293, -0.3049521632803269], [0.22741337302323011, 0.5827007768557139, -0.6565573583842007]]	0.9126861099947358	0.0853194354369309	[[0.19456652727448123, -0.7147179798172565, -0.5474737253700107], [-0.869171356475103, -0.006166591851522676, -0.32291364716635024], [0.2413759019856525, 0.5770768650201885, -0.6709877131842799]]	[[-0.010184003620259605, -0.015474535551679939, 0.002191410078162229], [-0.009703391910827641, 0.00423156128109475, -0.01598917489915771], [0.012491709950934252, -0.009392588097676145, -0.010184003620259605]]	0.298344018453788	[[0.14159437960387833, -0.8252725227948524, -0.4834334511993652], [-0.8535533905932738, 0.14644660940672602, -0.5], [0.4834334511993652, 0.4834334511993653, -0.6836781431909743]]
9	[[-0.3195682178843842, -0.5708200961323295, -0.7563336379995778], [0.910087742671785, 0.03735879733279218, -0.41272826520656647], [0.2638493031197415, -0.8202248094963509, 0.507557688474819]]	0.9061935642027354	0.09380643579726466	[[-0.2895906623705664, -0.5172734974327037, -0.6853846751452588], [0.8247156552689667, 0.033854301709330605, -0.37401169769475034], [0.23909854040648643, -0.7432824435650079, 0.4599455107574978]]	0.9061935642027353	0.09380643579726465	[[-0.2895906623705664, -0.5172734974327037, -0.6853846751452588], [0.8247156552689667, 0.03385430170933062, -0.3740116976947502], [0.23909854040648645, -0.7432824435650078, 0.4599455107574978]]	[[0.0, 0.0, 0.0], [0.0, 0.0, 0.0], [0.0, 0.0, 0.0]]	0.23925893651728075	[[-0.48072622387264874, -0.48072622387264885, -0.6798495455891048], [0.8535533905932738, -0.14644660940672602, -0.5], [0.1408014510780966, -0.8206509966672012, 0.48072622387264874]]
9	[[0.3802729664721569, 0.7767473726770865, -0.5020517802076895], [0.4287143634067757, 0.332951791095048, 0.839849450446521], [0.8195098935212374, -0.5346088512602871, -0.20639019011321075]]	0.8901105524921475	0.10988944750785246	[[0.33848498028435947, 0.6913910330404256, -0.4468815874603327], [0.38160317887332446, 0.2963639027248633, 0.7475588583471794], [0.7294544040949698, -0.4758609799624866, -0.1837100861506294]]	0.8901105524921477	0.1098894475078524	[[0.3384849802843595, 0.6913910330404257, -0.44688158746033274], [0.38160317887332457, 0.29636390272486335, 0.7475588583471795], [0.7294544040949696, -0.4758609799624866, -0.18371008615062942]]	[[0.0, 0.0, 0.0], [0.0, 0.0, 0.0], [0.0, 0.0, 0.0]]	0.33326603831670604	[[0.13922889035952773, 0.8114854411197839, -0.4753571657396557], [0.25000000000000017, 0.45710678118654735, 0.8535533905932738], [0.9099351336300843, -0.23767858286982801, -0.13922889035952773]]
9	[[0.08740825448676931, -0.06334395238859675, -0.994156597696443], [0.7119981850616444, -0.6940087028176986, 0.10681996481098455], [-0.6967197295301035, -0.717174639895393, -0.015561310176609944]]	0.9443184204545854	0.05568157954541473	[[0.0825412248116384, -0.05981686106495014, -0.9388003880212097], [0.6723530014839436, -0.6553652020265447, 0.10087206044332332], [-0.6579252744894135, -0.6772412231361037, -0.014694831846180164]]	0.9642987250796816	0.05821678599368384	[[0.06616709504267422, -0.05848946682827159, -0.9405771459628871], [0.6807549770519489, -0.6727257075889801, 0.09014791450875712], [-0.6799253563977936, -0.6986340813274241, -0.005428902973833276]]	[[-0.01812057332035779, 0.0025930257015603086, 0.01808679372534703], [-0.005823965062042238, -0.0034940002676697524, -0.012858441371531764], [-0.00807940947405415, -0.007063490416816804, 0.009576848590041166]]	0.11701671849217608	[[0.0, 0.0, -0.9832939043839999], [0.7071067811865475, -0.7071067811865476, 0.0], [-0.695293787689323, -0.6952937876893229, 0.0]]
