9	[[0.08740825448676931, -0.06334395238859675, -0.994156597696443], [0.7119981850616444, -0.6940087028176986, 0.10681996481098455], [-0.6967197295301035, -0.717174639895393, -0.015561310176609944]]	0.9479107286170902	0.05208927138290979	[[0.08285522219770156, -0.060044412062161025, -0.9423717048819229], [0.6749107183758292, -0.6578582951545262, 0.10125579067483227], [-0.6604281064607825, -0.6798175354489413, -0.014750732867746873]]	0.9658589610683416	0.05618627888828192	[[0.0672780986536109, -0.05784053361617123, -0.9423009711192654], [0.6800651745939967, -0.6726587460504554, 0.09011901677600562], [-0.6804055221391146, -0.7010233423090158, -0.006673366235862668]]	[[-0.017145947213777293, 0.0033407904278413125, 0.017914087471058326], [-0.007624652712187771, -0.0023442213745657682, -0.013054003457688715], [-0.007472528019352882, -0.008333789715089458, 0.008356664644180022]]	0.11553300539398802	[[0.0, 0.0, -0.9862633826640002], [0.7071067811865475, -0.7071067811865476, 0.0], [-0.6973935259176974, -0.6973935259176973, 0.0]]
9	[[0.8787972042104137, -0.3840163418041313, 0.28327887866788265], [-0.395223040501579, -0.9183905790867732, -0.018907472103605397], [0.2674214316928388, -0.09534250611366366, -0.9588511794847616]]	0.892454136283446	0.10754586371655406	[[0.7842861998519118, -0.34271697264353457, 0.2528134069888884], [-0.35271843725015406, -0.8196214710297401, -0.01687405168552652], [0.23866136284511508, -0.08508881394476887, -0.8557307012114365]]	0.8924541362834459	0.1075458637165541	[[0.7842861998519118, -0.34271697264353457, 0.2528134069888883], [-0.3527184372501541, -0.8196214710297398, -0.016874051685526508], [0.23866136284511494, -0.08508881394476885, -0.8557307012114365]]	[[0.0, 0.0, 0.0], [0.0, 0.0, 0.0], [0.0, 0.0, 0.0]]	0.310841837311627	[[0.6815003660365504, -0.4818935302055591, 0.481893530205559], [-0.5, -0.8535533905932737, -0.14644660940672619], [0.481893530205559, -0.14114334718728386, -0.8226437132238343]]
9	[[-0.3195682178843842, -0.5708200961323295, -0.7563336379995778], [0.910087742671785, 0.03735879733279218, -0.41272826520656647], [0.2638493031197415, -0.8202248094963509, 0.507557688474819]]	0.9165517082454511	0.08344829175454879	[[-0.29290079600288693, -0.5231861342109193, -0.6932188879120098], [0.8341424751990713, 0.0342412695133663, -0.37828679651626007], [0.24183152949377085, -0.7517784502891801, 0.46520286640470787]]	0.9165517082454511	0.08344829175454908	[[-0.2929007960028868, -0.5231861342109193, -0.6932188879120094], [0.834142475199071, 0.034241269513366285, -0.37828679651626], [0.2418315294937709, -0.7517784502891799, 0.46520286640470787]]	[[0.0, 0.0, 0.0], [0.0, 0.0, 0.0], [0.0, 0.0, 0.0]]	0.2362365811762283	[[-0.4841204844339551, -0.4841204844339552, -0.6846497549091324], [0.8535533905932738, -0.14644660940672602, -0.5], [0.1417956069793892, -0.8264453618885214, 0.4841204844339551]]
9	[[-0.8305561570912853, 0.32773595720904825, 0.4502950280316503], [-0.5100865793185324, -0.772219296347621, -0.37879947194723407], [0.22358030216652452, -0.5443036842615101, 0.808545204538665]]	0.9043262882744656	0.09567371172553453	[[-0.7510937667458658, 0.29638024171693766, 0.4072136313283087], [-0.4612847029737472, -0.6983382099999635, -0.3425583204663697], [0.2021895447895366, -0.4922281304823281, 0.7311886837225696]]	0.9043262882744656	0.09567371172553453	[[-0.751093766745866, 0.29638024171693766, 0.40721363132830873], [-0.46128470297374713, -0.6983382099999635, -0.34255832046636975], [0.20218954478953657, -0.49222813048232816, 0.7311886837225694]]	[[0.0, 0.0, 0.0], [0.0, 0.0, 0.0], [0.0, 0.0, 0.0]]	0.3709840603150988	[[-0.6909922623262631, 0.4886053144383343, 0.4886053144383342], [-0.7071067811865475, -0.5000000000000001, -0.5], [0.0, -0.690992262326263, 0.6909922623262631]]
9	[[0.8489524140446696, -0.5135124485683378, 0.12483895166604869], [0.522794976890395, 0.7815435453534784, -0.34040431673891397], [0.0772347773085365, 0.35425224329800037, 0.9319550081910795]]	0.8986394245124701	0.10136057548752996	[[0.7629021087955743, -0.4614625312614403, 0.11218520368191809], [0.46980417717079476, 0.7023258418278853, -0.30590073929581824], [0.06940621583289203, 0.31834503204956666, 0.8374915122323461]]	0.9220287910114495	0.13532556067381454	[[0.7768715806060053, -0.48805320697853394, 0.06666500447766127], [0.5099063338491461, 0.6690509875186784, -0.2890752605372434], [0.02353094085581678, 0.3025091971033679, 0.8611270612303672]]	[[-0.00588698734185294, -0.014579944855740323, -0.04844010319812238], [0.02787431336003654, -0.05155466272639117, 0.024787320080615988], [-0.04768174749001168, -0.02412157049778126, 0.0018377117508807377]]	0.35556134172816234	[[0.7486125082478935, -0.4094297760715024, 0.4385270543694755], [0.573223304703363, 0.7803300858899106, -0.2499999999999999], [-0.23983840998330677, 0.4385270543694754, 0.8188595521430048]]
9	[[0.22433838825039393, -0.7661379269479729, -0.6022499185961573], [-0.9416906372873723, -0.011392912655017143, -0.3362869982418849], [0.2507808429735371, 0.642575192824231, -0.724020780340167]]	0.9123900898289365	0.08760991017106369	[[0.20468412220785573, -0.6990166519894161, -0.5494868573274176], [-0.8591892051456944, -0.010394780600724272, -0.30682492453421667], [0.22880995584800193, 0.5862792379027462, -0.6605893848125817]]	0.9153485969523223	0.08272784006384114	[[0.19596177084875305, -0.7146970865617303, -0.5496002685060032], [-0.8705011218850583, -0.006043298222565366, -0.32159244775694673], [0.24021659005362328, 0.5798750063762644, -0.6721174635274878]]	[[-0.009386058078790444, -0.013413810057942415, 0.0016683494956398232], [-0.00852591828092366, 0.004385188391404989, -0.013772615742929224], [0.010664697295275472, -0.008305294811763323, -0.009386058078790444]]	0.29643231679456666	[[0.14245088103213702, -0.8302645789516991, -0.4863577299919179], [-0.8535533905932738, 0.14644660940672602, -0.5], [0.4863577299919179, 0.486357729991918, -0.6878136979195623]]
9	[[0.5319609947059123, -0.8460851799387872, 0.03402011756955908], [-0.703274286200726, -0.4190807785627857, 0.5742617690636116], [-0.47161719485230363, -0.3294103357928521, -0.8179645788128509]]	0.8974856003990833	0.10251439960091666	[[0.4774273327225293, -0.7593492657061289, 0.030532565642563132], [-0.6311785449960954, -0.37611896416413704, 0.5153916685942952], [-0.4232696412805511, -0.29564103299671146, -0.7341114311210348]]	0.8974856003990834	0.1025143996009166	[[0.47742733272252935, -0.7593492657061289, 0.030532565642563146], [-0.6311785449960955, -0.37611896416413704, 0.5153916685942951], [-0.42326964128055133, -0.2956410329967115, -0.7341114311210349]]	[[0.0, 0.0, 0.0], [0.0, 0.0, 0.0], [0.0, 0.0, 0.0]]	0.2897920849120352	[[0.6909922623262631, -0.690992262326263, 0.0], [-0.5, -0.5000000000000001, 0.7071067811865475], [-0.4886053144383342, -0.4886053144383343, -0.6909922623262631]]
9	[[-0.5446221603179724, 0.8109226453022452, -0.2139887049042392], [-0.8354447797583356, -0.5021691245819775, 0.22328947644507607], [0.07361197229480154, 0.30038414347728, 0.9509735242804028]]	0.9102035321964937	0.08979646780350635	[[-0.4957170140339036, 0.7381046560922279, -0.19477327505399167], [-0.760424789491159, -0.45707611095453704, 0.20323887016261402], [0.06700187719467879, 0.27341070840883863, 0.8655794608253707]]	0.9102035321964935	0.08979646780350646	[[-0.4957170140339035, 0.7381046560922279, -0.1947732750539916], [-0.7604247894911587, -0.45707611095453693, 0.20323887016261394], [0.0670018771946788, 0.2734107084088385, 0.8655794608253706]]	[[0.0, 0.0, 0.0], [0.0, 0.0, 0.0], [0.0, 0.0, 0.0]]	0.274355156946245	[[-0.5499238638617245, 0.7486125082478936, -0.23983840998330672], [-0.7803300858899108, -0.42677669529663675, 0.4571067811865474], [0.23983840998330677, 0.4385270543694754, 0.8188595521430048]]
9	[[-0.30792515101507295, 0.09349718223056193, 0.9468053539599837], [0.3027085282091916, -0.9338174967034747, 0.1906631317268273], [0.9019698710720718, 0.34531602882779927, 0.2592434992682147]]	0.9031295256231986	0.09687047437680145	[[-0.27809629556369464, 0.08444006583499315, 0.8550878701793848], [0.2733850094836638, -0.8433581528164519, 0.172193503710283], [0.8145956217877379, 0.3118651013053371, 0.23413045851500078]]	0.9031295256231989	0.09687047437680117	[[-0.2780962955636947, 0.08444006583499318, 0.8550878701793851], [0.27338500948366395, -0.8433581528164522, 0.17219350371028305], [0.814595621787738, 0.31186510130533723, 0.2341304585150009]]	[[0.0, 0.0, 0.0], [0.0, 0.0, 0.0], [0.0, 0.0, 0.0]]	0.2602402121610471	[[-0.47967681996661343, 0.14049408779022238, 0.8188595521430048], [0.14644660940672619, -0.9571067811865475, 0.2499999999999999], [0.8188595521430048, 0.2398384099833067, 0.4385270543694755]]
9	[[0.3802729664721569, 0.7767473726770865, -0.5020517802076895], [0.4287143634067757, 0.332951791095048, 0.839849450446521], [0.8195098935212374, -0.5346088512602871, -0.20639019011321075]]	0.905115326160864	0.09488467383913618	[[0.34419089007860554, 0.7030459515652154, -0.4544147607923251], [0.388035940864771, 0.3013597689928382, 0.7601606092669254], [0.7417509645665296, -0.4838826647769395, -0.18680692424072143]]	0.9051153261608639	0.09488467383913617	[[0.3441908900786055, 0.7030459515652152, -0.45441476079232523], [0.3880359408647709, 0.30135976899283823, 0.7601606092669252], [0.7417509645665298, -0.48388266477693953, -0.18680692424072143]]	[[0.0, 0.0, 0.0], [0.0, 0.0, 0.0], [0.0, 0.0, 0.0]]	0.3314400132722124	[[0.14049408779022252, 0.8188595521430047, -0.47967681996661343], [0.25000000000000017, 0.45710678118654735, 0.8535533905932738], [0.918203874336089, -0.23983840998330688, -0.14049408779022252]]
9	[[0.034229894132735264, 0.2773841392786001, 0.9601491309293217], [-0.1827544195208179, -0.9427759796974285, 0.2788803941677556], [0.9825625356654255, -0.18501754344446375, 0.018422055382213542]]	0.9234216995038872	0.07657830049611286	[[0.03160862701388853, 0.25614253330806785, 0.8866225422599348], [-0.16875939666576, -0.8705797974236417, 0.2575242075407029], [0.9073195665530162, -0.170849214405521, 0.017011325689398362]]	0.9345683936270454	0.12237586893277323	[[0.012216405649327055, 0.24453683283715572, 0.8892927632665528], [-0.16312498679640028, -0.8280538055312509, 0.2519898478884954], [0.9236582397295096, -0.16663143438627495, 0.0]]	[[-0.019773771524327168, -0.014697616626066206, -0.008032267668467076], [0.0076715174834136625, 0.053034827364738975, -0.008642954102941271], [0.005386349134556399, 0.00628011398343959, -0.01721667070586378]]	0.15923757074805364	[[-0.07024704389511116, 0.2689356882812801, 0.918203874336089], [-0.2803300858899109, -0.9267766952966368, 0.25000000000000017], [0.918203874336089, -0.23983840998330688, 0.14049408779022252]]
9	[[0.8592155572171323, 0.2624339665249735, -0.4391776855101157], [-0.4266000482917053, 0.8413623931712975, -0.33184593135155627], [0.2824199444684594, 0.4724804086637203, 0.8348660002631537]]	0.9175906258531936	0.08240937414680646	[[0.7884081408896692, 0.24080694758878646, -0.40298532730798414], [-0.3914442053009884, 0.7720262449193918, -0.3044987158357105], [0.2591458935982378, 0.4335435938891159, 0.7660652156850196]]	0.9175906258531936	0.08240937414680652	[[0.7884081408896689, 0.24080694758878646, -0.4029853273079841], [-0.39144420530098845, 0.7720262449193916, -0.30449871583571037], [0.25914589359823786, 0.43354359388911573, 0.7660652156850195]]	[[0.0, 0.0, 0.0], [0.0, 0.0, 0.0], [0.0, 0.0, 0.0]]	0.20195764132936697	[[0.7486125082478935, 0.4094297760715024, -0.4385270543694755], [-0.573223304703363, 0.7803300858899106, -0.2499999999999999], [0.23983840998330677, 0.4385270543694754, 0.8188595521430048]]
9	[[0.04673222253661188, -0.9725397674033924, -0.22799671093185395], [-0.8377629715199755, -0.16246744520517667, 0.5213036857710898], [-0.5440306084466285, 0.16664552219444034, -0.8223502702654952]]	0.8989794996337641	0.10102050036623599	[[0.04201131003273701, -0.8742933134742392, -0.20496436911166205], [-0.7531317369487227, -0.1460549025973257, 0.4686413265917313], [-0.4890723641668025, 0.14981090815856538, -0.7392760344869655]]	0.8992356307169532	0.1003222547941942	[[0.04266849053277928, -0.8751876220635727, -0.20411030011509673], [-0.7544838862207277, -0.14629169208200016, 0.46944122299774055], [-0.48940068522054603, 0.14875214731085962, -0.7401318748777134]]	[[0.0006452109252641227, -0.0006452109252641228, 0.0009124660410998161], [-0.0011375721346534886, -0.00019517652195111295, 0.0006663743283023009], [-0.00018897790471421506, -0.0011014439458140307, -0.0006452109252641227]]	0.1339885453233706	[[0.14049408779022252, -0.918203874336089, -0.23983840998330672], [-0.8535533905932738, -0.2500000000000001, 0.4571067811865474], [-0.47967681996661343, 0.14049408779022238, -0.8188595521430048]]
9	[[-0.42203838922340475, -0.825029846081567, 0.3757783270710803], [0.2588054115689476, 0.28760896992378115, 0.9221175843470338], [-0.8688517462515349, 0.4864224845687207, 0.09214016247897017]]	0.880798195917876	0.11920180408212401	[[-0.37173065183606124, -0.7266848000070472, 0.3309848725492451], [0.2279553396037124, 0.25332546183866506, 0.8121995047170173], [-0.7652830506184483, 0.4284400468620201, 0.08115688888305687]]	0.8807981959178762	0.11920180408212391	[[-0.37173065183606135, -0.7266848000070473, 0.33098487254924513], [0.22795533960371245, 0.2533254618386651, 0.8121995047170176], [-0.7652830506184485, 0.4284400468620202, 0.08115688888305687]]	[[0.0, 0.0, 0.0], [0.0, 0.0, 0.0], [0.0, 0.0, 0.0]]	0.3143835763398774	[[-0.14049408779022252, -0.8188595521430047, 0.47967681996661343], [0.25000000000000017, 0.45710678118654735, 0.8535533905932738], [-0.918203874336089, 0.23983840998330688, 0.14049408779022252]]
