9	[[-0.30792515101507295, 0.09349718223056193, 0.9468053539599837], [0.3027085282091916, -0.9338174967034747, 0.1906631317268273], [0.9019698710720718, 0.34531602882779927, 0.2592434992682147]]	0.6495136560024793	0.3504863439975208	[[-0.2000015906109156, 0.06072769665650235, 0.6149630069732704], [0.1966133228602817, -0.606527216322957, 0.12383830775277395], [0.5858417485641062, 0.2242874763602015, 0.16838219300457422]]	0.8148164604025104	0.29427836901733445	[[-0.21522806779828363, 0.07032788540720429, 0.7187451550949118], [0.25111112012219683, -0.8460362885481194, 0.1205901601782312], [0.6583312819109203, 0.2453106413521695, 0.14490018239107938]]	[[0.035674413820726565, -0.005855157675510671, -0.05272743210890807], [0.004459228633129812, -0.08514642122226121, -0.03476529794467985], [-0.0766086158257337, -0.03605854297754913, -0.06633568806500811]]	0.4778749662536121	[[-0.34011937688191973, -0.09961865907577122, 0.5806200946880684], [0.5, -0.8535533905932737, 0.14644660940672619], [0.48100143561229713, 0.3401193768819198, 0.34011937688191973]]
9	[[-0.42203838922340475, -0.825029846081567, 0.3757783270710803], [0.2588054115689476, 0.28760896992378115, 0.9221175843470338], [-0.8688517462515349, 0.4864224845687207, 0.09214016247897017]]	0.60133105020676	0.39866894979324013	[[-0.2537847878192793, -0.4961160637961502, 0.22596717606259212], [0.15562772993794802, 0.17294820393315175, 0.5544979354095226], [-0.5224675330474129, 0.29250094348989036, 0.05540674066970066]]	0.7834776058704476	0.3558100331797417	[[-0.2468791017582525, -0.5265863387726928, 0.29461239411322715], [0.2693364315748401, 0.23899167988733397, 0.8255945583252777], [-0.6150982420232332, 0.325669157241229, 0.023470616731779175]]	[[0.08377852501592073, 0.11980606980695709, 0.00019849008157511055], [0.06656818733248518, 0.013656492704584279, 0.10313608101002336], [0.06562764398627711, -0.055431966410227004, -0.04871913717175841]]	0.5252189934497811	[[-0.08216207083295325, -0.47887564226810203, 0.28051885655052755], [0.25000000000000017, 0.45710678118654735, 0.8535533905932738], [-0.5369729997104127, 0.14025942827526386, 0.08216207083295325]]
9	[[-0.8305561570912853, 0.32773595720904825, 0.4502950280316503], [-0.5100865793185324, -0.772219296347621, -0.37879947194723407], [0.22358030216652452, -0.5443036842615101, 0.808545204538665]]	0.589692174750341	0.41030782524965886	[[-0.4897724665274459, 0.19326332935048834, 0.26553545435924963], [-0.3007940642693077, -0.4553716762474067, -0.22337508440684525], [0.13184355461591624, -0.32097162329679285, 0.4767927800483647]]	0.7501191374993672	0.39622691716020075	[[-0.5413287290274267, 0.2201071818690237, 0.2335631404675639], [-0.45625157869983074, -0.6761378571410462, -0.2575872901874437], [0.1388432965548326, -0.3534906638097221, 0.5281777579137579]]	[[0.0816873391746772, -0.025733831680157117, -0.10421177757979096], [-0.07362587377141068, -0.0968813846044006, 0.026557442994831225], [-0.02886856686816869, 0.054801946366249674, -0.0783274735440348]]	0.49853831429703993	[[-0.5129040686844712, 0.3626779450649603, 0.36267794506496026], [-0.7071067811865475, -0.5000000000000001, -0.5], [0.0, -0.5129040686844711, 0.5129040686844712]]
9	[[-0.5446221603179724, 0.8109226453022452, -0.2139887049042392], [-0.8354447797583356, -0.5021691245819775, 0.22328947644507607], [0.07361197229480154, 0.30038414347728, 0.9509735242804028]]	0.653385931132065	0.3466140688679349	[[-0.3558484573345152, 0.5298454476768848, -0.13981720920560103], [-0.5458678653318233, -0.32811024105076947, 0.14589420247905735], [0.04809702706030668, 0.19626677328321035, 0.6213527216438925]]	0.7898663988844878	0.3079975961368125	[[-0.4659015036593774, 0.6057682706582722, -0.10180985611952661], [-0.7341545768091614, -0.4033394102150232, 0.09877676924021062], [0.07293731167100018, 0.10527296178312948, 0.7272481458667998]]	[[-0.03572275913633039, -0.034752278960495084, 0.06721263162514017], [-0.0742648171546008, -0.006692892150480905, -0.07759208542826428], [0.014793688199720607, -0.13199037990727097, -0.023893887191052114]]	0.42121724258149496	[[-0.6218783806062668, 0.6218783806062667, 0.0], [-0.7071067811865475, -0.7071067811865476, 0.0], [0.0, 0.0, 0.8794688399999999]]
9	[[0.034229894132735264, 0.2773841392786001, 0.9601491309293217], [-0.1827544195208179, -0.9427759796974285, 0.2788803941677556], [0.9825625356654255, -0.18501754344446375, 0.018422055382213542]]	0.8030492947867259	0.19695070521327407	[[0.02748829234391734, 0.22275313743270278, 0.7710470824828796], [-0.14676080771535027, -0.7570955856378846, 0.22395470386626026], [0.7890461513499772, -0.14857820778624906, 0.014793818583208595]]	0.8882632025714575	0.1713494994444477	[[0.009161453331605169, 0.22032236060804136, 0.8097862992458246], [-0.16704459293668228, -0.8248480980482472, 0.25580950423068183], [0.8404461732643344, -0.15009767515290381, 0.0]]	[[-0.021243702054420194, -0.026067763290095206, -0.0430788427396565], [-0.00471056696903294, 0.012585112985234008, 0.008090312172840798], [-0.0323279713925684, 0.01424660051897934, -0.016363633911753755]]	0.3656257250362739	[[0.0, 0.0, 0.9378], [0.0, -1.0, 0.0], [0.9378, 0.0, 0.0]]
9	[[0.8592155572171323, 0.2624339665249735, -0.4391776855101157], [-0.4266000482917053, 0.8413623931712975, -0.33184593135155627], [0.2824199444684594, 0.4724804086637203, 0.8348660002631537]]	0.6086146248876103	0.39138537511238974	[[0.5229311540533039, 0.15972115009436438, -0.267289962325748], [-0.2596350283680927, 0.5120654573144913, -0.20196628703000713], [0.17188490856345112, 0.2875584866856149, 0.5081116575815788]]	0.7612372840219819	0.42452775253042696	[[0.4924766579690505, 0.19938854960479002, -0.2914897145493517], [-0.35496857457524944, 0.7488849144464367, -0.2512768706846431], [0.24285692019941776, 0.3246545406052183, 0.48922257994250096]]	[[-0.1615902591963531, -0.0003859703077965411, 0.04282871397142894], [-0.03022471245002533, 0.10840849139048322, 0.0013366248111606194], [0.027868328718608767, -0.035015162439548275, -0.1463085466201174]]	0.49072192441828605	[[0.4377946068516254, 0.23943782113405104, -0.256454143159885], [-0.573223304703363, 0.7803300858899106, -0.2499999999999999], [0.1402594282752638, 0.256454143159885, 0.4788756422681021]]
9	[[0.3802729664721569, 0.7767473726770865, -0.5020517802076895], [0.4287143634067757, 0.332951791095048, 0.839849450446521], [0.8195098935212374, -0.5346088512602871, -0.20639019011321075]]	0.609594464750613	0.39040553524938726	[[0.23181229545572227, 0.4735008988935335, -0.3060479862327988], [0.26134190289185316, 0.20296556888034367, 0.5119675762160434], [0.4995686948989106, -0.32589459653495473, -0.12581431747183996]]	0.7837210535647623	0.33323882971834645	[[0.34137447772819873, 0.48660659596833655, -0.39031870121203394], [0.40475971705759706, 0.3089037150448042, 0.7231923911813946], [0.558777113280801, -0.4135449950406632, -0.0596107753031067]]	[[0.04334654780244239, -0.12214667329981073, 0.003149848916400841], [0.06876724449009243, 0.047962386541518624, 0.06498469504166056], [-0.08349004387640924, 0.005439217114096273, 0.1021415619378504]]	0.4296222468990351	[[0.3867327202654726, 0.38673272026547273, -0.5469226580128719], [0.5, 0.5000000000000001, 0.7071067811865475], [0.5469226580128719, -0.5469226580128718, 0.0]]
9	[[0.8787972042104137, -0.3840163418041313, 0.28327887866788265], [-0.395223040501579, -0.9183905790867732, -0.018907472103605397], [0.2674214316928388, -0.09534250611366366, -0.9588511794847616]]	0.6256319235267147	0.3743680764732854	[[0.5498035852600602, -0.24025288258861105, 0.17722830975547824], [-0.24726415105107954, -0.5745744645428712, -0.011829118141206352], [0.1673073847022587, -0.059649315493748946, -0.5998879077969105]]	0.8112350750132843	0.2995496961154446	[[0.639483326821374, -0.26430664965645745, 0.15968560627758882], [-0.32155223343387895, -0.8536232457786136, -0.03183251182354543], [0.15202741051181257, -0.04648422232878502, -0.7373665261753]]	[[-0.07342778905772548, 0.047220876193344016, -0.07012015610823008], [-0.0009334405256021514, -0.1085925954616615, -0.016494107273265522], [-0.0649142346876874, 0.030860962770287437, 0.04048718234059672]]	0.4946788839862052	[[0.4230257746162816, -0.29912439384786477, 0.2991243938478647], [-0.5, -0.8535533905932737, -0.14644660940672619], [0.2991243938478647, -0.08761150653972398, -0.5106372811560056]]
9	[[0.22433838825039393, -0.7661379269479729, -0.6022499185961573], [-0.9416906372873723, -0.011392912655017143, -0.3362869982418849], [0.2507808429735371, 0.642575192824231, -0.724020780340167]]	0.5758631718524354	0.42413682814756454	[[0.12918821582613504, -0.4411906166887092, -0.3468135483706542], [-0.5422849572920476, -0.0065607588181559335, -0.19365529746030624], [0.14441545167456865, 0.370035388693452, -0.4169369030537641]]	0.7251262797844714	0.45511989649641027	[[0.20142932585491663, -0.4689918953772012, -0.34571895880446046], [-0.8130649678164592, 0.04315456032295356, -0.20481023634755588], [0.15841363968180944, 0.34571895880446046, -0.3940130143241679]]	[[0.038755664970064135, 0.08655484939236936, 0.09098828416767182], [-0.13022033929239896, 0.051415860692395454, 0.03904030362746919], [-0.023434140024805244, -0.1202292002499637, 0.13099348061054736]]	0.45138104044951927	[[0.09961865907577133, -0.5806200946880683, -0.34011937688191973], [-0.8535533905932738, 0.14644660940672602, -0.5], [0.34011937688191973, 0.3401193768819198, -0.48100143561229713]]
9	[[0.04673222253661188, -0.9725397674033924, -0.22799671093185395], [-0.8377629715199755, -0.16246744520517667, 0.5213036857710898], [-0.5440306084466285, 0.16664552219444034, -0.8223502702654952]]	0.5772592166591389	0.42274078334086096	[[0.026976606174225135, -0.5614075443011435, -0.13161320275338215], [-0.48360639668565364, -0.09378583015175189, 0.30092735728974124], [-0.3140466828704956, 0.09619766360171578, -0.47470927283289094]]	0.7335698636026381	0.429482043233752	[[-0.011340560906364079, -0.7572329039129053, -0.12273514287219778], [-0.6798478644142566, -0.1473456411950581, 0.2762330991726684], [-0.26136416487126596, 0.022596496749675336, -0.545886831584774]]	[[-0.04562191101839469, -0.043807039390657214, 0.0445163732679324], [-0.0652901956650075, -0.0281644195760275, -0.10617957449398235], [0.13772029436258754, -0.09964963623649067, 0.05736454400747783]]	0.4347006404624615	[[-0.09961865907577133, -0.5806200946880683, -0.34011937688191973], [-0.8535533905932738, -0.14644660940672602, 0.5], [-0.34011937688191973, 0.3401193768819198, -0.48100143561229713]]
9	[[0.8489524140446696, -0.5135124485683378, 0.12483895166604869], [0.522794976890395, 0.7815435453534784, -0.34040431673891397], [0.0772347773085365, 0.35425224329800037, 0.9319550081910795]]	0.7128202532555132	0.28717974674448676	[[0.6051504747812007, -0.36604207363834124, 0.08898773314274559], [0.3726588478277216, 0.5571000679290783, -0.24264709126710254], [0.05505451352120416, 0.25251817378401425, 0.6643164049615091]]	0.8623373994695066	0.23068273509533013	[[0.6859191688849319, -0.4300932812136882, 0.054140224705533584], [0.4950957008601448, 0.6662059696382997, -0.3107543742782488], [0.02223430065040774, 0.2638390559930172, 0.7602581149009325]]	[[-0.04616424811570834, 0.01272770827995101, -0.05351307222666629], [0.04427004003276082, -0.007748258833997296, -0.01721100101341952], [-0.04436813636244209, -0.04164590224881944, -0.04340154328514589]]	0.44788277151058603	[[0.6631247393967443, -0.6631247393967442, 0.0], [0.7071067811865475, 0.7071067811865476, 0.0], [0.0, 0.0, 0.9378]]
9	[[0.08740825448676931, -0.06334395238859675, -0.994156597696443], [0.7119981850616444, -0.6940087028176986, 0.10681996481098455], [-0.6967197295301035, -0.717174639895393, -0.015561310176609944]]	0.6939925200820818	0.3060074799179183	[[0.060660674807248974, -0.043960229150121655, -0.6899372425915827], [0.49412141474479904, -0.48163684862735107, 0.07413225657425446], [-0.4835182808875029, -0.49771383567996325, -0.010799432865244478]]	0.8743159807691565	0.2093441845496817	[[0.0504550372585286, -0.050455037258528616, -0.7886309755430141], [0.6786145827688055, -0.6653826987773988, 0.09225260010592055], [-0.566451533187622, -0.577250860332799, 0.0]]	[[-0.02596739649039114, 0.004927592599902102, 0.08057602521007913], [0.05610319129077462, -0.058599799111012645, -0.001141802193522187], [0.042701660457711864, 0.04978638833010818, 0.013605502169115779]]	0.22322241838781326	[[0.0, 0.0, -0.8247658781519999], [0.7071067811865475, -0.7071067811865476, 0.0], [-0.583197545332557, -0.5831975453325569, 0.0]]
9	[[0.5319609947059123, -0.8460851799387872, 0.03402011756955908], [-0.703274286200726, -0.4190807785627857, 0.5742617690636116], [-0.47161719485230363, -0.3294103357928521, -0.8179645788128509]]	0.6257842967238892	0.3742157032761108	[[0.33289283695657995, -0.5294668192964992, 0.02128925534773058], [-0.4400980045941166, -0.2622541702834128, 0.3593639972888887], [-0.2951306346035423, -0.20613981531771014, -0.5118693886974521]]	0.7413693931743528	0.3446003329666892	[[0.41233057186341976, -0.5608599876837563, 0.03357819277235864], [-0.6041041268697868, -0.3755372367187016, 0.5639266089937879], [-0.28269749088502627, -0.3068837002278896, -0.5562937012511914]]	[[0.017950972025872463, 0.06640166874127545, 0.008356718854094489], [-0.08271809607402852, -0.06484357422457383, 0.13818650973986787], [0.06694506267321662, -0.06266895947578305, 0.050120202181406996]]	0.4227952739104813	[[0.5129040686844712, -0.5129040686844711, 0.0], [-0.5, -0.5000000000000001, 0.7071067811865475], [-0.36267794506496026, -0.3626779450649603, -0.5129040686844712]]
9	[[-0.3195682178843842, -0.5708200961323295, -0.7563336379995778], [0.910087742671785, 0.03735879733279218, -0.41272826520656647], [0.2638493031197415, -0.8202248094963509, 0.507557688474819]]	0.5925395009536275	0.4074604990463724	[[-0.18935679234585312, -0.33823345489655227, -0.4481575564147114], [0.539262936866753, 0.022136563127800383, -0.24455780029495533], [0.15634113439753397, -0.48601559928875204, 0.3007479794340461]]	0.7129779333685597	0.46119857766337036	[[-0.2417349308044619, -0.39434260331432003, -0.4174608522412978], [0.7876289626721568, 0.016402667071479943, -0.21916524448794078], [0.16951674237693745, -0.41746085224129775, 0.3249557477759123]]	[[-0.01388984324698004, 0.012639529151351008, 0.12178834191676566], [0.13875648471796997, -0.010233331043989088, 0.07510090108182779], [-0.018601988482110386, 0.16734133733103107, -0.0369216840181873]]	0.44772374796010544	[[-0.3189639516398643, -0.31896395163986435, -0.4510831463172122], [0.8535533905932738, -0.14644660940672602, -0.5], [0.09342237848125835, -0.5445055247984705, 0.3189639516398643]]
