9	[[0.8787972042104137, -0.3840163418041313, 0.28327887866788265], [-0.395223040501579, -0.9183905790867732, -0.018907472103605397], [0.2674214316928388, -0.09534250611366366, -0.9588511794847616]]	0.5966736888421957	0.40332631115780426	[[0.5243551695804359, -0.22913244723995657, 0.16902505350584635], [-0.2358191894915057, -0.5479794946216255, -0.01128159112673914], [0.15956333212362742, -0.0568883648262993, -0.5721212703138631]]	0.7981703773067409	0.3580871660110465	[[0.5590181215318317, -0.23765493066375454, 0.22791717519985144], [-0.3454974231574157, -0.8473181652282039, -0.023109133076662364], [0.20454340064604618, -0.07609956407811319, -0.6493103199995667]]	[[-0.1424117745289032, 0.06885553776600335, 0.0018123657304770489], [-0.030042099799953047, -0.11428601020355789, -0.008017748933810968], [-0.008904464388135826, 0.0, 0.11601628771079901]]	0.5079451668117604	[[0.6018827584793313, -0.6018827584793311, 0.0], [-0.7071067811865475, -0.7071067811865476, 0.0], [0.0, 0.0, -0.8511907600000002]]
9	[[0.8592155572171323, 0.2624339665249735, -0.4391776855101157], [-0.4266000482917053, 0.8413623931712975, -0.33184593135155627], [0.2824199444684594, 0.4724804086637203, 0.8348660002631537]]	0.5621351002019607	0.43786489979803933	[[0.4829952233513361, 0.14752334406891401, -0.2468771922506941], [-0.239806860892619, 0.47295933319150874, -0.18654224587192011], [0.1587581637828096, 0.2655978218676438, 0.4693074827131381]]	0.7461478214698455	0.44838603249909653	[[0.4688864110367533, 0.19016251947382967, -0.2872160517199894], [-0.35372051452464115, 0.7495296969159367, -0.2509682881526042], [0.23920241171794535, 0.31300273467468126, 0.466017967897775]]	[[-0.17221540515380926, -0.005652012928469679, 0.040475421561552365], [-0.03541381785285439, 0.12174898018451764, -0.003362169411008546], [0.02847538541316963, -0.03953749293693597, -0.15691547941782058]]	0.5443854992948979	[[0.5705555617422258, -0.09789185822016631, -0.334223709981196], [-0.14644660940672619, 0.8535533905932737, -0.5], [0.334223709981196, 0.33422370998119605, 0.47266370352205944]]
9	[[0.3802729664721569, 0.7767473726770865, -0.5020517802076895], [0.4287143634067757, 0.332951791095048, 0.839849450446521], [0.8195098935212374, -0.5346088512602871, -0.20639019011321075]]	0.5673806119638963	0.43261938803610395	[[0.21575950843029862, 0.44071139965087397, -0.2848544462918025], [0.24324421786744868, 0.18891039098598375, 0.4765142951518892], [0.46497402489654704, -0.3033266971893773, -0.11710179236977843]]	0.758077396916699	0.37147844818304676	[[0.30145387384552286, 0.44482370440544344, -0.359483924923237], [0.41030131100094824, 0.31244913358619075, 0.7131207855403686], [0.5463007442266091, -0.38659514813821966, -0.03972500868402686]]	[[0.013177533304519054, -0.14401092193548723, 0.021110181734002916], [0.08530264236873995, 0.060045906494104184, 0.07644990034394984], [-0.07495118260145153, 0.018679738193805456, 0.11673472938613852]]	0.4545270062699	[[0.3622628549546889, 0.36226285495468896, -0.5123170426209185], [0.5, 0.5000000000000001, 0.7071067811865475], [0.5123170426209185, -0.5123170426209185, 0.0]]
9	[[-0.3195682178843842, -0.5708200961323295, -0.7563336379995778], [0.910087742671785, 0.03735879733279218, -0.41272826520656647], [0.2638493031197415, -0.8202248094963509, 0.507557688474819]]	0.5351630598452553	0.46483694015474475	[[-0.1710211053123023, -0.30548182926734024, -0.40476182397574767], [0.48704534109589365, 0.019993048292755826, -0.22087692129257008], [0.1412024003955991, -0.43895401881105867, 0.271626125612169]]	0.6902492473576607	0.48767966925566114	[[-0.22981854212901068, -0.3670477945519134, -0.39945755960648255], [0.7892765031886604, 0.012753057536224216, -0.21600598620456807], [0.15650189049954003, -0.39945755960648255, 0.30573986108702217]]	[[-0.00923682025488557, 0.026960347180054623, 0.12260116477400747], [0.16108912378002838, -0.013033824204923106, 0.06887938821749742], [-0.02561989239470481, 0.16670199781245448, -0.04460145137331565]]	0.5036395050771707	[[-0.28448813370891385, -0.2844881337089139, -0.4023269770253565], [0.8535533905932738, -0.14644660940672602, -0.5], [0.08332464519623572, -0.48565162222159214, 0.28448813370891385]]
9	[[0.8489524140446696, -0.5135124485683378, 0.12483895166604869], [0.522794976890395, 0.7815435453534784, -0.34040431673891397], [0.0772347773085365, 0.35425224329800037, 0.9319550081910795]]	0.6854622604151249	0.3145377395848751	[[0.5819248407159363, -0.3519934037469584, 0.08557238999686428], [0.3583562265929632, 0.5357186052108462, -0.2333343124069221], [0.05294152503656824, 0.2428265434481761, 0.6388199865198535]]	0.8290883887090795	0.25714213219650356	[[0.664479180285794, -0.4118680148735702, 0.049463934711668114], [0.4766606678524696, 0.6259705792473013, -0.26405382857675597], [0.028740673104036607, 0.22808700277808813, 0.73235172750427]]	[[-0.03937740876518451, 0.013879193692007036, -0.05403859057326684], [0.04321742283721138, -0.021998099475795632, 0.018171437897925417], [-0.03529378396700251, -0.06561941881442777, -0.04032134858622911]]	0.45355582517156096	[[0.6523767163227089, -0.6523767163227088, 0.0], [0.7071067811865475, 0.7071067811865476, 0.0], [0.0, 0.0, 0.9226000000000001]]
9	[[0.04673222253661188, -0.9725397674033924, -0.22799671093185395], [-0.8377629715199755, -0.16246744520517667, 0.5213036857710898], [-0.5440306084466285, 0.16664552219444034, -0.8223502702654952]]	0.5437440131335872	0.4562559868664128	[[0.02541036622470921, -0.5288126760599261, -0.12397184658334467], [-0.45552860018899055, -0.08834070065942388, 0.2834557581625028], [-0.295813386304277, 0.09061250500874728, -0.44714803615565046]]	0.7112429874061516	0.4552238448624413	[[-0.003910488943355061, -0.7177217727275026, -0.11364935318214717], [-0.6733900910951464, -0.15164490588673185, 0.28126097610233375], [-0.24903313985665051, 0.021600770840637815, -0.5178500651188065]]	[[-0.03714845450842387, -0.026009683188230243, 0.04851170861980142], [-0.07753705249302437, -0.03609107480275685, -0.08951261471133376], [0.1379048153353159, -0.09692468820279407, 0.06704079779908041]]	0.47504028311098223	[[-0.09031502839392556, -0.5263945612633776, -0.30835479482865147], [-0.8535533905932738, -0.14644660940672602, 0.5], [-0.30835479482865147, 0.3083547948286515, -0.4360795328694521]]
9	[[0.08740825448676931, -0.06334395238859675, -0.994156597696443], [0.7119981850616444, -0.6940087028176986, 0.10681996481098455], [-0.6967197295301035, -0.717174639895393, -0.015561310176609944]]	0.6436112358972247	0.3563887641027754	[[0.05625693469784873, -0.04076887948343971, -0.6398503565187876], [0.45825003184410584, -0.4466717989439286, 0.06875052957049582], [-0.44841664619685, -0.46158165633722087, -0.010015434074947987]]	0.8504349390722655	0.24839805096131973	[[0.048481050504634346, -0.04848105050463435, -0.7493300934914996], [0.6734277269568791, -0.6650901714388877, 0.09463095402138944], [-0.5377660031374365, -0.5448628533553378, 0.0]]	[[-0.025853983074234387, 0.005388859785558422, 0.09613541209876558], [0.06791959382441584, -0.07488092254249624, 0.003787523755658245], [0.05474879759594248, 0.06504751782827468, 0.0132338818719299]]	0.2556589773782767	[[0.0, 0.0, -0.7853085951760003], [0.7071067811865475, -0.7071067811865476, 0.0], [-0.5552970329730311, -0.555297032973031, 0.0]]
9	[[0.034229894132735264, 0.2773841392786001, 0.9601491309293217], [-0.1827544195208179, -0.9427759796974285, 0.2788803941677556], [0.9825625356654255, -0.18501754344446375, 0.018422055382213542]]	0.7716243901601394	0.22837560983986066	[[0.026412621185417984, 0.21403636731094505, 0.7408744876161258], [-0.14101776751182138, -0.7274689403916562, 0.21519091407731372], [0.7581692173770341, -0.14276404912926144, 0.014214907249796838]]	0.8750438716366236	0.19226798233722187	[[0.009202860718148007, 0.213780968151105, 0.7891981156565142], [-0.16799875140827125, -0.8239944261589127, 0.25691629201214117], [0.8188367703075795, -0.14603887584409803, 0.0]]	[[-0.02074979836947241, -0.028942323013833673, -0.050974497220419177], [-0.008080616592071009, 0.0009759172015360654, 0.012883712176040684], [-0.04094855502619254, 0.015859591692242707, -0.016120106665156442]]	0.37271455602032394	[[0.0, 0.0, 0.9226000000000001], [0.0, -1.0, 0.0], [0.9226000000000001, 0.0, 0.0]]
9	[[-0.5446221603179724, 0.8109226453022452, -0.2139887049042392], [-0.8354447797583356, -0.5021691245819775, 0.22328947644507607], [0.07361197229480154, 0.30038414347728, 0.9509735242804028]]	0.6092467868000937	0.39075321319990625	[[-0.33180930119385016, 0.49405201599382503, -0.13037193087442117], [-0.508992047616678, -0.3059449255817857, 0.13603839605043777], [0.04484785759062535, 0.18300807421923115, 0.5793775639997965]]	0.7711796832682128	0.3282174154297683	[[-0.4451658902620588, 0.5916030453973452, -0.08951697594116154], [-0.7323526235587874, -0.3953088985097967, 0.10390506935168521], [0.06982274766958069, 0.09497612240679373, 0.7084352994852482]]	[[-0.02516434516719506, -0.03376402336186149, 0.07550676572986473], [-0.08807458291667239, -0.008046272067591736, -0.06829123837035364], [0.013054690190527189, -0.13667402621880845, -0.024936161765768912]]	0.43333948952759793	[[-0.6018827584793313, 0.6018827584793311, 0.0], [-0.7071067811865475, -0.7071067811865476, 0.0], [0.0, 0.0, 0.8511907600000002]]
9	[[-0.30792515101507295, 0.09349718223056193, 0.9468053539599837], [0.3027085282091916, -0.9338174967034747, 0.1906631317268273], [0.9019698710720718, 0.34531602882779927, 0.2592434992682147]]	0.6140297539144528	0.38597024608554725	[[-0.18907520470185596, 0.05741005179672669, 0.5813666584969351], [0.1858720430840961, -0.5733917277018449, 0.11707283585478262], [0.5538363379726352, 0.21203431620384966, 0.15918322205958352]]	0.8019908511249463	0.29757460313789386	[[-0.17814431383320725, 0.0735583923596116, 0.73230405597806], [0.2610233472036463, -0.8370110657373763, 0.13246674840991646], [0.6732988330912154, 0.24647848544559164, 0.10458592147359567]]	[[0.06880884011214873, -0.0014254923952609615, -0.02702517569396345], [0.01825387702237688, -0.08809797676078995, -0.020443338881829552], [-0.0500727514989335, -0.030461810421101566, -0.1033249931531292]]	0.4818031770771717	[[0.0, 0.0, 0.9226000000000001], [0.0, -1.0, 0.0], [0.9226000000000001, 0.0, 0.0]]
9	[[-0.42203838922340475, -0.825029846081567, 0.3757783270710803], [0.2588054115689476, 0.28760896992378115, 0.9221175843470338], [-0.8688517462515349, 0.4864224845687207, 0.09214016247897017]]	0.555452694753745	0.4445473052462551	[[-0.23442236058367003, -0.4582650512582739, 0.20872708440168564], [0.14375416327282398, 0.15975317737951295, 0.5121926971053736], [-0.4826060437969122, 0.2701846798425079, 0.05117950154399189]]	0.7537769651171004	0.3947523502859482	[[-0.22790066147988847, -0.49682782465988773, 0.275006537147392], [0.268694066359306, 0.23570655483314187, 0.8289387853928191], [-0.5771207055312371, 0.2984732935743046, 0.02382691276435336]]	[[0.09022215471183916, 0.12506066885050426, -0.00824650978902813], [0.07361250867098246, 0.01891353834353862, 0.1338677911826], [0.07779972689493794, -0.06818077060862543, -0.0456262192744413]]	0.568787470111893	[[-0.3622628549546889, -0.36226285495468896, 0.5123170426209185], [0.5, 0.5000000000000001, 0.7071067811865475], [-0.5123170426209185, 0.5123170426209185, 0.0]]
9	[[-0.8305561570912853, 0.32773595720904825, 0.4502950280316503], [-0.5100865793185324, -0.772219296347621, -0.37879947194723407], [0.22358030216652452, -0.5443036842615101, 0.808545204538665]]	0.541871482231525	0.458128517768475	[[-0.45005469591957414, 0.17759076891343467, 0.24400203428099643], [-0.27640137080174154, -0.4184436147196707, -0.20526063133256667], [0.12115178973274691, -0.2949426441748645, 0.438127588434558]]	0.729791831148776	0.4312699342335152	[[-0.4933082240432251, 0.1810671039761168, 0.2583661463775744], [-0.446126431301575, -0.6757275065965742, -0.2700512665324396], [0.15853482753749085, -0.36834512315851436, 0.46725119421333455]]	[[0.11282487471231455, -0.05811192036877134, -0.07025548668683315], [-0.07386941253628795, -0.11216817226662473, 0.006393493738121651], [-0.004632250589413758, 0.028883259279718212, -0.12281849117349929]]	0.533592598281104	[[-0.47266370352205944, 0.33422370998119605, 0.334223709981196], [-0.7071067811865475, -0.5000000000000001, -0.5], [0.0, -0.4726637035220594, 0.47266370352205944]]
9	[[0.22433838825039393, -0.7661379269479729, -0.6022499185961573], [-0.9416906372873723, -0.011392912655017143, -0.3362869982418849], [0.2507808429735371, 0.642575192824231, -0.724020780340167]]	0.5197798161980616	0.48022018380193854	[[0.11660656621095913, -0.3982230308513812, -0.31303735199320815], [-0.4894717863646658, -0.005921806045785391, -0.17479519413596484], [0.13035082046678004, 0.3339976156196128, -0.3763313881287891]]	0.7014790135895986	0.4862971802431257	[[0.18982566758054276, -0.429702095322818, -0.3395551970096522], [-0.8138608194875648, 0.045090424846257623, -0.20481624601691967], [0.1483946360463825, 0.3395551970096522, -0.35993582527482304]]	[[0.03245699628037598, 0.1077275819462261, 0.08291048182159629], [-0.1532846001366586, 0.053082313977411616, 0.031082025792804776], [-0.027522862309862253, -0.1111978154098355, 0.14794955753656883]]	0.49670619780430103	[[0.09031502839392556, -0.5263945612633776, -0.30835479482865147], [-0.8535533905932738, 0.14644660940672602, -0.5], [0.30835479482865147, 0.3083547948286515, -0.4360795328694521]]
9	[[0.5319609947059123, -0.8460851799387872, 0.03402011756955908], [-0.703274286200726, -0.4190807785627857, 0.5742617690636116], [-0.47161719485230363, -0.3294103357928521, -0.8179645788128509]]	0.5840343806588606	0.41596561934113957	[[0.3106835100777389, -0.4941428340501902, 0.019868918294679058], [-0.41073636217454323, -0.24475758295394964, 0.335388616631128], [-0.27544065630363435, -0.19238696144740572, -0.47771943618784907]]	0.7171795369761645	0.47106781076797066	[[0.43897208226070433, -0.565741780137048, 0.0882524316345819], [-0.520458902610151, -0.3467187832386827, 0.3359254750428892], [-0.24445804087941742, -0.10906676417364866, -0.5117335080625973]]	[[0.057460542388138226, 0.04105319745384618, 0.06385389946817083], [-0.01608497566547166, -0.04616262451341354, -0.07592331459726491], [0.09377616055475527, 0.1271795879254319, 0.0748939498333066]]	0.4616649997072373	[[0.47266370352205944, -0.4726637035220594, 0.0], [-0.5, -0.5000000000000001, 0.7071067811865475], [-0.334223709981196, -0.33422370998119605, -0.47266370352205944]]
