9	[[-0.42203838922340475, -0.825029846081567, 0.3757783270710803], [0.2588054115689476, 0.28760896992378115, 0.9221175843470338], [-0.8688517462515349, 0.4864224845687207, 0.09214016247897017]]	0.9163014689521625	0.08369853104783766	[[-0.38671439599961027, -0.7559760598939164, 0.344326233095617], [0.23714377879339563, 0.26353652162497904, 0.8449376970838065], [-0.796130131391933, 0.4457096371416793, 0.08442816622897127]]	0.9163014689521626	0.08369853104783749	[[-0.3867143959996103, -0.7559760598939165, 0.3443262330956171], [0.23714377879339568, 0.2635365216249791, 0.8449376970838068], [-0.796130131391933, 0.44570963714167944, 0.08442816622897129]]	[[0.0, 0.0, 0.0], [0.0, 0.0, 0.0], [0.0, 0.0, 0.0]]	0.3106440112544515	[[-0.14513384971692328, -0.8459020664089519, 0.4955179580629374], [0.25000000000000017, 0.45710678118654735, 0.8535533905932738], [-0.9485271957234975, 0.24775897903146887, 0.14513384971692328]]
9	[[0.08740825448676931, -0.06334395238859675, -0.994156597696443], [0.7119981850616444, -0.6940087028176986, 0.10681996481098455], [-0.6967197295301035, -0.717174639895393, -0.015561310176609944]]	0.9622515746704982	0.03774842532950196	[[0.08410873051909343, -0.06095281793178028, -0.9566287516024672], [0.685121374738104, -0.6678109671213601, 0.1027876793456171], [-0.6704196568443458, -0.6901024265530893, -0.014973895221378968]]	0.9713969496165408	0.047462608821949775	[[0.07029194840668761, -0.057452089075371034, -0.9503629251971251], [0.6792946185503672, -0.6706690390404151, 0.09069089495684264], [-0.6833107283002562, -0.7100601604164626, -0.009079151602655332]]	[[-0.014616163373066399, 0.004080033051567239, 0.015357761246358154], [-0.012338246551027634, 0.0034888978840295947, -0.013073693018693976], [-0.006519308297052238, -0.013398902879736614, 0.006037057634940402]]	0.11035226657179079	[[0.0, 0.0, -0.9970029990000003], [0.7071067811865475, -0.7071067811865476, 0.0], [-0.704987581456225, -0.7049875814562249, 0.0]]
9	[[0.8489524140446696, -0.5135124485683378, 0.12483895166604869], [0.522794976890395, 0.7815435453534784, -0.34040431673891397], [0.0772347773085365, 0.35425224329800037, 0.9319550081910795]]	0.9176301309697433	0.08236986903025677	[[0.77902431488689, -0.4712144954343574, 0.11455598356744172], [0.479732423114257, 0.7171679058812698, -0.3123652577517956], [0.0708729588170513, 0.3250725324138695, 0.8551899962242885]]	0.9247794743012171	0.1317861732170236	[[0.7804852753695225, -0.4931523828528639, 0.06828651286052194], [0.5097985777441334, 0.6680893931492811, -0.2915045108103568], [0.026755775140784435, 0.30629175138518844, 0.8644167318636814]]	[[-0.004608491797456081, -0.018266610618705763, -0.04716198723352162], [0.02632851384811704, -0.05466603586621799, 0.02329441427332094], [-0.04466936161637552, -0.021313451941963192, 0.0025638693163486308]]	0.3575237914330052	[[0.7733351415504903, -0.422951033204476, 0.45300923766055995], [0.573223304703363, 0.7803300858899106, -0.2499999999999999], [-0.24775897903146876, 0.4530092376605599, 0.845902066408952]]
9	[[-0.30792515101507295, 0.09349718223056193, 0.9468053539599837], [0.3027085282091916, -0.9338174967034747, 0.1906631317268273], [0.9019698710720718, 0.34531602882779927, 0.2592434992682147]]	0.9216890211985387	0.07831097880146135	[[-0.2838112310414948, 0.08617532637490803, 0.8726600999569133], [0.2790031270735801, -0.8606893345146952, 0.17573211525994753], [0.8313357276189901, 0.3182739926144607, 0.23894188709260494]]	0.9216890211985389	0.07831097880146122	[[-0.28381123104149486, 0.08617532637490805, 0.8726600999569135], [0.2790031270735801, -0.8606893345146953, 0.17573211525994756], [0.8313357276189901, 0.31827399261446065, 0.238941887092605]]	[[0.0, 0.0, 0.0], [0.0, 0.0, 0.0], [0.0, 0.0, 0.0]]	0.2537022719001892	[[-0.4955179580629374, 0.1451338497169231, 0.845902066408952], [0.14644660940672619, -0.9571067811865475, 0.2499999999999999], [0.845902066408952, 0.24775897903146868, 0.45300923766055995]]
9	[[0.034229894132735264, 0.2773841392786001, 0.9601491309293217], [-0.1827544195208179, -0.9427759796974285, 0.2788803941677556], [0.9825625356654255, -0.18501754344446375, 0.018422055382213542]]	0.9398529138610301	0.06014708613897005	[[0.0321710657418058, 0.2607002915598261, 0.9023989584450587], [-0.1717622737076218, -0.8860707516368156, 0.26210655107727776], [0.9234642621958323, -0.17388927732168896, 0.01731402243028269]]	0.93985291386103	0.06014708613897013	[[0.03217106574180581, 0.2607002915598261, 0.9023989584450589], [-0.1717622737076218, -0.8860707516368154, 0.26210655107727765], [0.9234642621958326, -0.17388927732168893, 0.017314022430282662]]	[[0.0, 0.0, 0.0], [0.0, 0.0, 0.0], [0.0, 0.0, 0.0]]	0.1492837449822477	[[-0.07256692485846153, 0.277817183487553, 0.9485271957234975], [-0.2803300858899109, -0.9267766952966368, 0.25000000000000017], [0.9485271957234975, -0.24775897903146887, 0.14513384971692328]]
9	[[0.5319609947059123, -0.8460851799387872, 0.03402011756955908], [-0.703274286200726, -0.4190807785627857, 0.5742617690636116], [-0.47161719485230363, -0.3294103357928521, -0.8179645788128509]]	0.9085672538935583	0.09143274610644173	[[0.48332234013843633, -0.768725288497021, 0.030909564797310288], [-0.638971986947346, -0.38076307213836463, 0.5217554385341823], [-0.4284959396159407, -0.29929144419546644, -0.7431758311541931]]	0.9085672538935583	0.09143274610644167	[[0.48332234013843633, -0.7687252884970213, 0.030909564797310288], [-0.638971986947346, -0.38076307213836463, 0.5217554385341823], [-0.42849593961594085, -0.2992914441954666, -0.743175831154193]]	[[0.0, 0.0, 0.0], [0.0, 0.0, 0.0], [0.0, 0.0, 0.0]]	0.28350047893486	[[0.7035783112808941, -0.703578311280894, 0.0], [-0.5, -0.5000000000000001, 0.7071067811865475], [-0.4975049950024997, -0.4975049950024998, -0.7035783112808941]]
9	[[-0.3195682178843842, -0.5708200961323295, -0.7563336379995778], [0.910087742671785, 0.03735879733279218, -0.41272826520656647], [0.2638493031197415, -0.8202248094963509, 0.507557688474819]]	0.9400141658290033	0.05998583417099676	[[-0.30039865176005054, -0.5365789765042631, -0.7109643338125884], [0.8554953702588186, 0.035117798711159484, -0.3879704159322023], [0.24802208257666764, -0.7710229400909654, 0.47711141714175404]]	0.9400141658290033	0.059985834170996816	[[-0.3003986517600506, -0.536578976504263, -0.7109643338125884], [0.8554953702588185, 0.03511779871115945, -0.3879704159322023], [0.24802208257666766, -0.7710229400909655, 0.47711141714175404]]	[[0.0, 0.0, 0.0], [0.0, 0.0, 0.0], [0.0, 0.0, 0.0]]	0.22583547101132997	[[-0.49651048251748975, -0.49651048251748986, -0.7021718582366437], [0.8535533905932738, -0.14644660940672602, -0.5], [0.14542455339916815, -0.8475964116358117, 0.49651048251748975]]
9	[[-0.5446221603179724, 0.8109226453022452, -0.2139887049042392], [-0.8354447797583356, -0.5021691245819775, 0.22328947644507607], [0.07361197229480154, 0.30038414347728, 0.9509735242804028]]	0.9378525608285688	0.062147439171431264	[[-0.5107752877381978, 0.7605258795305878, -0.20068985488282967], [-0.7835240261272147, -0.47096059945824814, 0.209412607290085], [0.06903717672432128, 0.28171603819246327, 0.891872955026545]]	0.9378525608285687	0.06214743917143146	[[-0.5107752877381978, 0.7605258795305877, -0.20068985488282964], [-0.7835240261272144, -0.47096059945824825, 0.20941260729008493], [0.06903717672432128, 0.2817160381924633, 0.891872955026545]]	[[0.0, 0.0, 0.0], [0.0, 0.0, 0.0], [0.0, 0.0, 0.0]]	0.2602923716733317	[[-0.5680848829213989, 0.7733351415504904, -0.2477589790314687], [-0.7803300858899108, -0.42677669529663675, 0.4571067811865474], [0.24775897903146876, 0.4530092376605599, 0.845902066408952]]
9	[[0.8592155572171323, 0.2624339665249735, -0.4391776855101157], [-0.4266000482917053, 0.8413623931712975, -0.33184593135155627], [0.2824199444684594, 0.4724804086637203, 0.8348660002631537]]	0.9511773785654062	0.0488226214345937	[[0.8172664013364068, 0.24962125232574592, -0.4177358796279341], [-0.40577231562997984, 0.8002848755601916, -0.31564434307056904], [0.2686314624340968, 0.4494126765362694, 0.7941056535836925]]	0.951177378565406	0.048822621434594204	[[0.8172664013364063, 0.24962125232574578, -0.4177358796279341], [-0.4057723156299798, 0.8002848755601915, -0.31564434307056893], [0.26863146243409675, 0.44941267653626915, 0.7941056535836921]]	[[0.0, 0.0, 0.0], [0.0, 0.0, 0.0], [0.0, 0.0, 0.0]]	0.1870858159247574	[[0.7733351415504903, 0.422951033204476, -0.45300923766055995], [-0.573223304703363, 0.7803300858899106, -0.2499999999999999], [0.24775897903146876, 0.4530092376605599, 0.845902066408952]]
9	[[0.3802729664721569, 0.7767473726770865, -0.5020517802076895], [0.4287143634067757, 0.332951791095048, 0.839849450446521], [0.8195098935212374, -0.5346088512602871, -0.20639019011321075]]	0.9319345942903152	0.06806540570968503	[[0.3543895327288042, 0.7238777476218891, -0.46787942210058364], [0.39953374632792427, 0.3102892923523974, 0.7826847568668227], [0.7637296201356135, -0.49822048290326715, -0.1923421580886561]]	0.9319345942903151	0.06806540570968488	[[0.35438953272880414, 0.723877747621889, -0.4678794221005836], [0.39953374632792427, 0.3102892923523974, 0.7826847568668228], [0.7637296201356137, -0.49822048290326715, -0.19234215808865604]]	[[0.0, 0.0, 0.0], [0.0, 0.0, 0.0], [0.0, 0.0, 0.0]]	0.32629558605514625	[[0.14513384971692328, 0.8459020664089519, -0.4955179580629374], [0.25000000000000017, 0.45710678118654735, 0.8535533905932738], [0.9485271957234975, -0.24775897903146887, -0.14513384971692328]]
9	[[-0.8305561570912853, 0.32773595720904825, 0.4502950280316503], [-0.5100865793185324, -0.772219296347621, -0.37879947194723407], [0.22358030216652452, -0.5443036842615101, 0.808545204538665]]	0.9136540399472941	0.0863459600527058	[[-0.7588409883295524, 0.2994372813400405, 0.4114138715292973], [-0.46604266391727306, -0.7055412798332608, -0.34609166787449214], [0.2042750463270819, -0.4973052600837251, 0.7387305926067625]]	0.9136540399472941	0.08634596005270588	[[-0.7588409883295524, 0.29943728134004044, 0.4114138715292973], [-0.46604266391727295, -0.7055412798332608, -0.34609166787449214], [0.20427504632708188, -0.4973052600837251, 0.7387305926067624]]	[[0.0, 0.0, 0.0], [0.0, 0.0, 0.0], [0.0, 0.0, 0.0]]	0.3637653391520456	[[-0.7035783112808941, 0.4975049950024998, 0.4975049950024997], [-0.7071067811865475, -0.5000000000000001, -0.5], [0.0, -0.703578311280894, 0.7035783112808941]]
9	[[0.22433838825039393, -0.7661379269479729, -0.6022499185961573], [-0.9416906372873723, -0.011392912655017143, -0.3362869982418849], [0.2507808429735371, 0.642575192824231, -0.724020780340167]]	0.9336861925935802	0.06631380740641989	[[0.2094616555780906, -0.7153324040135915, -0.5623124334838396], [-0.8792435457298688, -0.010637405239414154, -0.31398652700718943], [0.23415061045137034, 0.5999635852431419, -0.6760082057544434]]	0.9336861925935802	0.0663138074064199	[[0.20946165557809063, -0.7153324040135914, -0.56231243348384], [-0.8792435457298692, -0.010637405239414147, -0.31398652700718943], [0.23415061045137034, 0.5999635852431419, -0.6760082057544433]]	[[0.0, 0.0, 0.0], [0.0, 0.0, 0.0], [0.0, 0.0, 0.0]]	0.29004350690373204	[[0.14557012352269086, -0.848444856492304, -0.4970074900074972], [-0.8535533905932738, 0.14644660940672602, -0.5], [0.4970074900074972, 0.49700749000749733, -0.7028747329696133]]
9	[[0.8787972042104137, -0.3840163418041313, 0.28327887866788265], [-0.395223040501579, -0.9183905790867732, -0.018907472103605397], [0.2674214316928388, -0.09534250611366366, -0.9588511794847616]]	0.9146468141039984	0.08535318589600166	[[0.8037890630745559, -0.35123932359502086, 0.2591001238765319], [-0.36148949485526477, -0.8400030172648434, -0.01729365912232289], [0.244596160520985, -0.08720471946555347, -0.8770101765155983]]	0.9146468141039985	0.08535318589600153	[[0.8037890630745559, -0.35123932359502075, 0.259100123876532], [-0.36148949485526477, -0.8400030172648435, -0.017293659122322905], [0.24459616052098507, -0.08720471946555346, -0.8770101765155984]]	[[0.0, 0.0, 0.0], [0.0, 0.0, 0.0], [0.0, 0.0, 0.0]]	0.3079205241677954	[[0.7014696863784071, -0.49601397203497244, 0.49601397203497233], [-0.5, -0.8535533905932737, -0.14644660940672619], [0.49601397203497233, -0.14527912884576885, -0.8467488152241761]]
9	[[0.04673222253661188, -0.9725397674033924, -0.22799671093185395], [-0.8377629715199755, -0.16246744520517667, 0.5213036857710898], [-0.5440306084466285, 0.16664552219444034, -0.8223502702654952]]	0.9400001747009522	0.05999982529904771	[[0.04392829734857896, -0.9141875512628124, -0.21431694810718524], [-0.7874973395867659, -0.15271942687608345, 0.49002555569707473], [-0.5113888669824962, 0.1566468199759053, -0.7730093977149409]]	0.940000174700952	0.05999982529904832	[[0.04392829734857895, -0.9141875512628121, -0.21431694810718513], [-0.7874973395867653, -0.15271942687608342, 0.49002555569707446], [-0.511388866982496, 0.15664681997590532, -0.7730093977149408]]	[[0.0, 0.0, 0.0], [0.0, 0.0, 0.0], [0.0, 0.0, 0.0]]	0.11805215632029795	[[0.14513384971692328, -0.9485271957234975, -0.2477589790314687], [-0.8535533905932738, -0.2500000000000001, 0.4571067811865474], [-0.4955179580629374, 0.1451338497169231, -0.845902066408952]]
