9	[[0.5319609947059123, -0.8460851799387872, 0.03402011756955908], [-0.703274286200726, -0.4190807785627857, 0.5742617690636116], [-0.47161719485230363, -0.3294103357928521, -0.8179645788128509]]	0.5639161979490075	0.43608380205099245	[[0.29998142159173025, -0.47712113781208276, 0.019184495353603975], [-0.3965877615896155, -0.23632643928063618, 0.3238355134378228], [-0.26595257540848727, -0.1857598241254111, -0.46126347534110423]]	0.7064092656034601	0.4843426764601119	[[0.42669183105129405, -0.5482126506401096, 0.08099598800778969], [-0.528931754658722, -0.343748748171244, 0.32868285179997503], [-0.24438840232046233, -0.1106036765761239, -0.49282969785042546]]	[[0.050909655451404384, 0.049469759958420456, 0.056963861739734105], [-0.032132282625869646, -0.04770620315818024, -0.07698098274839463], [0.08876635394111738, 0.12209483681349395, 0.08498805955840416]]	0.48306961832494766	[[0.45153465414567345, -0.4515346541456734, 0.0], [-0.5, -0.5000000000000001, 0.7071067811865475], [-0.31928321588712805, -0.3192832158871281, -0.45153465414567345]]
9	[[0.22433838825039393, -0.7661379269479729, -0.6022499185961573], [-0.9416906372873723, -0.011392912655017143, -0.3362869982418849], [0.2507808429735371, 0.642575192824231, -0.724020780340167]]	0.4917322140444623	0.5082677859555377	[[0.1103144123495324, -0.37673469908156126, -0.2961456858793856], [-0.4630596220182603, -0.005602262164266764, -0.16536315019984832], [0.12331701915531401, 0.31597492225750645, -0.35602434133086963]]	0.6883026168685848	0.5014405623856615	[[0.17822248639217436, -0.41989977531648637, -0.3263516868583163], [-0.8183362034663355, 0.048815890229687325, -0.2018840003261172], [0.14101547333248907, 0.3263516868583163, -0.35270647296749036]]	[[0.023809786695347626, 0.10743496468407615, 0.08817850812031094], [-0.1701680735407916, 0.05665766182389074, 0.02958322058265335], [-0.031597637146706214, -0.11593449989743743, 0.1456389248078816]]	0.5213341629415774	[[0.08549222555402528, -0.4982852063739998, -0.29188871596401245], [-0.8535533905932738, 0.14644660940672602, -0.5], [0.29188871596401245, 0.2918887159640125, -0.4127929808199746]]
9	[[0.8592155572171323, 0.2624339665249735, -0.4391776855101157], [-0.4266000482917053, 0.8413623931712975, -0.33184593135155627], [0.2824199444684594, 0.4724804086637203, 0.8348660002631537]]	0.5382777119277196	0.4617222880722805	[[0.46249658419153855, 0.1412623550331785, -0.2363995596860967], [-0.2296292979027138, 0.45288662389827644, -0.17862526864043882], [0.152020361511236, 0.2543256733061813, 0.4493897603878973]]	0.7377465868622067	0.46130921887325926	[[0.4566240948137843, 0.18322845132086885, -0.2844948130596583], [-0.3515032908435015, 0.7495987151329346, -0.25301888711821663], [0.23668133992868767, 0.3087518487576511, 0.4524440743312915]]	[[-0.17725924990206407, -0.01038131175964099, 0.03950702545147326], [-0.03678056126104337, 0.1288864812565919, -0.008200683899495777], [0.028326989835267727, -0.03981896009326918, -0.16347546785015243]]	0.5617670946002807	[[0.5450505429599649, -0.09351588881429138, -0.31928321588712805], [-0.14644660940672619, 0.8535533905932737, -0.5], [0.31928321588712805, 0.3192832158871281, 0.45153465414567345]]
9	[[-0.30792515101507295, 0.09349718223056193, 0.9468053539599837], [0.3027085282091916, -0.9338174967034747, 0.1906631317268273], [0.9019698710720718, 0.34531602882779927, 0.2592434992682147]]	0.5971651247829176	0.4028348752170826	[[-0.18388216122971476, 0.0558332564935647, 0.565399137342648], [0.18076697602089525, -0.5576432419434021, 0.11385737284915265], [0.5386249506091859, 0.20621068944449436, 0.15481117658966362]]	0.7949407063636883	0.307374524806185	[[-0.17597388186871826, 0.07055068187896864, 0.72100406284202], [0.26106571276951906, -0.8377730540780756, 0.13058478025755774], [0.6625930476502916, 0.24079039621575882, 0.10542319998974964]]	[[0.06880835518634922, -0.00377403420640874, -0.03165005402385123], [0.020430381532591753, -0.0954435136338444, -0.020981104354879307], [-0.05441951877850615, -0.0337153716593157, -0.10066001043871926]]	0.48399596056828836	[[0.0, 0.0, 0.9141999999999999], [0.0, -1.0, 0.0], [0.9141999999999999, 0.0, 0.0]]
9	[[0.3802729664721569, 0.7767473726770865, -0.5020517802076895], [0.4287143634067757, 0.332951791095048, 0.839849450446521], [0.8195098935212374, -0.5346088512602871, -0.20639019011321075]]	0.545836632125717	0.4541633678742832	[[0.20756691530761784, 0.4239771699145601, -0.27403825286128597], [0.23400800426587517, 0.18173728431154634, 0.45842059552436326], [0.4473185202733372, -0.2918090948765136, -0.1126553262751814]]	0.7437906275926818	0.3959368302515153	[[0.29417076981806933, 0.42460435894660553, -0.3499278346130898], [0.41433630466523824, 0.31495109304274127, 0.7040291131152804], [0.5259971385863713, -0.37505135436814574, -0.040968937962301825]]	[[0.011327301429212858, -0.1531330568578513, 0.023493574071610724], [0.09546257924891544, 0.06730467138604798, 0.07935696328429356], [-0.0835466394342016, 0.02258569862734587, 0.11254215107097613]]	0.4689971207281525	[[0.3492487594477446, 0.34924875944774464, -0.4939123322529791], [0.5, 0.5000000000000001, 0.7071067811865475], [0.4939123322529791, -0.49391233225297904, 0.0]]
9	[[0.08740825448676931, -0.06334395238859675, -0.994156597696443], [0.7119981850616444, -0.6940087028176986, 0.10681996481098455], [-0.6967197295301035, -0.717174639895393, -0.015561310176609944]]	0.6176875635276955	0.3823124364723045	[[0.053990991746141304, -0.039126771615126676, -0.6140781665960993], [0.4397924241668683, -0.4286805447104808, 0.06598136380021123], [-0.4303551121951246, -0.4429898559408378, -0.00961202776828893]]	0.8398063632100398	0.2695638477566348	[[0.04706076559868759, -0.0470607655986876, -0.728166752891427], [0.6741253784346837, -0.6650466958497621, 0.09528161684892561], [-0.5226929859730765, -0.5301441487063246, 0.0]]	[[-0.026345242716383773, 0.006135888688129742, 0.1067322838812894], [0.07618477202591524, -0.08221377110031321, 0.005573530682788253], [0.062416676260282286, 0.07214367741069509, 0.013068487306202177]]	0.2737414669603855	[[0.0, 0.0, -0.7640532912879997], [0.7071067811865475, -0.7071067811865476, 0.0], [-0.5402672634576451, -0.540267263457645, 0.0]]
9	[[-0.3195682178843842, -0.5708200961323295, -0.7563336379995778], [0.910087742671785, 0.03735879733279218, -0.41272826520656647], [0.2638493031197415, -0.8202248094963509, 0.507557688474819]]	0.5081900674163267	0.4918099325836732	[[-0.16240139419078053, -0.29008510313608266, -0.3843612424842411], [0.462497551303147, 0.01898536973514456, -0.20974440491994858], [0.13408559514017224, -0.4168301012344942, 0.2579357759236931]]	0.6818192863796011	0.5051232538053968	[[-0.2352353148922732, -0.37094367553413304, -0.37410458582413697], [0.778119813436847, 0.014180539152923666, -0.22775395820205663], [0.1590855747227635, -0.3741045858241369, 0.3092957585888548]]	[[-0.017347540624741472, 0.018252475061947226, 0.14157827550162272], [0.15760443818554876, -0.011291409384520844, 0.053652133049775334], [-0.020811968842093652, 0.18514050845750926, -0.03676686236352617]]	0.5332111553082153	[[-0.26684466413430014, -0.2668446641343002, -0.37737534306562076], [0.8535533905932738, -0.14644660940672602, -0.5], [0.0781569926014899, -0.45553233566711054, 0.26684466413430014]]
9	[[0.034229894132735264, 0.2773841392786001, 0.9601491309293217], [-0.1827544195208179, -0.9427759796974285, 0.2788803941677556], [0.9825625356654255, -0.18501754344446375, 0.018422055382213542]]	0.7531279280131453	0.24687207198685487	[[0.02577948924429623, 0.20890574207860185, 0.7231151255604223], [-0.13763745730895868, -0.7100309201700873, 0.21003261342305105], [0.739995286629044, -0.13934187914041107, 0.013874164399749893]]	0.8675632132047011	0.20380994720091822	[[0.009222842053240966, 0.21021282702832603, 0.7778855701046334], [-0.1685437152941171, -0.823502849925013, 0.2575580981371159], [0.8069700071443038, -0.1438170109352448, 0.0]]	[[-0.02047375488821159, -0.030435448136236658, -0.05510449508011005], [-0.009992703867276366, -0.00558509164650197, 0.015611727273144273], [-0.04546510347215139, 0.016697403554674556, -0.015982297561228143]]	0.3767061077504852	[[0.0, 0.0, 0.9141999999999999], [0.0, -1.0, 0.0], [0.9141999999999999, 0.0, 0.0]]
9	[[-0.8305561570912853, 0.32773595720904825, 0.4502950280316503], [-0.5100865793185324, -0.772219296347621, -0.37879947194723407], [0.22358030216652452, -0.5443036842615101, 0.808545204538665]]	0.524734813282268	0.4752651867177319	[[-0.4358217300117337, 0.17197446631197527, 0.2362854774561217], [-0.2676601859565009, -0.40521034828193336, -0.19876927018365356], [0.11732036811094433, -0.28561509212981406, 0.4242718169338695]]	0.7187446665592977	0.42809845597310997	[[-0.5061933862580318, 0.17381416564190796, 0.24138616355245804], [-0.43913064405032953, -0.670693647001024, -0.2627683099363264], [0.1381648279714568, -0.34075818083624604, 0.4752223162663355]]	[[0.09076442192931561, -0.06174430564180164, -0.08226098622346002], [-0.07250863568165827, -0.11566514633699755, 0.00949179022122644], [-0.0225323217584489, 0.050457189215290243, -0.10591523716792645]]	0.5528368057859568	[[-0.45153465414567345, 0.3192832158871281, 0.31928321588712805], [-0.7071067811865475, -0.5000000000000001, -0.5], [0.0, -0.4515346541456734, 0.45153465414567345]]
9	[[-0.5446221603179724, 0.8109226453022452, -0.2139887049042392], [-0.8354447797583356, -0.5021691245819775, 0.22328947644507607], [0.07361197229480154, 0.30038414347728, 0.9509735242804028]]	0.5886635648715237	0.41133643512847623	[[-0.32059922240080807, 0.4773606152186659, -0.12596735387116997], [-0.4917959023058469, -0.2956086670448392, 0.13144237920245463], [0.04333268602828172, 0.17682520073021488, 0.5598034649013384]]	0.7608036802788117	0.33933243134136615	[[-0.4341103121075217, 0.5837553532721258, -0.08315794834872299], [-0.7312346372270773, -0.39102262851243386, 0.1067984868482961], [0.06819212854180463, 0.08956429789224574, 0.6980312004375037]]	[[-0.019759768176211362, -0.033197579695251854, 0.07964544588051882], [-0.09562517411721423, -0.00897051040807634, -0.06308096859864679], [0.012187869107337709, -0.1389690639626675, -0.025472956682738582]]	0.44031049957958823	[[-0.59097272309959, 0.5909727230995899, 0.0], [-0.7071067811865475, -0.7071067811865476, 0.0], [0.0, 0.0, 0.8357616399999999]]
9	[[0.04673222253661188, -0.9725397674033924, -0.22799671093185395], [-0.8377629715199755, -0.16246744520517667, 0.5213036857710898], [-0.5440306084466285, 0.16664552219444034, -0.8223502702654952]]	0.5289650600594896	0.47103493994051027	[[0.024719712900792338, -0.5144395564747776, -0.1206022938914342], [-0.44314734054568033, -0.08593960191066807, 0.27575143545313785], [-0.28777318347117153, 0.08814965865622715, -0.4349945601009252]]	0.69894991529643	0.47002213482871885	[[-0.0008744797435443884, -0.7002238113562969, -0.10801049358354994], [-0.6713341204969181, -0.14931240947166088, 0.2805425754308392], [-0.2417825133359494, 0.016364538550904383, -0.5056261989028498]]	[[-0.033537962727123276, -0.020467223307285877, 0.051347788210134054], [-0.08577976251454576, -0.03575580240707516, -0.08382259158258076], [0.13846763435648696, -0.10011233507142905, 0.0691554528432145]]	0.4978515014730584	[[-0.08549222555402528, -0.4982852063739998, -0.29188871596401245], [-0.8535533905932738, -0.14644660940672602, 0.5], [-0.29188871596401245, 0.2918887159640125, -0.4127929808199746]]
9	[[0.8489524140446696, -0.5135124485683378, 0.12483895166604869], [0.522794976890395, 0.7815435453534784, -0.34040431673891397], [0.0772347773085365, 0.35425224329800037, 0.9319550081910795]]	0.670231306138686	0.3297686938613142	[[0.5689944853147494, -0.34417211912243184, 0.08367097363212009], [0.3503935602039934, 0.5238149512065211, -0.22814962982316928], [0.05176516567483096, 0.23743094372817836, 0.6246254224023969]]	0.8205312776884854	0.27032461350156256	[[0.6514364009423909, -0.4033210119194608, 0.05038925467260601], [0.47651268401714075, 0.6258401158151808, -0.2642558521350628], [0.02646147947105765, 0.22583332876745804, 0.7193646396703367]]	[[-0.04515560805040606, 0.018032013613260088, -0.05204500984322802], [0.04754305366014275, -0.015440808022897594, 0.015056536809394205], [-0.03691207103590146, -0.06484171704986236, -0.045333593948872555]]	0.45678128280001506	[[0.6464370193607417, -0.6464370193607416, 0.0], [0.7071067811865475, 0.7071067811865476, 0.0], [0.0, 0.0, 0.9141999999999999]]
9	[[0.8787972042104137, -0.3840163418041313, 0.28327887866788265], [-0.395223040501579, -0.9183905790867732, -0.018907472103605397], [0.2674214316928388, -0.09534250611366366, -0.9588511794847616]]	0.5825376608526465	0.4174623391473536	[[0.51193246770458, -0.22370398148376897, 0.16502061534814905], [-0.23023230552886062, -0.5349970996903164, -0.011014314571870937], [0.15578305528021208, -0.05554060049128279, -0.5585669232028541]]	0.7916206019687433	0.3667701607684737	[[0.5517499430005183, -0.23343996267428874, 0.22475452094838239], [-0.34552546162492553, -0.8468979680598193, -0.024095540311937485], [0.2018332000438964, -0.07547509208290702, -0.6401024556824655]]	[[-0.14392402880497832, 0.0705552849905324, 0.0005051244922825182], [-0.032658760391148484, -0.11988106500072493, -0.00912799586357416], [-0.00986311469213183, 0.0, 0.11894389221970111]]	0.5133261984109003	[[0.9141999999999999, 0.0, 0.0], [0.0, -1.0, 0.0], [0.0, 0.0, -0.9141999999999999]]
9	[[-0.42203838922340475, -0.825029846081567, 0.3757783270710803], [0.2588054115689476, 0.28760896992378115, 0.9221175843470338], [-0.8688517462515349, 0.4864224845687207, 0.09214016247897017]]	0.5323521376496467	0.4676478623503534	[[-0.22467303867329308, -0.43920640218628126, 0.2000463956986977], [0.13777561408402583, 0.1531092499461379, 0.49089126719147186], [-0.462535084417633, 0.2589480494610108, 0.04905101245906554]]	0.7379389410227749	0.41475560798084926	[[-0.21773363726311679, -0.4821613712648977, 0.26407883570013635], [0.2693777274816526, 0.23563525321946488, 0.828225590175068], [-0.5577999628699546, 0.28479239265321915, 0.023129470149104495]]	[[0.09370492475136019, 0.1266602796647169, -0.013222625038006603], [0.07839513613750002, 0.023397394525258627, 0.14775911648353862], [0.08335957466469181, -0.07415770049908972, -0.04486434377629317]]	0.5813619719377908	[[-0.3492487594477446, -0.34924875944774464, 0.4939123322529791], [0.5, 0.5000000000000001, 0.7071067811865475], [-0.4939123322529791, 0.49391233225297904, 0.0]]
