9	[[0.8592155572171323, 0.2624339665249735, -0.4391776855101157], [-0.4266000482917053, 0.8413623931712975, -0.33184593135155627], [0.2824199444684594, 0.4724804086637203, 0.8348660002631537]]	0.612583380917324	0.387416619082676	[[0.5263411709768333, 0.16076268648141218, -0.2690329514132319], [-0.2613280998820266, 0.5154046193855643, -0.2032833025709946], [0.17300576442097176, 0.2894336461564208, 0.5114250370541262]]	0.762223957678616	0.42296961844900594	[[0.4939722375862329, 0.20017916694791602, -0.29179725071079077], [-0.35523460839901844, 0.748857418515609, -0.2510772179099887], [0.24312854853625332, 0.3252397133668375, 0.4908391653162631]]	[[-0.160942444934847, 0.0001457103539532767, 0.042954502862864216], [-0.030069831244226054, 0.10755084535063072, 0.001863701224340826], [0.027861300736129222, -0.0348961736504333, -0.1455157015356343]]	0.48600544297952686	[[0.44201405585817977, 0.24174551442379047, -0.25892583916218287], [-0.573223304703363, 0.7803300858899106, -0.2499999999999999], [0.14161124370659578, 0.25892583916218287, 0.48349102884758094]]
9	[[-0.30792515101507295, 0.09349718223056193, 0.9468053539599837], [0.3027085282091916, -0.9338174967034747, 0.1906631317268273], [0.9019698710720718, 0.34531602882779927, 0.2592434992682147]]	0.6529382606949162	0.3470617393050839	[[-0.20105611252800115, 0.06104788754549874, 0.6182054410312664], [0.19764997990642755, -0.6097251721040474, 0.12449125360836033], [0.5889306388170163, 0.22547004725289888, 0.16926999950865187]]	0.8156667843068761	0.29353842944931463	[[-0.21635569764689982, 0.07046716647282111, 0.7191948786043603], [0.2508714472941394, -0.8461964052371924, 0.12044327712396667], [0.6587016748370839, 0.24569913549422434, 0.1458885311740787]]	[[0.034808620088773945, -0.005795379498935344, -0.053082799824713194], [0.003962155507480808, -0.08451249057157224, -0.03507430641753288], [-0.07700518944196079, -0.0359636793093672, -0.06556778022648799]]	0.475316854766314	[[-0.3423012537973713, -0.10025771602859261, 0.5843447915661502], [0.5, -0.8535533905932737, 0.14644660940672619], [0.48408707553755753, 0.34230125379737136, 0.3423012537973713]]
9	[[0.8787972042104137, -0.3840163418041313, 0.28327887866788265], [-0.395223040501579, -0.9183905790867732, -0.018907472103605397], [0.2674214316928388, -0.09534250611366366, -0.9588511794847616]]	0.628064654770776	0.371935345229224	[[0.5519414626759367, -0.24118709114154804, 0.17791745113439622], [-0.24822562249008062, -0.5768086619988673, -0.011875114939339002], [0.16795794917446946, -0.059881258187258764, -0.6022205350196482]]	0.8121707116160691	0.2983501417752121	[[0.6406743523073591, -0.2651938493678638, 0.1595866667286681], [-0.32147291412774087, -0.8537327733349573, -0.03164740821770489], [0.15207497105071557, -0.046027136502625, -0.7389678728748235]]	[[-0.07305899840242458, 0.04669297622739718, -0.0704841417448283], [-0.0004843360765069342, -0.10784284317655865, -0.016291313144458718], [-0.06511688342864529, 0.031407254534968634, 0.03978297190122249]]	0.4908985485240028	[[0.4266479365879619, -0.301685649140596, 0.3016856491405959], [-0.5, -0.8535533905932737, -0.14644660940672619], [0.3016856491405959, -0.08836168084661501, -0.515009617434577]]
9	[[-0.42203838922340475, -0.825029846081567, 0.3757783270710803], [0.2588054115689476, 0.28760896992378115, 0.9221175843470338], [-0.8688517462515349, 0.4864224845687207, 0.09214016247897017]]	0.6045528876124573	0.39544711238754265	[[-0.25514452688831957, -0.4987741758150726, 0.22717787273300005], [0.15646155889373772, 0.17387483327066633, 0.5574688483352229], [-0.5252668321034916, 0.29406811764564605, 0.055703601291742386]]	0.7853068479079283	0.35320173923334114	[[-0.24815085437002832, -0.5286189302387655, 0.2958448472567202], [0.26931260950074404, 0.23919081154553484, 0.8253385211991315], [-0.6177003228314923, 0.3275406012548674, 0.023397702509697537]]	[[0.08327878276714301, 0.119282657617513, 0.0007435537124155871], [0.0660709475200197, 0.013329517944644056, 0.10119326763508908], [0.06461490331659972, -0.054450306853337606, -0.048960598052386874]]	0.5210981848582668	[[-0.08295394597880229, -0.4834910288475809, 0.2832224874131915], [0.25000000000000017, 0.45710678118654735, 0.8535533905932738], [-0.5421483265753745, 0.14161124370659584, 0.08295394597880229]]
9	[[0.034229894132735264, 0.2773841392786001, 0.9601491309293217], [-0.1827544195208179, -0.9427759796974285, 0.2788803941677556], [0.9825625356654255, -0.18501754344446375, 0.018422055382213542]]	0.8050160979519256	0.1949839020480745	[[0.027555615808042055, 0.22329869743581218, 0.7729355068326551], [-0.14712024968611806, -0.758949840418828, 0.22450320670822155], [0.7909786584551305, -0.14894210087631307, 0.014830051140043815]]	0.8891186355068783	0.1699747983626718	[[0.009158495448594851, 0.22075656683882056, 0.8111461270222201], [-0.16698323557126055, -0.8249026799712754, 0.2557390891772682], [0.8418740184801571, -0.15036644756368134, 0.0]]	[[-0.021275941316247625, -0.02587084058781823, -0.042540358152773364], [-0.0044928754540593495, 0.013337012685962435, 0.0077813336452129496], [-0.03174064253086453, 0.014136098208494858, -0.016379392744665846]]	0.3651653915720829	[[0.0, 0.0, 0.9388000000000001], [0.0, -1.0, 0.0], [0.9388000000000001, 0.0, 0.0]]
9	[[-0.3195682178843842, -0.5708200961323295, -0.7563336379995778], [0.910087742671785, 0.03735879733279218, -0.41272826520656647], [0.2638493031197415, -0.8202248094963509, 0.507557688474819]]	0.5966239352665559	0.4033760647334442	[[-0.1906620477403014, -0.34056493208370414, -0.45124675147777876], [0.542980130470697, 0.022289152681516176, -0.2462435617832804], [0.15741880954463852, -0.4893657536449741, 0.3028210654726432]]	0.7144504190386952	0.4592506419934852	[[-0.2423088440968702, -0.39568305126121367, -0.41918076264714443], [0.787625612439773, 0.01691351827728893, -0.21938019621812527], [0.17040790776378817, -0.4191807626471444, 0.3256427530052971]]	[[-0.013993196917922869, 0.01213960561623744, 0.12118212195471467], [0.13741304332593585, -0.009777490131906215, 0.07549368580781995], [-0.018099337413178863, 0.16682919620345743, -0.036982050211848805]]	0.4439537970148777	[[-0.32135241706497225, -0.3213524170649723, -0.4544609465146591], [0.8535533905932738, -0.14644660940672602, -0.5], [0.09412194380764287, -0.5485828903223018, 0.32135241706497225]]
9	[[0.3802729664721569, 0.7767473726770865, -0.5020517802076895], [0.4287143634067757, 0.332951791095048, 0.839849450446521], [0.8195098935212374, -0.5346088512602871, -0.20639019011321075]]	0.6125190441073065	0.3874809558926938	[[0.23292443392337536, 0.4757725582250306, -0.30751627650518537], [0.2625957120689906, 0.20393931281535438, 0.5144237825815497], [0.5019654166161087, -0.3274581025452563, -0.12641792196126908]]	0.7854208426859306	0.33100690517869014	[[0.3417101861037992, 0.48914974845551407, -0.3917194208355671], [0.4049561764765047, 0.3082215610813387, 0.7227133743391931], [0.561253404411443, -0.41381384205972815, -0.06028552860546757]]	[[0.04303587232655917, -0.12092382754660562, 0.0026025114471278678], [0.06823497989799265, 0.046714284745676266, 0.06307811124017079], [-0.08240674674746432, 0.006079092404483851, 0.10181762843535984]]	0.4280571360853075	[[0.3883848923043968, 0.38838489230439693, -0.5492591821176921], [0.5, 0.5000000000000001, 0.7071067811865475], [0.5492591821176921, -0.549259182117692, 0.0]]
9	[[0.8489524140446696, -0.5135124485683378, 0.12483895166604869], [0.522794976890395, 0.7815435453534784, -0.34040431673891397], [0.0772347773085365, 0.35425224329800037, 0.9319550081910795]]	0.7147517296332345	0.2852482703667656	[[0.6067902063147373, -0.3670339108024168, 0.08922885662890806], [0.3736686139759767, 0.5586096008250888, -0.24330457416375817], [0.05520369066911416, 0.2532024036236991, 0.6661164540449293]]	0.8634544192359431	0.22892114873939187	[[0.6875393403646273, -0.43112714161995386, 0.054172893584783284], [0.49528089743603876, 0.6663478185961127, -0.3102267240245943], [0.022261905920242468, 0.2643178780776629, 0.7621090595591062]]	[[-0.045492373263264926, 0.012267451429047315, -0.053619850924048765], [0.04387126428567435, -0.00847940946467518, -0.01630311240938727], [-0.04442680386551733, -0.04156278692224214, -0.042591610792550985]]	0.44751704391374514	[[0.6638318461779309, -0.6638318461779308, 0.0], [0.7071067811865475, 0.7071067811865476, 0.0], [0.0, 0.0, 0.9388000000000001]]
9	[[0.22433838825039393, -0.7661379269479729, -0.6022499185961573], [-0.9416906372873723, -0.011392912655017143, -0.3362869982418849], [0.2507808429735371, 0.642575192824231, -0.724020780340167]]	0.5822935725154856	0.4177064274845143	[[0.13063080154668796, -0.44611719052214327, -0.35068625664651687], [-0.5483404053904487, -0.006634019811246852, -0.19581775759677605], [0.14602807297350592, 0.37416740463944853, -0.4215926467597255]]	0.726667963579147	0.4532205352542269	[[0.2033763239648038, -0.47018655291338246, -0.3473244755961363], [-0.8122042149787325, 0.042476104366727566, -0.2053899635267411], [0.15954071772947478, 0.3473244755961362, -0.39488706683571384]]	[[0.040356804222262066, 0.08654133428265022, 0.09031124631584038], [-0.12790779725956855, 0.05075496900498385, 0.03897902466383363], [-0.02269368673876727, -0.11961433121992542, 0.13123563920306017]]	0.4483837349739576	[[0.10025771602859272, -0.58434479156615, -0.3423012537973713], [-0.8535533905932738, 0.14644660940672602, -0.5], [0.3423012537973713, 0.34230125379737136, -0.48408707553755753]]
9	[[0.5319609947059123, -0.8460851799387872, 0.03402011756955908], [-0.703274286200726, -0.4190807785627857, 0.5742617690636116], [-0.47161719485230363, -0.3294103357928521, -0.8179645788128509]]	0.6288210291812792	0.37117897081872075	[[0.3345082601752688, -0.532036153624136, 0.021392565342958268], [-0.4422336604454701, -0.2635268064859426, 0.36110787664204236], [-0.2965628098466135, -0.2071401463762121, -0.5143533282829285]]	0.7441851900319216	0.3411458478427258	[[0.4143285006439108, -0.564038913865239, 0.03273110552392619], [-0.6038401890188425, -0.3755965755419781, 0.5640988029388785], [-0.28483153705582553, -0.30793838013561764, -0.559215786379692]]	[[0.018451006709121375, 0.06560514655070009, 0.007413837865515541], [-0.08047388069799127, -0.06372286670850572, 0.1367416992002072], [0.06613899471765791, -0.06279608679513489, 0.04950133914353021]]	0.42024547797833967	[[0.5156445201720894, -0.5156445201720893, 0.0], [-0.5, -0.5000000000000001, 0.7071067811865475], [-0.3646157368953678, -0.36461573689536786, -0.5156445201720894]]
9	[[-0.5446221603179724, 0.8109226453022452, -0.2139887049042392], [-0.8354447797583356, -0.5021691245819775, 0.22328947644507607], [0.07361197229480154, 0.30038414347728, 0.9509735242804028]]	0.656498438448997	0.34350156155100303	[[-0.35754359779346817, 0.5323694503438539, -0.14048325061535627], [-0.5484681933217137, -0.329673246125368, 0.14658919260828654], [0.048326144862688034, 0.19720172112767378, 0.6243126336964236]]	0.7910916982809562	0.30666414838651584	[[-0.46729993667117403, 0.6066989019264498, -0.10265515217533809], [-0.7342633443399653, -0.40388078300108554, 0.09844375775911997], [0.07315029870186504, 0.10597298998410493, 0.7284848681080192]]	[[-0.03645386694378626, -0.03481527072018858, 0.06662953580029891], [-0.0733499147009843, -0.006618957411268022, -0.07819869337008081], [0.014916478525359784, -0.13165841221600688, -0.0238223922351907]]	0.42044366348342416	[[-0.6232053371918416, 0.6232053371918415, 0.0], [-0.7071067811865475, -0.7071067811865476, 0.0], [0.0, 0.0, 0.8813454400000001]]
9	[[-0.8305561570912853, 0.32773595720904825, 0.4502950280316503], [-0.5100865793185324, -0.772219296347621, -0.37879947194723407], [0.22358030216652452, -0.5443036842615101, 0.808545204538665]]	0.5934028469545066	0.4065971530454933	[[-0.49285438817356314, 0.19447945005720962, 0.26720635160344064], [-0.3026868283609029, -0.4582371289258842, -0.22478068507835247], [0.13267318782856452, -0.3229913558486071, 0.4797930262646577]]	0.7514752232115521	0.3946287209534392	[[-0.5430922932289332, 0.22096433352428865, 0.2337591362483925], [-0.4562963063585068, -0.6762671370591604, -0.2575625955794242], [0.13899848252307034, -0.3544681030645509, 0.5299654992177905]]	[[0.08105008031096914, -0.025321118073832544, -0.10462642045274398], [-0.07297888030789557, -0.09596346896806428, 0.0270958221545416], [-0.029016574953224954, 0.05456262956073758, -0.07763618883953273]]	0.49622972523928444	[[-0.5156445201720894, 0.36461573689536786, 0.3646157368953678], [-0.7071067811865475, -0.5000000000000001, -0.5], [0.0, -0.5156445201720893, 0.5156445201720894]]
9	[[0.08740825448676931, -0.06334395238859675, -0.994156597696443], [0.7119981850616444, -0.6940087028176986, 0.10681996481098455], [-0.6967197295301035, -0.717174639895393, -0.015561310176609944]]	0.6975384447447481	0.3024615552552519	[[0.0609706178925542, -0.04418484203312714, -0.693462446989907], [0.4966461066689828, -0.4840977512027775, 0.07451103212194288], [-0.4859887965594099, -0.5002568829230073, -0.01085461209878312]]	0.8759813338720941	0.2067362269301283	[[0.05065547970565165, -0.050655479705651665, -0.791239560925525], [0.6786503179378273, -0.6654264683850679, 0.09222509400816443], [-0.5683687360611422, -0.5792000669020737, 0.0]]	[[-0.02591251965109997, 0.004832640200441731, 0.07962306160234803], [0.054953198073017795, -0.0574877991719787, -0.0013472012511319496], [0.04194474194764246, 0.0490315307727316, 0.013631417245304173]]	0.2211117689851474	[[0.0, 0.0, -0.8274070990720002], [0.7071067811865475, -0.7071067811865476, 0.0], [-0.585065170555701, -0.5850651705557008, 0.0]]
9	[[0.04673222253661188, -0.9725397674033924, -0.22799671093185395], [-0.8377629715199755, -0.16246744520517667, 0.5213036857710898], [-0.5440306084466285, 0.16664552219444034, -0.8223502702654952]]	0.5797837344958398	0.42021626550416014	[[0.027094582503567485, -0.5638627382908543, -0.13218878451683877], [-0.4857213442501833, -0.09419598211505556, 0.3022433977428082], [-0.3154200978452303, 0.09661836319490198, -0.47678531075819197]]	0.7350333640105984	0.42749991059979975	[[-0.011654403603994123, -0.7589450795186223, -0.12355316131725809], [-0.679897225911386, -0.1481522132408828, 0.2767653867428147], [-0.2623559682958657, 0.023907332510837487, -0.5470409440588248]]	[[-0.046004146342771945, -0.0440959026500219, 0.044032028102334475], [-0.06411349071154325, -0.02873322044951411, -0.10641021508063332], [0.13752467995539236, -0.09858268626504485, 0.0574139414894471]]	0.43213341780622344	[[-0.10025771602859272, -0.58434479156615, -0.3423012537973713], [-0.8535533905932738, -0.14644660940672602, 0.5], [-0.3423012537973713, 0.34230125379737136, -0.48408707553755753]]
