9	[[0.8489524140446696, -0.5135124485683378, 0.12483895166604869], [0.522794976890395, 0.7815435453534784, -0.34040431673891397], [0.0772347773085365, 0.35425224329800037, 0.9319550081910795]]	0.7862267466710677	0.21377325332893235	[[0.6674690945728897, -0.40373722181297816, 0.09815172282622413], [0.41103539385651133, 0.6144704390450374, -0.26763497850242407], [0.060724047693155064, 0.27852258874911445, 0.7327279541338807]]	0.8924223805771492	0.18128219385200747	[[0.7280353659260251, -0.4621281995945472, 0.06246903877998675], [0.508007127563822, 0.6665795664944391, -0.2969410049776197], [0.02272926492666499, 0.2808018294323676, 0.8099614749250346]]	[[-0.02958876841243646, -0.003858197787190347, -0.048940035654584095], [0.041453189733520156, -0.03088738477461724, 0.006843425725259811], [-0.046196778902365135, -0.03534080085642939, -0.021736032075644916]]	0.4161160008194881	[[0.571574031785202, -0.312604218155287, 0.3348203159195008], [0.573223304703363, 0.7803300858899106, -0.2499999999999999], [-0.18311931134032938, 0.3348203159195008, 0.625208436310574]]
9	[[0.5319609947059123, -0.8460851799387872, 0.03402011756955908], [-0.703274286200726, -0.4190807785627857, 0.5742617690636116], [-0.47161719485230363, -0.3294103357928521, -0.8179645788128509]]	0.7360184862642596	0.2639815137357407	[[0.3915331260750753, -0.6227343333891696, 0.025039435436079033], [-0.5176228755580362, -0.3084512002602288, 0.4226672779856352], [-0.3471189738513889, -0.24245209671005646, -0.6020370511156171]]	0.8043035507102869	0.2402519219341009	[[0.4620410935617472, -0.6616317513763788, 0.004820583794164668], [-0.6050715631708719, -0.383655650076142, 0.5515276970697636], [-0.33168494472846366, -0.32486760974820017, -0.6578918150944203]]	[[0.03418297668040571, 0.018877563051739817, -0.022541917562613107], [-0.03942555765638534, -0.046587491843661885, 0.08964691717472999], [0.04763843966726937, -0.05992170702934123, 9.166765470004264e-18]]	0.3527076972607971	[[0.5947995540596146, -0.5947995540596145, 0.0], [-0.5, -0.5000000000000001, 0.7071067811865475], [-0.42058679812228783, -0.42058679812228794, -0.5947995540596146]]
9	[[0.04673222253661188, -0.9725397674033924, -0.22799671093185395], [-0.8377629715199755, -0.16246744520517667, 0.5213036857710898], [-0.5440306084466285, 0.16664552219444034, -0.8223502702654952]]	0.7042055131712838	0.2957944868287161	[[0.03290908875302939, -0.684867865983787, -0.1605565408231311], [-0.589957303275124, -0.11441047062433884, 0.36710492955651186], [-0.38310935380204375, 0.11735269547463248, -0.579103594078857]]	0.7735792880110696	0.3735553073840576	[[-0.013778158222359452, -0.8171848806886666, -0.13621251501898404], [-0.6867141374103437, -0.1585193336546443, 0.2800258287465843], [-0.2833053291572777, 0.04816429957634523, -0.5928572099798768]]	[[-0.04992923765940663, -0.06484825985829926, 0.0401610182925452], [-0.0386380543798832, -0.03283788306784618, -0.12324390532976164], [0.1375454815810942, -0.08074922483306281, 0.043295926587815524]]	0.30315773314688027	[[0.10726880905074375, -0.7010589386001596, -0.18311931134032935], [-0.8535533905932738, -0.2500000000000001, 0.4571067811865474], [-0.3662386226806587, 0.10726880905074362, -0.625208436310574]]
9	[[0.08740825448676931, -0.06334395238859675, -0.994156597696443], [0.7119981850616444, -0.6940087028176986, 0.10681996481098455], [-0.6967197295301035, -0.717174639895393, -0.015561310176609944]]	0.8068748676901668	0.1931251323098334	[[0.07052752377404042, -0.05111064320252122, -0.8021599732296241], [0.574493441367253, -0.5599781802618548, 0.08619034497353142], [-0.5621656395817309, -0.5786701926763383, -0.012556030089837786]]	0.9209702526613667	0.13402816428475897	[[0.05554352093576514, -0.05554352093576515, -0.8646011045603753], [0.684327330021721, -0.6718943119947941, 0.090206929137293], [-0.6267167452429937, -0.6375431701766207, 0.0]]	[[-0.02495688128360383, 0.002794374900130368, 0.050987548405082364], [0.02859818163106403, -0.03273294161159111, -0.008171080843957719], [0.014941400096504846, 0.022953339130164153, 0.014331503765094357]]	0.1659627802637844	[[0.0, 0.0, -0.9014286959999999], [0.7071067811865475, -0.7071067811865476, 0.0], [-0.6374063436977468, -0.6374063436977467, 0.0]]
9	[[-0.5446221603179724, 0.8109226453022452, -0.2139887049042392], [-0.8354447797583356, -0.5021691245819775, 0.22328947644507607], [0.07361197229480154, 0.30038414347728, 0.9509735242804028]]	0.7485515619171421	0.25144843808285794	[[-0.4076777687607063, 0.6070174127349763, -0.16018157928869467], [-0.6253734947836249, -0.37589948255240313, 0.16714368635262264], [0.055102356837075095, 0.22485301977506086, 0.7118527169419449]]	0.8311200935791347	0.19919314049555079	[[-0.4698000475726908, 0.6568204781250946, -0.11488181372821307], [-0.7586245371172222, -0.4567618113953882, 0.20597286361859365], [0.0467647714494175, 0.19050211007361365, 0.8075268312151552]]	[[-0.017153626723947008, -0.017153626723947005, 0.06296849871667608], [-0.06426959358427484, -0.03939896158026287, 0.020392493060326033], [-0.014415617852782617, -0.059153187362911544, 0.017153626723947008]]	0.38584147408015296	[[-0.36623862268065865, 0.5179396272598303, -0.3662386226806587], [-0.8535533905932737, -0.49999999999999983, 0.14644660940672619], [-0.10726880905074354, 0.3662386226806587, 0.625208436310574]]
9	[[0.8787972042104137, -0.3840163418041313, 0.28327887866788265], [-0.395223040501579, -0.9183905790867732, -0.018907472103605397], [0.2674214316928388, -0.09534250611366366, -0.9588511794847616]]	0.7316416548901726	0.26835834510982726	[[0.6429646408013642, -0.2809623518224449, 0.20725862758400213], [-0.28916163940330103, -0.6719328031185908, -0.013833494179671618], [0.19565665883684782, -0.06975654895437729, -0.701535463751625]]	0.8358495287037729	0.26102275561092975	[[0.6845438944049347, -0.30737336084676403, 0.13624999585056993], [-0.35818906540113893, -0.8404809665255968, -0.026923948669413226], [0.12511887013512746, -0.05199715891125612, -0.8014553064693948]]	[[-0.04999833456053301, 0.013606517464766061, -0.10052852137571305], [-0.027842073265021906, -0.07284463382993225, -0.01112014702263492], [-0.09840520751062001, 0.02769482988928623, 0.0]]	0.3887667847727167	[[0.5361693863973399, -0.37912900898618923, 0.3791290089861891], [-0.5, -0.8535533905932737, -0.14644660940672619], [0.3791290089861891, -0.11104431578751929, -0.6472137021848592]]
9	[[0.22433838825039393, -0.7661379269479729, -0.6022499185961573], [-0.9416906372873723, -0.011392912655017143, -0.3362869982418849], [0.2507808429735371, 0.642575192824231, -0.724020780340167]]	0.704211470411938	0.2957885295880621	[[0.15798166625965415, -0.5395231160743859, -0.4241113007300698], [-0.6631493483572953, -0.008023019773064438, -0.23681716151233456], [0.17660274618153982, 0.4525088213889864, -0.5098637383321479]]	0.7537964972339072	0.4038583029929007	[[0.18731795772230195, -0.512454067491934, -0.3867181665130388], [-0.8427246071790832, 0.03285283439909295, -0.17088348239141843], [0.14880193936023403, 0.38671816651303875, -0.44124176669630744]]	[[0.018212466464054614, 0.06505801823949493, 0.0672557125841503], [-0.13288150331389617, 0.041440772051736845, 0.08260847894861954], [-0.04023578164658466, -0.0976527630472691, 0.10452256144867052]]	0.3684067118111606	[[0.11899866237533642, -0.693575031596924, -0.40628684698613005], [-0.8535533905932738, 0.14644660940672602, -0.5], [0.40628684698613005, 0.40628684698613016, -0.5745763692215877]]
9	[[-0.30792515101507295, 0.09349718223056193, 0.9468053539599837], [0.3027085282091916, -0.9338174967034747, 0.1906631317268273], [0.9019698710720718, 0.34531602882779927, 0.2592434992682147]]	0.7568379822946049	0.24316201770539525	[[-0.2330494499920093, 0.07076221874960947, 0.7165782537168031], [0.22910131171321402, -0.7067485500364566, 0.14430109991410245], [0.6826450573127116, 0.2613482865120173, 0.19620532690914852]]	0.8387201668831116	0.27299790569649673	[[-0.2451853110650944, 0.0754013425290578, 0.7337377394953015], [0.24526406424429886, -0.8494093213493616, 0.11829399452104061], [0.6712683641777633, 0.25744801435030906, 0.1697839685360366]]	[[0.013077722981774946, -0.0030166297544598143, -0.060367004983839435], [-0.00862368305225542, -0.06619775467585384, -0.04161901913934067], [-0.08523195661134345, -0.032175502975556075, -0.04764878243356224]]	0.37378314842813454	[[-0.3662386226806587, 0.10726880905074362, 0.625208436310574], [0.14644660940672619, -0.9571067811865475, 0.2499999999999999], [0.625208436310574, 0.18311931134032933, 0.3348203159195008]]
9	[[-0.8305561570912853, 0.32773595720904825, 0.4502950280316503], [-0.5100865793185324, -0.772219296347621, -0.37879947194723407], [0.22358030216652452, -0.5443036842615101, 0.808545204538665]]	0.7122502938313464	0.28774970616865375	[[-0.5915638669317016, 0.2334300318212422, 0.32072276602633726], [-0.36330931599905103, -0.5500134207258286, -0.2698000351975763], [0.15924513591300832, -0.3876804590487449, 0.5758865595085902]]	0.7828232409415405	0.3693023846819654	[[-0.6245339103832073, 0.2482243537062924, 0.19844968949135938], [-0.5647347675669697, -0.6273253227729738, -0.3048045549735798], [0.1798687070774132, -0.27922977801755927, 0.6039945482082757]]	[[0.02564475229494392, -0.008334970489172762, -0.1540517237322389], [-0.1654271383840519, -0.022814110488533178, -0.008271524676901797], [0.004844850324725503, 0.1468637961524571, -0.02895342925642294]]	0.4340987320043985	[[-0.5947995540596146, 0.42058679812228794, 0.42058679812228783], [-0.7071067811865475, -0.5000000000000001, -0.5], [0.0, -0.5947995540596145, 0.5947995540596146]]
9	[[0.034229894132735264, 0.2773841392786001, 0.9601491309293217], [-0.1827544195208179, -0.9427759796974285, 0.2788803941677556], [0.9825625356654255, -0.18501754344446375, 0.018422055382213542]]	0.8609681546222159	0.1390318453777841	[[0.029470848784374892, 0.2388189105161681, 0.8266578254183427], [-0.15734573532389282, -0.8117000954622466, 0.24010713832692876], [0.8459550531327866, -0.1592942129521156, 0.015860803026772657]]	0.911717353955862	0.13430020204090407	[[0.009067269098986409, 0.23275125818468365, 0.8483881600576658], [-0.16537911868373667, -0.826315557375707, 0.2539322182730431], [0.8810057711809419, -0.15776116487314545, 0.0]]	[[-0.022140719405900275, -0.020144675307725915, -0.026996464996235762], [0.0012412571055229853, 0.03322966420717788, -0.00032787676775087584], [-0.014813543932102172, 0.010922540271454744, -0.01679570758750008]]	0.31112588373986916	[[-0.05363440452537179, 0.20533540910454343, 0.7010589386001596], [-0.2803300858899109, -0.9267766952966368, 0.25000000000000017], [0.7010589386001596, -0.18311931134032947, 0.10726880905074375]]
9	[[0.3802729664721569, 0.7767473726770865, -0.5020517802076895], [0.4287143634067757, 0.332951791095048, 0.839849450446521], [0.8195098935212374, -0.5346088512602871, -0.20639019011321075]]	0.7128281781909214	0.28717182180907885	[[0.2710692859056049, 0.5536874145799922, -0.3578766558429563], [0.30559967863153253, 0.23733741867168734, 0.5986683537164402], [0.5841697444081797, -0.38108425348861175, -0.14712074321487792]]	0.8316657537405692	0.2686014128909686	[[0.3468839176105121, 0.5632948129826666, -0.4239633547905031], [0.4059237665680622, 0.29380428514061274, 0.7157739530205116], [0.6302970754468927, -0.4239633547905031, -0.07668176077915934]]	[[0.0306239143222835, -0.08269937618082941, -0.006424082587280517], [0.04937671238595775, 0.016899682840277052, 0.017299926786302783], [-0.05126123784630084, 0.02065251844926343, 0.09496589224600346]]	0.39058822211207744	[[0.43539006016799986, 0.43539006016799997, -0.6157345280120234], [0.5, 0.5000000000000001, 0.7071067811865475], [0.6157345280120234, -0.6157345280120233, 0.0]]
9	[[0.8592155572171323, 0.2624339665249735, -0.4391776855101157], [-0.4266000482917053, 0.8413623931712975, -0.33184593135155627], [0.2824199444684594, 0.4724804086637203, 0.8348660002631537]]	0.7392816151312454	0.26071838486875476	[[0.6352022648853746, 0.19401260663788156, -0.32467598867352054], [-0.3153775727161591, 0.6220037489343667, -0.2453275961043109], [0.20878787269191926, 0.3492960796347859, 0.617201085092707]]	0.805319724558753	0.25169450183142894	[[0.7018838806852328, 0.16326458016591486, -0.2969778681551819], [-0.344549938776024, 0.7463161050966636, -0.39986101591492157], [0.2256303113013776, 0.38120941657072427, 0.6732058830043096]]	[[0.009940644810536418, -0.048078669470837845, 0.05670058457217521], [-0.0010005053889972258, 0.06875037437386093, -0.1326189418829434], [-0.0018080405878604967, 0.0007116240062498573, 0.0008718256289188082]]	0.34875309932727205	[[0.571574031785202, 0.312604218155287, -0.3348203159195008], [-0.573223304703363, 0.7803300858899106, -0.2499999999999999], [0.18311931134032938, 0.3348203159195008, 0.625208436310574]]
9	[[-0.42203838922340475, -0.825029846081567, 0.3757783270710803], [0.2588054115689476, 0.28760896992378115, 0.9221175843470338], [-0.8688517462515349, 0.4864224845687207, 0.09214016247897017]]	0.7002830609126949	0.29971693908730523	[[-0.2955463350280292, -0.5777544259583292, 0.2631511971059879], [0.18123704579427236, 0.20140768980417273, 0.6457433244879611], [-0.6084421603443649, 0.34063342639054184, 0.06452419501376627]]	0.8318574102595421	0.2773727280888999	[[-0.2696472728018425, -0.6011328475341574, 0.32180452968273066], [0.26131759308814234, 0.2343457984682572, 0.8297764452888939], [-0.6990663303158599, 0.3578523276885019, 0.02348650256478154]]	[[0.08142848868764761, 0.08517434361408366, 0.009210543693718626], [0.04602839365924262, -0.004903854419953965, 0.06270609961918558], [0.023694433220422802, -0.0467818206168463, -0.05316097437586801]]	0.406909107192679	[[-0.10726880905074375, -0.6252084363105739, 0.3662386226806587], [0.25000000000000017, 0.45710678118654735, 0.8535533905932738], [-0.7010589386001596, 0.18311931134032947, 0.10726880905074375]]
9	[[-0.3195682178843842, -0.5708200961323295, -0.7563336379995778], [0.910087742671785, 0.03735879733279218, -0.41272826520656647], [0.2638493031197415, -0.8202248094963509, 0.507557688474819]]	0.7136197442742612	0.2863802557257389	[[-0.2280501899248357, -0.4073484910285623, -0.5397346173352803], [0.6494565821925787, 0.026659975399021152, -0.2945310390714694], [0.18828807221925192, -0.5853286188001905, 0.36220318785383543]]	0.7744978722904712	0.25109702095171005	[[-0.2902032324279978, -0.46070174535590447, -0.565642415173164], [0.7705038832023362, 0.0059177355580688346, -0.3228330238936543], [0.187104668586741, -0.6026297071208556, 0.4155250385341148]]	[[-0.042698327624884555, -0.018602795440773028, 0.020136378199220505], [0.06564286290540075, -0.023016573487509705, -0.0031758606570314336], [-0.0172460552848224, 0.03263266263392511, 0.022422688745697774]]	0.33958371084372047	[[-0.3924730941886016, -0.3924730941886017, -0.5550407726680537], [0.8535533905932738, -0.14644660940672602, -0.5], [0.11495270785457498, -0.6699934805226285, 0.3924730941886016]]
