9	[[-0.8305561570912853, 0.32773595720904825, 0.4502950280316503], [-0.5100865793185324, -0.772219296347621, -0.37879947194723407], [0.22358030216652452, -0.5443036842615101, 0.808545204538665]]	0.5780059188009683	0.42199408119903176	[[-0.4800663746953496, 0.18943332307073074, 0.2602731914089418], [-0.2948330619470513, -0.44634732390124393, -0.21894833682418258], [0.12923073797956017, -0.3146107511283263, 0.4673439138414878]]	0.7455086450652355	0.40164986862621166	[[-0.5353739574468336, 0.21721173944398095, 0.23288369028643413], [-0.4561014656632768, -0.6756942561576683, -0.25767680787803277], [0.1383110494655664, -0.3501833681980526, 0.5221427718994868]]	[[0.08381283787687954, -0.02711824995409462, -0.10281514594105376], [-0.07582751104955693, -0.09999809484432384, 0.02472147320477641], [-0.02836999866587523, 0.05559973395976146, -0.08063466801012714]]	0.5063891049492169	[[-0.5036735571541714, 0.3561509877680647, 0.35615098776806464], [-0.7071067811865475, -0.5000000000000001, -0.5], [0.0, -0.5036735571541713, 0.5036735571541714]]
9	[[-0.30792515101507295, 0.09349718223056193, 0.9468053539599837], [0.3027085282091916, -0.9338174967034747, 0.1906631317268273], [0.9019698710720718, 0.34531602882779927, 0.2592434992682147]]	0.6397774451081776	0.36022255489182253	[[-0.19700356640097316, 0.05981738837228262, 0.6057447103712622], [0.19366608879013336, -0.5974353722382632, 0.12198197129251351], [0.5770599796790423, 0.22092540667835125, 0.16585814362272214]]	0.8119261642059884	0.2968181049248552	[[-0.21140205710060028, 0.06985801444637765, 0.717211392609358], [0.25193323506783727, -0.8454858911574092, 0.12109682207793804], [0.6570670348556404, 0.2439954756597672, 0.14154404265422263]]	[[0.038610429625617684, -0.006054794086150778, -0.05152464668106461], [0.006156260886508086, -0.08729503299051855, -0.03370756312052596], [-0.07526590279327662, -0.03637564306523233, -0.06894253730195693]]	0.47888170496664445	[[0.0, 0.0, 0.9343999999999999], [0.0, -1.0, 0.0], [0.9343999999999999, 0.0, 0.0]]
9	[[0.8489524140446696, -0.5135124485683378, 0.12483895166604869], [0.522794976890395, 0.7815435453534784, -0.34040431673891397], [0.0772347773085365, 0.35425224329800037, 0.9319550081910795]]	0.7064909107919956	0.2935090892080046	[[0.5997771642174818, -0.3627918774920727, 0.08819758466486464], [0.36934989938077534, 0.5521534111803842, -0.24049255577040227], [0.0545656681655249, 0.25027599001771184, 0.6584177425540774]]	0.8592221434390243	0.23672197906648845	[[0.6804237642342926, -0.4263806806045006, 0.0540722199918532], [0.4942900153344858, 0.6656844367079893, -0.31281915167748764], [0.02216054646980892, 0.2624284139162735, 0.7538101942587048]]	[[-0.04901494863890216, 0.01484058613700837, -0.05319217164332992], [0.0450929947115655, -0.005835083521560733, -0.020336225013181414], [-0.04420128443726753, -0.0419529578883171, -0.046946185467967895]]	0.4491332246894925	[[0.66072057634071, -0.6607205763407099, 0.0], [0.7071067811865475, 0.7071067811865476, 0.0], [0.0, 0.0, 0.9343999999999999]]
9	[[-0.42203838922340475, -0.825029846081567, 0.3757783270710803], [0.2588054115689476, 0.28760896992378115, 0.9221175843470338], [-0.8688517462515349, 0.4864224845687207, 0.09214016247897017]]	0.5905740679738753	0.4094259320261246	[[-0.24924492836480794, -0.48724123240025147, 0.22192493527478535], [0.1528437647239264, 0.1698543993536634, 0.5445787329380709], [-0.5131213102499744, 0.28726850546570903, 0.054415590578979246]]	0.7757699210969988	0.3647853954758094	[[-0.24444978009129686, -0.5178596971519923, 0.2925765809279807], [0.27138962661030075, 0.23654314038506366, 0.8265897502235156], [-0.6035533936894231, 0.31914038762610664, 0.026563806698126052]]	[[0.0829549078164483, 0.12217364144537408, 0.0010590577860864602], [0.07061617289798193, 0.013424752480502747, 0.11123866457246187], [0.0704756569451198, -0.05821154484757598, -0.044915759878049306]]	0.5391139787128619	[[-0.0795197102774224, -0.46347483633288666, 0.27149727330515444], [0.25000000000000017, 0.45710678118654735, 0.8535533905932738], [-0.5197037627080415, 0.1357486366525773, 0.0795197102774224]]
9	[[-0.5446221603179724, 0.8109226453022452, -0.2139887049042392], [-0.8354447797583356, -0.5021691245819775, 0.22328947644507607], [0.07361197229480154, 0.30038414347728, 0.9509735242804028]]	0.642798510172054	0.3572014898279459	[[-0.3500823132590782, 0.5212598682650643, -0.13755162070609228], [-0.537022659759678, -0.32279356513569973, 0.14353014279599285], [0.04731766612192496, 0.1930864799065041, 0.6112843646205106]]	0.7856965725599726	0.31252926911412177	[[-0.46117903644528163, 0.6026030783726524, -0.09897007760637458], [-0.7337758191639961, -0.4015110983977977, 0.09991283843631771], [0.07222093556660482, 0.1029136456780523, 0.7230422337632694]]	[[-0.03327127174324279, -0.03453606465258811, 0.06916011440343359], [-0.07736971914475067, -0.006958538368296138, -0.07552493789528933], [0.014384261235199609, -0.13309714630340966, -0.024134404859120998]]	0.42387031594563446	[[-0.6173773065327594, 0.6173773065327592, 0.0], [-0.7071067811865475, -0.7071067811865476, 0.0], [0.0, 0.0, 0.8731033599999998]]
9	[[0.3802729664721569, 0.7767473726770865, -0.5020517802076895], [0.4287143634067757, 0.332951791095048, 0.839849450446521], [0.8195098935212374, -0.5346088512602871, -0.20639019011321075]]	0.5998109644452528	0.40018903555474733	[[0.22809189477212177, 0.46590159073575954, -0.3011361624878303], [0.2571475757865507, 0.19970813493049505, 0.5037509088611433], [0.4915510196053999, -0.3206642506754015, -0.12379509898384401]]	0.7777061088200183	0.3406312525758875	[[0.34065145512821476, 0.47778174757787134, -0.3853960970014965], [0.4035367562812212, 0.31143846511593776, 0.7254652798144602], [0.5504559872134476, -0.413325694763791, -0.05685939493589252]]	[[0.04491084608370839, -0.1262994291629982, 0.00505263940998877], [0.07012297692088643, 0.052499823238752456, 0.07230923171306551], [-0.08688186321646146, 0.002442874690586791, 0.10365151671567642]]	0.4350188746942787	[[0.3811547386216445, 0.3811547386216446, -0.539034200721502], [0.5, 0.5000000000000001, 0.7071067811865475], [0.539034200721502, -0.5390342007215019, 0.0]]
9	[[0.8787972042104137, -0.3840163418041313, 0.28327887866788265], [-0.395223040501579, -0.9183905790867732, -0.018907472103605397], [0.2674214316928388, -0.09534250611366366, -0.9588511794847616]]	0.6172157870034276	0.3827842129965725	[[0.5424075080131423, -0.23702094862881412, 0.17484419603844567], [-0.24393789998506962, -0.5668451640475762, -0.011669990274672146], [0.16505672942387883, -0.05884689994582401, -0.5918180853648518]]	0.8085322446615221	0.3143796393908635	[[0.6248137321253052, -0.2412143810750818, 0.1801991802053049], [-0.3215626420875485, -0.8591702743114389, -0.018430391655058227], [0.16381991583601496, -0.05563467906218139, -0.718062625969496]]	[[-0.08572214399721058, 0.06927521375051876, -0.04884092742923721], [-0.0020120700088551297, -0.11662187792641507, -0.003143090794255045], [-0.05239893460119388, 0.021452811417553983, 0.05719947047566644]]	0.5004231754573366	[[0.6173773065327594, -0.6173773065327592, 0.0], [-0.7071067811865475, -0.7071067811865476, 0.0], [0.0, 0.0, -0.8731033599999998]]
9	[[0.8592155572171323, 0.2624339665249735, -0.4391776855101157], [-0.4266000482917053, 0.8413623931712975, -0.33184593135155627], [0.2824199444684594, 0.4724804086637203, 0.8348660002631537]]	0.5968213660727838	0.4031786339272163	[[0.512798202609317, 0.1566261984053339, -0.2621106262148306], [-0.2546040235881711, 0.5021430528547604, -0.19805274207493095], [0.1685542570638657, 0.2819864029413087, 0.49826586676477647]]	0.7586286714220216	0.398052068690764	[[0.5430444829153179, 0.25826225247919327, -0.257769172951287], [-0.32726086857044884, 0.7366288155751567, -0.3085734168062738], [0.19296726293443742, 0.2740351463062286, 0.5476293863978186]]	[[-0.1087810737214471, 0.059172321118341295, 0.07540361112545046], [-0.0036298407063422022, 0.09834718105916265, -0.05682557878823927], [-0.02128460432075109, -0.08440203839126337, -0.08572389819723496]]	0.5065452561984853	[[0.4237149811941755, 0.23173741816644336, -0.24820648940288706], [-0.573223304703363, 0.7803300858899106, -0.2499999999999999], [0.13574863665257725, 0.24820648940288703, 0.4634748363328867]]
9	[[0.034229894132735264, 0.2773841392786001, 0.9601491309293217], [-0.1827544195208179, -0.9427759796974285, 0.2788803941677556], [0.9825625356654255, -0.18501754344446375, 0.018422055382213542]]	0.7963897995512188	0.20361020044878145	[[0.027260338527028475, 0.22090589907877167, 0.7646529739200795], [-0.14554375552928353, -0.7508171734929393, 0.22209750121002378], [0.7825027808251253, -0.1473460843371954, 0.014671136993162493]]	0.8853415912923941	0.1760269144903455	[[0.009171295841532772, 0.21884962649888082, 0.8051678268336814], [-0.16725450372983716, -0.8246610765068743, 0.2560511033791653], [0.8355972112443824, -0.14918546908200073, 0.0]]	[[-0.02113385309971325, -0.026730088769306062, -0.04489213262129346], [-0.00545441513555852, 0.010017709590692966, 0.009146691426434449], [-0.03430626762593497, 0.014618257248130434, -0.016309811826965552]]	0.3671964270427477	[[0.0, 0.0, 0.9343999999999999], [0.0, -1.0, 0.0], [0.9343999999999999, 0.0, 0.0]]
9	[[0.08740825448676931, -0.06334395238859675, -0.994156597696443], [0.7119981850616444, -0.6940087028176986, 0.10681996481098455], [-0.6967197295301035, -0.717174639895393, -0.015561310176609944]]	0.6821606000140322	0.31783939998596783	[[0.05962646732687378, -0.04321074856866544, -0.6781744611925146], [0.4856971091305532, -0.4734253931290815, 0.07286837128893903], [-0.4752747487378697, -0.48922828266588875, -0.010615312687080703]]	0.8685219466700986	0.21879589904516156	[[0.05161425712744893, -0.051614257127448944, -0.7786758992310318], [0.6749840401531256, -0.6661629967742875, 0.09575321391177556], [-0.5608997413483295, -0.5684264523785693, 0.0]]	[[-0.024301730214435324, 0.003401355710873151, 0.08477092429520497], [0.05659799043780913, -0.06340120719706999, 0.0029777301309078163], [0.04421663442662045, 0.05445546196580445, 0.013515339407326483]]	0.23042537362762347	[[0.0, 0.0, -0.8158277795839998], [0.7071067811865475, -0.7071067811865476, 0.0], [-0.5768773552242102, -0.5768773552242102, 0.0]]
9	[[-0.3195682178843842, -0.5708200961323295, -0.7563336379995778], [0.910087742671785, 0.03735879733279218, -0.41272826520656647], [0.2638493031197415, -0.8202248094963509, 0.507557688474819]]	0.5790892668792378	0.42091073312076216	[[-0.18505852501257258, -0.33055579098920673, -0.43798469194528217], [0.5270220436995844, 0.021634078558936634, -0.23900650851881017], [0.15279229951020884, -0.47498338360740433, 0.29392120971780356]]	0.7079158574489138	0.46726132827254957	[[-0.2392529605982867, -0.38844827465491155, -0.41305178350399585], [0.7878820828030261, 0.01533267855263809, -0.21846892060098352], [0.1665409286572415, -0.41305178350399585, 0.32100916711539623]]	[[-0.01302555162124159, 0.015644323147677976, 0.1223687923579316], [0.14361653809578298, -0.011114206494465775, 0.07370796315612566], [-0.02024217699806867, 0.16759836581148535, -0.03829896912604394]]	0.46046674402315746	[[-0.3109566240876161, -0.31095662408761615, -0.43975907509445905], [0.8535533905932738, -0.14644660940672602, -0.5], [0.09107708654038674, -0.5308361616348456, 0.3109566240876161]]
9	[[0.5319609947059123, -0.8460851799387872, 0.03402011756955908], [-0.703274286200726, -0.4190807785627857, 0.5742617690636116], [-0.47161719485230363, -0.3294103357928521, -0.8179645788128509]]	0.6157520708968314	0.3842479291031687	[[0.32755608412650383, -0.5209787017024264, 0.02094795784560968], [-0.43304259813658785, -0.25804985727309177, 0.35360287353779685], [-0.2903992644008604, -0.2028350964392693, -0.5036633833242675]]	0.7325917644410318	0.4525677886323656	[[0.45351422922431606, -0.5920612294443887, 0.09300742795941856], [-0.5114294032393163, -0.3535862157722517, 0.3419530249608486], [-0.24946702340245028, -0.10575837103623217, -0.5356076026619762]]	[[0.06380398549890534, 0.027773805394375174, 0.06808457000264395], [0.00378354697448062, -0.04657108876161916, -0.07874641768849094], [0.09603584951512881, 0.13556492808736612, 0.06362651138079566]]	0.4314780894827735	[[0.5036735571541714, -0.5036735571541713, 0.0], [-0.5, -0.5000000000000001, 0.7071067811865475], [-0.35615098776806464, -0.3561509877680647, -0.5036735571541714]]
9	[[0.22433838825039393, -0.7661379269479729, -0.6022499185961573], [-0.9416906372873723, -0.011392912655017143, -0.3362869982418849], [0.2507808429735371, 0.642575192824231, -0.724020780340167]]	0.5629527365648185	0.4370472634351815	[[0.12629190958209993, -0.4312994425614583, -0.33903823976964587], [-0.5301273212583941, -0.006413671356585864, -0.18931368593143744], [0.1411777618299847, 0.3617394632490667, -0.40758947962229236]]	0.719865455109858	0.46158511543990777	[[0.19487295654544176, -0.4649315762162683, -0.3403000717331012], [-0.8159951441196731, 0.04545111372486815, -0.2028313236101291], [0.15462024026980198, 0.3403000717331012, -0.3910303574873311]]	[[0.03337950058895987, 0.08658465124305723, 0.09323884000699646], [-0.13810458493610658, 0.05365247797829893, 0.039250069426793405], [-0.02590822539017716, -0.12226761189161861, 0.1301671910612377]]	0.46156729894864	[[0.09747119706805087, -0.5681037688729085, -0.33278748297047955], [-0.8535533905932738, 0.14644660940672602, -0.5], [0.33278748297047955, 0.3327874829704796, -0.4706325718048577]]
9	[[0.04673222253661188, -0.9725397674033924, -0.22799671093185395], [-0.8377629715199755, -0.16246744520517667, 0.5213036857710898], [-0.5440306084466285, 0.16664552219444034, -0.8223502702654952]]	0.5688188731236026	0.4311811268763973	[[0.026582170161836977, -0.5531989745622883, -0.12968883218814498], [-0.4765353894046732, -0.09241454910087928, 0.2965273750954919], [-0.3094548776413591, 0.09479111814573585, -0.46776835404530903]]	0.7285839733289655	0.43618706730339823	[[-0.010279973709643264, -0.751390960142421, -0.11998730642842861], [-0.6796686912403812, -0.14464135332483768, 0.2744463719788891], [-0.2580258199631817, 0.018254563887313346, -0.5419393932957883]]	[[-0.04432832208786147, -0.042814072187229525, 0.04612744312823715], [-0.06928801674247644, -0.026270176560643996, -0.10536713871124602], [0.13834616235143754, -0.10316069281059231, 0.0572118340823947]]	0.44353220786616654	[[-0.09747119706805087, -0.5681037688729085, -0.33278748297047955], [-0.8535533905932738, -0.14644660940672602, 0.5], [-0.33278748297047955, 0.3327874829704796, -0.4706325718048577]]
