9	[[0.08740825448676931, -0.06334395238859675, -0.994156597696443], [0.7119981850616444, -0.6940087028176986, 0.10681996481098455], [-0.6967197295301035, -0.717174639895393, -0.015561310176609944]]	0.9450154549249755	0.05498454507502456	[[0.08260215137801234, -0.05986101398325573, -0.93949334943877], [0.6728492887617867, -0.6558489500151594, 0.10094651764092245], [-0.6584109121570967, -0.6777411185814003, -0.014705678615777698]]	0.9646105083108625	0.05780919834113975	[[0.06638882062029536, -0.05835988185272688, -0.9409218363769756], [0.6806168182167726, -0.6727124721926727, 0.09014200625236958], [-0.680021732278748, -0.6991113564977874, -0.005677317048279248]]	[[-0.0179261001707524, 0.002742360259256514, 0.01805206466758825], [-0.006184112991951752, -0.003264384595530267, -0.012897654301702683], [-0.007958559826508078, -0.0073171625606327, 0.009333286271163466]]	0.1167184591309582	[[0.0, 0.0, -0.9838873225359998], [0.7071067811865475, -0.7071067811865476, 0.0], [-0.6957133976886813, -0.6957133976886812, 0.0]]
9	[[0.034229894132735264, 0.2773841392786001, 0.9601491309293217], [-0.1827544195208179, -0.9427759796974285, 0.2788803941677556], [0.9825625356654255, -0.18501754344446375, 0.018422055382213542]]	0.9201496240674025	0.07985037593259765	[[0.03149662421810334, 0.25523491147946387, 0.8834808618732589], [-0.16816141041873695, -0.8674949632983658, 0.25661168985322935], [0.9041045478152553, -0.17024382304629762, 0.01695104733449266]]	0.9339686953434281	0.12246785210050246	[[0.012055333071806616, 0.24417760392951443, 0.8881986395369972], [-0.16319876197799585, -0.8280282948653912, 0.25197766090240364], [0.9224963848716218, -0.1663690044411125, 0.0]]	[[-0.0199143164930878, -0.01489049874147953, -0.00855059161218769], [0.007488144790107967, 0.05249495689373844, -0.008487896995316041], [0.00481373534285372, 0.006431589225359359, -0.017205623030870358]]	0.16199142658624008	[[-0.06974055827105544, 0.2669966449798512, 0.9115835663983217], [-0.2803300858899109, -0.9267766952966368, 0.25000000000000017], [0.9115835663983217, -0.23810915989650885, 0.1394811165421111]]
9	[[0.8489524140446696, -0.5135124485683378, 0.12483895166604869], [0.522794976890395, 0.7815435453534784, -0.34040431673891397], [0.0772347773085365, 0.35425224329800037, 0.9319550081910795]]	0.8949360061214944	0.10506399387850567	[[0.7597580828123378, -0.45956077981541743, 0.11172287281240788], [0.46786804863866904, 0.6994314590886751, -0.3046400796888398], [0.06912018313818467, 0.31703308777669237, 0.8340400929154492]]	0.9211015698439303	0.13596039590423725	[[0.776071263783326, -0.48674939963565694, 0.06499973106123232], [0.5085429423335437, 0.6696117152786578, -0.2890849354899042], [0.023581890521093343, 0.3010488633703085, 0.8600971224326655]]	[[-0.005900137516013714, -0.013752277124960374, -0.04998962329603568], [0.026995668413279415, -0.050269271247822, 0.02446201503995997], [-0.04755918410434601, -0.025253434052213652, 0.001671901363949312]]	0.3555013749926082	[[0.7432149647728685, -0.406477761521962, 0.43536524660530423], [0.573223304703363, 0.7803300858899106, -0.2499999999999999], [-0.23810915989650874, 0.4353652466053042, 0.812955523043924]]
9	[[-0.30792515101507295, 0.09349718223056193, 0.9468053539599837], [0.3027085282091916, -0.9338174967034747, 0.1906631317268273], [0.9019698710720718, 0.34531602882779927, 0.2592434992682147]]	0.8983806081755237	0.10161939182447632	[[-0.2766339844414613, 0.08399605543499, 0.8505915697144122], [0.27194747167249117, -0.838923530613413, 0.17128806023739712], [0.8103122413297266, 0.310225223991075, 0.2328993325381297]]	0.8983806081755235	0.10161939182447662	[[-0.2766339844414611, 0.08399605543498997, 0.8505915697144119], [0.2719474716724911, -0.8389235306134126, 0.17128806023739704], [0.8103122413297263, 0.31022522399107494, 0.23289933253812964]]	[[0.0, 0.0, 0.0], [0.0, 0.0, 0.0], [0.0, 0.0, 0.0]]	0.26207050617660943	[[-0.4762183197930174, 0.13948111654211093, 0.812955523043924], [0.14644660940672619, -0.9571067811865475, 0.2499999999999999], [0.812955523043924, 0.23810915989650866, 0.43536524660530423]]
9	[[0.8787972042104137, -0.3840163418041313, 0.28327887866788265], [-0.395223040501579, -0.9183905790867732, -0.018907472103605397], [0.2674214316928388, -0.09534250611366366, -0.9588511794847616]]	0.8873360961433158	0.11266390385668433	[[0.7797884804857288, -0.340751561591715, 0.25136357431701506], [-0.35069566986456274, -0.8149211111816568, -0.016777282484351855], [0.23729268922337998, -0.08460084717141851, -0.850823262386422]]	0.8878036387185018	0.11039727528872297	[[0.782147179094368, -0.3423084247869867, 0.2501187000475321], [-0.35231874512983546, -0.8178058153363347, -0.01636485665656709], [0.23604040092230247, -0.08424201639669873, -0.8536227970923679]]	[[0.0019478235007163386, -0.0013773192059110429, -0.0013773192059110427], [-0.0014382916671438907, -0.0024553174583054403, 0.0004212658759823408], [-0.0013773192059110427, 0.00040340745555287363, -0.0023512309562692124]]	0.31178371684707223	[[0.6771309134343587, -0.4788038606404761, 0.478803860640476], [-0.5, -0.8535533905932737, -0.14644660940672619], [0.478803860640476, -0.14023840392329676, -0.8173693173576555]]
9	[[0.3802729664721569, 0.7767473726770865, -0.5020517802076895], [0.4287143634067757, 0.332951791095048, 0.839849450446521], [0.8195098935212374, -0.5346088512602871, -0.20639019011321075]]	0.8936194614988019	0.10638053850119839	[[0.33981932352140076, 0.6941165688923072, -0.44864324147371026], [0.3831074985643645, 0.29753220026341826, 0.7505058136480848], [0.7323299897413884, -0.47773687377571095, -0.18443429054760271]]	0.893619461498802	0.10638053850119816	[[0.3398193235214009, 0.6941165688923071, -0.4486432414737104], [0.38310749856436455, 0.2975322002634184, 0.7505058136480849], [0.7323299897413887, -0.4777368737757109, -0.18443429054760271]]	[[0.0, 0.0, 0.0], [0.0, 0.0, 0.0], [0.0, 0.0, 0.0]]	0.3328881130927828	[[0.1394811165421111, 0.8129555230439239, -0.4762183197930174], [0.25000000000000017, 0.45710678118654735, 0.8535533905932738], [0.9115835663983217, -0.23810915989650885, -0.1394811165421111]]
9	[[-0.5446221603179724, 0.8109226453022452, -0.2139887049042392], [-0.8354447797583356, -0.5021691245819775, 0.22328947644507607], [0.07361197229480154, 0.30038414347728, 0.9509735242804028]]	0.9023351066582599	0.0976648933417401	[[-0.4914316951189695, 0.7317239716403999, -0.19308952086342962], [-0.7538511544503242, -0.4531248305901636, 0.20148193354373478], [0.06642266687195464, 0.2710471581430215, 0.8580967964607389]]	0.9023351066582603	0.0976648933417398	[[-0.4914316951189697, 0.7317239716404, -0.1930895208634297], [-0.7538511544503245, -0.45312483059016384, 0.20148193354373486], [0.06642266687195464, 0.27104715814302166, 0.858096796460739]]	[[0.0, 0.0, 0.0], [0.0, 0.0, 0.0], [0.0, 0.0, 0.0]]	0.27757565100768805	[[-0.5459588780640727, 0.7432149647728686, -0.2381091598965087], [-0.7803300858899108, -0.42677669529663675, 0.4571067811865474], [0.23810915989650874, 0.4353652466053042, 0.812955523043924]]
9	[[-0.8305561570912853, 0.32773595720904825, 0.4502950280316503], [-0.5100865793185324, -0.772219296347621, -0.37879947194723407], [0.22358030216652452, -0.5443036842615101, 0.808545204538665]]	0.9004895747024818	0.09951042529751826	[[-0.7479071606656593, 0.2951228127218866, 0.40548597828286287], [-0.459327646871989, -0.6953754257451189, -0.3411049753912895], [0.20133173120978604, -0.4901397931496411, 0.7280865273627537]]	0.9004895747024818	0.09951042529751825	[[-0.7479071606656591, 0.2951228127218866, 0.4054859782828628], [-0.45932764687198896, -0.695375425745119, -0.3411049753912895], [0.201331731209786, -0.4901397931496412, 0.7280865273627537]]	[[0.0, 0.0, 0.0], [0.0, 0.0, 0.0], [0.0, 0.0, 0.0]]	0.3726069847872565	[[-0.6882199799963201, 0.486645014803468, 0.4866450148034679], [-0.7071067811865475, -0.5000000000000001, -0.5], [0.0, -0.68821997999632, 0.6882199799963201]]
9	[[-0.42203838922340475, -0.825029846081567, 0.3757783270710803], [0.2588054115689476, 0.28760896992378115, 0.9221175843470338], [-0.8688517462515349, 0.4864224845687207, 0.09214016247897017]]	0.8719826908409702	0.12801730915902979	[[-0.36801017027321326, -0.7194117452103163, 0.32767219679915865], [0.22567383918409561, 0.25079004350413836, 0.804070572470702], [-0.7576236836382894, 0.42415198697978346, 0.08034462681293661]]	0.8789092768974899	0.19708024299773189	[[-0.2985149650105653, -0.6806335811965976, 0.35355141744762025], [0.2564380748219324, 0.23317970658403284, 0.829345221382506], [-0.7907061285093122, 0.3999429512149896, 0.022220960874281867]]	[[0.07241849048475879, 0.044492804241799924, 0.023276359727828638], [0.028971597682711417, -0.019602485200909618, 0.018887522109594247], [-0.027064268480254283, -0.027578282963985144, -0.05876188270332702]]	0.3155693199903114	[[-0.1394811165421111, -0.8129555230439239, 0.4762183197930174], [0.25000000000000017, 0.45710678118654735, 0.8535533905932738], [-0.9115835663983217, 0.23810915989650885, 0.1394811165421111]]
9	[[0.04673222253661188, -0.9725397674033924, -0.22799671093185395], [-0.8377629715199755, -0.16246744520517667, 0.5213036857710898], [-0.5440306084466285, 0.16664552219444034, -0.8223502702654952]]	0.8925099667414909	0.10749003325850924	[[0.04170897438190738, -0.8680014354599791, -0.20348933689095827], [-0.7477118018485458, -0.1450038141166472, 0.46526873524977197], [-0.48555274025105344, 0.14873278947137838, -0.733955812364513]]	0.8935905275448143	0.10469135815744157	[[0.044393471273244084, -0.8716863236957197, -0.20001066284166824], [-0.7532872747670231, -0.14598065298691304, 0.46856778658231335], [-0.48691207910655576, 0.14441634102809475, -0.737478411716576]]	[[0.0026339998834114596, -0.0026339998834114605, 0.0037250383584096387], [-0.004670219088977086, -0.0008012829171610259, 0.002735751003069056], [-0.000771480704206642, -0.004496519062616279, -0.0026339998834114596]]	0.1378141107818084	[[0.1394811165421111, -0.9115835663983217, -0.2381091598965087], [-0.8535533905932738, -0.2500000000000001, 0.4571067811865474], [-0.4762183197930174, 0.13948111654211093, -0.812955523043924]]
9	[[0.8592155572171323, 0.2624339665249735, -0.4391776855101157], [-0.4266000482917053, 0.8413623931712975, -0.33184593135155627], [0.2824199444684594, 0.4724804086637203, 0.8348660002631537]]	0.9097051850709854	0.09029481492901476	[[0.781632847494081, 0.23873754008651385, -0.39952221767602686], [-0.388080275882497, 0.7653917315916624, -0.3018819643952211], [0.2569188878504173, 0.42981787760584445, 0.7594819292788656]]	0.9097051850709852	0.0902948149290148	[[0.781632847494081, 0.2387375400865138, -0.39952221767602675], [-0.388080275882497, 0.7653917315916624, -0.30188196439522086], [0.25691888785041717, 0.4298178776058444, 0.7594819292788654]]	[[0.0, 0.0, 0.0], [0.0, 0.0, 0.0], [0.0, 0.0, 0.0]]	0.20541855577301835	[[0.7432149647728685, 0.406477761521962, -0.43536524660530423], [-0.573223304703363, 0.7803300858899106, -0.2499999999999999], [0.23810915989650874, 0.4353652466053042, 0.812955523043924]]
9	[[0.22433838825039393, -0.7661379269479729, -0.6022499185961573], [-0.9416906372873723, -0.011392912655017143, -0.3362869982418849], [0.2507808429735371, 0.642575192824231, -0.724020780340167]]	0.907979336963362	0.09202066303663796	[[0.2036946210190219, -0.6956374069327051, -0.5468304817731776], [-0.8550356404687942, -0.010344529278583914, -0.3053416456930659], [0.2277038235262252, 0.5834449975296498, -0.6573959080809608]]	0.9132289479412682	0.08478643304442215	[[0.19484682430839703, -0.7147174451930127, -0.5479074775258932], [-0.8694442759496638, -0.006138021667359734, -0.32264614874360825], [0.24114204072317644, 0.5776445961660723, -0.671222221494017]]	[[-0.01002548597635003, -0.015058112188411061, 0.0020845820313900166], [-0.0094651259735743, 0.004266315970568383, -0.015539127132844584], [0.012121715330628773, -0.009173671149957758, -0.01002548597635003]]	0.29795724106059124	[[0.14176533567135943, -0.8262689277756992, -0.4840171317235291], [-0.8535533905932738, 0.14644660940672602, -0.5], [0.4840171317235291, 0.4840171317235292, -0.6845035921043399]]
9	[[0.5319609947059123, -0.8460851799387872, 0.03402011756955908], [-0.703274286200726, -0.4190807785627857, 0.5742617690636116], [-0.47161719485230363, -0.3294103357928521, -0.8179645788128509]]	0.8950129985138203	0.10498700148617983	[[0.476112004964133, -0.757257233895119, 0.030448447435723783], [-0.6294396276701782, -0.37508274424098514, 0.5139717478614738], [-0.4221035197154369, -0.29482653237940504, -0.7320889303613838]]	0.8950533218065573	0.15085695760577267	[[0.5411119433403719, -0.7398586487419273, 0.0], [-0.5873256212574054, -0.39312426191351313, 0.5836097032616685], [-0.4016518583044037, -0.3826239245170079, -0.7398586487419274]]	[[0.06497848795732473, 0.017432702093582993, -0.030449819238883475], [0.04214236474768989, -0.018024618955613424, 0.06961479927477272], [0.02047067856924101, -0.08778410922820208, -0.007736735355383696]]	0.29124764739876996	[[0.6882199799963201, -0.68821997999632, 0.0], [-0.5, -0.5000000000000001, 0.7071067811865475], [-0.4866450148034679, -0.486645014803468, -0.6882199799963201]]
9	[[-0.3195682178843842, -0.5708200961323295, -0.7563336379995778], [0.910087742671785, 0.03735879733279218, -0.41272826520656647], [0.2638493031197415, -0.8202248094963509, 0.507557688474819]]	0.9082070763805621	0.09179292361943817	[[-0.290234116868923, -0.5184228506476144, -0.6869075621358711], [0.826548128021727, 0.03392952410270914, -0.374842731082877], [0.23962980419142915, -0.7449339762074845, 0.46096748434419144]]	0.9082070763805623	0.09179292361943771	[[-0.29023411686892314, -0.5184228506476145, -0.686907562135871], [0.8265481280217276, 0.03392952410270914, -0.3748427310828771], [0.23962980419142918, -0.7449339762074846, 0.46096748434419155]]	[[0.0, 0.0, 0.0], [0.0, 0.0, 0.0], [0.0, 0.0, 0.0]]	0.2386502003508097	[[-0.48140343921222206, -0.4814034392122222, -0.6808072727069765], [0.8535533905932738, -0.14644660940672602, -0.5], [0.1409998028587341, -0.8218070755657103, 0.48140343921222206]]
