9	[[0.8592155572171323, 0.2624339665249735, -0.4391776855101157], [-0.4266000482917053, 0.8413623931712975, -0.33184593135155627], [0.2824199444684594, 0.4724804086637203, 0.8348660002631537]]	0.5189756904157202	0.48102430958427983	[[0.44591198702268897, 0.13619684896583417, -0.22792254255279035], [-0.22139505459356731, 0.4366466288858968, -0.17221997133482164], [0.14656908566768806, 0.24520584629415584, 0.433275158891181]]	0.7306655083362412	0.4720774410755754	[[0.4464414133708361, 0.17745109581031338, -0.28218891360777815], [-0.34976851234721806, 0.7496006386376357, -0.2547490218633634], [0.2345106421972425, 0.3053104070903889, 0.44115862397348116]]	[[-0.18135775851362668, -0.014300351745352513, 0.038703073225404505], [-0.038066571205894136, 0.13484615793613294, -0.01228064574306512], [0.02815612990790259, -0.03991473088480332, -0.16884916650144058]]	0.5762905153468975	[[0.524500491604725, -0.08999005741665944, -0.30724527451069217], [-0.14644660940672619, 0.8535533905932737, -0.5], [0.30724527451069217, 0.3072452745106922, 0.43451043418806556]]
9	[[0.8489524140446696, -0.5135124485683378, 0.12483895166604869], [0.522794976890395, 0.7815435453534784, -0.34040431673891397], [0.0772347773085365, 0.35425224329800037, 0.9319550081910795]]	0.6578424210503742	0.3421575789496262	[[0.5584769114117052, -0.337810272405701, 0.0821243582053841], [0.3439167133105518, 0.5141324980316249, -0.22393239985952557], [0.050808312893934136, 0.23304215339368267, 0.613079538898441]]	0.8132811864270661	0.2815455835301973	[[0.6402215370393615, -0.39597605845878586, 0.051680996878376025], [0.47654319390216465, 0.6248342241497473, -0.2646419962201396], [0.02488369761989356, 0.22438863105685458, 0.7078186488060416]]	[[-0.05021548947500944, 0.02165395495793966, -0.04984817384489922], [0.05136387483863358, -0.010780437659745342, 0.012202430362179164], [-0.03792989370302326, -0.06371805366699286, -0.05012282595224562]]	0.4595173923645261	[[0.6414872718924359, -0.6414872718924358, 0.0], [0.7071067811865475, 0.7071067811865476, 0.0], [0.0, 0.0, 0.9072]]
9	[[-0.42203838922340475, -0.825029846081567, 0.3757783270710803], [0.2588054115689476, 0.28760896992378115, 0.9221175843470338], [-0.8688517462515349, 0.4864224845687207, 0.09214016247897017]]	0.5141856348324482	0.4858143651675519	[[-0.21700607708650024, -0.4242184951631675, 0.19321981766131877], [0.13307402484565234, 0.14788440078376597, 0.4741396154976431], [-0.44675108672162667, 0.2501114540247444, 0.047377147937814196]]	0.7247379044271952	0.43109834620747756	[[-0.20955098698958677, -0.47018491794561074, 0.2552303901093569], [0.26991309109281353, 0.2356016882147741, 0.8276763234837433], [-0.5420846995084687, 0.2737709975117419, 0.022578850297599762]]	[[0.09631623080401255, 0.1277454837934357, -0.017110407181294925], [0.08234699945791663, 0.02716056605774879, 0.15938275776860647], [0.08760509432777783, -0.07875781462086248, -0.04419861797099037]]	0.5919887943677956	[[-0.33867424439009275, -0.3386742443900928, 0.4789577096429294], [0.5, 0.5000000000000001, 0.7071067811865475], [-0.4789577096429294, 0.47895770964292933, 0.0]]
9	[[-0.3195682178843842, -0.5708200961323295, -0.7563336379995778], [0.910087742671785, 0.03735879733279218, -0.41272826520656647], [0.2638493031197415, -0.8202248094963509, 0.507557688474819]]	0.4880074495774632	0.5119925504225367	[[-0.15595167097577342, -0.2785644592811005, -0.36909644970981825], [0.4441295981929686, 0.018231371405657268, -0.20141446807198732], [0.12876042548825606, -0.4002758173624749, 0.24769193306602905]]	0.6710967843475261	0.5180091173183666	[[-0.23121057009195692, -0.36186357870094843, -0.3633452814141503], [0.7782120818500974, 0.010656694727191468, -0.22620206563597509], [0.15321762731748403, -0.3633452814141503, 0.3044165052795681]]	[[-0.01674936669007713, 0.021211952254403595, 0.14422779094123217], [0.16745512426896375, -0.014414674029936271, 0.05077854595348459], [-0.023850791558510057, 0.18710495068091293, -0.036203827326746325]]	0.5570319340600357	[[-0.2528664987063498, -0.25286649870634986, -0.3576072319403187], [0.8535533905932738, -0.14644660940672602, -0.5], [0.0740628827361906, -0.4316701146765092, 0.2528664987063498]]
9	[[0.8787972042104137, -0.3840163418041313, 0.28327887866788265], [-0.395223040501579, -0.9183905790867732, -0.018907472103605397], [0.2674214316928388, -0.09534250611366366, -0.9588511794847616]]	0.5710214436635612	0.42897855633643883	[[0.501812048235732, -0.21928156588739459, 0.16175831425632914], [-0.22568083115631377, -0.5244207143171432, -0.010796572016629279], [0.1527033719918212, -0.05444261548352613, -0.5475245847678971]]	0.7861093056376595	0.37399393300190836	[[0.5456952974932439, -0.22996085705930572, 0.22214228033239194], [-0.3455532755953083, -0.846541624991163, -0.024928014610762335], [0.1995951532037921, -0.07494963127876644, -0.6324501766602211]]	[[-0.14513536250492085, 0.07191796274985404, -0.0005458822790320571], [-0.034864765654607416, -0.12458624456109182, -0.010064674844033682], [-0.010627322776894136, 0.0, 0.1213116582543959]]	0.5153024324550561	[[0.9072, 0.0, 0.0], [0.0, -1.0, 0.0], [0.0, 0.0, -0.9072]]
9	[[0.3802729664721569, 0.7767473726770865, -0.5020517802076895], [0.4287143634067757, 0.332951791095048, 0.839849450446521], [0.8195098935212374, -0.5346088512602871, -0.20639019011321075]]	0.5288586511385659	0.4711413488614344	[[0.20111064811292603, 0.4107895677894289, -0.2655144272823544], [0.22672929995503638, 0.17608443513269667, 0.44416164752261295], [0.43340489688235145, -0.2827325159642537, -0.10915123755150481]]	0.7318847433937827	0.4179855338479692	[[0.28798334191199665, 0.4060284207289833, -0.33749072648719675], [0.41854770005122427, 0.31574336945426146, 0.7015179757068909], [0.512408160057617, -0.37146725754389764, -0.03580269032557619]]	[[0.009667359425929545, -0.16246113080458116, 0.029953311840499822], [0.10477819820002725, 0.07206103326616194, 0.08684497617742955], [-0.08737862807084003, 0.019804804376782562, 0.11525114100442507]]	0.4813269965057782	[[0.33867424439009275, 0.3386742443900928, -0.4789577096429294], [0.5, 0.5000000000000001, 0.7071067811865475], [0.4789577096429294, -0.47895770964292933, 0.0]]
9	[[0.08740825448676931, -0.06334395238859675, -0.994156597696443], [0.7119981850616444, -0.6940087028176986, 0.10681996481098455], [-0.6967197295301035, -0.717174639895393, -0.015561310176609944]]	0.5967235882397978	0.40327641176020235	[[0.052158567259122386, -0.037798830562614356, -0.5932366922496904], [0.424866111810208, -0.41413136341502454, 0.06374199269765964], [-0.41574909700266477, -0.42795502451296363, -0.009285800846299168]]	0.8294115745409671	0.28769633433295533	[[0.04646929148696373, -0.04646929148696374, -0.709908315533236], [0.6786897830141113, -0.6638569230482694, 0.0970217005622633], [-0.5101544424068992, -0.5212291947020394, 0.0]]	[[-0.026028126494785152, 0.006068915801310342, 0.11465667350246161], [0.08815024727182176, -0.08823807209910794, 0.008423985355973902], [0.06771296547642061, 0.07360375259444962, 0.01290673077550243]]	0.28882327781864875	[[0.0, 0.0, -0.746636341248], [0.7071067811865475, -0.7071067811865476, 0.0], [-0.527951619976774, -0.527951619976774, 0.0]]
9	[[0.034229894132735264, 0.2773841392786001, 0.9601491309293217], [-0.1827544195208179, -0.9427759796974285, 0.2788803941677556], [0.9825625356654255, -0.18501754344446375, 0.018422055382213542]]	0.7366723411504487	0.2633276588495514	[[0.02521621624809409, 0.20434122328036844, 0.7073153081352721], [-0.1346301260839922, -0.6945169881441128, 0.20544347287252046], [0.7238266434753702, -0.13629730688313796, 0.013571018667218469]]	0.8612336083950213	0.213405513596683	[[0.009237887678302428, 0.20726464512429033, 0.7684937204984351], [-0.169007687419796, -0.823082108653247, 0.2581098852959845], [0.7971217952942672, -0.14197681705159354, 0.0]]	[[-0.020242047560612732, -0.031627898058165606, -0.058418980129168324], [-0.011613439245744487, -0.011131749750279321, 0.01792871711626244], [-0.0490940827706291, 0.01736650950546462, -0.015865693230876696]]	0.38007275338167434	[[0.0, 0.0, 0.9072], [0.0, -1.0, 0.0], [0.9072, 0.0, 0.0]]
9	[[-0.5446221603179724, 0.8109226453022452, -0.2139887049042392], [-0.8354447797583356, -0.5021691245819775, 0.22328947644507607], [0.07361197229480154, 0.30038414347728, 0.9509735242804028]]	0.5726448797846025	0.4273551202153974	[[-0.31187509152331583, 0.46437070073371617, -0.12253953619515084], [-0.4784131754713859, -0.2875645779777857, 0.12786557539605747], [0.042153519025464124, 0.17201344173074784, 0.5445701194898912]]	0.7521309540000664	0.3485533481562279	[[-0.42510676572042433, 0.5772027709378328, -0.078086394310709], [-0.7302347603995779, -0.3875281378520086, 0.10924582910092957], [0.0668773685823042, 0.08520652297545789, 0.6893596440322709]]	[[-0.015479580710890756, -0.03271725189360222, 0.08286113445415516], [-0.10187088118556561, -0.009831195110787871, -0.05869709783588085], [0.011511525634388689, -0.14072168942460153, -0.025896980013553828]]	0.4462542670627435	[[-0.5819572530608179, 0.5819572530608178, 0.0], [-0.7071067811865475, -0.7071067811865476, 0.0], [0.0, 0.0, 0.82301184]]
9	[[0.04673222253661188, -0.9725397674033924, -0.22799671093185395], [-0.8377629715199755, -0.16246744520517667, 0.5213036857710898], [-0.5440306084466285, 0.16664552219444034, -0.8223502702654952]]	0.5164857134357593	0.4835142865642405	[[0.02413652529726066, -0.5023028956119886, -0.11775704390664518], [-0.4326926060355563, -0.0839121143468809, 0.26924590606217225], [-0.28098403693444723, 0.08607003142147018, -0.4247321660321638]]	0.6887032154441348	0.48211203900154015	[[0.0015303788665627129, -0.6858348427462272, -0.10345395061167914], [-0.6695918258611994, -0.1473448520847142, 0.2799995376034281], [-0.23588159715487525, 0.0122841340022618, -0.4955468028886564]]	[[-0.030654253059252852, -0.016043577788219875, 0.053568117317775665], [-0.09262177359535902, -0.035453000166915126, -0.0790239870100003], [0.13879403218234695, -0.10248517297241619, 0.07080847246454347]]	0.5168589572800568	[[-0.08163898008839353, -0.4758268459838065, -0.2787329130360999], [-0.8535533905932738, -0.14644660940672602, 0.5], [-0.2787329130360999, 0.2787329130361, -0.3941878658954131]]
9	[[-0.8305561570912853, 0.32773595720904825, 0.4502950280316503], [-0.5100865793185324, -0.772219296347621, -0.37879947194723407], [0.22358030216652452, -0.5443036842615101, 0.808545204538665]]	0.5108259592109278	0.4891740407890723	[[-0.42426964562469777, 0.16741603470922362, 0.23002238962217933], [-0.2605654661610103, -0.3944696627779612, -0.19350060360603868], [0.11421062231488398, -0.2780444516149278, 0.41302587967385923]]	0.7095924421070393	0.44252114627348105	[[-0.48870409540808735, 0.1638037210086406, 0.24570278898108106], [-0.4374649011635701, -0.6701554211897156, -0.26637795325287156], [0.1424200876339722, -0.3411964634414059, 0.45587227575099254]]	[[0.10065227640935553, -0.06875523723361608, -0.07382315962855551], [-0.0755113196589066, -0.12219444485222773, 0.0024152891150231587], [-0.016230804987401738, 0.045037317121577936, -0.11786529049153426]]	0.5687437943355925	[[-0.43451043418806556, 0.3072452745106922, 0.30724527451069217], [-0.7071067811865475, -0.5000000000000001, -0.5], [0.0, -0.4345104341880655, 0.43451043418806556]]
9	[[-0.30792515101507295, 0.09349718223056193, 0.9468053539599837], [0.3027085282091916, -0.9338174967034747, 0.1906631317268273], [0.9019698710720718, 0.34531602882779927, 0.2592434992682147]]	0.5830877269082465	0.4169122730917537	[[-0.1795473763632574, 0.05451705945914443, 0.5520705816650846], [0.17650562762923833, -0.5444975214999779, 0.11117333208380323], [0.5259275618631384, 0.20134953831418398, 0.15116170270404297]]	0.788978962397198	0.31556471254224283	[[-0.1742108085680007, 0.06810315328345544, 0.7116782252388751], [0.26112032362863663, -0.8384089153375173, 0.12899506452210804], [0.6537564627308985, 0.23614790761714718, 0.10610765528454529]]	[[0.06873565757587205, -0.005664156539875068, -0.03533128052058454], [0.022289663133365722, -0.10164655572006083, -0.021434135315124444], [-0.05787879026107931, -0.03629917450653083, -0.09843001177630951]]	0.4858936375462068	[[0.0, 0.0, 0.9072], [0.0, -1.0, 0.0], [0.9072, 0.0, 0.0]]
9	[[0.5319609947059123, -0.8460851799387872, 0.03402011756955908], [-0.703274286200726, -0.4190807785627857, 0.5742617690636116], [-0.47161719485230363, -0.3294103357928521, -0.8179645788128509]]	0.5484351314161594	0.45156486858384065	[[0.2917460980398079, -0.46402283684899365, 0.018657827650054346], [-0.38570032557410083, -0.22983862186506773, 0.314945328783678], [-0.2586514382369436, -0.18066020080039405, -0.44860051127498934]]	0.6974270939701381	0.494729951854312	[[0.42046639061817187, -0.53335458470531, 0.08180600080883586], [-0.5316474684299257, -0.33797698479503335, 0.32835788069800625], [-0.23790396785392104, -0.11235992428093122, -0.4822693478533509]]	[[0.04946237997496339, 0.0567281435905998, 0.058079449075775794], [-0.04116492674103003, -0.045698695263246755, -0.0721478360781789], [0.09101464181826945, 0.117379768934805, 0.08820131131860383]]	0.5007693087900301	[[0.43451043418806556, -0.4345104341880655, 0.0], [-0.5, -0.5000000000000001, 0.7071067811865475], [-0.30724527451069217, -0.3072452745106922, -0.43451043418806556]]
9	[[0.22433838825039393, -0.7661379269479729, -0.6022499185961573], [-0.9416906372873723, -0.011392912655017143, -0.3362869982418849], [0.2507808429735371, 0.642575192824231, -0.724020780340167]]	0.46983288042330756	0.5301671195766925	[[0.10540155114120486, -0.35995678901950773, -0.28295681398873507], [-0.4424372245843863, -0.005352764969117879, -0.15799868903289255], [0.11782508580924217, 0.3019029537331707, -0.3401687687135515]]	0.6773496726254798	0.5139282975280407	[[0.16837569229401372, -0.412300529645749, -0.31523462405793934], [-0.8224350917088475, 0.052156737158356295, -0.19916893619127257], [0.1349067779411157, 0.31523462405793934, -0.34713724702677284]]	[[0.01642015845528163, 0.10664274435842437, 0.09269916114188972], [-0.18458124682776633, 0.05987372281548284, 0.0286149519760735], [-0.034959543947751505, -0.12001347243880829, 0.14327799151068374]]	0.5415042480692418	[[0.08163898008839353, -0.4758268459838065, -0.2787329130360999], [-0.8535533905932738, 0.14644660940672602, -0.5], [0.2787329130360999, 0.2787329130361, -0.3941878658954131]]
