9	[[0.034229894132735264, 0.2773841392786001, 0.9601491309293217], [-0.1827544195208179, -0.9427759796974285, 0.2788803941677556], [0.9825625356654255, -0.18501754344446375, 0.018422055382213542]]	0.9387781439215109	0.0612218560784891	[[0.032134276480559026, 0.2604021674252301, 0.9013670190216805], [-0.17156585475120653, -0.885057484354136, 0.26180681881290496], [0.9224082335188015, -0.17369042602771118, 0.01729422295893373]]	0.9387781439215108	0.06122185607848953	[[0.03213427648055902, 0.26040216742523015, 0.9013670190216803], [-0.17156585475120653, -0.8850574843541357, 0.26180681881290496], [0.9224082335188011, -0.17369042602771115, 0.017294222958933715]]	[[0.0, 0.0, 0.0], [0.0, 0.0, 0.0], [0.0, 0.0, 0.0]]	0.14971607138403673	[[-0.07243627829928177, 0.2773170126566345, 0.946819505689072], [-0.2803300858899109, -0.9267766952966368, 0.25000000000000017], [0.946819505689072, -0.24731292377723998, 0.14487255659856377]]
9	[[0.08740825448676931, -0.06334395238859675, -0.994156597696443], [0.7119981850616444, -0.6940087028176986, 0.10681996481098455], [-0.6967197295301035, -0.717174639895393, -0.015561310176609944]]	0.9617998364217171	0.03820016357828311	[[0.08406924486728255, -0.060924203045657384, -0.9561796530420096], [0.684799737924849, -0.6674974568453104, 0.10273942468177852], [-0.6701049218938364, -0.6897784513371927, -0.014966865582371043]]	0.9711072977370141	0.04807616765211526	[[0.07023422099135077, -0.057334190655620856, -0.9497445421845554], [0.6791950314430122, -0.6708907967220592, 0.09063877255635348], [-0.6830255444931832, -0.7095333884344956, -0.009121698927906806]]	[[-0.014648572823205013, 0.004179583776451397, 0.015688184931861294], [-0.012231602045859734, 0.0030661192772064756, -0.013094874815604668], [-0.006435930669141094, -0.013079861880164391, 0.005990002946948372]]	0.11063333222600102	[[0.0, 0.0, -0.9964043182719997], [0.7071067811865475, -0.7071067811865476, 0.0], [-0.70456425025369, -0.7045642502536898, 0.0]]
9	[[-0.42203838922340475, -0.825029846081567, 0.3757783270710803], [0.2588054115689476, 0.28760896992378115, 0.9221175843470338], [-0.8688517462515349, 0.4864224845687207, 0.09214016247897017]]	0.9152168380524633	0.08478316194753668	[[-0.38625664012179933, -0.7550812070296823, 0.3439186523106385], [0.23686307044699864, 0.2632245720491691, 0.8439375398586679], [-0.7951877479406911, 0.44518204828460783, 0.0843282281616433]]	0.9152168380524633	0.08478316194753664	[[-0.3862566401217993, -0.7550812070296823, 0.3439186523106385], [0.23686307044699856, 0.26322457204916905, 0.843937539858668], [-0.7951877479406911, 0.4451820482846078, 0.0843282281616433]]	[[0.0, 0.0, 0.0], [0.0, 0.0, 0.0], [0.0, 0.0, 0.0]]	0.31077844490773776	[[-0.14487255659856377, -0.8443791385103958, 0.49462584755447964], [0.25000000000000017, 0.45710678118654735, 0.8535533905932738], [-0.946819505689072, 0.24731292377723998, 0.14487255659856377]]
9	[[0.8489524140446696, -0.5135124485683378, 0.12483895166604869], [0.522794976890395, 0.7815435453534784, -0.34040431673891397], [0.0772347773085365, 0.35425224329800037, 0.9319550081910795]]	0.9164761409217255	0.0835238590782746	[[0.7780446322498418, -0.47062190717917624, 0.1144119206596141], [0.47912912291377174, 0.7162660124078395, -0.31197243455797663], [0.0707838306526764, 0.3246637288506155, 0.8541145294196355]]	0.9247026039916835	0.13196745203330681	[[0.7803771059266935, -0.4929593875406181, 0.06817533539486788], [0.5099568781534924, 0.6680404300065343, -0.29146441788427285], [0.0267295586095491, 0.3062317108147726, 0.8643262006374898]]	[[-0.00465140200543839, -0.018113089167330718, -0.04726356829031927], [0.02652700166917231, -0.05465492151471938, 0.023308340214210636], [-0.0446896410863724, -0.021346261032783687, 0.002544977760107998]]	0.3573397569966997	[[0.771942860211114, -0.42218956925519796, 0.45219365813459234], [0.573223304703363, 0.7803300858899106, -0.2499999999999999], [-0.24731292377723987, 0.4521936581345923, 0.8443791385103959]]
9	[[-0.8305561570912853, 0.32773595720904825, 0.4502950280316503], [-0.5100865793185324, -0.772219296347621, -0.37879947194723407], [0.22358030216652452, -0.5443036842615101, 0.808545204538665]]	0.91351804303349	0.08648195696651004	[[-0.7587280352554467, 0.2993927102613174, 0.41135263279518364], [-0.4659732937167128, -0.7054362603921775, -0.34604015231535673], [0.20424464009599985, -0.49723123646249334, 0.7386206329542742]]	0.91351804303349	0.08648195696651008	[[-0.7587280352554467, 0.2993927102613174, 0.4113526327951835], [-0.46597329371671276, -0.7054362603921774, -0.3460401523153567], [0.20424464009599985, -0.49723123646249323, 0.7386206329542743]]	[[0.0, 0.0, 0.0], [0.0, 0.0, 0.0], [0.0, 0.0, 0.0]]	0.36416263015488504	[[-0.7028743106256014, 0.4970071913651825, 0.4970071913651824], [-0.7071067811865475, -0.5000000000000001, -0.5], [0.0, -0.7028743106256012, 0.7028743106256014]]
9	[[-0.3195682178843842, -0.5708200961323295, -0.7563336379995778], [0.910087742671785, 0.03735879733279218, -0.41272826520656647], [0.2638493031197415, -0.8202248094963509, 0.507557688474819]]	0.9393036016480477	0.060696398351952424	[[-0.30017157803105005, -0.536173372190182, -0.7104269102205741], [0.8548486945073492, 0.0350912528879312, -0.3876771460104785], [0.24783460071270058, -0.7704401177210062, 0.4767507648285552]]	0.9393036016480478	0.06069639835195217	[[-0.3001715780310502, -0.536173372190182, -0.7104269102205742], [0.8548486945073495, 0.035091252887931204, -0.38767714601047853], [0.24783460071270072, -0.7704401177210063, 0.47675076482855544]]	[[0.0, 0.0, 0.0], [0.0, 0.0, 0.0], [0.0, 0.0, 0.0]]	0.22639189631874435	[[-0.49581508979626143, -0.49581508979626154, -0.7011884244191071], [0.8535533905932738, -0.14644660940672602, -0.5], [0.14522087758670815, -0.846409302005815, 0.49581508979626143]]
9	[[0.8787972042104137, -0.3840163418041313, 0.28327887866788265], [-0.395223040501579, -0.9183905790867732, -0.018907472103605397], [0.2674214316928388, -0.09534250611366366, -0.9588511794847616]]	0.9131503579655721	0.08684964203442808	[[0.8024739816038834, -0.35066465998307195, 0.2586762094596629], [-0.3608980609102587, -0.8386286860452958, -0.017265364919631335], [0.24419597607798155, -0.08706204358702672, -0.8755752977822212]]	0.9131503579655721	0.08684964203442798	[[0.8024739816038832, -0.350664659983072, 0.25867620945966285], [-0.3608980609102587, -0.838628686045296, -0.017265364919631335], [0.24419597607798155, -0.08706204358702672, -0.8755752977822212]]	[[0.0, 0.0, 0.0], [0.0, 0.0, 0.0], [0.0, 0.0, 0.0]]	0.3080229091308167	[[0.7003469983098041, -0.495220111688506, 0.4952201116885059], [-0.5, -0.8535533905932737, -0.14644660940672619], [0.4952201116885059, -0.14504661253360393, -0.8453936108434081]]
9	[[-0.5446221603179724, 0.8109226453022452, -0.2139887049042392], [-0.8354447797583356, -0.5021691245819775, 0.22328947644507607], [0.07361197229480154, 0.30038414347728, 0.9509735242804028]]	0.936319645122962	0.06368035487703808	[[-0.5099404278750247, 0.759282803471572, -0.2003618282362595], [-0.782243359703156, -0.4701908165203056, 0.2090703233447456], [0.06892433577586989, 0.2812555746212117, 0.8904151927755594]]	0.9363196451229624	0.06368035487703781	[[-0.509940427875025, 0.759282803471572, -0.20036182823625956], [-0.7822433597031564, -0.4701908165203058, 0.20907032334474576], [0.06892433577586991, 0.28125557462121187, 0.8904151927755594]]	[[0.0, 0.0, 0.0], [0.0, 0.0, 0.0], [0.0, 0.0, 0.0]]	0.26105380642996207	[[-0.5670621258537614, 0.7719428602111141, -0.24731292377723982], [-0.7803300858899108, -0.42677669529663675, 0.4571067811865474], [0.24731292377723987, 0.4521936581345923, 0.8443791385103959]]
9	[[-0.30792515101507295, 0.09349718223056193, 0.9468053539599837], [0.3027085282091916, -0.9338174967034747, 0.1906631317268273], [0.9019698710720718, 0.34531602882779927, 0.2592434992682147]]	0.9222507341749108	0.07774926582508924	[[-0.2839841965945713, 0.08622784495542117, 0.8731919328103311], [0.2791731623819337, -0.861213871920157, 0.1758392132151542], [0.8318423757998679, 0.31846796110880266, 0.23908750753018398]]	0.9222507341749109	0.07774926582508924	[[-0.2839841965945713, 0.08622784495542116, 0.8731919328103313], [0.2791731623819336, -0.861213871920157, 0.1758392132151542], [0.8318423757998679, 0.3184679611088026, 0.239087507530184]]	[[0.0, 0.0, 0.0], [0.0, 0.0, 0.0], [0.0, 0.0, 0.0]]	0.25398564323285583	[[-0.49462584755447964, 0.1448725565985636, 0.8443791385103959], [0.14644660940672619, -0.9571067811865475, 0.2499999999999999], [0.8443791385103959, 0.2473129237772398, 0.45219365813459234]]
9	[[0.3802729664721569, 0.7767473726770865, -0.5020517802076895], [0.4287143634067757, 0.332951791095048, 0.839849450446521], [0.8195098935212374, -0.5346088512602871, -0.20639019011321075]]	0.9311458355616963	0.06885416443830386	[[0.3540895891072414, 0.723265081351758, -0.4674834243767261], [0.39919559413170286, 0.31002667372096177, 0.7820223182820575], [0.7630832245539092, -0.4977988055054386, -0.19217936602470295]]	0.9311458355616965	0.06885416443830365	[[0.3540895891072415, 0.723265081351758, -0.46748342437672624], [0.3991955941317029, 0.31002667372096193, 0.7820223182820576], [0.7630832245539094, -0.49779880550543876, -0.19217936602470304]]	[[0.0, 0.0, 0.0], [0.0, 0.0, 0.0], [0.0, 0.0, 0.0]]	0.3265178663614011	[[0.14487255659856377, 0.8443791385103958, -0.49462584755447964], [0.25000000000000017, 0.45710678118654735, 0.8535533905932738], [0.946819505689072, -0.24731292377723998, -0.14487255659856377]]
9	[[0.22433838825039393, -0.7661379269479729, -0.6022499185961573], [-0.9416906372873723, -0.011392912655017143, -0.3362869982418849], [0.2507808429735371, 0.642575192824231, -0.724020780340167]]	0.9324365682876896	0.06756343171231045	[[0.2091813168753886, -0.7143750194384125, -0.5615598473473412], [-0.8780667862208851, -0.010623168378845537, -0.31356629460043156], [0.2338372286145389, 0.5991606076638265, -0.6751034517893605]]	0.9324365682876895	0.06756343171231045	[[0.20918131687538857, -0.7143750194384124, -0.5615598473473414], [-0.878066786220885, -0.010623168378845544, -0.3135662946004313], [0.23383722861453882, 0.5991606076638265, -0.6751034517893604]]	[[0.0, 0.0, 0.0], [0.0, 0.0, 0.0], [0.0, 0.0, 0.0]]	0.2903766891161179	[[0.14539535200911913, -0.8474262134619696, -0.4964107827355442], [-0.8535533905932738, 0.14644660940672602, -0.5], [0.4964107827355442, 0.4964107827355443, -0.7020308614528507]]
9	[[0.8592155572171323, 0.2624339665249735, -0.4391776855101157], [-0.4266000482917053, 0.8413623931712975, -0.33184593135155627], [0.2824199444684594, 0.4724804086637203, 0.8348660002631537]]	0.950693899969995	0.049306100030004935	[[0.8168509890056481, 0.2494943711202222, -0.4175235466174079], [-0.40556606363782943, 0.7998780948521091, -0.31548390266578624], [0.26849491843602913, 0.44918424237192933, 0.7937020137425286]]	0.950693899969995	0.04930610003000531	[[0.8168509890056476, 0.24949437112022219, -0.417523546617408], [-0.4055660636378294, 0.7998780948521091, -0.3154839026657862], [0.2684949184360291, 0.4491842423719292, 0.7937020137425286]]	[[0.0, 0.0, 0.0], [0.0, 0.0, 0.0], [0.0, 0.0, 0.0]]	0.18787925602685984	[[0.771942860211114, 0.42218956925519796, -0.45219365813459234], [-0.573223304703363, 0.7803300858899106, -0.2499999999999999], [0.24731292377723987, 0.4521936581345923, 0.8443791385103959]]
9	[[0.04673222253661188, -0.9725397674033924, -0.22799671093185395], [-0.8377629715199755, -0.16246744520517667, 0.5213036857710898], [-0.5440306084466285, 0.16664552219444034, -0.8223502702654952]]	0.9374442118147376	0.06255578818526264	[[0.043808851522184965, -0.9117017757119613, -0.21373419697586438], [-0.7853560485241156, -0.1523041661159209, 0.48869312282379695], [-0.5099983449383418, 0.15622088020602254, -0.7709075009446735]]	0.9374442118147376	0.0625557881852625	[[0.04380885152218497, -0.9117017757119613, -0.21373419697586438], [-0.7853560485241158, -0.15230416611592085, 0.4886931228237969], [-0.5099983449383418, 0.15622088020602248, -0.7709075009446735]]	[[0.0, 0.0, 0.0], [0.0, 0.0, 0.0], [0.0, 0.0, 0.0]]	0.11887606694847054	[[0.14487255659856377, -0.946819505689072, -0.24731292377723982], [-0.8535533905932738, -0.2500000000000001, 0.4571067811865474], [-0.49462584755447964, 0.1448725565985636, -0.8443791385103959]]
9	[[0.5319609947059123, -0.8460851799387872, 0.03402011756955908], [-0.703274286200726, -0.4190807785627857, 0.5742617690636116], [-0.47161719485230363, -0.3294103357928521, -0.8179645788128509]]	0.9079751257055904	0.09202487429440971	[[0.4830073510385715, -0.7682242976125573, 0.030889420526739354], [-0.6385555584186136, -0.380514922596342, 0.5214154019534474], [-0.42821668178093825, -0.29909639105023567, -0.7426914912703184]]	0.9079751257055905	0.09202487429440959	[[0.4830073510385717, -0.7682242976125574, 0.030889420526739368], [-0.6385555584186136, -0.3805149225963421, 0.5214154019534475], [-0.42821668178093825, -0.2990963910502357, -0.7426914912703187]]	[[0.0, 0.0, 0.0], [0.0, 0.0, 0.0], [0.0, 0.0, 0.0]]	0.2838382637543517	[[0.7028743106256014, -0.7028743106256012, 0.0], [-0.5, -0.5000000000000001, 0.7071067811865475], [-0.4970071913651824, -0.4970071913651825, -0.7028743106256014]]
