9	[[-0.5446221603179724, 0.8109226453022452, -0.2139887049042392], [-0.8354447797583356, -0.5021691245819775, 0.22328947644507607], [0.07361197229480154, 0.30038414347728, 0.9509735242804028]]	0.6856548709389825	0.31434512906101736	[[-0.3734228370433291, 0.5560130617062093, -0.14672239784351615], [-0.5728267826418484, -0.3443147063047976, 0.15309951715398165], [0.050472407363356106, 0.2059598511280312, 0.6520396290568691]]	0.8021965985345314	0.2932862757159612	[[-0.4776562107469718, 0.6157364302437593, -0.10979480936548439], [-0.7349577165061433, -0.40608953150806115, 0.09683449200548142], [0.07461391875279234, 0.1134571173415703, 0.740491169767386]]	[[-0.04076216625336619, -0.034782957492325885, 0.061866201833505906], [-0.06476675592057558, -0.00325116787933548, -0.08228756648731497], [0.015562644966484417, -0.12751002080961232, -0.022376556706748603]]	0.4133282255230941	[[-0.6357478558551721, 0.635747855855172, 0.0], [-0.7071067811865475, -0.7071067811865476, 0.0], [0.0, 0.0, 0.8990832399999998]]
9	[[0.08740825448676931, -0.06334395238859675, -0.994156597696443], [0.7119981850616444, -0.6940087028176986, 0.10681996481098455], [-0.6967197295301035, -0.717174639895393, -0.015561310176609944]]	0.7323117756099999	0.2676882243900003	[[0.06401009404617677, -0.04638752224784858, -0.7280325832934785], [0.5214046551335902, -0.5082307454492213, 0.0782255181013298], [-0.5102160622347088, -0.5251954339642575, -0.011395730686251191]]	0.8881557453803643	0.18119181126818729	[[0.05001253103230461, -0.05001253103230462, -0.8177497141485341], [0.6814794521717437, -0.6690010870252294, 0.08749717428974096], [-0.5883142966725742, -0.5989522368299752, 0.0]]	[[-0.027619612383788555, 0.006246764216727833, 0.06521617990335721], [0.04911417340885232, -0.052613270273716706, -0.007375591178463329], [0.030481334029440806, 0.03801054003421206, 0.013820867039002056]]	0.20149190979955747	[[0.0, 0.0, -0.8525107281679998], [0.7071067811865475, -0.7071067811865476, 0.0], [-0.6028161169218742, -0.6028161169218741, 0.0]]
9	[[-0.42203838922340475, -0.825029846081567, 0.3757783270710803], [0.2588054115689476, 0.28760896992378115, 0.9221175843470338], [-0.8688517462515349, 0.4864224845687207, 0.09214016247897017]]	0.6360015034708272	0.3639984965291729	[[-0.2684170500684916, -0.5247202225161818, 0.2389955809889594], [0.16460063086423687, 0.18291973728322075, 0.5864681700216007], [-0.5525910169092297, 0.30936543150772156, 0.05860128186667132]]	0.8019237616179864	0.3275816648070073	[[-0.2562651093147424, -0.5520855631341549, 0.3052690115242932], [0.26703483462319777, 0.23694310627091061, 0.8267570962588257], [-0.6439849858639985, 0.3380889243072116, 0.024324668848720962]]	[[0.08217750331848624, 0.10952547448268375, 0.003923441944938502], [0.059492625450736164, 0.0063026392345576256, 0.08728909436516148], [0.05276787477838844, -0.051984824253703876, -0.04956471684250724]]	0.48176877573661564	[[-0.090735843319382, -0.5288472503894059, 0.30979154685439386], [0.25000000000000017, 0.45710678118654735, 0.8535533905932738], [-0.5930071804972209, 0.15489577342719701, 0.090735843319382]]
9	[[-0.3195682178843842, -0.5708200961323295, -0.7563336379995778], [0.910087742671785, 0.03735879733279218, -0.41272826520656647], [0.2638493031197415, -0.8202248094963509, 0.507557688474819]]	0.634920832814313	0.36507916718568706	[[-0.20290051904013906, -0.3624255708234849, -0.48021198332417103], [0.5778336675112679, 0.023719878715477552, -0.26204977387095985], [0.16752341927426231, -0.5207778191403845, 0.3222589502677397]]	0.7313324163603964	0.312036030419226	[[-0.23891307555333452, -0.4067655053516555, -0.5370009732062073], [0.7859493686274512, 0.025135508720384447, -0.29048434285370417], [0.17315250667885332, -0.5600748050513725, 0.36718105893960973]]	[[-0.005202478575962229, 0.010693734859874682, 0.016130333846673214], [0.12037270067931614, -0.002186190805324844, 0.01135721664004851], [-0.01980904172671385, 0.03978218683633955, -0.004012331814976851]]	0.40812059497270914	[[-0.34456381019225085, -0.3445638101922509, -0.48728681347683017], [0.8535533905932738, -0.14644660940672602, -0.5], [0.10092040345383595, -0.5882072169306659, 0.34456381019225085]]
9	[[-0.30792515101507295, 0.09349718223056193, 0.9468053539599837], [0.3027085282091916, -0.9338174967034747, 0.1906631317268273], [0.9019698710720718, 0.34531602882779927, 0.2592434992682147]]	0.6868831724748993	0.31311682752510084	[[-0.2115086046140457, 0.06422164114799209, 0.6503446652442535], [0.20792539419153705, -0.6414235246482516, 0.13096329679452273], [0.6195479265187606, 0.23719176938767247, 0.17806999722084552]]	0.8236653894045965	0.286747082644102	[[-0.22700779564086035, 0.07180098876528881, 0.7233922641676296], [0.24866513186337852, -0.847662854074993, 0.11910927188198309], [0.6621519536484628, 0.24938912032298174, 0.15520680687557156]]	[[0.026619493777438885, -0.005209404244879505, -0.05645853639217732], [-0.0006654059001375244, -0.07850970201989993, -0.037933350756894024], [-0.080769411439329, -0.0350357410291164, -0.058323090899792734]]	0.4517391912203126	[[-0.3633872708207666, -0.10643366742653011, 0.6203408742150033], [0.5, -0.8535533905932737, 0.14644660940672619], [0.5139072067884731, 0.36338727082076666, 0.3633872708207666]]
9	[[0.034229894132735264, 0.2773841392786001, 0.9601491309293217], [-0.1827544195208179, -0.9427759796974285, 0.2788803941677556], [0.9825625356654255, -0.18501754344446375, 0.018422055382213542]]	0.823687453814389	0.17631254618561107	[[0.02819473434252881, 0.22847783541088598, 0.7908627929372715], [-0.1505325224884292, -0.7765527462343411, 0.22971028179079178], [0.809324433215664, -0.15239662927076347, 0.015174015891803134]]	0.8970740866596869	0.15710628871354657	[[0.00912930288174278, 0.22486149361436875, 0.8239608746521601], [-0.16641485231013356, -0.825406446123309, 0.2550912733618914], [0.8553331701333349, -0.15290355344957018, 0.0]]	[[-0.021577448133838485, -0.023972629782864865, -0.037364030033353375], [-0.0024705983354745883, 0.02033345478845325, 0.004914898476558551], [-0.02609821913475272, 0.01307089035189108, -0.01652594850639338]]	0.36087458628378255	[[0.0, 0.0, 0.9481999999999999], [0.0, -1.0, 0.0], [0.9481999999999999, 0.0, 0.0]]
9	[[0.8489524140446696, -0.5135124485683378, 0.12483895166604869], [0.522794976890395, 0.7815435453534784, -0.34040431673891397], [0.0772347773085365, 0.35425224329800037, 0.9319550081910795]]	0.7357720991015284	0.2642279008984716	[[0.6246354997189565, -0.3778281321978915, 0.0918530175169629], [0.38465795754638105, 0.5750379349039794, -0.2504599986702123], [0.056827194223941016, 0.26064891666279516, 0.6857064926449327]]	0.8732414537850219	0.21243282123136528	[[0.6998948998970056, -0.4485257028324483, 0.05258845102768892], [0.5025638758827695, 0.6660447748611952, -0.3036753578726933], [0.027545333667902277, 0.2642586974673059, 0.7805175122678606]]	[[-0.04144554033766553, -0.00010534570792676036, -0.05642609661416952], [0.04603763023149402, -0.016431446879576494, -0.006420197448907049], [-0.03989927555176657, -0.045089046476845265, -0.033304233947149535]]	0.44412524726857927	[[0.6704786499210844, -0.6704786499210843, 0.0], [0.7071067811865475, 0.7071067811865476, 0.0], [0.0, 0.0, 0.9481999999999999]]
9	[[0.3802729664721569, 0.7767473726770865, -0.5020517802076895], [0.4287143634067757, 0.332951791095048, 0.839849450446521], [0.8195098935212374, -0.5346088512602871, -0.20639019011321075]]	0.6418609274577021	0.35813907254229815	[[0.24408235894691027, 0.49856378902684806, -0.322247421275898], [0.2751749989107115, 0.21370874543097057, 0.5390665471884454], [0.5260113803163041, -0.34314453309702453, -0.1324737988442369]]	0.8014019034033446	0.310477306639824	[[0.344694230005583, 0.5133413840962778, -0.40487083486229286], [0.40664818331177494, 0.30167537623566826, 0.7183098489590449], [0.5847356603738442, -0.4160885062831493, -0.06673623702173345]]	[[0.03994275086196021, -0.1091454388306865, -0.0025255825968129204], [0.06307567646123168, 0.03484717711054401, 0.045252900798950085], [-0.07202112815194771, 0.01234804469312039, 0.09866525417877182]]	0.4139007555799326	[[0.40417533622444857, 0.4041753362244487, -0.571590242065321], [0.5, 0.5000000000000001, 0.7071067811865475], [0.571590242065321, -0.5715902420653209, 0.0]]
9	[[0.8592155572171323, 0.2624339665249735, -0.4391776855101157], [-0.4266000482917053, 0.8413623931712975, -0.33184593135155627], [0.2824199444684594, 0.4724804086637203, 0.8348660002631537]]	0.6528333405945482	0.34716665940545177	[[0.5609245625088667, 0.1713256430519763, -0.28670983554615076], [-0.27849873462406954, 0.5492694217846419, -0.2166400879269456], [0.18437315579787114, 0.3084509635534139, 0.5450283599006037]]	0.7714311890219638	0.407813055039399	[[0.5092608286148483, 0.20743752606217838, -0.29356518275740007], [-0.356043689689158, 0.7488258208232832, -0.25034442019720143], [0.24509082077431046, 0.33044876608206963, 0.506782266657367]]	[[-0.15356485031533304, 0.004987779226067794, 0.045230181367582535], [-0.0269511071986607, 0.09977262946078429, 0.005651881197430582], [0.027223267209489845, -0.03403735736296755, -0.13725940459964886]]	0.44035352493198726	[[0.48347932872971494, 0.26442362519470297, -0.28321563364282704], [-0.573223304703363, 0.7803300858899106, -0.2499999999999999], [0.15489577342719696, 0.283215633642827, 0.5288472503894059]]
9	[[0.22433838825039393, -0.7661379269479729, -0.6022499185961573], [-0.9416906372873723, -0.011392912655017143, -0.3362869982418849], [0.2507808429735371, 0.642575192824231, -0.724020780340167]]	0.6201976122003554	0.3798023877996446	[[0.13913413271777061, -0.47515691290926315, -0.3735139614611952], [-0.5840342846770594, -0.00706585722464885, -0.20856439332364213], [0.15553367999777998, 0.39852360024877115, -0.44903595915040967]]	0.7398812445075428	0.435716676505815	[[0.20633058065332457, -0.4836913249998831, -0.3633613027993232], [-0.8139646296392788, 0.04580848512285801, -0.20500986617037514], [0.1657198631774812, 0.3633613027993232, -0.40343638666132464]]	[[0.04034681476380674, 0.08315975785481207, 0.08223211647616796], [-0.1172253889819967, 0.05423788751661794, 0.043802576600536505], [-0.019828179020430072, -0.1120680305571431, 0.13225300934608045]]	0.4202666299804045	[[0.10643366742653022, -0.6203408742150032, -0.3633872708207666], [-0.8535533905932738, 0.14644660940672602, -0.5], [0.3633872708207666, 0.36338727082076666, -0.5139072067884731]]
9	[[0.8787972042104137, -0.3840163418041313, 0.28327887866788265], [-0.395223040501579, -0.9183905790867732, -0.018907472103605397], [0.2674214316928388, -0.09534250611366366, -0.9588511794847616]]	0.6557160717450761	0.34428392825492415	[[0.5762414506054078, -0.2518056871337194, 0.18575051352845406], [-0.2591540995808404, -0.6022034628464644, -0.012397933334405725], [0.17535253069007245, -0.06251761357918242, -0.6287341287998807]]	0.8207601913061534	0.2890795948661107	[[0.6500864597224512, -0.26540394380791127, 0.1637857721447924], [-0.31739816084830796, -0.8545344859968317, -0.03378665591571454], [0.15551665157950026, -0.050340439087092334, -0.7474378007145966]]	[[-0.07119530172460081, 0.04978138235593675, -0.06871825450365164], [0.006985177482367671, -0.10075605861180274, -0.018268155494843605], [-0.06397221385607955, 0.027912894470366365, 0.03954907679344714]]	0.4551385335832588	[[0.4620453565387303, -0.3267154048242923, 0.32671540482429223], [-0.5, -0.8535533905932737, -0.14644660940672619], [0.32671540482429223, -0.09569272655492714, -0.5577380830936575]]
9	[[0.5319609947059123, -0.8460851799387872, 0.03402011756955908], [-0.703274286200726, -0.4190807785627857, 0.5742617690636116], [-0.47161719485230363, -0.3294103357928521, -0.8179645788128509]]	0.6601063722962206	0.3398936277037794	[[0.35115084241840877, -0.5585062187829879, 0.02245689639393257], [-0.46423583779317545, -0.2766378924361562, 0.3790738531249906], [-0.311317515606474, -0.21744586175709948, -0.5399436307869571]]	0.7708263431300596	0.3080223266071106	[[0.4334682998490728, -0.594662563431733, 0.024227956940619945], [-0.6013545308957244, -0.3761764106013948, 0.5657168570296427], [-0.3055752346840274, -0.31787617553775266, -0.587284143372669]]	[[0.02341875161208543, 0.05752218179702083, -0.001995645878377972], [-0.05925218464621586, -0.05313790658574432, 0.12306075758294018], [0.057959722981230574, -0.06395801100930354, 0.043224501723560314]]	0.3964230560247444	[[0.5419818675263374, -0.5419818675263373, 0.0], [-0.5, -0.5000000000000001, 0.7071067811865475], [-0.3832390538080221, -0.3832390538080222, -0.5419818675263374]]
9	[[-0.8305561570912853, 0.32773595720904825, 0.4502950280316503], [-0.5100865793185324, -0.772219296347621, -0.37879947194723407], [0.22358030216652452, -0.5443036842615101, 0.808545204538665]]	0.6305307944240215	0.3694692055759785	[[-0.5236912335445304, 0.2066476134603383, 0.2839248817499835], [-0.32162529608274587, -0.48690804639562435, -0.2388447319742893], [0.1409742655426215, -0.34320023444533165, 0.5098126501454974]]	0.7594610649858555	0.3973825180314462	[[-0.5924603004085229, 0.23490937771995446, 0.19620559250817554], [-0.5702146346545254, -0.622869444241705, -0.30278881323372997], [0.17478796060612606, -0.2626850307546301, 0.5720837746100473]]	[[0.038314763186584014, -0.013993321376188087, -0.14577594903857719], [-0.1828237378902807, -0.036398955034912736, -0.015105362852603938], [0.004987426212878012, 0.15069242497034124, -0.0419748275180935]]	0.47457038911785565	[[-0.5419818675263374, 0.3832390538080222, 0.3832390538080221], [-0.7071067811865475, -0.5000000000000001, -0.5], [0.0, -0.5419818675263373, 0.5419818675263374]]
9	[[0.04673222253661188, -0.9725397674033924, -0.22799671093185395], [-0.8377629715199755, -0.16246744520517667, 0.5213036857710898], [-0.5440306084466285, 0.16664552219444034, -0.8223502702654952]]	0.6279311163126623	0.3720688836873376	[[0.02934461666518641, -0.6106879818040692, -0.14316622921105443], [-0.5260574379119514, -0.1020183642321528, 0.32734280534414567], [-0.3416137472701483, 0.1046419087800615, -0.516379323207832]]	0.7482453399583937	0.4108980052347471	[[-0.00818251627269578, -0.7870876491936675, -0.12082581557319366], [-0.6862311417836021, -0.14267450471312043, 0.26958255639144657], [-0.26463460948597545, 0.020576868936197635, -0.5726418545555142]]	[[-0.043149684011614356, -0.05938930030985886, 0.04977166090740698], [-0.05937890235408394, -0.021108995943401265, -0.1204804971899062], [0.14243375807894385, -0.10411486647072543, 0.042677902984168285]]	0.40523211244453633	[[0.090735843319382, -0.5930071804972209, -0.15489577342719693], [-0.8535533905932738, -0.2500000000000001, 0.4571067811865474], [-0.30979154685439386, 0.09073584331938189, -0.5288472503894059]]
