9	[[0.8489524140446696, -0.5135124485683378, 0.12483895166604869], [0.522794976890395, 0.7815435453534784, -0.34040431673891397], [0.0772347773085365, 0.35425224329800037, 0.9319550081910795]]	0.6800173901516785	0.3199826098483218	[[0.5773024049616235, -0.3491973950858391, 0.08489265810121799], [0.3555096757694135, 0.5314632020011621, -0.23148085506516158], [0.05252099169429708, 0.2408976859428837, 0.6337456124088842]]	0.8260761846854394	0.2617199531857227	[[0.6601362023748986, -0.40901478855000306, 0.049343928042719726], [0.47648682050930724, 0.626613705583327, -0.26396128426921706], [0.02770584625949438, 0.2269135826594565, 0.7282980695358204]]	[[-0.04116316879861553, 0.015185615751807385, -0.05378255684969975], [0.044618340626977254, -0.01900080452780617, 0.01723861495291879], [-0.03609596390457102, -0.06572575890041368, -0.041567767929154134]]	0.4547004737665233	[[0.6502553959791492, -0.650255395979149, 0.0], [0.7071067811865475, 0.7071067811865476, 0.0], [0.0, 0.0, 0.9196]]
9	[[0.034229894132735264, 0.2773841392786001, 0.9601491309293217], [-0.1827544195208179, -0.9427759796974285, 0.2788803941677556], [0.9825625356654255, -0.18501754344446375, 0.018422055382213542]]	0.7649833551389043	0.23501664486109597	[[0.026185299259709312, 0.21219424952766064, 0.7344981036120156], [-0.1398040890114981, -0.7212079320933061, 0.2133388596129098], [0.7516439851671263, -0.14153534114370384, 0.014092565734840422]]	0.8723865692616382	0.1963930210745276	[[0.009210236522975666, 0.21250282225018874, 0.7851526116751751], [-0.16819191733050473, -0.8238205106517248, 0.2571429952660676], [0.8145925052949077, -0.1452436366790897, 0.0]]	[[-0.020651463385670327, -0.02948337538266166, -0.052468594635799275], [-0.008759416267336253, -0.0013554081412052374, 0.013851484963725874], [-0.042581854279269034, 0.016163183299642114, -0.016071153693637166]]	0.3741340508908809	[[0.0, 0.0, 0.9196], [0.0, -1.0, 0.0], [0.9196, 0.0, 0.0]]
9	[[-0.30792515101507295, 0.09349718223056193, 0.9468053539599837], [0.3027085282091916, -0.9338174967034747, 0.1906631317268273], [0.9019698710720718, 0.34531602882779927, 0.2592434992682147]]	0.6080110763064424	0.39198892369355776	[[-0.1872219024904983, 0.05684732239962355, 0.5756681423139118], [0.18405013804360965, -0.5677713812444675, 0.11592529593318529], [0.5484076721065133, 0.20995597035345673, 0.15762291901551564]]	0.7994860197772964	0.3010698216508241	[[-0.17736223776148985, 0.07247532577167934, 0.7282545877674077], [0.26103560988752733, -0.8372830581302521, 0.13179783800229256], [0.6694624958134492, 0.2444322543992501, 0.10488691198981052]]	[[0.06881961561287372, -0.0022743643102251868, -0.028703056173893904], [0.019024373516917305, -0.0907090244923926, -0.02063467030026295], [-0.05164980636900279, -0.03164308305358932, -0.10237464139327293]]	0.4825756403577545	[[0.0, 0.0, 0.9196], [0.0, -1.0, 0.0], [0.9196, 0.0, 0.0]]
9	[[0.3802729664721569, 0.7767473726770865, -0.5020517802076895], [0.4287143634067757, 0.332951791095048, 0.839849450446521], [0.8195098935212374, -0.5346088512602871, -0.20639019011321075]]	0.5595325213780631	0.4404674786219372	[[0.2127750917420816, 0.4346154159077961, -0.2809142984419536], [0.2398796287079844, 0.18629735516875442, 0.46992308058632265], [0.4585424370162059, -0.2991310384966983, -0.11548202346174259]]	0.7529679266145832	0.38089395212558497	[[0.29878381422653455, 0.4368440225201267, -0.35459863513071266], [0.41195808816803237, 0.3128836254202729, 0.7114576611379714], [0.5399034969380645, -0.3843072401910829, -0.03823688210564551]]	[[0.012450467114417677, -0.14802183618786416, 0.023430252865431808], [0.08914992284374151, 0.06218160561682283, 0.07907796176685732], [-0.07716116842675953, 0.01823607809217957, 0.11716831141748842]]	0.4596477578221424	[[0.3575739357542527, 0.3575739357542528, -0.5056859094947901], [0.5, 0.5000000000000001, 0.7071067811865475], [0.5056859094947901, -0.50568590949479, 0.0]]
9	[[-0.5446221603179724, 0.8109226453022452, -0.2139887049042392], [-0.8354447797583356, -0.5021691245819775, 0.22328947644507607], [0.07361197229480154, 0.30038414347728, 0.9509735242804028]]	0.6016791318386462	0.39832086816135387	[[-0.32768778860020564, 0.4879152332137533, -0.12875253819005894], [-0.5026696897841244, -0.30214468291465707, 0.13434861833617923], [0.044290787583266676, 0.18073487066550514, 0.5721809244905706]]	0.7674779255735673	0.3321928560601173	[[-0.44118540152103036, 0.5888021035873472, -0.08721116787942684], [-0.731963481954865, -0.393766160800232, 0.10493323383809375], [0.06923345823289442, 0.09302048847634946, 0.7047199215649019]]	[[-0.023199915698798163, -0.03356312602984962, 0.0770204394566529], [-0.09077805545467185, -0.008362442778961787, -0.06643651034638115], [0.012737894438701235, -0.13751771083478623, -0.02513126612520624]]	0.4358081348513066	[[-0.5979748621424256, 0.5979748621424255, 0.0], [-0.7071067811865475, -0.7071067811865476, 0.0], [0.0, 0.0, 0.84566416]]
9	[[0.08740825448676931, -0.06334395238859675, -0.994156597696443], [0.7119981850616444, -0.6940087028176986, 0.10681996481098455], [-0.6967197295301035, -0.717174639895393, -0.015561310176609944]]	0.634388653112375	0.3656113468876251	[[0.05545080483476529, -0.040184684638616304, -0.6306816649954278], [0.4516835696397121, -0.4402712462287863, 0.06776537360195178], [-0.4419910908134207, -0.45496745384959086, -0.009871918603603477]]	0.8458403952575678	0.2557881242894972	[[0.047657783129773174, -0.04765778312977318, -0.7420191802219182], [0.6732938356978289, -0.6649239122004296, 0.09424384234353318], [-0.5320979449003231, -0.5391760892240155, 0.0]]	[[-0.026275649394089856, 0.0059210905957740485, 0.0988786293215601], [0.07105700942261664, -0.0779033166969153, 0.0038912010864105267], [0.057215746509165284, 0.06743919165380759, 0.013162384750509369]]	0.26211111948998134	[[0.0, 0.0, -0.777672761536], [0.7071067811865475, -0.7071067811865476, 0.0], [-0.5498976832261745, -0.5498976832261744, 0.0]]
9	[[0.8592155572171323, 0.2624339665249735, -0.4391776855101157], [-0.4266000482917053, 0.8413623931712975, -0.33184593135155627], [0.2824199444684594, 0.4724804086637203, 0.8348660002631537]]	0.5534071165313786	0.4465928834686214	[[0.47549600399843495, 0.14523282469447796, -0.24304405658307773], [-0.23608350263725944, 0.4656159359628679, -0.18364590000193454], [0.15629320711924222, 0.2614740205761568, 0.46202078589571705]]	0.7431592185389927	0.45300163155024353	[[0.46450146173127704, 0.1876859208128172, -0.28624984659603214], [-0.3529122787421466, 0.7495625062810383, -0.2516973151208975], [0.23831249274088673, 0.31146915594263525, 0.46116612080123404]]	[[-0.1740325003267521, -0.007344300667970283, 0.04012909896742891], [-0.03588052022498636, 0.12429628766376015, -0.0050829521023307185], [0.028429507509880745, -0.039659015334879005, -0.15927224353910577]]	0.5505818127768998	[[0.5613393725053154, -0.09631061013390638, -0.3288249913196108], [-0.14644660940672619, 0.8535533905932737, -0.5], [0.3288249913196108, 0.32882499131961085, 0.46502876237140894]]
9	[[0.8787972042104137, -0.3840163418041313, 0.28327887866788265], [-0.395223040501579, -0.9183905790867732, -0.018907472103605397], [0.2674214316928388, -0.09534250611366366, -0.9588511794847616]]	0.5915392001117206	0.4084607998882793	[[0.5198429952390446, -0.22716071966064494, 0.16757056129574446], [-0.2337899212440262, -0.5432640285431298, -0.01118451092430141], [0.158190259796313, -0.056398829803123454, -0.5671980597385957]]	0.7958391520925051	0.36118996491593	[[0.5564220500963861, -0.2361445604431215, 0.22678412496978628], [-0.34550678262153844, -0.8471690156161478, -0.02345985262878839], [0.20357236627113134, -0.07587729922387257, -0.6460186819964455]]	[[-0.14295917176369352, 0.06947067940794399, 0.0013397023650229354], [-0.030972813181340025, -0.11627783586598527, -0.008412546061642379], [-0.009252079178661245, 0.0, 0.11707262766760558]]	0.5099245533237851	[[0.5979748621424256, -0.5979748621424255, 0.0], [-0.7071067811865475, -0.7071067811865476, 0.0], [0.0, 0.0, -0.84566416]]
9	[[-0.42203838922340475, -0.825029846081567, 0.3757783270710803], [0.2588054115689476, 0.28760896992378115, 0.9221175843470338], [-0.8688517462515349, 0.4864224845687207, 0.09214016247897017]]	0.5470316139539749	0.45296838604602513	[[-0.23086834120741495, -0.4513174082621992, 0.20556262474661774], [0.14157474199058415, 0.15733119900504627, 0.5044274704206986], [-0.47528937303870666, 0.26608847679712977, 0.05040358179085253]]	0.7481213436803285	0.4019444304857244	[[-0.22422542161434517, -0.49155247070884944, 0.27106463198896297], [0.26894335399612207, 0.23567723279624309, 0.8286773521706429], [-0.5701619042976094, 0.2935295722634931, 0.023573060012339216]]	[[0.09151050521614974, 0.12566996631806693, -0.01006315498539953], [0.07532550174142065, 0.0205108237623487, 0.1388215059376814], [0.07984463156708872, -0.07037347048838204, -0.04535896214835172]]	0.5732527350785535	[[-0.3575739357542527, -0.3575739357542528, 0.5056859094947901], [0.5, 0.5000000000000001, 0.7071067811865475], [-0.5056859094947901, 0.50568590949479, 0.0]]
9	[[-0.8305561570912853, 0.32773595720904825, 0.4502950280316503], [-0.5100865793185324, -0.772219296347621, -0.37879947194723407], [0.22358030216652452, -0.5443036842615101, 0.808545204538665]]	0.5355508850276658	0.4644491149723343	[[-0.4448050849954148, 0.17551928193869493, 0.24115590078590793], [-0.2731773189947747, -0.4135627275944097, -0.20286639244935367], [0.11973862870003518, -0.29150231983007074, 0.43301709987555687]]	0.7258133057859764	0.41723469357495196	[[-0.519921355127935, 0.18167869388786448, 0.23784987627298476], [-0.4403296951133261, -0.6711153023752882, -0.26004507129751225], [0.13470806896921075, -0.3402892329238637, 0.4904101431320948]]	[[0.08290735489138738, -0.05619642463896611, -0.08898024660165621], [-0.07010206874108138, -0.11062826210150076, 0.014892625666491851], [-0.027569489254901908, 0.05477362350146916, -0.09644272465151199]]	0.5404815982687046	[[-0.46502876237140894, 0.32882499131961085, 0.3288249913196108], [-0.7071067811865475, -0.5000000000000001, -0.5], [0.0, -0.4650287623714089, 0.46502876237140894]]
9	[[0.04673222253661188, -0.9725397674033924, -0.22799671093185395], [-0.8377629715199755, -0.16246744520517667, 0.5213036857710898], [-0.5440306084466285, 0.16664552219444034, -0.8223502702654952]]	0.5383988377903944	0.46160116220960556	[[0.0251605743010739, -0.523614280474927, -0.12275316418574267], [-0.451050610210182, -0.0874722836772417, 0.28066929855500367], [-0.29290544731006596, 0.08972175547246006, -0.44275242976755935]]	0.7068531306387211	0.46054560150335905	[[-0.002807494219633569, -0.7114436379827418, -0.11161405163460557], [-0.6726602005519043, -0.15081500506441636, 0.2809959755694179], [-0.24642208123799844, 0.01968691726950374, -0.5134684495019642]]	[[-0.03584031202134297, -0.02400085872300007, 0.04954613726290698], [-0.08048482139981186, -0.03597438279426245, -0.08748916673138105], [0.13812765750578923, -0.0981069918005609, 0.06781241351679951]]	0.48317276602941484	[[-0.0885672370791404, -0.5162076869558879, -0.30238746201751404], [-0.8535533905932738, -0.14644660940672602, 0.5], [-0.30238746201751404, 0.3023874620175141, -0.4276404498767476]]
9	[[-0.3195682178843842, -0.5708200961323295, -0.7563336379995778], [0.910087742671785, 0.03735879733279218, -0.41272826520656647], [0.2638493031197415, -0.8202248094963509, 0.507557688474819]]	0.5249904043747528	0.47500959562524725	[[-0.16777024793244194, -0.2996750730937469, -0.3970679024556261], [0.4777873320417664, 0.019613010118696997, -0.21667837884768548], [0.1385183523388298, -0.4306101544156937, 0.26646291611590994]]	0.6896406785192319	0.4954401639596302	[[-0.23915788337057872, -0.37732077831991473, -0.3825580080524089], [0.7782292638295368, 0.014418513351840162, -0.22774307995005288], [0.16286997887707172, -0.38255800805240886, 0.3135132382833796]]	[[-0.018770640755610267, 0.016339980089198212, 0.13904043524453896], [0.15059573546133098, -0.01134563298940909, 0.056891120911069105], [-0.01909123355325323, 0.1831023861069624, -0.03651919038404752]]	0.5143196758473052	[[-0.27807551007130593, -0.278075510071306, -0.3932581577066571], [0.8535533905932738, -0.14644660940672602, -0.5], [0.08144643121797751, -0.4747045889246345, 0.27807551007130593]]
9	[[0.5319609947059123, -0.8460851799387872, 0.03402011756955908], [-0.703274286200726, -0.4190807785627857, 0.5742617690636116], [-0.47161719485230363, -0.3294103357928521, -0.8179645788128509]]	0.576639159869119	0.42336084013088116	[[0.30674954107035807, -0.4878858473376146, 0.019617332013959196], [-0.40553549355234103, -0.24165838806774104, 0.33114182405779496], [-0.271952943019463, -0.18995089928379458, -0.4716704075293401]]	0.7133007657849376	0.47572145089480955	[[0.43534893998969804, -0.5592760978921973, 0.0870472002576861], [-0.5226603202385138, -0.3449787186102959, 0.3344448157830099], [-0.24314278618388965, -0.10979371385335865, -0.5058826614448231]]	[[0.05590075509825366, 0.044237108877426184, 0.06278062434322601], [-0.021014233334680617, -0.04604807833571306, -0.0751765438510773], [0.09326212006160264, 0.12517493092515616, 0.07757209900733741]]	0.46932486812087043	[[0.46502876237140894, -0.4650287623714089, 0.0], [-0.5, -0.5000000000000001, 0.7071067811865475], [-0.3288249913196108, -0.32882499131961085, -0.46502876237140894]]
9	[[0.22433838825039393, -0.7661379269479729, -0.6022499185961573], [-0.9416906372873723, -0.011392912655017143, -0.3362869982418849], [0.2507808429735371, 0.642575192824231, -0.724020780340167]]	0.5095257507663955	0.49047424923360455	[[0.11430618569900505, -0.3903670024187758, -0.3068618419217076], [-0.4798156289535338, -0.0058049823739635825, -0.1713468852521739], [0.127779297293921, 0.32740860754762763, -0.36890723167329503]]	0.6967689384824176	0.49178341324233543	[[0.18606608806858693, -0.42571562863929324, -0.33518413912037126], [-0.8151431498180167, 0.04620996069818599, -0.2039976426198997], [0.14588847991237405, 0.33518413912037126, -0.3568982459026346]]	[[0.029754067426503546, 0.10810548145136595, 0.08444489736099561], [-0.159002364096463, 0.054148188355045174, 0.03031669217053711], [-0.02884782183802322, -0.11254229587890299, 0.1475769446541953]]	0.5055484130531978	[[0.0885672370791404, -0.5162076869558879, -0.30238746201751404], [-0.8535533905932738, 0.14644660940672602, -0.5], [0.30238746201751404, 0.3023874620175141, -0.4276404498767476]]
