9	[[0.8787972042104137, -0.3840163418041313, 0.28327887866788265], [-0.395223040501579, -0.9183905790867732, -0.018907472103605397], [0.2674214316928388, -0.09534250611366366, -0.9588511794847616]]	0.7449573965601917	0.25504260343980845	[[0.6546664773529649, -0.28607581422697437, 0.2110306959529163], [-0.2944243273126595, -0.6841618548218893, -0.014085261193836325], [0.1992175735382963, -0.07102610513595907, -0.7143032783576371]]	0.8383298306507428	0.25826757194427047	[[0.6863077968606175, -0.3087360113981822, 0.1381476444766942], [-0.35846260896893534, -0.8404852079475529, -0.02664016540320655], [0.1266708335412396, -0.052711224297822955, -0.8038335469167253]]	[[-0.05041411452144493, 0.013196343393592977, -0.09933348990388413], [-0.027135344355974873, -0.07057098931050072, -0.010789467516557388], [-0.0975165300021971, 0.02721724270626209, 0.0]]	0.37892413504850014	[[0.5487291645593123, -0.3880101132947187, 0.3880101132947186], [-0.5, -0.8535533905932737, -0.14644660940672619], [0.3880101132947186, -0.1136455310150625, -0.6623746955743749]]
9	[[0.04673222253661188, -0.9725397674033924, -0.22799671093185395], [-0.8377629715199755, -0.16246744520517667, 0.5213036857710898], [-0.5440306084466285, 0.16664552219444034, -0.8223502702654952]]	0.7187296847946603	0.28127031520533957	[[0.03358783557349299, -0.6989932004761125, -0.16386800418227065], [-0.60212511645319, -0.11677017568171039, 0.37467643375654996], [-0.3910109477274925, 0.11977308363925171, -0.5910475505387232]]	0.7775384556899925	0.36808356575552875	[[-0.01336126545094949, -0.8246170352990385, -0.13635976806201106], [-0.6880198858780666, -0.15817270001665332, 0.27917173748193985], [-0.2847552817605203, 0.04918845244420243, -0.5992488056867395]]	[[-0.049697365593027856, -0.06842996645510022, 0.04091644245834031], [-0.03662695876816592, -0.03184801357192168, -0.12616192529801445], [0.13824943737915826, -0.08038484953051507, 0.04016015349174143]]	0.28636844716806764	[[0.1100997904473927, -0.7195609135050236, -0.1879520988799617], [-0.8535533905932738, -0.2500000000000001, 0.4571067811865474], [-0.3759041977599234, 0.11009979044739257, -0.6417086050724545]]
9	[[0.08740825448676931, -0.06334395238859675, -0.994156597696443], [0.7119981850616444, -0.6940087028176986, 0.10681996481098455], [-0.6967197295301035, -0.717174639895393, -0.015561310176609944]]	0.8204356463733512	0.17956435362664908	[[0.07171284776821897, -0.051969636521781146, -0.8156415108274127], [0.5841486911777031, -0.5693894786849699, 0.08763890687527874], [-0.571613701638097, -0.5883956392451521, -0.012767053573163179]]	0.9255583715172147	0.12629819653595273	[[0.05617467406759876, -0.056174674067598775, -0.8724074409833434], [0.6843887342861625, -0.6717711692348769, 0.09018182888920794], [-0.6322939903039401, -0.6434090569993604, 0.0]]	[[-0.024726767612337705, 0.0024538513506548176, 0.0477425206136711], [0.02539285359729443, -0.02942560443615316, -0.008686283786773111], [0.012560787963856885, 0.020377934795664465, 0.014402900905737362]]	0.16064303895314125	[[0.0, 0.0, -0.9092899486720003], [0.7071067811865475, -0.7071067811865476, 0.0], [-0.6429650887707392, -0.6429650887707391, 0.0]]
9	[[0.8592155572171323, 0.2624339665249735, -0.4391776855101157], [-0.4266000482917053, 0.8413623931712975, -0.33184593135155627], [0.2824199444684594, 0.4724804086637203, 0.8348660002631537]]	0.7539930399304813	0.24600696006951878	[[0.647842549941708, 0.19787338420117898, -0.33113691816740504], [-0.3216534672459531, 0.6343813885104115, -0.25020952256832163], [0.21294267246677143, 0.35624693963595466, 0.6294831534730172]]	0.802798034754754	0.23911731843436418	[[0.7090259971523192, 0.17535794572161453, -0.30950146429449354], [-0.34578946236710173, 0.7301481037323272, -0.3959052549343274], [0.21807000815933134, 0.38192117249682, 0.6704680027581963]]	[[0.019249436387694534, -0.035323526857529076, 0.04306951854116876], [-0.003315781972237591, 0.05470402797785306, -0.12949999340393703], [-0.008656168235494643, 0.002614828961462266, 0.00023921846337478236]]	0.3340126896726426	[[0.5866587098487581, 0.32085430253622726, -0.34365671574510004], [-0.573223304703363, 0.7803300858899106, -0.2499999999999999], [0.18795209887996175, 0.3436567157451, 0.6417086050724545]]
9	[[0.3802729664721569, 0.7767473726770865, -0.5020517802076895], [0.4287143634067757, 0.332951791095048, 0.839849450446521], [0.8195098935212374, -0.5346088512602871, -0.20639019011321075]]	0.7248381985604944	0.27516180143950597	[[0.2756363719789334, 0.5630161663478562, -0.3639063079498308], [0.3107485468687764, 0.2413361764648246, 0.6087549627236775], [0.594012074922436, -0.3875049166820017, -0.1495994936022176]]	0.8364345679427789	0.2614449817418611	[[0.34670378313997885, 0.5718504238300678, -0.4259588031419622], [0.4051985446878349, 0.2934297609095592, 0.716344041884799], [0.6376465235157857, -0.4259588031419622, -0.07781330941692187]]	[[0.028630328728521524, -0.07784792923577974, -0.00602533927904046], [0.04660703136082506, 0.014937373379198426, 0.013864929663582944], [-0.047819880196483325, 0.021206520380321416, 0.0948185800780496]]	0.3874448031707089	[[0.4404600511367169, 0.440460051136717, -0.6229045780010922], [0.5, 0.5000000000000001, 0.7071067811865475], [0.6229045780010922, -0.6229045780010921, 0.0]]
9	[[-0.3195682178843842, -0.5708200961323295, -0.7563336379995778], [0.910087742671785, 0.03735879733279218, -0.41272826520656647], [0.2638493031197415, -0.8202248094963509, 0.507557688474819]]	0.7269175439002695	0.2730824560997306	[[-0.23229974405310255, -0.4149391422894288, -0.5497921905038085], [0.6615587466367144, 0.027156765200221242, -0.3000194168421762], [0.19179668738360017, -0.5962358039651537, 0.36895258829381355]]	0.7832435785354952	0.24194010265919108	[[-0.28982910012265956, -0.465763926881279, -0.5741509699813404], [0.7744872109667228, 0.002880546286067223, -0.3152492634479673], [0.18506320038979263, -0.61070450371784, 0.4256413033280475]]	[[-0.039529345560683674, -0.018672752086617877, 0.018242495212218567], [0.06166683061518317, -0.026380491826651305, 0.00801749995517069], [-0.021595071979810275, 0.03173131127567681, 0.028100003093826192]]	0.3289310989579553	[[-0.4005058972901719, -0.400505897290172, -0.5664008717581671], [0.8535533905932738, -0.14644660940672602, -0.5], [0.11730546141108858, -0.6837063331692556, 0.4005058972901719]]
9	[[0.034229894132735264, 0.2773841392786001, 0.9601491309293217], [-0.1827544195208179, -0.9427759796974285, 0.2788803941677556], [0.9825625356654255, -0.18501754344446375, 0.018422055382213542]]	0.862802892017044	0.13719710798295617	[[0.02953365165116124, 0.23932783756923473, 0.82841944693347], [-0.1576810416914578, -0.8134298418071434, 0.24061881061479273], [0.8477577973597291, -0.15963367155777242, 0.015894602660671994]]	0.9139709710605002	0.13148994649856566	[[0.009056722014781969, 0.2340063324139398, 0.8522499439202246], [-0.16522091233129294, -0.826453378409457, 0.2537576952166269], [0.8850664450895566, -0.15853170731047164, 0.0]]	[[-0.022228407565012202, -0.01951471871930336, -0.025298489638142956], [0.0018113219437470122, 0.03521649924711603, -0.001130889450611725], [-0.01296718976023974, 0.010568956534693185, -0.016837223846612022]]	0.2950620173957608	[[-0.055049895223696264, 0.21075451208883475, 0.7195609135050236], [-0.2803300858899109, -0.9267766952966368, 0.25000000000000017], [0.7195609135050236, -0.18795209887996184, 0.1100997904473927]]
9	[[0.8489524140446696, -0.5135124485683378, 0.12483895166604869], [0.522794976890395, 0.7815435453534784, -0.34040431673891397], [0.0772347773085365, 0.35425224329800037, 0.9319550081910795]]	0.7959326612546342	0.20406733874536573	[[0.6757089541891202, -0.4087213297763805, 0.09936339902779681], [0.4161095972469271, 0.622056033939576, -0.27093891372456924], [0.0614736818445925, 0.28196093076360157, 0.7417734298391105]]	0.8953541983438761	0.1763995132428822	[[0.7325470492041151, -0.46463227292683656, 0.06305366408523583], [0.5082980043332962, 0.666682650910636, -0.2964012604124939], [0.022917516512890576, 0.28306522787338184, 0.8146408559858613]]	[[-0.02756605890494855, -0.004856746199331538, -0.04872141540580911], [0.040211326901391425, -0.033075643610158564, 0.00838117371407138], [-0.04623496560846192, -0.03411600543621915, -0.019788973265623278]]	0.4066038171104333	[[0.5866587098487581, -0.32085430253622726, 0.34365671574510004], [0.573223304703363, 0.7803300858899106, -0.2499999999999999], [-0.18795209887996175, 0.3436567157451, 0.6417086050724545]]
9	[[-0.5446221603179724, 0.8109226453022452, -0.2139887049042392], [-0.8354447797583356, -0.5021691245819775, 0.22328947644507607], [0.07361197229480154, 0.30038414347728, 0.9509735242804028]]	0.7597160865639155	0.2402839134360845	[[-0.41375821629275544, 0.6160709785950799, -0.16257066145872914], [-0.634700838618255, -0.38150596212064736, 0.16963660721575877], [0.055924199516058, 0.22820666594841285, 0.7224698842922023]]	0.8370224585215605	0.19252740740392	[[-0.47303058845427465, 0.6615908573820907, -0.11873747989416189], [-0.7595659845282113, -0.45494231516427786, 0.20701653570551376], [0.04648260004579209, 0.19557535464162656, 0.8131558061416976]]	[[-0.01716960885960195, -0.017169608859601948, 0.06037587198062908], [-0.06027994101588561, -0.034615479913051375, 0.02011822916946412], [-0.015132273981023688, -0.055852919632619465, 0.01716960885960195]]	0.37501051963780774	[[-0.3759041977599234, 0.5316088146250619, -0.3759041977599234], [-0.8535533905932737, -0.49999999999999983, 0.14644660940672619], [-0.11009979044739249, 0.37590419775992345, 0.6417086050724545]]
9	[[0.5319609947059123, -0.8460851799387872, 0.03402011756955908], [-0.703274286200726, -0.4190807785627857, 0.5742617690636116], [-0.47161719485230363, -0.3294103357928521, -0.8179645788128509]]	0.7489045560381963	0.2510954439618038	[[0.39838801256986855, -0.6336370460525548, 0.025477821044797858], [-0.526685317080234, -0.3138515044137047, 0.4300672552102932], [-0.3531962659308439, -0.24669690128133903, -0.6125773997508083]]	0.8133698605963319	0.23091914411868214	[[0.46991955827798626, -0.6694028517435522, 0.004689602095507659], [-0.6039140990508778, -0.38453050885843437, 0.5540968669778356], [-0.3379005544264046, -0.3312684555408045, -0.665307735441746]]	[[0.0372385181713522, 0.01877733311588154, -0.022981336189515426], [-0.03189199092280852, -0.043662834420219065, 0.08700965192876287], [0.045698657605446655, -0.06333601663798145, 9.458583712018011e-18]]	0.3460960402737592	[[0.6034699551674583, -0.6034699551674582, 0.0], [-0.5, -0.5000000000000001, 0.7071067811865475], [-0.4267176975412514, -0.4267176975412515, -0.6034699551674583]]
9	[[-0.30792515101507295, 0.09349718223056193, 0.9468053539599837], [0.3027085282091916, -0.9338174967034747, 0.1906631317268273], [0.9019698710720718, 0.34531602882779927, 0.2592434992682147]]	0.769025833446473	0.2309741665535271	[[-0.2368023958984976, 0.07190174848975467, 0.7281177764406594], [0.2327906781974288, -0.7181297786892887, 0.14662487378373804], [0.6936381318448077, 0.26555694687172465, 0.19936494809031896]]	0.8410855103850071	0.2709338959266686	[[-0.2481057462744637, 0.07597534056884693, 0.7353291696261063], [0.24474615512446468, -0.8496776829217713, 0.1181640214931441], [0.6726627457909784, 0.25873548736656454, 0.17213040570561677]]	[[0.01088563652742936, -0.0026637846671052545, -0.061015094744583914], [-0.009857601822257532, -0.06425731710047938, -0.04219997596691824], [-0.0859710435715742, -0.03170482098418889, -0.045915545190384814]]	0.3608355923528264	[[-0.3759041977599234, 0.11009979044739257, 0.6417086050724545], [0.14644660940672619, -0.9571067811865475, 0.2499999999999999], [0.6417086050724545, 0.1879520988799617, 0.34365671574510004]]
9	[[-0.42203838922340475, -0.825029846081567, 0.3757783270710803], [0.2588054115689476, 0.28760896992378115, 0.9221175843470338], [-0.8688517462515349, 0.4864224845687207, 0.09214016247897017]]	0.7114432053060421	0.2885567946939579	[[-0.30025634439129806, -0.5869618781694206, 0.26734493749599164], [0.1841253515571615, 0.20461744743734392, 0.6560342898769185], [-0.6181386712889441, 0.34606197155449947, 0.06555249253145805]]	0.8365133138502283	0.2693537445216304	[[-0.2724409100625162, -0.6084791922109177, 0.3252353924910435], [0.26106357536713526, 0.23439781620730568, 0.8298799787224655], [-0.7075675524445938, 0.3617992266694031, 0.02349040328627594]]	[[0.08059982147876661, 0.0816692583601178, 0.010891818839719142], [0.04456940289322268, -0.006190916316687254, 0.0585163424807609], [0.019238501056835586, -0.04509965782843893, -0.05358606936770586]]	0.39556639166426916	[[-0.1100997904473927, -0.6417086050724544, 0.3759041977599234], [0.25000000000000017, 0.45710678118654735, 0.8535533905932738], [-0.7195609135050236, 0.18795209887996184, 0.1100997904473927]]
9	[[0.22433838825039393, -0.7661379269479729, -0.6022499185961573], [-0.9416906372873723, -0.011392912655017143, -0.3362869982418849], [0.2507808429735371, 0.642575192824231, -0.724020780340167]]	0.7197000425499024	0.2802999574500977	[[0.16145634756938504, -0.5513894986235501, -0.43343929203932974], [-0.6777347917245665, -0.008199479722583197, -0.2420257669436635], [0.18048698335875504, 0.4624613936171108, -0.5210777864178316]]	0.7578297703311789	0.39826398775247035	[[0.18963820725866476, -0.5169057128420371, -0.3912033096065589], [-0.8423388468827384, 0.032551914888768185, -0.17114459774540397], [0.15076471654942708, 0.39120330960655886, -0.44469171368326904]]	[[0.019627898014401894, 0.06369641637895072, 0.06519960788513823], [-0.12869764750422744, 0.04118580326952289, 0.08370370089760522], [-0.03928447208466802, -0.09575930119194115, 0.10399278799692083]]	0.3605845275683802	[[0.12108325909484782, -0.7057249516610812, -0.41340410537796435], [-0.8535533905932738, 0.14644660940672602, -0.5], [0.41340410537796435, 0.41340410537796446, -0.5846416925662336]]
9	[[-0.8305561570912853, 0.32773595720904825, 0.4502950280316503], [-0.5100865793185324, -0.772219296347621, -0.37879947194723407], [0.22358030216652452, -0.5443036842615101, 0.808545204538665]]	0.729031158663976	0.27096884133602384	[[-0.6055013175397591, 0.2389297246199597, 0.3282791060265416], [-0.37186900993953387, -0.5629719283589865, -0.2761566179349944], [0.16299700674290324, -0.3968143456022397, 0.5894546472970246]]	0.7864836088802964	0.3646454276724865	[[-0.6300802802332228, 0.25044110563355526, 0.1987057590064612], [-0.5637427518177415, -0.6280792431473786, -0.30449265218153954], [0.18022995367888786, -0.28150980199849823, 0.6095582756911657]]	[[0.023138523573681624, -0.007317852752055525, -0.15544389970072542], [-0.16256801807389648, -0.02074142410889869, -0.006573076442528183], [0.004387710756412504, 0.14657612392633568, -0.026349274717260993]]	0.4278426451486628	[[-0.6034699551674583, 0.4267176975412515, 0.4267176975412514], [-0.7071067811865475, -0.5000000000000001, -0.5], [0.0, -0.6034699551674582, 0.6034699551674583]]
