9	[[-0.42203838922340475, -0.825029846081567, 0.3757783270710803], [0.2588054115689476, 0.28760896992378115, 0.9221175843470338], [-0.8688517462515349, 0.4864224845687207, 0.09214016247897017]]	0.5807195651570732	0.4192804348429267	[[-0.24508594986940727, -0.4791109734580947, 0.21822182669217022], [0.1502933660666166, 0.16702015594941189, 0.5354917226057004], [-0.5045592082691552, 0.2824750537213707, 0.05350759508828965]]	0.7698267676434988	0.373023627318936	[[-0.2398179008002084, -0.5121025019660254, 0.28766727446160806], [0.2705226241353818, 0.23628598608135437, 0.8273502358982154], [-0.5963582959303786, 0.3134105011365541, 0.025743226674946166]]	[[0.085078548197114, 0.12302755765236073, -0.0016169404180031832], [0.07128729069861348, 0.014876902419653625, 0.11747943655310707], [0.07250703544785, -0.06105054786810382, -0.045188736776386206]]	0.5520129598187659	[[-0.07710206804315727, -0.44938378475676377, 0.26324292639996044], [0.25000000000000017, 0.45710678118654735, 0.8535533905932738], [-0.5039031799135868, 0.1316214631999803, 0.07710206804315727]]
9	[[0.5319609947059123, -0.8460851799387872, 0.03402011756955908], [-0.703274286200726, -0.4190807785627857, 0.5742617690636116], [-0.47161719485230363, -0.3294103357928521, -0.8179645788128509]]	0.6066991285324994	0.3933008714675006	[[0.32274027190135857, -0.5133191413331252, 0.02063997568202467], [-0.42667589655729604, -0.25425594313876343, 0.3484041148404246], [-0.2861297411178346, -0.19985296365512137, -0.49625839713620956]]	0.7283865819418509	0.45763380131097176	[[0.4495055334858525, -0.5846998709965021, 0.09172970495799367], [-0.5139823166025718, -0.35172813298974515, 0.3403271204449082], [-0.2481757437457938, -0.10675692704281757, -0.5289398947746285]]	[[0.06203228282562606, 0.031577221250766827, 0.06694990780424266], [-0.0017267631092298397, -0.046475317134867904, -0.07795744666321638], [0.09534389279767952, 0.13318114150165533, 0.06685452893636967]]	0.43966292349303837	[[0.4951078802277775, -0.4951078802277774, 0.0], [-0.5, -0.5000000000000001, 0.7071067811865475], [-0.35009413952795837, -0.3500941395279584, -0.4951078802277775]]
9	[[-0.30792515101507295, 0.09349718223056193, 0.9468053539599837], [0.3027085282091916, -0.9338174967034747, 0.1906631317268273], [0.9019698710720718, 0.34531602882779927, 0.2592434992682147]]	0.6314864735434269	0.36851352645657304	[[-0.1944505677298356, 0.059042205893024724, 0.5978947741042263], [0.19115634099034334, -0.589693117926428, 0.12040118868892005], [0.5695817731257221, 0.2180624013024873, 0.16370876314194288]]	0.8092069854017647	0.2992413887304571	[[-0.20781223709935337, 0.06942092573083145, 0.7157611284522573], [0.2527172689160171, -0.8449593299471662, 0.1215840194449466], [0.6558701420883554, 0.24276564622467123, 0.13839131136852192]]	[[0.04136294608293704, -0.006237647245521005, -0.05040037778795198], [0.0077634133484520765, -0.08930768852432494, -0.032701918606978894], [-0.07401017820509423, -0.03666649647398112, -0.07139033915931473]]	0.4796553822847766	[[0.0, 0.0, 0.9312], [0.0, -1.0, 0.0], [0.9312, 0.0, 0.0]]
9	[[0.8787972042104137, -0.3840163418041313, 0.28327887866788265], [-0.395223040501579, -0.9183905790867732, -0.018907472103605397], [0.2674214316928388, -0.09534250611366366, -0.9588511794847616]]	0.6115549859233537	0.38844501407664644	[[0.5374328118503823, -0.23484710850636334, 0.1732406106561204], [-0.2417006209705282, -0.5616463376655522, -0.011562958836166613], [0.16354290989451709, -0.05830718498423884, -0.5863902195723946]]	0.8056956863598805	0.31786155167818825	[[0.6216190814516769, -0.23923684159966246, 0.1795656851785064], [-0.3217284893936671, -0.8586425682684853, -0.01953853943478469], [0.1631028954842907, -0.05668721106693206, -0.7136964039187471]]	[[-0.08642403516577662, 0.07016346848362759, -0.048670885401070604], [-0.0032989905115085663, -0.1186992403047194, -0.004304870720940046], [-0.05235739847081292, 0.020129834835587286, 0.05884585525320889]]	0.5024201296223394	[[0.6131559356176183, -0.6131559356176182, 0.0], [-0.7071067811865475, -0.7071067811865476, 0.0], [0.0, 0.0, -0.86713344]]
9	[[0.8489524140446696, -0.5135124485683378, 0.12483895166604869], [0.522794976890395, 0.7815435453534784, -0.34040431673891397], [0.0772347773085365, 0.35425224329800037, 0.9319550081910795]]	0.7007421953669871	0.29925780463301294	[[0.5948967783797652, -0.35983984055805407, 0.08747992105778017], [0.3663444998330087, 0.547660539745895, -0.2385356682240258], [0.05412166740986424, 0.2482394946823208, 0.6530601984230754]]	0.8556998295315105	0.24240511981564944	[[0.6752318094977243, -0.4230294806479568, 0.05397129727739428], [0.49366673458311033, 0.665212428879256, -0.31458196013053685], [0.022079371078450132, 0.2609324616446077, 0.747846382664496]]	[[-0.05121662648066382, 0.01638303405427847, -0.05285337238213607], [0.04631116197806931, -0.003554249651167695, -0.023298044325257877], [-0.044010414698368736, -0.04220112255664636, -0.04962735897564838]]	0.4503199252027984	[[0.6584578346409131, -0.658457834640913, 0.0], [0.7071067811865475, 0.7071067811865476, 0.0], [0.0, 0.0, 0.9312]]
9	[[0.22433838825039393, -0.7661379269479729, -0.6022499185961573], [-0.9416906372873723, -0.011392912655017143, -0.3362869982418849], [0.2507808429735371, 0.642575192824231, -0.724020780340167]]	0.5507691029273638	0.4492308970726362	[[0.12355865284884009, -0.42196509874376514, -0.3317006474032834], [-0.5186541075338638, -0.0062748642827336575, -0.1852164883478189], [0.1381223399159031, 0.35391056251517955, -0.3987682756887237]]	0.7148875481315689	0.4676790501818072	[[0.1887918303107338, -0.461112334577668, -0.3352560598203058], [-0.8187577203645229, 0.04759780197203389, -0.20095793475144239], [0.15110437123737508, 0.33525605982030576, -0.38820809992023886]]	[[0.028415109982621777, 0.08659012954877142, 0.09528490784733809], [-0.1455548095756988, 0.05574245336605618, 0.039449452890223946], [-0.028175730714344798, -0.12411294426797885, 0.12938534053344833]]	0.4711386290623934	[[0.0954854336943818, -0.5565298917624881, -0.32600766272843484], [-0.8535533905932738, 0.14644660940672602, -0.5], [0.32600766272843484, 0.3260076627284349, -0.46104445806810646]]
9	[[0.04673222253661188, -0.9725397674033924, -0.22799671093185395], [-0.8377629715199755, -0.16246744520517667, 0.5213036857710898], [-0.5440306084466285, 0.16664552219444034, -0.8223502702654952]]	0.561458697774439	0.43854130222556087	[[0.026238212809511403, -0.5460409113401645, -0.12801073641665395], [-0.47036930703325, -0.09121876021563852, 0.2926904885580514], [-0.3054507169678798, 0.09356457788123185, -0.461715711857723]]	0.7238778581564943	0.4424474590942581	[[-0.009291926174704876, -0.7458655021679207, -0.11744822234491196], [-0.679484270918158, -0.1421484614563955, 0.27279697578435036], [-0.2549308313751155, 0.014326439955990016, -0.5381925040179465]]	[[-0.043120347331400244, -0.04186549836793793, 0.047593548431163854], [-0.07304620545145807, -0.024541875201114522, -0.10456321972071222], [0.13888088023880438, -0.106304563721492, 0.05708864827625437]]	0.45196744237944536	[[-0.0954854336943818, -0.5565298917624881, -0.32600766272843484], [-0.8535533905932738, -0.14644660940672602, 0.5], [-0.32600766272843484, 0.3260076627284349, -0.46104445806810646]]
9	[[0.3802729664721569, 0.7767473726770865, -0.5020517802076895], [0.4287143634067757, 0.332951791095048, 0.839849450446521], [0.8195098935212374, -0.5346088512602871, -0.20639019011321075]]	0.5908220425194705	0.4091779574805299	[[0.22467365076601786, 0.45891946924670846, -0.2966232582328433], [0.25329389584542583, 0.19671525727529238, 0.49620156772166835], [0.48418450915513117, -0.3158586934505906, -0.121939873678669]]	0.7722568395821304	0.34791296664781995	[[0.3395369182819822, 0.46973375356024194, -0.3808984277536813], [0.40281547825009095, 0.3135791300543647, 0.7270732502955836], [0.542606409314002, -0.41240957403574224, -0.05471579656905008]]	[[0.04586851901567279, -0.1301147176170881, 0.006814493336091354], [0.07173787888210938, 0.05645483213009331, 0.07849376796896407], [-0.090265711062997, 0.00044576785116038676, 0.10467043936853308]]	0.4401972190754917	[[0.37596020138311675, 0.37596020138311687, -0.531688015708524], [0.5, 0.5000000000000001, 0.7071067811865475], [0.531688015708524, -0.5316880157085239, 0.0]]
9	[[-0.3195682178843842, -0.5708200961323295, -0.7563336379995778], [0.910087742671785, 0.03735879733279218, -0.41272826520656647], [0.2638493031197415, -0.8202248094963509, 0.507557688474819]]	0.566620910314105	0.4333790896858949	[[-0.18107403452510604, -0.32343860249608547, -0.42855445446449947], [0.5156747452183958, 0.021168275752946886, -0.23386046534370608], [0.14950253231945015, -0.4647565282190357, 0.28759279948052485]]	0.7031336113180124	0.4728024761393398	[[-0.23668561010072078, -0.3825739192990182, -0.4093396312474133], [0.7882476762856774, 0.014602730999213082, -0.21780097294188255], [0.163768995297338, -0.40933963124741324, 0.3168433137239493]]	[[-0.011986454997212265, 0.018788876307401656, 0.12246397100052014], [0.14833439516460714, -0.011665495083890906, 0.07240214266582891], [-0.021752318048986776, 0.1673880011463846, -0.04003755672557289]]	0.47234513745428386	[[-0.3035783355327185, -0.30357833553271857, -0.4293245993530207], [0.8535533905932738, -0.14644660940672602, -0.5], [0.08891603585620832, -0.5182406352092289, 0.3035783355327185]]
9	[[-0.5446221603179724, 0.8109226453022452, -0.2139887049042392], [-0.8354447797583356, -0.5021691245819775, 0.22328947644507607], [0.07361197229480154, 0.30038414347728, 0.9509735242804028]]	0.6332561743772024	0.3667438256227978	[[-0.34488534572400653, 0.5135217720799408, -0.1355096686275906], [-0.5290505651331681, -0.3180016987231318, 0.14139943963229729], [0.04661523596376663, 0.19022011354199497, 0.6022098559198134]]	0.7817666818368502	0.3167905773315171	[[-0.45677929455405936, 0.5996224593679329, -0.0963452356862153], [-0.7334066329270374, -0.39980749494657664, 0.10098768032767773], [0.0715573878527341, 0.10072254509989628, 0.7190823912565552]]	[[-0.031011835427461075, -0.03432984627636423, 0.07094400409733673], [-0.08028373959744538, -0.007228404701208423, -0.07357259276187686], [0.014010000528360975, -0.13410777002274124, -0.02435702533483059]]	0.4263989192469659	[[-0.6131559356176183, 0.6131559356176182, 0.0], [-0.7071067811865475, -0.7071067811865476, 0.0], [0.0, 0.0, 0.86713344]]
9	[[0.08740825448676931, -0.06334395238859675, -0.994156597696443], [0.7119981850616444, -0.6940087028176986, 0.10681996481098455], [-0.6967197295301035, -0.717174639895393, -0.015561310176609944]]	0.6713312401406633	0.32866875985933686	[[0.05867989188313353, -0.04252477411244779, -0.6674083816255757], [0.4779866245553351, -0.4659097231310188, 0.07171157944834027], [-0.4677297200559118, -0.4814617403984077, -0.010446793659077077]]	0.8636068301760994	0.226802407866464	[[0.050526802226191755, -0.05052680222619177, -0.77079614444639], [0.6747030072384173, -0.6659491504205435, 0.09503092176877466], [-0.5545473098431892, -0.5620013877732859, 0.0]]	[[-0.024959563362352905, 0.004177467706950029, 0.08776428358889077], [0.05981651154619462, -0.06659849446552446, 0.0027804705588378087], [0.04714460729745278, 0.057355529669459886, 0.013438853755009191]]	0.2372374378007218	[[0.0, 0.0, -0.8074746593280001], [0.7071067811865475, -0.7071067811865476, 0.0], [-0.5709708072471262, -0.5709708072471261, 0.0]]
9	[[-0.8305561570912853, 0.32773595720904825, 0.4502950280316503], [-0.5100865793185324, -0.772219296347621, -0.37879947194723407], [0.22358030216652452, -0.5443036842615101, 0.808545204538665]]	0.5645878264565444	0.43541217354345546	[[-0.46892189548226904, 0.18503573173231158, 0.2542310911405782], [-0.2879886731221039, -0.4359856140727055, -0.21386557052957567], [0.12623071683869547, -0.3073072340294952, 0.45649477962234697]]	0.7412789140406675	0.4142603886016358	[[-0.5127873073048378, 0.19396050060190564, 0.25426419019542223], [-0.44888056893282224, -0.6764922833455028, -0.2668444251069353], [0.15524484375736441, -0.37026996337987933, 0.4896827044000951]]	[[0.10288645887358017, -0.048983253850096276, -0.0795300191817914], [-0.07076414334886169, -0.10406240194768987, 0.013951636097288653], [-0.01049051983352122, 0.033210880597827244, -0.10967480677311582]]	0.51377679502916	[[-0.4951078802277775, 0.3500941395279584, 0.35009413952795837], [-0.7071067811865475, -0.5000000000000001, -0.5], [0.0, -0.4951078802277774, 0.4951078802277775]]
9	[[0.034229894132735264, 0.2773841392786001, 0.9601491309293217], [-0.1827544195208179, -0.9427759796974285, 0.2788803941677556], [0.9825625356654255, -0.18501754344446375, 0.018422055382213542]]	0.7901607473429753	0.2098392526570248	[[0.027047118729393027, 0.2191780587934666, 0.758672154855821], [-0.14440536870880105, -0.7449445726947258, 0.2203603406748973], [0.7763823474926014, -0.14619360039963886, 0.014556385048403531]]	0.8825732625748127	0.18043180371962442	[[0.009180255449991194, 0.21746855026355083, 0.8008279980056636], [-0.16745390706503188, -0.8244830039387007, 0.25628160525314203], [0.8310415363693713, -0.1483292024920439, 0.0]]	[[-0.02103013389232741, -0.027343274526069536, -0.0465739530369989], [-0.006159742778577591, 0.007585868340024407, 0.010149225904356157], [-0.036141886416644134, 0.01496233445931363, -0.016258813522014096]]	0.36868260218329824	[[0.0, 0.0, 0.9312], [0.0, -1.0, 0.0], [0.9312, 0.0, 0.0]]
9	[[0.8592155572171323, 0.2624339665249735, -0.4391776855101157], [-0.4266000482917053, 0.8413623931712975, -0.33184593135155627], [0.2824199444684594, 0.4724804086637203, 0.8348660002631537]]	0.5871806241940248	0.4128193758059753	[[0.5045147272039726, 0.1540961402738478, -0.25787662750991686], [-0.2504912826371247, 0.494031695195701, -0.19485350110725425], [0.16583151927783185, 0.2774313412786113, 0.49021713915288756]]	0.7546969641176311	0.4348051624755251	[[0.4826203927245173, 0.19419500595741127, -0.2894484328731672], [-0.35327852416495154, 0.7490474408330643, -0.2525745476881013], [0.24103909816358898, 0.3208180192506956, 0.47858075801946837]]	[[-0.16582697982989128, -0.0038631118603342698, 0.0419976330895249], [-0.03132476282676673, 0.1140737969839412, -0.002131430742293946], [0.02789762346697264, -0.03576151077287182, -0.15149007782416313]]	0.5211315925256965	[[0.41083275073518516, 0.2246918923783819, -0.24066025351362633], [-0.573223304703363, 0.7803300858899106, -0.2499999999999999], [0.13162146319998025, 0.2406602535136263, 0.4493837847567638]]
