9	[[-0.42203838922340475, -0.825029846081567, 0.3757783270710803], [0.2588054115689476, 0.28760896992378115, 0.9221175843470338], [-0.8688517462515349, 0.4864224845687207, 0.09214016247897017]]	0.7511301415562625	0.24886985844373774	[[-0.317005755039553, -0.6197047850753888, 0.282258428006676], [0.1943965454273103, 0.21603176629170048, 0.6926303116621064], [-0.6526207351533211, 0.36536658969025215, 0.06920925328584587]]	0.8506173940867857	0.24495765295982153	[[-0.2800059591999934, -0.6333598948671043, 0.33105949859357187], [0.25629862928348074, 0.23180015791226324, 0.8305660079727746], [-0.7362345640038428, 0.37361215781860774, 0.022376067227310514]]	[[0.0789872356458037, 0.06842484285062012, 0.011415917266077607], [0.03615424451914448, -0.012845034600288296, 0.04619675133389897], [0.002825844240391089, -0.040147268430457225, -0.05599995767128411]]	0.36199623833295724	[[-0.11943457191079229, -0.6961156985573105, 0.40777513523405123], [0.25000000000000017, 0.45710678118654735, 0.8535533905932738], [-0.7805686942635439, 0.20388756761702576, 0.11943457191079229]]
9	[[-0.5446221603179724, 0.8109226453022452, -0.2139887049042392], [-0.8354447797583356, -0.5021691245819775, 0.22328947644507607], [0.07361197229480154, 0.30038414347728, 0.9509735242804028]]	0.7994785353587422	0.20052146464125764	[[-0.43541372705492676, 0.648315248755476, -0.17107937638015527], [-0.6679201688943013, -0.4014734362231812, 0.1785151435893298], [0.05885119179511626, 0.24015067507220605, 0.7602829203566378]]	0.8555919798787662	0.1714565988107254	[[-0.48317218528224665, 0.6766210787727326, -0.13222411802226608], [-0.7626721342093068, -0.4488181884805832, 0.21030519419455881], [0.04551975815956957, 0.21300271586436112, 0.8308431533012998]]	[[-0.01719783284994189, -0.01719783284994189, 0.05086290167844502], [-0.04787228101649247, -0.019166312945502296, 0.01926050895682306], [-0.017462054958920562, -0.04400354817755221, 0.01719783284994189]]	0.34438667613788987	[[-0.40777513523405123, 0.5766811266465185, -0.40777513523405123], [-0.8535533905932737, -0.49999999999999983, 0.14644660940672619], [-0.11943457191079207, 0.4077751352340513, 0.6961156985573106]]
9	[[0.034229894132735264, 0.2773841392786001, 0.9601491309293217], [-0.1827544195208179, -0.9427759796974285, 0.2788803941677556], [0.9825625356654255, -0.18501754344446375, 0.018422055382213542]]	0.8749610666761457	0.12503893332385416	[[0.02994982468258959, 0.2427003223822486, 0.8400931077660938], [-0.15990300184371464, -0.8248922768327105, 0.24400948715608345], [0.8597039642818394, -0.16188314716596813, 0.016118581227588587]]	0.920966311302171	0.12598534314141102	[[0.009022205388042921, 0.23797576804920892, 0.8644213026191065], [-0.16473184573913827, -0.8268776169852189, 0.253222559285496], [0.8978682115906798, -0.16096490662482163, 0.0]]	[[-0.0225023739476461, -0.017485679515931073, -0.019843700792856037], [0.003578817881118839, 0.041387299421012526, -0.0036168886256773437], [-0.007038782504815123, 0.009430017887415345, -0.01696609239196151]]	0.24488327499645057	[[-0.059717285955396056, 0.22862327736786323, 0.7805686942635439], [-0.2803300858899109, -0.9267766952966368, 0.25000000000000017], [0.7805686942635439, -0.20388756761702576, 0.11943457191079229]]
9	[[0.8489524140446696, -0.5135124485683378, 0.12483895166604869], [0.522794976890395, 0.7815435453534784, -0.34040431673891397], [0.0772347773085365, 0.35425224329800037, 0.9319550081910795]]	0.8268827398158326	0.17311726018416745	[[0.7019840980985216, -0.4246145804017239, 0.10322717438935863], [0.43229014285308476, 0.6462448680672637, -0.28147445407020966], [0.06386410426994836, 0.2929250655241555, 0.7706175105581264]]	0.9044295188039042	0.16096835701550274	[[0.7472742301722033, -0.4704075729804079, 0.06673408124068357], [0.5085268353664861, 0.6668846874215388, -0.2956846700945879], [0.021958058180269288, 0.29256263186897935, 0.8286223677989075]]	[[-0.020543393149630027, -0.005971756221931534, -0.046173951742624716], [0.03569562598440784, -0.03996636522680497, 0.012187042292359895], [-0.04789535429581708, -0.027833554072234735, -0.014265251806238985]]	0.3802535937252746	[[0.6363984126019144, -0.3480578492786553, 0.3727935590294926], [0.573223304703363, 0.7803300858899106, -0.2499999999999999], [-0.20388756761702567, 0.37279355902949257, 0.6961156985573106]]
9	[[0.22433838825039393, -0.7661379269479729, -0.6022499185961573], [-0.9416906372873723, -0.011392912655017143, -0.3362869982418849], [0.2507808429735371, 0.642575192824231, -0.724020780340167]]	0.7743640760007379	0.22563592399926227	[[0.1737195887290111, -0.5932696878901877, -0.4663607017352329], [-0.729211400221582, -0.00882226228105952, -0.26040857066463896], [0.19419567574788915, 0.49758714545233157, -0.5606556825734464]]	0.7847607542316511	0.20624002101965042	[[0.1635877530718583, -0.6738817152698929, -0.43006662656979], [-0.8241328611073543, -0.023546882258507047, -0.31377342731224556], [0.2393584372624431, 0.4617123191876113, -0.6283656218372323]]	[[-0.012464209694633804, -0.07264673787272802, 0.04255547378368089], [-0.08513100633683165, -0.014606171530460494, -0.04986858893364608], [0.04255547378368089, -0.0425554737836809, -0.060182528178094226]]	0.33697946472487206	[[0.12783402946374345, -0.7450713247920852, -0.43645267712791413], [-0.8535533905932738, 0.14644660940672602, -0.5], [0.43645267712791413, 0.43645267712791425, -0.6172372953283419]]
9	[[0.5319609947059123, -0.8460851799387872, 0.03402011756955908], [-0.703274286200726, -0.4190807785627857, 0.5742617690636116], [-0.47161719485230363, -0.3294103357928521, -0.8179645788128509]]	0.7909396593686211	0.20906034063137896	[[0.4207490479500871, -0.6692023240176229, 0.026907860202147492], [-0.5562475243703123, -0.33146760824438637, 0.4542064080115946], [-0.3730207434488656, -0.2605436987845015, -0.6469606253418339]]	0.8421980235938709	0.2020748011402577	[[0.4999473857223258, -0.691780880089219, 0.006412488474724635], [-0.5943773427121131, -0.3890528024328812, 0.5667736045348466], [-0.3625848148502597, -0.353516186680743, -0.6853683916144944]]	[[0.05193088735197685, 0.020790386247292143, -0.02223918730478914], [-0.0020811288294712432, -0.03610379900112239, 0.08313147760395304], [0.03461025454723591, -0.07608745292460958, 0.0035197600314816383]]	0.32599308693784323	[[0.6313802120789095, -0.6313802120789094, 0.0], [-0.5, -0.5000000000000001, 0.7071067811865475], [-0.44645322946799726, -0.44645322946799737, -0.6313802120789095]]
9	[[0.8592155572171323, 0.2624339665249735, -0.4391776855101157], [-0.4266000482917053, 0.8413623931712975, -0.33184593135155627], [0.2824199444684594, 0.4724804086637203, 0.8348660002631537]]	0.7990817925674795	0.20091820743252056	[[0.6865835076629319, 0.20970620440136978, -0.35093889219306], [-0.34088833129830914, 0.672317369334185, -0.26517204168062636], [0.22567663548266453, 0.37755049190802076, 0.6671262200439226]]	0.8312842930364029	0.20776927659551536	[[0.7312740705151838, 0.16483026565568415, -0.3299908524103191], [-0.35098169173677357, 0.7460744074742293, -0.3917651341670102], [0.24806443820274385, 0.38932170103212765, 0.7009661615056477]]	[[0.017021673468060883, -0.05332696867576754, 0.035090659406321174], [0.0036442278166921383, 0.04666306527941114, -0.11590682372642502], [0.013293174325900325, -0.003443841457443913, 0.0069551686967625325]]	0.2879175039515376	[[0.6363984126019144, 0.3480578492786553, -0.3727935590294926], [-0.573223304703363, 0.7803300858899106, -0.2499999999999999], [0.20388756761702567, 0.37279355902949257, 0.6961156985573106]]
9	[[0.8787972042104137, -0.3840163418041313, 0.28327887866788265], [-0.395223040501579, -0.9183905790867732, -0.018907472103605397], [0.2674214316928388, -0.09534250611366366, -0.9588511794847616]]	0.7871653754642177	0.2128346245357823	[[0.6917587312091954, -0.30228436788064444, 0.2229873248876864], [-0.31110589306853514, -0.7229252650096402, -0.014883307377513769], [0.21050489168567205, -0.07505031962266152, -0.7547744487134304]]	0.8460638502705269	0.24960405981790726	[[0.691787026985862, -0.31300255341232447, 0.1442378388602022], [-0.3593375097497087, -0.8404977098038912, -0.025735082471306323], [0.13163873099188653, -0.05501200070106186, -0.8112493207513136]]	[[-0.05173151921537507, 0.011899791301281592, -0.09543417992586406], [-0.024953582387318315, -0.06348064040955699, -0.00973815382444737], [-0.09461687515101336, 0.025653847115905674, 0.0]]	0.350184758272008	[[0.5898947694829362, -0.4171185916878594, 0.4171185916878593], [-0.5, -0.8535533905932737, -0.14644660940672619], [0.4171185916878593, -0.12217120694639133, -0.7120659764293276]]
9	[[0.08740825448676931, -0.06334395238859675, -0.994156597696443], [0.7119981850616444, -0.6940087028176986, 0.10681996481098455], [-0.6967197295301035, -0.717174639895393, -0.015561310176609944]]	0.8649859894623468	0.1350140105376531	[[0.07560691549441477, -0.05479163133330614, -0.8599315283389781], [0.6158684546009416, -0.6003078045022467, 0.0923977729563625], [-0.6026528046255354, -0.6203460155072189, -0.013460315280445438]]	0.9318782592022162	0.10412595295135971	[[0.06394749761255278, -0.0546259247986574, -0.8937470356180982], [0.680302801799905, -0.6625982175878903, 0.09901335593048095], [-0.640436707046062, -0.6604685916079353, 0.0]]	[[-0.017506354418482105, 0.0044029272842162044, 0.0326858840176612], [0.016807172549522534, -0.015866595734945095, -0.0005298469256213162], [0.008821261660289719, 0.007850863361759705, 0.014501246638285007]]	0.14454426893195912	[[0.0, 0.0, -0.9342940405760001], [0.7071067811865475, -0.7071067811865476, 0.0], [-0.6606456517134691, -0.660645651713469, 0.0]]
9	[[0.3802729664721569, 0.7767473726770865, -0.5020517802076895], [0.4287143634067757, 0.332951791095048, 0.839849450446521], [0.8195098935212374, -0.5346088512602871, -0.20639019011321075]]	0.771222825384488	0.22877717461551209	[[0.29327519161999754, 0.5990453033660006, -0.3871937924210862], [0.33063430262948573, 0.25678002104514885, 0.6477110660709755], [0.6320247355119897, -0.41230254874451416, -0.15917282555075207]]	0.851305931376045	0.2401325057479324	[[0.3459854378941829, 0.5992273782743602, -0.4322118703146033], [0.4028040257666964, 0.2923719668875291, 0.7183004081758155], [0.6612004090581032, -0.43221187031460323, -0.0813388299756219]]	[[0.02225680599447179, -0.062022267266402746, -0.0048122119658948245], [0.03783694533240297, 0.008928132266036956, 0.00333158954778035], [-0.03645322411787736, 0.02290381572941302, 0.09436236304558396]]	0.3787114839038904	[[0.45668292703354874, 0.45668292703354885, -0.6458471891150874], [0.5, 0.5000000000000001, 0.7071067811865475], [0.6458471891150874, -0.6458471891150873, 0.0]]
9	[[-0.30792515101507295, 0.09349718223056193, 0.9468053539599837], [0.3027085282091916, -0.9338174967034747, 0.1906631317268273], [0.9019698710720718, 0.34531602882779927, 0.2592434992682147]]	0.8112789142971154	0.18872108570288454	[[-0.2498131822002837, 0.07585229248984986, 0.7681232196113517], [0.2455810461140307, -0.7575864448772452, 0.1546809785038283], [0.7317491377320599, 0.28014761295680835, 0.21031878462490228]]	0.8484011425848861	0.2630364783454677	[[-0.255434574447324, 0.07854238011236819, 0.7424704223458413], [0.24381405569995676, -0.8497641779212293, 0.11888730351688302], [0.6792318246199169, 0.2637471794713569, 0.17689219433495582]]	[[0.005809475504487488, -0.0007807361205078717, -0.060800321759296366], [-0.013004205502910662, -0.05751234675224317, -0.0428715152889699], [-0.08600044457477121, -0.029219333939023498, -0.043050286651901644]]	0.32163226655013016	[[-0.40777513523405123, 0.11943457191079215, 0.6961156985573106], [0.14644660940672619, -0.9571067811865475, 0.2499999999999999], [0.6961156985573106, 0.20388756761702562, 0.3727935590294926]]
9	[[-0.3195682178843842, -0.5708200961323295, -0.7563336379995778], [0.910087742671785, 0.03735879733279218, -0.41272826520656647], [0.2638493031197415, -0.8202248094963509, 0.507557688474819]]	0.7698260691339528	0.23017393086604732	[[-0.24601194499407802, -0.43943219078821627, -0.5822453514949968], [0.7006092695080127, 0.028759776098275434, -0.3177289780244466], [0.20311807186440334, -0.631430440900721, 0.3907311401772853]]	0.8095987022357125	0.20880654790225966	[[-0.2946168408965781, -0.4887442741366573, -0.6010122935238529], [0.7771274736253287, 0.012140680524927894, -0.3110223360982593], [0.1935141276619959, -0.6372369749206287, 0.44221370477385236]]	[[-0.03589482642160132, -0.02660906509785861, 0.011314438257820332], [0.0403216182376225, -0.018104953312787712, 0.023121931788973808], [-0.02009792572954393, 0.026815966389151374, 0.03129565887488081]]	0.29616132162068265	[[-0.4266761371602489, -0.426676137160249, -0.6034111799129871], [0.8535533905932738, -0.14644660940672602, -0.5], [0.1249705472037556, -0.7283817271167425, 0.4266761371602489]]
9	[[0.04673222253661188, -0.9725397674033924, -0.22799671093185395], [-0.8377629715199755, -0.16246744520517667, 0.5213036857710898], [-0.5440306084466285, 0.16664552219444034, -0.8223502702654952]]	0.7689799400183159	0.231020059981684	[[0.03593614168312638, -0.7478635720032876, -0.17532489709675037], [-0.6442229195889968, -0.12493420626880578, 0.40087207701557964], [-0.41834862465141637, 0.12814706366140172, -0.6323708615028064]]	0.792044548620723	0.20319996548180722	[[0.0664674644764882, -0.8096836501982552, -0.11494396892623505], [-0.7522795272853651, -0.14872837499465155, 0.4415893778619048], [-0.42898514931101095, 0.06123705753323746, -0.6927845595551314]]	[[0.029453462371434314, -0.03938882910953226, 0.06563958307079465], [-0.0887339326566706, -0.02004692069155538, 0.028693635371022735], [0.0019113283919561961, -0.07075361987292278, -0.04144651093456761]]	0.23319628601283668	[[0.11943457191079229, -0.7805686942635439, -0.20388756761702562], [-0.8535533905932738, -0.2500000000000001, 0.4571067811865474], [-0.40777513523405123, 0.11943457191079215, -0.6961156985573106]]
9	[[-0.8305561570912853, 0.32773595720904825, 0.4502950280316503], [-0.5100865793185324, -0.772219296347621, -0.37879947194723407], [0.22358030216652452, -0.5443036842615101, 0.808545204538665]]	0.7851729613082119	0.2148270386917881	[[-0.6521302373961329, 0.25732941204900983, 0.3535594806219752], [-0.4005061900071082, -0.6063257116926052, -0.29742310313079673], [0.17554920794227488, -0.4273725356225798, 0.6348478325991775]]	0.8061014598110557	0.24666593299823533	[[-0.674965148290887, 0.3310794164879785, 0.36149105356207545], [-0.49584349944473727, -0.6261428739962486, -0.3690302394014167], [0.05588677481833447, -0.4767780226909214, 0.6608669094499815]]	[[-0.005452617604541516, 0.06689098294919102, -0.0014924258798981451], [-0.08466196322604046, -0.0036557719161650413, -0.0636794320890942], [-0.12434163314309787, -0.03801402822718216, 0.009097439748135039]]	0.4084604608599557	[[-0.6313802120789095, 0.44645322946799737, 0.44645322946799726], [-0.7071067811865475, -0.5000000000000001, -0.5], [0.0, -0.6313802120789094, 0.6313802120789095]]
