9	[[-0.30792515101507295, 0.09349718223056193, 0.9468053539599837], [0.3027085282091916, -0.9338174967034747, 0.1906631317268273], [0.9019698710720718, 0.34531602882779927, 0.2592434992682147]]	0.8819888370215897	0.11801116297841044	[[-0.2715865458334816, 0.08246347102032894, 0.8350717530249805], [0.2669855427517421, -0.8236166079079097, 0.16816275381463855], [0.79552735761537, 0.3045648826707444, 0.22864987242498]]	0.8825974519767819	0.11507337115597704	[[-0.28336931466280163, 0.0825203748037028, 0.8356479929230566], [0.2671697756890743, -0.8364856097783708, 0.16827879424801126], [0.7960763099680368, 0.3047750471701566, 0.24040301287300345]]	[[-0.01159536097733245, 0.0, 0.0], [0.0, -0.012300666576547282, 0.0], [0.0, 0.0, 0.01159536097733245]]	0.26997068691641385	[[-0.4634454974709231, 0.13574004349886043, 0.7911509514429861], [0.14644660940672619, -0.9571067811865475, 0.2499999999999999], [0.7911509514429861, 0.23172274873546153, 0.4236881592086639]]
9	[[0.22433838825039393, -0.7661379269479729, -0.6022499185961573], [-0.9416906372873723, -0.011392912655017143, -0.3362869982418849], [0.2507808429735371, 0.642575192824231, -0.724020780340167]]	0.8838133169778933	0.11618668302210688	[[0.19827325504505514, -0.677122902478455, -0.5322764982041361], [-0.8322787257079786, -0.010069207923670156, -0.2972149273726993], [0.221643448662954, 0.5679165125776932, -0.6398992074333657]]	0.8928333715570769	0.10356141288902974	[[0.1848964979520414, -0.7178822201360491, -0.5257711611539762], [-0.8702402981606461, -0.006501666697398859, -0.32813962817878134], [0.24679944963754238, 0.5530332952594142, -0.6734601700590699]]	[[-0.015400301599238348, -0.03384871174134095, 0.011937664186206022], [-0.02946747150762906, 0.003670305920235424, -0.027891373727670477], [0.022893944083553427, -0.02067928062878261, -0.02703025567057277]]	0.30397851946702587	[[0.13921897429423974, -0.8114276460558887, -0.4753233101750641], [-0.8535533905932738, 0.14644660940672602, -0.5], [0.4753233101750641, 0.4753233101750642, -0.6722086717616492]]
9	[[-0.3195682178843842, -0.5708200961323295, -0.7563336379995778], [0.910087742671785, 0.03735879733279218, -0.41272826520656647], [0.2638493031197415, -0.8202248094963509, 0.507557688474819]]	0.8804849945092255	0.1195150054907745	[[-0.28137502056925495, -0.5025985292088299, -0.6659404191012007], [0.8013186011092802, 0.03289386046443481, -0.36340104432420584], [0.23231535220864857, -0.7221956368857252, 0.4468969285498661]]	0.8792192520285423	0.11309783301132151	[[-0.29338823709199696, -0.48945831037273296, -0.6825443859756312], [0.8226544395225043, 0.036704866084785466, -0.37605167030967274], [0.2283443245904049, -0.7423557963370377, 0.43383678363057193]]	[[-0.01241770759159438, 0.012417707591594383, -0.01756129048961612], [0.022487775130272752, 0.0038582922371620094, -0.013173033683717382], [-0.003637062346786327, -0.02119835283640244, -0.01241770759159438]]	0.24799105495127133	[[-0.4713305943695935, -0.4713305943695936, -0.6665621189188513], [0.8535533905932738, -0.14644660940672602, -0.5], [0.13804953491016814, -0.8046116538290192, 0.4713305943695935]]
9	[[-0.8305561570912853, 0.32773595720904825, 0.4502950280316503], [-0.5100865793185324, -0.772219296347621, -0.37879947194723407], [0.22358030216652452, -0.5443036842615101, 0.808545204538665]]	0.8848436891437562	0.11515631085624375	[[-0.734912374081714, 0.2899950934419146, 0.39844071380661655], [-0.45134689062692945, -0.6832933710082245, -0.33517832220349747], [0.19783361938890334, -0.48162367999649297, 0.7154361216234855]]	0.8848436891437564	0.11515631085624368	[[-0.734912374081714, 0.28999509344191454, 0.39844071380661666], [-0.4513468906269296, -0.6832933710082248, -0.33517832220349736], [0.19783361938890337, -0.4816236799964929, 0.7154361216234855]]	[[0.0, 0.0, 0.0], [0.0, 0.0, 0.0], [0.0, 0.0, 0.0]]	0.3787502499150598	[[-0.6779030574441803, 0.4793498489058735, 0.4793498489058734], [-0.7071067811865475, -0.5000000000000001, -0.5], [0.0, -0.6779030574441802, 0.6779030574441803]]
9	[[0.04673222253661188, -0.9725397674033924, -0.22799671093185395], [-0.8377629715199755, -0.16246744520517667, 0.5213036857710898], [-0.5440306084466285, 0.16664552219444034, -0.8223502702654952]]	0.8682016078511211	0.1317983921488791	[[0.0405729907447428, -0.8443605897587805, -0.1979471110158029], [-0.7273471588717757, -0.14105449715059826, 0.45259669816517567], [-0.4723282489735866, 0.14468191031040284, -0.7139658268613067]]	0.8729373980115297	0.1204635232935857	[[0.05391070853493249, -0.8620827378103824, -0.18047745946591454], [-0.7550677034452757, -0.14589929224191428, 0.46897971218040907], [-0.47874636950149363, 0.12308000667909817, -0.7309767089701665]]	[[0.013116403790526811, -0.013116403790526815, 0.018549396130124896], [-0.023753074936221193, -0.004075383362926671, 0.013914229149573933], [-0.0038417057254643717, -0.02239110185558926, -0.013116403790526811]]	0.15292157237682086	[[0.1357400434988606, -0.8871336566795871, -0.23172274873546156], [-0.8535533905932738, -0.2500000000000001, 0.4571067811865474], [-0.4634454974709231, 0.13574004349886043, -0.7911509514429861]]
9	[[0.3802729664721569, 0.7767473726770865, -0.5020517802076895], [0.4287143634067757, 0.332951791095048, 0.839849450446521], [0.8195098935212374, -0.5346088512602871, -0.20639019011321075]]	0.8690999739322437	0.13090002606775647	[[0.3304952252480886, 0.6750711213455947, -0.43633318909113955], [0.3725956420612073, 0.28936839296140004, 0.7299131354900806], [0.712236027096523, -0.4646285386942623, -0.17937370884726225]]	0.8771802368854357	0.20810917707518553	[[0.3431270590404723, 0.6452850640103637, -0.4403898994913356], [0.40426039890536203, 0.30191608614577775, 0.7207973386748228], [0.6939879136702503, -0.45227856011091006, -0.08850058734479216]]	[[0.009559128229298386, -0.03606238035466268, 1.6373643537587552e-18], [0.028200632056017694, 0.009857355161593527, -0.01590200121595945], [-0.02486996885866688, 0.016669758678639252, 0.09254080850954415]]	0.33917932616434704	[[0.1357400434988606, 0.791150951442986, -0.4634454974709231], [0.25000000000000017, 0.45710678118654735, 0.8535533905932738], [0.8871336566795871, -0.23172274873546173, -0.1357400434988606]]
9	[[0.08740825448676931, -0.06334395238859675, -0.994156597696443], [0.7119981850616444, -0.6940087028176986, 0.10681996481098455], [-0.6967197295301035, -0.717174639895393, -0.015561310176609944]]	0.9343499405135423	0.06565005948645769	[[0.08166989738010548, -0.05918541814617803, -0.9288901579188173], [0.6652554618580976, -0.6484469901935973, 0.09980722776680209], [-0.6509800378410635, -0.6700920821240816, -0.014539709237828281]]	0.9601525398176923	0.06305243641044908	[[0.06437569896851218, -0.06437569896851221, -0.936124460591874], [0.6825855455086808, -0.6684735626774849, 0.09416529752476148], [-0.6778890860751987, -0.6915628838629506, 0.0]]	[[-0.01954955857799057, -0.003555842200510074, 0.018417521662881468], [-0.001041320223844408, -0.002119344011489464, -0.008398162991741846], [-0.008931868225773971, -0.002965831874550159, 0.014941231488962939]]	0.12127047536879672	[[0.0, 0.0, -0.9750110872960001], [0.7071067811865475, -0.7071067811865476, 0.0], [-0.6894369515590706, -0.6894369515590705, 0.0]]
9	[[0.8787972042104137, -0.3840163418041313, 0.28327887866788265], [-0.395223040501579, -0.9183905790867732, -0.018907472103605397], [0.2674214316928388, -0.09534250611366366, -0.9588511794847616]]	0.8596356988678998	0.14036430113210022	[[0.7554454488045755, -0.3301141563634887, 0.2435166368381803], [-0.33974783463027114, -0.7894813272869535, -0.016253537995608153], [0.22988500932552774, -0.0819598218748363, -0.8242627037866931]]	0.8599253294530729	0.12446983416994115	[[0.7740785186214493, -0.3432209718146761, 0.23060309049218125], [-0.35376515668414066, -0.8134809765593228, -0.012186962702598357], [0.216966870177882, -0.07818111504146406, -0.846725280622481]]	[[0.018378543268369973, -0.012995592573394783, -0.01299559257339478], [-0.013902853373375115, -0.023733655271530926, 0.004072051475219302], [-0.01299559257339478, 0.0038063209392097956, -0.02218486420757977]]	0.31616699658433495	[[0.660962997119933, -0.4673714173768891, 0.467371417376889], [-0.5, -0.8535533905932737, -0.14644660940672619], [0.467371417376889, -0.13688991881692258, -0.7978529159368557]]
9	[[-0.5446221603179724, 0.8109226453022452, -0.2139887049042392], [-0.8354447797583356, -0.5021691245819775, 0.22328947644507607], [0.07361197229480154, 0.30038414347728, 0.9509735242804028]]	0.8700429415071181	0.12995705849288197	[[-0.4738446663730098, 0.7055375236534988, -0.1861793622641829], [-0.7268728336477088, -0.4369087022853581, 0.19427143289385834], [0.0640455769055096, 0.26134710377306886, 0.8273878023603126]]	0.8700429415071184	0.1299570584928817	[[-0.4738446663730099, 0.7055375236534989, -0.18617936226418305], [-0.7268728336477093, -0.43690870228535833, 0.1942714328938584], [0.06404557690550963, 0.26134710377306897, 0.8273878023603127]]	[[0.0, 0.0, 0.0], [0.0, 0.0, 0.0], [0.0, 0.0, 0.0]]	0.28992491513122226	[[-0.5313155192203532, 0.7232809296935558, -0.23172274873546156], [-0.7803300858899108, -0.42677669529663675, 0.4571067811865474], [0.23172274873546161, 0.4236881592086638, 0.7911509514429861]]
9	[[-0.42203838922340475, -0.825029846081567, 0.3757783270710803], [0.2588054115689476, 0.28760896992378115, 0.9221175843470338], [-0.8688517462515349, 0.4864224845687207, 0.09214016247897017]]	0.8518697439993679	0.1481302560006323	[[-0.35952173458564746, -0.7028179637733423, 0.3201141872825518], [0.22046849969889037, 0.24500537958089333, 0.7855240705150232], [-0.7401485146526988, 0.4143685974050925, 0.0784914166230205]]	0.874182284919777	0.20573221333005715	[[-0.2947396445514623, -0.6723920149236874, 0.34712705146158523], [0.25439778043880823, 0.23119104243348979, 0.8301791806270653], [-0.7812003451871863, 0.39466959060988255, 0.02215521208382081]]	[[0.0741988388637159, 0.0488344610509087, 0.0186282948792569], [0.028154674403862306, -0.020231624057904702, 0.02408032377787], [-0.02166554039248115, -0.03055232838675675, -0.05839208568492485]]	0.3210289800966751	[[-0.1357400434988606, -0.791150951442986, 0.4634454974709231], [0.25000000000000017, 0.45710678118654735, 0.8535533905932738], [-0.8871336566795871, 0.23172274873546173, 0.1357400434988606]]
9	[[0.5319609947059123, -0.8460851799387872, 0.03402011756955908], [-0.703274286200726, -0.4190807785627857, 0.5742617690636116], [-0.47161719485230363, -0.3294103357928521, -0.8179645788128509]]	0.8836961480241103	0.11630385197588972	[[0.4700918819206889, -0.7476822144121924, 0.030063446851546716], [-0.6214807777199872, -0.37034006972687883, 0.5074729132790248], [-0.41676629843291696, -0.2910986448594722, -0.7228321475170802]]	0.8851318599322212	0.1590067456605101	[[0.5346206613880755, -0.7318057612780052, 0.0006134613149430243], [-0.5902501257461968, -0.393690221704207, 0.5788446454129684], [-0.3928415945073485, -0.3780338950299451, -0.7311922999630625]]	[[0.06376503673263689, 0.017091187702301357, -0.029498828624513636], [0.032240351241156893, -0.022748472713085142, 0.07054725767372622], [0.024601810348287775, -0.08646231182872043, -0.007185790959767659]]	0.296874641101818	[[0.6779030574441803, -0.6779030574441802, 0.0], [-0.5, -0.5000000000000001, 0.7071067811865475], [-0.4793498489058734, -0.4793498489058735, -0.6779030574441803]]
9	[[0.034229894132735264, 0.2773841392786001, 0.9601491309293217], [-0.1827544195208179, -0.9427759796974285, 0.2788803941677556], [0.9825625356654255, -0.18501754344446375, 0.018422055382213542]]	0.903636548877378	0.09636345112262215	[[0.030931383402542905, 0.2506544463310362, 0.8676258470805859], [-0.1651435729478804, -0.8519268326582736, 0.25200651693531356], [0.8878794187849106, -0.16718861443992558, 0.016646842548811366]]	0.9317105639167024	0.12284275146024423	[[0.01145582239409157, 0.24283222330342683, 0.8841010933488558], [-0.16347623772779615, -0.8279334103055151, 0.25192925674391586], [0.918144434354572, -0.16538948474270473, 0.0]]	[[-0.02043653157112823, -0.015609509525386775, -0.010479994873434267], [0.006797985542214708, 0.050460929385497615, -0.007906552571435901], [0.0026805401663134005, 0.0069933149944195645, -0.017164023608666902]]	0.1736846451321865	[[-0.06787002174943019, 0.2598354322226327, 0.8871336566795871], [-0.2803300858899109, -0.9267766952966368, 0.25000000000000017], [0.8871336566795871, -0.23172274873546173, 0.1357400434988606]]
9	[[0.8489524140446696, -0.5135124485683378, 0.12483895166604869], [0.522794976890395, 0.7815435453534784, -0.34040431673891397], [0.0772347773085365, 0.35425224329800037, 0.9319550081910795]]	0.881207289311376	0.11879271068862407	[[0.7481030555346523, -0.4525109128305522, 0.11000899419811266], [0.4606907444511884, 0.6887018690797412, -0.2999667652233894], [0.06805984875262323, 0.312169659049105, 0.8212455465282222]]	0.9175340012857346	0.1393049508081524	[[0.7732819269487459, -0.4819737813355658, 0.05771554376797475], [0.5025848209211554, 0.6717853548437793, -0.28979542678446524], [0.02472863390769649, 0.2954322124522914, 0.8562096336970193]]	[[-0.005660778410843063, -0.010808649690623885, -0.05682843907049134], [0.02290265392282819, -0.045307421503436605, 0.02253710800792703], [-0.04613690035461767, -0.029606265805370423, 0.001109226013178798]]	0.3564187371953696	[[0.7232809296935557, -0.39557547572149304, 0.4236881592086639], [0.573223304703363, 0.7803300858899106, -0.2499999999999999], [-0.23172274873546161, 0.4236881592086638, 0.7911509514429861]]
9	[[0.8592155572171323, 0.2624339665249735, -0.4391776855101157], [-0.4266000482917053, 0.8413623931712975, -0.33184593135155627], [0.2824199444684594, 0.4724804086637203, 0.8348660002631537]]	0.8865117615750627	0.11348823842493755	[[0.7617046972012588, 0.23265079796118526, -0.3893361836260316], [-0.3781859602990864, 0.7458776572932974, -0.2941853211739855], [0.2503686024746653, 0.4188594393941802, 0.7401185285724149]]	0.8870917495043538	0.11203565499867492	[[0.7625112445212632, 0.2332388850294115, -0.3915701684309269], [-0.37876034335370995, 0.7492546480162756, -0.29470474798453294], [0.25238400381468695, 0.4191334723280317, 0.7410386193105492]]	[[0.00030821266815907227, 0.00043587853540575847, -0.0019792670484855062], [-0.0003269601759793549, 0.002889010690779407, -0.00032696017597935473], [0.0018516011812388202, -6.8436960134271e-20, 0.0004358785354057584]]	0.21883584838637413	[[0.7232809296935557, 0.39557547572149304, -0.4236881592086639], [-0.573223304703363, 0.7803300858899106, -0.2499999999999999], [0.23172274873546161, 0.4236881592086638, 0.7911509514429861]]
