9	[[0.04673222253661188, -0.9725397674033924, -0.22799671093185395], [-0.8377629715199755, -0.16246744520517667, 0.5213036857710898], [-0.5440306084466285, 0.16664552219444034, -0.8223502702654952]]	0.6828622119632781	0.3171377880367219	[[0.03191166885131097, -0.6641106567913325, -0.15569033834727788], [-0.5720766758330592, -0.11094287900482963, 0.3559785879702561], [-0.37149794465959285, 0.11379592989947107, -0.5615519245620956]]	0.7672178197070783	0.3840669507961299	[[-0.01068550558437591, -0.8130173920131181, -0.12914111649145088], [-0.688213198980715, -0.15047426205358608, 0.2739680019471114], [-0.27634517876068554, 0.03574496025794845, -0.5918709994366228]]	[[-0.04653929946898115, -0.0668675520874584, 0.0457820229700711], [-0.04546651853983619, -0.025826342969891402, -0.1259854752554479], [0.1410447985056519, -0.0921084539440176, 0.039050781951997]]	0.3303991130130392	[[0.10275817470887978, -0.6715795349216431, -0.17541917686788047], [-0.8535533905932738, -0.2500000000000001, 0.4571067811865474], [-0.35083835373576094, 0.10275817470887967, -0.5989185327626424]]
9	[[-0.5446221603179724, 0.8109226453022452, -0.2139887049042392], [-0.8354447797583356, -0.5021691245819775, 0.22328947644507607], [0.07361197229480154, 0.30038414347728, 0.9509735242804028]]	0.7309705998521233	0.26902940014787674	[[-0.39810278722038756, 0.5927606124702529, -0.15641945198543075], [-0.6106855718032755, -0.3670708662229038, 0.1632180425377238], [0.05380818754462896, 0.21957197754365362, 0.6951336874867338]]	0.8217621817155303	0.21146180740256815	[[-0.4579810750571804, 0.655954381822444, -0.10668181186505442], [-0.7569770435728551, -0.43044669810046804, 0.19619111476627454], [0.05418922075980231, 0.18347112453148057, 0.7919052584500288]]	[[-0.010431180383658128, -0.010431180383658126, 0.06916601313953398], [-0.07044011865579457, -0.017783102693804318, 0.012700267448650373], [-0.006302314193556952, -0.06337320456515988, 0.010431180383658128]]	0.4038498207613933	[[-0.6535716984986428, 0.6535716984986427, 0.0], [-0.7071067811865475, -0.7071067811865476, 0.0], [0.0, 0.0, 0.9242899600000001]]
9	[[0.034229894132735264, 0.2773841392786001, 0.9601491309293217], [-0.1827544195208179, -0.9427759796974285, 0.2788803941677556], [0.9825625356654255, -0.18501754344446375, 0.018422055382213542]]	0.852519556984624	0.14748044301537616	[[0.029181654181670038, 0.2364754035323535, 0.8185459117390372], [-0.1558017167668698, -0.8037349605473966, 0.23775099008759232], [0.8376537776151772, -0.15773107417165766, 0.0157051624931909]]	0.9079856852910021	0.13968275493925847	[[0.009084134957920608, 0.23069762989375303, 0.8420552118672329], [-0.16564178389995568, -0.8260861168457925, 0.25422347149590213], [0.8743478471700519, -0.15649908368291723, 0.0]]	[[-0.021996118923629474, -0.02116319789798145, -0.02974645476118741], [0.0002966129486134308, 0.02994097715567315, 0.0010040656832677663], [-0.01780487011738404, 0.011494197292361941, -0.016726962580687958]]	0.33734636582963895	[[-0.051379087354439815, 0.1967010916724416, 0.6715795349216431], [-0.2803300858899109, -0.9267766952966368, 0.25000000000000017], [0.6715795349216431, -0.17541917686788058, 0.10275817470887978]]
9	[[0.08740825448676931, -0.06334395238859675, -0.994156597696443], [0.7119981850616444, -0.6940087028176986, 0.10681996481098455], [-0.6967197295301035, -0.717174639895393, -0.015561310176609944]]	0.7862023795159934	0.21379762048400686	[[0.06872057766683753, -0.04980116609586255, -0.7816082827204678], [0.5597746673065332, -0.5456312935600823, 0.08398211051421073], [-0.5477627092123065, -0.5638444084142836, -0.01223433908923718]]	0.913394665356026	0.14665021640032164	[[0.05451855588450227, -0.05451855588450229, -0.85188229886362], [0.6842258643606264, -0.6720971028772886, 0.0902490980299285], [-0.6176272149454118, -0.6279889605786535, 0.0]]	[[-0.02531967747179476, 0.00333947230980808, 0.05617503400080788], [0.033890520382147675, -0.038193256012947215, -0.007319687981943195], [0.01875286925567793, 0.027074529630427283, 0.01421361770126596]]	0.17488219078853176	[[0.0, 0.0, -0.8886123675440001], [0.7071067811865475, -0.7071067811865476, 0.0], [-0.6283438309365953, -0.6283438309365952, 0.0]]
9	[[0.5319609947059123, -0.8460851799387872, 0.03402011756955908], [-0.703274286200726, -0.4190807785627857, 0.5742617690636116], [-0.47161719485230363, -0.3294103357928521, -0.8179645788128509]]	0.7149620066904123	0.2850379933095878	[[0.3803319002559669, -0.6049187580800538, 0.02432309152537572], [-0.5028143949158385, -0.2996268344066296, 0.4105753467753059], [-0.3371883760213062, -0.23551587470302016, -0.5848135966697138]]	0.7896252449885075	0.25559901698881476	[[0.4493802645621758, -0.6490858634905199, 0.005029083138560248], [-0.6069367657006586, -0.38219805372402654, 0.5474178670293113], [-0.3217502428146587, -0.314638045233805, -0.6458854809370188]]	[[0.0293304337931896, 0.01900435399979033, -0.021834060531840668], [-0.05161363516529267, -0.051281291281412386, 0.09396627694492327], [0.05065060021138428, -0.05452732813162768, 8.706527237989608e-18]]	0.36375449782370894	[[0.5807718943626324, -0.5807718943626323, 0.0], [-0.5, -0.5000000000000001, 0.7071067811865475], [-0.41066774482637447, -0.4106677448263746, -0.5807718943626324]]
9	[[-0.8305561570912853, 0.32773595720904825, 0.4502950280316503], [-0.5100865793185324, -0.772219296347621, -0.37879947194723407], [0.22358030216652452, -0.5443036842615101, 0.808545204538665]]	0.6867071471236286	0.3132928528763715	[[-0.5703488491621207, 0.22505862418485717, 0.309220814063569], [-0.35028009966987983, -0.5302885099486908, -0.260124304712822], [0.15353419145381292, -0.3737772301881019, 0.5552337707292373]]	0.776781094161776	0.37663902230771273	[[-0.6159951418537368, 0.24469888006209778, 0.19793515080907195], [-0.566145455953257, -0.6261853868183808, -0.3043879560204275], [0.1786436065851492, -0.27492872469515095, 0.5954827109616256]]	[[0.02916517861443176, -0.009880215374903679, -0.15184551376096092], [-0.16991984475296973, -0.02634003686863907, -0.010143687733352003], [0.004970654835215801, 0.1478760867217907, -0.03257991769917532]]	0.44445398057414676	[[-0.5807718943626324, 0.4106677448263746, 0.41066774482637447], [-0.7071067811865475, -0.5000000000000001, -0.5], [0.0, -0.5807718943626323, 0.5807718943626324]]
9	[[0.8592155572171323, 0.2624339665249735, -0.4391776855101157], [-0.4266000482917053, 0.8413623931712975, -0.33184593135155627], [0.2824199444684594, 0.4724804086637203, 0.8348660002631537]]	0.7158977643480431	0.2841022356519572	[[0.6151104965048029, 0.18787588992421772, -0.31440632320823975], [-0.3054020208427989, 0.6023294562778512, -0.2375677603625732], [0.20218380685226858, 0.33824766826060704, 0.5976787031185844]]	0.7937376551122185	0.267524853532198	[[0.6913313140530722, 0.16366868533532616, -0.2857779269693416], [-0.3416995889240294, 0.7439105975648412, -0.4031115422845421], [0.2153563574300649, 0.3774537927699753, 0.661422066963196]]	[[0.009339572431607462, -0.04463503587600483, 0.06281393930506891], [-0.0030910669222120944, 0.07608958450945107, -0.13971293087502765], [-0.008810987049252983, 0.0024283011107713126, -0.0012425144185962697]]	0.3728725299268212	[[0.5475394454082024, 0.2994592663813212, -0.3207411811858821], [-0.573223304703363, 0.7803300858899106, -0.2499999999999999], [0.1754191768678805, 0.320741181185882, 0.5989185327626424]]
9	[[0.8787972042104137, -0.3840163418041313, 0.28327887866788265], [-0.395223040501579, -0.9183905790867732, -0.018907472103605397], [0.2674214316928388, -0.09534250611366366, -0.9588511794847616]]	0.7097189299155621	0.29028107008443793	[[0.6236990113850026, -0.2725436671753168, 0.20104838263584998], [-0.2804972733827555, -0.6517991790339982, -0.013418990868779169], [0.1897940523375291, -0.06766638141445729, -0.6805148330521995]]	0.8317543867537768	0.2655472433966132	[[0.681624630515089, -0.30512955974283196, 0.13317432408736848], [-0.3577448398898251, -0.840473654846493, -0.027385826135583113], [0.12259928449391791, -0.050842848152565956, -0.7975286747804835]]	[[-0.049318799153877296, 0.014277717137892028, -0.1024441259193338], [-0.02901634220647109, -0.07659826193772776, -0.011659453270984664], [-0.09982966442857623, 0.02845869955157258, 0.0]]	0.4054319943517628	[[0.5160810880525928, -0.36492443700412003, 0.36492443700412], [-0.5, -0.8535533905932737, -0.14644660940672619], [0.36492443700412, -0.10688389297782366, -0.6229649810304164]]
9	[[0.8489524140446696, -0.5135124485683378, 0.12483895166604869], [0.522794976890395, 0.7815435453534784, -0.34040431673891397], [0.0772347773085365, 0.35425224329800037, 0.9319550081910795]]	0.7717052929997901	0.22829470700021	[[0.655141071423221, -0.3962802745814687, 0.09633887977323474], [0.4034436508200208, 0.6031212906591007, -0.26269181298739697], [0.05960248645265769, 0.27337833121011623, 0.719194612658719]]	0.8864071643589829	0.18979426152193427	[[0.7207951304555706, -0.46190504437076285, 0.05562699657175704], [0.5069209635346286, 0.6676250058520319, -0.29550325513107406], [0.025803827418660264, 0.27124244577823053, 0.8048870115106724]]	[[-0.031722371553477985, -0.0067239309722645114, -0.0550311445760933], [0.04351175052809354, -0.02514079200781092, 0.006233570005023776], [-0.0426576325252971, -0.04276928067135839, -0.02120458461013481]]	0.43255747849803566	[[0.5475394454082024, -0.2994592663813212, 0.3207411811858821], [0.573223304703363, 0.7803300858899106, -0.2499999999999999], [-0.1754191768678805, 0.320741181185882, 0.5989185327626424]]
9	[[0.3802729664721569, 0.7767473726770865, -0.5020517802076895], [0.4287143634067757, 0.332951791095048, 0.839849450446521], [0.8195098935212374, -0.5346088512602871, -0.20639019011321075]]	0.6935957040711846	0.3064042959288157	[[0.26375569591949355, 0.5387486408374066, -0.348220957973344], [0.2973544407325523, 0.23093393196633175, 0.5825159708962522], [0.5684085415901641, -0.370802402592566, -0.143151349224958]]	0.8238436892145321	0.2806932830295906	[[0.34715051234273475, 0.5493987218285072, -0.4206676318223194], [0.40709112788449014, 0.2944189957728341, 0.7148612131848846], [0.6183448015829729, -0.4206676318223195, -0.0748483706426636]]	[[0.033865028735758924, -0.09051969926547887, -0.007055441039293144], [0.05389750511619243, 0.020118763866503606, 0.0229565435442253], [-0.05680325244337181, 0.019766496486698554, 0.0951848849978926]]	0.39609211365994695	[[0.42715596507840076, 0.42715596507840087, -0.6040897590624427], [0.5, 0.5000000000000001, 0.7071067811865475], [0.6040897590624427, -0.6040897590624427, 0.0]]
9	[[-0.30792515101507295, 0.09349718223056193, 0.9468053539599837], [0.3027085282091916, -0.9338174967034747, 0.1906631317268273], [0.9019698710720718, 0.34531602882779927, 0.2592434992682147]]	0.7377604242071316	0.26223957579286844	[[-0.22717499003692532, 0.06897852082459088, 0.6985155195791011], [0.22332637218272972, -0.6889335924999972, 0.14066371294344437], [0.6654376747041837, 0.2547604999135193, 0.1912595939930593]]	0.8348378189857573	0.27652807668822005	[[-0.2405251475341146, 0.07442056310069077, 0.7309886332527041], [0.2460999612725736, -0.8490029205922537, 0.11843923571233467], [0.6688320812201931, 0.2553057605636765, 0.16610458443342385]]	[[0.016542413950168804, -0.003634420593985466, -0.05944028345128654], [-0.006612566205976537, -0.06941675831358536, -0.040733557339484], [-0.08416647873647998, -0.03297711980374629, -0.05032169308188829]]	0.3952833800610316	[[-0.35083835373576094, 0.10275817470887967, 0.5989185327626424], [0.14644660940672619, -0.9571067811865475, 0.2499999999999999], [0.5989185327626424, 0.17541917686788044, 0.3207411811858821]]
9	[[-0.42203838922340475, -0.825029846081567, 0.3757783270710803], [0.2588054115689476, 0.28760896992378115, 0.9221175843470338], [-0.8688517462515349, 0.4864224845687207, 0.09214016247897017]]	0.6824311911838343	0.3175688088161658	[[-0.28801216068303487, -0.5630261006236593, 0.25644285136418576], [0.1766168853018194, 0.19627333194024152, 0.629281801497506], [-0.5929315321565896, 0.3319498755628324, 0.06287932083639564]]	0.8241786312251027	0.2904738995563335	[[-0.26541145301603064, -0.588900477140771, 0.31663766752847444], [0.26207832758156774, 0.2345169860115181, 0.8294283867973874], [-0.6850445831372983, 0.3518024935500001, 0.023545982914420092]]	[[0.08242356893856222, 0.09107149212259208, 0.006929200278972488], [0.048776437721023164, -0.002524181148325631, 0.06943877830165088], [0.03104445982583202, -0.04909652397896184, -0.052393970078356104]]	0.4259593143265668	[[-0.10275817470887978, -0.5989185327626423, 0.35083835373576094], [0.25000000000000017, 0.45710678118654735, 0.8535533905932738], [-0.6715795349216431, 0.17541917686788058, 0.10275817470887978]]
9	[[-0.3195682178843842, -0.5708200961323295, -0.7563336379995778], [0.910087742671785, 0.03735879733279218, -0.41272826520656647], [0.2638493031197415, -0.8202248094963509, 0.507557688474819]]	0.6922023753180572	0.30779762468194266	[[-0.22120587949572915, -0.3951230264220803, -0.5235359407562554], [0.6299648972252585, 0.025859848252784694, -0.2856914855368864], [0.18263711434549917, -0.5677615614281751, 0.35133263757321226]]	0.760122020203939	0.2671756225120697	[[-0.2920713513435106, -0.4490128771936593, -0.5527746261630608], [0.7624081570443084, 0.011344622625574716, -0.3355853491309688], [0.19211992679175632, -0.5897594399213472, 0.3976395131295909]]	[[-0.04916051197225999, -0.01511995254854631, 0.02213122670137308], [0.07063042352178844, -0.017052621875416844, -0.02186150638688643], [-0.008437738525023093, 0.0337114992944101, 0.011833737596070003]]	0.35722460403677164	[[-0.3795760734388599, -0.37957607343886, -0.5368016310095618], [0.8535533905932738, -0.14644660940672602, -0.5], [0.11117525793407924, -0.6479768889436409, 0.3795760734388599]]
9	[[0.22433838825039393, -0.7661379269479729, -0.6022499185961573], [-0.9416906372873723, -0.011392912655017143, -0.3362869982418849], [0.2507808429735371, 0.642575192824231, -0.724020780340167]]	0.6804019261890568	0.319598073810943	[[0.15264027148371653, -0.5212817212218918, -0.40977200466002817], [-0.6407281234845287, -0.007751759715377365, -0.22881032135611445], [0.17063176861051, 0.4372093989189114, -0.4926251335443537]]	0.7603068885447362	0.4087758336793645	[[0.20634425154822708, -0.5172006127364661, -0.3743224517447395], [-0.8188121383589333, 0.0533748948565759, -0.20329646698089845], [0.17367859710050987, 0.3743224517447395, -0.42899260314495735]]	[[0.03577822959642899, 0.06529933069746148, 0.0835723099894255], [-0.10283825995126153, 0.06203700482877404, 0.052384854310438246], [-0.016991805327326158, -0.11423189376748552, 0.1214853835972069]]	0.3815066512099401	[[0.11563892025595926, -0.673993019496194, -0.3948159698760764], [-0.8535533905932738, 0.14644660940672602, -0.5], [0.3948159698760764, 0.39481596987607653, -0.5583540992402348]]
