9	[[0.08740825448676931, -0.06334395238859675, -0.994156597696443], [0.7119981850616444, -0.6940087028176986, 0.10681996481098455], [-0.6967197295301035, -0.717174639895393, -0.015561310176609944]]	0.746334134912871	0.25366586508712896	[[0.06523576399662706, -0.04727575390790545, -0.741973004309698], [0.5313885495075165, -0.5179623848394509, 0.0797233860286295], [-0.5199857166155795, -0.535251914447778, -0.011613936968771041]]	0.8980811831424119	0.17265072724388156	[[0.05262154574684608, -0.05262154574684609, -0.8256658279102443], [0.6836301287434091, -0.670432785601553, 0.09067671895359568], [-0.5972176143840036, -0.6081598054758848, 0.0]]	[[-0.02587816285904475, 0.0042664659592214875, 0.06716750557781209], [0.04419795630799754, -0.047156628663903674, -0.005256281427084138], [0.028493264631053, 0.035921243641103016, 0.013975319854655914]]	0.1941073865454245	[[0.0, 0.0, -0.8622577398319999], [0.7071067811865475, -0.7071067811865476, 0.0], [-0.609708294965793, -0.6097082949657929, 0.0]]
9	[[0.034229894132735264, 0.2773841392786001, 0.9601491309293217], [-0.1827544195208179, -0.9427759796974285, 0.2788803941677556], [0.9825625356654255, -0.18501754344446375, 0.018422055382213542]]	0.8309165824768221	0.16908341752317804	[[0.028442186651315805, 0.2304830810426493, 0.7978038345398829], [-0.15185367770077343, -0.7833681950914253, 0.23172634404166054], [0.8164275042048759, -0.1537341448971308, 0.015307191300387624]]	0.9000799927774856	0.15223058220056554	[[0.009117463882681715, 0.22644482724851728, 0.8288841808102746], [-0.16620113923327132, -0.8255949842822181, 0.25484981505849097], [0.8605056870376458, -0.15388033524638595, 0.0]]	[[-0.021692178981084737, -0.023223086829954213, -0.03532684202189851], [-0.0017075426309199684, 0.022978812714630387, 0.0038351518901951305], [-0.02387919296751831, 0.01265025392081514, -0.016581323475369204]]	0.3592486605844833	[[0.0, 0.0, 0.9518], [0.0, -1.0, 0.0], [0.9518, 0.0, 0.0]]
9	[[0.22433838825039393, -0.7661379269479729, -0.6022499185961573], [-0.9416906372873723, -0.011392912655017143, -0.3362869982418849], [0.2507808429735371, 0.642575192824231, -0.724020780340167]]	0.6354896880220965	0.36451031197790357	[[0.14256473236062275, -0.48687275217806303, -0.382723612880005], [-0.5984346893030815, -0.007240078508799833, -0.2137069195986228], [0.15936863966317144, 0.40834990881860894, -0.4601077398198876]]	0.7461614133447362	0.42759969532453845	[[0.21022448064669877, -0.49733743703939065, -0.3612631878175018], [-0.8128278869915998, 0.045713376331344244, -0.20610721346670838], [0.16915155461661616, 0.3612631878175018, -0.41526371344947743]]	[[0.0428318318023046, 0.07432512134911506, 0.08811246262895923], [-0.11017467013974878, 0.05421432814012501, 0.04481716843091532], [-0.017971433616302677, -0.11820162624049287, 0.12497265530010034]]	0.409573651510229	[[0.10888135676308106, -0.634607053137108, -0.3717442049500944], [-0.8535533905932738, 0.14644660940672602, -0.5], [0.3717442049500944, 0.37174420495009447, -0.5257256963740271]]
9	[[0.3802729664721569, 0.7767473726770865, -0.5020517802076895], [0.4287143634067757, 0.332951791095048, 0.839849450446521], [0.8195098935212374, -0.5346088512602871, -0.20639019011321075]]	0.6553730093123271	0.34462699068767316	[[0.24922063839698314, 0.5090592631068257, -0.3290311860253244], [0.28096782248131724, 0.21820761728589086, 0.5504146617084406], [0.537084665078238, -0.35036821165546067, -0.13526255998703823]]	0.8075248144665218	0.3028690280063914	[[0.34575374159070676, 0.5227432074830672, -0.4098954004656931], [0.4072210959064182, 0.2991049821454965, 0.7166722442716089], [0.5938263406650419, -0.41683687477268144, -0.06925750302531965]]	[[0.03867388489364433, -0.10449957052535538, -0.004476129800891692], [0.06102360913722857, 0.030238148815171784, 0.0384729726199716], [-0.06794823405417444, 0.014873038653442304, 0.09740769695356105]]	0.4087786066545776	[[0.41034845838604866, 0.4103484583860488, -0.5803203551484418], [0.5, 0.5000000000000001, 0.7071067811865475], [0.5803203551484418, -0.5803203551484417, 0.0]]
9	[[-0.30792515101507295, 0.09349718223056193, 0.9468053539599837], [0.3027085282091916, -0.9338174967034747, 0.1906631317268273], [0.9019698710720718, 0.34531602882779927, 0.2592434992682147]]	0.7003057315987905	0.2996942684012096	[[-0.21564174815927872, 0.06547661260439909, 0.6630532160865982], [0.21198851730873108, -0.6539577452086779, 0.13352248395287236], [0.631654670441194, 0.24182679420104097, 0.18154970841725762]]	0.8267314881293041	0.28422862639930435	[[-0.2311126666399908, 0.07232382781835635, 0.7249857555114909], [0.24784217840732736, -0.8482062394419383, 0.11862037701555954], [0.6634586310304679, 0.25082095655935965, 0.15878883882163447]]	[[0.023458751691141144, -0.004973236783012824, -0.05776804373663889], [-0.002416493588488987, -0.07618991075109326, -0.03900683760835395], [-0.08222826272874267, -0.03466267782834856, -0.05553592511622488]]	0.4402737093967161	[[-0.3205393179559122, 0.0938837925923758, 0.5471948433194487], [0.14644660940672619, -0.9571067811865475, 0.2499999999999999], [0.5471948433194487, 0.16026965897795606, 0.29304139174911664]]
9	[[0.8489524140446696, -0.5135124485683378, 0.12483895166604869], [0.522794976890395, 0.7815435453534784, -0.34040431673891397], [0.0772347773085365, 0.35425224329800037, 0.9319550081910795]]	0.7445391948623411	0.2554608051376591	[[0.6320783468292591, -0.3823301450088596, 0.09294749256089863], [0.3892413511720509, 0.5818898020073381, -0.2534443559124563], [0.057504318912669966, 0.2637546800032713, 0.6938770314465129]]	0.8765256887477191	0.20632151605910182	[[0.7064590857394217, -0.4526796765169069, 0.05249308549366605], [0.5042457006541469, 0.6680364275247518, -0.2971852582294212], [0.024918476319342214, 0.2632291821663615, 0.7896631048777437]]	[[-0.03766951369512101, -0.002572823855016934, -0.05693146259796049], [0.046002473461445474, -0.017006566852540105, 0.0011878699528520636], [-0.04277979005629945, -0.04728200938084278, -0.027219400558828488]]	0.4428485223225306	[[0.673024234333356, -0.6730242343333559, 0.0], [0.7071067811865475, 0.7071067811865476, 0.0], [0.0, 0.0, 0.9518]]
9	[[-0.3195682178843842, -0.5708200961323295, -0.7563336379995778], [0.910087742671785, 0.03735879733279218, -0.41272826520656647], [0.2638493031197415, -0.8202248094963509, 0.507557688474819]]	0.6499662826577803	0.35003371734221966	[[-0.20770856663388482, -0.37101381594948696, -0.4915913631396209], [0.5915263469967909, 0.02428195862696034, -0.2682594562841065], [0.17149315073058427, -0.5331184703720292, 0.3298953840123538]]	0.7314702907788576	0.4223520046296222	[[-0.24684063675663054, -0.3728449598136443, -0.4818082603976732], [0.7869639997873101, 0.033122891575035424, -0.22675595112808283], [0.18609790995054198, -0.4818082603976732, 0.28899178935250935]]	[[-0.013085979497058744, 0.04469298188668622, 0.07142732571570917], [0.12126185402090557, 0.005796041226869527, 0.07514251303521781], [-0.006900016524254187, 0.11816181950865581, -0.08227158062321134]]	0.3942613477298298	[[-0.35382613427149984, -0.3538261342714999, -0.5003857178087989], [0.8535533905932738, -0.14644660940672602, -0.5], [0.10363327536710054, -0.6040189931758994, 0.35382613427149984]]
9	[[-0.5446221603179724, 0.8109226453022452, -0.2139887049042392], [-0.8354447797583356, -0.5021691245819775, 0.22328947644507607], [0.07361197229480154, 0.30038414347728, 0.9509735242804028]]	0.6969755534182764	0.3030244465817235	[[-0.3795883315914762, 0.565193259488945, -0.14914489602589237], [-0.5822845877224762, -0.3499996035150952, 0.1556273064177841], [0.05130574512838013, 0.2093604046381522, 0.6628052983714627]]	0.8063581169965653	0.28797389231110854	[[-0.4811324136107734, 0.6192319379429325, -0.11243903134161112], [-0.7351610733604002, -0.4064155206425187, 0.09649610603054606], [0.07506468527172822, 0.11656840276966544, 0.7451692653356643]]	[[-0.04197191394217162, -0.034662119352859525, 0.06011249780350493], [-0.06149339389985837, -0.0014873709307816549, -0.08355517574085441], [0.015707073903688737, -0.12564878954030018, -0.02165595501666879]]	0.41068127220990136	[[-0.6405844662384882, 0.6405844662384881, 0.0], [-0.7071067811865475, -0.7071067811865476, 0.0], [0.0, 0.0, 0.9059232399999999]]
9	[[0.8787972042104137, -0.3840163418041313, 0.28327887866788265], [-0.395223040501579, -0.9183905790867732, -0.018907472103605397], [0.2674214316928388, -0.09534250611366366, -0.9588511794847616]]	0.6693694324229275	0.3306305675770726	[[0.5882399857971802, -0.25704880075456027, 0.18961822223132396], [-0.26455022230100567, -0.6147425806658771, -0.012656083870542695], [0.17900373194996216, -0.06381935920308253, -0.6418256697897694]]	0.8239475945738675	0.2856715978920863	[[0.6529855578087856, -0.26594679431193846, 0.16588942116116315], [-0.3167476977778528, -0.8546523159911997, -0.03415265221571155], [0.15718998104167758, -0.0519419876713653, -0.7503286912518284]]	[[-0.07109728471862456, 0.05046254679463166, -0.0675175295108212], [0.00889537576359353, -0.09794660747335175, -0.018573886056473372], [-0.06315126433913675, 0.026615240901632135, 0.039714431638956646]]	0.44143454748717315	[[0.47626712621041484, -0.3367717145996136, 0.3367717145996135], [-0.5, -0.8535533905932737, -0.14644660940672619], [0.3367717145996135, -0.09863815149440618, -0.574905277704821]]
9	[[0.8592155572171323, 0.2624339665249735, -0.4391776855101157], [-0.4266000482917053, 0.8413623931712975, -0.33184593135155627], [0.2824199444684594, 0.4724804086637203, 0.8348660002631537]]	0.6700063259884856	0.3299936740115145	[[0.5756798587232002, 0.17583241772598274, -0.2942518275247592], [-0.285824731022436, 0.5637181258735809, -0.22233887325908344], [0.18922314937918464, 0.3165648627103176, 0.5593655015290179]]	0.7749410182435906	0.40158638199915825	[[0.5161594599235737, 0.2100448804087772, -0.2932886499888002], [-0.3548872698604242, 0.7490193433574621, -0.25103363529929557], [0.24535595737070492, 0.3321754515946476, 0.5135040135761088]]	[[-0.14968191887700488, 0.006674035168209861, 0.04704815281027225], [-0.024297394054485194, 0.09701311368143281, 0.006127388642272114], [0.02649715803201866, -0.033968997395363645, -0.1334678947647735]]	0.4222890297283963	[[0.5002529470232607, 0.27359742165972434, -0.29304139174911664], [-0.573223304703363, 0.7803300858899106, -0.2499999999999999], [0.16026965897795611, 0.29304139174911664, 0.5471948433194487]]
9	[[-0.42203838922340475, -0.825029846081567, 0.3757783270710803], [0.2588054115689476, 0.28760896992378115, 0.9221175843470338], [-0.8688517462515349, 0.4864224845687207, 0.09214016247897017]]	0.6480198972655933	0.35198010273440683	[[-0.27348927362668723, -0.5346357560988252, 0.24351183290323786], [0.167711056216689, 0.1863763351426718, 0.597550542275362], [-0.5630332193449509, 0.31521144847789706, 0.0597086586236573]]	0.8079983076857392	0.31741768159437095	[[-0.25866626878255117, -0.5620306479895464, 0.30871944203848534], [0.26599053376261206, 0.23655566371260237, 0.8275648563488351], [-0.6550228189388024, 0.34165223834509784, 0.024157107095630362]]	[[0.08234003548837521, 0.1045920714345858, 0.005091189700074245], [0.05687619919499113, 0.004168102738948468, 0.08249540870916981], [0.047007921662237044, -0.0513763060067211, -0.05029198825726658]]	0.46652202178927743	[[-0.0938837925923759, -0.5471948433194486, 0.3205393179559122], [0.25000000000000017, 0.45710678118654735, 0.8535533905932738], [-0.6135807097050289, 0.1602696589779562, 0.0938837925923759]]
9	[[0.5319609947059123, -0.8460851799387872, 0.03402011756955908], [-0.703274286200726, -0.4190807785627857, 0.5742617690636116], [-0.47161719485230363, -0.3294103357928521, -0.8179645788128509]]	0.6741886814081522	0.32581131859184775	[[0.35864208158134814, -0.5704210518219103, 0.022935978205571347], [-0.47413956368192695, -0.28253951750274636, 0.3871607848681091], [-0.3179589747268861, -0.22208471993039963, -0.5514624608284107]]	0.7598219861657298	0.2874198080032463	[[0.4240391167334625, -0.6237478178569471, 0.0054389164009262594], [-0.6106881481314184, -0.3790767726714599, 0.5392691343437399], [-0.30207242470401785, -0.2943806353652145, -0.6215074708867951]]	[[0.019843457173318743, 0.019126304029531277, -0.02041031690036775], [-0.0763248831710967, -0.060649983140003645, 0.10293241639478097], [0.05627268899856949, -0.04408741975956963, 7.818672863224211e-18]]	0.3873995094870393	[[0.5523489140302869, -0.5523489140302867, 0.0], [-0.5, -0.5000000000000001, 0.7071067811865475], [-0.39056966269184107, -0.3905696626918412, -0.5523489140302869]]
9	[[0.04673222253661188, -0.9725397674033924, -0.22799671093185395], [-0.8377629715199755, -0.16246744520517667, 0.5213036857710898], [-0.5440306084466285, 0.16664552219444034, -0.8223502702654952]]	0.6422523200246414	0.35774767997535856	[[0.030013878344046813, -0.624615921931054, -0.14643141655397068], [-0.5380552120894418, -0.10434509361150102, 0.334808501623879], [-0.34940492043926447, 0.10702847325109718, -0.5281563689509051]]	0.7534444414338602	0.4036635725242368	[[-0.00888016968833379, -0.7941536220343406, -0.12307449654071494], [-0.6867789098558711, -0.14476033709792874, 0.2707601620050778], [-0.2677854854826355, 0.02451887653149064, -0.5778757496245285]]	[[-0.04409030299439429, -0.06139894021087545, 0.048708357976093034], [-0.05557105572503223, -0.02235014359412801, -0.12201320233813345], [0.1421113524213577, -0.1010392658557534, 0.041719490418641376]]	0.38538165197391083	[[0.0938837925923759, -0.6135807097050289, -0.1602696589779561], [-0.8535533905932738, -0.2500000000000001, 0.4571067811865474], [-0.3205393179559122, 0.0938837925923758, -0.5471948433194487]]
9	[[-0.8305561570912853, 0.32773595720904825, 0.4502950280316503], [-0.5100865793185324, -0.772219296347621, -0.37879947194723407], [0.22358030216652452, -0.5443036842615101, 0.808545204538665]]	0.64581060867859	0.35418939132141003	[[-0.5363819773528736, 0.21165535801103572, 0.29080530613806277], [-0.3294193242684812, -0.49870741380760947, -0.2446327175453717], [0.14439053103070626, -0.3515170936389249, 0.5221670706872703]]	0.7641803512774781	0.3917550029920635	[[-0.5987726894327356, 0.2375374863874875, 0.19670895251257264], [-0.5690848119048223, -0.6237885120529016, -0.3032172980121952], [0.17584483022754077, -0.2659674248250133, 0.5783544209370093]]	[[0.03592200644895506, -0.012911892518783448, -0.14739766018715578], [-0.1792866705392591, -0.03367369890672977, -0.013746184475834724], [0.004989156379201385, 0.14997875581557302, -0.039519937491068]]	0.46631085837746733	[[-0.5523489140302869, 0.3905696626918412, 0.39056966269184107], [-0.7071067811865475, -0.5000000000000001, -0.5], [0.0, -0.5523489140302867, 0.5523489140302869]]
