9	[[-0.5446221603179724, 0.8109226453022452, -0.2139887049042392], [-0.8354447797583356, -0.5021691245819775, 0.22328947644507607], [0.07361197229480154, 0.30038414347728, 0.9509735242804028]]	0.9317864238508043	0.0682135761491959	[[-0.5074715351125828, 0.7556067116858135, -0.19939177008718614], [-0.7784561036558424, -0.46791437276252995, 0.2080581027402758], [0.06859063641717761, 0.27989386683218165, 0.8861042193660323]]	0.9317864238508046	0.06821357614919547	[[-0.5074715351125831, 0.7556067116858134, -0.1993917700871862], [-0.7784561036558426, -0.46791437276253006, 0.208058102740276], [0.06859063641717762, 0.2798938668321817, 0.8861042193660328]]	[[0.0, 0.0, 0.0], [0.0, 0.0, 0.0], [0.0, 0.0, 0.0]]	0.26335281472736227	[[-0.5640036678750485, 0.7677793749556522, -0.24597903785807979], [-0.7803300858899108, -0.42677669529663675, 0.4571067811865474], [0.24597903785807984, 0.44975474493868306, 0.8398249671145412]]
9	[[-0.42203838922340475, -0.825029846081567, 0.3757783270710803], [0.2588054115689476, 0.28760896992378115, 0.9221175843470338], [-0.8688517462515349, 0.4864224845687207, 0.09214016247897017]]	0.9118044439574048	0.08819555604259524	[[-0.3848164788145253, -0.7522658800546667, 0.34263634856629016], [0.23597992438879153, 0.2622431368985151, 0.8407909112588924], [-0.7922228833723011, 0.44352218307056174, 0.08401380961528229]]	0.9118044439574048	0.08819555604259541	[[-0.3848164788145254, -0.7522658800546665, 0.3426363485662901], [0.23597992438879153, 0.2622431368985152, 0.8407909112588928], [-0.7922228833723007, 0.44352218307056185, 0.08401380961528236]]	[[0.0, 0.0, 0.0], [0.0, 0.0, 0.0], [0.0, 0.0, 0.0]]	0.31123579136919943	[[-0.14409118431777831, -0.8398249671145411, 0.49195807571615957], [0.25000000000000017, 0.45710678118654735, 0.8535533905932738], [-0.9417128206548427, 0.24597903785807995, 0.14409118431777831]]
9	[[0.08740825448676931, -0.06334395238859675, -0.994156597696443], [0.7119981850616444, -0.6940087028176986, 0.10681996481098455], [-0.6967197295301035, -0.717174639895393, -0.015561310176609944]]	0.9596148764634258	0.04038512353657428	[[0.0838782613312048, -0.06078579904608837, -0.9540074606837718], [0.6832440504001133, -0.6659810756189481, 0.10250602733592042], [-0.668582617182662, -0.6882114534659194, -0.014932864742736604]]	0.9702112207314008	0.05008618543497145	[[0.07008057681262976, -0.056674916960396865, -0.9477467478371064], [0.6787132993807079, -0.6718741762235688, 0.09027791730650629], [-0.6821295764382961, -0.707878056677375, -0.009479232987794146]]	[[-0.014723892474979636, 0.004782096412495314, 0.016795138412135743], [-0.012075328906491711, 0.00146085453540658, -0.013360011151244293], [-0.006164277143243066, -0.01206717382686296, 0.005618524754834557]]	0.11148137056864353	[[0.0, 0.0, -0.9946097141679999], [0.7071067811865475, -0.7071067811865476, 0.0], [-0.7032952735222066, -0.7032952735222064, 0.0]]
9	[[-0.3195682178843842, -0.5708200961323295, -0.7563336379995778], [0.910087742671785, 0.03735879733279218, -0.41272826520656647], [0.2638493031197415, -0.8202248094963509, 0.507557688474819]]	0.9371314322964117	0.06286856770358829	[[-0.29947742174240477, -0.5349334542720653, -0.7087840254725001], [0.8528718298054181, 0.03501010325335094, -0.38678063032224286], [0.2472614753430134, -0.7686584505283668, 0.47564826357346307]]	0.9371314322964117	0.06286856770358847	[[-0.29947742174240477, -0.5349334542720655, -0.7087840254724999], [0.8528718298054181, 0.03501010325335093, -0.38678063032224286], [0.24726147534301346, -0.7686584505283666, 0.47564826357346296]]	[[0.0, 0.0, 0.0], [0.0, 0.0, 0.0], [0.0, 0.0, 0.0]]	0.22807714498610748	[[-0.49373391812350953, -0.49373391812350964, -0.6982452032138746], [0.8535533905932738, -0.14644660940672602, -0.5], [0.14461131651657247, -0.842856519730447, 0.49373391812350953]]
9	[[0.034229894132735264, 0.2773841392786001, 0.9601491309293217], [-0.1827544195208179, -0.9427759796974285, 0.2788803941677556], [0.9825625356654255, -0.18501754344446375, 0.018422055382213542]]	0.9357012193598272	0.06429878064017294	[[0.03202895367855818, 0.25954867735406223, 0.8984127125778446], [-0.1710035331890267, -0.8821566337860395, 0.2609487248783181], [0.9193849627194224, -0.1731211410039445, 0.017237539684251475]]	0.9366591402253936	0.12207601457602278	[[0.012784157043761379, 0.24579196398348394, 0.8931285286517149], [-0.16286750424194338, -0.8281453114639418, 0.25202641557921235], [0.9277291577534861, -0.16755402717038037, 0.0]]	[[-0.019277586164612677, -0.014022425425370426, -0.006203930812702251], [0.008311093218816753, 0.0549144271046048, -0.009189454647676502], [0.007402977879426032, 0.005744345998925428, -0.01725518655548872]]	0.1511064936880978	[[-0.07204559215888905, 0.2758212992394926, 0.9417128206548427], [-0.2803300858899109, -0.9267766952966368, 0.25000000000000017], [0.9417128206548427, -0.24597903785807995, 0.14409118431777831]]
9	[[0.8787972042104137, -0.3840163418041313, 0.28327887866788265], [-0.395223040501579, -0.9183905790867732, -0.018907472103605397], [0.2674214316928388, -0.09534250611366366, -0.9588511794847616]]	0.9088152816882163	0.0911847183117837	[[0.7986643286913042, -0.3489999198496, 0.25744817391287383], [-0.35918473888311586, -0.83464739283255, -0.017183399585850242], [0.24303668377339335, -0.0866487265505497, -0.871418604780522]]	0.9088152816882165	0.09118471831178371	[[0.7986643286913041, -0.34899991984959994, 0.2574481739128739], [-0.3591847388831158, -0.8346473928325502, -0.01718339958585023], [0.24303668377339338, -0.08664872655054973, -0.8714186047805221]]	[[0.0, 0.0, 0.0], [0.0, 0.0, 0.0], [0.0, 0.0, 0.0]]	0.30837395122570255	[[0.6969883618480897, -0.4928451970708873, 0.4928451970708872], [-0.5, -0.8535533905932737, -0.14644660940672619], [0.4928451970708872, -0.14435101614684248, -0.8413393779949322]]
9	[[0.04673222253661188, -0.9725397674033924, -0.22799671093185395], [-0.8377629715199755, -0.16246744520517667, 0.5213036857710898], [-0.5440306084466285, 0.16664552219444034, -0.8223502702654952]]	0.9296781303494693	0.07032186965053082	[[0.043445925274912686, -0.9041489526500935, -0.21196355594495442], [-0.7788499130387063, -0.1510424307010035, 0.48464463593195395], [-0.5057733589135458, 0.1549266975048383, -0.7645210617528063]]	0.9296781303494699	0.07032186965053029	[[0.04344592527491274, -0.904148952650094, -0.21196355594495456], [-0.778849913038707, -0.15104243070100365, 0.4846446359319543], [-0.505773358913546, 0.15492669750483837, -0.7645210617528068]]	[[0.0, 0.0, 0.0], [0.0, 0.0, 0.0], [0.0, 0.0, 0.0]]	0.12139473190602408	[[0.14409118431777831, -0.9417128206548427, -0.24597903785807979], [-0.8535533905932738, -0.2500000000000001, 0.4571067811865474], [-0.49195807571615957, 0.14409118431777815, -0.8398249671145412]]
9	[[0.8489524140446696, -0.5135124485683378, 0.12483895166604869], [0.522794976890395, 0.7815435453534784, -0.34040431673891397], [0.0772347773085365, 0.35425224329800037, 0.9319550081910795]]	0.9131495631081055	0.08685043689189462	[[0.7752205259844617, -0.4689136680607511, 0.11399663417272626], [0.47739000474257626, 0.7136661469894885, -0.3108400531102524], [0.07052690315604193, 0.3234852811976352, 0.8510143085660952]]	0.9244719027407317	0.1325273784459653	[[0.7800527473876595, -0.492381129622609, 0.06784257824620957], [0.5104319653840099, 0.6678934758538208, -0.2913441093622837], [0.026651105708804215, 0.30605210618901374, 0.8640545472931545]]	[[-0.004779906160553802, -0.017653299213585626, -0.047567524936660686], [0.027122698354849702, -0.05462157259384668, 0.023350117034498765], [-0.04475027582737521, -0.0214441392228612, 0.0024883276019930546]]	0.3568416452713515	[[0.7677793749556521, -0.4199124835572706, 0.4497547449386831], [0.573223304703363, 0.7803300858899106, -0.2499999999999999], [-0.24597903785807984, 0.44975474493868306, 0.8398249671145412]]
9	[[-0.30792515101507295, 0.09349718223056193, 0.9468053539599837], [0.3027085282091916, -0.9338174967034747, 0.1906631317268273], [0.9019698710720718, 0.34531602882779927, 0.2592434992682147]]	0.9229588723421989	0.07704112765780141	[[-0.284202250146673, 0.08629405387869249, 0.8738624018184628], [0.2793875218443222, -0.8618751437308543, 0.1759742290558246], [0.8324810950913176, 0.3187124925685918, 0.23927108774663708]]	0.9229588723421989	0.0770411276578012	[[-0.28420225014667305, 0.08629405387869252, 0.8738624018184631], [0.27938752184432214, -0.8618751437308542, 0.17597422905582463], [0.8324810950913178, 0.31871249256859185, 0.23927108774663705]]	[[0.0, 0.0, 0.0], [0.0, 0.0, 0.0], [0.0, 0.0, 0.0]]	0.2548955337880602	[[-0.49195807571615957, 0.14409118431777815, 0.8398249671145412], [0.14644660940672619, -0.9571067811865475, 0.2499999999999999], [0.8398249671145412, 0.24597903785807976, 0.4497547449386831]]
9	[[-0.8305561570912853, 0.32773595720904825, 0.4502950280316503], [-0.5100865793185324, -0.772219296347621, -0.37879947194723407], [0.22358030216652452, -0.5443036842615101, 0.808545204538665]]	0.9131075775720651	0.0868924224279349	[[-0.7583871206391872, 0.299258185970416, 0.4111678022387253], [-0.4657639207935662, -0.7051192910423809, -0.34588466821531627], [0.20415286810410554, -0.49700781859957766, 0.7382887530738103]]	0.9131075775720651	0.08689242242793509	[[-0.7583871206391868, 0.2992581859704161, 0.4111678022387254], [-0.46576392079356616, -0.7051192910423808, -0.34588466821531627], [0.20415286810410557, -0.4970078185995777, 0.7382887530738101]]	[[0.0, 0.0, 0.0], [0.0, 0.0, 0.0], [0.0, 0.0, 0.0]]	0.3653572097640137	[[-0.7007656892142128, 0.4955161708662345, 0.4955161708662344], [-0.7071067811865475, -0.5000000000000001, -0.5], [0.0, -0.7007656892142127, 0.7007656892142128]]
9	[[0.3802729664721569, 0.7767473726770865, -0.5020517802076895], [0.4287143634067757, 0.332951791095048, 0.839849450446521], [0.8195098935212374, -0.5346088512602871, -0.20639019011321075]]	0.928674444153998	0.07132555584600207	[[0.35314978576532224, 0.7213454345689716, -0.46624265792090114], [0.3981360731376226, 0.3092038195252718, 0.7799467215664638], [0.7610578948445371, -0.4964775777839546, -0.191669295082224]]	0.9286744441539982	0.07132555584600188	[[0.3531497857653224, 0.7213454345689717, -0.46624265792090136], [0.39813607313762267, 0.30920381952527193, 0.7799467215664637], [0.7610578948445375, -0.4964775777839546, -0.19166929508222397]]	[[0.0, 0.0, 0.0], [0.0, 0.0, 0.0], [0.0, 0.0, 0.0]]	0.3272317964018286	[[0.14409118431777831, 0.8398249671145411, -0.49195807571615957], [0.25000000000000017, 0.45710678118654735, 0.8535533905932738], [0.9417128206548427, -0.24597903785807995, -0.14409118431777831]]
9	[[0.22433838825039393, -0.7661379269479729, -0.6022499185961573], [-0.9416906372873723, -0.011392912655017143, -0.3362869982418849], [0.2507808429735371, 0.642575192824231, -0.724020780340167]]	0.9287368143995944	0.0712631856004057	[[0.20835132005121018, -0.7115404976643694, -0.5593316708694102], [-0.8745827626241982, -0.010581017405953418, -0.31232211547117017], [0.2329094012156877, 0.5967832375957814, -0.672424753092235]]	0.9287368143995942	0.07126318560040595	[[0.20835132005121015, -0.7115404976643692, -0.5593316708694099], [-0.8745827626241978, -0.010581017405953417, -0.31232211547117017], [0.2329094012156877, 0.5967832375957813, -0.672424753092235]]	[[0.0, 0.0, 0.0], [0.0, 0.0, 0.0], [0.0, 0.0, 0.0]]	0.2913923022207972	[[0.14487208627186182, -0.8443763972454887, -0.49462424175867514], [-0.8535533905932738, 0.14644660940672602, -0.5], [0.49462424175867514, 0.49462424175867525, -0.6995043109736272]]
9	[[0.5319609947059123, -0.8460851799387872, 0.03402011756955908], [-0.703274286200726, -0.4190807785627857, 0.5742617690636116], [-0.47161719485230363, -0.3294103357928521, -0.8179645788128509]]	0.9062134939546325	0.09378650604536755	[[0.4820702316600266, -0.7667338070955623, 0.03082948960745752], [-0.6373166481064101, -0.3797766565906097, 0.5204037641877037], [-0.4273858659561888, -0.2985160913436093, -0.7412505388971229]]	0.9062134939546325	0.09378650604536778	[[0.48207023166002655, -0.7667338070955622, 0.03082948960745752], [-0.6373166481064101, -0.37977665659060966, 0.5204037641877035], [-0.4273858659561887, -0.29851609134360924, -0.7412505388971228]]	[[0.0, 0.0, 0.0], [0.0, 0.0, 0.0], [0.0, 0.0, 0.0]]	0.28486023746290245	[[0.7007656892142128, -0.7007656892142127, 0.0], [-0.5, -0.5000000000000001, 0.7071067811865475], [-0.4955161708662344, -0.4955161708662345, -0.7007656892142128]]
9	[[0.8592155572171323, 0.2624339665249735, -0.4391776855101157], [-0.4266000482917053, 0.8413623931712975, -0.33184593135155627], [0.2824199444684594, 0.4724804086637203, 0.8348660002631537]]	0.9492498947422698	0.05075010525773032	[[0.8156102772492834, 0.24911541510062746, -0.416889371743631], [-0.40495005093794845, 0.7986631631579585, -0.31500471540611524], [0.2680871025598028, 0.4485019781918211, 0.7924964628736985]]	0.94924989474227	0.05075010525773015	[[0.8156102772492838, 0.24911541510062754, -0.4168893717436311], [-0.4049500509379485, 0.7986631631579583, -0.3150047154061153], [0.2680871025598028, 0.44850197819182125, 0.7924964628736987]]	[[0.0, 0.0, 0.0], [0.0, 0.0, 0.0], [0.0, 0.0, 0.0]]	0.19028407293796457	[[0.7677793749556521, 0.4199124835572706, -0.4497547449386831], [-0.573223304703363, 0.7803300858899106, -0.2499999999999999], [0.24597903785807984, 0.44975474493868306, 0.8398249671145412]]
